1.6000000000000001 0.5500000000000003 -611.1298126356908824
1.6000000000000001 1.2500000000000000 -610.9906241722045479
1.6000000000000001 1.9500000000000002 -610.8715973807134105
1.6000000000000001 2.6499999999999999 -610.8157328109178934
0.2000000000000002 0.9000000000000001 -611.3385953338106447
0.2000000000000002 2.2999999999999998 -611.1176918444650710
3.0000000000000000 0.9000000000000001 -610.9373081628518776
3.0000000000000000 2.2999999999999998 -610.7164046936945851
0.9000000000000001 0.2000000000000002 -611.3385953335198337
0.9000000000000001 3.0000000000000000 -610.9346310918042491
2.2999999999999998 1.6000000000000001 -610.8464022015975843
2.2999999999999998 0.2000000000000002 -611.1247791107924741
2.2999999999999998 3.0000000000000000 -610.7208148893118960
