1.0000000000000000 137.6237537725304207 137.0181455303485336
2.0000000000000000 110.0845404750658361 109.6031633320996690
3.0000000000000000 88.0564689704239925 87.6734848474547732
4.0000000000000000 70.4365196336469239 70.1315790190412400
5.0000000000000000 56.3424809274296194 56.0995167262083712
6.0000000000000000 45.0687277303653673 44.8750311978885890
7.0000000000000000 36.0508654348728896 35.8963700475734910
8.0000000000000000 28.8374574482450043 28.7141799257432275
9.0000000000000000 23.0674146299193126 22.9690167516285442
10.0000000000000000 18.4519116812612083 18.3733559032958098
