 1.6000000000000001  0.5500000000000003
 1.6000000000000001  1.2500000000000000
 1.6000000000000001  1.9500000000000002
 1.6000000000000001  2.6499999999999999
 0.2000000000000002  0.9000000000000001
 0.2000000000000002  2.2999999999999998
 3.0000000000000000  0.9000000000000001
 3.0000000000000000  2.2999999999999998
 0.9000000000000001  0.2000000000000002
 0.9000000000000001  3.0000000000000000
 2.2999999999999998  1.6000000000000001
 2.2999999999999998  0.2000000000000002
 2.2999999999999998  3.0000000000000000
