TASMANIAN SG 4.0
WARNING: do not edit this manually
localpolynomial
2 1 1 3
localp
1 2 25 0 0 0 1 0 2 0 3 0 4 0 5 0 6 0 7 0 8 1 0 1 1 1 2 1 3 1 4 2 0 2 1 2 2 2 3 2 4 3 0 3 1 3 2 4 0 4 1 4 2
1  -2.45568687878224978e+02 -2.03177880521133147e+00 6.20265843173058329e-01 -8.84796236277907155e-09 3.28839682679529233e-02 -2.23224105866393074e-09 -7.42096517569734715e-09 2.91971574537797096e-02 -1.13914211397059262e-10 -2.03177880569376157e+00 4.44441639046999626e-09 9.62938884185859933e-09 7.26214466340024956e-09 1.48651793097087648e-08 6.20265842894468733e-01 1.99656255972513463e-08 2.04661887437396217e-08 3.80688902623660397e-09 5.71625946577114519e-09 -8.96625351742841303e-09 7.26214466340024956e-09 9.00200802789186127e-09 3.06243096722482733e-02 9.73699343376210891e-09 5.75946046410535928e-09
0
0
1 0
0 4 5 6 8 10 10 10 10 10 13 14 15 15 15 18 19 20 20 20 22 22 22 24 24 24
9 14 1 2 3 4 5 6 7 8 19 10 11 12 13 22 15 16 17 18 20 21 23 24
1 25 1 -2.45568687878224978e+02 -2.47600466683436309e+02 -2.44948422035051919e+02 -2.46584577289678606e+02 -2.45225670988370496e+02 -2.47092521988789684e+02 -2.46076632591372743e+02 -2.45367982275843985e+02 -2.45087046511825122e+02 -2.47600466683918739e+02 -2.49632245484685654e+02 -2.46980200831116292e+02 -2.48616356085888015e+02 -2.47257449774384384e+02 -2.44948422035330509e+02 -2.46980200820576215e+02 -2.44328156171691262e+02 -2.45964311432994435e+02 -2.44605405129526673e+02 -2.46584577290038112e+02 -2.48616356085765091e+02 -2.45964311433048351e+02 -2.45227930647105495e+02 -2.47259709432597020e+02 -2.44607664787939882e+02
custom
2.00000000000000011e-01 3.00000000000000000e+00
2.00000000000000011e-01 3.00000000000000000e+00
TASMANIAN SG end
