TASMANIAN SG 4.0
WARNING: do not edit this manually
localpolynomial
2 1 1 3
localp
1 2 27 0 0 0 1 0 2 0 3 0 4 0 5 0 6 0 7 0 8 1 0 1 1 1 2 1 3 1 4 2 0 2 1 2 2 2 3 2 4 3 0 3 1 3 2 4 0 4 1 4 2 5 0 6 0
1  -4.59870829263273095e+02 -9.64184704816943849e-01 3.44221812198384214e-01 -1.50004098031786270e-08 3.83219267738468261e-02 -4.00700628233607858e-09 -1.25831434161227662e-08 2.52003956566682064e-02 9.29545467329262465e-04 -9.64184706257526614e-01 6.89641410644981079e-09 1.77064976014662534e-08 1.26011912016110728e-08 2.34427375289669726e-08 3.43252311040828317e-01 2.16035687117255293e-08 3.23916538036428392e-08 1.29830368678085506e-08 8.64162075231433846e-09 -1.55597490447689779e-08 1.26012480450299336e-08 1.50056678194232518e-08 3.04996082126649526e-02 2.16196553992631380e-08 8.75883188200532459e-09 -2.23218421524506994e-09 -7.66584662414970808e-09
0
0
1 0
0 4 5 6 8 10 10 10 10 10 13 14 15 15 15 18 19 20 20 20 24 24 24 26 26 26 26 26
9 14 1 2 3 4 5 6 7 8 19 10 11 12 13 22 15 16 17 18 25 26 20 21 23 24
1 27 1 -4.59870829263273095e+02 -4.60835013968090038e+02 -4.59526607451074710e+02 -4.60352921630681976e+02 -4.59660396430400056e+02 -4.60593967803393014e+02 -4.60111875459560679e+02 -4.59740412451179907e+02 -4.59592572395270054e+02 -4.60835013969530621e+02 -4.61799198667451151e+02 -4.60490792139625739e+02 -4.61317106320890105e+02 -4.60624581104361596e+02 -4.59527576952232266e+02 -4.60491761635445641e+02 -4.59183355107642228e+02 -4.60009669295856327e+02 -4.59317144094521780e+02 -4.60352921631961578e+02 -4.61317106320729067e+02 -4.60008699795904306e+02 -4.59668703499540015e+02 -4.60632888171935519e+02 -4.59324481662386972e+02 -4.60593967802978284e+02 -4.60111875455283212e+02
custom
2.00000000000000011e-01 3.00000000000000000e+00
2.00000000000000011e-01 3.00000000000000000e+00
TASMANIAN SG end
