TASMANIAN SG 4.0
WARNING: do not edit this manually
localpolynomial
2 1 1 3
localp
1 2 25 0 0 0 1 0 2 0 3 0 4 0 5 0 6 0 7 0 8 1 0 1 1 1 2 1 3 1 4 2 0 2 1 2 2 2 3 2 4 3 0 3 1 3 2 4 0 4 1 4 2
1  -3.33413639096763518e+02 -1.58478747227309213e+00 5.10447533284661858e-01 -1.15685452328762040e-08 3.85693004694758201e-02 -2.98217628369457088e-09 -9.70408109424170107e-09 3.07216601059394634e-02 2.00141083496419014e-04 -1.58478747312938140e+00 5.63051116841961630e-09 1.30190187519474421e-08 9.57916768129507545e-09 1.89057516308821505e-08 5.10279672204831058e-01 2.04769889933231752e-08 2.28351382247637957e-08 7.90257104199554306e-09 8.76690364748355933e-09 -1.18625393952243030e-08 9.57913925958564505e-09 1.16958176477055531e-08 3.37981928944373067e-02 1.52748782511480385e-08 8.86947759681788739e-09
0
0
1 0
0 4 5 6 8 10 10 10 10 10 13 14 15 15 15 18 19 20 20 20 22 22 22 24 24 24
9 14 1 2 3 4 5 6 7 8 19 10 11 12 13 22 15 16 17 18 20 21 23 24
1 25 1 -3.33413639096763518e+02 -3.34998426569036610e+02 -3.32903191563478856e+02 -3.34206032844468609e+02 -3.33119846029651683e+02 -3.34602229709734786e+02 -3.33809835980320145e+02 -3.33236020903101689e+02 -3.33011318655481773e+02 -3.34998426569892899e+02 -3.36583214036535480e+02 -3.34487979023589219e+02 -3.35790820305203567e+02 -3.34704633477365803e+02 -3.32903359424558687e+02 -3.34488146876354790e+02 -3.32392911868438887e+02 -3.33695753154122713e+02 -3.32609566337262379e+02 -3.34206032845190748e+02 -3.35790820305069474e+02 -3.33695585293700788e+02 -3.33124701067766694e+02 -3.34709488514526356e+02 -3.32614253514194957e+02
custom
2.00000000000000011e-01 3.00000000000000000e+00
2.00000000000000011e-01 3.00000000000000000e+00
TASMANIAN SG end
