TASMANIAN SG 4.0
WARNING: do not edit this manually
localpolynomial
2 1 1 3
localp
1 2 25 0 0 0 1 0 2 0 3 0 4 0 5 0 6 0 7 0 8 1 0 1 1 1 2 1 3 1 4 2 0 2 1 2 2 2 3 2 4 3 0 3 1 3 2 4 0 4 1 4 2
1  -5.04818748967625027e+02 -7.52064073240774178e-01 2.82105822367157089e-01 -1.60560489348426927e-08 3.51347794676826197e-02 -4.35119318353827111e-09 -1.34675701701780781e-08 2.12172778204262613e-02 1.26738320449248931e-03 -7.52064074665383941e-01 7.19882109478930943e-09 1.92691231859498657e-08 1.35655966460035415e-08 2.46584477281430736e-08 2.80647040660596758e-01 2.20911715587135404e-08 3.50464688381180167e-08 1.45153649100393523e-08 8.45193426357582211e-09 -1.66124323186522815e-08 1.35657103328412632e-08 1.59924127274280181e-08 2.69334264291387626e-02 2.33655441661539953e-08 8.55618509376654401e-09
0
0
1 0
0 4 5 6 8 10 10 10 10 10 13 14 15 15 15 18 19 20 20 20 22 22 22 24 24 24
9 14 1 2 3 4 5 6 7 8 19 10 11 12 13 22 15 16 17 18 20 21 23 24
1 25 1 -5.04818748967625027e+02 -5.05570813040865801e+02 -5.04536643145257869e+02 -5.05194781020301491e+02 -5.04642561276973765e+02 -5.05382797034934867e+02 -5.05006765007430772e+02 -5.04709437844478998e+02 -5.04588334827911353e+02 -5.05570813042290411e+02 -5.06322877108332364e+02 -5.05288707200654130e+02 -5.05946845077801868e+02 -5.05394625317346140e+02 -5.04538101926964430e+02 -5.05290165978114032e+02 -5.04255996069550804e+02 -5.04914133954079944e+02 -5.04361914210338000e+02 -5.05194781021570122e+02 -5.05946845077645833e+02 -5.04912675173576019e+02 -5.04651492020865589e+02 -5.05403556059695234e+02 -5.04369386172419013e+02
custom
2.00000000000000011e-01 3.00000000000000000e+00
2.00000000000000011e-01 3.00000000000000000e+00
TASMANIAN SG end
