 kgrid  ValNew  Policy 
    0.85 -58.9244 0.894122
 0.85015 -58.9121 0.894272
  0.8503 -58.8998 0.894422
 0.85045 -58.8876 0.894572
  0.8506 -58.8753 0.894722
 0.85075 -58.8631 0.894872
  0.8509 -58.8508 0.895023
0.851051 -58.8386 0.895173
0.851201 -58.8263 0.895323
0.851351 -58.8141 0.895323
0.851501 -58.8019 0.895473
0.851651 -58.7896 0.895623
0.851801 -58.7774 0.895773
0.851951 -58.7652 0.895923
0.852101  -58.753 0.896073
0.852251 -58.7408 0.896223
0.852401 -58.7286 0.896373
0.852551 -58.7164 0.896523
0.852701 -58.7042 0.896673
0.852851  -58.692 0.896823
0.853002 -58.6798 0.896823
0.853152 -58.6677 0.896973
0.853302 -58.6555 0.897124
0.853452 -58.6433 0.897274
0.853602 -58.6312 0.897424
0.853752  -58.619 0.897574
0.853902 -58.6069 0.897724
0.854052 -58.5947 0.897874
0.854202 -58.5826 0.898024
0.854352 -58.5704 0.898174
0.854502 -58.5583 0.898324
0.854652 -58.5462 0.898324
0.854802 -58.5341 0.898474
0.854952  -58.522 0.898624
0.855103 -58.5099 0.898774
0.855253 -58.4977 0.898924
0.855403 -58.4857 0.899075
0.855553 -58.4736 0.899225
0.855703 -58.4615 0.899375
0.855853 -58.4494 0.899525
0.856003 -58.4373 0.899675
0.856153 -58.4252 0.899825
0.856303 -58.4132 0.899825
0.856453 -58.4011 0.899975
0.856603  -58.389 0.900125
0.856753  -58.377 0.900275
0.856903 -58.3649 0.900425
0.857054 -58.3529 0.900575
0.857204 -58.3409 0.900725
0.857354 -58.3288 0.900875
0.857504 -58.3168 0.901026
0.857654 -58.3048 0.901176
0.857804 -58.2928 0.901326
0.857954 -58.2807 0.901476
0.858104 -58.2687 0.901476
0.858254 -58.2567 0.901626
0.858404 -58.2447 0.901776
0.858554 -58.2327 0.901926
0.858704 -58.2207 0.902076
0.858854 -58.2087 0.902226
0.859005 -58.1968 0.902376
0.859155 -58.1848 0.902526
0.859305 -58.1728 0.902676
0.859455 -58.1608 0.902826
0.859605 -58.1489 0.902976
0.859755 -58.1369 0.903127
0.859905  -58.125 0.903277
0.860055  -58.113 0.903427
0.860205 -58.1011 0.903427
0.860355 -58.0891 0.903577
0.860505 -58.0772 0.903727
0.860655 -58.0653 0.903877
0.860805 -58.0533 0.904027
0.860955 -58.0414 0.904177
0.861106 -58.0295 0.904327
0.861256 -58.0176 0.904477
0.861406 -58.0057 0.904627
0.861556 -57.9938 0.904777
0.861706 -57.9819 0.904927
0.861856   -57.97 0.905078
0.862006 -57.9581 0.905228
0.862156 -57.9462 0.905228
0.862306 -57.9343 0.905378
0.862456 -57.9224 0.905528
0.862606 -57.9106 0.905678
0.862756 -57.8987 0.905828
0.862906 -57.8868 0.905978
0.863057  -57.875 0.906128
0.863207 -57.8631 0.906278
0.863357 -57.8513 0.906428
0.863507 -57.8394 0.906578
0.863657 -57.8276 0.906728
0.863807 -57.8157 0.906878
0.863957 -57.8039 0.907029
0.864107 -57.7921 0.907179
0.864257 -57.7802 0.907329
0.864407 -57.7684 0.907329
0.864557 -57.7566 0.907479
0.864707 -57.7448 0.907629
0.864857  -57.733 0.907779
0.865008 -57.7212 0.907929
0.865158 -57.7094 0.908079
0.865308 -57.6976 0.908229
0.865458 -57.6858 0.908379
0.865608  -57.674 0.908529
0.865758 -57.6623 0.908679
0.865908 -57.6505 0.908829
0.866058 -57.6387 0.908979
0.866208 -57.6269  0.90913
0.866358 -57.6152  0.90928
0.866508 -57.6034  0.90928
0.866658 -57.5917  0.90943
0.866808 -57.5799  0.90958
0.866958 -57.5682  0.90973
0.867109 -57.5564  0.90988
0.867259 -57.5447  0.91003
0.867409  -57.533  0.91018
0.867559 -57.5213  0.91033
0.867709 -57.5095  0.91048
0.867859 -57.4978  0.91063
0.868009 -57.4861  0.91078
0.868159 -57.4744  0.91093
0.868309 -57.4627 0.911081
0.868459  -57.451 0.911231
0.868609 -57.4393 0.911231
0.868759 -57.4276 0.911381
0.868909 -57.4159 0.911531
 0.86906 -57.4042 0.911681
 0.86921 -57.3926 0.911831
 0.86936 -57.3809 0.911981
 0.86951 -57.3692 0.912131
 0.86966 -57.3576 0.912281
 0.86981 -57.3459 0.912431
 0.86996 -57.3342 0.912581
 0.87011 -57.3226 0.912731
 0.87026 -57.3109 0.912881
 0.87041 -57.2993 0.913032
 0.87056 -57.2877 0.913182
 0.87071  -57.276 0.913332
 0.87086 -57.2644 0.913332
0.871011 -57.2528 0.913482
0.871161 -57.2411 0.913632
0.871311 -57.2295 0.913782
0.871461 -57.2179 0.913932
0.871611 -57.2063 0.914082
0.871761 -57.1947 0.914232
0.871911 -57.1831 0.914382
0.872061 -57.1715 0.914532
0.872211 -57.1599 0.914682
0.872361 -57.1483 0.914832
0.872511 -57.1367 0.914982
0.872661 -57.1252 0.915133
0.872811 -57.1136 0.915283
0.872961  -57.102 0.915433
0.873112 -57.0904 0.915583
0.873262 -57.0789 0.915583
0.873412 -57.0673 0.915733
0.873562 -57.0558 0.915883
0.873712 -57.0442 0.916033
0.873862 -57.0327 0.916183
0.874012 -57.0211 0.916333
0.874162 -57.0096 0.916483
0.874312 -56.9981 0.916633
0.874462 -56.9865 0.916783
0.874612  -56.975 0.916933
0.874762 -56.9635 0.917084
0.874912  -56.952 0.917234
0.875063 -56.9404 0.917384
0.875213 -56.9289 0.917534
0.875363 -56.9174 0.917684
0.875513 -56.9059 0.917834
0.875663 -56.8944 0.917834
0.875813 -56.8829 0.917984
0.875963 -56.8715 0.918134
0.876113   -56.86 0.918284
0.876263 -56.8485 0.918434
0.876413  -56.837 0.918584
0.876563 -56.8255 0.918734
0.876713 -56.8141 0.918884
0.876863 -56.8026 0.919035
0.877014 -56.7911 0.919185
0.877164 -56.7797 0.919335
0.877314 -56.7682 0.919485
0.877464 -56.7568 0.919635
0.877614 -56.7454 0.919785
0.877764 -56.7339 0.919935
0.877914 -56.7225 0.920085
0.878064  -56.711 0.920085
0.878214 -56.6996 0.920235
0.878364 -56.6882 0.920385
0.878514 -56.6768 0.920535
0.878664 -56.6654 0.920685
0.878814  -56.654 0.920835
0.878964 -56.6425 0.920985
0.879115 -56.6311 0.921136
0.879265 -56.6197 0.921286
0.879415 -56.6083 0.921436
0.879565  -56.597 0.921586
0.879715 -56.5856 0.921736
0.879865 -56.5742 0.921886
0.880015 -56.5628 0.922036
0.880165 -56.5514 0.922186
0.880315 -56.5401 0.922336
0.880465 -56.5287 0.922336
0.880615 -56.5173 0.922486
0.880765  -56.506 0.922636
0.880915 -56.4946 0.922786
0.881066 -56.4833 0.922936
0.881216 -56.4719 0.923087
0.881366 -56.4606 0.923237
0.881516 -56.4492 0.923387
0.881666 -56.4379 0.923537
0.881816 -56.4266 0.923687
0.881966 -56.4153 0.923837
0.882116 -56.4039 0.923987
0.882266 -56.3926 0.924137
0.882416 -56.3813 0.924287
0.882566   -56.37 0.924437
0.882716 -56.3587 0.924587
0.882866 -56.3474 0.924737
0.883017 -56.3361 0.924737
0.883167 -56.3248 0.924887
0.883317 -56.3135 0.925038
0.883467 -56.3022 0.925188
0.883617 -56.2909 0.925338
0.883767 -56.2797 0.925488
0.883917 -56.2684 0.925638
0.884067 -56.2571 0.925788
0.884217 -56.2458 0.925938
0.884367 -56.2346 0.926088
0.884517 -56.2233 0.926238
0.884667 -56.2121 0.926388
0.884817 -56.2008 0.926538
0.884967 -56.1896 0.926688
0.885118 -56.1783 0.926838
0.885268 -56.1671 0.926988
0.885418 -56.1559 0.927139
0.885568 -56.1446 0.927139
0.885718 -56.1334 0.927289
0.885868 -56.1222 0.927439
0.886018  -56.111 0.927589
0.886168 -56.0997 0.927739
0.886318 -56.0885 0.927889
0.886468 -56.0773 0.928039
0.886618 -56.0661 0.928189
0.886768 -56.0549 0.928339
0.886918 -56.0437 0.928489
0.887069 -56.0325 0.928639
0.887219 -56.0213 0.928789
0.887369 -56.0102 0.928939
0.887519  -55.999  0.92909
0.887669 -55.9878  0.92924
0.887819 -55.9766  0.92939
0.887969 -55.9655  0.92954
0.888119 -55.9543  0.92954
0.888269 -55.9431  0.92969
0.888419  -55.932  0.92984
0.888569 -55.9208  0.92999
0.888719 -55.9097  0.93014
0.888869 -55.8985  0.93029
 0.88902 -55.8874  0.93044
 0.88917 -55.8762  0.93059
 0.88932 -55.8651  0.93074
 0.88947  -55.854  0.93089
 0.88962 -55.8429 0.931041
 0.88977 -55.8317 0.931191
 0.88992 -55.8206 0.931341
 0.89007 -55.8095 0.931491
 0.89022 -55.7984 0.931641
 0.89037 -55.7873 0.931791
 0.89052 -55.7762 0.931941
 0.89067 -55.7651 0.931941
 0.89082  -55.754 0.932091
 0.89097 -55.7429 0.932241
0.891121 -55.7318 0.932391
0.891271 -55.7207 0.932541
0.891421 -55.7096 0.932691
0.891571 -55.6986 0.932841
0.891721 -55.6875 0.932991
0.891871 -55.6764 0.933142
0.892021 -55.6654 0.933292
0.892171 -55.6543 0.933442
0.892321 -55.6432 0.933592
0.892471 -55.6322 0.933742
0.892621 -55.6211 0.933892
0.892771 -55.6101 0.934042
0.892921  -55.599 0.934192
0.893072  -55.588 0.934342
0.893222  -55.577 0.934492
0.893372 -55.5659 0.934492
0.893522 -55.5549 0.934642
0.893672 -55.5439 0.934792
0.893822 -55.5329 0.934942
0.893972 -55.5219 0.935093
0.894122 -55.5108 0.935243
0.894272 -55.4998 0.935393
0.894422 -55.4888 0.935543
0.894572 -55.4778 0.935693
0.894722 -55.4668 0.935843
0.894872 -55.4558 0.935993
0.895023 -55.4448 0.936143
0.895173 -55.4339 0.936293
0.895323 -55.4229 0.936443
0.895473 -55.4119 0.936593
0.895623 -55.4009 0.936743
0.895773 -55.3899 0.936893
0.895923  -55.379 0.937044
0.896073  -55.368 0.937044
0.896223 -55.3571 0.937194
0.896373 -55.3461 0.937344
0.896523 -55.3351 0.937494
0.896673 -55.3242 0.937644
0.896823 -55.3132 0.937794
0.896973 -55.3023 0.937944
0.897124 -55.2914 0.938094
0.897274 -55.2804 0.938244
0.897424 -55.2695 0.938394
0.897574 -55.2586 0.938544
0.897724 -55.2476 0.938694
0.897874 -55.2367 0.938844
0.898024 -55.2258 0.938994
0.898174 -55.2149 0.939145
0.898324  -55.204 0.939295
0.898474 -55.1931 0.939445
0.898624 -55.1822 0.939595
0.898774 -55.1713 0.939745
0.898924 -55.1604 0.939745
0.899075 -55.1495 0.939895
0.899225 -55.1386 0.940045
0.899375 -55.1277 0.940195
0.899525 -55.1168 0.940345
0.899675  -55.106 0.940495
0.899825 -55.0951 0.940645
0.899975 -55.0842 0.940795
0.900125 -55.0734 0.940945
0.900275 -55.0625 0.941096
0.900425 -55.0516 0.941246
0.900575 -55.0408 0.941396
0.900725 -55.0299 0.941546
0.900875 -55.0191 0.941696
0.901026 -55.0082 0.941846
0.901176 -54.9974 0.941996
0.901326 -54.9866 0.942146
0.901476 -54.9757 0.942296
0.901626 -54.9649 0.942446
0.901776 -54.9541 0.942596
0.901926 -54.9432 0.942596
0.902076 -54.9324 0.942746
0.902226 -54.9216 0.942896
0.902376 -54.9108 0.943047
0.902526    -54.9 0.943197
0.902676 -54.8892 0.943347
0.902826 -54.8784 0.943497
0.902976 -54.8676 0.943647
0.903127 -54.8568 0.943797
0.903277  -54.846 0.943947
0.903427 -54.8352 0.944097
0.903577 -54.8244 0.944247
0.903727 -54.8137 0.944397
0.903877 -54.8029 0.944547
0.904027 -54.7921 0.944697
0.904177 -54.7813 0.944847
0.904327 -54.7706 0.944997
0.904477 -54.7598 0.945148
0.904627 -54.7491 0.945298
0.904777 -54.7383 0.945298
0.904927 -54.7275 0.945448
0.905078 -54.7168 0.945598
0.905228 -54.7061 0.945748
0.905378 -54.6953 0.945898
0.905528 -54.6846 0.946048
0.905678 -54.6738 0.946198
0.905828 -54.6631 0.946348
0.905978 -54.6524 0.946498
0.906128 -54.6417 0.946648
0.906278 -54.6309 0.946798
0.906428 -54.6202 0.946948
0.906578 -54.6095 0.947099
0.906728 -54.5988 0.947249
0.906878 -54.5881 0.947399
0.907029 -54.5774 0.947549
0.907179 -54.5667 0.947699
0.907329  -54.556 0.947849
0.907479 -54.5453 0.947999
0.907629 -54.5346 0.947999
0.907779 -54.5239 0.948149
0.907929 -54.5133 0.948299
0.908079 -54.5026 0.948449
0.908229 -54.4919 0.948599
0.908379 -54.4812 0.948749
0.908529 -54.4706 0.948899
0.908679 -54.4599  0.94905
0.908829 -54.4492   0.9492
0.908979 -54.4386  0.94935
 0.90913 -54.4279   0.9495
 0.90928 -54.4173  0.94965
 0.90943 -54.4066   0.9498
 0.90958  -54.396  0.94995
 0.90973 -54.3854   0.9501
 0.90988 -54.3747  0.95025
 0.91003 -54.3641   0.9504
 0.91018 -54.3535  0.95055
 0.91033 -54.3428   0.9507
 0.91048 -54.3322  0.95085
 0.91063 -54.3216  0.95085
 0.91078  -54.311 0.951001
 0.91093 -54.3004 0.951151
0.911081 -54.2898 0.951301
0.911231 -54.2792 0.951451
0.911381 -54.2686 0.951601
0.911531  -54.258 0.951751
0.911681 -54.2474 0.951901
0.911831 -54.2368 0.952051
0.911981 -54.2262 0.952201
0.912131 -54.2156 0.952351
0.912281  -54.205 0.952501
0.912431 -54.1944 0.952651
0.912581 -54.1839 0.952801
0.912731 -54.1733 0.952951
0.912881 -54.1627 0.953102
0.913032 -54.1522 0.953252
0.913182 -54.1416 0.953402
0.913332 -54.1311 0.953552
0.913482 -54.1205 0.953702
0.913632   -54.11 0.953702
0.913782 -54.0994 0.953852
0.913932 -54.0889 0.954002
0.914082 -54.0783 0.954152
0.914232 -54.0678 0.954302
0.914382 -54.0573 0.954452
0.914532 -54.0467 0.954602
0.914682 -54.0362 0.954752
0.914832 -54.0257 0.954902
0.914982 -54.0152 0.955053
0.915133 -54.0046 0.955203
0.915283 -53.9941 0.955353
0.915433 -53.9836 0.955503
0.915583 -53.9731 0.955653
0.915733 -53.9626 0.955803
0.915883 -53.9521 0.955953
0.916033 -53.9416 0.956103
0.916183 -53.9311 0.956253
0.916333 -53.9206 0.956403
0.916483 -53.9102 0.956553
0.916633 -53.8997 0.956703
0.916783 -53.8892 0.956703
0.916933 -53.8787 0.956853
0.917084 -53.8682 0.957004
0.917234 -53.8578 0.957154
0.917384 -53.8473 0.957304
0.917534 -53.8368 0.957454
0.917684 -53.8264 0.957604
0.917834 -53.8159 0.957754
0.917984 -53.8055 0.957904
0.918134  -53.795 0.958054
0.918284 -53.7846 0.958204
0.918434 -53.7741 0.958354
0.918584 -53.7637 0.958504
0.918734 -53.7533 0.958654
0.918884 -53.7428 0.958804
0.919035 -53.7324 0.958954
0.919185  -53.722 0.959105
0.919335 -53.7116 0.959255
0.919485 -53.7011 0.959405
0.919635 -53.6907 0.959555
0.919785 -53.6803 0.959705
0.919935 -53.6699 0.959705
0.920085 -53.6595 0.959855
0.920235 -53.6491 0.960005
0.920385 -53.6387 0.960155
0.920535 -53.6283 0.960305
0.920685 -53.6179 0.960455
0.920835 -53.6075 0.960605
0.920985 -53.5971 0.960755
0.921136 -53.5868 0.960905
0.921286 -53.5764 0.961056
0.921436  -53.566 0.961206
0.921586 -53.5556 0.961356
0.921736 -53.5453 0.961506
0.921886 -53.5349 0.961656
0.922036 -53.5245 0.961806
0.922186 -53.5142 0.961956
0.922336 -53.5038 0.962106
0.922486 -53.4935 0.962256
0.922636 -53.4831 0.962406
0.922786 -53.4728 0.962556
0.922936 -53.4624 0.962556
0.923087 -53.4521 0.962706
0.923237 -53.4418 0.962856
0.923387 -53.4314 0.963007
0.923537 -53.4211 0.963157
0.923687 -53.4108 0.963307
0.923837 -53.4004 0.963457
0.923987 -53.3901 0.963607
0.924137 -53.3798 0.963757
0.924287 -53.3695 0.963907
0.924437 -53.3592 0.964057
0.924587 -53.3489 0.964207
0.924737 -53.3386 0.964357
0.924887 -53.3283 0.964507
0.925038  -53.318 0.964657
0.925188 -53.3077 0.964807
0.925338 -53.2974 0.964957
0.925488 -53.2871 0.965108
0.925638 -53.2768 0.965258
0.925788 -53.2665 0.965408
0.925938 -53.2563 0.965558
0.926088  -53.246 0.965708
0.926238 -53.2357 0.965708
0.926388 -53.2255 0.965858
0.926538 -53.2152 0.966008
0.926688 -53.2049 0.966158
0.926838 -53.1947 0.966308
0.926988 -53.1844 0.966458
0.927139 -53.1742 0.966608
0.927289 -53.1639 0.966758
0.927439 -53.1537 0.966908
0.927589 -53.1434 0.967059
0.927739 -53.1332 0.967209
0.927889  -53.123 0.967359
0.928039 -53.1127 0.967509
0.928189 -53.1025 0.967659
0.928339 -53.0923 0.967809
0.928489  -53.082 0.967959
0.928639 -53.0718 0.968109
0.928789 -53.0616 0.968259
0.928939 -53.0514 0.968409
 0.92909 -53.0412 0.968559
 0.92924  -53.031 0.968709
 0.92939 -53.0208 0.968709
 0.92954 -53.0106 0.968859
 0.92969 -53.0004  0.96901
 0.92984 -52.9902  0.96916
 0.92999   -52.98  0.96931
 0.93014 -52.9698  0.96946
 0.93029 -52.9596  0.96961
 0.93044 -52.9495  0.96976
 0.93059 -52.9393  0.96991
 0.93074 -52.9291  0.97006
 0.93089 -52.9189  0.97021
0.931041 -52.9088  0.97036
0.931191 -52.8986  0.97051
0.931341 -52.8884  0.97066
0.931491 -52.8783  0.97081
0.931641 -52.8681  0.97096
0.931791  -52.858 0.971111
0.931941 -52.8478 0.971261
0.932091 -52.8377 0.971411
0.932241 -52.8275 0.971561
0.932391 -52.8174 0.971561
0.932541 -52.8073 0.971711
0.932691 -52.7971 0.971861
0.932841  -52.787 0.972011
0.932991 -52.7769 0.972161
0.933142 -52.7667 0.972311
0.933292 -52.7566 0.972461
0.933442 -52.7465 0.972611
0.933592 -52.7364 0.972761
0.933742 -52.7263 0.972911
0.933892 -52.7162 0.973062
0.934042 -52.7061 0.973212
0.934192  -52.696 0.973362
0.934342 -52.6859 0.973512
0.934492 -52.6758 0.973662
0.934642 -52.6657 0.973812
0.934792 -52.6556 0.973962
0.934942 -52.6455 0.974112
0.935093 -52.6354 0.974262
0.935243 -52.6254 0.974412
0.935393 -52.6153 0.974562
0.935543 -52.6052 0.974712
0.935693 -52.5951 0.974712
0.935843 -52.5851 0.974862
0.935993  -52.575 0.975013
0.936143 -52.5649 0.975163
0.936293 -52.5549 0.975313
0.936443 -52.5448 0.975463
0.936593 -52.5348 0.975613
0.936743 -52.5247 0.975763
0.936893 -52.5147 0.975913
0.937044 -52.5046 0.976063
0.937194 -52.4946 0.976213
0.937344 -52.4846 0.976363
0.937494 -52.4745 0.976513
0.937644 -52.4645 0.976663
0.937794 -52.4545 0.976813
0.937944 -52.4445 0.976963
0.938094 -52.4344 0.977114
0.938244 -52.4244 0.977264
0.938394 -52.4144 0.977414
0.938544 -52.4044 0.977564
0.938694 -52.3944 0.977714
0.938844 -52.3844 0.977864
0.938994 -52.3744 0.977864
0.939145 -52.3644 0.978014
0.939295 -52.3544 0.978164
0.939445 -52.3444 0.978314
0.939595 -52.3344 0.978464
0.939745 -52.3244 0.978614
0.939895 -52.3144 0.978764
0.940045 -52.3045 0.978914
0.940195 -52.2945 0.979065
0.940345 -52.2845 0.979215
0.940495 -52.2745 0.979365
0.940645 -52.2646 0.979515
0.940795 -52.2546 0.979665
0.940945 -52.2446 0.979815
0.941096 -52.2347 0.979965
0.941246 -52.2247 0.980115
0.941396 -52.2148 0.980265
0.941546 -52.2048 0.980415
0.941696 -52.1949 0.980565
0.941846 -52.1849 0.980715
0.941996  -52.175 0.980865
0.942146 -52.1651 0.980865
0.942296 -52.1551 0.981016
0.942446 -52.1452 0.981166
0.942596 -52.1353 0.981316
0.942746 -52.1253 0.981466
0.942896 -52.1154 0.981616
0.943047 -52.1055 0.981766
0.943197 -52.0956 0.981916
0.943347 -52.0857 0.982066
0.943497 -52.0758 0.982216
0.943647 -52.0659 0.982366
0.943797  -52.056 0.982516
0.943947 -52.0461 0.982666
0.944097 -52.0362 0.982816
0.944247 -52.0263 0.982966
0.944397 -52.0164 0.983117
0.944547 -52.0065 0.983267
0.944697 -51.9966 0.983417
0.944847 -51.9867 0.983567
0.944997 -51.9768 0.983717
0.945148  -51.967 0.983867
0.945298 -51.9571 0.984017
0.945448 -51.9472 0.984017
0.945598 -51.9373 0.984167
0.945748 -51.9275 0.984317
0.945898 -51.9176 0.984467
0.946048 -51.9078 0.984617
0.946198 -51.8979 0.984767
0.946348 -51.8881 0.984917
0.946498 -51.8782 0.985068
0.946648 -51.8684 0.985218
0.946798 -51.8585 0.985368
0.946948 -51.8487 0.985518
0.947099 -51.8388 0.985668
0.947249  -51.829 0.985818
0.947399 -51.8192 0.985968
0.947549 -51.8093 0.986118
0.947699 -51.7995 0.986268
0.947849 -51.7897 0.986418
0.947999 -51.7799 0.986568
0.948149 -51.7701 0.986718
0.948299 -51.7603 0.986868
0.948449 -51.7504 0.987019
0.948599 -51.7406 0.987169
0.948749 -51.7308 0.987169
0.948899  -51.721 0.987319
 0.94905 -51.7112 0.987469
  0.9492 -51.7014 0.987619
 0.94935 -51.6916 0.987769
  0.9495 -51.6819 0.987919
 0.94965 -51.6721 0.988069
  0.9498 -51.6623 0.988219
 0.94995 -51.6525 0.988369
  0.9501 -51.6427 0.988519
 0.95025  -51.633 0.988669
  0.9504 -51.6232 0.988819
 0.95055 -51.6134 0.988969
  0.9507 -51.6037  0.98912
 0.95085 -51.5939  0.98927
0.951001 -51.5841  0.98942
0.951151 -51.5744  0.98957
0.951301 -51.5646  0.98972
0.951451 -51.5549  0.98987
0.951601 -51.5451  0.99002
0.951751 -51.5354  0.99017
0.951901 -51.5256  0.99032
0.952051 -51.5159  0.99032
0.952201 -51.5062  0.99047
0.952351 -51.4964  0.99062
0.952501 -51.4867  0.99077
0.952651  -51.477  0.99092
0.952801 -51.4673 0.991071
0.952951 -51.4575 0.991221
0.953102 -51.4478 0.991371
0.953252 -51.4381 0.991521
0.953402 -51.4284 0.991671
0.953552 -51.4187 0.991821
0.953702  -51.409 0.991971
0.953852 -51.3993 0.992121
0.954002 -51.3896 0.992271
0.954152 -51.3799 0.992421
0.954302 -51.3702 0.992571
0.954452 -51.3605 0.992721
0.954602 -51.3508 0.992871
0.954752 -51.3411 0.993022
0.954902 -51.3314 0.993172
0.955053 -51.3217 0.993322
0.955203 -51.3121 0.993472
0.955353 -51.3024 0.993622
0.955503 -51.2927 0.993622
0.955653 -51.2831 0.993772
0.955803 -51.2734 0.993922
0.955953 -51.2637 0.994072
0.956103 -51.2541 0.994222
0.956253 -51.2444 0.994372
0.956403 -51.2348 0.994522
0.956553 -51.2251 0.994672
0.956703 -51.2155 0.994822
0.956853 -51.2058 0.994972
0.957004 -51.1962 0.995123
0.957154 -51.1865 0.995273
0.957304 -51.1769 0.995423
0.957454 -51.1673 0.995573
0.957604 -51.1576 0.995723
0.957754  -51.148 0.995873
0.957904 -51.1384 0.996023
0.958054 -51.1288 0.996173
0.958204 -51.1191 0.996323
0.958354 -51.1095 0.996473
0.958504 -51.0999 0.996623
0.958654 -51.0903 0.996773
0.958804 -51.0807 0.996773
0.958954 -51.0711 0.996923
0.959105 -51.0615 0.997074
0.959255 -51.0519 0.997224
0.959405 -51.0423 0.997374
0.959555 -51.0327 0.997524
0.959705 -51.0231 0.997674
0.959855 -51.0135 0.997824
0.960005 -51.0039 0.997974
0.960155 -50.9944 0.998124
0.960305 -50.9848 0.998274
0.960455 -50.9752 0.998424
0.960605 -50.9656 0.998574
0.960755 -50.9561 0.998724
0.960905 -50.9465 0.998874
0.961056 -50.9369 0.999025
0.961206 -50.9274 0.999175
0.961356 -50.9178 0.999325
0.961506 -50.9083 0.999475
0.961656 -50.8987 0.999625
0.961806 -50.8892 0.999775
0.961956 -50.8796 0.999925
0.962106 -50.8701 0.999925
0.962256 -50.8605  1.00008
0.962406  -50.851  1.00023
0.962556 -50.8415  1.00038
0.962706 -50.8319  1.00053
0.962856 -50.8224  1.00068
0.963007 -50.8129  1.00083
0.963157 -50.8033  1.00098
0.963307 -50.7938  1.00113
0.963457 -50.7843  1.00128
0.963607 -50.7748  1.00143
0.963757 -50.7653  1.00158
0.963907 -50.7558  1.00173
0.964057 -50.7463  1.00188
0.964207 -50.7368  1.00203
0.964357 -50.7273  1.00218
0.964507 -50.7178  1.00233
0.964657 -50.7083  1.00248
0.964807 -50.6988  1.00263
0.964957 -50.6893  1.00278
0.965108 -50.6798  1.00293
0.965258 -50.6703  1.00308
0.965408 -50.6608  1.00323
0.965558 -50.6514  1.00323
0.965708 -50.6419  1.00338
0.965858 -50.6324  1.00353
0.966008 -50.6229  1.00368
0.966158 -50.6135  1.00383
0.966308  -50.604  1.00398
0.966458 -50.5945  1.00413
0.966608 -50.5851  1.00428
0.966758 -50.5756  1.00443
0.966908 -50.5662  1.00458
0.967059 -50.5567  1.00473
0.967209 -50.5473  1.00488
0.967359 -50.5378  1.00503
0.967509 -50.5284  1.00518
0.967659 -50.5189  1.00533
0.967809 -50.5095  1.00548
0.967959 -50.5001  1.00563
0.968109 -50.4907  1.00578
0.968259 -50.4812  1.00593
0.968409 -50.4718  1.00608
0.968559 -50.4624  1.00623
0.968709  -50.453  1.00638
0.968859 -50.4435  1.00638
 0.96901 -50.4341  1.00653
 0.96916 -50.4247  1.00668
 0.96931 -50.4153  1.00683
 0.96946 -50.4059  1.00698
 0.96961 -50.3965  1.00713
 0.96976 -50.3871  1.00728
 0.96991 -50.3777  1.00743
 0.97006 -50.3683  1.00758
 0.97021 -50.3589  1.00773
 0.97036 -50.3495  1.00788
 0.97051 -50.3401  1.00803
 0.97066 -50.3308  1.00818
 0.97081 -50.3214  1.00833
 0.97096  -50.312  1.00848
0.971111 -50.3026  1.00863
0.971261 -50.2933  1.00878
0.971411 -50.2839  1.00893
0.971561 -50.2745  1.00908
0.971711 -50.2652  1.00923
0.971861 -50.2558  1.00938
0.972011 -50.2464  1.00953
0.972161 -50.2371  1.00968
0.972311 -50.2277  1.00968
0.972461 -50.2184  1.00983
0.972611  -50.209  1.00998
0.972761 -50.1997  1.01013
0.972911 -50.1903  1.01028
0.973062  -50.181  1.01043
0.973212 -50.1717  1.01058
0.973362 -50.1623  1.01073
0.973512  -50.153  1.01088
0.973662 -50.1437  1.01103
0.973812 -50.1344  1.01118
0.973962  -50.125  1.01133
0.974112 -50.1157  1.01148
0.974262 -50.1064  1.01163
0.974412 -50.0971  1.01178
0.974562 -50.0878  1.01193
0.974712 -50.0785  1.01208
0.974862 -50.0692  1.01223
0.975013 -50.0599  1.01238
0.975163 -50.0506  1.01253
0.975313 -50.0413  1.01268
0.975463  -50.032  1.01283
0.975613 -50.0227  1.01298
0.975763 -50.0134  1.01298
0.975913 -50.0041  1.01313
0.976063 -49.9948  1.01328
0.976213 -49.9855  1.01343
0.976363 -49.9763  1.01358
0.976513  -49.967  1.01373
0.976663 -49.9577  1.01388
0.976813 -49.9484  1.01403
0.976963 -49.9392  1.01418
0.977114 -49.9299  1.01433
0.977264 -49.9206  1.01448
0.977414 -49.9114  1.01463
0.977564 -49.9021  1.01478
0.977714 -49.8929  1.01493
0.977864 -49.8836  1.01508
0.978014 -49.8744  1.01523
0.978164 -49.8651  1.01538
0.978314 -49.8559  1.01553
0.978464 -49.8467  1.01568
0.978614 -49.8374  1.01583
0.978764 -49.8282  1.01598
0.978914  -49.819  1.01613
0.979065 -49.8097  1.01613
0.979215 -49.8005  1.01628
0.979365 -49.7913  1.01643
0.979515  -49.782  1.01658
0.979665 -49.7728  1.01673
0.979815 -49.7636  1.01688
0.979965 -49.7544  1.01703
0.980115 -49.7452  1.01718
0.980265  -49.736  1.01733
0.980415 -49.7268  1.01748
0.980565 -49.7176  1.01763
0.980715 -49.7084  1.01778
0.980865 -49.6992  1.01793
0.981016   -49.69  1.01808
0.981166 -49.6808  1.01823
0.981316 -49.6716  1.01838
0.981466 -49.6624  1.01853
0.981616 -49.6532  1.01868
0.981766 -49.6441  1.01883
0.981916 -49.6349  1.01898
0.982066 -49.6257  1.01913
0.982216 -49.6165  1.01928
0.982366 -49.6074  1.01943
0.982516 -49.5982  1.01943
0.982666  -49.589  1.01958
0.982816 -49.5799  1.01973
0.982966 -49.5707  1.01988
0.983117 -49.5616  1.02004
0.983267 -49.5524  1.02019
0.983417 -49.5433  1.02034
0.983567 -49.5341  1.02049
0.983717  -49.525  1.02064
0.983867 -49.5158  1.02079
0.984017 -49.5067  1.02094
0.984167 -49.4975  1.02109
0.984317 -49.4884  1.02124
0.984467 -49.4793  1.02139
0.984617 -49.4701  1.02154
0.984767  -49.461  1.02169
0.984917 -49.4519  1.02184
0.985068 -49.4428  1.02199
0.985218 -49.4337  1.02214
0.985368 -49.4245  1.02229
0.985518 -49.4154  1.02244
0.985668 -49.4063  1.02259
0.985818 -49.3972  1.02259
0.985968 -49.3881  1.02274
0.986118  -49.379  1.02289
0.986268 -49.3699  1.02304
0.986418 -49.3608  1.02319
0.986568 -49.3517  1.02334
0.986718 -49.3426  1.02349
0.986868 -49.3335  1.02364
0.987019 -49.3244  1.02379
0.987169 -49.3153  1.02394
0.987319 -49.3063  1.02409
0.987469 -49.2972  1.02424
0.987619 -49.2881  1.02439
0.987769  -49.279  1.02454
0.987919   -49.27  1.02469
0.988069 -49.2609  1.02484
0.988219 -49.2518  1.02499
0.988369 -49.2428  1.02514
0.988519 -49.2337  1.02529
0.988669 -49.2247  1.02544
0.988819 -49.2156  1.02559
0.988969 -49.2065  1.02574
 0.98912 -49.1975  1.02589
 0.98927 -49.1884  1.02589
 0.98942 -49.1794  1.02604
 0.98957 -49.1704  1.02619
 0.98972 -49.1613  1.02634
 0.98987 -49.1523  1.02649
 0.99002 -49.1432  1.02664
 0.99017 -49.1342  1.02679
 0.99032 -49.1252  1.02694
 0.99047 -49.1162  1.02709
 0.99062 -49.1071  1.02724
 0.99077 -49.0981  1.02739
 0.99092 -49.0891  1.02754
0.991071 -49.0801  1.02769
0.991221 -49.0711  1.02784
0.991371 -49.0621  1.02799
0.991521 -49.0531  1.02814
0.991671  -49.044  1.02829
0.991821  -49.035  1.02844
0.991971  -49.026  1.02859
0.992121  -49.017  1.02874
0.992271 -49.0081  1.02889
0.992421 -48.9991  1.02904
0.992571 -48.9901  1.02919
0.992721 -48.9811  1.02919
0.992871 -48.9721  1.02934
0.993022 -48.9631  1.02949
0.993172 -48.9541  1.02964
0.993322 -48.9452  1.02979
0.993472 -48.9362  1.02994
0.993622 -48.9272  1.03009
0.993772 -48.9182  1.03024
0.993922 -48.9093  1.03039
0.994072 -48.9003  1.03054
0.994222 -48.8914  1.03069
0.994372 -48.8824  1.03084
0.994522 -48.8734  1.03099
0.994672 -48.8645  1.03114
0.994822 -48.8555  1.03129
0.994972 -48.8466  1.03144
0.995123 -48.8376  1.03159
0.995273 -48.8287  1.03174
0.995423 -48.8198  1.03189
0.995573 -48.8108  1.03204
0.995723 -48.8019  1.03219
0.995873  -48.793  1.03234
0.996023  -48.784  1.03234
0.996173 -48.7751  1.03249
0.996323 -48.7662  1.03264
0.996473 -48.7573  1.03279
0.996623 -48.7483  1.03294
0.996773 -48.7394  1.03309
0.996923 -48.7305  1.03324
0.997074 -48.7216  1.03339
0.997224 -48.7127  1.03354
0.997374 -48.7038  1.03369
0.997524 -48.6949  1.03384
0.997674  -48.686  1.03399
0.997824 -48.6771  1.03414
0.997974 -48.6682  1.03429
0.998124 -48.6593  1.03444
0.998274 -48.6504  1.03459
0.998424 -48.6415  1.03474
0.998574 -48.6326  1.03489
0.998724 -48.6237  1.03504
0.998874 -48.6148  1.03519
0.999025  -48.606  1.03534
0.999175 -48.5971  1.03549
0.999325 -48.5882  1.03564
0.999475 -48.5793  1.03564
0.999625 -48.5705  1.03579
0.999775 -48.5616  1.03594
0.999925 -48.5528  1.03609
 1.00008 -48.5439  1.03624
 1.00023  -48.535  1.03639
 1.00038 -48.5262  1.03654
 1.00053 -48.5173  1.03669
 1.00068 -48.5085  1.03684
 1.00083 -48.4996  1.03699
 1.00098 -48.4908  1.03714
 1.00113 -48.4819  1.03729
 1.00128 -48.4731  1.03744
 1.00143 -48.4643  1.03759
 1.00158 -48.4554  1.03774
 1.00173 -48.4466  1.03789
 1.00188 -48.4378  1.03804
 1.00203 -48.4289  1.03819
 1.00218 -48.4201  1.03834
 1.00233 -48.4113  1.03849
 1.00248 -48.4025  1.03864
 1.00263 -48.3937  1.03879
 1.00278 -48.3848  1.03879
 1.00293  -48.376  1.03894
 1.00308 -48.3672  1.03909
 1.00323 -48.3584  1.03924
 1.00338 -48.3496  1.03939
 1.00353 -48.3408  1.03954
 1.00368  -48.332  1.03969
 1.00383 -48.3232  1.03984
 1.00398 -48.3144  1.03999
 1.00413 -48.3056  1.04015
 1.00428 -48.2968   1.0403
 1.00443  -48.288  1.04045
 1.00458 -48.2793   1.0406
 1.00473 -48.2705  1.04075
 1.00488 -48.2617   1.0409
 1.00503 -48.2529  1.04105
 1.00518 -48.2441   1.0412
 1.00533 -48.2354  1.04135
 1.00548 -48.2266   1.0415
 1.00563 -48.2178  1.04165
 1.00578 -48.2091   1.0418
 1.00593 -48.2003  1.04195
 1.00608 -48.1916   1.0421
 1.00623 -48.1828   1.0421
 1.00638  -48.174  1.04225
 1.00653 -48.1653   1.0424
 1.00668 -48.1565  1.04255
 1.00683 -48.1478   1.0427
 1.00698 -48.1391  1.04285
 1.00713 -48.1303    1.043
 1.00728 -48.1216  1.04315
 1.00743 -48.1128   1.0433
 1.00758 -48.1041  1.04345
 1.00773 -48.0954   1.0436
 1.00788 -48.0866  1.04375
 1.00803 -48.0779   1.0439
 1.00818 -48.0692  1.04405
 1.00833 -48.0605   1.0442
 1.00848 -48.0517  1.04435
 1.00863  -48.043   1.0445
 1.00878 -48.0343  1.04465
 1.00893 -48.0256   1.0448
 1.00908 -48.0169  1.04495
 1.00923 -48.0082   1.0451
 1.00938 -47.9995  1.04525
 1.00953 -47.9908  1.04525
 1.00968 -47.9821   1.0454
 1.00983 -47.9734  1.04555
 1.00998 -47.9647   1.0457
 1.01013  -47.956  1.04585
 1.01028 -47.9473    1.046
 1.01043 -47.9386  1.04615
 1.01058 -47.9299   1.0463
 1.01073 -47.9213  1.04645
 1.01088 -47.9126   1.0466
 1.01103 -47.9039  1.04675
 1.01118 -47.8952   1.0469
 1.01133 -47.8866  1.04705
 1.01148 -47.8779   1.0472
 1.01163 -47.8692  1.04735
 1.01178 -47.8606   1.0475
 1.01193 -47.8519  1.04765
 1.01208 -47.8432   1.0478
 1.01223 -47.8346  1.04795
 1.01238 -47.8259   1.0481
 1.01253 -47.8173  1.04825
 1.01268 -47.8086   1.0484
 1.01283    -47.8  1.04855
 1.01298 -47.7913  1.04855
 1.01313 -47.7827   1.0487
 1.01328 -47.7741  1.04885
 1.01343 -47.7654    1.049
 1.01358 -47.7568  1.04915
 1.01373 -47.7482   1.0493
 1.01388 -47.7395  1.04945
 1.01403 -47.7309   1.0496
 1.01418 -47.7223  1.04975
 1.01433 -47.7136   1.0499
 1.01448  -47.705  1.05005
 1.01463 -47.6964   1.0502
 1.01478 -47.6878  1.05035
 1.01493 -47.6792   1.0505
 1.01508 -47.6706  1.05065
 1.01523  -47.662   1.0508
 1.01538 -47.6534  1.05095
 1.01553 -47.6448   1.0511
 1.01568 -47.6362  1.05125
 1.01583 -47.6276   1.0514
 1.01598  -47.619  1.05155
 1.01613 -47.6104  1.05155
 1.01628 -47.6018   1.0517
 1.01643 -47.5932  1.05185
 1.01658 -47.5846    1.052
 1.01673  -47.576  1.05215
 1.01688 -47.5674   1.0523
 1.01703 -47.5589  1.05245
 1.01718 -47.5503   1.0526
 1.01733 -47.5417  1.05275
 1.01748 -47.5331   1.0529
 1.01763 -47.5246  1.05305
 1.01778  -47.516   1.0532
 1.01793 -47.5075  1.05335
 1.01808 -47.4989   1.0535
 1.01823 -47.4903  1.05365
 1.01838 -47.4818   1.0538
 1.01853 -47.4732  1.05395
 1.01868 -47.4647   1.0541
 1.01883 -47.4561  1.05425
 1.01898 -47.4476   1.0544
 1.01913  -47.439  1.05455
 1.01928 -47.4305   1.0547
 1.01943  -47.422  1.05485
 1.01958 -47.4134  1.05485
 1.01973 -47.4049    1.055
 1.01988 -47.3963  1.05515
 1.02004 -47.3878   1.0553
 1.02019 -47.3793  1.05545
 1.02034 -47.3708   1.0556
 1.02049 -47.3622  1.05575
 1.02064 -47.3537   1.0559
 1.02079 -47.3452  1.05605
 1.02094 -47.3367   1.0562
 1.02109 -47.3282  1.05635
 1.02124 -47.3197   1.0565
 1.02139 -47.3112  1.05665
 1.02154 -47.3027   1.0568
 1.02169 -47.2942  1.05695
 1.02184 -47.2857   1.0571
 1.02199 -47.2772  1.05725
 1.02214 -47.2687   1.0574
 1.02229 -47.2602  1.05755
 1.02244 -47.2517   1.0577
 1.02259 -47.2432  1.05785
 1.02274 -47.2347    1.058
 1.02289 -47.2262    1.058
 1.02304 -47.2177  1.05815
 1.02319 -47.2093   1.0583
 1.02334 -47.2008  1.05845
 1.02349 -47.1923   1.0586
 1.02364 -47.1838  1.05875
 1.02379 -47.1754   1.0589
 1.02394 -47.1669  1.05905
 1.02409 -47.1584   1.0592
 1.02424   -47.15  1.05935
 1.02439 -47.1415   1.0595
 1.02454 -47.1331  1.05965
 1.02469 -47.1246   1.0598
 1.02484 -47.1162  1.05995
 1.02499 -47.1077  1.06011
 1.02514 -47.0993  1.06026
 1.02529 -47.0908  1.06041
 1.02544 -47.0824  1.06056
 1.02559 -47.0739  1.06071
 1.02574 -47.0655  1.06086
 1.02589 -47.0571  1.06101
 1.02604 -47.0486  1.06101
 1.02619 -47.0402  1.06116
 1.02634 -47.0318  1.06131
 1.02649 -47.0233  1.06146
 1.02664 -47.0149  1.06161
 1.02679 -47.0065  1.06176
 1.02694 -46.9981  1.06191
 1.02709 -46.9897  1.06206
 1.02724 -46.9813  1.06221
 1.02739 -46.9728  1.06236
 1.02754 -46.9644  1.06251
 1.02769  -46.956  1.06266
 1.02784 -46.9476  1.06281
 1.02799 -46.9392  1.06296
 1.02814 -46.9308  1.06311
 1.02829 -46.9224  1.06326
 1.02844  -46.914  1.06341
 1.02859 -46.9056  1.06356
 1.02874 -46.8972  1.06371
 1.02889 -46.8889  1.06386
 1.02904 -46.8805  1.06401
 1.02919 -46.8721  1.06416
 1.02934 -46.8637  1.06416
 1.02949 -46.8553  1.06431
 1.02964  -46.847  1.06446
 1.02979 -46.8386  1.06461
 1.02994 -46.8302  1.06476
 1.03009 -46.8218  1.06491
 1.03024 -46.8135  1.06506
 1.03039 -46.8051  1.06521
 1.03054 -46.7968  1.06536
 1.03069 -46.7884  1.06551
 1.03084   -46.78  1.06566
 1.03099 -46.7717  1.06581
 1.03114 -46.7633  1.06596
 1.03129  -46.755  1.06611
 1.03144 -46.7466  1.06626
 1.03159 -46.7383  1.06641
 1.03174   -46.73  1.06656
 1.03189 -46.7216  1.06671
 1.03204 -46.7133  1.06686
 1.03219 -46.7049  1.06701
 1.03234 -46.6966  1.06716
 1.03249 -46.6883  1.06716
 1.03264   -46.68  1.06731
 1.03279 -46.6716  1.06746
 1.03294 -46.6633  1.06761
 1.03309  -46.655  1.06776
 1.03324 -46.6467  1.06791
 1.03339 -46.6384  1.06806
 1.03354   -46.63  1.06821
 1.03369 -46.6217  1.06836
 1.03384 -46.6134  1.06851
 1.03399 -46.6051  1.06866
 1.03414 -46.5968  1.06881
 1.03429 -46.5885  1.06896
 1.03444 -46.5802  1.06911
 1.03459 -46.5719  1.06926
 1.03474 -46.5636  1.06941
 1.03489 -46.5553  1.06956
 1.03504  -46.547  1.06971
 1.03519 -46.5387  1.06986
 1.03534 -46.5305  1.07001
 1.03549 -46.5222  1.07001
 1.03564 -46.5139  1.07016
 1.03579 -46.5056  1.07031
 1.03594 -46.4973  1.07046
 1.03609 -46.4891  1.07061
 1.03624 -46.4808  1.07076
 1.03639 -46.4725  1.07091
 1.03654 -46.4643  1.07106
 1.03669  -46.456  1.07121
 1.03684 -46.4477  1.07136
 1.03699 -46.4395  1.07151
 1.03714 -46.4312  1.07166
 1.03729  -46.423  1.07181
 1.03744 -46.4147  1.07196
 1.03759 -46.4065  1.07211
 1.03774 -46.3982  1.07226
 1.03789   -46.39  1.07241
 1.03804 -46.3817  1.07256
 1.03819 -46.3735  1.07271
 1.03834 -46.3653  1.07286
 1.03849  -46.357  1.07301
 1.03864 -46.3488  1.07301
 1.03879 -46.3406  1.07316
 1.03894 -46.3323  1.07331
 1.03909 -46.3241  1.07346
 1.03924 -46.3159  1.07361
 1.03939 -46.3077  1.07376
 1.03954 -46.2994  1.07391
 1.03969 -46.2912  1.07406
 1.03984  -46.283  1.07421
 1.03999 -46.2748  1.07436
 1.04015 -46.2666  1.07451
  1.0403 -46.2584  1.07466
 1.04045 -46.2502  1.07481
  1.0406  -46.242  1.07496
 1.04075 -46.2338  1.07511
  1.0409 -46.2256  1.07526
 1.04105 -46.2174  1.07541
  1.0412 -46.2092  1.07556
 1.04135  -46.201  1.07571
  1.0415 -46.1928  1.07586
 1.04165 -46.1846  1.07586
  1.0418 -46.1764  1.07601
 1.04195 -46.1683  1.07616
  1.0421 -46.1601  1.07631
 1.04225 -46.1519  1.07646
  1.0424 -46.1437  1.07661
 1.04255 -46.1356  1.07676
  1.0427 -46.1274  1.07691
 1.04285 -46.1192  1.07706
   1.043 -46.1111  1.07721
 1.04315 -46.1029  1.07736
  1.0433 -46.0947  1.07751
 1.04345 -46.0866  1.07766
  1.0436 -46.0784  1.07781
 1.04375 -46.0703  1.07796
  1.0439 -46.0621  1.07811
 1.04405  -46.054  1.07826
  1.0442 -46.0458  1.07841
 1.04435 -46.0377  1.07856
  1.0445 -46.0295  1.07871
 1.04465 -46.0214  1.07886
  1.0448 -46.0133  1.07886
 1.04495 -46.0051  1.07901
  1.0451  -45.997  1.07916
 1.04525 -45.9889  1.07931
  1.0454 -45.9807  1.07946
 1.04555 -45.9726  1.07961
  1.0457 -45.9645  1.07976
 1.04585 -45.9564  1.07991
   1.046 -45.9482  1.08007
 1.04615 -45.9401  1.08022
  1.0463  -45.932  1.08037
 1.04645 -45.9239  1.08052
  1.0466 -45.9158  1.08067
 1.04675 -45.9077  1.08082
  1.0469 -45.8996  1.08097
 1.04705 -45.8915  1.08112
  1.0472 -45.8834  1.08127
 1.04735 -45.8753  1.08142
  1.0475 -45.8672  1.08157
 1.04765 -45.8591  1.08157
  1.0478  -45.851  1.08172
 1.04795 -45.8429  1.08187
  1.0481 -45.8348  1.08202
 1.04825 -45.8268  1.08217
  1.0484 -45.8187  1.08232
 1.04855 -45.8106  1.08247
  1.0487 -45.8025  1.08262
 1.04885 -45.7944  1.08277
   1.049 -45.7864  1.08292
 1.04915 -45.7783  1.08307
  1.0493 -45.7702  1.08322
 1.04945 -45.7622  1.08337
  1.0496 -45.7541  1.08352
 1.04975  -45.746  1.08367
  1.0499  -45.738  1.08382
 1.05005 -45.7299  1.08397
  1.0502 -45.7219  1.08412
 1.05035 -45.7138  1.08427
  1.0505 -45.7058  1.08442
 1.05065 -45.6977  1.08442
  1.0508 -45.6897  1.08457
 1.05095 -45.6816  1.08472
  1.0511 -45.6736  1.08487
 1.05125 -45.6656  1.08502
  1.0514 -45.6575  1.08517
 1.05155 -45.6495  1.08532
  1.0517 -45.6415  1.08547
 1.05185 -45.6334  1.08562
   1.052 -45.6254  1.08577
 1.05215 -45.6174  1.08592
  1.0523 -45.6094  1.08607
 1.05245 -45.6014  1.08622
  1.0526 -45.5933  1.08637
 1.05275 -45.5853  1.08652
  1.0529 -45.5773  1.08667
 1.05305 -45.5693  1.08682
  1.0532 -45.5613  1.08697
 1.05335 -45.5533  1.08712
  1.0535 -45.5453  1.08712
 1.05365 -45.5373  1.08727
  1.0538 -45.5293  1.08742
 1.05395 -45.5213  1.08757
  1.0541 -45.5133  1.08772
 1.05425 -45.5053  1.08787
  1.0544 -45.4973  1.08802
 1.05455 -45.4893  1.08817
  1.0547 -45.4813  1.08832
 1.05485 -45.4734  1.08847
   1.055 -45.4654  1.08862
 1.05515 -45.4574  1.08877
  1.0553 -45.4494  1.08892
 1.05545 -45.4415  1.08907
  1.0556 -45.4335  1.08922
 1.05575 -45.4255  1.08937
  1.0559 -45.4176  1.08952
 1.05605 -45.4096  1.08967
  1.0562 -45.4016  1.08967
 1.05635 -45.3937  1.08982
  1.0565 -45.3857  1.08997
 1.05665 -45.3778  1.09012
  1.0568 -45.3698  1.09027
 1.05695 -45.3619  1.09042
  1.0571 -45.3539  1.09057
 1.05725  -45.346  1.09072
  1.0574  -45.338  1.09087
 1.05755 -45.3301  1.09102
  1.0577 -45.3222  1.09117
 1.05785 -45.3142  1.09132
   1.058 -45.3063  1.09147
 1.05815 -45.2984  1.09162
  1.0583 -45.2904  1.09177
 1.05845 -45.2825  1.09192
  1.0586 -45.2746  1.09207
 1.05875 -45.2667  1.09222
  1.0589 -45.2587  1.09222
 1.05905 -45.2508  1.09237
  1.0592 -45.2429  1.09252
 1.05935  -45.235  1.09267
  1.0595 -45.2271  1.09282
 1.05965 -45.2192  1.09297
  1.0598 -45.2113  1.09312
 1.05995 -45.2034  1.09327
 1.06011 -45.1955  1.09342
 1.06026 -45.1876  1.09357
 1.06041 -45.1797  1.09372
 1.06056 -45.1718  1.09387
 1.06071 -45.1639  1.09402
 1.06086  -45.156  1.09417
 1.06101 -45.1481  1.09432
 1.06116 -45.1402  1.09447
 1.06131 -45.1323  1.09462
 1.06146 -45.1245  1.09462
 1.06161 -45.1166  1.09477
 1.06176 -45.1087  1.09492
 1.06191 -45.1008  1.09507
 1.06206  -45.093  1.09522
 1.06221 -45.0851  1.09537
 1.06236 -45.0772  1.09552
 1.06251 -45.0694  1.09567
 1.06266 -45.0615  1.09582
 1.06281 -45.0537  1.09597
 1.06296 -45.0458  1.09612
 1.06311 -45.0379  1.09627
 1.06326 -45.0301  1.09642
 1.06341 -45.0222  1.09657
 1.06356 -45.0144  1.09672
 1.06371 -45.0065  1.09687
 1.06386 -44.9987  1.09702
 1.06401 -44.9909  1.09702
 1.06416  -44.983  1.09717
 1.06431 -44.9752  1.09732
 1.06446 -44.9674  1.09747
 1.06461 -44.9595  1.09762
 1.06476 -44.9517  1.09777
 1.06491 -44.9439  1.09792
 1.06506 -44.9361  1.09807
 1.06521 -44.9282  1.09822
 1.06536 -44.9204  1.09837
 1.06551 -44.9126  1.09852
 1.06566 -44.9048  1.09867
 1.06581  -44.897  1.09882
 1.06596 -44.8892  1.09897
 1.06611 -44.8814  1.09897
 1.06626 -44.8736  1.09912
 1.06641 -44.8658  1.09927
 1.06656  -44.858  1.09942
 1.06671 -44.8502  1.09957
 1.06686 -44.8424  1.09972
 1.06701 -44.8346  1.09987
 1.06716 -44.8268  1.10003
 1.06731  -44.819  1.10018
 1.06746 -44.8112  1.10033
 1.06761 -44.8034  1.10048
 1.06776 -44.7957  1.10063
 1.06791 -44.7879  1.10078
 1.06806 -44.7801  1.10093
 1.06821 -44.7723  1.10093
 1.06836 -44.7646  1.10108
 1.06851 -44.7568  1.10123
 1.06866  -44.749  1.10138
 1.06881 -44.7413  1.10153
 1.06896 -44.7335  1.10168
 1.06911 -44.7258  1.10183
 1.06926  -44.718  1.10198
 1.06941 -44.7103  1.10213
 1.06956 -44.7025  1.10228
 1.06971 -44.6948  1.10243
 1.06986  -44.687  1.10258
 1.07001 -44.6793  1.10273
 1.07016 -44.6715  1.10288
 1.07031 -44.6638  1.10303
 1.07046 -44.6561  1.10303
 1.07061 -44.6483  1.10318
 1.07076 -44.6406  1.10333
 1.07091 -44.6329  1.10348
 1.07106 -44.6252  1.10363
 1.07121 -44.6174  1.10378
 1.07136 -44.6097  1.10393
 1.07151  -44.602  1.10408
 1.07166 -44.5943  1.10423
 1.07181 -44.5866  1.10438
 1.07196 -44.5789  1.10453
 1.07211 -44.5711  1.10468
 1.07226 -44.5634  1.10483
 1.07241 -44.5557  1.10483
 1.07256  -44.548  1.10498
 1.07271 -44.5403  1.10513
 1.07286 -44.5326  1.10528
 1.07301 -44.5249  1.10543
 1.07316 -44.5173  1.10558
 1.07331 -44.5096  1.10573
 1.07346 -44.5019  1.10588
 1.07361 -44.4942  1.10603
 1.07376 -44.4865  1.10618
 1.07391 -44.4788  1.10633
 1.07406 -44.4712  1.10648
 1.07421 -44.4635  1.10663
 1.07436 -44.4558  1.10678
 1.07451 -44.4481  1.10678
 1.07466 -44.4405  1.10693
 1.07481 -44.4328  1.10708
 1.07496 -44.4251  1.10723
 1.07511 -44.4175  1.10738
 1.07526 -44.4098  1.10753
 1.07541 -44.4022  1.10768
 1.07556 -44.3945  1.10783
 1.07571 -44.3869  1.10798
 1.07586 -44.3792  1.10813
 1.07601 -44.3716  1.10828
 1.07616 -44.3639  1.10843
 1.07631 -44.3563  1.10858
 1.07646 -44.3487  1.10873
 1.07661  -44.341  1.10873
 1.07676 -44.3334  1.10888
 1.07691 -44.3258  1.10903
 1.07706 -44.3181  1.10918
 1.07721 -44.3105  1.10933
 1.07736 -44.3029  1.10948
 1.07751 -44.2953  1.10963
 1.07766 -44.2876  1.10978
 1.07781   -44.28  1.10993
 1.07796 -44.2724  1.11008
 1.07811 -44.2648  1.11023
 1.07826 -44.2572  1.11038
 1.07841 -44.2496  1.11053
 1.07856  -44.242  1.11053
 1.07871 -44.2344  1.11068
 1.07886 -44.2268  1.11083
 1.07901 -44.2192  1.11098
 1.07916 -44.2116  1.11113
 1.07931  -44.204  1.11128
 1.07946 -44.1964  1.11143
 1.07961 -44.1888  1.11158
 1.07976 -44.1812  1.11173
 1.07991 -44.1736  1.11188
 1.08007 -44.1661  1.11203
 1.08022 -44.1585  1.11218
 1.08037 -44.1509  1.11233
 1.08052 -44.1433  1.11233
 1.08067 -44.1358  1.11248
 1.08082 -44.1282  1.11263
 1.08097 -44.1206  1.11278
 1.08112 -44.1131  1.11293
 1.08127 -44.1055  1.11308
 1.08142  -44.098  1.11323
 1.08157 -44.0904  1.11338
 1.08172 -44.0828  1.11353
 1.08187 -44.0753  1.11368
 1.08202 -44.0677  1.11383
 1.08217 -44.0602  1.11398
 1.08232 -44.0527  1.11413
 1.08247 -44.0451  1.11413
 1.08262 -44.0376  1.11428
 1.08277   -44.03  1.11443
 1.08292 -44.0225  1.11458
 1.08307  -44.015  1.11473
 1.08322 -44.0074  1.11488
 1.08337 -43.9999  1.11503
 1.08352 -43.9924  1.11518
 1.08367 -43.9849  1.11533
 1.08382 -43.9774  1.11548
 1.08397 -43.9698  1.11563
 1.08412 -43.9623  1.11578
 1.08427 -43.9548  1.11593
 1.08442 -43.9473  1.11593
 1.08457 -43.9398  1.11608
 1.08472 -43.9323  1.11623
 1.08487 -43.9248  1.11638
 1.08502 -43.9173  1.11653
 1.08517 -43.9098  1.11668
 1.08532 -43.9023  1.11683
 1.08547 -43.8948  1.11698
 1.08562 -43.8873  1.11713
 1.08577 -43.8798  1.11728
 1.08592 -43.8723  1.11743
 1.08607 -43.8649  1.11758
 1.08622 -43.8574  1.11758
 1.08637 -43.8499  1.11773
 1.08652 -43.8424  1.11788
 1.08667 -43.8349  1.11803
 1.08682 -43.8275  1.11818
 1.08697   -43.82  1.11833
 1.08712 -43.8125  1.11848
 1.08727 -43.8051  1.11863
 1.08742 -43.7976  1.11878
 1.08757 -43.7902  1.11893
 1.08772 -43.7827  1.11908
 1.08787 -43.7753  1.11908
 1.08802 -43.7678  1.11923
 1.08817 -43.7604  1.11938
 1.08832 -43.7529  1.11953
 1.08847 -43.7455  1.11968
 1.08862  -43.738  1.11983
 1.08877 -43.7306  1.11998
 1.08892 -43.7232  1.12014
 1.08907 -43.7157  1.12029
 1.08922 -43.7083  1.12044
 1.08937 -43.7009  1.12059
 1.08952 -43.6935  1.12059
 1.08967  -43.686  1.12074
 1.08982 -43.6786  1.12089
 1.08997 -43.6712  1.12104
 1.09012 -43.6638  1.12119
 1.09027 -43.6564  1.12134
 1.09042  -43.649  1.12149
 1.09057 -43.6416  1.12164
 1.09072 -43.6342  1.12179
 1.09087 -43.6268  1.12194
 1.09102 -43.6194  1.12209
 1.09117  -43.612  1.12209
 1.09132 -43.6046  1.12224
 1.09147 -43.5972  1.12239
 1.09162 -43.5898  1.12254
 1.09177 -43.5824  1.12269
 1.09192  -43.575  1.12284
 1.09207 -43.5676  1.12299
 1.09222 -43.5603  1.12314
 1.09237 -43.5529  1.12329
 1.09252 -43.5455  1.12329
 1.09267 -43.5381  1.12344
 1.09282 -43.5308  1.12359
 1.09297 -43.5234  1.12374
 1.09312  -43.516  1.12389
 1.09327 -43.5087  1.12404
 1.09342 -43.5013  1.12419
 1.09357  -43.494  1.12434
 1.09372 -43.4866  1.12449
 1.09387 -43.4793  1.12464
 1.09402 -43.4719  1.12464
 1.09417 -43.4646  1.12479
 1.09432 -43.4572  1.12494
 1.09447 -43.4499  1.12509
 1.09462 -43.4426  1.12524
 1.09477 -43.4352  1.12539
 1.09492 -43.4279  1.12554
 1.09507 -43.4206  1.12569
 1.09522 -43.4132  1.12584
 1.09537 -43.4059  1.12599
 1.09552 -43.3986  1.12599
 1.09567 -43.3913  1.12614
 1.09582  -43.384  1.12629
 1.09597 -43.3767  1.12644
 1.09612 -43.3694  1.12659
 1.09627 -43.3621  1.12659
 1.09642 -43.3548  1.12674
 1.09657 -43.3475  1.12689
 1.09672 -43.3402  1.12704
 1.09687 -43.3329  1.12719
 1.09702 -43.3256  1.12719
 1.09717 -43.3183  1.12734
 1.09732  -43.311  1.12749
 1.09747 -43.3038  1.12764
 1.09762 -43.2965  1.12779
 1.09777 -43.2892  1.12794
 1.09792  -43.282  1.12794
 1.09807 -43.2747  1.12809
 1.09822 -43.2675  1.12824
 1.09837 -43.2602  1.12839
 1.09852  -43.253  1.12854
 1.09867 -43.2457  1.12854
 1.09882 -43.2385  1.12869
 1.09897 -43.2312  1.12884
 1.09912  -43.224  1.12899
 1.09927 -43.2168  1.12914
 1.09942 -43.2095  1.12929
 1.09957 -43.2023  1.12929
 1.09972 -43.1951  1.12944
 1.09987 -43.1879  1.12959
 1.10003 -43.1807  1.12974
 1.10018 -43.1735  1.12989
 1.10033 -43.1663  1.12989
 1.10048 -43.1591  1.13004
 1.10063 -43.1519  1.13019
 1.10078 -43.1447  1.13034
 1.10093 -43.1375  1.13049
 1.10108 -43.1303  1.13049
 1.10123 -43.1231  1.13064
 1.10138 -43.1159  1.13079
 1.10153 -43.1087  1.13094
 1.10168 -43.1016  1.13109
 1.10183 -43.0944  1.13124
 1.10198 -43.0872  1.13124
 1.10213 -43.0801  1.13139
 1.10228 -43.0729  1.13154
 1.10243 -43.0657  1.13169
 1.10258 -43.0586  1.13184
 1.10273 -43.0514  1.13184
 1.10288 -43.0443  1.13199
 1.10303 -43.0371  1.13214
 1.10318   -43.03  1.13229
 1.10333 -43.0229  1.13244
 1.10348 -43.0157  1.13259
 1.10363 -43.0086  1.13259
 1.10378 -43.0015  1.13274
 1.10393 -42.9944  1.13289
 1.10408 -42.9872  1.13304
 1.10423 -42.9801  1.13319
 1.10438  -42.973  1.13319
 1.10453 -42.9659  1.13334
 1.10468 -42.9588  1.13349
 1.10483 -42.9517  1.13364
 1.10498 -42.9446  1.13379
 1.10513 -42.9375  1.13379
 1.10528 -42.9304  1.13394
 1.10543 -42.9233  1.13409
 1.10558 -42.9162  1.13424
 1.10573 -42.9092  1.13439
 1.10588 -42.9021  1.13454
 1.10603  -42.895  1.13454
 1.10618 -42.8879  1.13469
 1.10633 -42.8809  1.13484
 1.10648 -42.8738  1.13499
 1.10663 -42.8667  1.13514
 1.10678 -42.8597  1.13514
 1.10693 -42.8526  1.13529
 1.10708 -42.8456  1.13544
 1.10723 -42.8385  1.13559
 1.10738 -42.8315  1.13574
 1.10753 -42.8245  1.13589
 1.10768 -42.8174  1.13589
 1.10783 -42.8104  1.13604
 1.10798 -42.8034  1.13619
 1.10813 -42.7963  1.13634
 1.10828 -42.7893  1.13649
 1.10843 -42.7823  1.13649
 1.10858 -42.7753  1.13664
 1.10873 -42.7683  1.13679
 1.10888 -42.7612  1.13694
 1.10903 -42.7542  1.13709
 1.10918 -42.7472  1.13709
 1.10933 -42.7402  1.13724
 1.10948 -42.7332  1.13739
 1.10963 -42.7262  1.13754
 1.10978 -42.7193  1.13769
 1.10993 -42.7123  1.13784
 1.11008 -42.7053  1.13784
 1.11023 -42.6983  1.13799
 1.11038 -42.6913  1.13814
 1.11053 -42.6844  1.13829
 1.11068 -42.6774  1.13844
 1.11083 -42.6704  1.13844
 1.11098 -42.6635  1.13859
 1.11113 -42.6565  1.13874
 1.11128 -42.6495  1.13889
 1.11143 -42.6426  1.13904
 1.11158 -42.6356  1.13904
 1.11173 -42.6287  1.13919
 1.11188 -42.6218  1.13934
 1.11203 -42.6148  1.13949
 1.11218 -42.6079  1.13964
 1.11233  -42.601  1.13964
 1.11248  -42.594  1.13979
 1.11263 -42.5871  1.13994
 1.11278 -42.5802   1.1401
 1.11293 -42.5733  1.14025
 1.11308 -42.5663   1.1404
 1.11323 -42.5594   1.1404
 1.11338 -42.5525  1.14055
 1.11353 -42.5456   1.1407
 1.11368 -42.5387  1.14085
 1.11383 -42.5318    1.141
 1.11398 -42.5249    1.141
 1.11413  -42.518  1.14115
 1.11428 -42.5112   1.1413
 1.11443 -42.5043  1.14145
 1.11458 -42.4974   1.1416
 1.11473 -42.4905   1.1416
 1.11488 -42.4836  1.14175
 1.11503 -42.4768   1.1419
 1.11518 -42.4699  1.14205
 1.11533  -42.463   1.1422
 1.11548 -42.4562   1.1422
 1.11563 -42.4493  1.14235
 1.11578 -42.4425   1.1425
 1.11593 -42.4356  1.14265
 1.11608 -42.4288   1.1428
 1.11623 -42.4219   1.1428
 1.11638 -42.4151  1.14295
 1.11653 -42.4083   1.1431
 1.11668 -42.4014  1.14325
 1.11683 -42.3946   1.1434
 1.11698 -42.3878  1.14355
 1.11713 -42.3809  1.14355
 1.11728 -42.3741   1.1437
 1.11743 -42.3673  1.14385
 1.11758 -42.3605    1.144
 1.11773 -42.3537  1.14415
 1.11788 -42.3469  1.14415
 1.11803 -42.3401   1.1443
 1.11818 -42.3333  1.14445
 1.11833 -42.3265   1.1446
 1.11848 -42.3197  1.14475
 1.11863 -42.3129  1.14475
 1.11878 -42.3061   1.1449
 1.11893 -42.2993  1.14505
 1.11908 -42.2926   1.1452
 1.11923 -42.2858  1.14535
 1.11938  -42.279  1.14535
 1.11953 -42.2722   1.1455
 1.11968 -42.2655  1.14565
 1.11983 -42.2587   1.1458
 1.11998  -42.252  1.14595
 1.12014 -42.2452  1.14595
 1.12029 -42.2385   1.1461
 1.12044 -42.2317  1.14625
 1.12059  -42.225   1.1464
 1.12074 -42.2182  1.14655
 1.12089 -42.2115  1.14655
 1.12104 -42.2047   1.1467
 1.12119  -42.198  1.14685
 1.12134 -42.1913    1.147
 1.12149 -42.1846    1.147
 1.12164 -42.1778  1.14715
 1.12179 -42.1711   1.1473
 1.12194 -42.1644   1.1473
 1.12209 -42.1577  1.14745
 1.12224  -42.151   1.1476
 1.12239 -42.1443  1.14775
 1.12254 -42.1376  1.14775
 1.12269 -42.1309   1.1479
 1.12284 -42.1242  1.14805
 1.12299 -42.1176   1.1482
 1.12314 -42.1109   1.1482
 1.12329 -42.1042  1.14835
 1.12344 -42.0975   1.1485
 1.12359 -42.0909  1.14865
 1.12374 -42.0842  1.14865
 1.12389 -42.0776   1.1488
 1.12404 -42.0709  1.14895
 1.12419 -42.0643  1.14895
 1.12434 -42.0576   1.1491
 1.12449  -42.051  1.14925
 1.12464 -42.0443   1.1494
 1.12479 -42.0377   1.1494
 1.12494 -42.0311  1.14955
 1.12509 -42.0245   1.1497
 1.12524 -42.0178  1.14985
 1.12539 -42.0112  1.14985
 1.12554 -42.0046     1.15
 1.12569  -41.998     1.15
 1.12584 -41.9914     1.15
 1.12599 -41.9848     1.15
 1.12614 -41.9783     1.15
 1.12629 -41.9717     1.15
 1.12644 -41.9651     1.15
 1.12659 -41.9586     1.15
 1.12674 -41.9521     1.15
 1.12689 -41.9456     1.15
 1.12704 -41.9391     1.15
 1.12719 -41.9326     1.15
 1.12734 -41.9261     1.15
 1.12749 -41.9196     1.15
 1.12764 -41.9132     1.15
 1.12779 -41.9067     1.15
 1.12794 -41.9003     1.15
 1.12809 -41.8939     1.15
 1.12824 -41.8875     1.15
 1.12839 -41.8811     1.15
 1.12854 -41.8747     1.15
 1.12869 -41.8683     1.15
 1.12884 -41.8619     1.15
 1.12899 -41.8556     1.15
 1.12914 -41.8492     1.15
 1.12929 -41.8429     1.15
 1.12944 -41.8366     1.15
 1.12959 -41.8303     1.15
 1.12974  -41.824     1.15
 1.12989 -41.8177     1.15
 1.13004 -41.8114     1.15
 1.13019 -41.8051     1.15
 1.13034 -41.7989     1.15
 1.13049 -41.7926     1.15
 1.13064 -41.7864     1.15
 1.13079 -41.7802     1.15
 1.13094 -41.7739     1.15
 1.13109 -41.7677     1.15
 1.13124 -41.7615     1.15
 1.13139 -41.7554     1.15
 1.13154 -41.7492     1.15
 1.13169  -41.743     1.15
 1.13184 -41.7369     1.15
 1.13199 -41.7307     1.15
 1.13214 -41.7246     1.15
 1.13229 -41.7185     1.15
 1.13244 -41.7124     1.15
 1.13259 -41.7063     1.15
 1.13274 -41.7002     1.15
 1.13289 -41.6941     1.15
 1.13304 -41.6881     1.15
 1.13319  -41.682     1.15
 1.13334  -41.676     1.15
 1.13349 -41.6699     1.15
 1.13364 -41.6639     1.15
 1.13379 -41.6579     1.15
 1.13394 -41.6519     1.15
 1.13409 -41.6459     1.15
 1.13424 -41.6399     1.15
 1.13439 -41.6339     1.15
 1.13454  -41.628     1.15
 1.13469  -41.622     1.15
 1.13484 -41.6161     1.15
 1.13499 -41.6101     1.15
 1.13514 -41.6042     1.15
 1.13529 -41.5983     1.15
 1.13544 -41.5924     1.15
 1.13559 -41.5865     1.15
 1.13574 -41.5806     1.15
 1.13589 -41.5748     1.15
 1.13604 -41.5689     1.15
 1.13619  -41.563     1.15
 1.13634 -41.5572     1.15
 1.13649 -41.5514     1.15
 1.13664 -41.5455     1.15
 1.13679 -41.5397     1.15
 1.13694 -41.5339     1.15
 1.13709 -41.5281     1.15
 1.13724 -41.5224     1.15
 1.13739 -41.5166     1.15
 1.13754 -41.5108     1.15
 1.13769 -41.5051     1.15
 1.13784 -41.4993     1.15
 1.13799 -41.4936     1.15
 1.13814 -41.4879     1.15
 1.13829 -41.4822     1.15
 1.13844 -41.4765     1.15
 1.13859 -41.4708     1.15
 1.13874 -41.4651     1.15
 1.13889 -41.4594     1.15
 1.13904 -41.4537     1.15
 1.13919 -41.4481     1.15
 1.13934 -41.4424     1.15
 1.13949 -41.4368     1.15
 1.13964 -41.4312     1.15
 1.13979 -41.4256     1.15
 1.13994 -41.4199     1.15
  1.1401 -41.4143     1.15
 1.14025 -41.4088     1.15
  1.1404 -41.4032     1.15
 1.14055 -41.3976     1.15
  1.1407  -41.392     1.15
 1.14085 -41.3865     1.15
   1.141  -41.381     1.15
 1.14115 -41.3754     1.15
  1.1413 -41.3699     1.15
 1.14145 -41.3644     1.15
  1.1416 -41.3589     1.15
 1.14175 -41.3534     1.15
  1.1419 -41.3479     1.15
 1.14205 -41.3424     1.15
  1.1422  -41.337     1.15
 1.14235 -41.3315     1.15
  1.1425  -41.326     1.15
 1.14265 -41.3206     1.15
  1.1428 -41.3152     1.15
 1.14295 -41.3097     1.15
  1.1431 -41.3043     1.15
 1.14325 -41.2989     1.15
  1.1434 -41.2935     1.15
 1.14355 -41.2882     1.15
  1.1437 -41.2828     1.15
 1.14385 -41.2774     1.15
   1.144 -41.2721     1.15
 1.14415 -41.2667     1.15
  1.1443 -41.2614     1.15
 1.14445  -41.256     1.15
  1.1446 -41.2507     1.15
 1.14475 -41.2454     1.15
  1.1449 -41.2401     1.15
 1.14505 -41.2348     1.15
  1.1452 -41.2295     1.15
 1.14535 -41.2242     1.15
  1.1455  -41.219     1.15
 1.14565 -41.2137     1.15
  1.1458 -41.2084     1.15
 1.14595 -41.2032     1.15
  1.1461  -41.198     1.15
 1.14625 -41.1927     1.15
  1.1464 -41.1875     1.15
 1.14655 -41.1823     1.15
  1.1467 -41.1771     1.15
 1.14685 -41.1719     1.15
   1.147 -41.1667     1.15
 1.14715 -41.1616     1.15
  1.1473 -41.1564     1.15
 1.14745 -41.1512     1.15
  1.1476 -41.1461     1.15
 1.14775  -41.141     1.15
  1.1479 -41.1358     1.15
 1.14805 -41.1307     1.15
  1.1482 -41.1256     1.15
 1.14835 -41.1205     1.15
  1.1485 -41.1154     1.15
 1.14865 -41.1103     1.15
  1.1488 -41.1052     1.15
 1.14895 -41.1002     1.15
  1.1491 -41.0951     1.15
 1.14925   -41.09     1.15
  1.1494  -41.085     1.15
 1.14955   -41.08     1.15
  1.1497 -41.0749     1.15
 1.14985 -41.0699     1.15
    1.15 -41.0649     1.15