 kgrid  ValNew  Policy 
    0.85 -74.6014     0.85
 0.85015 -74.5861     0.85
  0.8503 -74.5708     0.85
 0.85045 -74.5555     0.85
  0.8506 -74.5403     0.85
 0.85075 -74.5251     0.85
  0.8509   -74.51     0.85
0.851051 -74.4948     0.85
0.851201 -74.4797     0.85
0.851351 -74.4647     0.85
0.851501 -74.4496     0.85
0.851651 -74.4346  0.85015
0.851801 -74.4196  0.85015
0.851951 -74.4046   0.8503
0.852101 -74.3896  0.85045
0.852251 -74.3747  0.85045
0.852401 -74.3597   0.8506
0.852551 -74.3448  0.85075
0.852701 -74.3298  0.85075
0.852851 -74.3149   0.8509
0.853002    -74.3 0.851051
0.853152 -74.2851 0.851051
0.853302 -74.2702 0.851201
0.853452 -74.2554 0.851351
0.853602 -74.2405 0.851351
0.853752 -74.2257 0.851501
0.853902 -74.2109 0.851651
0.854052  -74.196 0.851651
0.854202 -74.1812 0.851801
0.854352 -74.1664 0.851951
0.854502 -74.1517 0.852101
0.854652 -74.1369 0.852101
0.854802 -74.1221 0.852251
0.854952 -74.1074 0.852401
0.855103 -74.0926 0.852401
0.855253 -74.0779 0.852551
0.855403 -74.0632 0.852701
0.855553 -74.0485 0.852851
0.855703 -74.0338 0.852851
0.855853 -74.0191 0.853002
0.856003 -74.0044 0.853152
0.856153 -73.9898 0.853302
0.856303 -73.9751 0.853302
0.856453 -73.9605 0.853452
0.856603 -73.9459 0.853602
0.856753 -73.9312 0.853602
0.856903 -73.9166 0.853752
0.857054  -73.902 0.853902
0.857204 -73.8875 0.854052
0.857354 -73.8729 0.854052
0.857504 -73.8583 0.854202
0.857654 -73.8438 0.854352
0.857804 -73.8292 0.854352
0.857954 -73.8147 0.854502
0.858104 -73.8002 0.854652
0.858254 -73.7856 0.854802
0.858404 -73.7711 0.854802
0.858554 -73.7567 0.854952
0.858704 -73.7422 0.855103
0.858854 -73.7277 0.855253
0.859005 -73.7132 0.855253
0.859155 -73.6988 0.855403
0.859305 -73.6844 0.855553
0.859455 -73.6699 0.855703
0.859605 -73.6555 0.855703
0.859755 -73.6411 0.855853
0.859905 -73.6267 0.856003
0.860055 -73.6123 0.856003
0.860205  -73.598 0.856153
0.860355 -73.5836 0.856303
0.860505 -73.5692 0.856453
0.860655 -73.5549 0.856453
0.860805 -73.5406 0.856603
0.860955 -73.5262 0.856753
0.861106 -73.5119 0.856903
0.861256 -73.4976 0.856903
0.861406 -73.4833 0.857054
0.861556  -73.469 0.857204
0.861706 -73.4548 0.857204
0.861856 -73.4405 0.857354
0.862006 -73.4263 0.857504
0.862156  -73.412 0.857654
0.862306 -73.3978 0.857654
0.862456 -73.3836 0.857804
0.862606 -73.3693 0.857954
0.862756 -73.3551 0.858104
0.862906  -73.341 0.858104
0.863057 -73.3268 0.858254
0.863207 -73.3126 0.858404
0.863357 -73.2984 0.858554
0.863507 -73.2843 0.858554
0.863657 -73.2702 0.858704
0.863807  -73.256 0.858854
0.863957 -73.2419 0.858854
0.864107 -73.2278 0.859005
0.864257 -73.2137 0.859155
0.864407 -73.1996 0.859305
0.864557 -73.1855 0.859305
0.864707 -73.1715 0.859455
0.864857 -73.1574 0.859605
0.865008 -73.1433 0.859755
0.865158 -73.1293 0.859755
0.865308 -73.1153 0.859905
0.865458 -73.1013 0.860055
0.865608 -73.0872 0.860205
0.865758 -73.0732 0.860205
0.865908 -73.0593 0.860355
0.866058 -73.0453 0.860505
0.866208 -73.0313 0.860655
0.866358 -73.0173 0.860655
0.866508 -73.0034 0.860805
0.866658 -72.9894 0.860955
0.866808 -72.9755 0.860955
0.866958 -72.9616 0.861106
0.867109 -72.9477 0.861256
0.867259 -72.9338 0.861406
0.867409 -72.9199 0.861406
0.867559  -72.906 0.861556
0.867709 -72.8921 0.861706
0.867859 -72.8783 0.861856
0.868009 -72.8644 0.861856
0.868159 -72.8506 0.862006
0.868309 -72.8367 0.862156
0.868459 -72.8229 0.862306
0.868609 -72.8091 0.862306
0.868759 -72.7953 0.862456
0.868909 -72.7815 0.862606
 0.86906 -72.7677 0.862756
 0.86921 -72.7539 0.862756
 0.86936 -72.7401 0.862906
 0.86951 -72.7264 0.863057
 0.86966 -72.7126 0.863207
 0.86981 -72.6989 0.863207
 0.86996 -72.6851 0.863357
 0.87011 -72.6714 0.863507
 0.87026 -72.6577 0.863657
 0.87041  -72.644 0.863657
 0.87056 -72.6303 0.863807
 0.87071 -72.6166 0.863957
 0.87086 -72.6029 0.864107
0.871011 -72.5893 0.864107
0.871161 -72.5756 0.864257
0.871311 -72.5619 0.864407
0.871461 -72.5483 0.864557
0.871611 -72.5347 0.864557
0.871761  -72.521 0.864707
0.871911 -72.5074 0.864857
0.872061 -72.4938 0.865008
0.872211 -72.4802 0.865008
0.872361 -72.4667 0.865158
0.872511 -72.4531 0.865308
0.872661 -72.4395 0.865458
0.872811  -72.426 0.865458
0.872961 -72.4124 0.865608
0.873112 -72.3989 0.865758
0.873262 -72.3853 0.865908
0.873412 -72.3718 0.865908
0.873562 -72.3583 0.866058
0.873712 -72.3448 0.866208
0.873862 -72.3313 0.866358
0.874012 -72.3178 0.866508
0.874162 -72.3043 0.866508
0.874312 -72.2909 0.866658
0.874462 -72.2774 0.866808
0.874612  -72.264 0.866958
0.874762 -72.2505 0.866958
0.874912 -72.2371 0.867109
0.875063 -72.2237 0.867259
0.875213 -72.2102 0.867409
0.875363 -72.1968 0.867409
0.875513 -72.1834 0.867559
0.875663   -72.17 0.867709
0.875813 -72.1567 0.867859
0.875963 -72.1433 0.867859
0.876113 -72.1299 0.868009
0.876263 -72.1166 0.868159
0.876413 -72.1032 0.868309
0.876563 -72.0899 0.868309
0.876713 -72.0766 0.868459
0.876863 -72.0633 0.868609
0.877014   -72.05 0.868759
0.877164 -72.0367 0.868759
0.877314 -72.0234 0.868909
0.877464 -72.0101  0.86906
0.877614 -71.9968  0.86921
0.877764 -71.9835  0.86921
0.877914 -71.9703  0.86936
0.878064  -71.957  0.86951
0.878214 -71.9438  0.86966
0.878364 -71.9306  0.86966
0.878514 -71.9173  0.86981
0.878664 -71.9041  0.86996
0.878814 -71.8909  0.87011
0.878964 -71.8777  0.87026
0.879115 -71.8645  0.87026
0.879265 -71.8514  0.87041
0.879415 -71.8382  0.87056
0.879565  -71.825  0.87071
0.879715 -71.8119  0.87071
0.879865 -71.7987  0.87086
0.880015 -71.7856 0.871011
0.880165 -71.7725 0.871161
0.880315 -71.7593 0.871311
0.880465 -71.7462 0.871461
0.880615 -71.7331 0.871611
0.880765   -71.72 0.871611
0.880915 -71.7069 0.871761
0.881066 -71.6938 0.871911
0.881216 -71.6807 0.872061
0.881366 -71.6676 0.872211
0.881516 -71.6545 0.872361
0.881666 -71.6415 0.872361
0.881816 -71.6284 0.872511
0.881966 -71.6153 0.872661
0.882116 -71.6023 0.872811
0.882266 -71.5892 0.872961
0.882416 -71.5762 0.873112
0.882566 -71.5632 0.873262
0.882716 -71.5502 0.873262
0.882866 -71.5371 0.873412
0.883017 -71.5241 0.873562
0.883167 -71.5111 0.873712
0.883317 -71.4981 0.873862
0.883467 -71.4851 0.874012
0.883617 -71.4721 0.874162
0.883767 -71.4591 0.874312
0.883917 -71.4462 0.874312
0.884067 -71.4332 0.874462
0.884217 -71.4202 0.874612
0.884367 -71.4073 0.874762
0.884517 -71.3943 0.874912
0.884667 -71.3814 0.875063
0.884817 -71.3684 0.875213
0.884967 -71.3555 0.875213
0.885118 -71.3426 0.875363
0.885268 -71.3296 0.875513
0.885418 -71.3167 0.875663
0.885568 -71.3038 0.875813
0.885718 -71.2909 0.875963
0.885868  -71.278 0.876113
0.886018 -71.2651 0.876113
0.886168 -71.2522 0.876263
0.886318 -71.2393 0.876413
0.886468 -71.2265 0.876563
0.886618 -71.2136 0.876713
0.886768 -71.2007 0.876863
0.886918 -71.1879 0.877014
0.887069  -71.175 0.877164
0.887219 -71.1622 0.877164
0.887369 -71.1493 0.877314
0.887519 -71.1365 0.877464
0.887669 -71.1237 0.877614
0.887819 -71.1108 0.877764
0.887969  -71.098 0.877914
0.888119 -71.0852 0.878064
0.888269 -71.0724 0.878064
0.888419 -71.0596 0.878214
0.888569 -71.0468 0.878364
0.888719  -71.034 0.878514
0.888869 -71.0212 0.878664
 0.88902 -71.0085 0.878814
 0.88917 -70.9957 0.878964
 0.88932 -70.9829 0.879115
 0.88947 -70.9702 0.879115
 0.88962 -70.9574 0.879265
 0.88977 -70.9447 0.879415
 0.88992 -70.9319 0.879565
 0.89007 -70.9192 0.879715
 0.89022 -70.9064 0.879865
 0.89037 -70.8937 0.880015
 0.89052  -70.881 0.880165
 0.89067 -70.8683 0.880165
 0.89082 -70.8556 0.880315
 0.89097 -70.8429 0.880465
0.891121 -70.8302 0.880615
0.891271 -70.8175 0.880765
0.891421 -70.8048 0.880915
0.891571 -70.7921 0.881066
0.891721 -70.7794 0.881216
0.891871 -70.7668 0.881216
0.892021 -70.7541 0.881366
0.892171 -70.7414 0.881516
0.892321 -70.7288 0.881666
0.892471 -70.7161 0.881816
0.892621 -70.7035 0.881966
0.892771 -70.6909 0.882116
0.892921 -70.6782 0.882266
0.893072 -70.6656 0.882416
0.893222  -70.653 0.882416
0.893372 -70.6404 0.882566
0.893522 -70.6278 0.882716
0.893672 -70.6151 0.882866
0.893822 -70.6025 0.883017
0.893972   -70.59 0.883167
0.894122 -70.5774 0.883317
0.894272 -70.5648 0.883467
0.894422 -70.5522 0.883617
0.894572 -70.5396 0.883617
0.894722 -70.5271 0.883767
0.894872 -70.5145 0.883917
0.895023 -70.5019 0.884067
0.895173 -70.4894 0.884217
0.895323 -70.4768 0.884367
0.895473 -70.4643 0.884517
0.895623 -70.4518 0.884667
0.895773 -70.4392 0.884667
0.895923 -70.4267 0.884817
0.896073 -70.4142 0.884967
0.896223 -70.4017 0.885118
0.896373 -70.3891 0.885268
0.896523 -70.3766 0.885418
0.896673 -70.3641 0.885568
0.896823 -70.3516 0.885718
0.896973 -70.3392 0.885868
0.897124 -70.3267 0.885868
0.897274 -70.3142 0.886018
0.897424 -70.3017 0.886168
0.897574 -70.2893 0.886318
0.897724 -70.2768 0.886468
0.897874 -70.2643 0.886618
0.898024 -70.2519 0.886768
0.898174 -70.2394 0.886918
0.898324  -70.227 0.887069
0.898474 -70.2145 0.887069
0.898624 -70.2021 0.887219
0.898774 -70.1897 0.887369
0.898924 -70.1773 0.887519
0.899075 -70.1648 0.887669
0.899225 -70.1524 0.887819
0.899375   -70.14 0.887969
0.899525 -70.1276 0.888119
0.899675 -70.1152 0.888269
0.899825 -70.1028 0.888269
0.899975 -70.0904 0.888419
0.900125 -70.0781 0.888569
0.900275 -70.0657 0.888719
0.900425 -70.0533 0.888869
0.900575  -70.041  0.88902
0.900725 -70.0286  0.88917
0.900875 -70.0162  0.88932
0.901026 -70.0039  0.88947
0.901176 -69.9915  0.88947
0.901326 -69.9792  0.88962
0.901476 -69.9669  0.88977
0.901626 -69.9545  0.88992
0.901776 -69.9422  0.89007
0.901926 -69.9299  0.89022
0.902076 -69.9176  0.89037
0.902226 -69.9053  0.89052
0.902376  -69.893  0.89067
0.902526 -69.8806  0.89067
0.902676 -69.8684  0.89082
0.902826 -69.8561  0.89097
0.902976 -69.8438 0.891121
0.903127 -69.8315 0.891271
0.903277 -69.8192 0.891421
0.903427 -69.8069 0.891571
0.903577 -69.7947 0.891721
0.903727 -69.7824 0.891871
0.903877 -69.7702 0.892021
0.904027 -69.7579 0.892021
0.904177 -69.7457 0.892171
0.904327 -69.7334 0.892321
0.904477 -69.7212 0.892471
0.904627  -69.709 0.892621
0.904777 -69.6967 0.892771
0.904927 -69.6845 0.892921
0.905078 -69.6723 0.893072
0.905228 -69.6601 0.893222
0.905378 -69.6479 0.893222
0.905528 -69.6357 0.893372
0.905678 -69.6235 0.893522
0.905828 -69.6113 0.893672
0.905978 -69.5991 0.893822
0.906128 -69.5869 0.893972
0.906278 -69.5747 0.894122
0.906428 -69.5626 0.894272
0.906578 -69.5504 0.894422
0.906728 -69.5382 0.894572
0.906878 -69.5261 0.894572
0.907029 -69.5139 0.894722
0.907179 -69.5018 0.894872
0.907329 -69.4896 0.895023
0.907479 -69.4775 0.895173
0.907629 -69.4653 0.895323
0.907779 -69.4532 0.895473
0.907929 -69.4411 0.895623
0.908079  -69.429 0.895773
0.908229 -69.4169 0.895923
0.908379 -69.4047 0.895923
0.908529 -69.3926 0.896073
0.908679 -69.3805 0.896223
0.908829 -69.3684 0.896373
0.908979 -69.3563 0.896523
 0.90913 -69.3443 0.896673
 0.90928 -69.3322 0.896823
 0.90943 -69.3201 0.896973
 0.90958  -69.308 0.897124
 0.90973  -69.296 0.897124
 0.90988 -69.2839 0.897274
 0.91003 -69.2718 0.897424
 0.91018 -69.2598 0.897574
 0.91033 -69.2477 0.897724
 0.91048 -69.2357 0.897874
 0.91063 -69.2236 0.898024
 0.91078 -69.2116 0.898174
 0.91093 -69.1996 0.898324
0.911081 -69.1876 0.898474
0.911231 -69.1755 0.898474
0.911381 -69.1635 0.898624
0.911531 -69.1515 0.898774
0.911681 -69.1395 0.898924
0.911831 -69.1275 0.899075
0.911981 -69.1155 0.899225
0.912131 -69.1035 0.899375
0.912281 -69.0915 0.899525
0.912431 -69.0795 0.899675
0.912581 -69.0675 0.899825
0.912731 -69.0556 0.899975
0.912881 -69.0436 0.899975
0.913032 -69.0316 0.900125
0.913182 -69.0197 0.900275
0.913332 -69.0077 0.900425
0.913482 -68.9958 0.900575
0.913632 -68.9838 0.900725
0.913782 -68.9719 0.900875
0.913932 -68.9599 0.901026
0.914082  -68.948 0.901176
0.914232  -68.936 0.901326
0.914382 -68.9241 0.901476
0.914532 -68.9122 0.901626
0.914682 -68.9003 0.901626
0.914832 -68.8884 0.901776
0.914982 -68.8764 0.901926
0.915133 -68.8645 0.902076
0.915283 -68.8526 0.902226
0.915433 -68.8407 0.902376
0.915583 -68.8288 0.902526
0.915733  -68.817 0.902676
0.915883 -68.8051 0.902826
0.916033 -68.7932 0.902976
0.916183 -68.7813 0.903127
0.916333 -68.7694 0.903277
0.916483 -68.7576 0.903277
0.916633 -68.7457 0.903427
0.916783 -68.7338 0.903577
0.916933  -68.722 0.903727
0.917084 -68.7101 0.903877
0.917234 -68.6983 0.904027
0.917384 -68.6864 0.904177
0.917534 -68.6746 0.904327
0.917684 -68.6628 0.904477
0.917834 -68.6509 0.904627
0.917984 -68.6391 0.904777
0.918134 -68.6273 0.904927
0.918284 -68.6155 0.904927
0.918434 -68.6037 0.905078
0.918584 -68.5918 0.905228
0.918734   -68.58 0.905378
0.918884 -68.5682 0.905528
0.919035 -68.5564 0.905678
0.919185 -68.5446 0.905828
0.919335 -68.5329 0.905978
0.919485 -68.5211 0.906128
0.919635 -68.5093 0.906278
0.919785 -68.4975 0.906428
0.919935 -68.4857 0.906578
0.920085  -68.474 0.906578
0.920235 -68.4622 0.906728
0.920385 -68.4504 0.906878
0.920535 -68.4387 0.907029
0.920685 -68.4269 0.907179
0.920835 -68.4152 0.907329
0.920985 -68.4034 0.907479
0.921136 -68.3917 0.907629
0.921286   -68.38 0.907779
0.921436 -68.3682 0.907929
0.921586 -68.3565 0.908079
0.921736 -68.3448 0.908229
0.921886 -68.3331 0.908379
0.922036 -68.3214 0.908379
0.922186 -68.3096 0.908529
0.922336 -68.2979 0.908679
0.922486 -68.2862 0.908829
0.922636 -68.2745 0.908979
0.922786 -68.2628  0.90913
0.922936 -68.2511  0.90928
0.923087 -68.2395  0.90943
0.923237 -68.2278  0.90958
0.923387 -68.2161  0.90973
0.923537 -68.2044  0.90988
0.923687 -68.1928  0.91003
0.923837 -68.1811  0.91018
0.923987 -68.1694  0.91018
0.924137 -68.1578  0.91033
0.924287 -68.1461  0.91048
0.924437 -68.1345  0.91063
0.924587 -68.1228  0.91078
0.924737 -68.1112  0.91093
0.924887 -68.0995 0.911081
0.925038 -68.0879 0.911231
0.925188 -68.0763 0.911381
0.925338 -68.0646 0.911531
0.925488  -68.053 0.911681
0.925638 -68.0414 0.911831
0.925788 -68.0298 0.911981
0.925938 -68.0182 0.911981
0.926088 -68.0066 0.912131
0.926238  -67.995 0.912281
0.926388 -67.9834 0.912431
0.926538 -67.9718 0.912581
0.926688 -67.9602 0.912731
0.926838 -67.9486 0.912881
0.926988  -67.937 0.913032
0.927139 -67.9254 0.913182
0.927289 -67.9139 0.913332
0.927439 -67.9023 0.913482
0.927589 -67.8907 0.913632
0.927739 -67.8792 0.913782
0.927889 -67.8676 0.913782
0.928039  -67.856 0.913932
0.928189 -67.8445 0.914082
0.928339 -67.8329 0.914232
0.928489 -67.8214 0.914382
0.928639 -67.8099 0.914532
0.928789 -67.7983 0.914682
0.928939 -67.7868 0.914832
 0.92909 -67.7753 0.914982
 0.92924 -67.7637 0.915133
 0.92939 -67.7522 0.915283
 0.92954 -67.7407 0.915433
 0.92969 -67.7292 0.915583
 0.92984 -67.7177 0.915733
 0.92999 -67.7062 0.915733
 0.93014 -67.6947 0.915883
 0.93029 -67.6832 0.916033
 0.93044 -67.6717 0.916183
 0.93059 -67.6602 0.916333
 0.93074 -67.6487 0.916483
 0.93089 -67.6372 0.916633
0.931041 -67.6257 0.916783
0.931191 -67.6142 0.916933
0.931341 -67.6028 0.917084
0.931491 -67.5913 0.917234
0.931641 -67.5798 0.917384
0.931791 -67.5684 0.917534
0.931941 -67.5569 0.917684
0.932091 -67.5455 0.917684
0.932241  -67.534 0.917834
0.932391 -67.5226 0.917984
0.932541 -67.5111 0.918134
0.932691 -67.4997 0.918284
0.932841 -67.4883 0.918434
0.932991 -67.4768 0.918584
0.933142 -67.4654 0.918734
0.933292  -67.454 0.918884
0.933442 -67.4426 0.919035
0.933592 -67.4312 0.919185
0.933742 -67.4198 0.919335
0.933892 -67.4083 0.919485
0.934042 -67.3969 0.919635
0.934192 -67.3855 0.919635
0.934342 -67.3741 0.919785
0.934492 -67.3628 0.919935
0.934642 -67.3514 0.920085
0.934792   -67.34 0.920235
0.934942 -67.3286 0.920385
0.935093 -67.3172 0.920535
0.935243 -67.3058 0.920685
0.935393 -67.2945 0.920835
0.935543 -67.2831 0.920985
0.935693 -67.2718 0.921136
0.935843 -67.2604 0.921286
0.935993  -67.249 0.921436
0.936143 -67.2377 0.921586
0.936293 -67.2263 0.921586
0.936443  -67.215 0.921736
0.936593 -67.2037 0.921886
0.936743 -67.1923 0.922036
0.936893  -67.181 0.922186
0.937044 -67.1697 0.922336
0.937194 -67.1583 0.922486
0.937344  -67.147 0.922636
0.937494 -67.1357 0.922786
0.937644 -67.1244 0.922936
0.937794 -67.1131 0.923087
0.937944 -67.1018 0.923237
0.938094 -67.0905 0.923387
0.938244 -67.0792 0.923537
0.938394 -67.0679 0.923687
0.938544 -67.0566 0.923687
0.938694 -67.0453 0.923837
0.938844  -67.034 0.923987
0.938994 -67.0227 0.924137
0.939145 -67.0114 0.924287
0.939295 -67.0002 0.924437
0.939445 -66.9889 0.924587
0.939595 -66.9776 0.924737
0.939745 -66.9664 0.924887
0.939895 -66.9551 0.925038
0.940045 -66.9439 0.925188
0.940195 -66.9326 0.925338
0.940345 -66.9214 0.925488
0.940495 -66.9101 0.925638
0.940645 -66.8989 0.925638
0.940795 -66.8876 0.925788
0.940945 -66.8764 0.925938
0.941096 -66.8652 0.926088
0.941246  -66.854 0.926238
0.941396 -66.8427 0.926388
0.941546 -66.8315 0.926538
0.941696 -66.8203 0.926688
0.941846 -66.8091 0.926838
0.941996 -66.7979 0.926988
0.942146 -66.7867 0.927139
0.942296 -66.7755 0.927289
0.942446 -66.7643 0.927439
0.942596 -66.7531 0.927589
0.942746 -66.7419 0.927739
0.942896 -66.7307 0.927739
0.943047 -66.7195 0.927889
0.943197 -66.7083 0.928039
0.943347 -66.6972 0.928189
0.943497  -66.686 0.928339
0.943647 -66.6748 0.928489
0.943797 -66.6637 0.928639
0.943947 -66.6525 0.928789
0.944097 -66.6413 0.928939
0.944247 -66.6302  0.92909
0.944397  -66.619  0.92924
0.944547 -66.6079  0.92939
0.944697 -66.5968  0.92954
0.944847 -66.5856  0.92969
0.944997 -66.5745  0.92984
0.945148 -66.5633  0.92984
0.945298 -66.5522  0.92999
0.945448 -66.5411  0.93014
0.945598   -66.53  0.93029
0.945748 -66.5188  0.93044
0.945898 -66.5077  0.93059
0.946048 -66.4966  0.93074
0.946198 -66.4855  0.93089
0.946348 -66.4744 0.931041
0.946498 -66.4633 0.931191
0.946648 -66.4522 0.931341
0.946798 -66.4411 0.931491
0.946948   -66.43 0.931641
0.947099 -66.4189 0.931791
0.947249 -66.4079 0.931941
0.947399 -66.3968 0.931941
0.947549 -66.3857 0.932091
0.947699 -66.3746 0.932241
0.947849 -66.3636 0.932391
0.947999 -66.3525 0.932541
0.948149 -66.3414 0.932691
0.948299 -66.3304 0.932841
0.948449 -66.3193 0.932991
0.948599 -66.3083 0.933142
0.948749 -66.2972 0.933292
0.948899 -66.2862 0.933442
 0.94905 -66.2751 0.933592
  0.9492 -66.2641 0.933742
 0.94935 -66.2531 0.933892
  0.9495  -66.242 0.934042
 0.94965  -66.231 0.934192
  0.9498   -66.22 0.934192
 0.94995 -66.2089 0.934342
  0.9501 -66.1979 0.934492
 0.95025 -66.1869 0.934642
  0.9504 -66.1759 0.934792
 0.95055 -66.1649 0.934942
  0.9507 -66.1539 0.935093
 0.95085 -66.1429 0.935243
0.951001 -66.1319 0.935393
0.951151 -66.1209 0.935543
0.951301 -66.1099 0.935693
0.951451 -66.0989 0.935843
0.951601 -66.0879 0.935993
0.951751  -66.077 0.936143
0.951901  -66.066 0.936293
0.952051  -66.055 0.936443
0.952201  -66.044 0.936443
0.952351 -66.0331 0.936593
0.952501 -66.0221 0.936743
0.952651 -66.0112 0.936893
0.952801 -66.0002 0.937044
0.952951 -65.9892 0.937194
0.953102 -65.9783 0.937344
0.953252 -65.9673 0.937494
0.953402 -65.9564 0.937644
0.953552 -65.9455 0.937794
0.953702 -65.9345 0.937944
0.953852 -65.9236 0.938094
0.954002 -65.9127 0.938244
0.954152 -65.9017 0.938394
0.954302 -65.8908 0.938544
0.954452 -65.8799 0.938694
0.954602  -65.869 0.938694
0.954752 -65.8581 0.938844
0.954902 -65.8472 0.938994
0.955053 -65.8363 0.939145
0.955203 -65.8254 0.939295
0.955353 -65.8145 0.939445
0.955503 -65.8036 0.939595
0.955653 -65.7927 0.939745
0.955803 -65.7818 0.939895
0.955953 -65.7709 0.940045
0.956103   -65.76 0.940195
0.956253 -65.7491 0.940345
0.956403 -65.7383 0.940495
0.956553 -65.7274 0.940645
0.956703 -65.7165 0.940795
0.956853 -65.7056 0.940945
0.957004 -65.6948 0.940945
0.957154 -65.6839 0.941096
0.957304 -65.6731 0.941246
0.957454 -65.6622 0.941396
0.957604 -65.6514 0.941546
0.957754 -65.6405 0.941696
0.957904 -65.6297 0.941846
0.958054 -65.6188 0.941996
0.958204  -65.608 0.942146
0.958354 -65.5972 0.942296
0.958504 -65.5863 0.942446
0.958654 -65.5755 0.942596
0.958804 -65.5647 0.942746
0.958954 -65.5539 0.942896
0.959105 -65.5431 0.943047
0.959255 -65.5323 0.943197
0.959405 -65.5214 0.943347
0.959555 -65.5106 0.943347
0.959705 -65.4998 0.943497
0.959855  -65.489 0.943647
0.960005 -65.4782 0.943797
0.960155 -65.4674 0.943947
0.960305 -65.4567 0.944097
0.960455 -65.4459 0.944247
0.960605 -65.4351 0.944397
0.960755 -65.4243 0.944547
0.960905 -65.4135 0.944697
0.961056 -65.4028 0.944847
0.961206  -65.392 0.944997
0.961356 -65.3812 0.945148
0.961506 -65.3705 0.945298
0.961656 -65.3597 0.945448
0.961806 -65.3489 0.945598
0.961956 -65.3382 0.945598
0.962106 -65.3274 0.945748
0.962256 -65.3167 0.945898
0.962406 -65.3059 0.946048
0.962556 -65.2952 0.946198
0.962706 -65.2845 0.946348
0.962856 -65.2737 0.946498
0.963007  -65.263 0.946648
0.963157 -65.2523 0.946798
0.963307 -65.2415 0.946948
0.963457 -65.2308 0.947099
0.963607 -65.2201 0.947249
0.963757 -65.2094 0.947399
0.963907 -65.1987 0.947549
0.964057  -65.188 0.947699
0.964207 -65.1773 0.947849
0.964357 -65.1666 0.947999
0.964507 -65.1559 0.947999
0.964657 -65.1452 0.948149
0.964807 -65.1345 0.948299
0.964957 -65.1238 0.948449
0.965108 -65.1131 0.948599
0.965258 -65.1024 0.948749
0.965408 -65.0917 0.948899
0.965558 -65.0811  0.94905
0.965708 -65.0704   0.9492
0.965858 -65.0597  0.94935
0.966008 -65.0491   0.9495
0.966158 -65.0384  0.94965
0.966308 -65.0277   0.9498
0.966458 -65.0171  0.94995
0.966608 -65.0064   0.9501
0.966758 -64.9958  0.95025
0.966908 -64.9851   0.9504
0.967059 -64.9745   0.9504
0.967209 -64.9638  0.95055
0.967359 -64.9532   0.9507
0.967509 -64.9426  0.95085
0.967659 -64.9319 0.951001
0.967809 -64.9213 0.951151
0.967959 -64.9107 0.951301
0.968109 -64.9001 0.951451
0.968259 -64.8894 0.951601
0.968409 -64.8788 0.951751
0.968559 -64.8682 0.951901
0.968709 -64.8576 0.952051
0.968859  -64.847 0.952201
 0.96901 -64.8364 0.952351
 0.96916 -64.8258 0.952501
 0.96931 -64.8152 0.952651
 0.96946 -64.8046 0.952801
 0.96961  -64.794 0.952801
 0.96976 -64.7834 0.952951
 0.96991 -64.7728 0.953102
 0.97006 -64.7623 0.953252
 0.97021 -64.7517 0.953402
 0.97036 -64.7411 0.953552
 0.97051 -64.7305 0.953702
 0.97066   -64.72 0.953852
 0.97081 -64.7094 0.954002
 0.97096 -64.6988 0.954152
0.971111 -64.6883 0.954302
0.971261 -64.6777 0.954452
0.971411 -64.6672 0.954602
0.971561 -64.6566 0.954752
0.971711 -64.6461 0.954902
0.971861 -64.6355 0.955053
0.972011  -64.625 0.955203
0.972161 -64.6145 0.955203
0.972311 -64.6039 0.955353
0.972461 -64.5934 0.955503
0.972611 -64.5829 0.955653
0.972761 -64.5723 0.955803
0.972911 -64.5618 0.955953
0.973062 -64.5513 0.956103
0.973212 -64.5408 0.956253
0.973362 -64.5303 0.956403
0.973512 -64.5198 0.956553
0.973662 -64.5093 0.956703
0.973812 -64.4988 0.956853
0.973962 -64.4883 0.957004
0.974112 -64.4778 0.957154
0.974262 -64.4673 0.957304
0.974412 -64.4568 0.957454
0.974562 -64.4463 0.957604
0.974712 -64.4358 0.957604
0.974862 -64.4253 0.957754
0.975013 -64.4149 0.957904
0.975163 -64.4044 0.958054
0.975313 -64.3939 0.958204
0.975463 -64.3834 0.958354
0.975613  -64.373 0.958504
0.975763 -64.3625 0.958654
0.975913  -64.352 0.958804
0.976063 -64.3416 0.958954
0.976213 -64.3311 0.959105
0.976363 -64.3207 0.959255
0.976513 -64.3102 0.959405
0.976663 -64.2998 0.959555
0.976813 -64.2894 0.959705
0.976963 -64.2789 0.959855
0.977114 -64.2685 0.960005
0.977264 -64.2581 0.960155
0.977414 -64.2476 0.960155
0.977564 -64.2372 0.960305
0.977714 -64.2268 0.960455
0.977864 -64.2164 0.960605
0.978014 -64.2059 0.960755
0.978164 -64.1955 0.960905
0.978314 -64.1851 0.961056
0.978464 -64.1747 0.961206
0.978614 -64.1643 0.961356
0.978764 -64.1539 0.961506
0.978914 -64.1435 0.961656
0.979065 -64.1331 0.961806
0.979215 -64.1227 0.961956
0.979365 -64.1123 0.962106
0.979515 -64.1019 0.962256
0.979665 -64.0916 0.962406
0.979815 -64.0812 0.962556
0.979965 -64.0708 0.962556
0.980115 -64.0604 0.962706
0.980265 -64.0501 0.962856
0.980415 -64.0397 0.963007
0.980565 -64.0293 0.963157
0.980715  -64.019 0.963307
0.980865 -64.0086 0.963457
0.981016 -63.9983 0.963607
0.981166 -63.9879 0.963757
0.981316 -63.9776 0.963907
0.981466 -63.9672 0.964057
0.981616 -63.9569 0.964207
0.981766 -63.9465 0.964357
0.981916 -63.9362 0.964507
0.982066 -63.9258 0.964657
0.982216 -63.9155 0.964807
0.982366 -63.9052 0.964957
0.982516 -63.8949 0.965108
0.982666 -63.8845 0.965108
0.982816 -63.8742 0.965258
0.982966 -63.8639 0.965408
0.983117 -63.8536 0.965558
0.983267 -63.8433 0.965708
0.983417  -63.833 0.965858
0.983567 -63.8227 0.966008
0.983717 -63.8124 0.966158
0.983867 -63.8021 0.966308
0.984017 -63.7918 0.966458
0.984167 -63.7815 0.966608
0.984317 -63.7712 0.966758
0.984467 -63.7609 0.966908
0.984617 -63.7506 0.967059
0.984767 -63.7403 0.967209
0.984917 -63.7301 0.967359
0.985068 -63.7198 0.967509
0.985218 -63.7095 0.967659
0.985368 -63.6992 0.967659
0.985518  -63.689 0.967809
0.985668 -63.6787 0.967959
0.985818 -63.6685 0.968109
0.985968 -63.6582 0.968259
0.986118 -63.6479 0.968409
0.986268 -63.6377 0.968559
0.986418 -63.6274 0.968709
0.986568 -63.6172 0.968859
0.986718  -63.607  0.96901
0.986868 -63.5967  0.96916
0.987019 -63.5865  0.96931
0.987169 -63.5763  0.96946
0.987319  -63.566  0.96961
0.987469 -63.5558  0.96976
0.987619 -63.5456  0.96991
0.987769 -63.5354  0.97006
0.987919 -63.5251  0.97021
0.988069 -63.5149  0.97021
0.988219 -63.5047  0.97036
0.988369 -63.4945  0.97051
0.988519 -63.4843  0.97066
0.988669 -63.4741  0.97081
0.988819 -63.4639  0.97096
0.988969 -63.4537 0.971111
 0.98912 -63.4435 0.971261
 0.98927 -63.4333 0.971411
 0.98942 -63.4231 0.971561
 0.98957 -63.4129 0.971711
 0.98972 -63.4027 0.971861
 0.98987 -63.3926 0.972011
 0.99002 -63.3824 0.972161
 0.99017 -63.3722 0.972311
 0.99032  -63.362 0.972461
 0.99047 -63.3519 0.972611
 0.99062 -63.3417 0.972761
 0.99077 -63.3315 0.972761
 0.99092 -63.3214 0.972911
0.991071 -63.3112 0.973062
0.991221 -63.3011 0.973212
0.991371 -63.2909 0.973362
0.991521 -63.2808 0.973512
0.991671 -63.2706 0.973662
0.991821 -63.2605 0.973812
0.991971 -63.2503 0.973962
0.992121 -63.2402 0.974112
0.992271 -63.2301 0.974262
0.992421 -63.2199 0.974412
0.992571 -63.2098 0.974562
0.992721 -63.1997 0.974712
0.992871 -63.1896 0.974862
0.993022 -63.1795 0.975013
0.993172 -63.1693 0.975163
0.993322 -63.1592 0.975313
0.993472 -63.1491 0.975313
0.993622  -63.139 0.975463
0.993772 -63.1289 0.975613
0.993922 -63.1188 0.975763
0.994072 -63.1087 0.975913
0.994222 -63.0986 0.976063
0.994372 -63.0885 0.976213
0.994522 -63.0784 0.976363
0.994672 -63.0683 0.976513
0.994822 -63.0583 0.976663
0.994972 -63.0482 0.976813
0.995123 -63.0381 0.976963
0.995273  -63.028 0.977114
0.995423 -63.0179 0.977264
0.995573 -63.0079 0.977414
0.995723 -62.9978 0.977564
0.995873 -62.9877 0.977714
0.996023 -62.9777 0.977864
0.996173 -62.9676 0.977864
0.996323 -62.9576 0.978014
0.996473 -62.9475 0.978164
0.996623 -62.9375 0.978314
0.996773 -62.9274 0.978464
0.996923 -62.9174 0.978614
0.997074 -62.9073 0.978764
0.997224 -62.8973 0.978914
0.997374 -62.8873 0.979065
0.997524 -62.8772 0.979215
0.997674 -62.8672 0.979365
0.997824 -62.8572 0.979515
0.997974 -62.8471 0.979665
0.998124 -62.8371 0.979815
0.998274 -62.8271 0.979965
0.998424 -62.8171 0.980115
0.998574 -62.8071 0.980265
0.998724 -62.7971 0.980415
0.998874 -62.7871 0.980415
0.999025 -62.7771 0.980565
0.999175 -62.7671 0.980715
0.999325 -62.7571 0.980865
0.999475 -62.7471 0.981016
0.999625 -62.7371 0.981166
0.999775 -62.7271 0.981316
0.999925 -62.7171 0.981466
 1.00008 -62.7071 0.981616
 1.00023 -62.6971 0.981766
 1.00038 -62.6871 0.981916
 1.00053 -62.6772 0.982066
 1.00068 -62.6672 0.982216
 1.00083 -62.6572 0.982366
 1.00098 -62.6473 0.982516
 1.00113 -62.6373 0.982666
 1.00128 -62.6273 0.982816
 1.00143 -62.6174 0.982966
 1.00158 -62.6074 0.982966
 1.00173 -62.5975 0.983117
 1.00188 -62.5875 0.983267
 1.00203 -62.5776 0.983417
 1.00218 -62.5676 0.983567
 1.00233 -62.5577 0.983717
 1.00248 -62.5477 0.983867
 1.00263 -62.5378 0.984017
 1.00278 -62.5279 0.984167
 1.00293 -62.5179 0.984317
 1.00308  -62.508 0.984467
 1.00323 -62.4981 0.984617
 1.00338 -62.4882 0.984767
 1.00353 -62.4782 0.984917
 1.00368 -62.4683 0.985068
 1.00383 -62.4584 0.985218
 1.00398 -62.4485 0.985368
 1.00413 -62.4386 0.985518
 1.00428 -62.4287 0.985668
 1.00443 -62.4188 0.985668
 1.00458 -62.4089 0.985818
 1.00473  -62.399 0.985968
 1.00488 -62.3891 0.986118
 1.00503 -62.3792 0.986268
 1.00518 -62.3693 0.986418
 1.00533 -62.3594 0.986568
 1.00548 -62.3495 0.986718
 1.00563 -62.3397 0.986868
 1.00578 -62.3298 0.987019
 1.00593 -62.3199 0.987169
 1.00608   -62.31 0.987319
 1.00623 -62.3002 0.987469
 1.00638 -62.2903 0.987619
 1.00653 -62.2804 0.987769
 1.00668 -62.2706 0.987919
 1.00683 -62.2607 0.988069
 1.00698 -62.2509 0.988219
 1.00713  -62.241 0.988219
 1.00728 -62.2312 0.988369
 1.00743 -62.2213 0.988519
 1.00758 -62.2115 0.988669
 1.00773 -62.2016 0.988819
 1.00788 -62.1918 0.988969
 1.00803  -62.182  0.98912
 1.00818 -62.1721  0.98927
 1.00833 -62.1623  0.98942
 1.00848 -62.1525  0.98957
 1.00863 -62.1426  0.98972
 1.00878 -62.1328  0.98987
 1.00893  -62.123  0.99002
 1.00908 -62.1132  0.99017
 1.00923 -62.1034  0.99032
 1.00938 -62.0936  0.99047
 1.00953 -62.0838  0.99062
 1.00968 -62.0739  0.99077
 1.00983 -62.0641  0.99092
 1.00998 -62.0543  0.99092
 1.01013 -62.0445 0.991071
 1.01028 -62.0348 0.991221
 1.01043  -62.025 0.991371
 1.01058 -62.0152 0.991521
 1.01073 -62.0054 0.991671
 1.01088 -61.9956 0.991821
 1.01103 -61.9858 0.991971
 1.01118  -61.976 0.992121
 1.01133 -61.9663 0.992271
 1.01148 -61.9565 0.992421
 1.01163 -61.9467 0.992571
 1.01178  -61.937 0.992721
 1.01193 -61.9272 0.992871
 1.01208 -61.9174 0.993022
 1.01223 -61.9077 0.993172
 1.01238 -61.8979 0.993322
 1.01253 -61.8882 0.993472
 1.01268 -61.8784 0.993472
 1.01283 -61.8687 0.993622
 1.01298 -61.8589 0.993772
 1.01313 -61.8492 0.993922
 1.01328 -61.8394 0.994072
 1.01343 -61.8297 0.994222
 1.01358   -61.82 0.994372
 1.01373 -61.8102 0.994522
 1.01388 -61.8005 0.994672
 1.01403 -61.7908 0.994822
 1.01418 -61.7811 0.994972
 1.01433 -61.7713 0.995123
 1.01448 -61.7616 0.995273
 1.01463 -61.7519 0.995423
 1.01478 -61.7422 0.995573
 1.01493 -61.7325 0.995723
 1.01508 -61.7228 0.995873
 1.01523 -61.7131 0.996023
 1.01538 -61.7034 0.996023
 1.01553 -61.6937 0.996173
 1.01568  -61.684 0.996323
 1.01583 -61.6743 0.996473
 1.01598 -61.6646 0.996623
 1.01613 -61.6549 0.996773
 1.01628 -61.6452 0.996923
 1.01643 -61.6355 0.997074
 1.01658 -61.6258 0.997224
 1.01673 -61.6162 0.997374
 1.01688 -61.6065 0.997524
 1.01703 -61.5968 0.997674
 1.01718 -61.5871 0.997824
 1.01733 -61.5775 0.997974
 1.01748 -61.5678 0.998124
 1.01763 -61.5582 0.998274
 1.01778 -61.5485 0.998424
 1.01793 -61.5388 0.998574
 1.01808 -61.5292 0.998724
 1.01823 -61.5195 0.998724
 1.01838 -61.5099 0.998874
 1.01853 -61.5002 0.999025
 1.01868 -61.4906 0.999175
 1.01883  -61.481 0.999325
 1.01898 -61.4713 0.999475
 1.01913 -61.4617 0.999625
 1.01928 -61.4521 0.999775
 1.01943 -61.4424 0.999925
 1.01958 -61.4328  1.00008
 1.01973 -61.4232  1.00023
 1.01988 -61.4136  1.00038
 1.02004 -61.4039  1.00053
 1.02019 -61.3943  1.00068
 1.02034 -61.3847  1.00083
 1.02049 -61.3751  1.00098
 1.02064 -61.3655  1.00113
 1.02079 -61.3559  1.00128
 1.02094 -61.3463  1.00128
 1.02109 -61.3367  1.00143
 1.02124 -61.3271  1.00158
 1.02139 -61.3175  1.00173
 1.02154 -61.3079  1.00188
 1.02169 -61.2983  1.00203
 1.02184 -61.2887  1.00218
 1.02199 -61.2791  1.00233
 1.02214 -61.2696  1.00248
 1.02229   -61.26  1.00263
 1.02244 -61.2504  1.00278
 1.02259 -61.2408  1.00293
 1.02274 -61.2313  1.00308
 1.02289 -61.2217  1.00323
 1.02304 -61.2121  1.00338
 1.02319 -61.2026  1.00353
 1.02334  -61.193  1.00368
 1.02349 -61.1834  1.00383
 1.02364 -61.1739  1.00398
 1.02379 -61.1643  1.00398
 1.02394 -61.1548  1.00413
 1.02409 -61.1452  1.00428
 1.02424 -61.1357  1.00443
 1.02439 -61.1262  1.00458
 1.02454 -61.1166  1.00473
 1.02469 -61.1071  1.00488
 1.02484 -61.0975  1.00503
 1.02499  -61.088  1.00518
 1.02514 -61.0785  1.00533
 1.02529  -61.069  1.00548
 1.02544 -61.0594  1.00563
 1.02559 -61.0499  1.00578
 1.02574 -61.0404  1.00593
 1.02589 -61.0309  1.00608
 1.02604 -61.0214  1.00623
 1.02619 -61.0119  1.00638
 1.02634 -61.0024  1.00653
 1.02649 -60.9929  1.00653
 1.02664 -60.9834  1.00668
 1.02679 -60.9739  1.00683
 1.02694 -60.9644  1.00698
 1.02709 -60.9549  1.00713
 1.02724 -60.9454  1.00728
 1.02739 -60.9359  1.00743
 1.02754 -60.9264  1.00758
 1.02769 -60.9169  1.00773
 1.02784 -60.9074  1.00788
 1.02799  -60.898  1.00803
 1.02814 -60.8885  1.00818
 1.02829  -60.879  1.00833
 1.02844 -60.8695  1.00848
 1.02859 -60.8601  1.00863
 1.02874 -60.8506  1.00878
 1.02889 -60.8411  1.00893
 1.02904 -60.8317  1.00908
 1.02919 -60.8222  1.00908
 1.02934 -60.8128  1.00923
 1.02949 -60.8033  1.00938
 1.02964 -60.7939  1.00953
 1.02979 -60.7844  1.00968
 1.02994  -60.775  1.00983
 1.03009 -60.7655  1.00998
 1.03024 -60.7561  1.01013
 1.03039 -60.7467  1.01028
 1.03054 -60.7372  1.01043
 1.03069 -60.7278  1.01058
 1.03084 -60.7184  1.01073
 1.03099 -60.7089  1.01088
 1.03114 -60.6995  1.01103
 1.03129 -60.6901  1.01118
 1.03144 -60.6807  1.01133
 1.03159 -60.6713  1.01148
 1.03174 -60.6618  1.01163
 1.03189 -60.6524  1.01178
 1.03204  -60.643  1.01178
 1.03219 -60.6336  1.01193
 1.03234 -60.6242  1.01208
 1.03249 -60.6148  1.01223
 1.03264 -60.6054  1.01238
 1.03279  -60.596  1.01253
 1.03294 -60.5866  1.01268
 1.03309 -60.5772  1.01283
 1.03324 -60.5679  1.01298
 1.03339 -60.5585  1.01313
 1.03354 -60.5491  1.01328
 1.03369 -60.5397  1.01343
 1.03384 -60.5303  1.01358
 1.03399  -60.521  1.01373
 1.03414 -60.5116  1.01388
 1.03429 -60.5022  1.01403
 1.03444 -60.4928  1.01418
 1.03459 -60.4835  1.01433
 1.03474 -60.4741  1.01433
 1.03489 -60.4648  1.01448
 1.03504 -60.4554  1.01463
 1.03519 -60.4461  1.01478
 1.03534 -60.4367  1.01493
 1.03549 -60.4274  1.01508
 1.03564  -60.418  1.01523
 1.03579 -60.4087  1.01538
 1.03594 -60.3993  1.01553
 1.03609   -60.39  1.01568
 1.03624 -60.3806  1.01583
 1.03639 -60.3713  1.01598
 1.03654  -60.362  1.01613
 1.03669 -60.3527  1.01628
 1.03684 -60.3433  1.01643
 1.03699  -60.334  1.01658
 1.03714 -60.3247  1.01673
 1.03729 -60.3154  1.01688
 1.03744 -60.3061  1.01703
 1.03759 -60.2967  1.01703
 1.03774 -60.2874  1.01718
 1.03789 -60.2781  1.01733
 1.03804 -60.2688  1.01748
 1.03819 -60.2595  1.01763
 1.03834 -60.2502  1.01778
 1.03849 -60.2409  1.01793
 1.03864 -60.2316  1.01808
 1.03879 -60.2223  1.01823
 1.03894  -60.213  1.01838
 1.03909 -60.2037  1.01853
 1.03924 -60.1945  1.01868
 1.03939 -60.1852  1.01883
 1.03954 -60.1759  1.01898
 1.03969 -60.1666  1.01913
 1.03984 -60.1574  1.01928
 1.03999 -60.1481  1.01943
 1.04015 -60.1388  1.01958
  1.0403 -60.1295  1.01958
 1.04045 -60.1203  1.01973
  1.0406  -60.111  1.01988
 1.04075 -60.1018  1.02004
  1.0409 -60.0925  1.02019
 1.04105 -60.0832  1.02034
  1.0412  -60.074  1.02049
 1.04135 -60.0647  1.02064
  1.0415 -60.0555  1.02079
 1.04165 -60.0463  1.02094
  1.0418  -60.037  1.02109
 1.04195 -60.0278  1.02124
  1.0421 -60.0185  1.02139
 1.04225 -60.0093  1.02154
  1.0424 -60.0001  1.02169
 1.04255 -59.9908  1.02184
  1.0427 -59.9816  1.02199
 1.04285 -59.9724  1.02214
   1.043 -59.9632  1.02214
 1.04315 -59.9539  1.02229
  1.0433 -59.9447  1.02244
 1.04345 -59.9355  1.02259
  1.0436 -59.9263  1.02274
 1.04375 -59.9171  1.02289
  1.0439 -59.9079  1.02304
 1.04405 -59.8987  1.02319
  1.0442 -59.8895  1.02334
 1.04435 -59.8803  1.02349
  1.0445 -59.8711  1.02364
 1.04465 -59.8619  1.02379
  1.0448 -59.8527  1.02394
 1.04495 -59.8435  1.02409
  1.0451 -59.8343  1.02424
 1.04525 -59.8251  1.02439
  1.0454  -59.816  1.02454
 1.04555 -59.8068  1.02469
  1.0457 -59.7976  1.02469
 1.04585 -59.7884  1.02484
   1.046 -59.7793  1.02499
 1.04615 -59.7701  1.02514
  1.0463 -59.7609  1.02529
 1.04645 -59.7518  1.02544
  1.0466 -59.7426  1.02559
 1.04675 -59.7334  1.02574
  1.0469 -59.7243  1.02589
 1.04705 -59.7151  1.02604
  1.0472  -59.706  1.02619
 1.04735 -59.6968  1.02634
  1.0475 -59.6877  1.02649
 1.04765 -59.6786  1.02664
  1.0478 -59.6694  1.02679
 1.04795 -59.6603  1.02694
  1.0481 -59.6511  1.02709
 1.04825  -59.642  1.02724
  1.0484 -59.6329  1.02724
 1.04855 -59.6237  1.02739
  1.0487 -59.6146  1.02754
 1.04885 -59.6055  1.02769
   1.049 -59.5964  1.02784
 1.04915 -59.5873  1.02799
  1.0493 -59.5781  1.02814
 1.04945  -59.569  1.02829
  1.0496 -59.5599  1.02844
 1.04975 -59.5508  1.02859
  1.0499 -59.5417  1.02874
 1.05005 -59.5326  1.02889
  1.0502 -59.5235  1.02904
 1.05035 -59.5144  1.02919
  1.0505 -59.5053  1.02934
 1.05065 -59.4962  1.02949
  1.0508 -59.4871  1.02964
 1.05095  -59.478  1.02979
  1.0511 -59.4689  1.02979
 1.05125 -59.4599  1.02994
  1.0514 -59.4508  1.03009
 1.05155 -59.4417  1.03024
  1.0517 -59.4326  1.03039
 1.05185 -59.4235  1.03054
   1.052 -59.4145  1.03069
 1.05215 -59.4054  1.03084
  1.0523 -59.3963  1.03099
 1.05245 -59.3873  1.03114
  1.0526 -59.3782  1.03129
 1.05275 -59.3692  1.03144
  1.0529 -59.3601  1.03159
 1.05305  -59.351  1.03174
  1.0532  -59.342  1.03189
 1.05335 -59.3329  1.03204
  1.0535 -59.3239  1.03219
 1.05365 -59.3148  1.03234
  1.0538 -59.3058  1.03234
 1.05395 -59.2968  1.03249
  1.0541 -59.2877  1.03264
 1.05425 -59.2787  1.03279
  1.0544 -59.2697  1.03294
 1.05455 -59.2606  1.03309
  1.0547 -59.2516  1.03324
 1.05485 -59.2426  1.03339
   1.055 -59.2336  1.03354
 1.05515 -59.2245  1.03369
  1.0553 -59.2155  1.03384
 1.05545 -59.2065  1.03399
  1.0556 -59.1975  1.03414
 1.05575 -59.1885  1.03429
  1.0559 -59.1795  1.03444
 1.05605 -59.1705  1.03459
  1.0562 -59.1615  1.03474
 1.05635 -59.1525  1.03489
  1.0565 -59.1435  1.03489
 1.05665 -59.1345  1.03504
  1.0568 -59.1255  1.03519
 1.05695 -59.1165  1.03534
  1.0571 -59.1075  1.03549
 1.05725 -59.0985  1.03564
  1.0574 -59.0895  1.03579
 1.05755 -59.0806  1.03594
  1.0577 -59.0716  1.03609
 1.05785 -59.0626  1.03624
   1.058 -59.0536  1.03639
 1.05815 -59.0447  1.03654
  1.0583 -59.0357  1.03669
 1.05845 -59.0267  1.03684
  1.0586 -59.0178  1.03699
 1.05875 -59.0088  1.03714
  1.0589 -58.9998  1.03729
 1.05905 -58.9909  1.03744
  1.0592 -58.9819  1.03744
 1.05935  -58.973  1.03759
  1.0595  -58.964  1.03774
 1.05965 -58.9551  1.03789
  1.0598 -58.9461  1.03804
 1.05995 -58.9372  1.03819
 1.06011 -58.9283  1.03834
 1.06026 -58.9193  1.03849
 1.06041 -58.9104  1.03864
 1.06056 -58.9015  1.03879
 1.06071 -58.8925  1.03894
 1.06086 -58.8836  1.03909
 1.06101 -58.8747  1.03924
 1.06116 -58.8658  1.03939
 1.06131 -58.8568  1.03954
 1.06146 -58.8479  1.03969
 1.06161  -58.839  1.03984
 1.06176 -58.8301  1.03999
 1.06191 -58.8212  1.03999
 1.06206 -58.8123  1.04015
 1.06221 -58.8034   1.0403
 1.06236 -58.7945  1.04045
 1.06251 -58.7856   1.0406
 1.06266 -58.7767  1.04075
 1.06281 -58.7678   1.0409
 1.06296 -58.7589  1.04105
 1.06311   -58.75   1.0412
 1.06326 -58.7411  1.04135
 1.06341 -58.7322   1.0415
 1.06356 -58.7233  1.04165
 1.06371 -58.7145   1.0418
 1.06386 -58.7056  1.04195
 1.06401 -58.6967   1.0421
 1.06416 -58.6878  1.04225
 1.06431  -58.679   1.0424
 1.06446 -58.6701   1.0424
 1.06461 -58.6612  1.04255
 1.06476 -58.6524   1.0427
 1.06491 -58.6435  1.04285
 1.06506 -58.6346    1.043
 1.06521 -58.6258  1.04315
 1.06536 -58.6169   1.0433
 1.06551 -58.6081  1.04345
 1.06566 -58.5992   1.0436
 1.06581 -58.5904  1.04375
 1.06596 -58.5815   1.0439
 1.06611 -58.5727  1.04405
 1.06626 -58.5639   1.0442
 1.06641  -58.555  1.04435
 1.06656 -58.5462   1.0445
 1.06671 -58.5374  1.04465
 1.06686 -58.5285   1.0448
 1.06701 -58.5197   1.0448
 1.06716 -58.5109  1.04495
 1.06731 -58.5021   1.0451
 1.06746 -58.4932  1.04525
 1.06761 -58.4844   1.0454
 1.06776 -58.4756  1.04555
 1.06791 -58.4668   1.0457
 1.06806  -58.458  1.04585
 1.06821 -58.4492    1.046
 1.06836 -58.4404  1.04615
 1.06851 -58.4316   1.0463
 1.06866 -58.4228  1.04645
 1.06881  -58.414   1.0466
 1.06896 -58.4052  1.04675
 1.06911 -58.3964   1.0469
 1.06926 -58.3876  1.04705
 1.06941 -58.3788   1.0472
 1.06956   -58.37  1.04735
 1.06971 -58.3612  1.04735
 1.06986 -58.3524   1.0475
 1.07001 -58.3437  1.04765
 1.07016 -58.3349   1.0478
 1.07031 -58.3261  1.04795
 1.07046 -58.3173   1.0481
 1.07061 -58.3086  1.04825
 1.07076 -58.2998   1.0484
 1.07091  -58.291  1.04855
 1.07106 -58.2823   1.0487
 1.07121 -58.2735  1.04885
 1.07136 -58.2647    1.049
 1.07151  -58.256  1.04915
 1.07166 -58.2472   1.0493
 1.07181 -58.2385  1.04945
 1.07196 -58.2297   1.0496
 1.07211  -58.221  1.04975
 1.07226 -58.2123  1.04975
 1.07241 -58.2035   1.0499
 1.07256 -58.1948  1.05005
 1.07271  -58.186   1.0502
 1.07286 -58.1773  1.05035
 1.07301 -58.1686   1.0505
 1.07316 -58.1598  1.05065
 1.07331 -58.1511   1.0508
 1.07346 -58.1424  1.05095
 1.07361 -58.1337   1.0511
 1.07376 -58.1249  1.05125
 1.07391 -58.1162   1.0514
 1.07406 -58.1075  1.05155
 1.07421 -58.0988   1.0517
 1.07436 -58.0901  1.05185
 1.07451 -58.0814    1.052
 1.07466 -58.0727  1.05215
 1.07481  -58.064  1.05215
 1.07496 -58.0553   1.0523
 1.07511 -58.0466  1.05245
 1.07526 -58.0379   1.0526
 1.07541 -58.0292  1.05275
 1.07556 -58.0205   1.0529
 1.07571 -58.0118  1.05305
 1.07586 -58.0031   1.0532
 1.07601 -57.9944  1.05335
 1.07616 -57.9858   1.0535
 1.07631 -57.9771  1.05365
 1.07646 -57.9684   1.0538
 1.07661 -57.9597  1.05395
 1.07676 -57.9511   1.0541
 1.07691 -57.9424  1.05425
 1.07706 -57.9337   1.0544
 1.07721 -57.9251  1.05455
 1.07736 -57.9164  1.05455
 1.07751 -57.9077   1.0547
 1.07766 -57.8991  1.05485
 1.07781 -57.8904    1.055
 1.07796 -57.8818  1.05515
 1.07811 -57.8731   1.0553
 1.07826 -57.8645  1.05545
 1.07841 -57.8558   1.0556
 1.07856 -57.8472  1.05575
 1.07871 -57.8385   1.0559
 1.07886 -57.8299  1.05605
 1.07901 -57.8213   1.0562
 1.07916 -57.8126  1.05635
 1.07931  -57.804   1.0565
 1.07946 -57.7954  1.05665
 1.07961 -57.7867   1.0568
 1.07976 -57.7781   1.0568
 1.07991 -57.7695  1.05695
 1.08007 -57.7609   1.0571
 1.08022 -57.7523  1.05725
 1.08037 -57.7436   1.0574
 1.08052  -57.735  1.05755
 1.08067 -57.7264   1.0577
 1.08082 -57.7178  1.05785
 1.08097 -57.7092    1.058
 1.08112 -57.7006  1.05815
 1.08127  -57.692   1.0583
 1.08142 -57.6834  1.05845
 1.08157 -57.6748   1.0586
 1.08172 -57.6662  1.05875
 1.08187 -57.6576   1.0589
 1.08202  -57.649  1.05905
 1.08217 -57.6404   1.0592
 1.08232 -57.6319   1.0592
 1.08247 -57.6233  1.05935
 1.08262 -57.6147   1.0595
 1.08277 -57.6061  1.05965
 1.08292 -57.5975   1.0598
 1.08307  -57.589  1.05995
 1.08322 -57.5804  1.06011
 1.08337 -57.5718  1.06026
 1.08352 -57.5633  1.06041
 1.08367 -57.5547  1.06056
 1.08382 -57.5461  1.06071
 1.08397 -57.5376  1.06086
 1.08412  -57.529  1.06101
 1.08427 -57.5205  1.06116
 1.08442 -57.5119  1.06131
 1.08457 -57.5034  1.06131
 1.08472 -57.4948  1.06146
 1.08487 -57.4863  1.06161
 1.08502 -57.4777  1.06176
 1.08517 -57.4692  1.06191
 1.08532 -57.4607  1.06206
 1.08547 -57.4521  1.06221
 1.08562 -57.4436  1.06236
 1.08577 -57.4351  1.06251
 1.08592 -57.4265  1.06266
 1.08607  -57.418  1.06281
 1.08622 -57.4095  1.06296
 1.08637  -57.401  1.06311
 1.08652 -57.3925  1.06326
 1.08667 -57.3839  1.06341
 1.08682 -57.3754  1.06356
 1.08697 -57.3669  1.06356
 1.08712 -57.3584  1.06371
 1.08727 -57.3499  1.06386
 1.08742 -57.3414  1.06401
 1.08757 -57.3329  1.06416
 1.08772 -57.3244  1.06431
 1.08787 -57.3159  1.06446
 1.08802 -57.3074  1.06461
 1.08817 -57.2989  1.06476
 1.08832 -57.2904  1.06491
 1.08847 -57.2819  1.06506
 1.08862 -57.2735  1.06521
 1.08877  -57.265  1.06536
 1.08892 -57.2565  1.06551
 1.08907  -57.248  1.06566
 1.08922 -57.2395  1.06581
 1.08937 -57.2311  1.06581
 1.08952 -57.2226  1.06596
 1.08967 -57.2141  1.06611
 1.08982 -57.2057  1.06626
 1.08997 -57.1972  1.06641
 1.09012 -57.1887  1.06656
 1.09027 -57.1803  1.06671
 1.09042 -57.1718  1.06686
 1.09057 -57.1634  1.06701
 1.09072 -57.1549  1.06716
 1.09087 -57.1465  1.06731
 1.09102  -57.138  1.06746
 1.09117 -57.1296  1.06761
 1.09132 -57.1211  1.06776
 1.09147 -57.1127  1.06791
 1.09162 -57.1043  1.06806
 1.09177 -57.0958  1.06806
 1.09192 -57.0874  1.06821
 1.09207  -57.079  1.06836
 1.09222 -57.0705  1.06851
 1.09237 -57.0621  1.06866
 1.09252 -57.0537  1.06881
 1.09267 -57.0453  1.06896
 1.09282 -57.0368  1.06911
 1.09297 -57.0284  1.06926
 1.09312   -57.02  1.06941
 1.09327 -57.0116  1.06956
 1.09342 -57.0032  1.06971
 1.09357 -56.9948  1.06986
 1.09372 -56.9864  1.07001
 1.09387  -56.978  1.07016
 1.09402 -56.9696  1.07016
 1.09417 -56.9612  1.07031
 1.09432 -56.9528  1.07046
 1.09447 -56.9444  1.07061
 1.09462  -56.936  1.07076
 1.09477 -56.9276  1.07091
 1.09492 -56.9192  1.07106
 1.09507 -56.9108  1.07121
 1.09522 -56.9025  1.07136
 1.09537 -56.8941  1.07151
 1.09552 -56.8857  1.07166
 1.09567 -56.8773  1.07181
 1.09582  -56.869  1.07196
 1.09597 -56.8606  1.07211
 1.09612 -56.8522  1.07226
 1.09627 -56.8439  1.07226
 1.09642 -56.8355  1.07241
 1.09657 -56.8271  1.07256
 1.09672 -56.8188  1.07271
 1.09687 -56.8104  1.07286
 1.09702 -56.8021  1.07301
 1.09717 -56.7937  1.07316
 1.09732 -56.7854  1.07331
 1.09747  -56.777  1.07346
 1.09762 -56.7687  1.07361
 1.09777 -56.7603  1.07376
 1.09792  -56.752  1.07391
 1.09807 -56.7437  1.07406
 1.09822 -56.7353  1.07421
 1.09837  -56.727  1.07436
 1.09852 -56.7187  1.07451
 1.09867 -56.7103  1.07451
 1.09882  -56.702  1.07466
 1.09897 -56.6937  1.07481
 1.09912 -56.6854  1.07496
 1.09927  -56.677  1.07511
 1.09942 -56.6687  1.07526
 1.09957 -56.6604  1.07541
 1.09972 -56.6521  1.07556
 1.09987 -56.6438  1.07571
 1.10003 -56.6355  1.07586
 1.10018 -56.6272  1.07601
 1.10033 -56.6189  1.07616
 1.10048 -56.6106  1.07631
 1.10063 -56.6023  1.07646
 1.10078  -56.594  1.07661
 1.10093 -56.5857  1.07661
 1.10108 -56.5774  1.07676
 1.10123 -56.5691  1.07691
 1.10138 -56.5608  1.07706
 1.10153 -56.5525  1.07721
 1.10168 -56.5443  1.07736
 1.10183  -56.536  1.07751
 1.10198 -56.5277  1.07766
 1.10213 -56.5194  1.07781
 1.10228 -56.5112  1.07796
 1.10243 -56.5029  1.07811
 1.10258 -56.4946  1.07826
 1.10273 -56.4864  1.07841
 1.10288 -56.4781  1.07856
 1.10303 -56.4698  1.07856
 1.10318 -56.4616  1.07871
 1.10333 -56.4533  1.07886
 1.10348 -56.4451  1.07901
 1.10363 -56.4368  1.07916
 1.10378 -56.4286  1.07931
 1.10393 -56.4203  1.07946
 1.10408 -56.4121  1.07961
 1.10423 -56.4038  1.07976
 1.10438 -56.3956  1.07991
 1.10453 -56.3874  1.08007
 1.10468 -56.3791  1.08022
 1.10483 -56.3709  1.08037
 1.10498 -56.3627  1.08052
 1.10513 -56.3544  1.08052
 1.10528 -56.3462  1.08067
 1.10543  -56.338  1.08082
 1.10558 -56.3298  1.08097
 1.10573 -56.3216  1.08112
 1.10588 -56.3133  1.08127
 1.10603 -56.3051  1.08142
 1.10618 -56.2969  1.08157
 1.10633 -56.2887  1.08172
 1.10648 -56.2805  1.08187
 1.10663 -56.2723  1.08202
 1.10678 -56.2641  1.08217
 1.10693 -56.2559  1.08232
 1.10708 -56.2477  1.08247
 1.10723 -56.2395  1.08247
 1.10738 -56.2313  1.08262
 1.10753 -56.2231  1.08277
 1.10768 -56.2149  1.08292
 1.10783 -56.2068  1.08307
 1.10798 -56.1986  1.08322
 1.10813 -56.1904  1.08337
 1.10828 -56.1822  1.08352
 1.10843  -56.174  1.08367
 1.10858 -56.1659  1.08382
 1.10873 -56.1577  1.08397
 1.10888 -56.1495  1.08412
 1.10903 -56.1414  1.08427
 1.10918 -56.1332  1.08442
 1.10933  -56.125  1.08442
 1.10948 -56.1169  1.08457
 1.10963 -56.1087  1.08472
 1.10978 -56.1006  1.08487
 1.10993 -56.0924  1.08502
 1.11008 -56.0843  1.08517
 1.11023 -56.0761  1.08532
 1.11038  -56.068  1.08547
 1.11053 -56.0598  1.08562
 1.11068 -56.0517  1.08577
 1.11083 -56.0436  1.08592
 1.11098 -56.0354  1.08607
 1.11113 -56.0273  1.08622
 1.11128 -56.0192  1.08637
 1.11143  -56.011  1.08637
 1.11158 -56.0029  1.08652
 1.11173 -55.9948  1.08667
 1.11188 -55.9867  1.08682
 1.11203 -55.9786  1.08697
 1.11218 -55.9704  1.08712
 1.11233 -55.9623  1.08727
 1.11248 -55.9542  1.08742
 1.11263 -55.9461  1.08757
 1.11278  -55.938  1.08772
 1.11293 -55.9299  1.08787
 1.11308 -55.9218  1.08802
 1.11323 -55.9137  1.08817
 1.11338 -55.9056  1.08817
 1.11353 -55.8975  1.08832
 1.11368 -55.8894  1.08847
 1.11383 -55.8813  1.08862
 1.11398 -55.8732  1.08877
 1.11413 -55.8651  1.08892
 1.11428 -55.8571  1.08907
 1.11443  -55.849  1.08922
 1.11458 -55.8409  1.08937
 1.11473 -55.8328  1.08952
 1.11488 -55.8247  1.08967
 1.11503 -55.8167  1.08982
 1.11518 -55.8086  1.08997
 1.11533 -55.8005  1.08997
 1.11548 -55.7925  1.09012
 1.11563 -55.7844  1.09027
 1.11578 -55.7764  1.09042
 1.11593 -55.7683  1.09057
 1.11608 -55.7602  1.09072
 1.11623 -55.7522  1.09087
 1.11638 -55.7441  1.09102
 1.11653 -55.7361  1.09117
 1.11668  -55.728  1.09132
 1.11683   -55.72  1.09147
 1.11698  -55.712  1.09162
 1.11713 -55.7039  1.09177
 1.11728 -55.6959  1.09177
 1.11743 -55.6879  1.09192
 1.11758 -55.6798  1.09207
 1.11773 -55.6718  1.09222
 1.11788 -55.6638  1.09237
 1.11803 -55.6557  1.09252
 1.11818 -55.6477  1.09267
 1.11833 -55.6397  1.09282
 1.11848 -55.6317  1.09297
 1.11863 -55.6237  1.09312
 1.11878 -55.6157  1.09327
 1.11893 -55.6077  1.09327
 1.11908 -55.5997  1.09342
 1.11923 -55.5917  1.09357
 1.11938 -55.5837  1.09372
 1.11953 -55.5757  1.09387
 1.11968 -55.5677  1.09402
 1.11983 -55.5597  1.09417
 1.11998 -55.5517  1.09432
 1.12014 -55.5437  1.09447
 1.12029 -55.5357  1.09462
 1.12044 -55.5277  1.09477
 1.12059 -55.5197  1.09477
 1.12074 -55.5118  1.09492
 1.12089 -55.5038  1.09507
 1.12104 -55.4958  1.09522
 1.12119 -55.4878  1.09537
 1.12134 -55.4799  1.09552
 1.12149 -55.4719  1.09567
 1.12164 -55.4639  1.09582
 1.12179  -55.456  1.09597
 1.12194  -55.448  1.09612
 1.12209 -55.4401  1.09627
 1.12224 -55.4321  1.09642
 1.12239 -55.4242  1.09642
 1.12254 -55.4162  1.09657
 1.12269 -55.4083  1.09672
 1.12284 -55.4003  1.09687
 1.12299 -55.3924  1.09702
 1.12314 -55.3844  1.09717
 1.12329 -55.3765  1.09732
 1.12344 -55.3686  1.09747
 1.12359 -55.3606  1.09762
 1.12374 -55.3527  1.09777
 1.12389 -55.3448  1.09792
 1.12404 -55.3369  1.09792
 1.12419 -55.3289  1.09807
 1.12434  -55.321  1.09822
 1.12449 -55.3131  1.09837
 1.12464 -55.3052  1.09852
 1.12479 -55.2973  1.09867
 1.12494 -55.2894  1.09882
 1.12509 -55.2815  1.09897
 1.12524 -55.2736  1.09912
 1.12539 -55.2657  1.09927
 1.12554 -55.2578  1.09942
 1.12569 -55.2499  1.09942
 1.12584  -55.242  1.09957
 1.12599 -55.2341  1.09972
 1.12614 -55.2262  1.09987
 1.12629 -55.2183  1.10003
 1.12644 -55.2104  1.10018
 1.12659 -55.2025  1.10033
 1.12674 -55.1946  1.10048
 1.12689 -55.1868  1.10063
 1.12704 -55.1789  1.10078
 1.12719  -55.171  1.10093
 1.12734 -55.1632  1.10093
 1.12749 -55.1553  1.10108
 1.12764 -55.1474  1.10123
 1.12779 -55.1396  1.10138
 1.12794 -55.1317  1.10153
 1.12809 -55.1238  1.10168
 1.12824  -55.116  1.10183
 1.12839 -55.1081  1.10198
 1.12854 -55.1003  1.10213
 1.12869 -55.0924  1.10228
 1.12884 -55.0846  1.10243
 1.12899 -55.0768  1.10243
 1.12914 -55.0689  1.10258
 1.12929 -55.0611  1.10273
 1.12944 -55.0533  1.10288
 1.12959 -55.0454  1.10303
 1.12974 -55.0376  1.10318
 1.12989 -55.0298  1.10333
 1.13004 -55.0219  1.10348
 1.13019 -55.0141  1.10363
 1.13034 -55.0063  1.10378
 1.13049 -54.9985  1.10378
 1.13064 -54.9907  1.10393
 1.13079 -54.9829  1.10408
 1.13094  -54.975  1.10423
 1.13109 -54.9672  1.10438
 1.13124 -54.9594  1.10453
 1.13139 -54.9516  1.10468
 1.13154 -54.9438  1.10483
 1.13169  -54.936  1.10498
 1.13184 -54.9282  1.10513
 1.13199 -54.9204  1.10528
 1.13214 -54.9127  1.10528
 1.13229 -54.9049  1.10543
 1.13244 -54.8971  1.10558
 1.13259 -54.8893  1.10573
 1.13274 -54.8815  1.10588
 1.13289 -54.8737  1.10603
 1.13304  -54.866  1.10618
 1.13319 -54.8582  1.10633
 1.13334 -54.8504  1.10648
 1.13349 -54.8427  1.10663
 1.13364 -54.8349  1.10663
 1.13379 -54.8271  1.10678
 1.13394 -54.8194  1.10693
 1.13409 -54.8116  1.10708
 1.13424 -54.8039  1.10723
 1.13439 -54.7961  1.10738
 1.13454 -54.7884  1.10753
 1.13469 -54.7806  1.10768
 1.13484 -54.7729  1.10783
 1.13499 -54.7651  1.10798
 1.13514 -54.7574  1.10798
 1.13529 -54.7497  1.10813
 1.13544 -54.7419  1.10828
 1.13559 -54.7342  1.10843
 1.13574 -54.7265  1.10858
 1.13589 -54.7187  1.10873
 1.13604  -54.711  1.10888
 1.13619 -54.7033  1.10903
 1.13634 -54.6956  1.10918
 1.13649 -54.6878  1.10933
 1.13664 -54.6801  1.10948
 1.13679 -54.6724  1.10948
 1.13694 -54.6647  1.10963
 1.13709  -54.657  1.10978
 1.13724 -54.6493  1.10993
 1.13739 -54.6416  1.11008
 1.13754 -54.6339  1.11023
 1.13769 -54.6262  1.11038
 1.13784 -54.6185  1.11053
 1.13799 -54.6108  1.11068
 1.13814 -54.6031  1.11083
 1.13829 -54.5954  1.11083
 1.13844 -54.5878  1.11098
 1.13859 -54.5801  1.11113
 1.13874 -54.5724  1.11128
 1.13889 -54.5647  1.11143
 1.13904  -54.557  1.11158
 1.13919 -54.5494  1.11173
 1.13934 -54.5417  1.11188
 1.13949  -54.534  1.11203
 1.13964 -54.5264  1.11218
 1.13979 -54.5187  1.11218
 1.13994  -54.511  1.11233
  1.1401 -54.5034  1.11248
 1.14025 -54.4957  1.11263
  1.1404 -54.4881  1.11278
 1.14055 -54.4804  1.11293
  1.1407 -54.4728  1.11308
 1.14085 -54.4651  1.11323
   1.141 -54.4575  1.11338
 1.14115 -54.4499  1.11338
  1.1413 -54.4422  1.11353
 1.14145 -54.4346  1.11368
  1.1416  -54.427  1.11383
 1.14175 -54.4193  1.11398
  1.1419 -54.4117  1.11413
 1.14205 -54.4041  1.11428
  1.1422 -54.3965  1.11443
 1.14235 -54.3888  1.11458
  1.1425 -54.3812  1.11458
 1.14265 -54.3736  1.11473
  1.1428  -54.366  1.11488
 1.14295 -54.3584  1.11503
  1.1431 -54.3508  1.11518
 1.14325 -54.3432  1.11533
  1.1434 -54.3356  1.11548
 1.14355  -54.328  1.11563
  1.1437 -54.3204  1.11578
 1.14385 -54.3128  1.11578
   1.144 -54.3052  1.11593
 1.14415 -54.2976  1.11608
  1.1443   -54.29  1.11623
 1.14445 -54.2825  1.11638
  1.1446 -54.2749  1.11653
 1.14475 -54.2673  1.11668
  1.1449 -54.2597  1.11683
 1.14505 -54.2522  1.11698
  1.1452 -54.2446  1.11698
 1.14535  -54.237  1.11713
  1.1455 -54.2295  1.11728
 1.14565 -54.2219  1.11743
  1.1458 -54.2144  1.11758
 1.14595 -54.2068  1.11773
  1.1461 -54.1992  1.11788
 1.14625 -54.1917  1.11803
  1.1464 -54.1841  1.11803
 1.14655 -54.1766  1.11818
  1.1467 -54.1691  1.11833
 1.14685 -54.1615  1.11848
   1.147  -54.154  1.11863
 1.14715 -54.1465  1.11878
  1.1473 -54.1389  1.11893
 1.14745 -54.1314  1.11908
  1.1476 -54.1239  1.11908
 1.14775 -54.1163  1.11923
  1.1479 -54.1088  1.11938
 1.14805 -54.1013  1.11953
  1.1482 -54.0938  1.11968
 1.14835 -54.0863  1.11983
  1.1485 -54.0788  1.11998
 1.14865 -54.0713  1.12014
  1.1488 -54.0638  1.12014
 1.14895 -54.0563  1.12029
  1.1491 -54.0488  1.12044
 1.14925 -54.0413  1.12059
  1.1494 -54.0338  1.12074
 1.14955 -54.0263  1.12089
  1.1497 -54.0188  1.12104
 1.14985 -54.0113  1.12119
    1.15 -54.0038  1.12134