 kgrid  ValNew  Policy 
    0.85 -79.4267     0.85
 0.85015 -79.4067     0.85
  0.8503 -79.3868     0.85
 0.85045 -79.3669     0.85
  0.8506 -79.3471     0.85
 0.85075 -79.3273     0.85
  0.8509 -79.3076     0.85
0.851051 -79.2879     0.85
0.851201 -79.2682     0.85
0.851351 -79.2486     0.85
0.851501  -79.229     0.85
0.851651 -79.2095     0.85
0.851801   -79.19     0.85
0.851951 -79.1705     0.85
0.852101 -79.1511     0.85
0.852251 -79.1318     0.85
0.852401 -79.1124     0.85
0.852551 -79.0932     0.85
0.852701 -79.0739     0.85
0.852851 -79.0547     0.85
0.853002 -79.0356     0.85
0.853152 -79.0165     0.85
0.853302 -78.9974     0.85
0.853452 -78.9784     0.85
0.853602 -78.9594     0.85
0.853752 -78.9404     0.85
0.853902 -78.9215     0.85
0.854052 -78.9026     0.85
0.854202 -78.8838     0.85
0.854352  -78.865     0.85
0.854502 -78.8463     0.85
0.854652 -78.8276     0.85
0.854802 -78.8089     0.85
0.854952 -78.7903     0.85
0.855103 -78.7717     0.85
0.855253 -78.7532     0.85
0.855403 -78.7347     0.85
0.855553 -78.7162     0.85
0.855703 -78.6978     0.85
0.855853 -78.6794     0.85
0.856003 -78.6611     0.85
0.856153 -78.6427     0.85
0.856303 -78.6245     0.85
0.856453 -78.6063     0.85
0.856603 -78.5881     0.85
0.856753 -78.5699     0.85
0.856903 -78.5518     0.85
0.857054 -78.5337     0.85
0.857204 -78.5157     0.85
0.857354 -78.4977     0.85
0.857504 -78.4798     0.85
0.857654 -78.4618     0.85
0.857804  -78.444     0.85
0.857954 -78.4261     0.85
0.858104 -78.4083     0.85
0.858254 -78.3906     0.85
0.858404 -78.3728     0.85
0.858554 -78.3551     0.85
0.858704 -78.3375     0.85
0.858854 -78.3199     0.85
0.859005 -78.3023     0.85
0.859155 -78.2848     0.85
0.859305 -78.2673     0.85
0.859455 -78.2498     0.85
0.859605 -78.2324     0.85
0.859755  -78.215     0.85
0.859905 -78.1976     0.85
0.860055 -78.1803     0.85
0.860205  -78.163     0.85
0.860355 -78.1458     0.85
0.860505 -78.1286     0.85
0.860655 -78.1114     0.85
0.860805 -78.0943     0.85
0.860955 -78.0772     0.85
0.861106 -78.0601     0.85
0.861256 -78.0431     0.85
0.861406 -78.0261     0.85
0.861556 -78.0092     0.85
0.861706 -77.9922     0.85
0.861856 -77.9754     0.85
0.862006 -77.9585     0.85
0.862156 -77.9417     0.85
0.862306 -77.9249     0.85
0.862456 -77.9082     0.85
0.862606 -77.8915     0.85
0.862756 -77.8748     0.85
0.862906 -77.8582     0.85
0.863057 -77.8416     0.85
0.863207  -77.825     0.85
0.863357 -77.8085     0.85
0.863507  -77.792     0.85
0.863657 -77.7755     0.85
0.863807 -77.7591     0.85
0.863957 -77.7427     0.85
0.864107 -77.7264     0.85
0.864257   -77.71     0.85
0.864407 -77.6937     0.85
0.864557 -77.6775     0.85
0.864707 -77.6613     0.85
0.864857 -77.6451     0.85
0.865008 -77.6289     0.85
0.865158 -77.6128     0.85
0.865308 -77.5967     0.85
0.865458 -77.5807     0.85
0.865608 -77.5647     0.85
0.865758 -77.5487     0.85
0.865908 -77.5327     0.85
0.866058 -77.5168     0.85
0.866208 -77.5009     0.85
0.866358 -77.4851     0.85
0.866508 -77.4693     0.85
0.866658 -77.4535     0.85
0.866808 -77.4377     0.85
0.866958  -77.422     0.85
0.867109 -77.4063     0.85
0.867259 -77.3907     0.85
0.867409 -77.3751     0.85
0.867559 -77.3595     0.85
0.867709 -77.3439     0.85
0.867859 -77.3284     0.85
0.868009 -77.3129     0.85
0.868159 -77.2974     0.85
0.868309  -77.282     0.85
0.868459 -77.2666     0.85
0.868609 -77.2512     0.85
0.868759 -77.2359     0.85
0.868909 -77.2206     0.85
 0.86906 -77.2053     0.85
 0.86921 -77.1901     0.85
 0.86936 -77.1749     0.85
 0.86951 -77.1597     0.85
 0.86966 -77.1446     0.85
 0.86981 -77.1295     0.85
 0.86996 -77.1144     0.85
 0.87011 -77.0993     0.85
 0.87026 -77.0843     0.85
 0.87041 -77.0693     0.85
 0.87056 -77.0544     0.85
 0.87071 -77.0395     0.85
 0.87086 -77.0245  0.85015
0.871011 -77.0096   0.8503
0.871161 -76.9948   0.8503
0.871311 -76.9799  0.85045
0.871461  -76.965   0.8506
0.871611 -76.9502   0.8506
0.871761 -76.9353  0.85075
0.871911 -76.9205   0.8509
0.872061 -76.9057   0.8509
0.872211 -76.8909 0.851051
0.872361 -76.8761 0.851201
0.872511 -76.8613 0.851201
0.872661 -76.8466 0.851351
0.872811 -76.8318 0.851501
0.872961 -76.8171 0.851501
0.873112 -76.8024 0.851651
0.873262 -76.7876 0.851801
0.873412 -76.7729 0.851801
0.873562 -76.7582 0.851951
0.873712 -76.7436 0.852101
0.873862 -76.7289 0.852101
0.874012 -76.7142 0.852251
0.874162 -76.6996 0.852401
0.874312 -76.6849 0.852551
0.874462 -76.6703 0.852551
0.874612 -76.6557 0.852701
0.874762 -76.6411 0.852851
0.874912 -76.6265 0.853002
0.875063 -76.6119 0.853002
0.875213 -76.5973 0.853152
0.875363 -76.5828 0.853302
0.875513 -76.5682 0.853302
0.875663 -76.5537 0.853452
0.875813 -76.5392 0.853602
0.875963 -76.5246 0.853752
0.876113 -76.5101 0.853752
0.876263 -76.4956 0.853902
0.876413 -76.4811 0.854052
0.876563 -76.4667 0.854052
0.876713 -76.4522 0.854202
0.876863 -76.4377 0.854352
0.877014 -76.4233 0.854502
0.877164 -76.4089 0.854502
0.877314 -76.3944 0.854652
0.877464   -76.38 0.854802
0.877614 -76.3656 0.854802
0.877764 -76.3512 0.854952
0.877914 -76.3368 0.855103
0.878064 -76.3225 0.855253
0.878214 -76.3081 0.855253
0.878364 -76.2937 0.855403
0.878514 -76.2794 0.855553
0.878664 -76.2651 0.855703
0.878814 -76.2507 0.855703
0.878964 -76.2364 0.855853
0.879115 -76.2221 0.856003
0.879265 -76.2078 0.856003
0.879415 -76.1935 0.856153
0.879565 -76.1793 0.856303
0.879715  -76.165 0.856453
0.879865 -76.1508 0.856453
0.880015 -76.1365 0.856603
0.880165 -76.1223 0.856753
0.880315 -76.1081 0.856903
0.880465 -76.0939 0.856903
0.880615 -76.0797 0.857054
0.880765 -76.0655 0.857204
0.880915 -76.0513 0.857204
0.881066 -76.0371 0.857354
0.881216  -76.023 0.857504
0.881366 -76.0088 0.857654
0.881516 -75.9947 0.857654
0.881666 -75.9805 0.857804
0.881816 -75.9664 0.857954
0.881966 -75.9523 0.858104
0.882116 -75.9382 0.858104
0.882266 -75.9241 0.858254
0.882416   -75.91 0.858404
0.882566  -75.896 0.858404
0.882716 -75.8819 0.858554
0.882866 -75.8679 0.858704
0.883017 -75.8538 0.858854
0.883167 -75.8398 0.858854
0.883317 -75.8258 0.859005
0.883467 -75.8118 0.859155
0.883617 -75.7978 0.859305
0.883767 -75.7838 0.859305
0.883917 -75.7698 0.859455
0.884067 -75.7558 0.859605
0.884217 -75.7419 0.859605
0.884367 -75.7279 0.859755
0.884517  -75.714 0.859905
0.884667    -75.7 0.860055
0.884817 -75.6861 0.860055
0.884967 -75.6722 0.860205
0.885118 -75.6583 0.860355
0.885268 -75.6444 0.860505
0.885418 -75.6305 0.860505
0.885568 -75.6166 0.860655
0.885718 -75.6028 0.860805
0.885868 -75.5889 0.860955
0.886018 -75.5751 0.860955
0.886168 -75.5612 0.861106
0.886318 -75.5474 0.861256
0.886468 -75.5336 0.861406
0.886618 -75.5198 0.861406
0.886768  -75.506 0.861556
0.886918 -75.4922 0.861706
0.887069 -75.4784 0.861706
0.887219 -75.4647 0.861856
0.887369 -75.4509 0.862006
0.887519 -75.4371 0.862156
0.887669 -75.4234 0.862156
0.887819 -75.4097 0.862306
0.887969 -75.3959 0.862456
0.888119 -75.3822 0.862606
0.888269 -75.3685 0.862606
0.888419 -75.3548 0.862756
0.888569 -75.3411 0.862906
0.888719 -75.3275 0.863057
0.888869 -75.3138 0.863057
 0.88902 -75.3001 0.863207
 0.88917 -75.2865 0.863357
 0.88932 -75.2728 0.863507
 0.88947 -75.2592 0.863507
 0.88962 -75.2456 0.863657
 0.88977  -75.232 0.863807
 0.88992 -75.2184 0.863957
 0.89007 -75.2048 0.863957
 0.89022 -75.1912 0.864107
 0.89037 -75.1776 0.864257
 0.89052  -75.164 0.864407
 0.89067 -75.1505 0.864407
 0.89082 -75.1369 0.864557
 0.89097 -75.1234 0.864707
0.891121 -75.1099 0.864857
0.891271 -75.0963 0.864857
0.891421 -75.0828 0.865008
0.891571 -75.0693 0.865158
0.891721 -75.0558 0.865308
0.891871 -75.0423 0.865308
0.892021 -75.0289 0.865458
0.892171 -75.0154 0.865608
0.892321 -75.0019 0.865758
0.892471 -74.9885 0.865758
0.892621  -74.975 0.865908
0.892771 -74.9616 0.866058
0.892921 -74.9482 0.866208
0.893072 -74.9348 0.866208
0.893222 -74.9214 0.866358
0.893372  -74.908 0.866508
0.893522 -74.8946 0.866658
0.893672 -74.8812 0.866658
0.893822 -74.8678 0.866808
0.893972 -74.8545 0.866958
0.894122 -74.8411 0.867109
0.894272 -74.8278 0.867109
0.894422 -74.8144 0.867259
0.894572 -74.8011 0.867409
0.894722 -74.7878 0.867559
0.894872 -74.7745 0.867559
0.895023 -74.7612 0.867709
0.895173 -74.7479 0.867859
0.895323 -74.7346 0.868009
0.895473 -74.7213 0.868009
0.895623 -74.7081 0.868159
0.895773 -74.6948 0.868309
0.895923 -74.6815 0.868459
0.896073 -74.6683 0.868459
0.896223 -74.6551 0.868609
0.896373 -74.6418 0.868759
0.896523 -74.6286 0.868909
0.896673 -74.6154 0.868909
0.896823 -74.6022  0.86906
0.896973  -74.589  0.86921
0.897124 -74.5759  0.86936
0.897274 -74.5627  0.86936
0.897424 -74.5495  0.86951
0.897574 -74.5364  0.86966
0.897724 -74.5232  0.86981
0.897874 -74.5101  0.86981
0.898024  -74.497  0.86996
0.898174 -74.4838  0.87011
0.898324 -74.4707  0.87026
0.898474 -74.4576  0.87026
0.898624 -74.4445  0.87041
0.898774 -74.4314  0.87056
0.898924 -74.4184  0.87071
0.899075 -74.4053  0.87086
0.899225 -74.3922  0.87086
0.899375 -74.3792 0.871011
0.899525 -74.3661 0.871161
0.899675 -74.3531 0.871311
0.899825   -74.34 0.871461
0.899975  -74.327 0.871611
0.900125  -74.314 0.871611
0.900275 -74.3009 0.871761
0.900425 -74.2879 0.871911
0.900575 -74.2749 0.872061
0.900725 -74.2619 0.872211
0.900875 -74.2489 0.872361
0.901026 -74.2359 0.872511
0.901176 -74.2229 0.872511
0.901326   -74.21 0.872661
0.901476  -74.197 0.872811
0.901626  -74.184 0.872961
0.901776 -74.1711 0.873112
0.901926 -74.1581 0.873262
0.902076 -74.1452 0.873412
0.902226 -74.1322 0.873412
0.902376 -74.1193 0.873562
0.902526 -74.1064 0.873712
0.902676 -74.0934 0.873862
0.902826 -74.0805 0.874012
0.902976 -74.0676 0.874162
0.903127 -74.0547 0.874312
0.903277 -74.0418 0.874312
0.903427 -74.0289 0.874462
0.903577  -74.016 0.874612
0.903727 -74.0031 0.874762
0.903877 -73.9903 0.874912
0.904027 -73.9774 0.875063
0.904177 -73.9645 0.875213
0.904327 -73.9517 0.875213
0.904477 -73.9388 0.875363
0.904627  -73.926 0.875513
0.904777 -73.9131 0.875663
0.904927 -73.9003 0.875813
0.905078 -73.8875 0.875963
0.905228 -73.8747 0.876113
0.905378 -73.8618 0.876113
0.905528  -73.849 0.876263
0.905678 -73.8362 0.876413
0.905828 -73.8234 0.876563
0.905978 -73.8106 0.876713
0.906128 -73.7978 0.876863
0.906278 -73.7851 0.877014
0.906428 -73.7723 0.877014
0.906578 -73.7595 0.877164
0.906728 -73.7467 0.877314
0.906878  -73.734 0.877464
0.907029 -73.7212 0.877614
0.907179 -73.7085 0.877764
0.907329 -73.6957 0.877914
0.907479  -73.683 0.877914
0.907629 -73.6703 0.878064
0.907779 -73.6576 0.878214
0.907929 -73.6448 0.878364
0.908079 -73.6321 0.878514
0.908229 -73.6194 0.878664
0.908379 -73.6067 0.878814
0.908529  -73.594 0.878964
0.908679 -73.5813 0.878964
0.908829 -73.5686 0.879115
0.908979  -73.556 0.879265
 0.90913 -73.5433 0.879415
 0.90928 -73.5306 0.879565
 0.90943  -73.518 0.879715
 0.90958 -73.5053 0.879865
 0.90973 -73.4927 0.879865
 0.90988   -73.48 0.880015
 0.91003 -73.4674 0.880165
 0.91018 -73.4547 0.880315
 0.91033 -73.4421 0.880465
 0.91048 -73.4295 0.880615
 0.91063 -73.4169 0.880765
 0.91078 -73.4042 0.880915
 0.91093 -73.3916 0.880915
0.911081  -73.379 0.881066
0.911231 -73.3664 0.881216
0.911381 -73.3538 0.881366
0.911531 -73.3412 0.881516
0.911681 -73.3287 0.881666
0.911831 -73.3161 0.881816
0.911981 -73.3035 0.881966
0.912131  -73.291 0.882116
0.912281 -73.2784 0.882116
0.912431 -73.2658 0.882266
0.912581 -73.2533 0.882416
0.912731 -73.2407 0.882566
0.912881 -73.2282 0.882716
0.913032 -73.2157 0.882866
0.913182 -73.2031 0.883017
0.913332 -73.1906 0.883167
0.913482 -73.1781 0.883167
0.913632 -73.1656 0.883317
0.913782 -73.1531 0.883467
0.913932 -73.1406 0.883617
0.914082 -73.1281 0.883767
0.914232 -73.1156 0.883917
0.914382 -73.1031 0.884067
0.914532 -73.0906 0.884217
0.914682 -73.0781 0.884217
0.914832 -73.0657 0.884367
0.914982 -73.0532 0.884517
0.915133 -73.0407 0.884667
0.915283 -73.0283 0.884817
0.915433 -73.0158 0.884967
0.915583 -73.0034 0.885118
0.915733 -72.9909 0.885268
0.915883 -72.9785 0.885268
0.916033 -72.9661 0.885418
0.916183 -72.9536 0.885568
0.916333 -72.9412 0.885718
0.916483 -72.9288 0.885868
0.916633 -72.9164 0.886018
0.916783  -72.904 0.886168
0.916933 -72.8916 0.886318
0.917084 -72.8792 0.886468
0.917234 -72.8668 0.886468
0.917384 -72.8544 0.886618
0.917534  -72.842 0.886768
0.917684 -72.8297 0.886918
0.917834 -72.8173 0.887069
0.917984 -72.8049 0.887219
0.918134 -72.7926 0.887369
0.918284 -72.7802 0.887519
0.918434 -72.7679 0.887519
0.918584 -72.7555 0.887669
0.918734 -72.7432 0.887819
0.918884 -72.7309 0.887969
0.919035 -72.7185 0.888119
0.919185 -72.7062 0.888269
0.919335 -72.6939 0.888419
0.919485 -72.6816 0.888569
0.919635 -72.6693 0.888719
0.919785  -72.657 0.888719
0.919935 -72.6447 0.888869
0.920085 -72.6324  0.88902
0.920235 -72.6201  0.88917
0.920385 -72.6078  0.88932
0.920535 -72.5955  0.88947
0.920685 -72.5832  0.88962
0.920835  -72.571  0.88977
0.920985 -72.5587  0.88977
0.921136 -72.5464  0.88992
0.921286 -72.5342  0.89007
0.921436 -72.5219  0.89022
0.921586 -72.5097  0.89037
0.921736 -72.4975  0.89052
0.921886 -72.4852  0.89067
0.922036  -72.473  0.89082
0.922186 -72.4608  0.89097
0.922336 -72.4486  0.89097
0.922486 -72.4363 0.891121
0.922636 -72.4241 0.891271
0.922786 -72.4119 0.891421
0.922936 -72.3997 0.891571
0.923087 -72.3875 0.891721
0.923237 -72.3753 0.891871
0.923387 -72.3631 0.892021
0.923537  -72.351 0.892171
0.923687 -72.3388 0.892171
0.923837 -72.3266 0.892321
0.923987 -72.3144 0.892471
0.924137 -72.3023 0.892621
0.924287 -72.2901 0.892771
0.924437  -72.278 0.892921
0.924587 -72.2658 0.893072
0.924737 -72.2537 0.893222
0.924887 -72.2415 0.893372
0.925038 -72.2294 0.893372
0.925188 -72.2173 0.893522
0.925338 -72.2052 0.893672
0.925488  -72.193 0.893822
0.925638 -72.1809 0.893972
0.925788 -72.1688 0.894122
0.925938 -72.1567 0.894272
0.926088 -72.1446 0.894422
0.926238 -72.1325 0.894572
0.926388 -72.1204 0.894722
0.926538 -72.1083 0.894722
0.926688 -72.0963 0.894872
0.926838 -72.0842 0.895023
0.926988 -72.0721 0.895173
0.927139   -72.06 0.895323
0.927289  -72.048 0.895473
0.927439 -72.0359 0.895623
0.927589 -72.0239 0.895773
0.927739 -72.0118 0.895923
0.927889 -71.9998 0.895923
0.928039 -71.9877 0.896073
0.928189 -71.9757 0.896223
0.928339 -71.9637 0.896373
0.928489 -71.9517 0.896523
0.928639 -71.9396 0.896673
0.928789 -71.9276 0.896823
0.928939 -71.9156 0.896973
 0.92909 -71.9036 0.897124
 0.92924 -71.8916 0.897124
 0.92939 -71.8796 0.897274
 0.92954 -71.8676 0.897424
 0.92969 -71.8556 0.897574
 0.92984 -71.8436 0.897724
 0.92999 -71.8317 0.897874
 0.93014 -71.8197 0.898024
 0.93029 -71.8077 0.898174
 0.93044 -71.7958 0.898324
 0.93059 -71.7838 0.898474
 0.93074 -71.7718 0.898474
 0.93089 -71.7599 0.898624
0.931041 -71.7479 0.898774
0.931191  -71.736 0.898924
0.931341 -71.7241 0.899075
0.931491 -71.7121 0.899225
0.931641 -71.7002 0.899375
0.931791 -71.6883 0.899525
0.931941 -71.6764 0.899675
0.932091 -71.6644 0.899825
0.932241 -71.6525 0.899825
0.932391 -71.6406 0.899975
0.932541 -71.6287 0.900125
0.932691 -71.6168 0.900275
0.932841 -71.6049 0.900425
0.932991  -71.593 0.900575
0.933142 -71.5811 0.900725
0.933292 -71.5693 0.900875
0.933442 -71.5574 0.901026
0.933592 -71.5455 0.901176
0.933742 -71.5336 0.901326
0.933892 -71.5218 0.901326
0.934042 -71.5099 0.901476
0.934192 -71.4981 0.901626
0.934342 -71.4862 0.901776
0.934492 -71.4744 0.901926
0.934642 -71.4625 0.902076
0.934792 -71.4507 0.902226
0.934942 -71.4388 0.902376
0.935093  -71.427 0.902526
0.935243 -71.4152 0.902676
0.935393 -71.4034 0.902826
0.935543 -71.3915 0.902826
0.935693 -71.3797 0.902976
0.935843 -71.3679 0.903127
0.935993 -71.3561 0.903277
0.936143 -71.3443 0.903427
0.936293 -71.3325 0.903577
0.936443 -71.3207 0.903727
0.936593 -71.3089 0.903877
0.936743 -71.2971 0.904027
0.936893 -71.2854 0.904177
0.937044 -71.2736 0.904327
0.937194 -71.2618 0.904477
0.937344   -71.25 0.904477
0.937494 -71.2383 0.904627
0.937644 -71.2265 0.904777
0.937794 -71.2148 0.904927
0.937944  -71.203 0.905078
0.938094 -71.1913 0.905228
0.938244 -71.1795 0.905378
0.938394 -71.1678 0.905528
0.938544  -71.156 0.905678
0.938694 -71.1443 0.905828
0.938844 -71.1326 0.905978
0.938994 -71.1209 0.905978
0.939145 -71.1091 0.906128
0.939295 -71.0974 0.906278
0.939445 -71.0857 0.906428
0.939595  -71.074 0.906578
0.939745 -71.0623 0.906728
0.939895 -71.0506 0.906878
0.940045 -71.0389 0.907029
0.940195 -71.0272 0.907179
0.940345 -71.0155 0.907329
0.940495 -71.0038 0.907479
0.940645 -70.9922 0.907629
0.940795 -70.9805 0.907629
0.940945 -70.9688 0.907779
0.941096 -70.9571 0.907929
0.941246 -70.9455 0.908079
0.941396 -70.9338 0.908229
0.941546 -70.9222 0.908379
0.941696 -70.9105 0.908529
0.941846 -70.8989 0.908679
0.941996 -70.8872 0.908829
0.942146 -70.8756 0.908979
0.942296 -70.8639  0.90913
0.942446 -70.8523  0.90928
0.942596 -70.8407  0.90928
0.942746 -70.8291  0.90943
0.942896 -70.8174  0.90958
0.943047 -70.8058  0.90973
0.943197 -70.7942  0.90988
0.943347 -70.7826  0.91003
0.943497  -70.771  0.91018
0.943647 -70.7594  0.91033
0.943797 -70.7478  0.91048
0.943947 -70.7362  0.91063
0.944097 -70.7246  0.91078
0.944247  -70.713  0.91093
0.944397 -70.7015  0.91093
0.944547 -70.6899 0.911081
0.944697 -70.6783 0.911231
0.944847 -70.6667 0.911381
0.944997 -70.6552 0.911531
0.945148 -70.6436 0.911681
0.945298 -70.6321 0.911831
0.945448 -70.6205 0.911981
0.945598  -70.609 0.912131
0.945748 -70.5974 0.912281
0.945898 -70.5859 0.912431
0.946048 -70.5743 0.912581
0.946198 -70.5628 0.912731
0.946348 -70.5513 0.912731
0.946498 -70.5397 0.912881
0.946648 -70.5282 0.913032
0.946798 -70.5167 0.913182
0.946948 -70.5052 0.913332
0.947099 -70.4937 0.913482
0.947249 -70.4822 0.913632
0.947399 -70.4707 0.913782
0.947549 -70.4592 0.913932
0.947699 -70.4477 0.914082
0.947849 -70.4362 0.914232
0.947999 -70.4247 0.914382
0.948149 -70.4132 0.914382
0.948299 -70.4017 0.914532
0.948449 -70.3902 0.914682
0.948599 -70.3788 0.914832
0.948749 -70.3673 0.914982
0.948899 -70.3558 0.915133
 0.94905 -70.3444 0.915283
  0.9492 -70.3329 0.915433
 0.94935 -70.3215 0.915583
  0.9495   -70.31 0.915733
 0.94965 -70.2986 0.915883
  0.9498 -70.2871 0.916033
 0.94995 -70.2757 0.916183
  0.9501 -70.2643 0.916183
 0.95025 -70.2528 0.916333
  0.9504 -70.2414 0.916483
 0.95055   -70.23 0.916633
  0.9507 -70.2185 0.916783
 0.95085 -70.2071 0.916933
0.951001 -70.1957 0.917084
0.951151 -70.1843 0.917234
0.951301 -70.1729 0.917384
0.951451 -70.1615 0.917534
0.951601 -70.1501 0.917684
0.951751 -70.1387 0.917834
0.951901 -70.1273 0.917984
0.952051 -70.1159 0.917984
0.952201 -70.1046 0.918134
0.952351 -70.0932 0.918284
0.952501 -70.0818 0.918434
0.952651 -70.0704 0.918584
0.952801 -70.0591 0.918734
0.952951 -70.0477 0.918884
0.953102 -70.0363 0.919035
0.953252  -70.025 0.919185
0.953402 -70.0136 0.919335
0.953552 -70.0023 0.919485
0.953702 -69.9909 0.919635
0.953852 -69.9796 0.919785
0.954002 -69.9682 0.919785
0.954152 -69.9569 0.919935
0.954302 -69.9456 0.920085
0.954452 -69.9343 0.920235
0.954602 -69.9229 0.920385
0.954752 -69.9116 0.920535
0.954902 -69.9003 0.920685
0.955053  -69.889 0.920835
0.955203 -69.8777 0.920985
0.955353 -69.8664 0.921136
0.955503 -69.8551 0.921286
0.955653 -69.8438 0.921436
0.955803 -69.8325 0.921586
0.955953 -69.8212 0.921586
0.956103 -69.8099 0.921736
0.956253 -69.7986 0.921886
0.956403 -69.7873 0.922036
0.956553 -69.7761 0.922186
0.956703 -69.7648 0.922336
0.956853 -69.7535 0.922486
0.957004 -69.7423 0.922636
0.957154  -69.731 0.922786
0.957304 -69.7197 0.922936
0.957454 -69.7085 0.923087
0.957604 -69.6972 0.923237
0.957754  -69.686 0.923387
0.957904 -69.6747 0.923537
0.958054 -69.6635 0.923537
0.958204 -69.6523 0.923687
0.958354  -69.641 0.923837
0.958504 -69.6298 0.923987
0.958654 -69.6186 0.924137
0.958804 -69.6074 0.924287
0.958954 -69.5961 0.924437
0.959105 -69.5849 0.924587
0.959255 -69.5737 0.924737
0.959405 -69.5625 0.924887
0.959555 -69.5513 0.925038
0.959705 -69.5401 0.925188
0.959855 -69.5289 0.925338
0.960005 -69.5177 0.925338
0.960155 -69.5065 0.925488
0.960305 -69.4953 0.925638
0.960455 -69.4841 0.925788
0.960605  -69.473 0.925938
0.960755 -69.4618 0.926088
0.960905 -69.4506 0.926238
0.961056 -69.4395 0.926388
0.961206 -69.4283 0.926538
0.961356 -69.4171 0.926688
0.961506  -69.406 0.926838
0.961656 -69.3948 0.926988
0.961806 -69.3837 0.927139
0.961956 -69.3725 0.927289
0.962106 -69.3614 0.927289
0.962256 -69.3502 0.927439
0.962406 -69.3391 0.927589
0.962556  -69.328 0.927739
0.962706 -69.3168 0.927889
0.962856 -69.3057 0.928039
0.963007 -69.2946 0.928189
0.963157 -69.2835 0.928339
0.963307 -69.2724 0.928489
0.963457 -69.2612 0.928639
0.963607 -69.2501 0.928789
0.963757  -69.239 0.928939
0.963907 -69.2279  0.92909
0.964057 -69.2168  0.92909
0.964207 -69.2057  0.92924
0.964357 -69.1946  0.92939
0.964507 -69.1836  0.92954
0.964657 -69.1725  0.92969
0.964807 -69.1614  0.92984
0.964957 -69.1503  0.92999
0.965108 -69.1392  0.93014
0.965258 -69.1282  0.93029
0.965408 -69.1171  0.93044
0.965558  -69.106  0.93059
0.965708  -69.095  0.93074
0.965858 -69.0839  0.93089
0.966008 -69.0729 0.931041
0.966158 -69.0618 0.931041
0.966308 -69.0508 0.931191
0.966458 -69.0397 0.931341
0.966608 -69.0287 0.931491
0.966758 -69.0177 0.931641
0.966908 -69.0066 0.931791
0.967059 -68.9956 0.931941
0.967209 -68.9846 0.932091
0.967359 -68.9736 0.932241
0.967509 -68.9625 0.932391
0.967659 -68.9515 0.932541
0.967809 -68.9405 0.932691
0.967959 -68.9295 0.932841
0.968109 -68.9185 0.932991
0.968259 -68.9075 0.933142
0.968409 -68.8965 0.933142
0.968559 -68.8855 0.933292
0.968709 -68.8745 0.933442
0.968859 -68.8635 0.933592
 0.96901 -68.8526 0.933742
 0.96916 -68.8416 0.933892
 0.96931 -68.8306 0.934042
 0.96946 -68.8196 0.934192
 0.96961 -68.8086 0.934342
 0.96976 -68.7977 0.934492
 0.96991 -68.7867 0.934642
 0.97006 -68.7758 0.934792
 0.97021 -68.7648 0.934942
 0.97036 -68.7538 0.935093
 0.97051 -68.7429 0.935093
 0.97066 -68.7319 0.935243
 0.97081  -68.721 0.935393
 0.97096 -68.7101 0.935543
0.971111 -68.6991 0.935693
0.971261 -68.6882 0.935843
0.971411 -68.6773 0.935993
0.971561 -68.6663 0.936143
0.971711 -68.6554 0.936293
0.971861 -68.6445 0.936443
0.972011 -68.6336 0.936593
0.972161 -68.6227 0.936743
0.972311 -68.6117 0.936893
0.972461 -68.6008 0.937044
0.972611 -68.5899 0.937194
0.972761  -68.579 0.937194
0.972911 -68.5681 0.937344
0.973062 -68.5572 0.937494
0.973212 -68.5464 0.937644
0.973362 -68.5355 0.937794
0.973512 -68.5246 0.937944
0.973662 -68.5137 0.938094
0.973812 -68.5028 0.938244
0.973962  -68.492 0.938394
0.974112 -68.4811 0.938544
0.974262 -68.4702 0.938694
0.974412 -68.4594 0.938844
0.974562 -68.4485 0.938994
0.974712 -68.4376 0.939145
0.974862 -68.4268 0.939295
0.975013 -68.4159 0.939295
0.975163 -68.4051 0.939445
0.975313 -68.3942 0.939595
0.975463 -68.3834 0.939745
0.975613 -68.3726 0.939895
0.975763 -68.3617 0.940045
0.975913 -68.3509 0.940195
0.976063 -68.3401 0.940345
0.976213 -68.3292 0.940495
0.976363 -68.3184 0.940645
0.976513 -68.3076 0.940795
0.976663 -68.2968 0.940945
0.976813  -68.286 0.941096
0.976963 -68.2752 0.941246
0.977114 -68.2644 0.941396
0.977264 -68.2536 0.941396
0.977414 -68.2428 0.941546
0.977564  -68.232 0.941696
0.977714 -68.2212 0.941846
0.977864 -68.2104 0.941996
0.978014 -68.1996 0.942146
0.978164 -68.1888 0.942296
0.978314  -68.178 0.942446
0.978464 -68.1673 0.942596
0.978614 -68.1565 0.942746
0.978764 -68.1457 0.942896
0.978914  -68.135 0.943047
0.979065 -68.1242 0.943197
0.979215 -68.1134 0.943347
0.979365 -68.1027 0.943497
0.979515 -68.0919 0.943497
0.979665 -68.0812 0.943647
0.979815 -68.0704 0.943797
0.979965 -68.0597 0.943947
0.980115 -68.0489 0.944097
0.980265 -68.0382 0.944247
0.980415 -68.0275 0.944397
0.980565 -68.0167 0.944547
0.980715  -68.006 0.944697
0.980865 -67.9953 0.944847
0.981016 -67.9846 0.944997
0.981166 -67.9739 0.945148
0.981316 -67.9631 0.945298
0.981466 -67.9524 0.945448
0.981616 -67.9417 0.945598
0.981766  -67.931 0.945598
0.981916 -67.9203 0.945748
0.982066 -67.9096 0.945898
0.982216 -67.8989 0.946048
0.982366 -67.8882 0.946198
0.982516 -67.8775 0.946348
0.982666 -67.8669 0.946498
0.982816 -67.8562 0.946648
0.982966 -67.8455 0.946798
0.983117 -67.8348 0.946948
0.983267 -67.8241 0.947099
0.983417 -67.8135 0.947249
0.983567 -67.8028 0.947399
0.983717 -67.7922 0.947549
0.983867 -67.7815 0.947699
0.984017 -67.7708 0.947849
0.984167 -67.7602 0.947849
0.984317 -67.7495 0.947999
0.984467 -67.7389 0.948149
0.984617 -67.7282 0.948299
0.984767 -67.7176 0.948449
0.984917  -67.707 0.948599
0.985068 -67.6963 0.948749
0.985218 -67.6857 0.948899
0.985368 -67.6751  0.94905
0.985518 -67.6644   0.9492
0.985668 -67.6538  0.94935
0.985818 -67.6432   0.9495
0.985968 -67.6326  0.94965
0.986118  -67.622   0.9498
0.986268 -67.6114  0.94995
0.986418 -67.6007  0.94995
0.986568 -67.5901   0.9501
0.986718 -67.5795  0.95025
0.986868 -67.5689   0.9504
0.987019 -67.5584  0.95055
0.987169 -67.5478   0.9507
0.987319 -67.5372  0.95085
0.987469 -67.5266 0.951001
0.987619  -67.516 0.951151
0.987769 -67.5054 0.951301
0.987919 -67.4949 0.951451
0.988069 -67.4843 0.951601
0.988219 -67.4737 0.951751
0.988369 -67.4631 0.951901
0.988519 -67.4526 0.952051
0.988669  -67.442 0.952201
0.988819 -67.4315 0.952201
0.988969 -67.4209 0.952351
 0.98912 -67.4104 0.952501
 0.98927 -67.3998 0.952651
 0.98942 -67.3893 0.952801
 0.98957 -67.3787 0.952951
 0.98972 -67.3682 0.953102
 0.98987 -67.3577 0.953252
 0.99002 -67.3471 0.953402
 0.99017 -67.3366 0.953552
 0.99032 -67.3261 0.953702
 0.99047 -67.3155 0.953852
 0.99062  -67.305 0.954002
 0.99077 -67.2945 0.954152
 0.99092  -67.284 0.954302
0.991071 -67.2735 0.954452
0.991221  -67.263 0.954452
0.991371 -67.2525 0.954602
0.991521  -67.242 0.954752
0.991671 -67.2315 0.954902
0.991821  -67.221 0.955053
0.991971 -67.2105 0.955203
0.992121    -67.2 0.955353
0.992271 -67.1895 0.955503
0.992421  -67.179 0.955653
0.992571 -67.1686 0.955803
0.992721 -67.1581 0.955953
0.992871 -67.1476 0.956103
0.993022 -67.1371 0.956253
0.993172 -67.1267 0.956403
0.993322 -67.1162 0.956553
0.993472 -67.1057 0.956703
0.993622 -67.0953 0.956703
0.993772 -67.0848 0.956853
0.993922 -67.0744 0.957004
0.994072 -67.0639 0.957154
0.994222 -67.0535 0.957304
0.994372  -67.043 0.957454
0.994522 -67.0326 0.957604
0.994672 -67.0222 0.957754
0.994822 -67.0117 0.957904
0.994972 -67.0013 0.958054
0.995123 -66.9909 0.958204
0.995273 -66.9804 0.958354
0.995423   -66.97 0.958504
0.995573 -66.9596 0.958654
0.995723 -66.9492 0.958804
0.995873 -66.9388 0.958804
0.996023 -66.9284 0.958954
0.996173  -66.918 0.959105
0.996323 -66.9076 0.959255
0.996473 -66.8972 0.959405
0.996623 -66.8868 0.959555
0.996773 -66.8764 0.959705
0.996923  -66.866 0.959855
0.997074 -66.8556 0.960005
0.997224 -66.8452 0.960155
0.997374 -66.8348 0.960305
0.997524 -66.8244 0.960455
0.997674 -66.8141 0.960605
0.997824 -66.8037 0.960755
0.997974 -66.7933 0.960905
0.998124 -66.7829 0.961056
0.998274 -66.7726 0.961056
0.998424 -66.7622 0.961206
0.998574 -66.7519 0.961356
0.998724 -66.7415 0.961506
0.998874 -66.7312 0.961656
0.999025 -66.7208 0.961806
0.999175 -66.7105 0.961956
0.999325 -66.7001 0.962106
0.999475 -66.6898 0.962256
0.999625 -66.6794 0.962406
0.999775 -66.6691 0.962556
0.999925 -66.6588 0.962706
 1.00008 -66.6484 0.962856
 1.00023 -66.6381 0.963007
 1.00038 -66.6278 0.963157
 1.00053 -66.6175 0.963307
 1.00068 -66.6072 0.963307
 1.00083 -66.5968 0.963457
 1.00098 -66.5865 0.963607
 1.00113 -66.5762 0.963757
 1.00128 -66.5659 0.963907
 1.00143 -66.5556 0.964057
 1.00158 -66.5453 0.964207
 1.00173  -66.535 0.964357
 1.00188 -66.5247 0.964507
 1.00203 -66.5144 0.964657
 1.00218 -66.5042 0.964807
 1.00233 -66.4939 0.964957
 1.00248 -66.4836 0.965108
 1.00263 -66.4733 0.965258
 1.00278  -66.463 0.965408
 1.00293 -66.4528 0.965558
 1.00308 -66.4425 0.965558
 1.00323 -66.4322 0.965708
 1.00338  -66.422 0.965858
 1.00353 -66.4117 0.966008
 1.00368 -66.4014 0.966158
 1.00383 -66.3912 0.966308
 1.00398 -66.3809 0.966458
 1.00413 -66.3707 0.966608
 1.00428 -66.3604 0.966758
 1.00443 -66.3502 0.966908
 1.00458   -66.34 0.967059
 1.00473 -66.3297 0.967209
 1.00488 -66.3195 0.967359
 1.00503 -66.3093 0.967509
 1.00518  -66.299 0.967659
 1.00533 -66.2888 0.967809
 1.00548 -66.2786 0.967959
 1.00563 -66.2684 0.967959
 1.00578 -66.2581 0.968109
 1.00593 -66.2479 0.968259
 1.00608 -66.2377 0.968409
 1.00623 -66.2275 0.968559
 1.00638 -66.2173 0.968709
 1.00653 -66.2071 0.968859
 1.00668 -66.1969  0.96901
 1.00683 -66.1867  0.96916
 1.00698 -66.1765  0.96931
 1.00713 -66.1663  0.96946
 1.00728 -66.1561  0.96961
 1.00743  -66.146  0.96976
 1.00758 -66.1358  0.96991
 1.00773 -66.1256  0.97006
 1.00788 -66.1154  0.97021
 1.00803 -66.1053  0.97021
 1.00818 -66.0951  0.97036
 1.00833 -66.0849  0.97051
 1.00848 -66.0748  0.97066
 1.00863 -66.0646  0.97081
 1.00878 -66.0544  0.97096
 1.00893 -66.0443 0.971111
 1.00908 -66.0341 0.971261
 1.00923  -66.024 0.971411
 1.00938 -66.0138 0.971561
 1.00953 -66.0037 0.971711
 1.00968 -65.9935 0.971861
 1.00983 -65.9834 0.972011
 1.00998 -65.9733 0.972161
 1.01013 -65.9631 0.972311
 1.01028  -65.953 0.972461
 1.01043 -65.9429 0.972461
 1.01058 -65.9328 0.972611
 1.01073 -65.9226 0.972761
 1.01088 -65.9125 0.972911
 1.01103 -65.9024 0.973062
 1.01118 -65.8923 0.973212
 1.01133 -65.8822 0.973362
 1.01148 -65.8721 0.973512
 1.01163  -65.862 0.973662
 1.01178 -65.8519 0.973812
 1.01193 -65.8418 0.973962
 1.01208 -65.8317 0.974112
 1.01223 -65.8216 0.974262
 1.01238 -65.8115 0.974412
 1.01253 -65.8014 0.974562
 1.01268 -65.7913 0.974712
 1.01283 -65.7812 0.974862
 1.01298 -65.7712 0.974862
 1.01313 -65.7611 0.975013
 1.01328  -65.751 0.975163
 1.01343 -65.7409 0.975313
 1.01358 -65.7309 0.975463
 1.01373 -65.7208 0.975613
 1.01388 -65.7108 0.975763
 1.01403 -65.7007 0.975913
 1.01418 -65.6906 0.976063
 1.01433 -65.6806 0.976213
 1.01448 -65.6705 0.976363
 1.01463 -65.6605 0.976513
 1.01478 -65.6505 0.976663
 1.01493 -65.6404 0.976813
 1.01508 -65.6304 0.976963
 1.01523 -65.6203 0.977114
 1.01538 -65.6103 0.977114
 1.01553 -65.6003 0.977264
 1.01568 -65.5902 0.977414
 1.01583 -65.5802 0.977564
 1.01598 -65.5702 0.977714
 1.01613 -65.5602 0.977864
 1.01628 -65.5502 0.978014
 1.01643 -65.5402 0.978164
 1.01658 -65.5301 0.978314
 1.01673 -65.5201 0.978464
 1.01688 -65.5101 0.978614
 1.01703 -65.5001 0.978764
 1.01718 -65.4901 0.978914
 1.01733 -65.4801 0.979065
 1.01748 -65.4701 0.979215
 1.01763 -65.4602 0.979365
 1.01778 -65.4502 0.979515
 1.01793 -65.4402 0.979515
 1.01808 -65.4302 0.979665
 1.01823 -65.4202 0.979815
 1.01838 -65.4102 0.979965
 1.01853 -65.4003 0.980115
 1.01868 -65.3903 0.980265
 1.01883 -65.3803 0.980415
 1.01898 -65.3704 0.980565
 1.01913 -65.3604 0.980715
 1.01928 -65.3504 0.980865
 1.01943 -65.3405 0.981016
 1.01958 -65.3305 0.981166
 1.01973 -65.3206 0.981316
 1.01988 -65.3106 0.981466
 1.02004 -65.3007 0.981616
 1.02019 -65.2908 0.981766
 1.02034 -65.2808 0.981916
 1.02049 -65.2709 0.981916
 1.02064 -65.2609 0.982066
 1.02079  -65.251 0.982216
 1.02094 -65.2411 0.982366
 1.02109 -65.2312 0.982516
 1.02124 -65.2212 0.982666
 1.02139 -65.2113 0.982816
 1.02154 -65.2014 0.982966
 1.02169 -65.1915 0.983117
 1.02184 -65.1816 0.983267
 1.02199 -65.1717 0.983417
 1.02214 -65.1617 0.983567
 1.02229 -65.1518 0.983717
 1.02244 -65.1419 0.983867
 1.02259  -65.132 0.984017
 1.02274 -65.1222 0.984167
 1.02289 -65.1123 0.984167
 1.02304 -65.1024 0.984317
 1.02319 -65.0925 0.984467
 1.02334 -65.0826 0.984617
 1.02349 -65.0727 0.984767
 1.02364 -65.0628 0.984917
 1.02379  -65.053 0.985068
 1.02394 -65.0431 0.985218
 1.02409 -65.0332 0.985368
 1.02424 -65.0233 0.985518
 1.02439 -65.0135 0.985668
 1.02454 -65.0036 0.985818
 1.02469 -64.9938 0.985968
 1.02484 -64.9839 0.986118
 1.02499 -64.9741 0.986268
 1.02514 -64.9642 0.986418
 1.02529 -64.9544 0.986568
 1.02544 -64.9445 0.986568
 1.02559 -64.9347 0.986718
 1.02574 -64.9248 0.986868
 1.02589  -64.915 0.987019
 1.02604 -64.9051 0.987169
 1.02619 -64.8953 0.987319
 1.02634 -64.8855 0.987469
 1.02649 -64.8757 0.987619
 1.02664 -64.8658 0.987769
 1.02679  -64.856 0.987919
 1.02694 -64.8462 0.988069
 1.02709 -64.8364 0.988219
 1.02724 -64.8266 0.988369
 1.02739 -64.8168 0.988519
 1.02754  -64.807 0.988669
 1.02769 -64.7971 0.988819
 1.02784 -64.7873 0.988969
 1.02799 -64.7775 0.988969
 1.02814 -64.7677  0.98912
 1.02829  -64.758  0.98927
 1.02844 -64.7482  0.98942
 1.02859 -64.7384  0.98957
 1.02874 -64.7286  0.98972
 1.02889 -64.7188  0.98987
 1.02904  -64.709  0.99002
 1.02919 -64.6992  0.99017
 1.02934 -64.6895  0.99032
 1.02949 -64.6797  0.99047
 1.02964 -64.6699  0.99062
 1.02979 -64.6602  0.99077
 1.02994 -64.6504  0.99092
 1.03009 -64.6406 0.991071
 1.03024 -64.6309 0.991221
 1.03039 -64.6211 0.991221
 1.03054 -64.6114 0.991371
 1.03069 -64.6016 0.991521
 1.03084 -64.5919 0.991671
 1.03099 -64.5821 0.991821
 1.03114 -64.5724 0.991971
 1.03129 -64.5626 0.992121
 1.03144 -64.5529 0.992271
 1.03159 -64.5432 0.992421
 1.03174 -64.5334 0.992571
 1.03189 -64.5237 0.992721
 1.03204  -64.514 0.992871
 1.03219 -64.5043 0.993022
 1.03234 -64.4945 0.993172
 1.03249 -64.4848 0.993322
 1.03264 -64.4751 0.993472
 1.03279 -64.4654 0.993622
 1.03294 -64.4557 0.993622
 1.03309  -64.446 0.993772
 1.03324 -64.4363 0.993922
 1.03339 -64.4266 0.994072
 1.03354 -64.4169 0.994222
 1.03369 -64.4072 0.994372
 1.03384 -64.3975 0.994522
 1.03399 -64.3878 0.994672
 1.03414 -64.3781 0.994822
 1.03429 -64.3684 0.994972
 1.03444 -64.3587 0.995123
 1.03459 -64.3491 0.995273
 1.03474 -64.3394 0.995423
 1.03489 -64.3297 0.995573
 1.03504   -64.32 0.995723
 1.03519 -64.3104 0.995873
 1.03534 -64.3007 0.996023
 1.03549  -64.291 0.996023
 1.03564 -64.2814 0.996173
 1.03579 -64.2717 0.996323
 1.03594  -64.262 0.996473
 1.03609 -64.2524 0.996623
 1.03624 -64.2427 0.996773
 1.03639 -64.2331 0.996923
 1.03654 -64.2234 0.997074
 1.03669 -64.2138 0.997224
 1.03684 -64.2042 0.997374
 1.03699 -64.1945 0.997524
 1.03714 -64.1849 0.997674
 1.03729 -64.1753 0.997824
 1.03744 -64.1656 0.997974
 1.03759  -64.156 0.998124
 1.03774 -64.1464 0.998274
 1.03789 -64.1368 0.998274
 1.03804 -64.1271 0.998424
 1.03819 -64.1175 0.998574
 1.03834 -64.1079 0.998724
 1.03849 -64.0983 0.998874
 1.03864 -64.0887 0.999025
 1.03879 -64.0791 0.999175
 1.03894 -64.0695 0.999325
 1.03909 -64.0599 0.999475
 1.03924 -64.0503 0.999625
 1.03939 -64.0407 0.999775
 1.03954 -64.0311 0.999925
 1.03969 -64.0215  1.00008
 1.03984 -64.0119  1.00023
 1.03999 -64.0023  1.00038
 1.04015 -63.9927  1.00053
  1.0403 -63.9832  1.00068
 1.04045 -63.9736  1.00068
  1.0406  -63.964  1.00083
 1.04075 -63.9544  1.00098
  1.0409 -63.9449  1.00113
 1.04105 -63.9353  1.00128
  1.0412 -63.9257  1.00143
 1.04135 -63.9162  1.00158
  1.0415 -63.9066  1.00173
 1.04165 -63.8971  1.00188
  1.0418 -63.8875  1.00203
 1.04195  -63.878  1.00218
  1.0421 -63.8684  1.00233
 1.04225 -63.8589  1.00248
  1.0424 -63.8493  1.00263
 1.04255 -63.8398  1.00278
  1.0427 -63.8302  1.00293
 1.04285 -63.8207  1.00308
   1.043 -63.8112  1.00308
 1.04315 -63.8016  1.00323
  1.0433 -63.7921  1.00338
 1.04345 -63.7826  1.00353
  1.0436 -63.7731  1.00368
 1.04375 -63.7635  1.00383
  1.0439  -63.754  1.00398
 1.04405 -63.7445  1.00413
  1.0442  -63.735  1.00428
 1.04435 -63.7255  1.00443
  1.0445  -63.716  1.00458
 1.04465 -63.7065  1.00473
  1.0448  -63.697  1.00488
 1.04495 -63.6875  1.00503
  1.0451  -63.678  1.00518
 1.04525 -63.6685  1.00533
  1.0454  -63.659  1.00548
 1.04555 -63.6495  1.00548
  1.0457   -63.64  1.00563
 1.04585 -63.6305  1.00578
   1.046 -63.6211  1.00593
 1.04615 -63.6116  1.00608
  1.0463 -63.6021  1.00623
 1.04645 -63.5926  1.00638
  1.0466 -63.5832  1.00653
 1.04675 -63.5737  1.00668
  1.0469 -63.5642  1.00683
 1.04705 -63.5548  1.00698
  1.0472 -63.5453  1.00713
 1.04735 -63.5359  1.00728
  1.0475 -63.5264  1.00743
 1.04765  -63.517  1.00758
  1.0478 -63.5075  1.00773
 1.04795 -63.4981  1.00773
  1.0481 -63.4886  1.00788
 1.04825 -63.4792  1.00803
  1.0484 -63.4697  1.00818
 1.04855 -63.4603  1.00833
  1.0487 -63.4509  1.00848
 1.04885 -63.4414  1.00863
   1.049  -63.432  1.00878
 1.04915 -63.4226  1.00893
  1.0493 -63.4131  1.00908
 1.04945 -63.4037  1.00923
  1.0496 -63.3943  1.00938
 1.04975 -63.3849  1.00953
  1.0499 -63.3755  1.00968
 1.05005 -63.3661  1.00983
  1.0502 -63.3567  1.00998
 1.05035 -63.3473  1.01013
  1.0505 -63.3379  1.01013
 1.05065 -63.3285  1.01028
  1.0508 -63.3191  1.01043
 1.05095 -63.3097  1.01058
  1.0511 -63.3003  1.01073
 1.05125 -63.2909  1.01088
  1.0514 -63.2815  1.01103
 1.05155 -63.2721  1.01118
  1.0517 -63.2627  1.01133
 1.05185 -63.2533  1.01148
   1.052  -63.244  1.01163
 1.05215 -63.2346  1.01178
  1.0523 -63.2252  1.01193
 1.05245 -63.2158  1.01208
  1.0526 -63.2065  1.01223
 1.05275 -63.1971  1.01238
  1.0529 -63.1878  1.01238
 1.05305 -63.1784  1.01253
  1.0532  -63.169  1.01268
 1.05335 -63.1597  1.01283
  1.0535 -63.1503  1.01298
 1.05365  -63.141  1.01313
  1.0538 -63.1316  1.01328
 1.05395 -63.1223  1.01343
  1.0541 -63.1129  1.01358
 1.05425 -63.1036  1.01373
  1.0544 -63.0943  1.01388
 1.05455 -63.0849  1.01403
  1.0547 -63.0756  1.01418
 1.05485 -63.0663  1.01433
   1.055  -63.057  1.01448
 1.05515 -63.0476  1.01463
  1.0553 -63.0383  1.01478
 1.05545  -63.029  1.01478
  1.0556 -63.0197  1.01493
 1.05575 -63.0104  1.01508
  1.0559  -63.001  1.01523
 1.05605 -62.9917  1.01538
  1.0562 -62.9824  1.01553
 1.05635 -62.9731  1.01568
  1.0565 -62.9638  1.01583
 1.05665 -62.9545  1.01598
  1.0568 -62.9452  1.01613
 1.05695 -62.9359  1.01628
  1.0571 -62.9266  1.01643
 1.05725 -62.9174  1.01658
  1.0574 -62.9081  1.01673
 1.05755 -62.8988  1.01688
  1.0577 -62.8895  1.01703
 1.05785 -62.8802  1.01718
   1.058  -62.871  1.01718
 1.05815 -62.8617  1.01733
  1.0583 -62.8524  1.01748
 1.05845 -62.8431  1.01763
  1.0586 -62.8339  1.01778
 1.05875 -62.8246  1.01793
  1.0589 -62.8153  1.01808
 1.05905 -62.8061  1.01823
  1.0592 -62.7968  1.01838
 1.05935 -62.7876  1.01853
  1.0595 -62.7783  1.01868
 1.05965 -62.7691  1.01883
  1.0598 -62.7598  1.01898
 1.05995 -62.7506  1.01913
 1.06011 -62.7414  1.01928
 1.06026 -62.7321  1.01943
 1.06041 -62.7229  1.01943
 1.06056 -62.7136  1.01958
 1.06071 -62.7044  1.01973
 1.06086 -62.6952  1.01988
 1.06101  -62.686  1.02004
 1.06116 -62.6767  1.02019
 1.06131 -62.6675  1.02034
 1.06146 -62.6583  1.02049
 1.06161 -62.6491  1.02064
 1.06176 -62.6399  1.02079
 1.06191 -62.6307  1.02094
 1.06206 -62.6214  1.02109
 1.06221 -62.6122  1.02124
 1.06236  -62.603  1.02139
 1.06251 -62.5938  1.02154
 1.06266 -62.5846  1.02169
 1.06281 -62.5754  1.02184
 1.06296 -62.5663  1.02184
 1.06311 -62.5571  1.02199
 1.06326 -62.5479  1.02214
 1.06341 -62.5387  1.02229
 1.06356 -62.5295  1.02244
 1.06371 -62.5203  1.02259
 1.06386 -62.5111  1.02274
 1.06401  -62.502  1.02289
 1.06416 -62.4928  1.02304
 1.06431 -62.4836  1.02319
 1.06446 -62.4745  1.02334
 1.06461 -62.4653  1.02349
 1.06476 -62.4561  1.02364
 1.06491  -62.447  1.02379
 1.06506 -62.4378  1.02394
 1.06521 -62.4287  1.02409
 1.06536 -62.4195  1.02409
 1.06551 -62.4103  1.02424
 1.06566 -62.4012  1.02439
 1.06581 -62.3921  1.02454
 1.06596 -62.3829  1.02469
 1.06611 -62.3738  1.02484
 1.06626 -62.3646  1.02499
 1.06641 -62.3555  1.02514
 1.06656 -62.3464  1.02529
 1.06671 -62.3372  1.02544
 1.06686 -62.3281  1.02559
 1.06701  -62.319  1.02574
 1.06716 -62.3099  1.02589
 1.06731 -62.3007  1.02604
 1.06746 -62.2916  1.02619
 1.06761 -62.2825  1.02634
 1.06776 -62.2734  1.02649
 1.06791 -62.2643  1.02649
 1.06806 -62.2552  1.02664
 1.06821 -62.2461  1.02679
 1.06836  -62.237  1.02694
 1.06851 -62.2279  1.02709
 1.06866 -62.2188  1.02724
 1.06881 -62.2097  1.02739
 1.06896 -62.2006  1.02754
 1.06911 -62.1915  1.02769
 1.06926 -62.1824  1.02784
 1.06941 -62.1733  1.02799
 1.06956 -62.1642  1.02814
 1.06971 -62.1551  1.02829
 1.06986  -62.146  1.02844
 1.07001  -62.137  1.02859
 1.07016 -62.1279  1.02874
 1.07031 -62.1188  1.02874
 1.07046 -62.1098  1.02889
 1.07061 -62.1007  1.02904
 1.07076 -62.0916  1.02919
 1.07091 -62.0826  1.02934
 1.07106 -62.0735  1.02949
 1.07121 -62.0644  1.02964
 1.07136 -62.0554  1.02979
 1.07151 -62.0463  1.02994
 1.07166 -62.0373  1.03009
 1.07181 -62.0282  1.03024
 1.07196 -62.0192  1.03039
 1.07211 -62.0102  1.03054
 1.07226 -62.0011  1.03069
 1.07241 -61.9921  1.03084
 1.07256  -61.983  1.03099
 1.07271  -61.974  1.03114
 1.07286  -61.965  1.03114
 1.07301  -61.956  1.03129
 1.07316 -61.9469  1.03144
 1.07331 -61.9379  1.03159
 1.07346 -61.9289  1.03174
 1.07361 -61.9199  1.03189
 1.07376 -61.9108  1.03204
 1.07391 -61.9018  1.03219
 1.07406 -61.8928  1.03234
 1.07421 -61.8838  1.03249
 1.07436 -61.8748  1.03264
 1.07451 -61.8658  1.03279
 1.07466 -61.8568  1.03294
 1.07481 -61.8478  1.03309
 1.07496 -61.8388  1.03324
 1.07511 -61.8298  1.03339
 1.07526 -61.8208  1.03339
 1.07541 -61.8118  1.03354
 1.07556 -61.8029  1.03369
 1.07571 -61.7939  1.03384
 1.07586 -61.7849  1.03399
 1.07601 -61.7759  1.03414
 1.07616 -61.7669  1.03429
 1.07631  -61.758  1.03444
 1.07646  -61.749  1.03459
 1.07661   -61.74  1.03474
 1.07676  -61.731  1.03489
 1.07691 -61.7221  1.03504
 1.07706 -61.7131  1.03519
 1.07721 -61.7042  1.03534
 1.07736 -61.6952  1.03549
 1.07751 -61.6862  1.03564
 1.07766 -61.6773  1.03564
 1.07781 -61.6683  1.03579
 1.07796 -61.6594  1.03594
 1.07811 -61.6505  1.03609
 1.07826 -61.6415  1.03624
 1.07841 -61.6326  1.03639
 1.07856 -61.6236  1.03654
 1.07871 -61.6147  1.03669
 1.07886 -61.6058  1.03684
 1.07901 -61.5968  1.03699
 1.07916 -61.5879  1.03714
 1.07931  -61.579  1.03729
 1.07946 -61.5701  1.03744
 1.07961 -61.5611  1.03759
 1.07976 -61.5522  1.03774
 1.07991 -61.5433  1.03789
 1.08007 -61.5344  1.03789
 1.08022 -61.5255  1.03804
 1.08037 -61.5166  1.03819
 1.08052 -61.5077  1.03834
 1.08067 -61.4988  1.03849
 1.08082 -61.4898  1.03864
 1.08097 -61.4809  1.03879
 1.08112 -61.4721  1.03894
 1.08127 -61.4632  1.03909
 1.08142 -61.4543  1.03924
 1.08157 -61.4454  1.03939
 1.08172 -61.4365  1.03954
 1.08187 -61.4276  1.03969
 1.08202 -61.4187  1.03984
 1.08217 -61.4098  1.03999
 1.08232  -61.401  1.04015
 1.08247 -61.3921  1.04015
 1.08262 -61.3832   1.0403
 1.08277 -61.3743  1.04045
 1.08292 -61.3655   1.0406
 1.08307 -61.3566  1.04075
 1.08322 -61.3477   1.0409
 1.08337 -61.3389  1.04105
 1.08352   -61.33   1.0412
 1.08367 -61.3212  1.04135
 1.08382 -61.3123   1.0415
 1.08397 -61.3035  1.04165
 1.08412 -61.2946   1.0418
 1.08427 -61.2858  1.04195
 1.08442 -61.2769   1.0421
 1.08457 -61.2681  1.04225
 1.08472 -61.2592   1.0424
 1.08487 -61.2504   1.0424
 1.08502 -61.2416  1.04255
 1.08517 -61.2327   1.0427
 1.08532 -61.2239  1.04285
 1.08547 -61.2151    1.043
 1.08562 -61.2063  1.04315
 1.08577 -61.1974   1.0433
 1.08592 -61.1886  1.04345
 1.08607 -61.1798   1.0436
 1.08622  -61.171  1.04375
 1.08637 -61.1622   1.0439
 1.08652 -61.1534  1.04405
 1.08667 -61.1445   1.0442
 1.08682 -61.1357  1.04435
 1.08697 -61.1269   1.0445
 1.08712 -61.1181  1.04465
 1.08727 -61.1093  1.04465
 1.08742 -61.1005   1.0448
 1.08757 -61.0917  1.04495
 1.08772  -61.083   1.0451
 1.08787 -61.0742  1.04525
 1.08802 -61.0654   1.0454
 1.08817 -61.0566  1.04555
 1.08832 -61.0478   1.0457
 1.08847  -61.039  1.04585
 1.08862 -61.0303    1.046
 1.08877 -61.0215  1.04615
 1.08892 -61.0127   1.0463
 1.08907 -61.0039  1.04645
 1.08922 -60.9952   1.0466
 1.08937 -60.9864  1.04675
 1.08952 -60.9776  1.04675
 1.08967 -60.9689   1.0469
 1.08982 -60.9601  1.04705
 1.08997 -60.9514   1.0472
 1.09012 -60.9426  1.04735
 1.09027 -60.9339   1.0475
 1.09042 -60.9251  1.04765
 1.09057 -60.9164   1.0478
 1.09072 -60.9076  1.04795
 1.09087 -60.8989   1.0481
 1.09102 -60.8901  1.04825
 1.09117 -60.8814   1.0484
 1.09132 -60.8727  1.04855
 1.09147 -60.8639   1.0487
 1.09162 -60.8552  1.04885
 1.09177 -60.8465    1.049
 1.09192 -60.8378    1.049
 1.09207  -60.829  1.04915
 1.09222 -60.8203   1.0493
 1.09237 -60.8116  1.04945
 1.09252 -60.8029   1.0496
 1.09267 -60.7942  1.04975
 1.09282 -60.7855   1.0499
 1.09297 -60.7767  1.05005
 1.09312  -60.768   1.0502
 1.09327 -60.7593  1.05035
 1.09342 -60.7506   1.0505
 1.09357 -60.7419  1.05065
 1.09372 -60.7332   1.0508
 1.09387 -60.7245  1.05095
 1.09402 -60.7159   1.0511
 1.09417 -60.7072   1.0511
 1.09432 -60.6985  1.05125
 1.09447 -60.6898   1.0514
 1.09462 -60.6811  1.05155
 1.09477 -60.6724   1.0517
 1.09492 -60.6637  1.05185
 1.09507 -60.6551    1.052
 1.09522 -60.6464  1.05215
 1.09537 -60.6377   1.0523
 1.09552 -60.6291  1.05245
 1.09567 -60.6204   1.0526
 1.09582 -60.6117  1.05275
 1.09597 -60.6031   1.0529
 1.09612 -60.5944  1.05305
 1.09627 -60.5858   1.0532
 1.09642 -60.5771  1.05335
 1.09657 -60.5684  1.05335
 1.09672 -60.5598   1.0535
 1.09687 -60.5512  1.05365
 1.09702 -60.5425   1.0538
 1.09717 -60.5339  1.05395
 1.09732 -60.5252   1.0541
 1.09747 -60.5166  1.05425
 1.09762 -60.5079   1.0544
 1.09777 -60.4993  1.05455
 1.09792 -60.4907   1.0547
 1.09807 -60.4821  1.05485
 1.09822 -60.4734    1.055
 1.09837 -60.4648  1.05515
 1.09852 -60.4562   1.0553
 1.09867 -60.4476  1.05545
 1.09882 -60.4389  1.05545
 1.09897 -60.4303   1.0556
 1.09912 -60.4217  1.05575
 1.09927 -60.4131   1.0559
 1.09942 -60.4045  1.05605
 1.09957 -60.3959   1.0562
 1.09972 -60.3873  1.05635
 1.09987 -60.3787   1.0565
 1.10003 -60.3701  1.05665
 1.10018 -60.3615   1.0568
 1.10033 -60.3529  1.05695
 1.10048 -60.3443   1.0571
 1.10063 -60.3357  1.05725
 1.10078 -60.3271   1.0574
 1.10093 -60.3186  1.05755
 1.10108   -60.31  1.05755
 1.10123 -60.3014   1.0577
 1.10138 -60.2928  1.05785
 1.10153 -60.2842    1.058
 1.10168 -60.2757  1.05815
 1.10183 -60.2671   1.0583
 1.10198 -60.2585  1.05845
 1.10213   -60.25   1.0586
 1.10228 -60.2414  1.05875
 1.10243 -60.2329   1.0589
 1.10258 -60.2243  1.05905
 1.10273 -60.2157   1.0592
 1.10288 -60.2072  1.05935
 1.10303 -60.1986   1.0595
 1.10318 -60.1901  1.05965
 1.10333 -60.1815  1.05965
 1.10348  -60.173   1.0598
 1.10363 -60.1645  1.05995
 1.10378 -60.1559  1.06011
 1.10393 -60.1474  1.06026
 1.10408 -60.1388  1.06041
 1.10423 -60.1303  1.06056
 1.10438 -60.1218  1.06071
 1.10453 -60.1133  1.06086
 1.10468 -60.1047  1.06101
 1.10483 -60.0962  1.06116
 1.10498 -60.0877  1.06131
 1.10513 -60.0792  1.06146
 1.10528 -60.0707  1.06161
 1.10543 -60.0621  1.06161
 1.10558 -60.0536  1.06176
 1.10573 -60.0451  1.06191
 1.10588 -60.0366  1.06206
 1.10603 -60.0281  1.06221
 1.10618 -60.0196  1.06236
 1.10633 -60.0111  1.06251
 1.10648 -60.0026  1.06266
 1.10663 -59.9941  1.06281
 1.10678 -59.9856  1.06296
 1.10693 -59.9771  1.06311
 1.10708 -59.9686  1.06326
 1.10723 -59.9602  1.06341
 1.10738 -59.9517  1.06356
 1.10753 -59.9432  1.06371
 1.10768 -59.9347  1.06371
 1.10783 -59.9262  1.06386
 1.10798 -59.9178  1.06401
 1.10813 -59.9093  1.06416
 1.10828 -59.9008  1.06431
 1.10843 -59.8924  1.06446
 1.10858 -59.8839  1.06461
 1.10873 -59.8754  1.06476
 1.10888  -59.867  1.06491
 1.10903 -59.8585  1.06506
 1.10918 -59.8501  1.06521
 1.10933 -59.8416  1.06536
 1.10948 -59.8332  1.06551
 1.10963 -59.8247  1.06566
 1.10978 -59.8163  1.06566
 1.10993 -59.8078  1.06581
 1.11008 -59.7994  1.06596
 1.11023  -59.791  1.06611
 1.11038 -59.7825  1.06626
 1.11053 -59.7741  1.06641
 1.11068 -59.7656  1.06656
 1.11083 -59.7572  1.06671
 1.11098 -59.7488  1.06686
 1.11113 -59.7404  1.06701
 1.11128 -59.7319  1.06716
 1.11143 -59.7235  1.06731
 1.11158 -59.7151  1.06746
 1.11173 -59.7067  1.06761
 1.11188 -59.6983  1.06761
 1.11203 -59.6899  1.06776
 1.11218 -59.6815  1.06791
 1.11233 -59.6731  1.06806
 1.11248 -59.6647  1.06821
 1.11263 -59.6563  1.06836
 1.11278 -59.6479  1.06851
 1.11293 -59.6395  1.06866
 1.11308 -59.6311  1.06881
 1.11323 -59.6227  1.06896
 1.11338 -59.6143  1.06911
 1.11353 -59.6059  1.06926
 1.11368 -59.5975  1.06941
 1.11383 -59.5891  1.06956
 1.11398 -59.5807  1.06971
 1.11413 -59.5724  1.06971
 1.11428  -59.564  1.06986
 1.11443 -59.5556  1.07001
 1.11458 -59.5472  1.07016
 1.11473 -59.5389  1.07031
 1.11488 -59.5305  1.07046
 1.11503 -59.5222  1.07061
 1.11518 -59.5138  1.07076
 1.11533 -59.5054  1.07091
 1.11548 -59.4971  1.07106
 1.11563 -59.4887  1.07121
 1.11578 -59.4804  1.07136
 1.11593  -59.472  1.07151
 1.11608 -59.4637  1.07166
 1.11623 -59.4553  1.07166
 1.11638  -59.447  1.07181
 1.11653 -59.4386  1.07196
 1.11668 -59.4303  1.07211
 1.11683  -59.422  1.07226
 1.11698 -59.4136  1.07241
 1.11713 -59.4053  1.07256
 1.11728  -59.397  1.07271
 1.11743 -59.3886  1.07286
 1.11758 -59.3803  1.07301
 1.11773  -59.372  1.07316
 1.11788 -59.3637  1.07331
 1.11803 -59.3554  1.07346
 1.11818  -59.347  1.07361
 1.11833 -59.3387  1.07361
 1.11848 -59.3304  1.07376
 1.11863 -59.3221  1.07391
 1.11878 -59.3138  1.07406
 1.11893 -59.3055  1.07421
 1.11908 -59.2972  1.07436
 1.11923 -59.2889  1.07451
 1.11938 -59.2806  1.07466
 1.11953 -59.2723  1.07481
 1.11968  -59.264  1.07496
 1.11983 -59.2557  1.07511
 1.11998 -59.2474  1.07526
 1.12014 -59.2392  1.07541
 1.12029 -59.2309  1.07556
 1.12044 -59.2226  1.07556
 1.12059 -59.2143  1.07571
 1.12074  -59.206  1.07586
 1.12089 -59.1978  1.07601
 1.12104 -59.1895  1.07616
 1.12119 -59.1812  1.07631
 1.12134  -59.173  1.07646
 1.12149 -59.1647  1.07661
 1.12164 -59.1564  1.07676
 1.12179 -59.1482  1.07691
 1.12194 -59.1399  1.07706
 1.12209 -59.1317  1.07721
 1.12224 -59.1234  1.07736
 1.12239 -59.1152  1.07736
 1.12254 -59.1069  1.07751
 1.12269 -59.0987  1.07766
 1.12284 -59.0904  1.07781
 1.12299 -59.0822  1.07796
 1.12314 -59.0739  1.07811
 1.12329 -59.0657  1.07826
 1.12344 -59.0575  1.07841
 1.12359 -59.0492  1.07856
 1.12374  -59.041  1.07871
 1.12389 -59.0328  1.07886
 1.12404 -59.0246  1.07901
 1.12419 -59.0163  1.07916
 1.12434 -59.0081  1.07916
 1.12449 -58.9999  1.07931
 1.12464 -58.9917  1.07946
 1.12479 -58.9835  1.07961
 1.12494 -58.9753  1.07976
 1.12509  -58.967  1.07991
 1.12524 -58.9588  1.08007
 1.12539 -58.9506  1.08022
 1.12554 -58.9424  1.08037
 1.12569 -58.9342  1.08052
 1.12584  -58.926  1.08067
 1.12599 -58.9178  1.08082
 1.12614 -58.9097  1.08097
 1.12629 -58.9015  1.08097
 1.12644 -58.8933  1.08112
 1.12659 -58.8851  1.08127
 1.12674 -58.8769  1.08142
 1.12689 -58.8687  1.08157
 1.12704 -58.8605  1.08172
 1.12719 -58.8524  1.08187
 1.12734 -58.8442  1.08202
 1.12749  -58.836  1.08217
 1.12764 -58.8279  1.08232
 1.12779 -58.8197  1.08247
 1.12794 -58.8115  1.08262
 1.12809 -58.8034  1.08277
 1.12824 -58.7952  1.08277
 1.12839 -58.7871  1.08292
 1.12854 -58.7789  1.08307
 1.12869 -58.7707  1.08322
 1.12884 -58.7626  1.08337
 1.12899 -58.7544  1.08352
 1.12914 -58.7463  1.08367
 1.12929 -58.7382  1.08382
 1.12944   -58.73  1.08397
 1.12959 -58.7219  1.08412
 1.12974 -58.7137  1.08427
 1.12989 -58.7056  1.08442
 1.13004 -58.6975  1.08457
 1.13019 -58.6894  1.08457
 1.13034 -58.6812  1.08472
 1.13049 -58.6731  1.08487
 1.13064  -58.665  1.08502
 1.13079 -58.6569  1.08517
 1.13094 -58.6487  1.08532
 1.13109 -58.6406  1.08547
 1.13124 -58.6325  1.08562
 1.13139 -58.6244  1.08577
 1.13154 -58.6163  1.08592
 1.13169 -58.6082  1.08607
 1.13184 -58.6001  1.08622
 1.13199  -58.592  1.08622
 1.13214 -58.5839  1.08637
 1.13229 -58.5758  1.08652
 1.13244 -58.5677  1.08667
 1.13259 -58.5596  1.08682
 1.13274 -58.5515  1.08697
 1.13289 -58.5434  1.08712
 1.13304 -58.5353  1.08727
 1.13319 -58.5273  1.08742
 1.13334 -58.5192  1.08757
 1.13349 -58.5111  1.08772
 1.13364  -58.503  1.08787
 1.13379  -58.495  1.08802
 1.13394 -58.4869  1.08802
 1.13409 -58.4788  1.08817
 1.13424 -58.4708  1.08832
 1.13439 -58.4627  1.08847
 1.13454 -58.4546  1.08862
 1.13469 -58.4466  1.08877
 1.13484 -58.4385  1.08892
 1.13499 -58.4305  1.08907
 1.13514 -58.4224  1.08922
 1.13529 -58.4144  1.08937
 1.13544 -58.4063  1.08952
 1.13559 -58.3983  1.08967
 1.13574 -58.3902  1.08967
 1.13589 -58.3822  1.08982
 1.13604 -58.3741  1.08997
 1.13619 -58.3661  1.09012
 1.13634 -58.3581  1.09027
 1.13649   -58.35  1.09042
 1.13664  -58.342  1.09057
 1.13679  -58.334  1.09072
 1.13694  -58.326  1.09087
 1.13709 -58.3179  1.09102
 1.13724 -58.3099  1.09117
 1.13739 -58.3019  1.09132
 1.13754 -58.2939  1.09132
 1.13769 -58.2859  1.09147
 1.13784 -58.2779  1.09162
 1.13799 -58.2699  1.09177
 1.13814 -58.2619  1.09192
 1.13829 -58.2539  1.09207
 1.13844 -58.2459  1.09222
 1.13859 -58.2379  1.09237
 1.13874 -58.2299  1.09252
 1.13889 -58.2219  1.09267
 1.13904 -58.2139  1.09282
 1.13919 -58.2059  1.09282
 1.13934 -58.1979  1.09297
 1.13949 -58.1899  1.09312
 1.13964  -58.182  1.09327
 1.13979  -58.174  1.09342
 1.13994  -58.166  1.09357
  1.1401  -58.158  1.09372
 1.14025 -58.1501  1.09387
  1.1404 -58.1421  1.09402
 1.14055 -58.1341  1.09417
  1.1407 -58.1262  1.09417
 1.14085 -58.1182  1.09432
   1.141 -58.1103  1.09447
 1.14115 -58.1023  1.09462
  1.1413 -58.0943  1.09477
 1.14145 -58.0864  1.09492
  1.1416 -58.0785  1.09507
 1.14175 -58.0705  1.09522
  1.1419 -58.0626  1.09537
 1.14205 -58.0546  1.09552
  1.1422 -58.0467  1.09567
 1.14235 -58.0388  1.09567
  1.1425 -58.0308  1.09582
 1.14265 -58.0229  1.09597
  1.1428  -58.015  1.09612
 1.14295  -58.007  1.09627
  1.1431 -57.9991  1.09642
 1.14325 -57.9912  1.09657
  1.1434 -57.9833  1.09672
 1.14355 -57.9754  1.09687
  1.1437 -57.9674  1.09702
 1.14385 -57.9595  1.09717
   1.144 -57.9516  1.09717
 1.14415 -57.9437  1.09732
  1.1443 -57.9358  1.09747
 1.14445 -57.9279  1.09762
  1.1446   -57.92  1.09777
 1.14475 -57.9121  1.09792
  1.1449 -57.9042  1.09807
 1.14505 -57.8963  1.09822
  1.1452 -57.8885  1.09837
 1.14535 -57.8806  1.09852
  1.1455 -57.8727  1.09852
 1.14565 -57.8648  1.09867
  1.1458 -57.8569  1.09882
 1.14595  -57.849  1.09897
  1.1461 -57.8412  1.09912
 1.14625 -57.8333  1.09927
  1.1464 -57.8254  1.09942
 1.14655 -57.8176  1.09957
  1.1467 -57.8097  1.09972
 1.14685 -57.8018  1.09987
   1.147  -57.794  1.09987
 1.14715 -57.7861  1.10003
  1.1473 -57.7783  1.10018
 1.14745 -57.7704  1.10033
  1.1476 -57.7626  1.10048
 1.14775 -57.7547  1.10063
  1.1479 -57.7469  1.10078
 1.14805  -57.739  1.10093
  1.1482 -57.7312  1.10108
 1.14835 -57.7234  1.10123
  1.1485 -57.7155  1.10123
 1.14865 -57.7077  1.10138
  1.1488 -57.6999  1.10153
 1.14895  -57.692  1.10168
  1.1491 -57.6842  1.10183
 1.14925 -57.6764  1.10198
  1.1494 -57.6686  1.10213
 1.14955 -57.6608  1.10228
  1.1497 -57.6529  1.10243
 1.14985 -57.6451  1.10258
    1.15 -57.6373  1.10258