 kgrid  ValNew  Policy 
    0.85 -51.0648     0.85
 0.85015 -51.0448     0.85
  0.8503 -51.0249     0.85
 0.85045  -51.005     0.85
  0.8506 -50.9852     0.85
 0.85075 -50.9654     0.85
  0.8509 -50.9456     0.85
0.851051 -50.9259     0.85
0.851201 -50.9063     0.85
0.851351 -50.8867     0.85
0.851501 -50.8671     0.85
0.851651 -50.8476     0.85
0.851801 -50.8281     0.85
0.851951 -50.8086     0.85
0.852101 -50.7892     0.85
0.852251 -50.7698     0.85
0.852401 -50.7505     0.85
0.852551 -50.7312     0.85
0.852701  -50.712     0.85
0.852851 -50.6928     0.85
0.853002 -50.6737     0.85
0.853152 -50.6545     0.85
0.853302 -50.6355     0.85
0.853452 -50.6164     0.85
0.853602 -50.5975     0.85
0.853752 -50.5785     0.85
0.853902 -50.5596     0.85
0.854052 -50.5407     0.85
0.854202 -50.5219     0.85
0.854352 -50.5031     0.85
0.854502 -50.4844     0.85
0.854652 -50.4657     0.85
0.854802  -50.447     0.85
0.854952 -50.4284     0.85
0.855103 -50.4098     0.85
0.855253 -50.3913     0.85
0.855403 -50.3728     0.85
0.855553 -50.3543     0.85
0.855703 -50.3359     0.85
0.855853 -50.3175     0.85
0.856003 -50.2991     0.85
0.856153 -50.2808     0.85
0.856303 -50.2626     0.85
0.856453 -50.2443     0.85
0.856603 -50.2262     0.85
0.856753  -50.208     0.85
0.856903 -50.1899     0.85
0.857054 -50.1718     0.85
0.857204 -50.1538     0.85
0.857354 -50.1358     0.85
0.857504 -50.1178     0.85
0.857654 -50.0999     0.85
0.857804 -50.0821     0.85
0.857954 -50.0642     0.85
0.858104 -50.0464     0.85
0.858254 -50.0286     0.85
0.858404 -50.0109     0.85
0.858554 -49.9932     0.85
0.858704 -49.9756     0.85
0.858854  -49.958     0.85
0.859005 -49.9404     0.85
0.859155 -49.9228     0.85
0.859305 -49.9053     0.85
0.859455 -49.8879     0.85
0.859605 -49.8705     0.85
0.859755 -49.8531     0.85
0.859905 -49.8357     0.85
0.860055 -49.8184     0.85
0.860205 -49.8011     0.85
0.860355 -49.7839     0.85
0.860505 -49.7667     0.85
0.860655 -49.7495     0.85
0.860805 -49.7324     0.85
0.860955 -49.7153     0.85
0.861106 -49.6982     0.85
0.861256 -49.6812     0.85
0.861406 -49.6642     0.85
0.861556 -49.6472     0.85
0.861706 -49.6303     0.85
0.861856 -49.6134     0.85
0.862006 -49.5966     0.85
0.862156 -49.5798     0.85
0.862306  -49.563     0.85
0.862456 -49.5463     0.85
0.862606 -49.5296     0.85
0.862756 -49.5129     0.85
0.862906 -49.4963     0.85
0.863057 -49.4797     0.85
0.863207 -49.4631     0.85
0.863357 -49.4466     0.85
0.863507 -49.4301     0.85
0.863657 -49.4136     0.85
0.863807 -49.3972     0.85
0.863957 -49.3808     0.85
0.864107 -49.3645     0.85
0.864257 -49.3481     0.85
0.864407 -49.3318     0.85
0.864557 -49.3156     0.85
0.864707 -49.2994     0.85
0.864857 -49.2832     0.85
0.865008  -49.267     0.85
0.865158 -49.2509     0.85
0.865308 -49.2348     0.85
0.865458 -49.2188     0.85
0.865608 -49.2028     0.85
0.865758 -49.1868     0.85
0.865908 -49.1708     0.85
0.866058 -49.1549     0.85
0.866208  -49.139     0.85
0.866358 -49.1232     0.85
0.866508 -49.1074     0.85
0.866658 -49.0916     0.85
0.866808 -49.0758     0.85
0.866958 -49.0601     0.85
0.867109 -49.0444     0.85
0.867259 -49.0288     0.85
0.867409 -49.0131     0.85
0.867559 -48.9976     0.85
0.867709  -48.982     0.85
0.867859 -48.9665     0.85
0.868009  -48.951     0.85
0.868159 -48.9355     0.85
0.868309 -48.9201     0.85
0.868459 -48.9047     0.85
0.868609 -48.8893     0.85
0.868759  -48.874     0.85
0.868909 -48.8587     0.85
 0.86906 -48.8434     0.85
 0.86921 -48.8282     0.85
 0.86936  -48.813     0.85
 0.86951 -48.7978     0.85
 0.86966 -48.7827     0.85
 0.86981 -48.7676     0.85
 0.86996 -48.7525     0.85
 0.87011 -48.7374     0.85
 0.87026 -48.7224     0.85
 0.87041 -48.7074     0.85
 0.87056 -48.6925     0.85
 0.87071 -48.6775     0.85
 0.87086 -48.6627     0.85
0.871011 -48.6478     0.85
0.871161  -48.633     0.85
0.871311 -48.6182     0.85
0.871461 -48.6034     0.85
0.871611 -48.5886     0.85
0.871761 -48.5739     0.85
0.871911 -48.5592     0.85
0.872061 -48.5446  0.85015
0.872211 -48.5299  0.85015
0.872361 -48.5153   0.8503
0.872511 -48.5007   0.8503
0.872661 -48.4861  0.85045
0.872811 -48.4715   0.8506
0.872961 -48.4569   0.8506
0.873112 -48.4423  0.85075
0.873262 -48.4278   0.8509
0.873412 -48.4133   0.8509
0.873562 -48.3987 0.851051
0.873712 -48.3842 0.851201
0.873862 -48.3697 0.851201
0.874012 -48.3552 0.851351
0.874162 -48.3407 0.851351
0.874312 -48.3263 0.851501
0.874462 -48.3118 0.851651
0.874612 -48.2974 0.851651
0.874762 -48.2829 0.851801
0.874912 -48.2685 0.851951
0.875063 -48.2541 0.851951
0.875213 -48.2397 0.852101
0.875363 -48.2254 0.852251
0.875513  -48.211 0.852251
0.875663 -48.1966 0.852401
0.875813 -48.1823 0.852551
0.875963  -48.168 0.852551
0.876113 -48.1537 0.852701
0.876263 -48.1394 0.852851
0.876413 -48.1251 0.852851
0.876563 -48.1108 0.853002
0.876713 -48.0965 0.853002
0.876863 -48.0823 0.853152
0.877014  -48.068 0.853302
0.877164 -48.0538 0.853452
0.877314 -48.0396 0.853452
0.877464 -48.0253 0.853602
0.877614 -48.0111 0.853752
0.877764  -47.997 0.853752
0.877914 -47.9828 0.853902
0.878064 -47.9686 0.854052
0.878214 -47.9545 0.854052
0.878364 -47.9403 0.854202
0.878514 -47.9262 0.854352
0.878664  -47.912 0.854502
0.878814 -47.8979 0.854502
0.878964 -47.8838 0.854652
0.879115 -47.8697 0.854802
0.879265 -47.8557 0.854802
0.879415 -47.8416 0.854952
0.879565 -47.8275 0.855103
0.879715 -47.8135 0.855103
0.879865 -47.7994 0.855253
0.880015 -47.7854 0.855403
0.880165 -47.7714 0.855553
0.880315 -47.7574 0.855553
0.880465 -47.7434 0.855703
0.880615 -47.7294 0.855853
0.880765 -47.7154 0.855853
0.880915 -47.7014 0.856003
0.881066 -47.6875 0.856153
0.881216 -47.6735 0.856153
0.881366 -47.6596 0.856303
0.881516 -47.6457 0.856453
0.881666 -47.6318 0.856603
0.881816 -47.6179 0.856603
0.881966  -47.604 0.856753
0.882116 -47.5901 0.856903
0.882266 -47.5762 0.856903
0.882416 -47.5624 0.857054
0.882566 -47.5485 0.857204
0.882716 -47.5347 0.857204
0.882866 -47.5208 0.857354
0.883017  -47.507 0.857504
0.883167 -47.4932 0.857654
0.883317 -47.4794 0.857654
0.883467 -47.4656 0.857804
0.883617 -47.4518 0.857954
0.883767 -47.4381 0.857954
0.883917 -47.4243 0.858104
0.884067 -47.4106 0.858254
0.884217 -47.3968 0.858404
0.884367 -47.3831 0.858404
0.884517 -47.3694 0.858554
0.884667 -47.3557 0.858704
0.884817  -47.342 0.858704
0.884967 -47.3283 0.858854
0.885118 -47.3146 0.859005
0.885268  -47.301 0.859005
0.885418 -47.2873 0.859155
0.885568 -47.2737 0.859305
0.885718   -47.26 0.859455
0.885868 -47.2464 0.859455
0.886018 -47.2328 0.859605
0.886168 -47.2192 0.859755
0.886318 -47.2056 0.859905
0.886468  -47.192 0.859905
0.886618 -47.1784 0.860055
0.886768 -47.1648 0.860205
0.886918 -47.1513 0.860205
0.887069 -47.1377 0.860355
0.887219 -47.1242 0.860505
0.887369 -47.1107 0.860505
0.887519 -47.0972 0.860655
0.887669 -47.0837 0.860805
0.887819 -47.0702 0.860955
0.887969 -47.0567 0.860955
0.888119 -47.0432 0.861106
0.888269 -47.0297 0.861256
0.888419 -47.0163 0.861256
0.888569 -47.0028 0.861406
0.888719 -46.9894 0.861556
0.888869  -46.976 0.861706
 0.88902 -46.9625 0.861706
 0.88917 -46.9491 0.861856
 0.88932 -46.9357 0.862006
 0.88947 -46.9223 0.862006
 0.88962  -46.909 0.862156
 0.88977 -46.8956 0.862306
 0.88992 -46.8822 0.862456
 0.89007 -46.8689 0.862456
 0.89022 -46.8555 0.862606
 0.89037 -46.8422 0.862756
 0.89052 -46.8289 0.862756
 0.89067 -46.8156 0.862906
 0.89082 -46.8023 0.863057
 0.89097  -46.789 0.863207
0.891121 -46.7757 0.863207
0.891271 -46.7624 0.863357
0.891421 -46.7491 0.863507
0.891571 -46.7359 0.863507
0.891721 -46.7226 0.863657
0.891871 -46.7094 0.863807
0.892021 -46.6962 0.863957
0.892171  -46.683 0.863957
0.892321 -46.6698 0.864107
0.892471 -46.6566 0.864257
0.892621 -46.6434 0.864407
0.892771 -46.6302 0.864407
0.892921  -46.617 0.864557
0.893072 -46.6039 0.864707
0.893222 -46.5907 0.864707
0.893372 -46.5776 0.864857
0.893522 -46.5644 0.865008
0.893672 -46.5513 0.865008
0.893822 -46.5382 0.865158
0.893972 -46.5251 0.865308
0.894122  -46.512 0.865458
0.894272 -46.4989 0.865458
0.894422 -46.4858 0.865608
0.894572 -46.4728 0.865758
0.894722 -46.4597 0.865908
0.894872 -46.4467 0.865908
0.895023 -46.4336 0.866058
0.895173 -46.4206 0.866208
0.895323 -46.4076 0.866208
0.895473 -46.3946 0.866358
0.895623 -46.3816 0.866508
0.895773 -46.3686 0.866658
0.895923 -46.3556 0.866658
0.896073 -46.3426 0.866808
0.896223 -46.3296 0.866958
0.896373 -46.3167 0.867109
0.896523 -46.3037 0.867109
0.896673 -46.2908 0.867259
0.896823 -46.2779 0.867409
0.896973  -46.265 0.867409
0.897124  -46.252 0.867559
0.897274 -46.2391 0.867709
0.897424 -46.2262 0.867859
0.897574 -46.2134 0.867859
0.897724 -46.2005 0.868009
0.897874 -46.1876 0.868159
0.898024 -46.1747 0.868309
0.898174 -46.1619 0.868309
0.898324 -46.1491 0.868459
0.898474 -46.1362 0.868609
0.898624 -46.1234 0.868759
0.898774 -46.1106 0.868759
0.898924 -46.0978 0.868909
0.899075  -46.085  0.86906
0.899225 -46.0722  0.86906
0.899375 -46.0594  0.86921
0.899525 -46.0466  0.86936
0.899675 -46.0339  0.86951
0.899825 -46.0211  0.86951
0.899975 -46.0084  0.86966
0.900125 -45.9956  0.86981
0.900275 -45.9829  0.86996
0.900425 -45.9702  0.86996
0.900575 -45.9575  0.87011
0.900725 -45.9448  0.87026
0.900875 -45.9321  0.87026
0.901026 -45.9194  0.87041
0.901176 -45.9067  0.87056
0.901326 -45.8941  0.87071
0.901476 -45.8814  0.87071
0.901626 -45.8687  0.87086
0.901776 -45.8561 0.871011
0.901926 -45.8435 0.871161
0.902076 -45.8309 0.871161
0.902226 -45.8182 0.871311
0.902376 -45.8056 0.871461
0.902526  -45.793 0.871611
0.902676 -45.7804 0.871611
0.902826 -45.7679 0.871761
0.902976 -45.7553 0.871911
0.903127 -45.7427 0.871911
0.903277 -45.7302 0.872061
0.903427 -45.7176 0.872211
0.903577 -45.7051 0.872361
0.903727 -45.6925 0.872511
0.903877   -45.68 0.872511
0.904027 -45.6675 0.872661
0.904177  -45.655 0.872811
0.904327 -45.6425 0.872961
0.904477   -45.63 0.873112
0.904627 -45.6175 0.873112
0.904777  -45.605 0.873262
0.904927 -45.5925 0.873412
0.905078   -45.58 0.873562
0.905228 -45.5676 0.873712
0.905378 -45.5551 0.873862
0.905528 -45.5427 0.873862
0.905678 -45.5302 0.874012
0.905828 -45.5178 0.874162
0.905978 -45.5053 0.874312
0.906128 -45.4929 0.874462
0.906278 -45.4805 0.874462
0.906428 -45.4681 0.874612
0.906578 -45.4557 0.874762
0.906728 -45.4433 0.874912
0.906878 -45.4309 0.875063
0.907029 -45.4185 0.875213
0.907179 -45.4061 0.875213
0.907329 -45.3937 0.875363
0.907479 -45.3814 0.875513
0.907629  -45.369 0.875663
0.907779 -45.3566 0.875813
0.907929 -45.3443 0.875963
0.908079  -45.332 0.875963
0.908229 -45.3196 0.876113
0.908379 -45.3073 0.876263
0.908529  -45.295 0.876413
0.908679 -45.2826 0.876563
0.908829 -45.2703 0.876563
0.908979  -45.258 0.876713
 0.90913 -45.2457 0.876863
 0.90928 -45.2334 0.877014
 0.90943 -45.2211 0.877164
 0.90958 -45.2089 0.877314
 0.90973 -45.1966 0.877314
 0.90988 -45.1843 0.877464
 0.91003 -45.1721 0.877614
 0.91018 -45.1598 0.877764
 0.91033 -45.1476 0.877914
 0.91048 -45.1353 0.878064
 0.91063 -45.1231 0.878064
 0.91078 -45.1109 0.878214
 0.91093 -45.0986 0.878364
0.911081 -45.0864 0.878514
0.911231 -45.0742 0.878664
0.911381  -45.062 0.878664
0.911531 -45.0498 0.878814
0.911681 -45.0376 0.878964
0.911831 -45.0254 0.879115
0.911981 -45.0132 0.879265
0.912131 -45.0011 0.879415
0.912281 -44.9889 0.879415
0.912431 -44.9767 0.879565
0.912581 -44.9646 0.879715
0.912731 -44.9524 0.879865
0.912881 -44.9403 0.880015
0.913032 -44.9282 0.880165
0.913182  -44.916 0.880165
0.913332 -44.9039 0.880315
0.913482 -44.8918 0.880465
0.913632 -44.8797 0.880615
0.913782 -44.8676 0.880765
0.913932 -44.8555 0.880915
0.914082 -44.8434 0.880915
0.914232 -44.8313 0.881066
0.914382 -44.8192 0.881216
0.914532 -44.8071 0.881366
0.914682  -44.795 0.881516
0.914832  -44.783 0.881666
0.914982 -44.7709 0.881666
0.915133 -44.7589 0.881816
0.915283 -44.7468 0.881966
0.915433 -44.7348 0.882116
0.915583 -44.7227 0.882266
0.915733 -44.7107 0.882416
0.915883 -44.6987 0.882416
0.916033 -44.6867 0.882566
0.916183 -44.6747 0.882716
0.916333 -44.6627 0.882866
0.916483 -44.6507 0.883017
0.916633 -44.6387 0.883167
0.916783 -44.6267 0.883167
0.916933 -44.6147 0.883317
0.917084 -44.6027 0.883467
0.917234 -44.5907 0.883617
0.917384 -44.5788 0.883767
0.917534 -44.5668 0.883917
0.917684 -44.5549 0.883917
0.917834 -44.5429 0.884067
0.917984  -44.531 0.884217
0.918134 -44.5191 0.884367
0.918284 -44.5071 0.884517
0.918434 -44.4952 0.884667
0.918584 -44.4833 0.884667
0.918734 -44.4714 0.884817
0.918884 -44.4595 0.884967
0.919035 -44.4476 0.885118
0.919185 -44.4357 0.885268
0.919335 -44.4238 0.885418
0.919485 -44.4119 0.885418
0.919635    -44.4 0.885568
0.919785 -44.3882 0.885718
0.919935 -44.3763 0.885868
0.920085 -44.3644 0.886018
0.920235 -44.3526 0.886168
0.920385 -44.3407 0.886318
0.920535 -44.3289 0.886318
0.920685  -44.317 0.886468
0.920835 -44.3052 0.886618
0.920985 -44.2934 0.886768
0.921136 -44.2816 0.886918
0.921286 -44.2698 0.887069
0.921436 -44.2579 0.887069
0.921586 -44.2461 0.887219
0.921736 -44.2343 0.887369
0.921886 -44.2225 0.887519
0.922036 -44.2108 0.887669
0.922186  -44.199 0.887819
0.922336 -44.1872 0.887969
0.922486 -44.1754 0.887969
0.922636 -44.1637 0.888119
0.922786 -44.1519 0.888269
0.922936 -44.1401 0.888419
0.923087 -44.1284 0.888569
0.923237 -44.1166 0.888719
0.923387 -44.1049 0.888869
0.923537 -44.0932 0.888869
0.923687 -44.0814  0.88902
0.923837 -44.0697  0.88917
0.923987  -44.058  0.88932
0.924137 -44.0463  0.88947
0.924287 -44.0346  0.88962
0.924437 -44.0229  0.88962
0.924587 -44.0112  0.88977
0.924737 -43.9995  0.88992
0.924887 -43.9878  0.89007
0.925038 -43.9761  0.89022
0.925188 -43.9645  0.89037
0.925338 -43.9528  0.89052
0.925488 -43.9411  0.89052
0.925638 -43.9295  0.89067
0.925788 -43.9178  0.89082
0.925938 -43.9062  0.89097
0.926088 -43.8945 0.891121
0.926238 -43.8829 0.891271
0.926388 -43.8713 0.891421
0.926538 -43.8596 0.891421
0.926688  -43.848 0.891571
0.926838 -43.8364 0.891721
0.926988 -43.8248 0.891871
0.927139 -43.8132 0.892021
0.927289 -43.8016 0.892171
0.927439   -43.79 0.892171
0.927589 -43.7784 0.892321
0.927739 -43.7668 0.892471
0.927889 -43.7552 0.892621
0.928039 -43.7437 0.892771
0.928189 -43.7321 0.892921
0.928339 -43.7205 0.893072
0.928489  -43.709 0.893072
0.928639 -43.6974 0.893222
0.928789 -43.6859 0.893372
0.928939 -43.6743 0.893522
 0.92909 -43.6628 0.893672
 0.92924 -43.6513 0.893822
 0.92939 -43.6397 0.893972
 0.92954 -43.6282 0.893972
 0.92969 -43.6167 0.894122
 0.92984 -43.6052 0.894272
 0.92999 -43.5937 0.894422
 0.93014 -43.5822 0.894572
 0.93029 -43.5707 0.894722
 0.93044 -43.5592 0.894872
 0.93059 -43.5477 0.894872
 0.93074 -43.5363 0.895023
 0.93089 -43.5248 0.895173
0.931041 -43.5133 0.895323
0.931191 -43.5018 0.895473
0.931341 -43.4904 0.895623
0.931491 -43.4789 0.895773
0.931641 -43.4675 0.895773
0.931791  -43.456 0.895923
0.931941 -43.4446 0.896073
0.932091 -43.4332 0.896223
0.932241 -43.4218 0.896373
0.932391 -43.4103 0.896523
0.932541 -43.3989 0.896523
0.932691 -43.3875 0.896673
0.932841 -43.3761 0.896823
0.932991 -43.3647 0.896973
0.933142 -43.3533 0.897124
0.933292 -43.3419 0.897274
0.933442 -43.3305 0.897424
0.933592 -43.3191 0.897424
0.933742 -43.3078 0.897574
0.933892 -43.2964 0.897724
0.934042  -43.285 0.897874
0.934192 -43.2737 0.898024
0.934342 -43.2623 0.898174
0.934492  -43.251 0.898324
0.934642 -43.2396 0.898324
0.934792 -43.2283 0.898474
0.934942  -43.217 0.898624
0.935093 -43.2056 0.898774
0.935243 -43.1943 0.898924
0.935393  -43.183 0.899075
0.935543 -43.1717 0.899225
0.935693 -43.1604 0.899225
0.935843 -43.1491 0.899375
0.935993 -43.1378 0.899525
0.936143 -43.1265 0.899675
0.936293 -43.1152 0.899825
0.936443 -43.1039 0.899975
0.936593 -43.0926 0.900125
0.936743 -43.0813 0.900125
0.936893 -43.0701 0.900275
0.937044 -43.0588 0.900425
0.937194 -43.0475 0.900575
0.937344 -43.0363 0.900725
0.937494  -43.025 0.900875
0.937644 -43.0138 0.901026
0.937794 -43.0026 0.901026
0.937944 -42.9913 0.901176
0.938094 -42.9801 0.901326
0.938244 -42.9689 0.901476
0.938394 -42.9577 0.901626
0.938544 -42.9464 0.901776
0.938694 -42.9352 0.901926
0.938844  -42.924 0.901926
0.938994 -42.9128 0.902076
0.939145 -42.9016 0.902226
0.939295 -42.8904 0.902376
0.939445 -42.8793 0.902526
0.939595 -42.8681 0.902676
0.939745 -42.8569 0.902826
0.939895 -42.8457 0.902826
0.940045 -42.8346 0.902976
0.940195 -42.8234 0.903127
0.940345 -42.8123 0.903277
0.940495 -42.8011 0.903427
0.940645   -42.79 0.903577
0.940795 -42.7788 0.903727
0.940945 -42.7677 0.903727
0.941096 -42.7566 0.903877
0.941246 -42.7454 0.904027
0.941396 -42.7343 0.904177
0.941546 -42.7232 0.904327
0.941696 -42.7121 0.904477
0.941846  -42.701 0.904627
0.941996 -42.6899 0.904627
0.942146 -42.6788 0.904777
0.942296 -42.6677 0.904927
0.942446 -42.6566 0.905078
0.942596 -42.6455 0.905228
0.942746 -42.6344 0.905378
0.942896 -42.6234 0.905528
0.943047 -42.6123 0.905678
0.943197 -42.6012 0.905678
0.943347 -42.5902 0.905828
0.943497 -42.5791 0.905978
0.943647 -42.5681 0.906128
0.943797  -42.557 0.906278
0.943947  -42.546 0.906428
0.944097 -42.5349 0.906578
0.944247 -42.5239 0.906728
0.944397 -42.5129 0.906728
0.944547 -42.5019 0.906878
0.944697 -42.4908 0.907029
0.944847 -42.4798 0.907179
0.944997 -42.4688 0.907329
0.945148 -42.4578 0.907479
0.945298 -42.4468 0.907629
0.945448 -42.4358 0.907779
0.945598 -42.4248 0.907779
0.945748 -42.4138 0.907929
0.945898 -42.4029 0.908079
0.946048 -42.3919 0.908229
0.946198 -42.3809 0.908379
0.946348 -42.3699 0.908529
0.946498  -42.359 0.908679
0.946648  -42.348 0.908829
0.946798 -42.3371 0.908829
0.946948 -42.3261 0.908979
0.947099 -42.3152  0.90913
0.947249 -42.3042  0.90928
0.947399 -42.2933  0.90943
0.947549 -42.2823  0.90958
0.947699 -42.2714  0.90973
0.947849 -42.2605  0.90988
0.947999 -42.2496  0.90988
0.948149 -42.2387  0.91003
0.948299 -42.2277  0.91018
0.948449 -42.2168  0.91033
0.948599 -42.2059  0.91048
0.948749  -42.195  0.91063
0.948899 -42.1841  0.91078
 0.94905 -42.1733  0.91093
  0.9492 -42.1624  0.91093
 0.94935 -42.1515 0.911081
  0.9495 -42.1406 0.911231
 0.94965 -42.1297 0.911381
  0.9498 -42.1189 0.911531
 0.94995  -42.108 0.911681
  0.9501 -42.0972 0.911831
 0.95025 -42.0863 0.911981
  0.9504 -42.0755 0.911981
 0.95055 -42.0646 0.912131
  0.9507 -42.0538 0.912281
 0.95085 -42.0429 0.912431
0.951001 -42.0321 0.912581
0.951151 -42.0213 0.912731
0.951301 -42.0105 0.912881
0.951451 -41.9996 0.913032
0.951601 -41.9888 0.913032
0.951751  -41.978 0.913182
0.951901 -41.9672 0.913332
0.952051 -41.9564 0.913482
0.952201 -41.9456 0.913632
0.952351 -41.9348 0.913782
0.952501  -41.924 0.913932
0.952651 -41.9132 0.914082
0.952801 -41.9025 0.914082
0.952951 -41.8917 0.914232
0.953102 -41.8809 0.914382
0.953252 -41.8702 0.914532
0.953402 -41.8594 0.914682
0.953552 -41.8486 0.914832
0.953702 -41.8379 0.914982
0.953852 -41.8271 0.915133
0.954002 -41.8164 0.915283
0.954152 -41.8056 0.915283
0.954302 -41.7949 0.915433
0.954452 -41.7842 0.915583
0.954602 -41.7734 0.915733
0.954752 -41.7627 0.915883
0.954902  -41.752 0.916033
0.955053 -41.7413 0.916183
0.955203 -41.7306 0.916333
0.955353 -41.7199 0.916333
0.955503 -41.7092 0.916483
0.955653 -41.6985 0.916633
0.955803 -41.6878 0.916783
0.955953 -41.6771 0.916933
0.956103 -41.6664 0.917084
0.956253 -41.6557 0.917234
0.956403 -41.6451 0.917384
0.956553 -41.6344 0.917384
0.956703 -41.6237 0.917534
0.956853  -41.613 0.917684
0.957004 -41.6024 0.917834
0.957154 -41.5917 0.917984
0.957304 -41.5811 0.918134
0.957454 -41.5704 0.918284
0.957604 -41.5598 0.918434
0.957754 -41.5492 0.918434
0.957904 -41.5385 0.918584
0.958054 -41.5279 0.918734
0.958204 -41.5173 0.918884
0.958354 -41.5066 0.919035
0.958504  -41.496 0.919185
0.958654 -41.4854 0.919335
0.958804 -41.4748 0.919485
0.958954 -41.4642 0.919635
0.959105 -41.4536 0.919635
0.959255  -41.443 0.919785
0.959405 -41.4324 0.919935
0.959555 -41.4218 0.920085
0.959705 -41.4112 0.920235
0.959855 -41.4007 0.920385
0.960005 -41.3901 0.920535
0.960155 -41.3795 0.920685
0.960305  -41.369 0.920685
0.960455 -41.3584 0.920835
0.960605 -41.3478 0.920985
0.960755 -41.3373 0.921136
0.960905 -41.3267 0.921286
0.961056 -41.3162 0.921436
0.961206 -41.3056 0.921586
0.961356 -41.2951 0.921736
0.961506 -41.2846 0.921736
0.961656  -41.274 0.921886
0.961806 -41.2635 0.922036
0.961956  -41.253 0.922186
0.962106 -41.2425 0.922336
0.962256  -41.232 0.922486
0.962406 -41.2215 0.922636
0.962556  -41.211 0.922786
0.962706 -41.2005 0.922936
0.962856   -41.19 0.922936
0.963007 -41.1795 0.923087
0.963157  -41.169 0.923237
0.963307 -41.1585 0.923387
0.963457  -41.148 0.923537
0.963607 -41.1375 0.923687
0.963757 -41.1271 0.923837
0.963907 -41.1166 0.923987
0.964057 -41.1061 0.923987
0.964207 -41.0957 0.924137
0.964357 -41.0852 0.924287
0.964507 -41.0748 0.924437
0.964657 -41.0643 0.924587
0.964807 -41.0539 0.924737
0.964957 -41.0435 0.924887
0.965108  -41.033 0.925038
0.965258 -41.0226 0.925188
0.965408 -41.0122 0.925188
0.965558 -41.0017 0.925338
0.965708 -40.9913 0.925488
0.965858 -40.9809 0.925638
0.966008 -40.9705 0.925788
0.966158 -40.9601 0.925938
0.966308 -40.9497 0.926088
0.966458 -40.9393 0.926238
0.966608 -40.9289 0.926238
0.966758 -40.9185 0.926388
0.966908 -40.9081 0.926538
0.967059 -40.8977 0.926688
0.967209 -40.8874 0.926838
0.967359  -40.877 0.926988
0.967509 -40.8666 0.927139
0.967659 -40.8562 0.927289
0.967809 -40.8459 0.927439
0.967959 -40.8355 0.927439
0.968109 -40.8252 0.927589
0.968259 -40.8148 0.927739
0.968409 -40.8045 0.927889
0.968559 -40.7941 0.928039
0.968709 -40.7838 0.928189
0.968859 -40.7735 0.928339
 0.96901 -40.7631 0.928489
 0.96916 -40.7528 0.928639
 0.96931 -40.7425 0.928639
 0.96946 -40.7322 0.928789
 0.96961 -40.7218 0.928939
 0.96976 -40.7115  0.92909
 0.96991 -40.7012  0.92924
 0.97006 -40.6909  0.92939
 0.97021 -40.6806  0.92954
 0.97036 -40.6703  0.92969
 0.97051   -40.66  0.92969
 0.97066 -40.6498  0.92984
 0.97081 -40.6395  0.92999
 0.97096 -40.6292  0.93014
0.971111 -40.6189  0.93029
0.971261 -40.6086  0.93044
0.971411 -40.5984  0.93059
0.971561 -40.5881  0.93074
0.971711 -40.5779  0.93089
0.971861 -40.5676  0.93089
0.972011 -40.5573 0.931041
0.972161 -40.5471 0.931191
0.972311 -40.5368 0.931341
0.972461 -40.5266 0.931491
0.972611 -40.5164 0.931641
0.972761 -40.5061 0.931791
0.972911 -40.4959 0.931941
0.973062 -40.4857 0.932091
0.973212 -40.4755 0.932091
0.973362 -40.4653 0.932241
0.973512  -40.455 0.932391
0.973662 -40.4448 0.932541
0.973812 -40.4346 0.932691
0.973962 -40.4244 0.932841
0.974112 -40.4142 0.932991
0.974262  -40.404 0.933142
0.974412 -40.3938 0.933142
0.974562 -40.3837 0.933292
0.974712 -40.3735 0.933442
0.974862 -40.3633 0.933592
0.975013 -40.3531 0.933742
0.975163  -40.343 0.933892
0.975313 -40.3328 0.934042
0.975463 -40.3226 0.934192
0.975613 -40.3125 0.934342
0.975763 -40.3023 0.934492
0.975913 -40.2922 0.934492
0.976063  -40.282 0.934642
0.976213 -40.2719 0.934792
0.976363 -40.2617 0.934942
0.976513 -40.2516 0.935093
0.976663 -40.2415 0.935243
0.976813 -40.2313 0.935393
0.976963 -40.2212 0.935543
0.977114 -40.2111 0.935543
0.977264  -40.201 0.935693
0.977414 -40.1909 0.935843
0.977564 -40.1807 0.935993
0.977714 -40.1706 0.936143
0.977864 -40.1605 0.936293
0.978014 -40.1504 0.936443
0.978164 -40.1404 0.936593
0.978314 -40.1303 0.936743
0.978464 -40.1202 0.936743
0.978614 -40.1101 0.936893
0.978764    -40.1 0.937044
0.978914 -40.0899 0.937194
0.979065 -40.0799 0.937344
0.979215 -40.0698 0.937494
0.979365 -40.0597 0.937644
0.979515 -40.0497 0.937794
0.979665 -40.0396 0.937944
0.979815 -40.0296 0.937944
0.979965 -40.0195 0.938094
0.980115 -40.0095 0.938244
0.980265 -39.9994 0.938394
0.980415 -39.9894 0.938544
0.980565 -39.9794 0.938694
0.980715 -39.9693 0.938844
0.980865 -39.9593 0.938994
0.981016 -39.9493 0.939145
0.981166 -39.9393 0.939145
0.981316 -39.9293 0.939295
0.981466 -39.9192 0.939445
0.981616 -39.9092 0.939595
0.981766 -39.8992 0.939745
0.981916 -39.8892 0.939895
0.982066 -39.8792 0.940045
0.982216 -39.8693 0.940195
0.982366 -39.8593 0.940345
0.982516 -39.8493 0.940345
0.982666 -39.8393 0.940495
0.982816 -39.8293 0.940645
0.982966 -39.8193 0.940795
0.983117 -39.8094 0.940945
0.983267 -39.7994 0.941096
0.983417 -39.7894 0.941246
0.983567 -39.7795 0.941396
0.983717 -39.7695 0.941546
0.983867 -39.7596 0.941546
0.984017 -39.7496 0.941696
0.984167 -39.7397 0.941846
0.984317 -39.7298 0.941996
0.984467 -39.7198 0.942146
0.984617 -39.7099 0.942296
0.984767    -39.7 0.942446
0.984917   -39.69 0.942596
0.985068 -39.6801 0.942746
0.985218 -39.6702 0.942746
0.985368 -39.6603 0.942896
0.985518 -39.6504 0.943047
0.985668 -39.6405 0.943197
0.985818 -39.6306 0.943347
0.985968 -39.6207 0.943497
0.986118 -39.6108 0.943647
0.986268 -39.6009 0.943797
0.986418  -39.591 0.943947
0.986568 -39.5811 0.943947
0.986718 -39.5712 0.944097
0.986868 -39.5613 0.944247
0.987019 -39.5515 0.944397
0.987169 -39.5416 0.944547
0.987319 -39.5317 0.944697
0.987469 -39.5219 0.944847
0.987619  -39.512 0.944997
0.987769 -39.5022 0.945148
0.987919 -39.4923 0.945148
0.988069 -39.4825 0.945298
0.988219 -39.4726 0.945448
0.988369 -39.4628 0.945598
0.988519 -39.4529 0.945748
0.988669 -39.4431 0.945898
0.988819 -39.4333 0.946048
0.988969 -39.4235 0.946198
 0.98912 -39.4136 0.946348
 0.98927 -39.4038 0.946348
 0.98942  -39.394 0.946498
 0.98957 -39.3842 0.946648
 0.98972 -39.3744 0.946798
 0.98987 -39.3646 0.946948
 0.99002 -39.3548 0.947099
 0.99017  -39.345 0.947249
 0.99032 -39.3352 0.947399
 0.99047 -39.3254 0.947549
 0.99062 -39.3156 0.947549
 0.99077 -39.3058 0.947699
 0.99092  -39.296 0.947849
0.991071 -39.2863 0.947999
0.991221 -39.2765 0.948149
0.991371 -39.2667 0.948299
0.991521  -39.257 0.948449
0.991671 -39.2472 0.948599
0.991821 -39.2374 0.948749
0.991971 -39.2277 0.948749
0.992121 -39.2179 0.948899
0.992271 -39.2082  0.94905
0.992421 -39.1984   0.9492
0.992571 -39.1887  0.94935
0.992721  -39.179   0.9495
0.992871 -39.1692  0.94965
0.993022 -39.1595   0.9498
0.993172 -39.1498  0.94995
0.993322 -39.1401  0.94995
0.993472 -39.1303   0.9501
0.993622 -39.1206  0.95025
0.993772 -39.1109   0.9504
0.993922 -39.1012  0.95055
0.994072 -39.0915   0.9507
0.994222 -39.0818  0.95085
0.994372 -39.0721 0.951001
0.994522 -39.0624 0.951151
0.994672 -39.0527 0.951151
0.994822  -39.043 0.951301
0.994972 -39.0334 0.951451
0.995123 -39.0237 0.951601
0.995273  -39.014 0.951751
0.995423 -39.0043 0.951901
0.995573 -38.9947 0.952051
0.995723  -38.985 0.952201
0.995873 -38.9753 0.952351
0.996023 -38.9657 0.952501
0.996173  -38.956 0.952501
0.996323 -38.9464 0.952651
0.996473 -38.9367 0.952801
0.996623 -38.9271 0.952951
0.996773 -38.9174 0.953102
0.996923 -38.9078 0.953252
0.997074 -38.8982 0.953402
0.997224 -38.8885 0.953552
0.997374 -38.8789 0.953702
0.997524 -38.8693 0.953702
0.997674 -38.8596 0.953852
0.997824   -38.85 0.954002
0.997974 -38.8404 0.954152
0.998124 -38.8308 0.954302
0.998274 -38.8212 0.954452
0.998424 -38.8116 0.954602
0.998574  -38.802 0.954752
0.998724 -38.7924 0.954902
0.998874 -38.7828 0.954902
0.999025 -38.7732 0.955053
0.999175 -38.7636 0.955203
0.999325 -38.7541 0.955353
0.999475 -38.7445 0.955503
0.999625 -38.7349 0.955653
0.999775 -38.7253 0.955803
0.999925 -38.7158 0.955953
 1.00008 -38.7062 0.956103
 1.00023 -38.6966 0.956253
 1.00038 -38.6871 0.956253
 1.00053 -38.6775 0.956403
 1.00068  -38.668 0.956553
 1.00083 -38.6584 0.956703
 1.00098 -38.6489 0.956853
 1.00113 -38.6393 0.957004
 1.00128 -38.6298 0.957154
 1.00143 -38.6203 0.957304
 1.00158 -38.6107 0.957454
 1.00173 -38.6012 0.957454
 1.00188 -38.5917 0.957604
 1.00203 -38.5822 0.957754
 1.00218 -38.5726 0.957904
 1.00233 -38.5631 0.958054
 1.00248 -38.5536 0.958204
 1.00263 -38.5441 0.958354
 1.00278 -38.5346 0.958504
 1.00293 -38.5251 0.958654
 1.00308 -38.5156 0.958654
 1.00323 -38.5061 0.958804
 1.00338 -38.4966 0.958954
 1.00353 -38.4871 0.959105
 1.00368 -38.4777 0.959255
 1.00383 -38.4682 0.959405
 1.00398 -38.4587 0.959555
 1.00413 -38.4492 0.959705
 1.00428 -38.4398 0.959855
 1.00443 -38.4303 0.960005
 1.00458 -38.4208 0.960005
 1.00473 -38.4114 0.960155
 1.00488 -38.4019 0.960305
 1.00503 -38.3925 0.960455
 1.00518  -38.383 0.960605
 1.00533 -38.3736 0.960755
 1.00548 -38.3641 0.960905
 1.00563 -38.3547 0.961056
 1.00578 -38.3453 0.961206
 1.00593 -38.3358 0.961206
 1.00608 -38.3264 0.961356
 1.00623  -38.317 0.961506
 1.00638 -38.3076 0.961656
 1.00653 -38.2981 0.961806
 1.00668 -38.2887 0.961956
 1.00683 -38.2793 0.962106
 1.00698 -38.2699 0.962256
 1.00713 -38.2605 0.962406
 1.00728 -38.2511 0.962406
 1.00743 -38.2417 0.962556
 1.00758 -38.2323 0.962706
 1.00773 -38.2229 0.962856
 1.00788 -38.2135 0.963007
 1.00803 -38.2041 0.963157
 1.00818 -38.1948 0.963307
 1.00833 -38.1854 0.963457
 1.00848  -38.176 0.963607
 1.00863 -38.1666 0.963757
 1.00878 -38.1573 0.963757
 1.00893 -38.1479 0.963907
 1.00908 -38.1385 0.964057
 1.00923 -38.1292 0.964207
 1.00938 -38.1198 0.964357
 1.00953 -38.1105 0.964507
 1.00968 -38.1011 0.964657
 1.00983 -38.0918 0.964807
 1.00998 -38.0824 0.964957
 1.01013 -38.0731 0.964957
 1.01028 -38.0638 0.965108
 1.01043 -38.0544 0.965258
 1.01058 -38.0451 0.965408
 1.01073 -38.0358 0.965558
 1.01088 -38.0265 0.965708
 1.01103 -38.0171 0.965858
 1.01118 -38.0078 0.966008
 1.01133 -37.9985 0.966158
 1.01148 -37.9892 0.966308
 1.01163 -37.9799 0.966308
 1.01178 -37.9706 0.966458
 1.01193 -37.9613 0.966608
 1.01208  -37.952 0.966758
 1.01223 -37.9427 0.966908
 1.01238 -37.9334 0.967059
 1.01253 -37.9241 0.967209
 1.01268 -37.9149 0.967359
 1.01283 -37.9056 0.967509
 1.01298 -37.8963 0.967509
 1.01313  -37.887 0.967659
 1.01328 -37.8778 0.967809
 1.01343 -37.8685 0.967959
 1.01358 -37.8592 0.968109
 1.01373   -37.85 0.968259
 1.01388 -37.8407 0.968409
 1.01403 -37.8315 0.968559
 1.01418 -37.8222 0.968709
 1.01433  -37.813 0.968859
 1.01448 -37.8037 0.968859
 1.01463 -37.7945  0.96901
 1.01478 -37.7852  0.96916
 1.01493  -37.776  0.96931
 1.01508 -37.7668  0.96946
 1.01523 -37.7576  0.96961
 1.01538 -37.7483  0.96976
 1.01553 -37.7391  0.96991
 1.01568 -37.7299  0.97006
 1.01583 -37.7207  0.97006
 1.01598 -37.7115  0.97021
 1.01613 -37.7023  0.97036
 1.01628 -37.6931  0.97051
 1.01643 -37.6839  0.97066
 1.01658 -37.6747  0.97081
 1.01673 -37.6655  0.97096
 1.01688 -37.6563 0.971111
 1.01703 -37.6471 0.971261
 1.01718 -37.6379 0.971261
 1.01733 -37.6287 0.971411
 1.01748 -37.6196 0.971561
 1.01763 -37.6104 0.971711
 1.01778 -37.6012 0.971861
 1.01793  -37.592 0.972011
 1.01808 -37.5829 0.972161
 1.01823 -37.5737 0.972311
 1.01838 -37.5646 0.972461
 1.01853 -37.5554 0.972611
 1.01868 -37.5462 0.972611
 1.01883 -37.5371 0.972761
 1.01898  -37.528 0.972911
 1.01913 -37.5188 0.973062
 1.01928 -37.5097 0.973212
 1.01943 -37.5005 0.973362
 1.01958 -37.4914 0.973512
 1.01973 -37.4823 0.973662
 1.01988 -37.4731 0.973812
 1.02004  -37.464 0.973812
 1.02019 -37.4549 0.973962
 1.02034 -37.4458 0.974112
 1.02049 -37.4367 0.974262
 1.02064 -37.4276 0.974412
 1.02079 -37.4185 0.974562
 1.02094 -37.4093 0.974712
 1.02109 -37.4002 0.974862
 1.02124 -37.3912 0.975013
 1.02139 -37.3821 0.975163
 1.02154  -37.373 0.975163
 1.02169 -37.3639 0.975313
 1.02184 -37.3548 0.975463
 1.02199 -37.3457 0.975613
 1.02214 -37.3366 0.975763
 1.02229 -37.3276 0.975913
 1.02244 -37.3185 0.976063
 1.02259 -37.3094 0.976213
 1.02274 -37.3004 0.976363
 1.02289 -37.2913 0.976513
 1.02304 -37.2822 0.976513
 1.02319 -37.2732 0.976663
 1.02334 -37.2641 0.976813
 1.02349 -37.2551 0.976963
 1.02364  -37.246 0.977114
 1.02379  -37.237 0.977264
 1.02394 -37.2279 0.977414
 1.02409 -37.2189 0.977564
 1.02424 -37.2099 0.977714
 1.02439 -37.2008 0.977714
 1.02454 -37.1918 0.977864
 1.02469 -37.1828 0.978014
 1.02484 -37.1738 0.978164
 1.02499 -37.1647 0.978314
 1.02514 -37.1557 0.978464
 1.02529 -37.1467 0.978614
 1.02544 -37.1377 0.978764
 1.02559 -37.1287 0.978914
 1.02574 -37.1197 0.979065
 1.02589 -37.1107 0.979065
 1.02604 -37.1017 0.979215
 1.02619 -37.0927 0.979365
 1.02634 -37.0837 0.979515
 1.02649 -37.0747 0.979665
 1.02664 -37.0657 0.979815
 1.02679 -37.0568 0.979965
 1.02694 -37.0478 0.980115
 1.02709 -37.0388 0.980265
 1.02724 -37.0298 0.980265
 1.02739 -37.0209 0.980415
 1.02754 -37.0119 0.980565
 1.02769 -37.0029 0.980715
 1.02784  -36.994 0.980865
 1.02799  -36.985 0.981016
 1.02814 -36.9761 0.981166
 1.02829 -36.9671 0.981316
 1.02844 -36.9582 0.981466
 1.02859 -36.9492 0.981616
 1.02874 -36.9403 0.981616
 1.02889 -36.9314 0.981766
 1.02904 -36.9224 0.981916
 1.02919 -36.9135 0.982066
 1.02934 -36.9046 0.982216
 1.02949 -36.8956 0.982366
 1.02964 -36.8867 0.982516
 1.02979 -36.8778 0.982666
 1.02994 -36.8689 0.982816
 1.03009   -36.86 0.982966
 1.03024 -36.8511 0.982966
 1.03039 -36.8422 0.983117
 1.03054 -36.8333 0.983267
 1.03069 -36.8243 0.983417
 1.03084 -36.8155 0.983567
 1.03099 -36.8066 0.983717
 1.03114 -36.7977 0.983867
 1.03129 -36.7888 0.984017
 1.03144 -36.7799 0.984167
 1.03159  -36.771 0.984167
 1.03174 -36.7621 0.984317
 1.03189 -36.7533 0.984467
 1.03204 -36.7444 0.984617
 1.03219 -36.7355 0.984767
 1.03234 -36.7266 0.984917
 1.03249 -36.7178 0.985068
 1.03264 -36.7089 0.985218
 1.03279 -36.7001 0.985368
 1.03294 -36.6912 0.985518
 1.03309 -36.6824 0.985518
 1.03324 -36.6735 0.985668
 1.03339 -36.6647 0.985818
 1.03354 -36.6558 0.985968
 1.03369  -36.647 0.986118
 1.03384 -36.6382 0.986268
 1.03399 -36.6293 0.986418
 1.03414 -36.6205 0.986568
 1.03429 -36.6117 0.986718
 1.03444 -36.6028 0.986718
 1.03459  -36.594 0.986868
 1.03474 -36.5852 0.987019
 1.03489 -36.5764 0.987169
 1.03504 -36.5676 0.987319
 1.03519 -36.5588 0.987469
 1.03534   -36.55 0.987619
 1.03549 -36.5412 0.987769
 1.03564 -36.5324 0.987919
 1.03579 -36.5236 0.988069
 1.03594 -36.5148 0.988069
 1.03609  -36.506 0.988219
 1.03624 -36.4972 0.988369
 1.03639 -36.4884 0.988519
 1.03654 -36.4796 0.988669
 1.03669 -36.4708 0.988819
 1.03684 -36.4621 0.988969
 1.03699 -36.4533  0.98912
 1.03714 -36.4445  0.98927
 1.03729 -36.4358  0.98942
 1.03744  -36.427  0.98942
 1.03759 -36.4182  0.98957
 1.03774 -36.4095  0.98972
 1.03789 -36.4007  0.98987
 1.03804  -36.392  0.99002
 1.03819 -36.3832  0.99017
 1.03834 -36.3745  0.99032
 1.03849 -36.3657  0.99047
 1.03864  -36.357  0.99062
 1.03879 -36.3483  0.99062
 1.03894 -36.3395  0.99077
 1.03909 -36.3308  0.99092
 1.03924 -36.3221 0.991071
 1.03939 -36.3134 0.991221
 1.03954 -36.3046 0.991371
 1.03969 -36.2959 0.991521
 1.03984 -36.2872 0.991671
 1.03999 -36.2785 0.991821
 1.04015 -36.2698 0.991971
  1.0403 -36.2611 0.991971
 1.04045 -36.2524 0.992121
  1.0406 -36.2437 0.992271
 1.04075  -36.235 0.992421
  1.0409 -36.2263 0.992571
 1.04105 -36.2176 0.992721
  1.0412 -36.2089 0.992871
 1.04135 -36.2002 0.993022
  1.0415 -36.1915 0.993172
 1.04165 -36.1829 0.993322
  1.0418 -36.1742 0.993322
 1.04195 -36.1655 0.993472
  1.0421 -36.1568 0.993622
 1.04225 -36.1482 0.993772
  1.0424 -36.1395 0.993922
 1.04255 -36.1308 0.994072
  1.0427 -36.1222 0.994222
 1.04285 -36.1135 0.994372
   1.043 -36.1049 0.994522
 1.04315 -36.0962 0.994522
  1.0433 -36.0876 0.994672
 1.04345 -36.0789 0.994822
  1.0436 -36.0703 0.994972
 1.04375 -36.0616 0.995123
  1.0439  -36.053 0.995273
 1.04405 -36.0444 0.995423
  1.0442 -36.0357 0.995573
 1.04435 -36.0271 0.995723
  1.0445 -36.0185 0.995873
 1.04465 -36.0099 0.995873
  1.0448 -36.0013 0.996023
 1.04495 -35.9926 0.996173
  1.0451  -35.984 0.996323
 1.04525 -35.9754 0.996473
  1.0454 -35.9668 0.996623
 1.04555 -35.9582 0.996773
  1.0457 -35.9496 0.996923
 1.04585  -35.941 0.997074
   1.046 -35.9324 0.997224
 1.04615 -35.9238 0.997224
  1.0463 -35.9152 0.997374
 1.04645 -35.9067 0.997524
  1.0466 -35.8981 0.997674
 1.04675 -35.8895 0.997824
  1.0469 -35.8809 0.997974
 1.04705 -35.8724 0.998124
  1.0472 -35.8638 0.998274
 1.04735 -35.8552 0.998424
  1.0475 -35.8466 0.998424
 1.04765 -35.8381 0.998574
  1.0478 -35.8295 0.998724
 1.04795  -35.821 0.998874
  1.0481 -35.8124 0.999025
 1.04825 -35.8039 0.999175
  1.0484 -35.7953 0.999325
 1.04855 -35.7868 0.999475
  1.0487 -35.7782 0.999625
 1.04885 -35.7697 0.999775
   1.049 -35.7612 0.999775
 1.04915 -35.7526 0.999925
  1.0493 -35.7441  1.00008
 1.04945 -35.7356  1.00023
  1.0496  -35.727  1.00038
 1.04975 -35.7185  1.00053
  1.0499   -35.71  1.00068
 1.05005 -35.7015  1.00083
  1.0502  -35.693  1.00098
 1.05035 -35.6845  1.00113
  1.0505  -35.676  1.00113
 1.05065 -35.6675  1.00128
  1.0508  -35.659  1.00143
 1.05095 -35.6505  1.00158
  1.0511  -35.642  1.00173
 1.05125 -35.6335  1.00188
  1.0514  -35.625  1.00203
 1.05155 -35.6165  1.00218
  1.0517  -35.608  1.00233
 1.05185 -35.5995  1.00233
   1.052  -35.591  1.00248
 1.05215 -35.5826  1.00263
  1.0523 -35.5741  1.00278
 1.05245 -35.5656  1.00293
  1.0526 -35.5572  1.00308
 1.05275 -35.5487  1.00323
  1.0529 -35.5402  1.00338
 1.05305 -35.5318  1.00353
  1.0532 -35.5233  1.00368
 1.05335 -35.5149  1.00368
  1.0535 -35.5064  1.00383
 1.05365  -35.498  1.00398
  1.0538 -35.4895  1.00413
 1.05395 -35.4811  1.00428
  1.0541 -35.4726  1.00443
 1.05425 -35.4642  1.00458
  1.0544 -35.4558  1.00473
 1.05455 -35.4474  1.00488
  1.0547 -35.4389  1.00503
 1.05485 -35.4305  1.00503
   1.055 -35.4221  1.00518
 1.05515 -35.4137  1.00533
  1.0553 -35.4052  1.00548
 1.05545 -35.3968  1.00563
  1.0556 -35.3884  1.00578
 1.05575   -35.38  1.00593
  1.0559 -35.3716  1.00608
 1.05605 -35.3632  1.00623
  1.0562 -35.3548  1.00638
 1.05635 -35.3464  1.00638
  1.0565  -35.338  1.00653
 1.05665 -35.3296  1.00668
  1.0568 -35.3212  1.00683
 1.05695 -35.3129  1.00698
  1.0571 -35.3045  1.00713
 1.05725 -35.2961  1.00728
  1.0574 -35.2877  1.00743
 1.05755 -35.2794  1.00758
  1.0577  -35.271  1.00773
 1.05785 -35.2626  1.00773
   1.058 -35.2543  1.00788
 1.05815 -35.2459  1.00803
  1.0583 -35.2375  1.00818
 1.05845 -35.2292  1.00833
  1.0586 -35.2208  1.00848
 1.05875 -35.2125  1.00863
  1.0589 -35.2041  1.00878
 1.05905 -35.1958  1.00893
  1.0592 -35.1874  1.00893
 1.05935 -35.1791  1.00908
  1.0595 -35.1708  1.00923
 1.05965 -35.1624  1.00938
  1.0598 -35.1541  1.00953
 1.05995 -35.1458  1.00968
 1.06011 -35.1374  1.00983
 1.06026 -35.1291  1.00998
 1.06041 -35.1208  1.01013
 1.06056 -35.1125  1.01028
 1.06071 -35.1042  1.01028
 1.06086 -35.0959  1.01043
 1.06101 -35.0875  1.01058
 1.06116 -35.0792  1.01073
 1.06131 -35.0709  1.01088
 1.06146 -35.0626  1.01103
 1.06161 -35.0543  1.01118
 1.06176  -35.046  1.01133
 1.06191 -35.0378  1.01148
 1.06206 -35.0295  1.01163
 1.06221 -35.0212  1.01163
 1.06236 -35.0129  1.01178
 1.06251 -35.0046  1.01193
 1.06266 -34.9963  1.01208
 1.06281 -34.9881  1.01223
 1.06296 -34.9798  1.01238
 1.06311 -34.9715  1.01253
 1.06326 -34.9632  1.01268
 1.06341  -34.955  1.01283
 1.06356 -34.9467  1.01283
 1.06371 -34.9385  1.01298
 1.06386 -34.9302  1.01313
 1.06401  -34.922  1.01328
 1.06416 -34.9137  1.01343
 1.06431 -34.9055  1.01358
 1.06446 -34.8972  1.01373
 1.06461  -34.889  1.01388
 1.06476 -34.8807  1.01403
 1.06491 -34.8725  1.01418
 1.06506 -34.8643  1.01418
 1.06521  -34.856  1.01433
 1.06536 -34.8478  1.01448
 1.06551 -34.8396  1.01463
 1.06566 -34.8313  1.01478
 1.06581 -34.8231  1.01493
 1.06596 -34.8149  1.01508
 1.06611 -34.8067  1.01523
 1.06626 -34.7985  1.01538
 1.06641 -34.7903  1.01553
 1.06656 -34.7821  1.01553
 1.06671 -34.7739  1.01568
 1.06686 -34.7657  1.01583
 1.06701 -34.7575  1.01598
 1.06716 -34.7493  1.01613
 1.06731 -34.7411  1.01628
 1.06746 -34.7329  1.01643
 1.06761 -34.7247  1.01658
 1.06776 -34.7165  1.01673
 1.06791 -34.7083  1.01688
 1.06806 -34.7002  1.01688
 1.06821  -34.692  1.01703
 1.06836 -34.6838  1.01718
 1.06851 -34.6756  1.01733
 1.06866 -34.6675  1.01748
 1.06881 -34.6593  1.01763
 1.06896 -34.6511  1.01778
 1.06911  -34.643  1.01793
 1.06926 -34.6348  1.01808
 1.06941 -34.6267  1.01808
 1.06956 -34.6185  1.01823
 1.06971 -34.6104  1.01838
 1.06986 -34.6022  1.01853
 1.07001 -34.5941  1.01868
 1.07016 -34.5859  1.01883
 1.07031 -34.5778  1.01898
 1.07046 -34.5697  1.01913
 1.07061 -34.5615  1.01928
 1.07076 -34.5534  1.01943
 1.07091 -34.5453  1.01943
 1.07106 -34.5371  1.01958
 1.07121  -34.529  1.01973
 1.07136 -34.5209  1.01988
 1.07151 -34.5128  1.02004
 1.07166 -34.5047  1.02019
 1.07181 -34.4966  1.02034
 1.07196 -34.4884  1.02049
 1.07211 -34.4803  1.02064
 1.07226 -34.4722  1.02079
 1.07241 -34.4641  1.02079
 1.07256  -34.456  1.02094
 1.07271 -34.4479  1.02109
 1.07286 -34.4398  1.02124
 1.07301 -34.4318  1.02139
 1.07316 -34.4237  1.02154
 1.07331 -34.4156  1.02169
 1.07346 -34.4075  1.02184
 1.07361 -34.3994  1.02199
 1.07376 -34.3914  1.02214
 1.07391 -34.3833  1.02214
 1.07406 -34.3752  1.02229
 1.07421 -34.3671  1.02244
 1.07436 -34.3591  1.02259
 1.07451  -34.351  1.02274
 1.07466 -34.3429  1.02289
 1.07481 -34.3349  1.02304
 1.07496 -34.3268  1.02319
 1.07511 -34.3188  1.02334
 1.07526 -34.3107  1.02334
 1.07541 -34.3027  1.02349
 1.07556 -34.2946  1.02364
 1.07571 -34.2866  1.02379
 1.07586 -34.2786  1.02394
 1.07601 -34.2705  1.02409
 1.07616 -34.2625  1.02424
 1.07631 -34.2545  1.02439
 1.07646 -34.2464  1.02454
 1.07661 -34.2384  1.02469
 1.07676 -34.2304  1.02469
 1.07691 -34.2224  1.02484
 1.07706 -34.2143  1.02499
 1.07721 -34.2063  1.02514
 1.07736 -34.1983  1.02529
 1.07751 -34.1903  1.02544
 1.07766 -34.1823  1.02559
 1.07781 -34.1743  1.02574
 1.07796 -34.1663  1.02589
 1.07811 -34.1583  1.02604
 1.07826 -34.1503  1.02604
 1.07841 -34.1423  1.02619
 1.07856 -34.1343  1.02634
 1.07871 -34.1263  1.02649
 1.07886 -34.1183  1.02664
 1.07901 -34.1103  1.02679
 1.07916 -34.1024  1.02694
 1.07931 -34.0944  1.02709
 1.07946 -34.0864  1.02724
 1.07961 -34.0784  1.02739
 1.07976 -34.0705  1.02739
 1.07991 -34.0625  1.02754
 1.08007 -34.0545  1.02769
 1.08022 -34.0466  1.02784
 1.08037 -34.0386  1.02799
 1.08052 -34.0307  1.02814
 1.08067 -34.0227  1.02829
 1.08082 -34.0147  1.02844
 1.08097 -34.0068  1.02859
 1.08112 -33.9988  1.02874
 1.08127 -33.9909  1.02874
 1.08142  -33.983  1.02889
 1.08157  -33.975  1.02904
 1.08172 -33.9671  1.02919
 1.08187 -33.9592  1.02934
 1.08202 -33.9512  1.02949
 1.08217 -33.9433  1.02964
 1.08232 -33.9354  1.02979
 1.08247 -33.9274  1.02994
 1.08262 -33.9195  1.02994
 1.08277 -33.9116  1.03009
 1.08292 -33.9037  1.03024
 1.08307 -33.8958  1.03039
 1.08322 -33.8879  1.03054
 1.08337   -33.88  1.03069
 1.08352 -33.8721  1.03084
 1.08367 -33.8641  1.03099
 1.08382 -33.8562  1.03114
 1.08397 -33.8484  1.03129
 1.08412 -33.8405  1.03129
 1.08427 -33.8326  1.03144
 1.08442 -33.8247  1.03159
 1.08457 -33.8168  1.03174
 1.08472 -33.8089  1.03189
 1.08487  -33.801  1.03204
 1.08502 -33.7931  1.03219
 1.08517 -33.7853  1.03234
 1.08532 -33.7774  1.03249
 1.08547 -33.7695  1.03264
 1.08562 -33.7617  1.03264
 1.08577 -33.7538  1.03279
 1.08592 -33.7459  1.03294
 1.08607 -33.7381  1.03309
 1.08622 -33.7302  1.03324
 1.08637 -33.7223  1.03339
 1.08652 -33.7145  1.03354
 1.08667 -33.7066  1.03369
 1.08682 -33.6988  1.03384
 1.08697 -33.6909  1.03399
 1.08712 -33.6831  1.03399
 1.08727 -33.6753  1.03414
 1.08742 -33.6674  1.03429
 1.08757 -33.6596  1.03444
 1.08772 -33.6518  1.03459
 1.08787 -33.6439  1.03474
 1.08802 -33.6361  1.03489
 1.08817 -33.6283  1.03504
 1.08832 -33.6205  1.03519
 1.08847 -33.6126  1.03519
 1.08862 -33.6048  1.03534
 1.08877  -33.597  1.03549
 1.08892 -33.5892  1.03564
 1.08907 -33.5814  1.03579
 1.08922 -33.5736  1.03594
 1.08937 -33.5658  1.03609
 1.08952  -33.558  1.03624
 1.08967 -33.5502  1.03639
 1.08982 -33.5424  1.03654
 1.08997 -33.5346  1.03654
 1.09012 -33.5268  1.03669
 1.09027  -33.519  1.03684
 1.09042 -33.5112  1.03699
 1.09057 -33.5034  1.03714
 1.09072 -33.4956  1.03729
 1.09087 -33.4879  1.03744
 1.09102 -33.4801  1.03759
 1.09117 -33.4723  1.03774
 1.09132 -33.4645  1.03789
 1.09147 -33.4568  1.03789
 1.09162  -33.449  1.03804
 1.09177 -33.4412  1.03819
 1.09192 -33.4335  1.03834
 1.09207 -33.4257  1.03849
 1.09222  -33.418  1.03864
 1.09237 -33.4102  1.03879
 1.09252 -33.4024  1.03894
 1.09267 -33.3947  1.03909
 1.09282  -33.387  1.03924
 1.09297 -33.3792  1.03924
 1.09312 -33.3715  1.03939
 1.09327 -33.3637  1.03954
 1.09342  -33.356  1.03969
 1.09357 -33.3483  1.03984
 1.09372 -33.3405  1.03999
 1.09387 -33.3328  1.04015
 1.09402 -33.3251   1.0403
 1.09417 -33.3173  1.04045
 1.09432 -33.3096   1.0406
 1.09447 -33.3019   1.0406
 1.09462 -33.2942  1.04075
 1.09477 -33.2865   1.0409
 1.09492 -33.2788  1.04105
 1.09507 -33.2711   1.0412
 1.09522 -33.2634  1.04135
 1.09537 -33.2556   1.0415
 1.09552 -33.2479  1.04165
 1.09567 -33.2403   1.0418
 1.09582 -33.2326   1.0418
 1.09597 -33.2249  1.04195
 1.09612 -33.2172   1.0421
 1.09627 -33.2095  1.04225
 1.09642 -33.2018   1.0424
 1.09657 -33.1941  1.04255
 1.09672 -33.1864   1.0427
 1.09687 -33.1788  1.04285
 1.09702 -33.1711    1.043
 1.09717 -33.1634  1.04315
 1.09732 -33.1557  1.04315
 1.09747 -33.1481   1.0433
 1.09762 -33.1404  1.04345
 1.09777 -33.1327   1.0436
 1.09792 -33.1251  1.04375
 1.09807 -33.1174   1.0439
 1.09822 -33.1098  1.04405
 1.09837 -33.1021   1.0442
 1.09852 -33.0944  1.04435
 1.09867 -33.0868   1.0445
 1.09882 -33.0792   1.0445
 1.09897 -33.0715  1.04465
 1.09912 -33.0639   1.0448
 1.09927 -33.0562  1.04495
 1.09942 -33.0486   1.0451
 1.09957  -33.041  1.04525
 1.09972 -33.0333   1.0454
 1.09987 -33.0257  1.04555
 1.10003 -33.0181   1.0457
 1.10018 -33.0105  1.04585
 1.10033 -33.0028  1.04585
 1.10048 -32.9952    1.046
 1.10063 -32.9876  1.04615
 1.10078   -32.98   1.0463
 1.10093 -32.9724  1.04645
 1.10108 -32.9648   1.0466
 1.10123 -32.9572  1.04675
 1.10138 -32.9495   1.0469
 1.10153 -32.9419  1.04705
 1.10168 -32.9343   1.0472
 1.10183 -32.9267   1.0472
 1.10198 -32.9192  1.04735
 1.10213 -32.9116   1.0475
 1.10228  -32.904  1.04765
 1.10243 -32.8964   1.0478
 1.10258 -32.8888  1.04795
 1.10273 -32.8812   1.0481
 1.10288 -32.8736  1.04825
 1.10303 -32.8661   1.0484
 1.10318 -32.8585  1.04855
 1.10333 -32.8509  1.04855
 1.10348 -32.8433   1.0487
 1.10363 -32.8358  1.04885
 1.10378 -32.8282    1.049
 1.10393 -32.8206  1.04915
 1.10408 -32.8131   1.0493
 1.10423 -32.8055  1.04945
 1.10438  -32.798   1.0496
 1.10453 -32.7904  1.04975
 1.10468 -32.7829  1.04975
 1.10483 -32.7753   1.0499
 1.10498 -32.7678  1.05005
 1.10513 -32.7602   1.0502
 1.10528 -32.7527  1.05035
 1.10543 -32.7452   1.0505
 1.10558 -32.7376  1.05065
 1.10573 -32.7301   1.0508
 1.10588 -32.7226  1.05095
 1.10603  -32.715   1.0511
 1.10618 -32.7075   1.0511
 1.10633    -32.7  1.05125
 1.10648 -32.6925   1.0514
 1.10663 -32.6849  1.05155
 1.10678 -32.6774   1.0517
 1.10693 -32.6699  1.05185
 1.10708 -32.6624    1.052
 1.10723 -32.6549  1.05215
 1.10738 -32.6474   1.0523
 1.10753 -32.6399  1.05245
 1.10768 -32.6324  1.05245
 1.10783 -32.6249   1.0526
 1.10798 -32.6174  1.05275
 1.10813 -32.6099   1.0529
 1.10828 -32.6024  1.05305
 1.10843 -32.5949   1.0532
 1.10858 -32.5874  1.05335
 1.10873 -32.5799   1.0535
 1.10888 -32.5725  1.05365
 1.10903  -32.565   1.0538
 1.10918 -32.5575   1.0538
 1.10933   -32.55  1.05395
 1.10948 -32.5425   1.0541
 1.10963 -32.5351  1.05425
 1.10978 -32.5276   1.0544
 1.10993 -32.5201  1.05455
 1.11008 -32.5127   1.0547
 1.11023 -32.5052  1.05485
 1.11038 -32.4978    1.055
 1.11053 -32.4903  1.05515
 1.11068 -32.4828  1.05515
 1.11083 -32.4754   1.0553
 1.11098 -32.4679  1.05545
 1.11113 -32.4605   1.0556
 1.11128 -32.4531  1.05575
 1.11143 -32.4456   1.0559
 1.11158 -32.4382  1.05605
 1.11173 -32.4307   1.0562
 1.11188 -32.4233  1.05635
 1.11203 -32.4159  1.05635
 1.11218 -32.4084   1.0565
 1.11233  -32.401  1.05665
 1.11248 -32.3936   1.0568
 1.11263 -32.3862  1.05695
 1.11278 -32.3787   1.0571
 1.11293 -32.3713  1.05725
 1.11308 -32.3639   1.0574
 1.11323 -32.3565  1.05755
 1.11338 -32.3491   1.0577
 1.11353 -32.3417   1.0577
 1.11368 -32.3343  1.05785
 1.11383 -32.3269    1.058
 1.11398 -32.3195  1.05815
 1.11413 -32.3121   1.0583
 1.11428 -32.3047  1.05845
 1.11443 -32.2973   1.0586
 1.11458 -32.2899  1.05875
 1.11473 -32.2825   1.0589
 1.11488 -32.2751  1.05905
 1.11503 -32.2677  1.05905
 1.11518 -32.2603   1.0592
 1.11533  -32.253  1.05935
 1.11548 -32.2456   1.0595
 1.11563 -32.2382  1.05965
 1.11578 -32.2308   1.0598
 1.11593 -32.2235  1.05995
 1.11608 -32.2161  1.06011
 1.11623 -32.2087  1.06026
 1.11638 -32.2014  1.06041
 1.11653  -32.194  1.06041
 1.11668 -32.1867  1.06056
 1.11683 -32.1793  1.06071
 1.11698 -32.1719  1.06086
 1.11713 -32.1646  1.06101
 1.11728 -32.1572  1.06116
 1.11743 -32.1499  1.06131
 1.11758 -32.1426  1.06146
 1.11773 -32.1352  1.06161
 1.11788 -32.1279  1.06176
 1.11803 -32.1205  1.06176
 1.11818 -32.1132  1.06191
 1.11833 -32.1059  1.06206
 1.11848 -32.0985  1.06221
 1.11863 -32.0912  1.06236
 1.11878 -32.0839  1.06251
 1.11893 -32.0766  1.06266
 1.11908 -32.0692  1.06281
 1.11923 -32.0619  1.06296
 1.11938 -32.0546  1.06311
 1.11953 -32.0473  1.06311
 1.11968   -32.04  1.06326
 1.11983 -32.0327  1.06341
 1.11998 -32.0254  1.06356
 1.12014 -32.0181  1.06371
 1.12029 -32.0108  1.06386
 1.12044 -32.0035  1.06401
 1.12059 -31.9962  1.06416
 1.12074 -31.9889  1.06431
 1.12089 -31.9816  1.06431
 1.12104 -31.9743  1.06446
 1.12119  -31.967  1.06461
 1.12134 -31.9597  1.06476
 1.12149 -31.9524  1.06491
 1.12164 -31.9451  1.06506
 1.12179 -31.9379  1.06521
 1.12194 -31.9306  1.06536
 1.12209 -31.9233  1.06551
 1.12224  -31.916  1.06566
 1.12239 -31.9088  1.06566
 1.12254 -31.9015  1.06581
 1.12269 -31.8942  1.06596
 1.12284  -31.887  1.06611
 1.12299 -31.8797  1.06626
 1.12314 -31.8724  1.06641
 1.12329 -31.8652  1.06656
 1.12344 -31.8579  1.06671
 1.12359 -31.8507  1.06686
 1.12374 -31.8434  1.06701
 1.12389 -31.8362  1.06701
 1.12404 -31.8289  1.06716
 1.12419 -31.8217  1.06731
 1.12434 -31.8145  1.06746
 1.12449 -31.8072  1.06761
 1.12464    -31.8  1.06776
 1.12479 -31.7928  1.06791
 1.12494 -31.7855  1.06806
 1.12509 -31.7783  1.06821
 1.12524 -31.7711  1.06836
 1.12539 -31.7639  1.06836
 1.12554 -31.7566  1.06851
 1.12569 -31.7494  1.06866
 1.12584 -31.7422  1.06881
 1.12599  -31.735  1.06896
 1.12614 -31.7278  1.06911
 1.12629 -31.7206  1.06926
 1.12644 -31.7133  1.06941
 1.12659 -31.7061  1.06956
 1.12674 -31.6989  1.06971
 1.12689 -31.6917  1.06971
 1.12704 -31.6845  1.06986
 1.12719 -31.6773  1.07001
 1.12734 -31.6701  1.07016
 1.12749  -31.663  1.07031
 1.12764 -31.6558  1.07046
 1.12779 -31.6486  1.07061
 1.12794 -31.6414  1.07076
 1.12809 -31.6342  1.07091
 1.12824  -31.627  1.07091
 1.12839 -31.6199  1.07106
 1.12854 -31.6127  1.07121
 1.12869 -31.6055  1.07136
 1.12884 -31.5983  1.07151
 1.12899 -31.5912  1.07166
 1.12914  -31.584  1.07181
 1.12929 -31.5768  1.07196
 1.12944 -31.5697  1.07211
 1.12959 -31.5625  1.07226
 1.12974 -31.5554  1.07226
 1.12989 -31.5482  1.07241
 1.13004  -31.541  1.07256
 1.13019 -31.5339  1.07271
 1.13034 -31.5267  1.07286
 1.13049 -31.5196  1.07301
 1.13064 -31.5125  1.07316
 1.13079 -31.5053  1.07331
 1.13094 -31.4982  1.07346
 1.13109  -31.491  1.07361
 1.13124 -31.4839  1.07361
 1.13139 -31.4768  1.07376
 1.13154 -31.4696  1.07391
 1.13169 -31.4625  1.07406
 1.13184 -31.4554  1.07421
 1.13199 -31.4483  1.07436
 1.13214 -31.4411  1.07451
 1.13229  -31.434  1.07466
 1.13244 -31.4269  1.07481
 1.13259 -31.4198  1.07496
 1.13274 -31.4127  1.07496
 1.13289 -31.4056  1.07511
 1.13304 -31.3985  1.07526
 1.13319 -31.3914  1.07541
 1.13334 -31.3843  1.07556
 1.13349 -31.3772  1.07571
 1.13364 -31.3701  1.07586
 1.13379  -31.363  1.07601
 1.13394 -31.3559  1.07616
 1.13409 -31.3488  1.07631
 1.13424 -31.3417  1.07631
 1.13439 -31.3346  1.07646
 1.13454 -31.3275  1.07661
 1.13469 -31.3204  1.07676
 1.13484 -31.3133  1.07691
 1.13499 -31.3063  1.07706
 1.13514 -31.2992  1.07721
 1.13529 -31.2921  1.07736
 1.13544  -31.285  1.07751
 1.13559  -31.278  1.07751
 1.13574 -31.2709  1.07766
 1.13589 -31.2638  1.07781
 1.13604 -31.2568  1.07796
 1.13619 -31.2497  1.07811
 1.13634 -31.2427  1.07826
 1.13649 -31.2356  1.07841
 1.13664 -31.2285  1.07856
 1.13679 -31.2215  1.07871
 1.13694 -31.2144  1.07886
 1.13709 -31.2074  1.07886
 1.13724 -31.2004  1.07901
 1.13739 -31.1933  1.07916
 1.13754 -31.1863  1.07931
 1.13769 -31.1792  1.07946
 1.13784 -31.1722  1.07961
 1.13799 -31.1652  1.07976
 1.13814 -31.1581  1.07991
 1.13829 -31.1511  1.08007
 1.13844 -31.1441  1.08022
 1.13859  -31.137  1.08022
 1.13874   -31.13  1.08037
 1.13889  -31.123  1.08052
 1.13904  -31.116  1.08067
 1.13919  -31.109  1.08082
 1.13934 -31.1019  1.08097
 1.13949 -31.0949  1.08112
 1.13964 -31.0879  1.08127
 1.13979 -31.0809  1.08142
 1.13994 -31.0739  1.08157
  1.1401 -31.0669  1.08157
 1.14025 -31.0599  1.08172
  1.1404 -31.0529  1.08187
 1.14055 -31.0459  1.08202
  1.1407 -31.0389  1.08217
 1.14085 -31.0319  1.08232
   1.141 -31.0249  1.08247
 1.14115 -31.0179  1.08262
  1.1413  -31.011  1.08277
 1.14145  -31.004  1.08292
  1.1416  -30.997  1.08292
 1.14175   -30.99  1.08307
  1.1419  -30.983  1.08322
 1.14205 -30.9761  1.08337
  1.1422 -30.9691  1.08352
 1.14235 -30.9621  1.08367
  1.1425 -30.9552  1.08382
 1.14265 -30.9482  1.08397
  1.1428 -30.9412  1.08412
 1.14295 -30.9343  1.08412
  1.1431 -30.9273  1.08427
 1.14325 -30.9203  1.08442
  1.1434 -30.9134  1.08457
 1.14355 -30.9064  1.08472
  1.1437 -30.8995  1.08487
 1.14385 -30.8925  1.08502
   1.144 -30.8856  1.08517
 1.14415 -30.8787  1.08532
  1.1443 -30.8717  1.08547
 1.14445 -30.8648  1.08547
  1.1446 -30.8578  1.08562
 1.14475 -30.8509  1.08577
  1.1449  -30.844  1.08592
 1.14505  -30.837  1.08607
  1.1452 -30.8301  1.08622
 1.14535 -30.8232  1.08637
  1.1455 -30.8163  1.08652
 1.14565 -30.8093  1.08667
  1.1458 -30.8024  1.08682
 1.14595 -30.7955  1.08682
  1.1461 -30.7886  1.08697
 1.14625 -30.7817  1.08712
  1.1464 -30.7748  1.08727
 1.14655 -30.7678  1.08742
  1.1467 -30.7609  1.08757
 1.14685  -30.754  1.08772
   1.147 -30.7471  1.08787
 1.14715 -30.7402  1.08802
  1.1473 -30.7333  1.08817
 1.14745 -30.7264  1.08817
  1.1476 -30.7195  1.08832
 1.14775 -30.7126  1.08847
  1.1479 -30.7058  1.08862
 1.14805 -30.6989  1.08877
  1.1482  -30.692  1.08892
 1.14835 -30.6851  1.08907
  1.1485 -30.6782  1.08922
 1.14865 -30.6713  1.08937
  1.1488 -30.6645  1.08952
 1.14895 -30.6576  1.08952
  1.1491 -30.6507  1.08967
 1.14925 -30.6438  1.08982
  1.1494  -30.637  1.08997
 1.14955 -30.6301  1.09012
  1.1497 -30.6232  1.09027
 1.14985 -30.6164  1.09042
    1.15 -30.6095  1.09057