 kgrid  ValNew  Policy 
    0.85 -71.6704 0.878064
 0.85015 -71.6574 0.878214
  0.8503 -71.6444 0.878364
 0.85045 -71.6314 0.878514
  0.8506 -71.6185 0.878664
 0.85075 -71.6055 0.878814
  0.8509 -71.5925 0.878814
0.851051 -71.5796 0.878964
0.851201 -71.5666 0.879115
0.851351 -71.5537 0.879265
0.851501 -71.5407 0.879415
0.851651 -71.5278 0.879565
0.851801 -71.5149 0.879715
0.851951 -71.5019 0.879865
0.852101  -71.489 0.880015
0.852251 -71.4761 0.880015
0.852401 -71.4632 0.880165
0.852551 -71.4503 0.880315
0.852701 -71.4374 0.880465
0.852851 -71.4245 0.880615
0.853002 -71.4116 0.880765
0.853152 -71.3988 0.880915
0.853302 -71.3859 0.881066
0.853452  -71.373 0.881216
0.853602 -71.3602 0.881216
0.853752 -71.3473 0.881366
0.853902 -71.3345 0.881516
0.854052 -71.3216 0.881666
0.854202 -71.3088 0.881816
0.854352 -71.2959 0.881966
0.854502 -71.2831 0.882116
0.854652 -71.2703 0.882266
0.854802 -71.2575 0.882416
0.854952 -71.2447 0.882566
0.855103 -71.2319 0.882566
0.855253 -71.2191 0.882716
0.855403 -71.2063 0.882866
0.855553 -71.1935 0.883017
0.855703 -71.1807 0.883167
0.855853 -71.1679 0.883317
0.856003 -71.1551 0.883467
0.856153 -71.1424 0.883617
0.856303 -71.1296 0.883767
0.856453 -71.1169 0.883917
0.856603 -71.1041 0.883917
0.856753 -71.0914 0.884067
0.856903 -71.0786 0.884217
0.857054 -71.0659 0.884367
0.857204 -71.0532 0.884517
0.857354 -71.0404 0.884667
0.857504 -71.0277 0.884817
0.857654  -71.015 0.884967
0.857804 -71.0023 0.885118
0.857954 -70.9896 0.885268
0.858104 -70.9769 0.885268
0.858254 -70.9642 0.885418
0.858404 -70.9515 0.885568
0.858554 -70.9389 0.885718
0.858704 -70.9262 0.885868
0.858854 -70.9135 0.886018
0.859005 -70.9009 0.886168
0.859155 -70.8882 0.886318
0.859305 -70.8755 0.886468
0.859455 -70.8629 0.886618
0.859605 -70.8503 0.886618
0.859755 -70.8376 0.886768
0.859905  -70.825 0.886918
0.860055 -70.8124 0.887069
0.860205 -70.7997 0.887219
0.860355 -70.7871 0.887369
0.860505 -70.7745 0.887519
0.860655 -70.7619 0.887669
0.860805 -70.7493 0.887819
0.860955 -70.7367 0.887969
0.861106 -70.7241 0.887969
0.861256 -70.7115 0.888119
0.861406  -70.699 0.888269
0.861556 -70.6864 0.888419
0.861706 -70.6738 0.888569
0.861856 -70.6613 0.888719
0.862006 -70.6487 0.888869
0.862156 -70.6362  0.88902
0.862306 -70.6236  0.88917
0.862456 -70.6111  0.88932
0.862606 -70.5985  0.88947
0.862756  -70.586  0.88947
0.862906 -70.5735  0.88962
0.863057  -70.561  0.88977
0.863207 -70.5484  0.88992
0.863357 -70.5359  0.89007
0.863507 -70.5234  0.89022
0.863657 -70.5109  0.89037
0.863807 -70.4984  0.89052
0.863957 -70.4859  0.89067
0.864107 -70.4735  0.89082
0.864257  -70.461  0.89082
0.864407 -70.4485  0.89097
0.864557  -70.436 0.891121
0.864707 -70.4236 0.891271
0.864857 -70.4111 0.891421
0.865008 -70.3987 0.891571
0.865158 -70.3862 0.891721
0.865308 -70.3738 0.891871
0.865458 -70.3613 0.892021
0.865608 -70.3489 0.892171
0.865758 -70.3365 0.892321
0.865908  -70.324 0.892321
0.866058 -70.3116 0.892471
0.866208 -70.2992 0.892621
0.866358 -70.2868 0.892771
0.866508 -70.2744 0.892921
0.866658  -70.262 0.893072
0.866808 -70.2496 0.893222
0.866958 -70.2372 0.893372
0.867109 -70.2248 0.893522
0.867259 -70.2125 0.893672
0.867409 -70.2001 0.893822
0.867559 -70.1877 0.893822
0.867709 -70.1754 0.893972
0.867859  -70.163 0.894122
0.868009 -70.1507 0.894272
0.868159 -70.1383 0.894422
0.868309  -70.126 0.894572
0.868459 -70.1136 0.894722
0.868609 -70.1013 0.894872
0.868759  -70.089 0.895023
0.868909 -70.0767 0.895173
 0.86906 -70.0643 0.895323
 0.86921  -70.052 0.895323
 0.86936 -70.0397 0.895473
 0.86951 -70.0274 0.895623
 0.86966 -70.0151 0.895773
 0.86981 -70.0028 0.895923
 0.86996 -69.9905 0.896073
 0.87011 -69.9782 0.896223
 0.87026  -69.966 0.896373
 0.87041 -69.9537 0.896523
 0.87056 -69.9414 0.896673
 0.87071 -69.9292 0.896823
 0.87086 -69.9169 0.896823
0.871011 -69.9047 0.896973
0.871161 -69.8924 0.897124
0.871311 -69.8802 0.897274
0.871461 -69.8679 0.897424
0.871611 -69.8557 0.897574
0.871761 -69.8435 0.897724
0.871911 -69.8312 0.897874
0.872061  -69.819 0.898024
0.872211 -69.8068 0.898174
0.872361 -69.7946 0.898324
0.872511 -69.7824 0.898324
0.872661 -69.7702 0.898474
0.872811  -69.758 0.898624
0.872961 -69.7458 0.898774
0.873112 -69.7336 0.898924
0.873262 -69.7214 0.899075
0.873412 -69.7093 0.899225
0.873562 -69.6971 0.899375
0.873712 -69.6849 0.899525
0.873862 -69.6728 0.899675
0.874012 -69.6606 0.899825
0.874162 -69.6484 0.899975
0.874312 -69.6363 0.900125
0.874462 -69.6242 0.900125
0.874612  -69.612 0.900275
0.874762 -69.5999 0.900425
0.874912 -69.5877 0.900575
0.875063 -69.5756 0.900725
0.875213 -69.5635 0.900875
0.875363 -69.5514 0.901026
0.875513 -69.5393 0.901176
0.875663 -69.5272 0.901326
0.875813 -69.5151 0.901476
0.875963  -69.503 0.901626
0.876113 -69.4909 0.901776
0.876263 -69.4788 0.901926
0.876413 -69.4667 0.902076
0.876563 -69.4546 0.902076
0.876713 -69.4425 0.902226
0.876863 -69.4304 0.902376
0.877014 -69.4184 0.902526
0.877164 -69.4063 0.902676
0.877314 -69.3943 0.902826
0.877464 -69.3822 0.902976
0.877614 -69.3701 0.903127
0.877764 -69.3581 0.903277
0.877914 -69.3461 0.903427
0.878064  -69.334 0.903577
0.878214  -69.322 0.903727
0.878364   -69.31 0.903877
0.878514 -69.2979 0.904027
0.878664 -69.2859 0.904177
0.878814 -69.2739 0.904177
0.878964 -69.2619 0.904327
0.879115 -69.2499 0.904477
0.879265 -69.2379 0.904627
0.879415 -69.2259 0.904777
0.879565 -69.2139 0.904927
0.879715 -69.2019 0.905078
0.879865 -69.1899 0.905228
0.880015 -69.1779 0.905378
0.880165 -69.1659 0.905528
0.880315  -69.154 0.905678
0.880465  -69.142 0.905828
0.880615   -69.13 0.905978
0.880765 -69.1181 0.906128
0.880915 -69.1061 0.906128
0.881066 -69.0942 0.906278
0.881216 -69.0822 0.906428
0.881366 -69.0703 0.906578
0.881516 -69.0583 0.906728
0.881666 -69.0464 0.906878
0.881816 -69.0345 0.907029
0.881966 -69.0225 0.907179
0.882116 -69.0106 0.907329
0.882266 -68.9987 0.907479
0.882416 -68.9868 0.907629
0.882566 -68.9749 0.907779
0.882716  -68.963 0.907929
0.882866 -68.9511 0.908079
0.883017 -68.9392 0.908229
0.883167 -68.9273 0.908229
0.883317 -68.9154 0.908379
0.883467 -68.9035 0.908529
0.883617 -68.8916 0.908679
0.883767 -68.8798 0.908829
0.883917 -68.8679 0.908979
0.884067  -68.856  0.90913
0.884217 -68.8442  0.90928
0.884367 -68.8323  0.90943
0.884517 -68.8204  0.90958
0.884667 -68.8086  0.90973
0.884817 -68.7967  0.90988
0.884967 -68.7849  0.91003
0.885118 -68.7731  0.91018
0.885268 -68.7612  0.91033
0.885418 -68.7494  0.91048
0.885568 -68.7376  0.91048
0.885718 -68.7258  0.91063
0.885868 -68.7139  0.91078
0.886018 -68.7021  0.91093
0.886168 -68.6903 0.911081
0.886318 -68.6785 0.911231
0.886468 -68.6667 0.911381
0.886618 -68.6549 0.911531
0.886768 -68.6431 0.911681
0.886918 -68.6313 0.911831
0.887069 -68.6195 0.911981
0.887219 -68.6078 0.912131
0.887369  -68.596 0.912281
0.887519 -68.5842 0.912431
0.887669 -68.5725 0.912581
0.887819 -68.5607 0.912731
0.887969 -68.5489 0.912731
0.888119 -68.5372 0.912881
0.888269 -68.5254 0.913032
0.888419 -68.5137 0.913182
0.888569 -68.5019 0.913332
0.888719 -68.4902 0.913482
0.888869 -68.4784 0.913632
 0.88902 -68.4667 0.913782
 0.88917  -68.455 0.913932
 0.88932 -68.4433 0.914082
 0.88947 -68.4315 0.914232
 0.88962 -68.4198 0.914382
 0.88977 -68.4081 0.914532
 0.88992 -68.3964 0.914682
 0.89007 -68.3847 0.914832
 0.89022  -68.373 0.914982
 0.89037 -68.3613 0.915133
 0.89052 -68.3496 0.915133
 0.89067 -68.3379 0.915283
 0.89082 -68.3262 0.915433
 0.89097 -68.3146 0.915583
0.891121 -68.3029 0.915733
0.891271 -68.2912 0.915883
0.891421 -68.2796 0.916033
0.891571 -68.2679 0.916183
0.891721 -68.2562 0.916333
0.891871 -68.2446 0.916483
0.892021 -68.2329 0.916633
0.892171 -68.2213 0.916783
0.892321 -68.2096 0.916933
0.892471  -68.198 0.917084
0.892621 -68.1864 0.917234
0.892771 -68.1747 0.917384
0.892921 -68.1631 0.917534
0.893072 -68.1515 0.917534
0.893222 -68.1398 0.917684
0.893372 -68.1282 0.917834
0.893522 -68.1166 0.917984
0.893672  -68.105 0.918134
0.893822 -68.0934 0.918284
0.893972 -68.0818 0.918434
0.894122 -68.0702 0.918584
0.894272 -68.0586 0.918734
0.894422  -68.047 0.918884
0.894572 -68.0354 0.919035
0.894722 -68.0239 0.919185
0.894872 -68.0123 0.919335
0.895023 -68.0007 0.919485
0.895173 -67.9891 0.919635
0.895323 -67.9776 0.919785
0.895473  -67.966 0.919935
0.895623 -67.9544 0.919935
0.895773 -67.9429 0.920085
0.895923 -67.9313 0.920235
0.896073 -67.9198 0.920385
0.896223 -67.9083 0.920535
0.896373 -67.8967 0.920685
0.896523 -67.8852 0.920835
0.896673 -67.8736 0.920985
0.896823 -67.8621 0.921136
0.896973 -67.8506 0.921286
0.897124 -67.8391 0.921436
0.897274 -67.8276 0.921586
0.897424 -67.8161 0.921736
0.897574 -67.8045 0.921886
0.897724  -67.793 0.922036
0.897874 -67.7815 0.922186
0.898024   -67.77 0.922336
0.898174 -67.7586 0.922486
0.898324 -67.7471 0.922486
0.898474 -67.7356 0.922636
0.898624 -67.7241 0.922786
0.898774 -67.7126 0.922936
0.898924 -67.7011 0.923087
0.899075 -67.6897 0.923237
0.899225 -67.6782 0.923387
0.899375 -67.6667 0.923537
0.899525 -67.6553 0.923687
0.899675 -67.6438 0.923837
0.899825 -67.6324 0.923987
0.899975 -67.6209 0.924137
0.900125 -67.6095 0.924287
0.900275 -67.5981 0.924437
0.900425 -67.5866 0.924587
0.900575 -67.5752 0.924737
0.900725 -67.5638 0.924887
0.900875 -67.5523 0.924887
0.901026 -67.5409 0.925038
0.901176 -67.5295 0.925188
0.901326 -67.5181 0.925338
0.901476 -67.5067 0.925488
0.901626 -67.4953 0.925638
0.901776 -67.4839 0.925788
0.901926 -67.4725 0.925938
0.902076 -67.4611 0.926088
0.902226 -67.4497 0.926238
0.902376 -67.4383 0.926388
0.902526 -67.4269 0.926538
0.902676 -67.4155 0.926688
0.902826 -67.4042 0.926838
0.902976 -67.3928 0.926988
0.903127 -67.3814 0.927139
0.903277 -67.3701 0.927289
0.903427 -67.3587 0.927439
0.903577 -67.3473 0.927589
0.903727  -67.336 0.927589
0.903877 -67.3246 0.927739
0.904027 -67.3133 0.927889
0.904177 -67.3019 0.928039
0.904327 -67.2906 0.928189
0.904477 -67.2793 0.928339
0.904627 -67.2679 0.928489
0.904777 -67.2566 0.928639
0.904927 -67.2453 0.928789
0.905078  -67.234 0.928939
0.905228 -67.2227  0.92909
0.905378 -67.2113  0.92924
0.905528    -67.2  0.92939
0.905678 -67.1887  0.92954
0.905828 -67.1774  0.92969
0.905978 -67.1661  0.92984
0.906128 -67.1548  0.92999
0.906278 -67.1435  0.93014
0.906428 -67.1323  0.93029
0.906578  -67.121  0.93029
0.906728 -67.1097  0.93044
0.906878 -67.0984  0.93059
0.907029 -67.0872  0.93074
0.907179 -67.0759  0.93089
0.907329 -67.0646 0.931041
0.907479 -67.0534 0.931191
0.907629 -67.0421 0.931341
0.907779 -67.0308 0.931491
0.907929 -67.0196 0.931641
0.908079 -67.0083 0.931791
0.908229 -66.9971 0.931941
0.908379 -66.9859 0.932091
0.908529 -66.9746 0.932241
0.908679 -66.9634 0.932391
0.908829 -66.9522 0.932541
0.908979 -66.9409 0.932691
 0.90913 -66.9297 0.932841
 0.90928 -66.9185 0.932991
 0.90943 -66.9073 0.932991
 0.90958 -66.8961 0.933142
 0.90973 -66.8849 0.933292
 0.90988 -66.8737 0.933442
 0.91003 -66.8625 0.933592
 0.91018 -66.8513 0.933742
 0.91033 -66.8401 0.933892
 0.91048 -66.8289 0.934042
 0.91063 -66.8177 0.934192
 0.91078 -66.8065 0.934342
 0.91093 -66.7953 0.934492
0.911081 -66.7842 0.934642
0.911231  -66.773 0.934792
0.911381 -66.7618 0.934942
0.911531 -66.7507 0.935093
0.911681 -66.7395 0.935243
0.911831 -66.7283 0.935393
0.911981 -66.7172 0.935543
0.912131  -66.706 0.935693
0.912281 -66.6949 0.935843
0.912431 -66.6837 0.935843
0.912581 -66.6726 0.935993
0.912731 -66.6615 0.936143
0.912881 -66.6503 0.936293
0.913032 -66.6392 0.936443
0.913182 -66.6281 0.936593
0.913332  -66.617 0.936743
0.913482 -66.6058 0.936893
0.913632 -66.5947 0.937044
0.913782 -66.5836 0.937194
0.913932 -66.5725 0.937344
0.914082 -66.5614 0.937494
0.914232 -66.5503 0.937644
0.914382 -66.5392 0.937794
0.914532 -66.5281 0.937944
0.914682  -66.517 0.938094
0.914832 -66.5059 0.938244
0.914982 -66.4948 0.938394
0.915133 -66.4838 0.938544
0.915283 -66.4727 0.938694
0.915433 -66.4616 0.938844
0.915583 -66.4505 0.938844
0.915733 -66.4395 0.938994
0.915883 -66.4284 0.939145
0.916033 -66.4174 0.939295
0.916183 -66.4063 0.939445
0.916333 -66.3952 0.939595
0.916483 -66.3842 0.939745
0.916633 -66.3731 0.939895
0.916783 -66.3621 0.940045
0.916933 -66.3511 0.940195
0.917084   -66.34 0.940345
0.917234  -66.329 0.940495
0.917384  -66.318 0.940645
0.917534 -66.3069 0.940795
0.917684 -66.2959 0.940945
0.917834 -66.2849 0.941096
0.917984 -66.2739 0.941246
0.918134 -66.2629 0.941396
0.918284 -66.2519 0.941546
0.918434 -66.2409 0.941696
0.918584 -66.2299 0.941846
0.918734 -66.2189 0.941846
0.918884 -66.2079 0.941996
0.919035 -66.1969 0.942146
0.919185 -66.1859 0.942296
0.919335 -66.1749 0.942446
0.919485 -66.1639 0.942596
0.919635  -66.153 0.942746
0.919785  -66.142 0.942896
0.919935  -66.131 0.943047
0.920085   -66.12 0.943197
0.920235 -66.1091 0.943347
0.920385 -66.0981 0.943497
0.920535 -66.0872 0.943647
0.920685 -66.0762 0.943797
0.920835 -66.0653 0.943947
0.920985 -66.0543 0.944097
0.921136 -66.0434 0.944247
0.921286 -66.0324 0.944397
0.921436 -66.0215 0.944547
0.921586 -66.0106 0.944697
0.921736 -65.9996 0.944697
0.921886 -65.9887 0.944847
0.922036 -65.9778 0.944997
0.922186 -65.9669 0.945148
0.922336 -65.9559 0.945298
0.922486  -65.945 0.945448
0.922636 -65.9341 0.945598
0.922786 -65.9232 0.945748
0.922936 -65.9123 0.945898
0.923087 -65.9014 0.946048
0.923237 -65.8905 0.946198
0.923387 -65.8796 0.946348
0.923537 -65.8687 0.946498
0.923687 -65.8579 0.946648
0.923837  -65.847 0.946798
0.923987 -65.8361 0.946948
0.924137 -65.8252 0.947099
0.924287 -65.8143 0.947249
0.924437 -65.8035 0.947399
0.924587 -65.7926 0.947549
0.924737 -65.7817 0.947699
0.924887 -65.7709 0.947849
0.925038   -65.76 0.947849
0.925188 -65.7492 0.947999
0.925338 -65.7383 0.948149
0.925488 -65.7275 0.948299
0.925638 -65.7166 0.948449
0.925788 -65.7058 0.948599
0.925938  -65.695 0.948749
0.926088 -65.6841 0.948899
0.926238 -65.6733  0.94905
0.926388 -65.6625   0.9492
0.926538 -65.6517  0.94935
0.926688 -65.6408   0.9495
0.926838   -65.63  0.94965
0.926988 -65.6192   0.9498
0.927139 -65.6084  0.94995
0.927289 -65.5976   0.9501
0.927439 -65.5868  0.95025
0.927589  -65.576   0.9504
0.927739 -65.5652  0.95055
0.927889 -65.5544   0.9507
0.928039 -65.5436  0.95085
0.928189 -65.5328 0.951001
0.928339  -65.522 0.951001
0.928489 -65.5113 0.951151
0.928639 -65.5005 0.951301
0.928789 -65.4897 0.951451
0.928939 -65.4789 0.951601
 0.92909 -65.4682 0.951751
 0.92924 -65.4574 0.951901
 0.92939 -65.4466 0.952051
 0.92954 -65.4359 0.952201
 0.92969 -65.4251 0.952351
 0.92984 -65.4144 0.952501
 0.92999 -65.4036 0.952651
 0.93014 -65.3929 0.952801
 0.93029 -65.3822 0.952951
 0.93044 -65.3714 0.953102
 0.93059 -65.3607 0.953252
 0.93074   -65.35 0.953402
 0.93089 -65.3392 0.953552
0.931041 -65.3285 0.953702
0.931191 -65.3178 0.953852
0.931341 -65.3071 0.954002
0.931491 -65.2963 0.954152
0.931641 -65.2856 0.954152
0.931791 -65.2749 0.954302
0.931941 -65.2642 0.954452
0.932091 -65.2535 0.954602
0.932241 -65.2428 0.954752
0.932391 -65.2321 0.954902
0.932541 -65.2214 0.955053
0.932691 -65.2107 0.955203
0.932841 -65.2001 0.955353
0.932991 -65.1894 0.955503
0.933142 -65.1787 0.955653
0.933292  -65.168 0.955803
0.933442 -65.1573 0.955953
0.933592 -65.1467 0.956103
0.933742  -65.136 0.956253
0.933892 -65.1254 0.956403
0.934042 -65.1147 0.956553
0.934192  -65.104 0.956703
0.934342 -65.0934 0.956853
0.934492 -65.0827 0.957004
0.934642 -65.0721 0.957154
0.934792 -65.0614 0.957304
0.934942 -65.0508 0.957304
0.935093 -65.0402 0.957454
0.935243 -65.0295 0.957604
0.935393 -65.0189 0.957754
0.935543 -65.0083 0.957904
0.935693 -64.9976 0.958054
0.935843  -64.987 0.958204
0.935993 -64.9764 0.958354
0.936143 -64.9658 0.958504
0.936293 -64.9552 0.958654
0.936443 -64.9446 0.958804
0.936593  -64.934 0.958954
0.936743 -64.9234 0.959105
0.936893 -64.9128 0.959255
0.937044 -64.9022 0.959405
0.937194 -64.8916 0.959555
0.937344  -64.881 0.959705
0.937494 -64.8704 0.959855
0.937644 -64.8598 0.960005
0.937794 -64.8492 0.960155
0.937944 -64.8387 0.960305
0.938094 -64.8281 0.960455
0.938244 -64.8175 0.960605
0.938394 -64.8069 0.960605
0.938544 -64.7964 0.960755
0.938694 -64.7858 0.960905
0.938844 -64.7753 0.961056
0.938994 -64.7647 0.961206
0.939145 -64.7542 0.961356
0.939295 -64.7436 0.961506
0.939445 -64.7331 0.961656
0.939595 -64.7225 0.961806
0.939745  -64.712 0.961956
0.939895 -64.7014 0.962106
0.940045 -64.6909 0.962256
0.940195 -64.6804 0.962406
0.940345 -64.6699 0.962556
0.940495 -64.6593 0.962706
0.940645 -64.6488 0.962856
0.940795 -64.6383 0.963007
0.940945 -64.6278 0.963157
0.941096 -64.6173 0.963307
0.941246 -64.6068 0.963457
0.941396 -64.5963 0.963607
0.941546 -64.5858 0.963757
0.941696 -64.5753 0.963757
0.941846 -64.5648 0.963907
0.941996 -64.5543 0.964057
0.942146 -64.5438 0.964207
0.942296 -64.5333 0.964357
0.942446 -64.5228 0.964507
0.942596 -64.5123 0.964657
0.942746 -64.5019 0.964807
0.942896 -64.4914 0.964957
0.943047 -64.4809 0.965108
0.943197 -64.4704 0.965258
0.943347   -64.46 0.965408
0.943497 -64.4495 0.965558
0.943647 -64.4391 0.965708
0.943797 -64.4286 0.965858
0.943947 -64.4182 0.966008
0.944097 -64.4077 0.966158
0.944247 -64.3973 0.966308
0.944397 -64.3868 0.966458
0.944547 -64.3764 0.966608
0.944697 -64.3659 0.966758
0.944847 -64.3555 0.966908
0.944997 -64.3451 0.967059
0.945148 -64.3347 0.967059
0.945298 -64.3242 0.967209
0.945448 -64.3138 0.967359
0.945598 -64.3034 0.967509
0.945748  -64.293 0.967659
0.945898 -64.2826 0.967809
0.946048 -64.2721 0.967959
0.946198 -64.2617 0.968109
0.946348 -64.2513 0.968259
0.946498 -64.2409 0.968409
0.946648 -64.2305 0.968559
0.946798 -64.2202 0.968709
0.946948 -64.2098 0.968859
0.947099 -64.1994  0.96901
0.947249  -64.189  0.96916
0.947399 -64.1786  0.96931
0.947549 -64.1682  0.96946
0.947699 -64.1579  0.96961
0.947849 -64.1475  0.96976
0.947999 -64.1371  0.96991
0.948149 -64.1268  0.97006
0.948299 -64.1164  0.97021
0.948449  -64.106  0.97036
0.948599 -64.0957  0.97051
0.948749 -64.0853  0.97051
0.948899  -64.075  0.97066
 0.94905 -64.0646  0.97081
  0.9492 -64.0543  0.97096
 0.94935 -64.0439 0.971111
  0.9495 -64.0336 0.971261
 0.94965 -64.0233 0.971411
  0.9498 -64.0129 0.971561
 0.94995 -64.0026 0.971711
  0.9501 -63.9923 0.971861
 0.95025 -63.9819 0.972011
  0.9504 -63.9716 0.972161
 0.95055 -63.9613 0.972311
  0.9507  -63.951 0.972461
 0.95085 -63.9407 0.972611
0.951001 -63.9304 0.972761
0.951151 -63.9201 0.972911
0.951301 -63.9098 0.973062
0.951451 -63.8995 0.973212
0.951601 -63.8892 0.973362
0.951751 -63.8789 0.973512
0.951901 -63.8686 0.973662
0.952051 -63.8583 0.973812
0.952201  -63.848 0.973962
0.952351 -63.8377 0.973962
0.952501 -63.8275 0.974112
0.952651 -63.8172 0.974262
0.952801 -63.8069 0.974412
0.952951 -63.7966 0.974562
0.953102 -63.7864 0.974712
0.953252 -63.7761 0.974862
0.953402 -63.7658 0.975013
0.953552 -63.7556 0.975163
0.953702 -63.7453 0.975313
0.953852 -63.7351 0.975463
0.954002 -63.7248 0.975613
0.954152 -63.7146 0.975763
0.954302 -63.7043 0.975913
0.954452 -63.6941 0.976063
0.954602 -63.6839 0.976213
0.954752 -63.6736 0.976363
0.954902 -63.6634 0.976513
0.955053 -63.6532 0.976663
0.955203  -63.643 0.976813
0.955353 -63.6327 0.976963
0.955503 -63.6225 0.977114
0.955653 -63.6123 0.977264
0.955803 -63.6021 0.977264
0.955953 -63.5919 0.977414
0.956103 -63.5817 0.977564
0.956253 -63.5715 0.977714
0.956403 -63.5613 0.977864
0.956553 -63.5511 0.978014
0.956703 -63.5409 0.978164
0.956853 -63.5307 0.978314
0.957004 -63.5205 0.978464
0.957154 -63.5103 0.978614
0.957304 -63.5001 0.978764
0.957454 -63.4899 0.978914
0.957604 -63.4798 0.979065
0.957754 -63.4696 0.979215
0.957904 -63.4594 0.979365
0.958054 -63.4493 0.979515
0.958204 -63.4391 0.979665
0.958354 -63.4289 0.979815
0.958504 -63.4188 0.979965
0.958654 -63.4086 0.980115
0.958804 -63.3985 0.980265
0.958954 -63.3883 0.980415
0.959105 -63.3782 0.980565
0.959255  -63.368 0.980715
0.959405 -63.3579 0.980715
0.959555 -63.3477 0.980865
0.959705 -63.3376 0.981016
0.959855 -63.3275 0.981166
0.960005 -63.3173 0.981316
0.960155 -63.3072 0.981466
0.960305 -63.2971 0.981616
0.960455  -63.287 0.981766
0.960605 -63.2768 0.981916
0.960755 -63.2667 0.982066
0.960905 -63.2566 0.982216
0.961056 -63.2465 0.982366
0.961206 -63.2364 0.982516
0.961356 -63.2263 0.982666
0.961506 -63.2162 0.982816
0.961656 -63.2061 0.982966
0.961806  -63.196 0.983117
0.961956 -63.1859 0.983267
0.962106 -63.1758 0.983417
0.962256 -63.1657 0.983567
0.962406 -63.1557 0.983717
0.962556 -63.1456 0.983867
0.962706 -63.1355 0.984017
0.962856 -63.1254 0.984167
0.963007 -63.1154 0.984167
0.963157 -63.1053 0.984317
0.963307 -63.0952 0.984467
0.963457 -63.0852 0.984617
0.963607 -63.0751 0.984767
0.963757  -63.065 0.984917
0.963907  -63.055 0.985068
0.964057 -63.0449 0.985218
0.964207 -63.0349 0.985368
0.964357 -63.0248 0.985518
0.964507 -63.0148 0.985668
0.964657 -63.0048 0.985818
0.964807 -62.9947 0.985968
0.964957 -62.9847 0.986118
0.965108 -62.9747 0.986268
0.965258 -62.9646 0.986418
0.965408 -62.9546 0.986568
0.965558 -62.9446 0.986718
0.965708 -62.9346 0.986868
0.965858 -62.9245 0.987019
0.966008 -62.9145 0.987169
0.966158 -62.9045 0.987319
0.966308 -62.8945 0.987469
0.966458 -62.8845 0.987619
0.966608 -62.8745 0.987619
0.966758 -62.8645 0.987769
0.966908 -62.8545 0.987919
0.967059 -62.8445 0.988069
0.967209 -62.8345 0.988219
0.967359 -62.8245 0.988369
0.967509 -62.8145 0.988519
0.967659 -62.8046 0.988669
0.967809 -62.7946 0.988819
0.967959 -62.7846 0.988969
0.968109 -62.7746  0.98912
0.968259 -62.7647  0.98927
0.968409 -62.7547  0.98942
0.968559 -62.7447  0.98957
0.968709 -62.7348  0.98972
0.968859 -62.7248  0.98987
 0.96901 -62.7148  0.99002
 0.96916 -62.7049  0.99017
 0.96931 -62.6949  0.99032
 0.96946  -62.685  0.99047
 0.96961  -62.675  0.99062
 0.96976 -62.6651  0.99077
 0.96991 -62.6552  0.99092
 0.97006 -62.6452  0.99092
 0.97021 -62.6353 0.991071
 0.97036 -62.6254 0.991221
 0.97051 -62.6154 0.991371
 0.97066 -62.6055 0.991521
 0.97081 -62.5956 0.991671
 0.97096 -62.5857 0.991821
0.971111 -62.5757 0.991971
0.971261 -62.5658 0.992121
0.971411 -62.5559 0.992271
0.971561  -62.546 0.992421
0.971711 -62.5361 0.992571
0.971861 -62.5262 0.992721
0.972011 -62.5163 0.992871
0.972161 -62.5064 0.993022
0.972311 -62.4965 0.993172
0.972461 -62.4866 0.993322
0.972611 -62.4767 0.993472
0.972761 -62.4668 0.993622
0.972911  -62.457 0.993772
0.973062 -62.4471 0.993922
0.973212 -62.4372 0.994072
0.973362 -62.4273 0.994222
0.973512 -62.4175 0.994372
0.973662 -62.4076 0.994372
0.973812 -62.3977 0.994522
0.973962 -62.3879 0.994672
0.974112  -62.378 0.994822
0.974262 -62.3681 0.994972
0.974412 -62.3583 0.995123
0.974562 -62.3484 0.995273
0.974712 -62.3386 0.995423
0.974862 -62.3287 0.995573
0.975013 -62.3189 0.995723
0.975163 -62.3091 0.995873
0.975313 -62.2992 0.996023
0.975463 -62.2894 0.996173
0.975613 -62.2795 0.996323
0.975763 -62.2697 0.996473
0.975913 -62.2599 0.996623
0.976063 -62.2501 0.996773
0.976213 -62.2402 0.996923
0.976363 -62.2304 0.997074
0.976513 -62.2206 0.997224
0.976663 -62.2108 0.997374
0.976813  -62.201 0.997524
0.976963 -62.1912 0.997674
0.977114 -62.1814 0.997824
0.977264 -62.1716 0.997824
0.977414 -62.1618 0.997974
0.977564  -62.152 0.998124
0.977714 -62.1422 0.998274
0.977864 -62.1324 0.998424
0.978014 -62.1226 0.998574
0.978164 -62.1128 0.998724
0.978314  -62.103 0.998874
0.978464 -62.0933 0.999025
0.978614 -62.0835 0.999175
0.978764 -62.0737 0.999325
0.978914 -62.0639 0.999475
0.979065 -62.0542 0.999625
0.979215 -62.0444 0.999775
0.979365 -62.0346 0.999925
0.979515 -62.0249  1.00008
0.979665 -62.0151  1.00023
0.979815 -62.0054  1.00038
0.979965 -61.9956  1.00053
0.980115 -61.9859  1.00068
0.980265 -61.9761  1.00083
0.980415 -61.9664  1.00098
0.980565 -61.9566  1.00113
0.980715 -61.9469  1.00128
0.980865 -61.9372  1.00128
0.981016 -61.9274  1.00143
0.981166 -61.9177  1.00158
0.981316  -61.908  1.00173
0.981466 -61.8982  1.00188
0.981616 -61.8885  1.00203
0.981766 -61.8788  1.00218
0.981916 -61.8691  1.00233
0.982066 -61.8594  1.00248
0.982216 -61.8497  1.00263
0.982366 -61.8399  1.00278
0.982516 -61.8302  1.00293
0.982666 -61.8205  1.00308
0.982816 -61.8108  1.00323
0.982966 -61.8011  1.00338
0.983117 -61.7914  1.00353
0.983267 -61.7818  1.00368
0.983417 -61.7721  1.00383
0.983567 -61.7624  1.00398
0.983717 -61.7527  1.00413
0.983867  -61.743  1.00428
0.984017 -61.7333  1.00443
0.984167 -61.7237  1.00458
0.984317  -61.714  1.00473
0.984467 -61.7043  1.00473
0.984617 -61.6947  1.00488
0.984767  -61.685  1.00503
0.984917 -61.6753  1.00518
0.985068 -61.6657  1.00533
0.985218  -61.656  1.00548
0.985368 -61.6464  1.00563
0.985518 -61.6367  1.00578
0.985668 -61.6271  1.00593
0.985818 -61.6174  1.00608
0.985968 -61.6078  1.00623
0.986118 -61.5981  1.00638
0.986268 -61.5885  1.00653
0.986418 -61.5789  1.00668
0.986568 -61.5692  1.00683
0.986718 -61.5596  1.00698
0.986868   -61.55  1.00713
0.987019 -61.5404  1.00728
0.987169 -61.5307  1.00743
0.987319 -61.5211  1.00758
0.987469 -61.5115  1.00773
0.987619 -61.5019  1.00788
0.987769 -61.4923  1.00803
0.987919 -61.4827  1.00818
0.988069 -61.4731  1.00818
0.988219 -61.4635  1.00833
0.988369 -61.4539  1.00848
0.988519 -61.4443  1.00863
0.988669 -61.4347  1.00878
0.988819 -61.4251  1.00893
0.988969 -61.4155  1.00908
 0.98912 -61.4059  1.00923
 0.98927 -61.3963  1.00938
 0.98942 -61.3867  1.00953
 0.98957 -61.3772  1.00968
 0.98972 -61.3676  1.00983
 0.98987  -61.358  1.00998
 0.99002 -61.3484  1.01013
 0.99017 -61.3389  1.01028
 0.99032 -61.3293  1.01043
 0.99047 -61.3198  1.01058
 0.99062 -61.3102  1.01073
 0.99077 -61.3006  1.01088
 0.99092 -61.2911  1.01103
0.991071 -61.2815  1.01118
0.991221  -61.272  1.01133
0.991371 -61.2624  1.01148
0.991521 -61.2529  1.01163
0.991671 -61.2434  1.01163
0.991821 -61.2338  1.01178
0.991971 -61.2243  1.01193
0.992121 -61.2147  1.01208
0.992271 -61.2052  1.01223
0.992421 -61.1957  1.01238
0.992571 -61.1862  1.01253
0.992721 -61.1766  1.01268
0.992871 -61.1671  1.01283
0.993022 -61.1576  1.01298
0.993172 -61.1481  1.01313
0.993322 -61.1386  1.01328
0.993472 -61.1291  1.01343
0.993622 -61.1196  1.01358
0.993772 -61.1101  1.01373
0.993922 -61.1006  1.01388
0.994072 -61.0911  1.01403
0.994222 -61.0816  1.01418
0.994372 -61.0721  1.01433
0.994522 -61.0626  1.01448
0.994672 -61.0531  1.01463
0.994822 -61.0436  1.01478
0.994972 -61.0341  1.01493
0.995123 -61.0247  1.01508
0.995273 -61.0152  1.01508
0.995423 -61.0057  1.01523
0.995573 -60.9962  1.01538
0.995723 -60.9868  1.01553
0.995873 -60.9773  1.01568
0.996023 -60.9678  1.01583
0.996173 -60.9584  1.01598
0.996323 -60.9489  1.01613
0.996473 -60.9395  1.01628
0.996623   -60.93  1.01643
0.996773 -60.9206  1.01658
0.996923 -60.9111  1.01673
0.997074 -60.9017  1.01688
0.997224 -60.8922  1.01703
0.997374 -60.8828  1.01718
0.997524 -60.8734  1.01733
0.997674 -60.8639  1.01748
0.997824 -60.8545  1.01763
0.997974 -60.8451  1.01778
0.998124 -60.8356  1.01793
0.998274 -60.8262  1.01808
0.998424 -60.8168  1.01823
0.998574 -60.8074  1.01838
0.998724  -60.798  1.01838
0.998874 -60.7885  1.01853
0.999025 -60.7791  1.01868
0.999175 -60.7697  1.01883
0.999325 -60.7603  1.01898
0.999475 -60.7509  1.01913
0.999625 -60.7415  1.01928
0.999775 -60.7321  1.01943
0.999925 -60.7227  1.01958
 1.00008 -60.7133  1.01973
 1.00023 -60.7039  1.01988
 1.00038 -60.6946  1.02004
 1.00053 -60.6852  1.02019
 1.00068 -60.6758  1.02034
 1.00083 -60.6664  1.02049
 1.00098  -60.657  1.02064
 1.00113 -60.6477  1.02079
 1.00128 -60.6383  1.02094
 1.00143 -60.6289  1.02109
 1.00158 -60.6196  1.02124
 1.00173 -60.6102  1.02139
 1.00188 -60.6008  1.02154
 1.00203 -60.5915  1.02169
 1.00218 -60.5821  1.02184
 1.00233 -60.5728  1.02184
 1.00248 -60.5634  1.02199
 1.00263 -60.5541  1.02214
 1.00278 -60.5447  1.02229
 1.00293 -60.5354  1.02244
 1.00308  -60.526  1.02259
 1.00323 -60.5167  1.02274
 1.00338 -60.5074  1.02289
 1.00353  -60.498  1.02304
 1.00368 -60.4887  1.02319
 1.00383 -60.4794  1.02334
 1.00398 -60.4701  1.02349
 1.00413 -60.4607  1.02364
 1.00428 -60.4514  1.02379
 1.00443 -60.4421  1.02394
 1.00458 -60.4328  1.02409
 1.00473 -60.4235  1.02424
 1.00488 -60.4142  1.02439
 1.00503 -60.4049  1.02454
 1.00518 -60.3956  1.02469
 1.00533 -60.3863  1.02484
 1.00548  -60.377  1.02499
 1.00563 -60.3677  1.02514
 1.00578 -60.3584  1.02514
 1.00593 -60.3491  1.02529
 1.00608 -60.3398  1.02544
 1.00623 -60.3305  1.02559
 1.00638 -60.3212  1.02574
 1.00653 -60.3119  1.02589
 1.00668 -60.3027  1.02604
 1.00683 -60.2934  1.02619
 1.00698 -60.2841  1.02634
 1.00713 -60.2748  1.02649
 1.00728 -60.2656  1.02664
 1.00743 -60.2563  1.02679
 1.00758 -60.2471  1.02694
 1.00773 -60.2378  1.02709
 1.00788 -60.2285  1.02724
 1.00803 -60.2193  1.02739
 1.00818   -60.21  1.02754
 1.00833 -60.2008  1.02769
 1.00848 -60.1915  1.02784
 1.00863 -60.1823  1.02799
 1.00878 -60.1731  1.02814
 1.00893 -60.1638  1.02829
 1.00908 -60.1546  1.02844
 1.00923 -60.1453  1.02844
 1.00938 -60.1361  1.02859
 1.00953 -60.1269  1.02874
 1.00968 -60.1177  1.02889
 1.00983 -60.1084  1.02904
 1.00998 -60.0992  1.02919
 1.01013   -60.09  1.02934
 1.01028 -60.0808  1.02949
 1.01043 -60.0716  1.02964
 1.01058 -60.0624  1.02979
 1.01073 -60.0531  1.02994
 1.01088 -60.0439  1.03009
 1.01103 -60.0347  1.03024
 1.01118 -60.0255  1.03039
 1.01133 -60.0163  1.03054
 1.01148 -60.0071  1.03069
 1.01163 -59.9979  1.03084
 1.01178 -59.9888  1.03099
 1.01193 -59.9796  1.03114
 1.01208 -59.9704  1.03129
 1.01223 -59.9612  1.03144
 1.01238  -59.952  1.03159
 1.01253 -59.9428  1.03174
 1.01268 -59.9337  1.03174
 1.01283 -59.9245  1.03189
 1.01298 -59.9153  1.03204
 1.01313 -59.9062  1.03219
 1.01328  -59.897  1.03234
 1.01343 -59.8878  1.03249
 1.01358 -59.8787  1.03264
 1.01373 -59.8695  1.03279
 1.01388 -59.8604  1.03294
 1.01403 -59.8512  1.03309
 1.01418 -59.8421  1.03324
 1.01433 -59.8329  1.03339
 1.01448 -59.8238  1.03354
 1.01463 -59.8146  1.03369
 1.01478 -59.8055  1.03384
 1.01493 -59.7964  1.03399
 1.01508 -59.7872  1.03414
 1.01523 -59.7781  1.03429
 1.01538  -59.769  1.03444
 1.01553 -59.7598  1.03459
 1.01568 -59.7507  1.03474
 1.01583 -59.7416  1.03489
 1.01598 -59.7325  1.03504
 1.01613 -59.7234  1.03504
 1.01628 -59.7142  1.03519
 1.01643 -59.7051  1.03534
 1.01658  -59.696  1.03549
 1.01673 -59.6869  1.03564
 1.01688 -59.6778  1.03579
 1.01703 -59.6687  1.03594
 1.01718 -59.6596  1.03609
 1.01733 -59.6505  1.03624
 1.01748 -59.6414  1.03639
 1.01763 -59.6323  1.03654
 1.01778 -59.6232  1.03669
 1.01793 -59.6141  1.03684
 1.01808 -59.6051  1.03699
 1.01823  -59.596  1.03714
 1.01838 -59.5869  1.03729
 1.01853 -59.5778  1.03744
 1.01868 -59.5688  1.03759
 1.01883 -59.5597  1.03774
 1.01898 -59.5506  1.03789
 1.01913 -59.5415  1.03804
 1.01928 -59.5325  1.03819
 1.01943 -59.5234  1.03834
 1.01958 -59.5144  1.03834
 1.01973 -59.5053  1.03849
 1.01988 -59.4963  1.03864
 1.02004 -59.4872  1.03879
 1.02019 -59.4782  1.03894
 1.02034 -59.4691  1.03909
 1.02049 -59.4601  1.03924
 1.02064  -59.451  1.03939
 1.02079  -59.442  1.03954
 1.02094 -59.4329  1.03969
 1.02109 -59.4239  1.03984
 1.02124 -59.4149  1.03999
 1.02139 -59.4059  1.04015
 1.02154 -59.3968   1.0403
 1.02169 -59.3878  1.04045
 1.02184 -59.3788   1.0406
 1.02199 -59.3698  1.04075
 1.02214 -59.3608   1.0409
 1.02229 -59.3517  1.04105
 1.02244 -59.3427   1.0412
 1.02259 -59.3337  1.04135
 1.02274 -59.3247   1.0415
 1.02289 -59.3157   1.0415
 1.02304 -59.3067  1.04165
 1.02319 -59.2977   1.0418
 1.02334 -59.2887  1.04195
 1.02349 -59.2797   1.0421
 1.02364 -59.2707  1.04225
 1.02379 -59.2617   1.0424
 1.02394 -59.2528  1.04255
 1.02409 -59.2438   1.0427
 1.02424 -59.2348  1.04285
 1.02439 -59.2258    1.043
 1.02454 -59.2168  1.04315
 1.02469 -59.2079   1.0433
 1.02484 -59.1989  1.04345
 1.02499 -59.1899   1.0436
 1.02514  -59.181  1.04375
 1.02529  -59.172   1.0439
 1.02544  -59.163  1.04405
 1.02559 -59.1541   1.0442
 1.02574 -59.1451  1.04435
 1.02589 -59.1362   1.0445
 1.02604 -59.1272  1.04465
 1.02619 -59.1183  1.04465
 1.02634 -59.1093   1.0448
 1.02649 -59.1004  1.04495
 1.02664 -59.0914   1.0451
 1.02679 -59.0825  1.04525
 1.02694 -59.0736   1.0454
 1.02709 -59.0646  1.04555
 1.02724 -59.0557   1.0457
 1.02739 -59.0468  1.04585
 1.02754 -59.0378    1.046
 1.02769 -59.0289  1.04615
 1.02784   -59.02   1.0463
 1.02799 -59.0111  1.04645
 1.02814 -59.0022   1.0466
 1.02829 -58.9932  1.04675
 1.02844 -58.9843   1.0469
 1.02859 -58.9754  1.04705
 1.02874 -58.9665   1.0472
 1.02889 -58.9576  1.04735
 1.02904 -58.9487   1.0475
 1.02919 -58.9398  1.04765
 1.02934 -58.9309  1.04765
 1.02949  -58.922   1.0478
 1.02964 -58.9131  1.04795
 1.02979 -58.9042   1.0481
 1.02994 -58.8954  1.04825
 1.03009 -58.8865   1.0484
 1.03024 -58.8776  1.04855
 1.03039 -58.8687   1.0487
 1.03054 -58.8598  1.04885
 1.03069  -58.851    1.049
 1.03084 -58.8421  1.04915
 1.03099 -58.8332   1.0493
 1.03114 -58.8244  1.04945
 1.03129 -58.8155   1.0496
 1.03144 -58.8066  1.04975
 1.03159 -58.7978   1.0499
 1.03174 -58.7889  1.05005
 1.03189 -58.7801   1.0502
 1.03204 -58.7712  1.05035
 1.03219 -58.7624   1.0505
 1.03234 -58.7535  1.05065
 1.03249 -58.7447   1.0508
 1.03264 -58.7358   1.0508
 1.03279  -58.727  1.05095
 1.03294 -58.7181   1.0511
 1.03309 -58.7093  1.05125
 1.03324 -58.7005   1.0514
 1.03339 -58.6916  1.05155
 1.03354 -58.6828   1.0517
 1.03369  -58.674  1.05185
 1.03384 -58.6652    1.052
 1.03399 -58.6564  1.05215
 1.03414 -58.6475   1.0523
 1.03429 -58.6387  1.05245
 1.03444 -58.6299   1.0526
 1.03459 -58.6211  1.05275
 1.03474 -58.6123   1.0529
 1.03489 -58.6035  1.05305
 1.03504 -58.5947   1.0532
 1.03519 -58.5859  1.05335
 1.03534 -58.5771   1.0535
 1.03549 -58.5683  1.05365
 1.03564 -58.5595   1.0538
 1.03579 -58.5507   1.0538
 1.03594 -58.5419  1.05395
 1.03609 -58.5331   1.0541
 1.03624 -58.5243  1.05425
 1.03639 -58.5156   1.0544
 1.03654 -58.5068  1.05455
 1.03669  -58.498   1.0547
 1.03684 -58.4892  1.05485
 1.03699 -58.4805    1.055
 1.03714 -58.4717  1.05515
 1.03729 -58.4629   1.0553
 1.03744 -58.4542  1.05545
 1.03759 -58.4454   1.0556
 1.03774 -58.4367  1.05575
 1.03789 -58.4279   1.0559
 1.03804 -58.4191  1.05605
 1.03819 -58.4104   1.0562
 1.03834 -58.4016  1.05635
 1.03849 -58.3929   1.0565
 1.03864 -58.3842  1.05665
 1.03879 -58.3754  1.05665
 1.03894 -58.3667   1.0568
 1.03909 -58.3579  1.05695
 1.03924 -58.3492   1.0571
 1.03939 -58.3405  1.05725
 1.03954 -58.3317   1.0574
 1.03969  -58.323  1.05755
 1.03984 -58.3143   1.0577
 1.03999 -58.3056  1.05785
 1.04015 -58.2968    1.058
  1.0403 -58.2881  1.05815
 1.04045 -58.2794   1.0583
  1.0406 -58.2707  1.05845
 1.04075  -58.262   1.0586
  1.0409 -58.2533  1.05875
 1.04105 -58.2446   1.0589
  1.0412 -58.2359  1.05905
 1.04135 -58.2272   1.0592
  1.0415 -58.2185  1.05935
 1.04165 -58.2098   1.0595
  1.0418 -58.2011   1.0595
 1.04195 -58.1924  1.05965
  1.0421 -58.1837   1.0598
 1.04225  -58.175  1.05995
  1.0424 -58.1663  1.06011
 1.04255 -58.1577  1.06026
  1.0427  -58.149  1.06041
 1.04285 -58.1403  1.06056
   1.043 -58.1316  1.06071
 1.04315  -58.123  1.06086
  1.0433 -58.1143  1.06101
 1.04345 -58.1056  1.06116
  1.0436  -58.097  1.06131
 1.04375 -58.0883  1.06146
  1.0439 -58.0797  1.06161
 1.04405  -58.071  1.06176
  1.0442 -58.0623  1.06191
 1.04435 -58.0537  1.06206
  1.0445  -58.045  1.06221
 1.04465 -58.0364  1.06236
  1.0448 -58.0278  1.06236
 1.04495 -58.0191  1.06251
  1.0451 -58.0105  1.06266
 1.04525 -58.0018  1.06281
  1.0454 -57.9932  1.06296
 1.04555 -57.9846  1.06311
  1.0457 -57.9759  1.06326
 1.04585 -57.9673  1.06341
   1.046 -57.9587  1.06356
 1.04615 -57.9501  1.06371
  1.0463 -57.9415  1.06386
 1.04645 -57.9328  1.06401
  1.0466 -57.9242  1.06416
 1.04675 -57.9156  1.06431
  1.0469  -57.907  1.06446
 1.04705 -57.8984  1.06461
  1.0472 -57.8898  1.06476
 1.04735 -57.8812  1.06491
  1.0475 -57.8726  1.06506
 1.04765  -57.864  1.06506
  1.0478 -57.8554  1.06521
 1.04795 -57.8468  1.06536
  1.0481 -57.8382  1.06551
 1.04825 -57.8296  1.06566
  1.0484  -57.821  1.06581
 1.04855 -57.8125  1.06596
  1.0487 -57.8039  1.06611
 1.04885 -57.7953  1.06626
   1.049 -57.7867  1.06641
 1.04915 -57.7781  1.06656
  1.0493 -57.7696  1.06671
 1.04945  -57.761  1.06686
  1.0496 -57.7524  1.06701
 1.04975 -57.7439  1.06716
  1.0499 -57.7353  1.06731
 1.05005 -57.7268  1.06746
  1.0502 -57.7182  1.06761
 1.05035 -57.7097  1.06776
  1.0505 -57.7011  1.06776
 1.05065 -57.6926  1.06791
  1.0508  -57.684  1.06806
 1.05095 -57.6755  1.06821
  1.0511 -57.6669  1.06836
 1.05125 -57.6584  1.06851
  1.0514 -57.6498  1.06866
 1.05155 -57.6413  1.06881
  1.0517 -57.6328  1.06896
 1.05185 -57.6242  1.06911
   1.052 -57.6157  1.06926
 1.05215 -57.6072  1.06941
  1.0523 -57.5987  1.06956
 1.05245 -57.5902  1.06971
  1.0526 -57.5816  1.06986
 1.05275 -57.5731  1.07001
  1.0529 -57.5646  1.07016
 1.05305 -57.5561  1.07031
  1.0532 -57.5476  1.07046
 1.05335 -57.5391  1.07046
  1.0535 -57.5306  1.07061
 1.05365 -57.5221  1.07076
  1.0538 -57.5136  1.07091
 1.05395 -57.5051  1.07106
  1.0541 -57.4966  1.07121
 1.05425 -57.4881  1.07136
  1.0544 -57.4796  1.07151
 1.05455 -57.4711  1.07166
  1.0547 -57.4627  1.07181
 1.05485 -57.4542  1.07196
   1.055 -57.4457  1.07211
 1.05515 -57.4372  1.07226
  1.0553 -57.4287  1.07241
 1.05545 -57.4203  1.07256
  1.0556 -57.4118  1.07271
 1.05575 -57.4033  1.07286
  1.0559 -57.3949  1.07301
 1.05605 -57.3864  1.07316
  1.0562  -57.378  1.07316
 1.05635 -57.3695  1.07331
  1.0565  -57.361  1.07346
 1.05665 -57.3526  1.07361
  1.0568 -57.3441  1.07376
 1.05695 -57.3357  1.07391
  1.0571 -57.3272  1.07406
 1.05725 -57.3188  1.07421
  1.0574 -57.3104  1.07436
 1.05755 -57.3019  1.07451
  1.0577 -57.2935  1.07466
 1.05785 -57.2851  1.07481
   1.058 -57.2766  1.07496
 1.05815 -57.2682  1.07511
  1.0583 -57.2598  1.07526
 1.05845 -57.2513  1.07541
  1.0586 -57.2429  1.07556
 1.05875 -57.2345  1.07571
  1.0589 -57.2261  1.07571
 1.05905 -57.2177  1.07586
  1.0592 -57.2093  1.07601
 1.05935 -57.2009  1.07616
  1.0595 -57.1925  1.07631
 1.05965  -57.184  1.07646
  1.0598 -57.1756  1.07661
 1.05995 -57.1672  1.07676
 1.06011 -57.1589  1.07691
 1.06026 -57.1505  1.07706
 1.06041 -57.1421  1.07721
 1.06056 -57.1337  1.07736
 1.06071 -57.1253  1.07751
 1.06086 -57.1169  1.07766
 1.06101 -57.1085  1.07781
 1.06116 -57.1001  1.07796
 1.06131 -57.0918  1.07811
 1.06146 -57.0834  1.07811
 1.06161  -57.075  1.07826
 1.06176 -57.0666  1.07841
 1.06191 -57.0583  1.07856
 1.06206 -57.0499  1.07871
 1.06221 -57.0415  1.07886
 1.06236 -57.0332  1.07901
 1.06251 -57.0248  1.07916
 1.06266 -57.0165  1.07931
 1.06281 -57.0081  1.07946
 1.06296 -56.9998  1.07961
 1.06311 -56.9914  1.07976
 1.06326 -56.9831  1.07991
 1.06341 -56.9747  1.08007
 1.06356 -56.9664  1.08022
 1.06371 -56.9581  1.08037
 1.06386 -56.9497  1.08052
 1.06401 -56.9414  1.08052
 1.06416 -56.9331  1.08067
 1.06431 -56.9247  1.08082
 1.06446 -56.9164  1.08097
 1.06461 -56.9081  1.08112
 1.06476 -56.8998  1.08127
 1.06491 -56.8914  1.08142
 1.06506 -56.8831  1.08157
 1.06521 -56.8748  1.08172
 1.06536 -56.8665  1.08187
 1.06551 -56.8582  1.08202
 1.06566 -56.8499  1.08217
 1.06581 -56.8416  1.08232
 1.06596 -56.8333  1.08247
 1.06611  -56.825  1.08262
 1.06626 -56.8167  1.08277
 1.06641 -56.8084  1.08292
 1.06656 -56.8001  1.08292
 1.06671 -56.7918  1.08307
 1.06686 -56.7835  1.08322
 1.06701 -56.7752  1.08337
 1.06716 -56.7669  1.08352
 1.06731 -56.7587  1.08367
 1.06746 -56.7504  1.08382
 1.06761 -56.7421  1.08397
 1.06776 -56.7338  1.08412
 1.06791 -56.7256  1.08427
 1.06806 -56.7173  1.08442
 1.06821  -56.709  1.08457
 1.06836 -56.7008  1.08472
 1.06851 -56.6925  1.08487
 1.06866 -56.6842  1.08502
 1.06881  -56.676  1.08517
 1.06896 -56.6677  1.08517
 1.06911 -56.6595  1.08532
 1.06926 -56.6512  1.08547
 1.06941  -56.643  1.08562
 1.06956 -56.6347  1.08577
 1.06971 -56.6265  1.08592
 1.06986 -56.6183  1.08607
 1.07001   -56.61  1.08622
 1.07016 -56.6018  1.08637
 1.07031 -56.5936  1.08652
 1.07046 -56.5853  1.08667
 1.07061 -56.5771  1.08682
 1.07076 -56.5689  1.08697
 1.07091 -56.5607  1.08712
 1.07106 -56.5524  1.08727
 1.07121 -56.5442  1.08742
 1.07136  -56.536  1.08742
 1.07151 -56.5278  1.08757
 1.07166 -56.5196  1.08772
 1.07181 -56.5114  1.08787
 1.07196 -56.5032  1.08802
 1.07211  -56.495  1.08817
 1.07226 -56.4868  1.08832
 1.07241 -56.4786  1.08847
 1.07256 -56.4704  1.08862
 1.07271 -56.4622  1.08877
 1.07286  -56.454  1.08892
 1.07301 -56.4458  1.08907
 1.07316 -56.4376  1.08922
 1.07331 -56.4294  1.08937
 1.07346 -56.4213  1.08952
 1.07361 -56.4131  1.08952
 1.07376 -56.4049  1.08967
 1.07391 -56.3967  1.08982
 1.07406 -56.3886  1.08997
 1.07421 -56.3804  1.09012
 1.07436 -56.3722  1.09027
 1.07451 -56.3641  1.09042
 1.07466 -56.3559  1.09057
 1.07481 -56.3477  1.09072
 1.07496 -56.3396  1.09087
 1.07511 -56.3314  1.09102
 1.07526 -56.3233  1.09117
 1.07541 -56.3151  1.09132
 1.07556  -56.307  1.09147
 1.07571 -56.2988  1.09162
 1.07586 -56.2907  1.09162
 1.07601 -56.2826  1.09177
 1.07616 -56.2744  1.09192
 1.07631 -56.2663  1.09207
 1.07646 -56.2582  1.09222
 1.07661   -56.25  1.09237
 1.07676 -56.2419  1.09252
 1.07691 -56.2338  1.09267
 1.07706 -56.2257  1.09282
 1.07721 -56.2175  1.09297
 1.07736 -56.2094  1.09312
 1.07751 -56.2013  1.09327
 1.07766 -56.1932  1.09342
 1.07781 -56.1851  1.09342
 1.07796  -56.177  1.09357
 1.07811 -56.1689  1.09372
 1.07826 -56.1608  1.09387
 1.07841 -56.1527  1.09402
 1.07856 -56.1446  1.09417
 1.07871 -56.1365  1.09432
 1.07886 -56.1284  1.09447
 1.07901 -56.1203  1.09462
 1.07916 -56.1122  1.09477
 1.07931 -56.1042  1.09492
 1.07946 -56.0961  1.09507
 1.07961  -56.088  1.09522
 1.07976 -56.0799  1.09522
 1.07991 -56.0719  1.09537
 1.08007 -56.0638  1.09552
 1.08022 -56.0557  1.09567
 1.08037 -56.0477  1.09582
 1.08052 -56.0396  1.09597
 1.08067 -56.0315  1.09612
 1.08082 -56.0235  1.09627
 1.08097 -56.0154  1.09642
 1.08112 -56.0074  1.09657
 1.08127 -55.9993  1.09672
 1.08142 -55.9913  1.09687
 1.08157 -55.9832  1.09702
 1.08172 -55.9752  1.09702
 1.08187 -55.9672  1.09717
 1.08202 -55.9591  1.09732
 1.08217 -55.9511  1.09747
 1.08232 -55.9431  1.09762
 1.08247  -55.935  1.09777
 1.08262  -55.927  1.09792
 1.08277  -55.919  1.09807
 1.08292  -55.911  1.09822
 1.08307 -55.9029  1.09837
 1.08322 -55.8949  1.09852
 1.08337 -55.8869  1.09867
 1.08352 -55.8789  1.09882
 1.08367 -55.8709  1.09882
 1.08382 -55.8629  1.09897
 1.08397 -55.8549  1.09912
 1.08412 -55.8469  1.09927
 1.08427 -55.8389  1.09942
 1.08442 -55.8309  1.09957
 1.08457 -55.8229  1.09972
 1.08472 -55.8149  1.09987
 1.08487 -55.8069  1.10003
 1.08502 -55.7989  1.10018
 1.08517 -55.7909  1.10033
 1.08532  -55.783  1.10048
 1.08547  -55.775  1.10048
 1.08562  -55.767  1.10063
 1.08577  -55.759  1.10078
 1.08592 -55.7511  1.10093
 1.08607 -55.7431  1.10108
 1.08622 -55.7351  1.10123
 1.08637 -55.7272  1.10138
 1.08652 -55.7192  1.10153
 1.08667 -55.7113  1.10168
 1.08682 -55.7033  1.10183
 1.08697 -55.6954  1.10198
 1.08712 -55.6874  1.10213
 1.08727 -55.6795  1.10213
 1.08742 -55.6715  1.10228
 1.08757 -55.6636  1.10243
 1.08772 -55.6556  1.10258
 1.08787 -55.6477  1.10273
 1.08802 -55.6398  1.10288
 1.08817 -55.6318  1.10303
 1.08832 -55.6239  1.10318
 1.08847  -55.616  1.10333
 1.08862 -55.6081  1.10348
 1.08877 -55.6001  1.10363
 1.08892 -55.5922  1.10378
 1.08907 -55.5843  1.10378
 1.08922 -55.5764  1.10393
 1.08937 -55.5685  1.10408
 1.08952 -55.5606  1.10423
 1.08967 -55.5527  1.10438
 1.08982 -55.5448  1.10453
 1.08997 -55.5369  1.10468
 1.09012  -55.529  1.10483
 1.09027 -55.5211  1.10498
 1.09042 -55.5132  1.10513
 1.09057 -55.5053  1.10528
 1.09072 -55.4974  1.10528
 1.09087 -55.4895  1.10543
 1.09102 -55.4816  1.10558
 1.09117 -55.4737  1.10573
 1.09132 -55.4659  1.10588
 1.09147  -55.458  1.10603
 1.09162 -55.4501  1.10618
 1.09177 -55.4423  1.10633
 1.09192 -55.4344  1.10648
 1.09207 -55.4265  1.10663
 1.09222 -55.4187  1.10678
 1.09237 -55.4108  1.10693
 1.09252 -55.4029  1.10693
 1.09267 -55.3951  1.10708
 1.09282 -55.3872  1.10723
 1.09297 -55.3794  1.10738
 1.09312 -55.3715  1.10753
 1.09327 -55.3637  1.10768
 1.09342 -55.3559  1.10783
 1.09357  -55.348  1.10798
 1.09372 -55.3402  1.10813
 1.09387 -55.3323  1.10828
 1.09402 -55.3245  1.10843
 1.09417 -55.3167  1.10858
 1.09432 -55.3089  1.10858
 1.09447  -55.301  1.10873
 1.09462 -55.2932  1.10888
 1.09477 -55.2854  1.10903
 1.09492 -55.2776  1.10918
 1.09507 -55.2698  1.10933
 1.09522  -55.262  1.10948
 1.09537 -55.2542  1.10963
 1.09552 -55.2463  1.10978
 1.09567 -55.2385  1.10993
 1.09582 -55.2307  1.11008
 1.09597 -55.2229  1.11023
 1.09612 -55.2151  1.11023
 1.09627 -55.2074  1.11038
 1.09642 -55.1996  1.11053
 1.09657 -55.1918  1.11068
 1.09672  -55.184  1.11083
 1.09687 -55.1762  1.11098
 1.09702 -55.1684  1.11113
 1.09717 -55.1607  1.11128
 1.09732 -55.1529  1.11143
 1.09747 -55.1451  1.11158
 1.09762 -55.1373  1.11173
 1.09777 -55.1296  1.11173
 1.09792 -55.1218  1.11188
 1.09807  -55.114  1.11203
 1.09822 -55.1063  1.11218
 1.09837 -55.0985  1.11233
 1.09852 -55.0908  1.11248
 1.09867  -55.083  1.11263
 1.09882 -55.0753  1.11278
 1.09897 -55.0675  1.11293
 1.09912 -55.0598  1.11308
 1.09927  -55.052  1.11308
 1.09942 -55.0443  1.11323
 1.09957 -55.0366  1.11338
 1.09972 -55.0288  1.11353
 1.09987 -55.0211  1.11368
 1.10003 -55.0134  1.11383
 1.10018 -55.0057  1.11398
 1.10033 -54.9979  1.11413
 1.10048 -54.9902  1.11428
 1.10063 -54.9825  1.11443
 1.10078 -54.9748  1.11443
 1.10093 -54.9671  1.11458
 1.10108 -54.9594  1.11473
 1.10123 -54.9517  1.11488
 1.10138  -54.944  1.11503
 1.10153 -54.9363  1.11518
 1.10168 -54.9286  1.11533
 1.10183 -54.9209  1.11548
 1.10198 -54.9132  1.11563
 1.10213 -54.9055  1.11578
 1.10228 -54.8978  1.11578
 1.10243 -54.8901  1.11593
 1.10258 -54.8824  1.11608
 1.10273 -54.8748  1.11623
 1.10288 -54.8671  1.11638
 1.10303 -54.8594  1.11653
 1.10318 -54.8517  1.11668
 1.10333 -54.8441  1.11683
 1.10348 -54.8364  1.11698
 1.10363 -54.8288  1.11713
 1.10378 -54.8211  1.11713
 1.10393 -54.8134  1.11728
 1.10408 -54.8058  1.11743
 1.10423 -54.7981  1.11758
 1.10438 -54.7905  1.11773
 1.10453 -54.7828  1.11788
 1.10468 -54.7752  1.11803
 1.10483 -54.7676  1.11818
 1.10498 -54.7599  1.11818
 1.10513 -54.7523  1.11833
 1.10528 -54.7446  1.11848
 1.10543  -54.737  1.11863
 1.10558 -54.7294  1.11878
 1.10573 -54.7218  1.11893
 1.10588 -54.7141  1.11908
 1.10603 -54.7065  1.11923
 1.10618 -54.6989  1.11938
 1.10633 -54.6913  1.11953
 1.10648 -54.6837  1.11953
 1.10663 -54.6761  1.11968
 1.10678 -54.6685  1.11983
 1.10693 -54.6609  1.11998
 1.10708 -54.6533  1.12014
 1.10723 -54.6457  1.12029
 1.10738 -54.6381  1.12044
 1.10753 -54.6305  1.12059
 1.10768 -54.6229  1.12074
 1.10783 -54.6153  1.12074
 1.10798 -54.6078  1.12089
 1.10813 -54.6002  1.12104
 1.10828 -54.5926  1.12119
 1.10843  -54.585  1.12134
 1.10858 -54.5775  1.12149
 1.10873 -54.5699  1.12164
 1.10888 -54.5623  1.12179
 1.10903 -54.5548  1.12179
 1.10918 -54.5472  1.12194
 1.10933 -54.5396  1.12209
 1.10948 -54.5321  1.12224
 1.10963 -54.5245  1.12239
 1.10978  -54.517  1.12254
 1.10993 -54.5094  1.12269
 1.11008 -54.5019  1.12284
 1.11023 -54.4944  1.12299
 1.11038 -54.4868  1.12299
 1.11053 -54.4793  1.12314
 1.11068 -54.4718  1.12329
 1.11083 -54.4642  1.12344
 1.11098 -54.4567  1.12359
 1.11113 -54.4492  1.12374
 1.11128 -54.4417  1.12389
 1.11143 -54.4341  1.12404
 1.11158 -54.4266  1.12404
 1.11173 -54.4191  1.12419
 1.11188 -54.4116  1.12434
 1.11203 -54.4041  1.12449
 1.11218 -54.3966  1.12464
 1.11233 -54.3891  1.12479
 1.11248 -54.3816  1.12479
 1.11263 -54.3741  1.12494
 1.11278 -54.3666  1.12509
 1.11293 -54.3592  1.12524
 1.11308 -54.3517  1.12539
 1.11323 -54.3442  1.12539
 1.11338 -54.3367  1.12554
 1.11353 -54.3293  1.12569
 1.11368 -54.3218  1.12584
 1.11383 -54.3143  1.12599
 1.11398 -54.3069  1.12599
 1.11413 -54.2994  1.12614
 1.11428  -54.292  1.12629
 1.11443 -54.2845  1.12644
 1.11458 -54.2771  1.12659
 1.11473 -54.2697  1.12659
 1.11488 -54.2622  1.12674
 1.11503 -54.2548  1.12689
 1.11518 -54.2474  1.12704
 1.11533   -54.24  1.12719
 1.11548 -54.2325  1.12719
 1.11563 -54.2251  1.12734
 1.11578 -54.2177  1.12749
 1.11593 -54.2103  1.12764
 1.11608 -54.2029  1.12779
 1.11623 -54.1955  1.12779
 1.11638 -54.1881  1.12794
 1.11653 -54.1807  1.12809
 1.11668 -54.1733  1.12824
 1.11683 -54.1659  1.12839
 1.11698 -54.1586  1.12839
 1.11713 -54.1512  1.12854
 1.11728 -54.1438  1.12869
 1.11743 -54.1364  1.12884
 1.11758 -54.1291  1.12899
 1.11773 -54.1217  1.12899
 1.11788 -54.1143  1.12914
 1.11803  -54.107  1.12929
 1.11818 -54.0996  1.12944
 1.11833 -54.0923  1.12959
 1.11848 -54.0849  1.12959
 1.11863 -54.0776  1.12974
 1.11878 -54.0702  1.12989
 1.11893 -54.0629  1.13004
 1.11908 -54.0556  1.13019
 1.11923 -54.0483  1.13034
 1.11938 -54.0409  1.13034
 1.11953 -54.0336  1.13049
 1.11968 -54.0263  1.13064
 1.11983  -54.019  1.13079
 1.11998 -54.0117  1.13094
 1.12014 -54.0044  1.13094
 1.12029 -53.9971  1.13109
 1.12044 -53.9898  1.13124
 1.12059 -53.9825  1.13139
 1.12074 -53.9752  1.13154
 1.12089 -53.9679  1.13154
 1.12104 -53.9606  1.13169
 1.12119 -53.9533  1.13184
 1.12134  -53.946  1.13199
 1.12149 -53.9388  1.13214
 1.12164 -53.9315  1.13214
 1.12179 -53.9242  1.13229
 1.12194  -53.917  1.13244
 1.12209 -53.9097  1.13259
 1.12224 -53.9025  1.13274
 1.12239 -53.8952  1.13274
 1.12254  -53.888  1.13289
 1.12269 -53.8807  1.13304
 1.12284 -53.8735  1.13319
 1.12299 -53.8662  1.13334
 1.12314  -53.859  1.13334
 1.12329 -53.8518  1.13349
 1.12344 -53.8445  1.13364
 1.12359 -53.8373  1.13379
 1.12374 -53.8301  1.13394
 1.12389 -53.8229  1.13394
 1.12404 -53.8157  1.13409
 1.12419 -53.8085  1.13424
 1.12434 -53.8013  1.13439
 1.12449 -53.7941  1.13454
 1.12464 -53.7869  1.13454
 1.12479 -53.7797  1.13469
 1.12494 -53.7725  1.13484
 1.12509 -53.7653  1.13499
 1.12524 -53.7581  1.13514
 1.12539 -53.7509  1.13514
 1.12554 -53.7437  1.13529
 1.12569 -53.7366  1.13544
 1.12584 -53.7294  1.13559
 1.12599 -53.7222  1.13574
 1.12614 -53.7151  1.13574
 1.12629 -53.7079  1.13589
 1.12644 -53.7008  1.13604
 1.12659 -53.6936  1.13619
 1.12674 -53.6865  1.13634
 1.12689 -53.6793  1.13634
 1.12704 -53.6722  1.13649
 1.12719  -53.665  1.13664
 1.12734 -53.6579  1.13679
 1.12749 -53.6508  1.13694
 1.12764 -53.6437  1.13694
 1.12779 -53.6365  1.13709
 1.12794 -53.6294  1.13724
 1.12809 -53.6223  1.13739
 1.12824 -53.6152  1.13754
 1.12839 -53.6081  1.13754
 1.12854  -53.601  1.13769
 1.12869 -53.5939  1.13784
 1.12884 -53.5868  1.13799
 1.12899 -53.5797  1.13814
 1.12914 -53.5726  1.13814
 1.12929 -53.5655  1.13829
 1.12944 -53.5584  1.13844
 1.12959 -53.5513  1.13859
 1.12974 -53.5443  1.13874
 1.12989 -53.5372  1.13874
 1.13004 -53.5301  1.13889
 1.13019 -53.5231  1.13904
 1.13034  -53.516  1.13919
 1.13049 -53.5089  1.13919
 1.13064 -53.5019  1.13934
 1.13079 -53.4948  1.13949
 1.13094 -53.4878  1.13964
 1.13109 -53.4807  1.13979
 1.13124 -53.4737  1.13979
 1.13139 -53.4667  1.13994
 1.13154 -53.4596   1.1401
 1.13169 -53.4526  1.14025
 1.13184 -53.4456   1.1404
 1.13199 -53.4386   1.1404
 1.13214 -53.4315  1.14055
 1.13229 -53.4245   1.1407
 1.13244 -53.4175  1.14085
 1.13259 -53.4105    1.141
 1.13274 -53.4035    1.141
 1.13289 -53.3965  1.14115
 1.13304 -53.3895   1.1413
 1.13319 -53.3825  1.14145
 1.13334 -53.3755   1.1416
 1.13349 -53.3685   1.1416
 1.13364 -53.3616  1.14175
 1.13379 -53.3546   1.1419
 1.13394 -53.3476  1.14205
 1.13409 -53.3406  1.14205
 1.13424 -53.3337   1.1422
 1.13439 -53.3267  1.14235
 1.13454 -53.3197   1.1425
 1.13469 -53.3128  1.14265
 1.13484 -53.3058  1.14265
 1.13499 -53.2989   1.1428
 1.13514 -53.2919  1.14295
 1.13529  -53.285   1.1431
 1.13544  -53.278  1.14325
 1.13559 -53.2711  1.14325
 1.13574 -53.2642   1.1434
 1.13589 -53.2572  1.14355
 1.13604 -53.2503   1.1437
 1.13619 -53.2434  1.14385
 1.13634 -53.2365  1.14385
 1.13649 -53.2295    1.144
 1.13664 -53.2226  1.14415
 1.13679 -53.2157   1.1443
 1.13694 -53.2088  1.14445
 1.13709 -53.2019  1.14445
 1.13724  -53.195   1.1446
 1.13739 -53.1881  1.14475
 1.13754 -53.1812   1.1449
 1.13769 -53.1743   1.1449
 1.13784 -53.1675  1.14505
 1.13799 -53.1606   1.1452
 1.13814 -53.1537   1.1452
 1.13829 -53.1468  1.14535
 1.13844   -53.14   1.1455
 1.13859 -53.1331  1.14565
 1.13874 -53.1263  1.14565
 1.13889 -53.1194   1.1458
 1.13904 -53.1126  1.14595
 1.13919 -53.1057   1.1461
 1.13934 -53.0989   1.1461
 1.13949  -53.092  1.14625
 1.13964 -53.0852   1.1464
 1.13979 -53.0784   1.1464
 1.13994 -53.0715  1.14655
  1.1401 -53.0647   1.1467
 1.14025 -53.0579  1.14685
  1.1404 -53.0511  1.14685
 1.14055 -53.0443    1.147
  1.1407 -53.0375  1.14715
 1.14085 -53.0307  1.14715
   1.141 -53.0239   1.1473
 1.14115 -53.0171  1.14745
  1.1413 -53.0103   1.1476
 1.14145 -53.0035   1.1476
  1.1416 -52.9968  1.14775
 1.14175   -52.99   1.1479
  1.1419 -52.9832  1.14805
 1.14205 -52.9765  1.14805
  1.1422 -52.9697   1.1482
 1.14235 -52.9629  1.14835
  1.1425 -52.9562  1.14835
 1.14265 -52.9494   1.1485
  1.1428 -52.9427  1.14865
 1.14295  -52.936   1.1488
  1.1431 -52.9292   1.1488
 1.14325 -52.9225  1.14895
  1.1434 -52.9158   1.1491
 1.14355  -52.909  1.14925
  1.1437 -52.9023  1.14925
 1.14385 -52.8956   1.1494
   1.144 -52.8889  1.14955
 1.14415 -52.8822  1.14955
  1.1443 -52.8755   1.1497
 1.14445 -52.8688  1.14985
  1.1446 -52.8621     1.15
 1.14475 -52.8554     1.15
  1.1449 -52.8487     1.15
 1.14505  -52.842     1.15
  1.1452 -52.8354     1.15
 1.14535 -52.8287     1.15
  1.1455 -52.8221     1.15
 1.14565 -52.8155     1.15
  1.1458 -52.8089     1.15
 1.14595 -52.8023     1.15
  1.1461 -52.7957     1.15
 1.14625 -52.7891     1.15
  1.1464 -52.7825     1.15
 1.14655  -52.776     1.15
  1.1467 -52.7695     1.15
 1.14685 -52.7629     1.15
   1.147 -52.7564     1.15
 1.14715 -52.7499     1.15
  1.1473 -52.7434     1.15
 1.14745 -52.7369     1.15
  1.1476 -52.7304     1.15
 1.14775  -52.724     1.15
  1.1479 -52.7175     1.15
 1.14805 -52.7111     1.15
  1.1482 -52.7047     1.15
 1.14835 -52.6982     1.15
  1.1485 -52.6918     1.15
 1.14865 -52.6854     1.15
  1.1488  -52.679     1.15
 1.14895 -52.6727     1.15
  1.1491 -52.6663     1.15
 1.14925   -52.66     1.15
  1.1494 -52.6536     1.15
 1.14955 -52.6473     1.15
  1.1497  -52.641     1.15
 1.14985 -52.6347     1.15
    1.15 -52.6284     1.15