 kgrid  ValNew  Policy 
    0.85 -71.7179 0.895173
 0.85015 -71.7055 0.895323
  0.8503  -71.693 0.895473
 0.85045 -71.6806 0.895623
  0.8506 -71.6682 0.895623
 0.85075 -71.6558 0.895773
  0.8509 -71.6434 0.895923
0.851051  -71.631 0.896073
0.851201 -71.6187 0.896223
0.851351 -71.6063 0.896373
0.851501 -71.5939 0.896523
0.851651 -71.5815 0.896673
0.851801 -71.5692 0.896823
0.851951 -71.5568 0.896973
0.852101 -71.5445 0.897124
0.852251 -71.5321 0.897274
0.852401 -71.5198 0.897274
0.852551 -71.5074 0.897424
0.852701 -71.4951 0.897574
0.852851 -71.4828 0.897724
0.853002 -71.4704 0.897874
0.853152 -71.4581 0.898024
0.853302 -71.4458 0.898174
0.853452 -71.4335 0.898324
0.853602 -71.4212 0.898474
0.853752 -71.4089 0.898624
0.853902 -71.3966 0.898774
0.854052 -71.3843 0.898924
0.854202  -71.372 0.898924
0.854352 -71.3597 0.899075
0.854502 -71.3475 0.899225
0.854652 -71.3352 0.899375
0.854802 -71.3229 0.899525
0.854952 -71.3107 0.899675
0.855103 -71.2984 0.899825
0.855253 -71.2862 0.899975
0.855403 -71.2739 0.900125
0.855553 -71.2617 0.900275
0.855703 -71.2494 0.900425
0.855853 -71.2372 0.900575
0.856003  -71.225 0.900725
0.856153 -71.2127 0.900875
0.856303 -71.2005 0.901026
0.856453 -71.1883 0.901176
0.856603 -71.1761 0.901176
0.856753 -71.1639 0.901326
0.856903 -71.1517 0.901476
0.857054 -71.1395 0.901626
0.857204 -71.1273 0.901776
0.857354 -71.1151 0.901926
0.857504 -71.1029 0.902076
0.857654 -71.0907 0.902226
0.857804 -71.0786 0.902376
0.857954 -71.0664 0.902526
0.858104 -71.0542 0.902676
0.858254 -71.0421 0.902826
0.858404 -71.0299 0.902976
0.858554 -71.0177 0.903127
0.858704 -71.0056 0.903277
0.858854 -70.9935 0.903427
0.859005 -70.9813 0.903427
0.859155 -70.9692 0.903577
0.859305  -70.957 0.903727
0.859455 -70.9449 0.903877
0.859605 -70.9328 0.904027
0.859755 -70.9207 0.904177
0.859905 -70.9086 0.904327
0.860055 -70.8965 0.904477
0.860205 -70.8843 0.904627
0.860355 -70.8722 0.904777
0.860505 -70.8602 0.904927
0.860655 -70.8481 0.905078
0.860805  -70.836 0.905228
0.860955 -70.8239 0.905378
0.861106 -70.8118 0.905528
0.861256 -70.7997 0.905678
0.861406 -70.7877 0.905678
0.861556 -70.7756 0.905828
0.861706 -70.7635 0.905978
0.861856 -70.7515 0.906128
0.862006 -70.7394 0.906278
0.862156 -70.7274 0.906428
0.862306 -70.7153 0.906578
0.862456 -70.7033 0.906728
0.862606 -70.6913 0.906878
0.862756 -70.6792 0.907029
0.862906 -70.6672 0.907179
0.863057 -70.6552 0.907329
0.863207 -70.6432 0.907479
0.863357 -70.6312 0.907629
0.863507 -70.6191 0.907779
0.863657 -70.6071 0.907929
0.863807 -70.5951 0.908079
0.863957 -70.5831 0.908079
0.864107 -70.5712 0.908229
0.864257 -70.5592 0.908379
0.864407 -70.5472 0.908529
0.864557 -70.5352 0.908679
0.864707 -70.5232 0.908829
0.864857 -70.5113 0.908979
0.865008 -70.4993  0.90913
0.865158 -70.4873  0.90928
0.865308 -70.4754  0.90943
0.865458 -70.4634  0.90958
0.865608 -70.4515  0.90973
0.865758 -70.4395  0.90988
0.865908 -70.4276  0.91003
0.866058 -70.4156  0.91018
0.866208 -70.4037  0.91033
0.866358 -70.3918  0.91048
0.866508 -70.3799  0.91063
0.866658 -70.3679  0.91063
0.866808  -70.356  0.91078
0.866958 -70.3441  0.91093
0.867109 -70.3322 0.911081
0.867259 -70.3203 0.911231
0.867409 -70.3084 0.911381
0.867559 -70.2965 0.911531
0.867709 -70.2846 0.911681
0.867859 -70.2727 0.911831
0.868009 -70.2609 0.911981
0.868159  -70.249 0.912131
0.868309 -70.2371 0.912281
0.868459 -70.2252 0.912431
0.868609 -70.2134 0.912581
0.868759 -70.2015 0.912731
0.868909 -70.1896 0.912881
 0.86906 -70.1778 0.913032
 0.86921 -70.1659 0.913182
 0.86936 -70.1541 0.913182
 0.86951 -70.1423 0.913332
 0.86966 -70.1304 0.913482
 0.86981 -70.1186 0.913632
 0.86996 -70.1068 0.913782
 0.87011 -70.0949 0.913932
 0.87026 -70.0831 0.914082
 0.87041 -70.0713 0.914232
 0.87056 -70.0595 0.914382
 0.87071 -70.0477 0.914532
 0.87086 -70.0359 0.914682
0.871011 -70.0241 0.914832
0.871161 -70.0123 0.914982
0.871311 -70.0005 0.915133
0.871461 -69.9887 0.915283
0.871611 -69.9769 0.915433
0.871761 -69.9651 0.915583
0.871911 -69.9534 0.915733
0.872061 -69.9416 0.915883
0.872211 -69.9298 0.916033
0.872361  -69.918 0.916033
0.872511 -69.9063 0.916183
0.872661 -69.8945 0.916333
0.872811 -69.8828 0.916483
0.872961  -69.871 0.916633
0.873112 -69.8593 0.916783
0.873262 -69.8475 0.916933
0.873412 -69.8358 0.917084
0.873562 -69.8241 0.917234
0.873712 -69.8124 0.917384
0.873862 -69.8006 0.917534
0.874012 -69.7889 0.917684
0.874162 -69.7772 0.917834
0.874312 -69.7655 0.917984
0.874462 -69.7538 0.918134
0.874612 -69.7421 0.918284
0.874762 -69.7304 0.918434
0.874912 -69.7187 0.918584
0.875063  -69.707 0.918734
0.875213 -69.6953 0.918734
0.875363 -69.6836 0.918884
0.875513 -69.6719 0.919035
0.875663 -69.6603 0.919185
0.875813 -69.6486 0.919335
0.875963 -69.6369 0.919485
0.876113 -69.6252 0.919635
0.876263 -69.6136 0.919785
0.876413 -69.6019 0.919935
0.876563 -69.5903 0.920085
0.876713 -69.5786 0.920235
0.876863  -69.567 0.920385
0.877014 -69.5553 0.920535
0.877164 -69.5437 0.920685
0.877314 -69.5321 0.920835
0.877464 -69.5204 0.920985
0.877614 -69.5088 0.921136
0.877764 -69.4972 0.921286
0.877914 -69.4856 0.921436
0.878064  -69.474 0.921586
0.878214 -69.4624 0.921586
0.878364 -69.4508 0.921736
0.878514 -69.4392 0.921886
0.878664 -69.4276 0.922036
0.878814  -69.416 0.922186
0.878964 -69.4044 0.922336
0.879115 -69.3928 0.922486
0.879265 -69.3812 0.922636
0.879415 -69.3696 0.922786
0.879565 -69.3581 0.922936
0.879715 -69.3465 0.923087
0.879865 -69.3349 0.923237
0.880015 -69.3234 0.923387
0.880165 -69.3118 0.923537
0.880315 -69.3002 0.923687
0.880465 -69.2887 0.923837
0.880615 -69.2771 0.923987
0.880765 -69.2656 0.924137
0.880915 -69.2541 0.924287
0.881066 -69.2425 0.924437
0.881216  -69.231 0.924587
0.881366 -69.2195 0.924587
0.881516 -69.2079 0.924737
0.881666 -69.1964 0.924887
0.881816 -69.1849 0.925038
0.881966 -69.1734 0.925188
0.882116 -69.1619 0.925338
0.882266 -69.1504 0.925488
0.882416 -69.1389 0.925638
0.882566 -69.1274 0.925788
0.882716 -69.1159 0.925938
0.882866 -69.1044 0.926088
0.883017 -69.0929 0.926238
0.883167 -69.0814 0.926388
0.883317 -69.0699 0.926538
0.883467 -69.0585 0.926688
0.883617  -69.047 0.926838
0.883767 -69.0355 0.926988
0.883917 -69.0241 0.927139
0.884067 -69.0126 0.927289
0.884217 -69.0012 0.927439
0.884367 -68.9897 0.927589
0.884517 -68.9783 0.927589
0.884667 -68.9668 0.927739
0.884817 -68.9554 0.927889
0.884967 -68.9439 0.928039
0.885118 -68.9325 0.928189
0.885268 -68.9211 0.928339
0.885418 -68.9096 0.928489
0.885568 -68.8982 0.928639
0.885718 -68.8868 0.928789
0.885868 -68.8754 0.928939
0.886018  -68.864  0.92909
0.886168 -68.8526  0.92924
0.886318 -68.8412  0.92939
0.886468 -68.8298  0.92954
0.886618 -68.8184  0.92969
0.886768  -68.807  0.92984
0.886918 -68.7956  0.92999
0.887069 -68.7842  0.93014
0.887219 -68.7728  0.93029
0.887369 -68.7615  0.93044
0.887519 -68.7501  0.93059
0.887669 -68.7387  0.93074
0.887819 -68.7274  0.93074
0.887969  -68.716  0.93089
0.888119 -68.7046 0.931041
0.888269 -68.6933 0.931191
0.888419 -68.6819 0.931341
0.888569 -68.6706 0.931491
0.888719 -68.6592 0.931641
0.888869 -68.6479 0.931791
 0.88902 -68.6366 0.931941
 0.88917 -68.6252 0.932091
 0.88932 -68.6139 0.932241
 0.88947 -68.6026 0.932391
 0.88962 -68.5912 0.932541
 0.88977 -68.5799 0.932691
 0.88992 -68.5686 0.932841
 0.89007 -68.5573 0.932991
 0.89022  -68.546 0.933142
 0.89037 -68.5347 0.933292
 0.89052 -68.5234 0.933442
 0.89067 -68.5121 0.933592
 0.89082 -68.5008 0.933742
 0.89097 -68.4895 0.933892
0.891121 -68.4782 0.934042
0.891271 -68.4669 0.934042
0.891421 -68.4557 0.934192
0.891571 -68.4444 0.934342
0.891721 -68.4331 0.934492
0.891871 -68.4219 0.934642
0.892021 -68.4106 0.934792
0.892171 -68.3993 0.934942
0.892321 -68.3881 0.935093
0.892471 -68.3768 0.935243
0.892621 -68.3656 0.935393
0.892771 -68.3543 0.935543
0.892921 -68.3431 0.935693
0.893072 -68.3318 0.935843
0.893222 -68.3206 0.935993
0.893372 -68.3094 0.936143
0.893522 -68.2981 0.936293
0.893672 -68.2869 0.936443
0.893822 -68.2757 0.936593
0.893972 -68.2645 0.936743
0.894122 -68.2533 0.936893
0.894272 -68.2421 0.937044
0.894422 -68.2309 0.937194
0.894572 -68.2197 0.937344
0.894722 -68.2085 0.937344
0.894872 -68.1973 0.937494
0.895023 -68.1861 0.937644
0.895173 -68.1749 0.937794
0.895323 -68.1637 0.937944
0.895473 -68.1525 0.938094
0.895623 -68.1413 0.938244
0.895773 -68.1302 0.938394
0.895923  -68.119 0.938544
0.896073 -68.1078 0.938694
0.896223 -68.0967 0.938844
0.896373 -68.0855 0.938994
0.896523 -68.0743 0.939145
0.896673 -68.0632 0.939295
0.896823  -68.052 0.939445
0.896973 -68.0409 0.939595
0.897124 -68.0297 0.939745
0.897274 -68.0186 0.939895
0.897424 -68.0075 0.940045
0.897574 -67.9963 0.940195
0.897724 -67.9852 0.940345
0.897874 -67.9741 0.940495
0.898024  -67.963 0.940645
0.898174 -67.9518 0.940795
0.898324 -67.9407 0.940945
0.898474 -67.9296 0.940945
0.898624 -67.9185 0.941096
0.898774 -67.9074 0.941246
0.898924 -67.8963 0.941396
0.899075 -67.8852 0.941546
0.899225 -67.8741 0.941696
0.899375  -67.863 0.941846
0.899525 -67.8519 0.941996
0.899675 -67.8408 0.942146
0.899825 -67.8298 0.942296
0.899975 -67.8187 0.942446
0.900125 -67.8076 0.942596
0.900275 -67.7966 0.942746
0.900425 -67.7855 0.942896
0.900575 -67.7744 0.943047
0.900725 -67.7634 0.943197
0.900875 -67.7523 0.943347
0.901026 -67.7413 0.943497
0.901176 -67.7302 0.943647
0.901326 -67.7192 0.943797
0.901476 -67.7081 0.943947
0.901626 -67.6971 0.944097
0.901776  -67.686 0.944247
0.901926  -67.675 0.944397
0.902076  -67.664 0.944547
0.902226  -67.653 0.944547
0.902376 -67.6419 0.944697
0.902526 -67.6309 0.944847
0.902676 -67.6199 0.944997
0.902826 -67.6089 0.945148
0.902976 -67.5979 0.945298
0.903127 -67.5869 0.945448
0.903277 -67.5759 0.945598
0.903427 -67.5649 0.945748
0.903577 -67.5539 0.945898
0.903727 -67.5429 0.946048
0.903877 -67.5319 0.946198
0.904027 -67.5209 0.946348
0.904177 -67.5099 0.946498
0.904327  -67.499 0.946648
0.904477  -67.488 0.946798
0.904627  -67.477 0.946948
0.904777 -67.4661 0.947099
0.904927 -67.4551 0.947249
0.905078 -67.4441 0.947399
0.905228 -67.4332 0.947549
0.905378 -67.4222 0.947699
0.905528 -67.4113 0.947849
0.905678 -67.4003 0.947999
0.905828 -67.3894 0.948149
0.905978 -67.3785 0.948149
0.906128 -67.3675 0.948299
0.906278 -67.3566 0.948449
0.906428 -67.3457 0.948599
0.906578 -67.3347 0.948749
0.906728 -67.3238 0.948899
0.906878 -67.3129  0.94905
0.907029  -67.302   0.9492
0.907179 -67.2911  0.94935
0.907329 -67.2801   0.9495
0.907479 -67.2692  0.94965
0.907629 -67.2583   0.9498
0.907779 -67.2474  0.94995
0.907929 -67.2365   0.9501
0.908079 -67.2256  0.95025
0.908229 -67.2148   0.9504
0.908379 -67.2039  0.95055
0.908529  -67.193   0.9507
0.908679 -67.1821  0.95085
0.908829 -67.1712 0.951001
0.908979 -67.1604 0.951151
 0.90913 -67.1495 0.951301
 0.90928 -67.1386 0.951451
 0.90943 -67.1278 0.951601
 0.90958 -67.1169 0.951751
 0.90973 -67.1061 0.951901
 0.90988 -67.0952 0.952051
 0.91003 -67.0843 0.952051
 0.91018 -67.0735 0.952201
 0.91033 -67.0627 0.952351
 0.91048 -67.0518 0.952501
 0.91063  -67.041 0.952651
 0.91078 -67.0302 0.952801
 0.91093 -67.0193 0.952951
0.911081 -67.0085 0.953102
0.911231 -66.9977 0.953252
0.911381 -66.9869 0.953402
0.911531  -66.976 0.953552
0.911681 -66.9652 0.953702
0.911831 -66.9544 0.953852
0.911981 -66.9436 0.954002
0.912131 -66.9328 0.954152
0.912281  -66.922 0.954302
0.912431 -66.9112 0.954452
0.912581 -66.9004 0.954602
0.912731 -66.8896 0.954752
0.912881 -66.8788 0.954902
0.913032 -66.8681 0.955053
0.913182 -66.8573 0.955203
0.913332 -66.8465 0.955353
0.913482 -66.8357 0.955503
0.913632  -66.825 0.955653
0.913782 -66.8142 0.955803
0.913932 -66.8034 0.955803
0.914082 -66.7927 0.955953
0.914232 -66.7819 0.956103
0.914382 -66.7712 0.956253
0.914532 -66.7604 0.956403
0.914682 -66.7497 0.956553
0.914832 -66.7389 0.956703
0.914982 -66.7282 0.956853
0.915133 -66.7174 0.957004
0.915283 -66.7067 0.957154
0.915433  -66.696 0.957304
0.915583 -66.6852 0.957454
0.915733 -66.6745 0.957604
0.915883 -66.6638 0.957754
0.916033 -66.6531 0.957904
0.916183 -66.6424 0.958054
0.916333 -66.6317 0.958204
0.916483 -66.6209 0.958354
0.916633 -66.6102 0.958504
0.916783 -66.5995 0.958654
0.916933 -66.5888 0.958804
0.917084 -66.5781 0.958954
0.917234 -66.5675 0.959105
0.917384 -66.5568 0.959255
0.917534 -66.5461 0.959405
0.917684 -66.5354 0.959555
0.917834 -66.5247 0.959555
0.917984  -66.514 0.959705
0.918134 -66.5034 0.959855
0.918284 -66.4927 0.960005
0.918434  -66.482 0.960155
0.918584 -66.4714 0.960305
0.918734 -66.4607 0.960455
0.918884 -66.4501 0.960605
0.919035 -66.4394 0.960755
0.919185 -66.4287 0.960905
0.919335 -66.4181 0.961056
0.919485 -66.4075 0.961206
0.919635 -66.3968 0.961356
0.919785 -66.3862 0.961506
0.919935 -66.3755 0.961656
0.920085 -66.3649 0.961806
0.920235 -66.3543 0.961956
0.920385 -66.3437 0.962106
0.920535  -66.333 0.962256
0.920685 -66.3224 0.962406
0.920835 -66.3118 0.962556
0.920985 -66.3012 0.962706
0.921136 -66.2906 0.962856
0.921286   -66.28 0.963007
0.921436 -66.2694 0.963157
0.921586 -66.2588 0.963307
0.921736 -66.2482 0.963457
0.921886 -66.2376 0.963457
0.922036  -66.227 0.963607
0.922186 -66.2164 0.963757
0.922336 -66.2058 0.963907
0.922486 -66.1953 0.964057
0.922636 -66.1847 0.964207
0.922786 -66.1741 0.964357
0.922936 -66.1635 0.964507
0.923087  -66.153 0.964657
0.923237 -66.1424 0.964807
0.923387 -66.1318 0.964957
0.923537 -66.1213 0.965108
0.923687 -66.1107 0.965258
0.923837 -66.1002 0.965408
0.923987 -66.0896 0.965558
0.924137 -66.0791 0.965708
0.924287 -66.0685 0.965858
0.924437  -66.058 0.966008
0.924587 -66.0475 0.966158
0.924737 -66.0369 0.966308
0.924887 -66.0264 0.966458
0.925038 -66.0159 0.966608
0.925188 -66.0053 0.966758
0.925338 -65.9948 0.966908
0.925488 -65.9843 0.967059
0.925638 -65.9738 0.967209
0.925788 -65.9633 0.967359
0.925938 -65.9528 0.967509
0.926088 -65.9423 0.967509
0.926238 -65.9318 0.967659
0.926388 -65.9213 0.967809
0.926538 -65.9108 0.967959
0.926688 -65.9003 0.968109
0.926838 -65.8898 0.968259
0.926988 -65.8793 0.968409
0.927139 -65.8688 0.968559
0.927289 -65.8584 0.968709
0.927439 -65.8479 0.968859
0.927589 -65.8374  0.96901
0.927739 -65.8269  0.96916
0.927889 -65.8165  0.96931
0.928039  -65.806  0.96946
0.928189 -65.7955  0.96961
0.928339 -65.7851  0.96976
0.928489 -65.7746  0.96991
0.928639 -65.7642  0.97006
0.928789 -65.7537  0.97021
0.928939 -65.7433  0.97036
 0.92909 -65.7328  0.97051
 0.92924 -65.7224  0.97066
 0.92939  -65.712  0.97081
 0.92954 -65.7015  0.97096
 0.92969 -65.6911 0.971111
 0.92984 -65.6807 0.971261
 0.92999 -65.6702 0.971411
 0.93014 -65.6598 0.971561
 0.93029 -65.6494 0.971561
 0.93044  -65.639 0.971711
 0.93059 -65.6286 0.971861
 0.93074 -65.6182 0.972011
 0.93089 -65.6078 0.972161
0.931041 -65.5974 0.972311
0.931191  -65.587 0.972461
0.931341 -65.5766 0.972611
0.931491 -65.5662 0.972761
0.931641 -65.5558 0.972911
0.931791 -65.5454 0.973062
0.931941  -65.535 0.973212
0.932091 -65.5246 0.973362
0.932241 -65.5143 0.973512
0.932391 -65.5039 0.973662
0.932541 -65.4935 0.973812
0.932691 -65.4831 0.973962
0.932841 -65.4728 0.974112
0.932991 -65.4624 0.974262
0.933142 -65.4521 0.974412
0.933292 -65.4417 0.974562
0.933442 -65.4313 0.974712
0.933592  -65.421 0.974862
0.933742 -65.4106 0.975013
0.933892 -65.4003 0.975163
0.934042   -65.39 0.975313
0.934192 -65.3796 0.975463
0.934342 -65.3693 0.975613
0.934492  -65.359 0.975613
0.934642 -65.3486 0.975763
0.934792 -65.3383 0.975913
0.934942  -65.328 0.976063
0.935093 -65.3177 0.976213
0.935243 -65.3073 0.976363
0.935393  -65.297 0.976513
0.935543 -65.2867 0.976663
0.935693 -65.2764 0.976813
0.935843 -65.2661 0.976963
0.935993 -65.2558 0.977114
0.936143 -65.2455 0.977264
0.936293 -65.2352 0.977414
0.936443 -65.2249 0.977564
0.936593 -65.2146 0.977714
0.936743 -65.2043 0.977864
0.936893  -65.194 0.978014
0.937044 -65.1838 0.978164
0.937194 -65.1735 0.978314
0.937344 -65.1632 0.978464
0.937494 -65.1529 0.978614
0.937644 -65.1427 0.978764
0.937794 -65.1324 0.978914
0.937944 -65.1221 0.979065
0.938094 -65.1119 0.979215
0.938244 -65.1016 0.979365
0.938394 -65.0914 0.979515
0.938544 -65.0811 0.979665
0.938694 -65.0709 0.979665
0.938844 -65.0606 0.979815
0.938994 -65.0504 0.979965
0.939145 -65.0402 0.980115
0.939295 -65.0299 0.980265
0.939445 -65.0197 0.980415
0.939595 -65.0095 0.980565
0.939745 -64.9992 0.980715
0.939895  -64.989 0.980865
0.940045 -64.9788 0.981016
0.940195 -64.9686 0.981166
0.940345 -64.9584 0.981316
0.940495 -64.9481 0.981466
0.940645 -64.9379 0.981616
0.940795 -64.9277 0.981766
0.940945 -64.9175 0.981916
0.941096 -64.9073 0.982066
0.941246 -64.8971 0.982216
0.941396 -64.8869 0.982366
0.941546 -64.8767 0.982516
0.941696 -64.8666 0.982666
0.941846 -64.8564 0.982816
0.941996 -64.8462 0.982966
0.942146  -64.836 0.983117
0.942296 -64.8258 0.983267
0.942446 -64.8157 0.983417
0.942596 -64.8055 0.983567
0.942746 -64.7953 0.983717
0.942896 -64.7852 0.983867
0.943047  -64.775 0.983867
0.943197 -64.7648 0.984017
0.943347 -64.7547 0.984167
0.943497 -64.7445 0.984317
0.943647 -64.7344 0.984467
0.943797 -64.7242 0.984617
0.943947 -64.7141 0.984767
0.944097 -64.7039 0.984917
0.944247 -64.6938 0.985068
0.944397 -64.6837 0.985218
0.944547 -64.6735 0.985368
0.944697 -64.6634 0.985518
0.944847 -64.6533 0.985668
0.944997 -64.6432 0.985818
0.945148  -64.633 0.985968
0.945298 -64.6229 0.986118
0.945448 -64.6128 0.986268
0.945598 -64.6027 0.986418
0.945748 -64.5926 0.986568
0.945898 -64.5825 0.986718
0.946048 -64.5724 0.986868
0.946198 -64.5623 0.987019
0.946348 -64.5522 0.987169
0.946498 -64.5421 0.987319
0.946648  -64.532 0.987469
0.946798 -64.5219 0.987619
0.946948 -64.5118 0.987769
0.947099 -64.5017 0.987919
0.947249 -64.4917 0.987919
0.947399 -64.4816 0.988069
0.947549 -64.4715 0.988219
0.947699 -64.4614 0.988369
0.947849 -64.4514 0.988519
0.947999 -64.4413 0.988669
0.948149 -64.4312 0.988819
0.948299 -64.4212 0.988969
0.948449 -64.4111  0.98912
0.948599 -64.4011  0.98927
0.948749  -64.391  0.98942
0.948899  -64.381  0.98957
 0.94905 -64.3709  0.98972
  0.9492 -64.3609  0.98987
 0.94935 -64.3509  0.99002
  0.9495 -64.3408  0.99017
 0.94965 -64.3308  0.99032
  0.9498 -64.3208  0.99047
 0.94995 -64.3107  0.99062
  0.9501 -64.3007  0.99077
 0.95025 -64.2907  0.99092
  0.9504 -64.2807 0.991071
 0.95055 -64.2706 0.991221
  0.9507 -64.2606 0.991371
 0.95085 -64.2506 0.991521
0.951001 -64.2406 0.991671
0.951151 -64.2306 0.991821
0.951301 -64.2206 0.991971
0.951451 -64.2106 0.992121
0.951601 -64.2006 0.992121
0.951751 -64.1906 0.992271
0.951901 -64.1806 0.992421
0.952051 -64.1706 0.992571
0.952201 -64.1607 0.992721
0.952351 -64.1507 0.992871
0.952501 -64.1407 0.993022
0.952651 -64.1307 0.993172
0.952801 -64.1208 0.993322
0.952951 -64.1108 0.993472
0.953102 -64.1008 0.993622
0.953252 -64.0909 0.993772
0.953402 -64.0809 0.993922
0.953552 -64.0709 0.994072
0.953702  -64.061 0.994222
0.953852  -64.051 0.994372
0.954002 -64.0411 0.994522
0.954152 -64.0311 0.994672
0.954302 -64.0212 0.994822
0.954452 -64.0112 0.994972
0.954602 -64.0013 0.995123
0.954752 -63.9914 0.995273
0.954902 -63.9814 0.995423
0.955053 -63.9715 0.995573
0.955203 -63.9616 0.995723
0.955353 -63.9517 0.995873
0.955503 -63.9417 0.996023
0.955653 -63.9318 0.996173
0.955803 -63.9219 0.996323
0.955953  -63.912 0.996323
0.956103 -63.9021 0.996473
0.956253 -63.8922 0.996623
0.956403 -63.8823 0.996773
0.956553 -63.8724 0.996923
0.956703 -63.8625 0.997074
0.956853 -63.8526 0.997224
0.957004 -63.8427 0.997374
0.957154 -63.8328 0.997524
0.957304 -63.8229 0.997674
0.957454  -63.813 0.997824
0.957604 -63.8031 0.997974
0.957754 -63.7933 0.998124
0.957904 -63.7834 0.998274
0.958054 -63.7735 0.998424
0.958204 -63.7636 0.998574
0.958354 -63.7538 0.998724
0.958504 -63.7439 0.998874
0.958654  -63.734 0.999025
0.958804 -63.7242 0.999175
0.958954 -63.7143 0.999325
0.959105 -63.7045 0.999475
0.959255 -63.6946 0.999625
0.959405 -63.6848 0.999775
0.959555 -63.6749 0.999925
0.959705 -63.6651  1.00008
0.959855 -63.6553  1.00023
0.960005 -63.6454  1.00038
0.960155 -63.6356  1.00038
0.960305 -63.6258  1.00053
0.960455 -63.6159  1.00068
0.960605 -63.6061  1.00083
0.960755 -63.5963  1.00098
0.960905 -63.5865  1.00113
0.961056 -63.5766  1.00128
0.961206 -63.5668  1.00143
0.961356  -63.557  1.00158
0.961506 -63.5472  1.00173
0.961656 -63.5374  1.00188
0.961806 -63.5276  1.00203
0.961956 -63.5178  1.00218
0.962106  -63.508  1.00233
0.962256 -63.4982  1.00248
0.962406 -63.4884  1.00263
0.962556 -63.4786  1.00278
0.962706 -63.4688  1.00293
0.962856 -63.4591  1.00308
0.963007 -63.4493  1.00323
0.963157 -63.4395  1.00338
0.963307 -63.4297  1.00353
0.963457   -63.42  1.00368
0.963607 -63.4102  1.00383
0.963757 -63.4004  1.00398
0.963907 -63.3907  1.00413
0.964057 -63.3809  1.00428
0.964207 -63.3711  1.00443
0.964357 -63.3614  1.00458
0.964507 -63.3516  1.00458
0.964657 -63.3419  1.00473
0.964807 -63.3321  1.00488
0.964957 -63.3224  1.00503
0.965108 -63.3126  1.00518
0.965258 -63.3029  1.00533
0.965408 -63.2932  1.00548
0.965558 -63.2834  1.00563
0.965708 -63.2737  1.00578
0.965858  -63.264  1.00593
0.966008 -63.2543  1.00608
0.966158 -63.2445  1.00623
0.966308 -63.2348  1.00638
0.966458 -63.2251  1.00653
0.966608 -63.2154  1.00668
0.966758 -63.2057  1.00683
0.966908  -63.196  1.00698
0.967059 -63.1863  1.00713
0.967209 -63.1766  1.00728
0.967359 -63.1669  1.00743
0.967509 -63.1572  1.00758
0.967659 -63.1475  1.00773
0.967809 -63.1378  1.00788
0.967959 -63.1281  1.00803
0.968109 -63.1184  1.00818
0.968259 -63.1087  1.00833
0.968409  -63.099  1.00848
0.968559 -63.0894  1.00863
0.968709 -63.0797  1.00863
0.968859   -63.07  1.00878
 0.96901 -63.0603  1.00893
 0.96916 -63.0507  1.00908
 0.96931  -63.041  1.00923
 0.96946 -63.0313  1.00938
 0.96961 -63.0217  1.00953
 0.96976  -63.012  1.00968
 0.96991 -63.0024  1.00983
 0.97006 -62.9927  1.00998
 0.97021 -62.9831  1.01013
 0.97036 -62.9734  1.01028
 0.97051 -62.9638  1.01043
 0.97066 -62.9541  1.01058
 0.97081 -62.9445  1.01073
 0.97096 -62.9349  1.01088
0.971111 -62.9252  1.01103
0.971261 -62.9156  1.01118
0.971411  -62.906  1.01133
0.971561 -62.8964  1.01148
0.971711 -62.8867  1.01163
0.971861 -62.8771  1.01178
0.972011 -62.8675  1.01193
0.972161 -62.8579  1.01208
0.972311 -62.8483  1.01223
0.972461 -62.8387  1.01238
0.972611 -62.8291  1.01253
0.972761 -62.8195  1.01268
0.972911 -62.8099  1.01283
0.973062 -62.8003  1.01283
0.973212 -62.7907  1.01298
0.973362 -62.7811  1.01313
0.973512 -62.7715  1.01328
0.973662 -62.7619  1.01343
0.973812 -62.7523  1.01358
0.973962 -62.7428  1.01373
0.974112 -62.7332  1.01388
0.974262 -62.7236  1.01403
0.974412  -62.714  1.01418
0.974562 -62.7045  1.01433
0.974712 -62.6949  1.01448
0.974862 -62.6853  1.01463
0.975013 -62.6758  1.01478
0.975163 -62.6662  1.01493
0.975313 -62.6567  1.01508
0.975463 -62.6471  1.01523
0.975613 -62.6376  1.01538
0.975763  -62.628  1.01553
0.975913 -62.6185  1.01568
0.976063 -62.6089  1.01583
0.976213 -62.5994  1.01598
0.976363 -62.5898  1.01613
0.976513 -62.5803  1.01628
0.976663 -62.5708  1.01643
0.976813 -62.5613  1.01658
0.976963 -62.5517  1.01673
0.977114 -62.5422  1.01688
0.977264 -62.5327  1.01688
0.977414 -62.5232  1.01703
0.977564 -62.5137  1.01718
0.977714 -62.5041  1.01733
0.977864 -62.4946  1.01748
0.978014 -62.4851  1.01763
0.978164 -62.4756  1.01778
0.978314 -62.4661  1.01793
0.978464 -62.4566  1.01808
0.978614 -62.4471  1.01823
0.978764 -62.4376  1.01838
0.978914 -62.4281  1.01853
0.979065 -62.4186  1.01868
0.979215 -62.4092  1.01883
0.979365 -62.3997  1.01898
0.979515 -62.3902  1.01913
0.979665 -62.3807  1.01928
0.979815 -62.3712  1.01943
0.979965 -62.3618  1.01958
0.980115 -62.3523  1.01973
0.980265 -62.3428  1.01988
0.980415 -62.3334  1.02004
0.980565 -62.3239  1.02019
0.980715 -62.3144  1.02034
0.980865  -62.305  1.02049
0.981016 -62.2955  1.02064
0.981166 -62.2861  1.02079
0.981316 -62.2766  1.02079
0.981466 -62.2672  1.02094
0.981616 -62.2577  1.02109
0.981766 -62.2483  1.02124
0.981916 -62.2389  1.02139
0.982066 -62.2294  1.02154
0.982216   -62.22  1.02169
0.982366 -62.2106  1.02184
0.982516 -62.2011  1.02199
0.982666 -62.1917  1.02214
0.982816 -62.1823  1.02229
0.982966 -62.1729  1.02244
0.983117 -62.1635  1.02259
0.983267  -62.154  1.02274
0.983417 -62.1446  1.02289
0.983567 -62.1352  1.02304
0.983717 -62.1258  1.02319
0.983867 -62.1164  1.02334
0.984017  -62.107  1.02349
0.984167 -62.0976  1.02364
0.984317 -62.0882  1.02379
0.984467 -62.0788  1.02394
0.984617 -62.0694  1.02409
0.984767 -62.0601  1.02424
0.984917 -62.0507  1.02439
0.985068 -62.0413  1.02454
0.985218 -62.0319  1.02469
0.985368 -62.0225  1.02484
0.985518 -62.0132  1.02484
0.985668 -62.0038  1.02499
0.985818 -61.9944  1.02514
0.985968  -61.985  1.02529
0.986118 -61.9757  1.02544
0.986268 -61.9663  1.02559
0.986418  -61.957  1.02574
0.986568 -61.9476  1.02589
0.986718 -61.9383  1.02604
0.986868 -61.9289  1.02619
0.987019 -61.9196  1.02634
0.987169 -61.9102  1.02649
0.987319 -61.9009  1.02664
0.987469 -61.8915  1.02679
0.987619 -61.8822  1.02694
0.987769 -61.8729  1.02709
0.987919 -61.8635  1.02724
0.988069 -61.8542  1.02739
0.988219 -61.8449  1.02754
0.988369 -61.8355  1.02769
0.988519 -61.8262  1.02784
0.988669 -61.8169  1.02799
0.988819 -61.8076  1.02814
0.988969 -61.7983  1.02829
 0.98912  -61.789  1.02844
 0.98927 -61.7796  1.02859
 0.98942 -61.7703  1.02874
 0.98957  -61.761  1.02874
 0.98972 -61.7517  1.02889
 0.98987 -61.7424  1.02904
 0.99002 -61.7331  1.02919
 0.99017 -61.7239  1.02934
 0.99032 -61.7146  1.02949
 0.99047 -61.7053  1.02964
 0.99062  -61.696  1.02979
 0.99077 -61.6867  1.02994
 0.99092 -61.6774  1.03009
0.991071 -61.6681  1.03024
0.991221 -61.6589  1.03039
0.991371 -61.6496  1.03054
0.991521 -61.6403  1.03069
0.991671 -61.6311  1.03084
0.991821 -61.6218  1.03099
0.991971 -61.6125  1.03114
0.992121 -61.6033  1.03129
0.992271  -61.594  1.03144
0.992421 -61.5848  1.03159
0.992571 -61.5755  1.03174
0.992721 -61.5663  1.03189
0.992871  -61.557  1.03204
0.993022 -61.5478  1.03219
0.993172 -61.5385  1.03234
0.993322 -61.5293  1.03249
0.993472 -61.5201  1.03264
0.993622 -61.5108  1.03264
0.993772 -61.5016  1.03279
0.993922 -61.4924  1.03294
0.994072 -61.4831  1.03309
0.994222 -61.4739  1.03324
0.994372 -61.4647  1.03339
0.994522 -61.4555  1.03354
0.994672 -61.4463  1.03369
0.994822 -61.4371  1.03384
0.994972 -61.4278  1.03399
0.995123 -61.4186  1.03414
0.995273 -61.4094  1.03429
0.995423 -61.4002  1.03444
0.995573  -61.391  1.03459
0.995723 -61.3818  1.03474
0.995873 -61.3726  1.03489
0.996023 -61.3634  1.03504
0.996173 -61.3543  1.03519
0.996323 -61.3451  1.03534
0.996473 -61.3359  1.03549
0.996623 -61.3267  1.03564
0.996773 -61.3175  1.03579
0.996923 -61.3083  1.03594
0.997074 -61.2992  1.03609
0.997224   -61.29  1.03624
0.997374 -61.2808  1.03639
0.997524 -61.2717  1.03639
0.997674 -61.2625  1.03654
0.997824 -61.2533  1.03669
0.997974 -61.2442  1.03684
0.998124  -61.235  1.03699
0.998274 -61.2259  1.03714
0.998424 -61.2167  1.03729
0.998574 -61.2076  1.03744
0.998724 -61.1984  1.03759
0.998874 -61.1893  1.03774
0.999025 -61.1801  1.03789
0.999175  -61.171  1.03804
0.999325 -61.1619  1.03819
0.999475 -61.1527  1.03834
0.999625 -61.1436  1.03849
0.999775 -61.1345  1.03864
0.999925 -61.1254  1.03879
 1.00008 -61.1162  1.03894
 1.00023 -61.1071  1.03909
 1.00038  -61.098  1.03924
 1.00053 -61.0889  1.03939
 1.00068 -61.0798  1.03954
 1.00083 -61.0707  1.03969
 1.00098 -61.0615  1.03984
 1.00113 -61.0524  1.03999
 1.00128 -61.0433  1.04015
 1.00143 -61.0342  1.04015
 1.00158 -61.0251   1.0403
 1.00173 -61.0161  1.04045
 1.00188  -61.007   1.0406
 1.00203 -60.9979  1.04075
 1.00218 -60.9888   1.0409
 1.00233 -60.9797  1.04105
 1.00248 -60.9706   1.0412
 1.00263 -60.9615  1.04135
 1.00278 -60.9525   1.0415
 1.00293 -60.9434  1.04165
 1.00308 -60.9343   1.0418
 1.00323 -60.9252  1.04195
 1.00338 -60.9162   1.0421
 1.00353 -60.9071  1.04225
 1.00368 -60.8981   1.0424
 1.00383  -60.889  1.04255
 1.00398 -60.8799   1.0427
 1.00413 -60.8709  1.04285
 1.00428 -60.8618    1.043
 1.00443 -60.8528  1.04315
 1.00458 -60.8437   1.0433
 1.00473 -60.8347  1.04345
 1.00488 -60.8257   1.0436
 1.00503 -60.8166  1.04375
 1.00518 -60.8076  1.04375
 1.00533 -60.7985   1.0439
 1.00548 -60.7895  1.04405
 1.00563 -60.7805   1.0442
 1.00578 -60.7715  1.04435
 1.00593 -60.7624   1.0445
 1.00608 -60.7534  1.04465
 1.00623 -60.7444   1.0448
 1.00638 -60.7354  1.04495
 1.00653 -60.7264   1.0451
 1.00668 -60.7174  1.04525
 1.00683 -60.7083   1.0454
 1.00698 -60.6993  1.04555
 1.00713 -60.6903   1.0457
 1.00728 -60.6813  1.04585
 1.00743 -60.6723    1.046
 1.00758 -60.6633  1.04615
 1.00773 -60.6543   1.0463
 1.00788 -60.6454  1.04645
 1.00803 -60.6364   1.0466
 1.00818 -60.6274  1.04675
 1.00833 -60.6184   1.0469
 1.00848 -60.6094  1.04705
 1.00863 -60.6004   1.0472
 1.00878 -60.5915  1.04735
 1.00893 -60.5825   1.0475
 1.00908 -60.5735   1.0475
 1.00923 -60.5646  1.04765
 1.00938 -60.5556   1.0478
 1.00953 -60.5466  1.04795
 1.00968 -60.5377   1.0481
 1.00983 -60.5287  1.04825
 1.00998 -60.5198   1.0484
 1.01013 -60.5108  1.04855
 1.01028 -60.5019   1.0487
 1.01043 -60.4929  1.04885
 1.01058  -60.484    1.049
 1.01073  -60.475  1.04915
 1.01088 -60.4661   1.0493
 1.01103 -60.4571  1.04945
 1.01118 -60.4482   1.0496
 1.01133 -60.4393  1.04975
 1.01148 -60.4303   1.0499
 1.01163 -60.4214  1.05005
 1.01178 -60.4125   1.0502
 1.01193 -60.4036  1.05035
 1.01208 -60.3946   1.0505
 1.01223 -60.3857  1.05065
 1.01238 -60.3768   1.0508
 1.01253 -60.3679  1.05095
 1.01268  -60.359  1.05095
 1.01283 -60.3501   1.0511
 1.01298 -60.3412  1.05125
 1.01313 -60.3323   1.0514
 1.01328 -60.3234  1.05155
 1.01343 -60.3145   1.0517
 1.01358 -60.3056  1.05185
 1.01373 -60.2967    1.052
 1.01388 -60.2878  1.05215
 1.01403 -60.2789   1.0523
 1.01418   -60.27  1.05245
 1.01433 -60.2611   1.0526
 1.01448 -60.2523  1.05275
 1.01463 -60.2434   1.0529
 1.01478 -60.2345  1.05305
 1.01493 -60.2256   1.0532
 1.01508 -60.2168  1.05335
 1.01523 -60.2079   1.0535
 1.01538  -60.199  1.05365
 1.01553 -60.1902   1.0538
 1.01568 -60.1813  1.05395
 1.01583 -60.1725   1.0541
 1.01598 -60.1636  1.05425
 1.01613 -60.1548   1.0544
 1.01628 -60.1459   1.0544
 1.01643 -60.1371  1.05455
 1.01658 -60.1282   1.0547
 1.01673 -60.1194  1.05485
 1.01688 -60.1105    1.055
 1.01703 -60.1017  1.05515
 1.01718 -60.0929   1.0553
 1.01733  -60.084  1.05545
 1.01748 -60.0752   1.0556
 1.01763 -60.0664  1.05575
 1.01778 -60.0575   1.0559
 1.01793 -60.0487  1.05605
 1.01808 -60.0399   1.0562
 1.01823 -60.0311  1.05635
 1.01838 -60.0223   1.0565
 1.01853 -60.0134  1.05665
 1.01868 -60.0046   1.0568
 1.01883 -59.9958  1.05695
 1.01898  -59.987   1.0571
 1.01913 -59.9782  1.05725
 1.01928 -59.9694   1.0574
 1.01943 -59.9606  1.05755
 1.01958 -59.9518   1.0577
 1.01973  -59.943   1.0577
 1.01988 -59.9342  1.05785
 1.02004 -59.9255    1.058
 1.02019 -59.9167  1.05815
 1.02034 -59.9079   1.0583
 1.02049 -59.8991  1.05845
 1.02064 -59.8903   1.0586
 1.02079 -59.8816  1.05875
 1.02094 -59.8728   1.0589
 1.02109  -59.864  1.05905
 1.02124 -59.8552   1.0592
 1.02139 -59.8465  1.05935
 1.02154 -59.8377   1.0595
 1.02169  -59.829  1.05965
 1.02184 -59.8202   1.0598
 1.02199 -59.8114  1.05995
 1.02214 -59.8027  1.06011
 1.02229 -59.7939  1.06026
 1.02244 -59.7852  1.06041
 1.02259 -59.7765  1.06056
 1.02274 -59.7677  1.06071
 1.02289  -59.759  1.06086
 1.02304 -59.7502  1.06101
 1.02319 -59.7415  1.06101
 1.02334 -59.7328  1.06116
 1.02349  -59.724  1.06131
 1.02364 -59.7153  1.06146
 1.02379 -59.7066  1.06161
 1.02394 -59.6979  1.06176
 1.02409 -59.6891  1.06191
 1.02424 -59.6804  1.06206
 1.02439 -59.6717  1.06221
 1.02454  -59.663  1.06236
 1.02469 -59.6543  1.06251
 1.02484 -59.6456  1.06266
 1.02499 -59.6369  1.06281
 1.02514 -59.6282  1.06296
 1.02529 -59.6195  1.06311
 1.02544 -59.6108  1.06326
 1.02559 -59.6021  1.06341
 1.02574 -59.5934  1.06356
 1.02589 -59.5847  1.06371
 1.02604  -59.576  1.06386
 1.02619 -59.5673  1.06401
 1.02634 -59.5586  1.06416
 1.02649   -59.55  1.06416
 1.02664 -59.5413  1.06431
 1.02679 -59.5326  1.06446
 1.02694 -59.5239  1.06461
 1.02709 -59.5153  1.06476
 1.02724 -59.5066  1.06491
 1.02739 -59.4979  1.06506
 1.02754 -59.4893  1.06521
 1.02769 -59.4806  1.06536
 1.02784 -59.4719  1.06551
 1.02799 -59.4633  1.06566
 1.02814 -59.4546  1.06581
 1.02829  -59.446  1.06596
 1.02844 -59.4373  1.06611
 1.02859 -59.4287  1.06626
 1.02874   -59.42  1.06641
 1.02889 -59.4114  1.06656
 1.02904 -59.4028  1.06671
 1.02919 -59.3941  1.06686
 1.02934 -59.3855  1.06701
 1.02949 -59.3769  1.06716
 1.02964 -59.3682  1.06716
 1.02979 -59.3596  1.06731
 1.02994  -59.351  1.06746
 1.03009 -59.3424  1.06761
 1.03024 -59.3337  1.06776
 1.03039 -59.3251  1.06791
 1.03054 -59.3165  1.06806
 1.03069 -59.3079  1.06821
 1.03084 -59.2993  1.06836
 1.03099 -59.2907  1.06851
 1.03114 -59.2821  1.06866
 1.03129 -59.2735  1.06881
 1.03144 -59.2649  1.06896
 1.03159 -59.2563  1.06911
 1.03174 -59.2477  1.06926
 1.03189 -59.2391  1.06941
 1.03204 -59.2305  1.06956
 1.03219 -59.2219  1.06971
 1.03234 -59.2133  1.06986
 1.03249 -59.2048  1.07001
 1.03264 -59.1962  1.07016
 1.03279 -59.1876  1.07016
 1.03294  -59.179  1.07031
 1.03309 -59.1705  1.07046
 1.03324 -59.1619  1.07061
 1.03339 -59.1533  1.07076
 1.03354 -59.1448  1.07091
 1.03369 -59.1362  1.07106
 1.03384 -59.1276  1.07121
 1.03399 -59.1191  1.07136
 1.03414 -59.1105  1.07151
 1.03429  -59.102  1.07166
 1.03444 -59.0934  1.07181
 1.03459 -59.0849  1.07196
 1.03474 -59.0763  1.07211
 1.03489 -59.0678  1.07226
 1.03504 -59.0593  1.07241
 1.03519 -59.0507  1.07256
 1.03534 -59.0422  1.07271
 1.03549 -59.0336  1.07286
 1.03564 -59.0251  1.07301
 1.03579 -59.0166  1.07316
 1.03594 -59.0081  1.07316
 1.03609 -58.9995  1.07331
 1.03624  -58.991  1.07346
 1.03639 -58.9825  1.07361
 1.03654  -58.974  1.07376
 1.03669 -58.9655  1.07391
 1.03684  -58.957  1.07406
 1.03699 -58.9485  1.07421
 1.03714   -58.94  1.07436
 1.03729 -58.9314  1.07451
 1.03744 -58.9229  1.07466
 1.03759 -58.9144  1.07481
 1.03774  -58.906  1.07496
 1.03789 -58.8975  1.07511
 1.03804  -58.889  1.07526
 1.03819 -58.8805  1.07541
 1.03834  -58.872  1.07556
 1.03849 -58.8635  1.07571
 1.03864  -58.855  1.07586
 1.03879 -58.8466  1.07601
 1.03894 -58.8381  1.07601
 1.03909 -58.8296  1.07616
 1.03924 -58.8211  1.07631
 1.03939 -58.8127  1.07646
 1.03954 -58.8042  1.07661
 1.03969 -58.7957  1.07676
 1.03984 -58.7873  1.07691
 1.03999 -58.7788  1.07706
 1.04015 -58.7704  1.07721
  1.0403 -58.7619  1.07736
 1.04045 -58.7535  1.07751
  1.0406  -58.745  1.07766
 1.04075 -58.7366  1.07781
  1.0409 -58.7281  1.07796
 1.04105 -58.7197  1.07811
  1.0412 -58.7112  1.07826
 1.04135 -58.7028  1.07841
  1.0415 -58.6944  1.07856
 1.04165 -58.6859  1.07871
  1.0418 -58.6775  1.07871
 1.04195 -58.6691  1.07886
  1.0421 -58.6606  1.07901
 1.04225 -58.6522  1.07916
  1.0424 -58.6438  1.07931
 1.04255 -58.6354  1.07946
  1.0427  -58.627  1.07961
 1.04285 -58.6186  1.07976
   1.043 -58.6102  1.07991
 1.04315 -58.6017  1.08007
  1.0433 -58.5933  1.08022
 1.04345 -58.5849  1.08037
  1.0436 -58.5765  1.08052
 1.04375 -58.5681  1.08067
  1.0439 -58.5598  1.08082
 1.04405 -58.5514  1.08097
  1.0442  -58.543  1.08112
 1.04435 -58.5346  1.08127
  1.0445 -58.5262  1.08142
 1.04465 -58.5178  1.08142
  1.0448 -58.5094  1.08157
 1.04495 -58.5011  1.08172
  1.0451 -58.4927  1.08187
 1.04525 -58.4843  1.08202
  1.0454 -58.4759  1.08217
 1.04555 -58.4676  1.08232
  1.0457 -58.4592  1.08247
 1.04585 -58.4508  1.08262
   1.046 -58.4425  1.08277
 1.04615 -58.4341  1.08292
  1.0463 -58.4258  1.08307
 1.04645 -58.4174  1.08322
  1.0466 -58.4091  1.08337
 1.04675 -58.4007  1.08352
  1.0469 -58.3924  1.08367
 1.04705  -58.384  1.08382
  1.0472 -58.3757  1.08397
 1.04735 -58.3674  1.08397
  1.0475  -58.359  1.08412
 1.04765 -58.3507  1.08427
  1.0478 -58.3424  1.08442
 1.04795  -58.334  1.08457
  1.0481 -58.3257  1.08472
 1.04825 -58.3174  1.08487
  1.0484 -58.3091  1.08502
 1.04855 -58.3008  1.08517
  1.0487 -58.2924  1.08532
 1.04885 -58.2841  1.08547
   1.049 -58.2758  1.08562
 1.04915 -58.2675  1.08577
  1.0493 -58.2592  1.08592
 1.04945 -58.2509  1.08607
  1.0496 -58.2426  1.08622
 1.04975 -58.2343  1.08637
  1.0499  -58.226  1.08637
 1.05005 -58.2177  1.08652
  1.0502 -58.2094  1.08667
 1.05035 -58.2011  1.08682
  1.0505 -58.1928  1.08697
 1.05065 -58.1846  1.08712
  1.0508 -58.1763  1.08727
 1.05095  -58.168  1.08742
  1.0511 -58.1597  1.08757
 1.05125 -58.1515  1.08772
  1.0514 -58.1432  1.08787
 1.05155 -58.1349  1.08802
  1.0517 -58.1267  1.08817
 1.05185 -58.1184  1.08832
   1.052 -58.1101  1.08847
 1.05215 -58.1019  1.08862
  1.0523 -58.0936  1.08877
 1.05245 -58.0854  1.08892
  1.0526 -58.0771  1.08892
 1.05275 -58.0689  1.08907
  1.0529 -58.0606  1.08922
 1.05305 -58.0524  1.08937
  1.0532 -58.0441  1.08952
 1.05335 -58.0359  1.08967
  1.0535 -58.0277  1.08982
 1.05365 -58.0194  1.08997
  1.0538 -58.0112  1.09012
 1.05395  -58.003  1.09027
  1.0541 -57.9947  1.09042
 1.05425 -57.9865  1.09057
  1.0544 -57.9783  1.09072
 1.05455 -57.9701  1.09087
  1.0547 -57.9619  1.09102
 1.05485 -57.9536  1.09117
   1.055 -57.9454  1.09117
 1.05515 -57.9372  1.09132
  1.0553  -57.929  1.09147
 1.05545 -57.9208  1.09162
  1.0556 -57.9126  1.09177
 1.05575 -57.9044  1.09192
  1.0559 -57.8962  1.09207
 1.05605  -57.888  1.09222
  1.0562 -57.8798  1.09237
 1.05635 -57.8716  1.09252
  1.0565 -57.8635  1.09267
 1.05665 -57.8553  1.09282
  1.0568 -57.8471  1.09297
 1.05695 -57.8389  1.09312
  1.0571 -57.8308  1.09312
 1.05725 -57.8226  1.09327
  1.0574 -57.8144  1.09342
 1.05755 -57.8062  1.09357
  1.0577 -57.7981  1.09372
 1.05785 -57.7899  1.09387
   1.058 -57.7818  1.09402
 1.05815 -57.7736  1.09417
  1.0583 -57.7654  1.09432
 1.05845 -57.7573  1.09447
  1.0586 -57.7491  1.09462
 1.05875  -57.741  1.09477
  1.0589 -57.7329  1.09492
 1.05905 -57.7247  1.09507
  1.0592 -57.7166  1.09507
 1.05935 -57.7084  1.09522
  1.0595 -57.7003  1.09537
 1.05965 -57.6922  1.09552
  1.0598 -57.6841  1.09567
 1.05995 -57.6759  1.09582
 1.06011 -57.6678  1.09597
 1.06026 -57.6597  1.09612
 1.06041 -57.6516  1.09627
 1.06056 -57.6435  1.09642
 1.06071 -57.6353  1.09657
 1.06086 -57.6272  1.09672
 1.06101 -57.6191  1.09687
 1.06116  -57.611  1.09702
 1.06131 -57.6029  1.09702
 1.06146 -57.5948  1.09717
 1.06161 -57.5867  1.09732
 1.06176 -57.5786  1.09747
 1.06191 -57.5705  1.09762
 1.06206 -57.5625  1.09777
 1.06221 -57.5544  1.09792
 1.06236 -57.5463  1.09807
 1.06251 -57.5382  1.09822
 1.06266 -57.5301  1.09837
 1.06281  -57.522  1.09852
 1.06296  -57.514  1.09867
 1.06311 -57.5059  1.09882
 1.06326 -57.4978  1.09882
 1.06341 -57.4898  1.09897
 1.06356 -57.4817  1.09912
 1.06371 -57.4737  1.09927
 1.06386 -57.4656  1.09942
 1.06401 -57.4575  1.09957
 1.06416 -57.4495  1.09972
 1.06431 -57.4414  1.09987
 1.06446 -57.4334  1.10003
 1.06461 -57.4253  1.10018
 1.06476 -57.4173  1.10033
 1.06491 -57.4093  1.10048
 1.06506 -57.4012  1.10063
 1.06521 -57.3932  1.10078
 1.06536 -57.3852  1.10078
 1.06551 -57.3771  1.10093
 1.06566 -57.3691  1.10108
 1.06581 -57.3611  1.10123
 1.06596 -57.3531  1.10138
 1.06611  -57.345  1.10153
 1.06626  -57.337  1.10168
 1.06641  -57.329  1.10183
 1.06656  -57.321  1.10198
 1.06671  -57.313  1.10213
 1.06686  -57.305  1.10228
 1.06701  -57.297  1.10243
 1.06716  -57.289  1.10243
 1.06731  -57.281  1.10258
 1.06746  -57.273  1.10273
 1.06761  -57.265  1.10288
 1.06776  -57.257  1.10303
 1.06791  -57.249  1.10318
 1.06806 -57.2411  1.10333
 1.06821 -57.2331  1.10348
 1.06836 -57.2251  1.10363
 1.06851 -57.2171  1.10378
 1.06866 -57.2091  1.10393
 1.06881 -57.2012  1.10408
 1.06896 -57.1932  1.10423
 1.06911 -57.1852  1.10423
 1.06926 -57.1773  1.10438
 1.06941 -57.1693  1.10453
 1.06956 -57.1614  1.10468
 1.06971 -57.1534  1.10483
 1.06986 -57.1454  1.10498
 1.07001 -57.1375  1.10513
 1.07016 -57.1295  1.10528
 1.07031 -57.1216  1.10543
 1.07046 -57.1137  1.10558
 1.07061 -57.1057  1.10573
 1.07076 -57.0978  1.10588
 1.07091 -57.0899  1.10603
 1.07106 -57.0819  1.10603
 1.07121  -57.074  1.10618
 1.07136 -57.0661  1.10633
 1.07151 -57.0581  1.10648
 1.07166 -57.0502  1.10663
 1.07181 -57.0423  1.10678
 1.07196 -57.0344  1.10693
 1.07211 -57.0265  1.10708
 1.07226 -57.0186  1.10723
 1.07241 -57.0107  1.10738
 1.07256 -57.0027  1.10753
 1.07271 -56.9948  1.10768
 1.07286 -56.9869  1.10768
 1.07301  -56.979  1.10783
 1.07316 -56.9711  1.10798
 1.07331 -56.9633  1.10813
 1.07346 -56.9554  1.10828
 1.07361 -56.9475  1.10843
 1.07376 -56.9396  1.10858
 1.07391 -56.9317  1.10873
 1.07406 -56.9238  1.10888
 1.07421  -56.916  1.10903
 1.07436 -56.9081  1.10918
 1.07451 -56.9002  1.10933
 1.07466 -56.8923  1.10933
 1.07481 -56.8845  1.10948
 1.07496 -56.8766  1.10963
 1.07511 -56.8687  1.10978
 1.07526 -56.8609  1.10993
 1.07541  -56.853  1.11008
 1.07556 -56.8452  1.11023
 1.07571 -56.8373  1.11038
 1.07586 -56.8295  1.11053
 1.07601 -56.8216  1.11068
 1.07616 -56.8138  1.11083
 1.07631  -56.806  1.11098
 1.07646 -56.7981  1.11098
 1.07661 -56.7903  1.11113
 1.07676 -56.7824  1.11128
 1.07691 -56.7746  1.11143
 1.07706 -56.7668  1.11158
 1.07721  -56.759  1.11173
 1.07736 -56.7511  1.11188
 1.07751 -56.7433  1.11203
 1.07766 -56.7355  1.11218
 1.07781 -56.7277  1.11233
 1.07796 -56.7199  1.11248
 1.07811 -56.7121  1.11248
 1.07826 -56.7043  1.11263
 1.07841 -56.6965  1.11278
 1.07856 -56.6887  1.11293
 1.07871 -56.6809  1.11308
 1.07886 -56.6731  1.11323
 1.07901 -56.6653  1.11338
 1.07916 -56.6575  1.11353
 1.07931 -56.6497  1.11368
 1.07946 -56.6419  1.11383
 1.07961 -56.6341  1.11398
 1.07976 -56.6264  1.11398
 1.07991 -56.6186  1.11413
 1.08007 -56.6108  1.11428
 1.08022  -56.603  1.11443
 1.08037 -56.5953  1.11458
 1.08052 -56.5875  1.11473
 1.08067 -56.5798  1.11488
 1.08082  -56.572  1.11503
 1.08097 -56.5642  1.11518
 1.08112 -56.5565  1.11533
 1.08127 -56.5487  1.11548
 1.08142  -56.541  1.11548
 1.08157 -56.5332  1.11563
 1.08172 -56.5255  1.11578
 1.08187 -56.5178  1.11593
 1.08202   -56.51  1.11608
 1.08217 -56.5023  1.11623
 1.08232 -56.4946  1.11638
 1.08247 -56.4868  1.11653
 1.08262 -56.4791  1.11668
 1.08277 -56.4714  1.11683
 1.08292 -56.4637  1.11683
 1.08307 -56.4559  1.11698
 1.08322 -56.4482  1.11713
 1.08337 -56.4405  1.11728
 1.08352 -56.4328  1.11743
 1.08367 -56.4251  1.11758
 1.08382 -56.4174  1.11773
 1.08397 -56.4097  1.11788
 1.08412  -56.402  1.11803
 1.08427 -56.3943  1.11818
 1.08442 -56.3866  1.11818
 1.08457 -56.3789  1.11833
 1.08472 -56.3712  1.11848
 1.08487 -56.3635  1.11863
 1.08502 -56.3559  1.11878
 1.08517 -56.3482  1.11893
 1.08532 -56.3405  1.11908
 1.08547 -56.3328  1.11923
 1.08562 -56.3252  1.11938
 1.08577 -56.3175  1.11938
 1.08592 -56.3098  1.11953
 1.08607 -56.3022  1.11968
 1.08622 -56.2945  1.11983
 1.08637 -56.2869  1.11998
 1.08652 -56.2792  1.12014
 1.08667 -56.2716  1.12029
 1.08682 -56.2639  1.12044
 1.08697 -56.2563  1.12059
 1.08712 -56.2486  1.12059
 1.08727  -56.241  1.12074
 1.08742 -56.2333  1.12089
 1.08757 -56.2257  1.12104
 1.08772 -56.2181  1.12119
 1.08787 -56.2105  1.12134
 1.08802 -56.2028  1.12149
 1.08817 -56.1952  1.12164
 1.08832 -56.1876  1.12179
 1.08847   -56.18  1.12179
 1.08862 -56.1724  1.12194
 1.08877 -56.1648  1.12209
 1.08892 -56.1571  1.12224
 1.08907 -56.1495  1.12239
 1.08922 -56.1419  1.12254
 1.08937 -56.1343  1.12269
 1.08952 -56.1267  1.12284
 1.08967 -56.1191  1.12299
 1.08982 -56.1116  1.12314
 1.08997  -56.104  1.12314
 1.09012 -56.0964  1.12329
 1.09027 -56.0888  1.12344
 1.09042 -56.0812  1.12359
 1.09057 -56.0736  1.12374
 1.09072 -56.0661  1.12389
 1.09087 -56.0585  1.12404
 1.09102 -56.0509  1.12419
 1.09117 -56.0434  1.12419
 1.09132 -56.0358  1.12434
 1.09147 -56.0282  1.12449
 1.09162 -56.0207  1.12464
 1.09177 -56.0132  1.12479
 1.09192 -56.0056  1.12479
 1.09207 -55.9981  1.12494
 1.09222 -55.9905  1.12509
 1.09237  -55.983  1.12524
 1.09252 -55.9755  1.12539
 1.09267 -55.9679  1.12539
 1.09282 -55.9604  1.12554
 1.09297 -55.9529  1.12569
 1.09312 -55.9454  1.12584
 1.09327 -55.9379  1.12599
 1.09342 -55.9304  1.12599
 1.09357 -55.9229  1.12614
 1.09372 -55.9154  1.12629
 1.09387 -55.9079  1.12644
 1.09402 -55.9004  1.12659
 1.09417 -55.8929  1.12659
 1.09432 -55.8854  1.12674
 1.09447 -55.8779  1.12689
 1.09462 -55.8704  1.12704
 1.09477  -55.863  1.12719
 1.09492 -55.8555  1.12734
 1.09507  -55.848  1.12734
 1.09522 -55.8406  1.12749
 1.09537 -55.8331  1.12764
 1.09552 -55.8257  1.12779
 1.09567 -55.8182  1.12794
 1.09582 -55.8108  1.12794
 1.09597 -55.8033  1.12809
 1.09612 -55.7959  1.12824
 1.09627 -55.7884  1.12839
 1.09642  -55.781  1.12854
 1.09657 -55.7736  1.12854
 1.09672 -55.7662  1.12869
 1.09687 -55.7587  1.12884
 1.09702 -55.7513  1.12899
 1.09717 -55.7439  1.12914
 1.09732 -55.7365  1.12914
 1.09747 -55.7291  1.12929
 1.09762 -55.7217  1.12944
 1.09777 -55.7143  1.12959
 1.09792 -55.7069  1.12974
 1.09807 -55.6995  1.12989
 1.09822 -55.6921  1.12989
 1.09837 -55.6847  1.13004
 1.09852 -55.6773  1.13019
 1.09867   -55.67  1.13034
 1.09882 -55.6626  1.13049
 1.09897 -55.6552  1.13049
 1.09912 -55.6479  1.13064
 1.09927 -55.6405  1.13079
 1.09942 -55.6331  1.13094
 1.09957 -55.6258  1.13109
 1.09972 -55.6184  1.13109
 1.09987 -55.6111  1.13124
 1.10003 -55.6037  1.13139
 1.10018 -55.5964  1.13154
 1.10033 -55.5891  1.13169
 1.10048 -55.5817  1.13184
 1.10063 -55.5744  1.13184
 1.10078 -55.5671  1.13199
 1.10093 -55.5597  1.13214
 1.10108 -55.5524  1.13229
 1.10123 -55.5451  1.13244
 1.10138 -55.5378  1.13244
 1.10153 -55.5305  1.13259
 1.10168 -55.5232  1.13274
 1.10183 -55.5159  1.13289
 1.10198 -55.5086  1.13304
 1.10213 -55.5013  1.13304
 1.10228  -55.494  1.13319
 1.10243 -55.4867  1.13334
 1.10258 -55.4794  1.13349
 1.10273 -55.4722  1.13364
 1.10288 -55.4649  1.13364
 1.10303 -55.4576  1.13379
 1.10318 -55.4503  1.13394
 1.10333 -55.4431  1.13409
 1.10348 -55.4358  1.13424
 1.10363 -55.4286  1.13424
 1.10378 -55.4213  1.13439
 1.10393 -55.4141  1.13454
 1.10408 -55.4068  1.13469
 1.10423 -55.3996  1.13484
 1.10438 -55.3923  1.13484
 1.10453 -55.3851  1.13499
 1.10468 -55.3779  1.13514
 1.10483 -55.3706  1.13529
 1.10498 -55.3634  1.13544
 1.10513 -55.3562  1.13544
 1.10528  -55.349  1.13559
 1.10543 -55.3418  1.13574
 1.10558 -55.3346  1.13589
 1.10573 -55.3274  1.13604
 1.10588 -55.3202  1.13604
 1.10603  -55.313  1.13619
 1.10618 -55.3058  1.13634
 1.10633 -55.2986  1.13649
 1.10648 -55.2914  1.13664
 1.10663 -55.2842  1.13664
 1.10678  -55.277  1.13679
 1.10693 -55.2699  1.13694
 1.10708 -55.2627  1.13709
 1.10723 -55.2555  1.13724
 1.10738 -55.2483  1.13739
 1.10753 -55.2412  1.13739
 1.10768  -55.234  1.13754
 1.10783 -55.2269  1.13769
 1.10798 -55.2197  1.13784
 1.10813 -55.2126  1.13784
 1.10828 -55.2054  1.13799
 1.10843 -55.1983  1.13814
 1.10858 -55.1912  1.13829
 1.10873  -55.184  1.13844
 1.10888 -55.1769  1.13844
 1.10903 -55.1698  1.13859
 1.10918 -55.1626  1.13874
 1.10933 -55.1555  1.13889
 1.10948 -55.1484  1.13904
 1.10963 -55.1413  1.13904
 1.10978 -55.1342  1.13919
 1.10993 -55.1271  1.13934
 1.11008   -55.12  1.13949
 1.11023 -55.1129  1.13964
 1.11038 -55.1058  1.13964
 1.11053 -55.0987  1.13979
 1.11068 -55.0916  1.13994
 1.11083 -55.0846   1.1401
 1.11098 -55.0775  1.14025
 1.11113 -55.0704  1.14025
 1.11128 -55.0633   1.1404
 1.11143 -55.0563  1.14055
 1.11158 -55.0492   1.1407
 1.11173 -55.0421  1.14085
 1.11188 -55.0351  1.14085
 1.11203  -55.028    1.141
 1.11218  -55.021  1.14115
 1.11233 -55.0139   1.1413
 1.11248 -55.0069  1.14145
 1.11263 -54.9999  1.14145
 1.11278 -54.9928   1.1416
 1.11293 -54.9858  1.14175
 1.11308 -54.9788   1.1419
 1.11323 -54.9717  1.14205
 1.11338 -54.9647  1.14205
 1.11353 -54.9577   1.1422
 1.11368 -54.9507  1.14235
 1.11383 -54.9437   1.1425
 1.11398 -54.9367  1.14265
 1.11413 -54.9297  1.14265
 1.11428 -54.9227   1.1428
 1.11443 -54.9157  1.14295
 1.11458 -54.9087   1.1431
 1.11473 -54.9017  1.14325
 1.11488 -54.8947  1.14325
 1.11503 -54.8877   1.1434
 1.11518 -54.8808  1.14355
 1.11533 -54.8738   1.1437
 1.11548 -54.8668  1.14385
 1.11563 -54.8599  1.14385
 1.11578 -54.8529    1.144
 1.11593 -54.8459  1.14415
 1.11608  -54.839   1.1443
 1.11623  -54.832  1.14445
 1.11638 -54.8251  1.14445
 1.11653 -54.8181   1.1446
 1.11668 -54.8112  1.14475
 1.11683 -54.8043   1.1449
 1.11698 -54.7973   1.1449
 1.11713 -54.7904  1.14505
 1.11728 -54.7835   1.1452
 1.11743 -54.7765   1.1452
 1.11758 -54.7696  1.14535
 1.11773 -54.7627   1.1455
 1.11788 -54.7558  1.14565
 1.11803 -54.7489  1.14565
 1.11818  -54.742   1.1458
 1.11833 -54.7351  1.14595
 1.11848 -54.7282   1.1461
 1.11863 -54.7213   1.1461
 1.11878 -54.7145  1.14625
 1.11893 -54.7076   1.1464
 1.11908 -54.7007   1.1464
 1.11923 -54.6938  1.14655
 1.11938  -54.687   1.1467
 1.11953 -54.6801  1.14685
 1.11968 -54.6733  1.14685
 1.11983 -54.6664    1.147
 1.11998 -54.6596  1.14715
 1.12014 -54.6527   1.1473
 1.12029 -54.6459   1.1473
 1.12044  -54.639  1.14745
 1.12059 -54.6322   1.1476
 1.12074 -54.6254   1.1476
 1.12089 -54.6186  1.14775
 1.12104 -54.6118   1.1479
 1.12119 -54.6049  1.14805
 1.12134 -54.5981  1.14805
 1.12149 -54.5913   1.1482
 1.12164 -54.5845  1.14835
 1.12179 -54.5777   1.1485
 1.12194 -54.5709   1.1485
 1.12209 -54.5641  1.14865
 1.12224 -54.5574   1.1488
 1.12239 -54.5506   1.1488
 1.12254 -54.5438  1.14895
 1.12269  -54.537   1.1491
 1.12284 -54.5303  1.14925
 1.12299 -54.5235  1.14925
 1.12314 -54.5167   1.1494
 1.12329   -54.51  1.14955
 1.12344 -54.5032   1.1497
 1.12359 -54.4965   1.1497
 1.12374 -54.4898  1.14985
 1.12389  -54.483     1.15
 1.12404 -54.4763     1.15
 1.12419 -54.4696     1.15
 1.12434 -54.4628     1.15
 1.12449 -54.4561     1.15
 1.12464 -54.4495     1.15
 1.12479 -54.4428     1.15
 1.12494 -54.4361     1.15
 1.12509 -54.4295     1.15
 1.12524 -54.4228     1.15
 1.12539 -54.4162     1.15
 1.12554 -54.4096     1.15
 1.12569  -54.403     1.15
 1.12584 -54.3964     1.15
 1.12599 -54.3898     1.15
 1.12614 -54.3832     1.15
 1.12629 -54.3767     1.15
 1.12644 -54.3701     1.15
 1.12659 -54.3636     1.15
 1.12674 -54.3571     1.15
 1.12689 -54.3506     1.15
 1.12704 -54.3441     1.15
 1.12719 -54.3376     1.15
 1.12734 -54.3311     1.15
 1.12749 -54.3246     1.15
 1.12764 -54.3182     1.15
 1.12779 -54.3117     1.15
 1.12794 -54.3053     1.15
 1.12809 -54.2989     1.15
 1.12824 -54.2925     1.15
 1.12839 -54.2861     1.15
 1.12854 -54.2797     1.15
 1.12869 -54.2733     1.15
 1.12884 -54.2669     1.15
 1.12899 -54.2606     1.15
 1.12914 -54.2542     1.15
 1.12929 -54.2479     1.15
 1.12944 -54.2416     1.15
 1.12959 -54.2352     1.15
 1.12974 -54.2289     1.15
 1.12989 -54.2227     1.15
 1.13004 -54.2164     1.15
 1.13019 -54.2101     1.15
 1.13034 -54.2038     1.15
 1.13049 -54.1976     1.15
 1.13064 -54.1914     1.15
 1.13079 -54.1851     1.15
 1.13094 -54.1789     1.15
 1.13109 -54.1727     1.15
 1.13124 -54.1665     1.15
 1.13139 -54.1603     1.15
 1.13154 -54.1542     1.15
 1.13169  -54.148     1.15
 1.13184 -54.1419     1.15
 1.13199 -54.1357     1.15
 1.13214 -54.1296     1.15
 1.13229 -54.1235     1.15
 1.13244 -54.1174     1.15
 1.13259 -54.1113     1.15
 1.13274 -54.1052     1.15
 1.13289 -54.0991     1.15
 1.13304  -54.093     1.15
 1.13319  -54.087     1.15
 1.13334 -54.0809     1.15
 1.13349 -54.0749     1.15
 1.13364 -54.0689     1.15
 1.13379 -54.0629     1.15
 1.13394 -54.0569     1.15
 1.13409 -54.0509     1.15
 1.13424 -54.0449     1.15
 1.13439 -54.0389     1.15
 1.13454 -54.0329     1.15
 1.13469  -54.027     1.15
 1.13484 -54.0211     1.15
 1.13499 -54.0151     1.15
 1.13514 -54.0092     1.15
 1.13529 -54.0033     1.15
 1.13544 -53.9974     1.15
 1.13559 -53.9915     1.15
 1.13574 -53.9856     1.15
 1.13589 -53.9797     1.15
 1.13604 -53.9739     1.15
 1.13619  -53.968     1.15
 1.13634 -53.9622     1.15
 1.13649 -53.9564     1.15
 1.13664 -53.9505     1.15
 1.13679 -53.9447     1.15
 1.13694 -53.9389     1.15
 1.13709 -53.9331     1.15
 1.13724 -53.9273     1.15
 1.13739 -53.9216     1.15
 1.13754 -53.9158     1.15
 1.13769 -53.9101     1.15
 1.13784 -53.9043     1.15
 1.13799 -53.8986     1.15
 1.13814 -53.8929     1.15
 1.13829 -53.8871     1.15
 1.13844 -53.8814     1.15
 1.13859 -53.8757     1.15
 1.13874 -53.8701     1.15
 1.13889 -53.8644     1.15
 1.13904 -53.8587     1.15
 1.13919 -53.8531     1.15
 1.13934 -53.8474     1.15
 1.13949 -53.8418     1.15
 1.13964 -53.8362     1.15
 1.13979 -53.8305     1.15
 1.13994 -53.8249     1.15
  1.1401 -53.8193     1.15
 1.14025 -53.8137     1.15
  1.1404 -53.8082     1.15
 1.14055 -53.8026     1.15
  1.1407  -53.797     1.15
 1.14085 -53.7915     1.15
   1.141 -53.7859     1.15
 1.14115 -53.7804     1.15
  1.1413 -53.7749     1.15
 1.14145 -53.7694     1.15
  1.1416 -53.7639     1.15
 1.14175 -53.7584     1.15
  1.1419 -53.7529     1.15
 1.14205 -53.7474     1.15
  1.1422 -53.7419     1.15
 1.14235 -53.7365     1.15
  1.1425  -53.731     1.15
 1.14265 -53.7256     1.15
  1.1428 -53.7202     1.15
 1.14295 -53.7147     1.15
  1.1431 -53.7093     1.15
 1.14325 -53.7039     1.15
  1.1434 -53.6985     1.15
 1.14355 -53.6931     1.15
  1.1437 -53.6878     1.15
 1.14385 -53.6824     1.15
   1.144  -53.677     1.15
 1.14415 -53.6717     1.15
  1.1443 -53.6663     1.15
 1.14445  -53.661     1.15
  1.1446 -53.6557     1.15
 1.14475 -53.6504     1.15
  1.1449 -53.6451     1.15
 1.14505 -53.6398     1.15
  1.1452 -53.6345     1.15
 1.14535 -53.6292     1.15
  1.1455 -53.6239     1.15
 1.14565 -53.6187     1.15
  1.1458 -53.6134     1.15
 1.14595 -53.6082     1.15
  1.1461  -53.603     1.15
 1.14625 -53.5977     1.15
  1.1464 -53.5925     1.15
 1.14655 -53.5873     1.15
  1.1467 -53.5821     1.15
 1.14685 -53.5769     1.15
   1.147 -53.5717     1.15
 1.14715 -53.5666     1.15
  1.1473 -53.5614     1.15
 1.14745 -53.5562     1.15
  1.1476 -53.5511     1.15
 1.14775 -53.5459     1.15
  1.1479 -53.5408     1.15
 1.14805 -53.5357     1.15
  1.1482 -53.5306     1.15
 1.14835 -53.5255     1.15
  1.1485 -53.5204     1.15
 1.14865 -53.5153     1.15
  1.1488 -53.5102     1.15
 1.14895 -53.5051     1.15
  1.1491 -53.5001     1.15
 1.14925  -53.495     1.15
  1.1494   -53.49     1.15
 1.14955 -53.4849     1.15
  1.1497 -53.4799     1.15
 1.14985 -53.4749     1.15
    1.15 -53.4699     1.15