 kgrid  ValNew  Policy 
    0.85 -78.2949     0.85
 0.85015  -78.275     0.85
  0.8503  -78.255     0.85
 0.85045 -78.2352     0.85
  0.8506 -78.2153     0.85
 0.85075 -78.1955     0.85
  0.8509 -78.1758     0.85
0.851051 -78.1561     0.85
0.851201 -78.1364     0.85
0.851351 -78.1168     0.85
0.851501 -78.0972     0.85
0.851651 -78.0777     0.85
0.851801 -78.0582     0.85
0.851951 -78.0388     0.85
0.852101 -78.0194     0.85
0.852251      -78     0.85
0.852401 -77.9807     0.85
0.852551 -77.9614     0.85
0.852701 -77.9422     0.85
0.852851  -77.923     0.85
0.853002 -77.9038     0.85
0.853152 -77.8847     0.85
0.853302 -77.8656     0.85
0.853452 -77.8466     0.85
0.853602 -77.8276     0.85
0.853752 -77.8087     0.85
0.853902 -77.7898     0.85
0.854052 -77.7709     0.85
0.854202 -77.7521     0.85
0.854352 -77.7333     0.85
0.854502 -77.7145     0.85
0.854652 -77.6958     0.85
0.854802 -77.6772     0.85
0.854952 -77.6585     0.85
0.855103   -77.64     0.85
0.855253 -77.6214     0.85
0.855403 -77.6029     0.85
0.855553 -77.5845     0.85
0.855703  -77.566     0.85
0.855853 -77.5476     0.85
0.856003 -77.5293     0.85
0.856153  -77.511     0.85
0.856303 -77.4927     0.85
0.856453 -77.4745     0.85
0.856603 -77.4563     0.85
0.856753 -77.4382     0.85
0.856903 -77.4201     0.85
0.857054  -77.402     0.85
0.857204  -77.384     0.85
0.857354  -77.366     0.85
0.857504  -77.348     0.85
0.857654 -77.3301     0.85
0.857804 -77.3122     0.85
0.857954 -77.2944     0.85
0.858104 -77.2766     0.85
0.858254 -77.2588     0.85
0.858404 -77.2411     0.85
0.858554 -77.2234     0.85
0.858704 -77.2057     0.85
0.858854 -77.1881     0.85
0.859005 -77.1705     0.85
0.859155  -77.153     0.85
0.859305 -77.1355     0.85
0.859455  -77.118     0.85
0.859605 -77.1006     0.85
0.859755 -77.0832     0.85
0.859905 -77.0659     0.85
0.860055 -77.0486     0.85
0.860205 -77.0313     0.85
0.860355  -77.014     0.85
0.860505 -76.9968     0.85
0.860655 -76.9797     0.85
0.860805 -76.9625     0.85
0.860955 -76.9454     0.85
0.861106 -76.9284     0.85
0.861256 -76.9113     0.85
0.861406 -76.8944     0.85
0.861556 -76.8774     0.85
0.861706 -76.8605     0.85
0.861856 -76.8436     0.85
0.862006 -76.8268     0.85
0.862156 -76.8099     0.85
0.862306 -76.7932     0.85
0.862456 -76.7764     0.85
0.862606 -76.7597     0.85
0.862756 -76.7431     0.85
0.862906 -76.7264     0.85
0.863057 -76.7098     0.85
0.863207 -76.6933     0.85
0.863357 -76.6767     0.85
0.863507 -76.6602     0.85
0.863657 -76.6438     0.85
0.863807 -76.6274     0.85
0.863957  -76.611     0.85
0.864107 -76.5946     0.85
0.864257 -76.5783     0.85
0.864407  -76.562     0.85
0.864557 -76.5457     0.85
0.864707 -76.5295     0.85
0.864857 -76.5133     0.85
0.865008 -76.4972     0.85
0.865158 -76.4811     0.85
0.865308  -76.465     0.85
0.865458 -76.4489     0.85
0.865608 -76.4329     0.85
0.865758 -76.4169     0.85
0.865908  -76.401     0.85
0.866058 -76.3851     0.85
0.866208 -76.3692     0.85
0.866358 -76.3533     0.85
0.866508 -76.3375     0.85
0.866658 -76.3217     0.85
0.866808  -76.306     0.85
0.866958 -76.2903     0.85
0.867109 -76.2746     0.85
0.867259 -76.2589     0.85
0.867409 -76.2433     0.85
0.867559 -76.2277     0.85
0.867709 -76.2122     0.85
0.867859 -76.1966     0.85
0.868009 -76.1811     0.85
0.868159 -76.1657     0.85
0.868309 -76.1502     0.85
0.868459 -76.1349     0.85
0.868609 -76.1195     0.85
0.868759 -76.1042     0.85
0.868909 -76.0889     0.85
 0.86906 -76.0736     0.85
 0.86921 -76.0584     0.85
 0.86936 -76.0431     0.85
 0.86951  -76.028     0.85
 0.86966 -76.0128     0.85
 0.86981 -75.9977     0.85
 0.86996 -75.9826     0.85
 0.87011 -75.9676     0.85
 0.87026 -75.9526     0.85
 0.87041 -75.9376     0.85
 0.87056 -75.9226     0.85
 0.87071 -75.9077     0.85
 0.87086 -75.8928  0.85015
0.871011 -75.8779   0.8503
0.871161  -75.863   0.8503
0.871311 -75.8481  0.85045
0.871461 -75.8333   0.8506
0.871611 -75.8184   0.8506
0.871761 -75.8036  0.85075
0.871911 -75.7888   0.8509
0.872061  -75.774   0.8509
0.872211 -75.7592 0.851051
0.872361 -75.7444 0.851201
0.872511 -75.7296 0.851201
0.872661 -75.7148 0.851351
0.872811 -75.7001 0.851351
0.872961 -75.6854 0.851501
0.873112 -75.6706 0.851651
0.873262 -75.6559 0.851801
0.873412 -75.6412 0.851801
0.873562 -75.6265 0.851951
0.873712 -75.6118 0.852101
0.873862 -75.5972 0.852101
0.874012 -75.5825 0.852251
0.874162 -75.5679 0.852401
0.874312 -75.5532 0.852551
0.874462 -75.5386 0.852551
0.874612  -75.524 0.852701
0.874762 -75.5094 0.852851
0.874912 -75.4948 0.852851
0.875063 -75.4802 0.853002
0.875213 -75.4656 0.853152
0.875363 -75.4511 0.853302
0.875513 -75.4365 0.853302
0.875663  -75.422 0.853452
0.875813 -75.4075 0.853602
0.875963 -75.3929 0.853602
0.876113 -75.3784 0.853752
0.876263 -75.3639 0.853902
0.876413 -75.3495 0.854052
0.876563  -75.335 0.854052
0.876713 -75.3205 0.854202
0.876863 -75.3061 0.854352
0.877014 -75.2916 0.854352
0.877164 -75.2772 0.854502
0.877314 -75.2627 0.854652
0.877464 -75.2483 0.854802
0.877614 -75.2339 0.854802
0.877764 -75.2195 0.854952
0.877914 -75.2052 0.855103
0.878064 -75.1908 0.855253
0.878214 -75.1764 0.855253
0.878364 -75.1621 0.855403
0.878514 -75.1477 0.855553
0.878664 -75.1334 0.855553
0.878814 -75.1191 0.855703
0.878964 -75.1048 0.855853
0.879115 -75.0905 0.856003
0.879265 -75.0762 0.856003
0.879415 -75.0619 0.856153
0.879565 -75.0476 0.856303
0.879715 -75.0334 0.856453
0.879865 -75.0191 0.856453
0.880015 -75.0049 0.856603
0.880165 -74.9907 0.856753
0.880315 -74.9764 0.856753
0.880465 -74.9622 0.856903
0.880615  -74.948 0.857054
0.880765 -74.9338 0.857204
0.880915 -74.9197 0.857204
0.881066 -74.9055 0.857354
0.881216 -74.8913 0.857504
0.881366 -74.8772 0.857654
0.881516 -74.8631 0.857654
0.881666 -74.8489 0.857804
0.881816 -74.8348 0.857954
0.881966 -74.8207 0.857954
0.882116 -74.8066 0.858104
0.882266 -74.7925 0.858254
0.882416 -74.7784 0.858404
0.882566 -74.7644 0.858404
0.882716 -74.7503 0.858554
0.882866 -74.7363 0.858704
0.883017 -74.7222 0.858854
0.883167 -74.7082 0.858854
0.883317 -74.6942 0.859005
0.883467 -74.6802 0.859155
0.883617 -74.6662 0.859155
0.883767 -74.6522 0.859305
0.883917 -74.6382 0.859455
0.884067 -74.6242 0.859605
0.884217 -74.6103 0.859605
0.884367 -74.5963 0.859755
0.884517 -74.5824 0.859905
0.884667 -74.5685 0.860055
0.884817 -74.5545 0.860055
0.884967 -74.5406 0.860205
0.885118 -74.5267 0.860355
0.885268 -74.5128 0.860355
0.885418  -74.499 0.860505
0.885568 -74.4851 0.860655
0.885718 -74.4712 0.860805
0.885868 -74.4574 0.860805
0.886018 -74.4435 0.860955
0.886168 -74.4297 0.861106
0.886318 -74.4159 0.861256
0.886468 -74.4021 0.861256
0.886618 -74.3882 0.861406
0.886768 -74.3744 0.861556
0.886918 -74.3607 0.861706
0.887069 -74.3469 0.861706
0.887219 -74.3331 0.861856
0.887369 -74.3194 0.862006
0.887519 -74.3056 0.862156
0.887669 -74.2919 0.862156
0.887819 -74.2781 0.862306
0.887969 -74.2644 0.862456
0.888119 -74.2507 0.862606
0.888269  -74.237 0.862606
0.888419 -74.2233 0.862756
0.888569 -74.2096 0.862906
0.888719 -74.1959 0.863057
0.888869 -74.1823 0.863057
 0.88902 -74.1686 0.863207
 0.88917  -74.155 0.863357
 0.88932 -74.1413 0.863507
 0.88947 -74.1277 0.863507
 0.88962 -74.1141 0.863657
 0.88977 -74.1005 0.863807
 0.88992 -74.0869 0.863957
 0.89007 -74.0733 0.863957
 0.89022 -74.0597 0.864107
 0.89037 -74.0461 0.864257
 0.89052 -74.0326 0.864257
 0.89067  -74.019 0.864407
 0.89082 -74.0055 0.864557
 0.89097 -73.9919 0.864707
0.891121 -73.9784 0.864857
0.891271 -73.9649 0.864857
0.891421 -73.9514 0.865008
0.891571 -73.9379 0.865158
0.891721 -73.9244 0.865158
0.891871 -73.9109 0.865308
0.892021 -73.8974 0.865458
0.892171 -73.8839 0.865608
0.892321 -73.8705 0.865608
0.892471  -73.857 0.865758
0.892621 -73.8436 0.865908
0.892771 -73.8302 0.866058
0.892921 -73.8167 0.866058
0.893072 -73.8033 0.866208
0.893222 -73.7899 0.866358
0.893372 -73.7765 0.866508
0.893522 -73.7631 0.866508
0.893672 -73.7498 0.866658
0.893822 -73.7364 0.866808
0.893972  -73.723 0.866958
0.894122 -73.7097 0.866958
0.894272 -73.6963 0.867109
0.894422  -73.683 0.867259
0.894572 -73.6697 0.867409
0.894722 -73.6564 0.867409
0.894872 -73.6431 0.867559
0.895023 -73.6298 0.867709
0.895173 -73.6165 0.867859
0.895323 -73.6032 0.867859
0.895473 -73.5899 0.868009
0.895623 -73.5766 0.868159
0.895773 -73.5634 0.868309
0.895923 -73.5501 0.868309
0.896073 -73.5369 0.868459
0.896223 -73.5237 0.868609
0.896373 -73.5105 0.868759
0.896523 -73.4972 0.868909
0.896673  -73.484 0.868909
0.896823 -73.4708  0.86906
0.896973 -73.4577  0.86921
0.897124 -73.4445  0.86936
0.897274 -73.4313  0.86936
0.897424 -73.4181  0.86951
0.897574  -73.405  0.86966
0.897724 -73.3919  0.86981
0.897874 -73.3787  0.86981
0.898024 -73.3656  0.86996
0.898174 -73.3525  0.87011
0.898324 -73.3394  0.87026
0.898474 -73.3263  0.87026
0.898624 -73.3132  0.87041
0.898774 -73.3001  0.87056
0.898924  -73.287  0.87071
0.899075 -73.2739  0.87071
0.899225 -73.2609  0.87086
0.899375 -73.2478 0.871011
0.899525 -73.2348 0.871161
0.899675 -73.2217 0.871311
0.899825 -73.2087 0.871461
0.899975 -73.1957 0.871611
0.900125 -73.1826 0.871611
0.900275 -73.1696 0.871761
0.900425 -73.1566 0.871911
0.900575 -73.1436 0.872061
0.900725 -73.1306 0.872211
0.900875 -73.1176 0.872361
0.901026 -73.1046 0.872361
0.901176 -73.0916 0.872511
0.901326 -73.0787 0.872661
0.901476 -73.0657 0.872811
0.901626 -73.0527 0.872961
0.901776 -73.0398 0.873112
0.901926 -73.0268 0.873262
0.902076 -73.0139 0.873262
0.902226  -73.001 0.873412
0.902376  -72.988 0.873562
0.902526 -72.9751 0.873712
0.902676 -72.9622 0.873862
0.902826 -72.9493 0.874012
0.902976 -72.9364 0.874162
0.903127 -72.9234 0.874162
0.903277 -72.9106 0.874312
0.903427 -72.8977 0.874462
0.903577 -72.8848 0.874612
0.903727 -72.8719 0.874762
0.903877  -72.859 0.874912
0.904027 -72.8462 0.875063
0.904177 -72.8333 0.875063
0.904327 -72.8204 0.875213
0.904477 -72.8076 0.875363
0.904627 -72.7948 0.875513
0.904777 -72.7819 0.875663
0.904927 -72.7691 0.875813
0.905078 -72.7563 0.875963
0.905228 -72.7434 0.875963
0.905378 -72.7306 0.876113
0.905528 -72.7178 0.876263
0.905678  -72.705 0.876413
0.905828 -72.6922 0.876563
0.905978 -72.6794 0.876713
0.906128 -72.6666 0.876863
0.906278 -72.6539 0.876863
0.906428 -72.6411 0.877014
0.906578 -72.6283 0.877164
0.906728 -72.6156 0.877314
0.906878 -72.6028 0.877464
0.907029 -72.5901 0.877614
0.907179 -72.5773 0.877764
0.907329 -72.5646 0.877764
0.907479 -72.5518 0.877914
0.907629 -72.5391 0.878064
0.907779 -72.5264 0.878214
0.907929 -72.5137 0.878364
0.908079  -72.501 0.878514
0.908229 -72.4883 0.878664
0.908379 -72.4756 0.878814
0.908529 -72.4629 0.878814
0.908679 -72.4502 0.878964
0.908829 -72.4375 0.879115
0.908979 -72.4248 0.879265
 0.90913 -72.4122 0.879415
 0.90928 -72.3995 0.879565
 0.90943 -72.3868 0.879715
 0.90958 -72.3742 0.879715
 0.90973 -72.3615 0.879865
 0.90988 -72.3489 0.880015
 0.91003 -72.3363 0.880165
 0.91018 -72.3236 0.880315
 0.91033  -72.311 0.880465
 0.91048 -72.2984 0.880615
 0.91063 -72.2858 0.880765
 0.91078 -72.2732 0.880765
 0.91093 -72.2605 0.880915
0.911081 -72.2479 0.881066
0.911231 -72.2354 0.881216
0.911381 -72.2228 0.881366
0.911531 -72.2102 0.881516
0.911681 -72.1976 0.881666
0.911831  -72.185 0.881816
0.911981 -72.1725 0.881816
0.912131 -72.1599 0.881966
0.912281 -72.1473 0.882116
0.912431 -72.1348 0.882266
0.912581 -72.1222 0.882416
0.912731 -72.1097 0.882566
0.912881 -72.0972 0.882716
0.913032 -72.0846 0.882866
0.913182 -72.0721 0.882866
0.913332 -72.0596 0.883017
0.913482 -72.0471 0.883167
0.913632 -72.0346 0.883317
0.913782 -72.0221 0.883467
0.913932 -72.0096 0.883617
0.914082 -71.9971 0.883767
0.914232 -71.9846 0.883917
0.914382 -71.9721 0.883917
0.914532 -71.9596 0.884067
0.914682 -71.9471 0.884217
0.914832 -71.9347 0.884367
0.914982 -71.9222 0.884517
0.915133 -71.9098 0.884667
0.915283 -71.8973 0.884817
0.915433 -71.8849 0.884967
0.915583 -71.8724 0.885118
0.915733   -71.86 0.885118
0.915883 -71.8475 0.885268
0.916033 -71.8351 0.885418
0.916183 -71.8227 0.885568
0.916333 -71.8103 0.885718
0.916483 -71.7979 0.885868
0.916633 -71.7855 0.886018
0.916783 -71.7731 0.886168
0.916933 -71.7607 0.886168
0.917084 -71.7483 0.886318
0.917234 -71.7359 0.886468
0.917384 -71.7235 0.886618
0.917534 -71.7111 0.886768
0.917684 -71.6988 0.886918
0.917834 -71.6864 0.887069
0.917984  -71.674 0.887219
0.918134 -71.6617 0.887369
0.918284 -71.6493 0.887369
0.918434  -71.637 0.887519
0.918584 -71.6246 0.887669
0.918734 -71.6123 0.887819
0.918884    -71.6 0.887969
0.919035 -71.5877 0.888119
0.919185 -71.5753 0.888269
0.919335  -71.563 0.888419
0.919485 -71.5507 0.888419
0.919635 -71.5384 0.888569
0.919785 -71.5261 0.888719
0.919935 -71.5138 0.888869
0.920085 -71.5015  0.88902
0.920235 -71.4892  0.88917
0.920385  -71.477  0.88932
0.920535 -71.4647  0.88947
0.920685 -71.4524  0.88962
0.920835 -71.4401  0.88962
0.920985 -71.4279  0.88977
0.921136 -71.4156  0.88992
0.921286 -71.4034  0.89007
0.921436 -71.3911  0.89022
0.921586 -71.3789  0.89037
0.921736 -71.3667  0.89052
0.921886 -71.3544  0.89067
0.922036 -71.3422  0.89082
0.922186   -71.33  0.89082
0.922336 -71.3178  0.89097
0.922486 -71.3055 0.891121
0.922636 -71.2933 0.891271
0.922786 -71.2811 0.891421
0.922936 -71.2689 0.891571
0.923087 -71.2568 0.891721
0.923237 -71.2446 0.891871
0.923387 -71.2324 0.892021
0.923537 -71.2202 0.892021
0.923687  -71.208 0.892171
0.923837 -71.1959 0.892321
0.923987 -71.1837 0.892471
0.924137 -71.1715 0.892621
0.924287 -71.1594 0.892771
0.924437 -71.1472 0.892921
0.924587 -71.1351 0.893072
0.924737  -71.123 0.893222
0.924887 -71.1108 0.893222
0.925038 -71.0987 0.893372
0.925188 -71.0866 0.893522
0.925338 -71.0745 0.893672
0.925488 -71.0623 0.893822
0.925638 -71.0502 0.893972
0.925788 -71.0381 0.894122
0.925938  -71.026 0.894272
0.926088 -71.0139 0.894422
0.926238 -71.0018 0.894422
0.926388 -70.9897 0.894572
0.926538 -70.9777 0.894722
0.926688 -70.9656 0.894872
0.926838 -70.9535 0.895023
0.926988 -70.9414 0.895173
0.927139 -70.9294 0.895323
0.927289 -70.9173 0.895473
0.927439 -70.9053 0.895623
0.927589 -70.8932 0.895623
0.927739 -70.8812 0.895773
0.927889 -70.8691 0.895923
0.928039 -70.8571 0.896073
0.928189 -70.8451 0.896223
0.928339 -70.8331 0.896373
0.928489  -70.821 0.896523
0.928639  -70.809 0.896673
0.928789  -70.797 0.896823
0.928939  -70.785 0.896823
 0.92909  -70.773 0.896973
 0.92924  -70.761 0.897124
 0.92939  -70.749 0.897274
 0.92954  -70.737 0.897424
 0.92969  -70.725 0.897574
 0.92984 -70.7131 0.897724
 0.92999 -70.7011 0.897874
 0.93014 -70.6891 0.898024
 0.93029 -70.6771 0.898174
 0.93044 -70.6652 0.898174
 0.93059 -70.6532 0.898324
 0.93074 -70.6413 0.898474
 0.93089 -70.6293 0.898624
0.931041 -70.6174 0.898774
0.931191 -70.6055 0.898924
0.931341 -70.5935 0.899075
0.931491 -70.5816 0.899225
0.931641 -70.5697 0.899375
0.931791 -70.5578 0.899525
0.931941 -70.5458 0.899525
0.932091 -70.5339 0.899675
0.932241  -70.522 0.899825
0.932391 -70.5101 0.899975
0.932541 -70.4982 0.900125
0.932691 -70.4863 0.900275
0.932841 -70.4744 0.900425
0.932991 -70.4625 0.900575
0.933142 -70.4507 0.900725
0.933292 -70.4388 0.900875
0.933442 -70.4269 0.901026
0.933592  -70.415 0.901026
0.933742 -70.4032 0.901176
0.933892 -70.3913 0.901326
0.934042 -70.3795 0.901476
0.934192 -70.3676 0.901626
0.934342 -70.3558 0.901776
0.934492 -70.3439 0.901926
0.934642 -70.3321 0.902076
0.934792 -70.3202 0.902226
0.934942 -70.3084 0.902376
0.935093 -70.2966 0.902526
0.935243 -70.2848 0.902526
0.935393 -70.2729 0.902676
0.935543 -70.2611 0.902826
0.935693 -70.2493 0.902976
0.935843 -70.2375 0.903127
0.935993 -70.2257 0.903277
0.936143 -70.2139 0.903427
0.936293 -70.2021 0.903577
0.936443 -70.1903 0.903727
0.936593 -70.1786 0.903877
0.936743 -70.1668 0.904027
0.936893  -70.155 0.904027
0.937044 -70.1432 0.904177
0.937194 -70.1315 0.904327
0.937344 -70.1197 0.904477
0.937494 -70.1079 0.904627
0.937644 -70.0962 0.904777
0.937794 -70.0844 0.904927
0.937944 -70.0727 0.905078
0.938094 -70.0609 0.905228
0.938244 -70.0492 0.905378
0.938394 -70.0375 0.905528
0.938544 -70.0257 0.905678
0.938694  -70.014 0.905678
0.938844 -70.0023 0.905828
0.938994 -69.9905 0.905978
0.939145 -69.9788 0.906128
0.939295 -69.9671 0.906278
0.939445 -69.9554 0.906428
0.939595 -69.9437 0.906578
0.939745  -69.932 0.906728
0.939895 -69.9203 0.906878
0.940045 -69.9086 0.907029
0.940195 -69.8969 0.907179
0.940345 -69.8853 0.907179
0.940495 -69.8736 0.907329
0.940645 -69.8619 0.907479
0.940795 -69.8502 0.907629
0.940945 -69.8386 0.907779
0.941096 -69.8269 0.907929
0.941246 -69.8152 0.908079
0.941396 -69.8036 0.908229
0.941546 -69.7919 0.908379
0.941696 -69.7803 0.908529
0.941846 -69.7686 0.908679
0.941996  -69.757 0.908829
0.942146 -69.7454 0.908829
0.942296 -69.7337 0.908979
0.942446 -69.7221  0.90913
0.942596 -69.7105  0.90928
0.942746 -69.6989  0.90943
0.942896 -69.6873  0.90958
0.943047 -69.6757  0.90973
0.943197  -69.664  0.90988
0.943347 -69.6524  0.91003
0.943497 -69.6408  0.91018
0.943647 -69.6292  0.91033
0.943797 -69.6177  0.91048
0.943947 -69.6061  0.91048
0.944097 -69.5945  0.91063
0.944247 -69.5829  0.91078
0.944397 -69.5713  0.91093
0.944547 -69.5598 0.911081
0.944697 -69.5482 0.911231
0.944847 -69.5366 0.911381
0.944997 -69.5251 0.911531
0.945148 -69.5135 0.911681
0.945298  -69.502 0.911831
0.945448 -69.4904 0.911981
0.945598 -69.4789 0.912131
0.945748 -69.4673 0.912281
0.945898 -69.4558 0.912281
0.946048 -69.4443 0.912431
0.946198 -69.4327 0.912581
0.946348 -69.4212 0.912731
0.946498 -69.4097 0.912881
0.946648 -69.3982 0.913032
0.946798 -69.3867 0.913182
0.946948 -69.3751 0.913332
0.947099 -69.3636 0.913482
0.947249 -69.3521 0.913632
0.947399 -69.3406 0.913782
0.947549 -69.3291 0.913932
0.947699 -69.3177 0.913932
0.947849 -69.3062 0.914082
0.947999 -69.2947 0.914232
0.948149 -69.2832 0.914382
0.948299 -69.2717 0.914532
0.948449 -69.2603 0.914682
0.948599 -69.2488 0.914832
0.948749 -69.2373 0.914982
0.948899 -69.2259 0.915133
 0.94905 -69.2144 0.915283
  0.9492  -69.203 0.915433
 0.94935 -69.1915 0.915583
  0.9495 -69.1801 0.915733
 0.94965 -69.1686 0.915733
  0.9498 -69.1572 0.915883
 0.94995 -69.1457 0.916033
  0.9501 -69.1343 0.916183
 0.95025 -69.1229 0.916333
  0.9504 -69.1115 0.916483
 0.95055 -69.1001 0.916633
  0.9507 -69.0886 0.916783
 0.95085 -69.0772 0.916933
0.951001 -69.0658 0.917084
0.951151 -69.0544 0.917234
0.951301  -69.043 0.917384
0.951451 -69.0316 0.917534
0.951601 -69.0202 0.917534
0.951751 -69.0088 0.917684
0.951901 -68.9975 0.917834
0.952051 -68.9861 0.917984
0.952201 -68.9747 0.918134
0.952351 -68.9633 0.918284
0.952501 -68.9519 0.918434
0.952651 -68.9406 0.918584
0.952801 -68.9292 0.918734
0.952951 -68.9179 0.918884
0.953102 -68.9065 0.919035
0.953252 -68.8952 0.919185
0.953402 -68.8838 0.919335
0.953552 -68.8725 0.919335
0.953702 -68.8611 0.919485
0.953852 -68.8498 0.919635
0.954002 -68.8385 0.919785
0.954152 -68.8271 0.919935
0.954302 -68.8158 0.920085
0.954452 -68.8045 0.920235
0.954602 -68.7932 0.920385
0.954752 -68.7818 0.920535
0.954902 -68.7705 0.920685
0.955053 -68.7592 0.920835
0.955203 -68.7479 0.920985
0.955353 -68.7366 0.921136
0.955503 -68.7253 0.921136
0.955653  -68.714 0.921286
0.955803 -68.7027 0.921436
0.955953 -68.6915 0.921586
0.956103 -68.6802 0.921736
0.956253 -68.6689 0.921886
0.956403 -68.6576 0.922036
0.956553 -68.6464 0.922186
0.956703 -68.6351 0.922336
0.956853 -68.6238 0.922486
0.957004 -68.6126 0.922636
0.957154 -68.6013 0.922786
0.957304 -68.5901 0.922936
0.957454 -68.5788 0.922936
0.957604 -68.5676 0.923087
0.957754 -68.5563 0.923237
0.957904 -68.5451 0.923387
0.958054 -68.5338 0.923537
0.958204 -68.5226 0.923687
0.958354 -68.5114 0.923837
0.958504 -68.5002 0.923987
0.958654 -68.4889 0.924137
0.958804 -68.4777 0.924287
0.958954 -68.4665 0.924437
0.959105 -68.4553 0.924587
0.959255 -68.4441 0.924737
0.959405 -68.4329 0.924887
0.959555 -68.4217 0.924887
0.959705 -68.4105 0.925038
0.959855 -68.3993 0.925188
0.960005 -68.3881 0.925338
0.960155 -68.3769 0.925488
0.960305 -68.3658 0.925638
0.960455 -68.3546 0.925788
0.960605 -68.3434 0.925938
0.960755 -68.3322 0.926088
0.960905 -68.3211 0.926238
0.961056 -68.3099 0.926388
0.961206 -68.2988 0.926538
0.961356 -68.2876 0.926688
0.961506 -68.2764 0.926688
0.961656 -68.2653 0.926838
0.961806 -68.2541 0.926988
0.961956  -68.243 0.927139
0.962106 -68.2319 0.927289
0.962256 -68.2207 0.927439
0.962406 -68.2096 0.927589
0.962556 -68.1985 0.927739
0.962706 -68.1874 0.927889
0.962856 -68.1762 0.928039
0.963007 -68.1651 0.928189
0.963157  -68.154 0.928339
0.963307 -68.1429 0.928489
0.963457 -68.1318 0.928639
0.963607 -68.1207 0.928639
0.963757 -68.1096 0.928789
0.963907 -68.0985 0.928939
0.964057 -68.0874  0.92909
0.964207 -68.0763  0.92924
0.964357 -68.0652  0.92939
0.964507 -68.0541  0.92954
0.964657 -68.0431  0.92969
0.964807  -68.032  0.92984
0.964957 -68.0209  0.92999
0.965108 -68.0098  0.93014
0.965258 -67.9988  0.93029
0.965408 -67.9877  0.93044
0.965558 -67.9767  0.93044
0.965708 -67.9656  0.93059
0.965858 -67.9546  0.93074
0.966008 -67.9435  0.93089
0.966158 -67.9325 0.931041
0.966308 -67.9214 0.931191
0.966458 -67.9104 0.931341
0.966608 -67.8994 0.931491
0.966758 -67.8883 0.931641
0.966908 -67.8773 0.931791
0.967059 -67.8663 0.931941
0.967209 -67.8553 0.932091
0.967359 -67.8442 0.932241
0.967509 -67.8332 0.932391
0.967659 -67.8222 0.932541
0.967809 -67.8112 0.932541
0.967959 -67.8002 0.932691
0.968109 -67.7892 0.932841
0.968259 -67.7782 0.932991
0.968409 -67.7672 0.933142
0.968559 -67.7562 0.933292
0.968709 -67.7453 0.933442
0.968859 -67.7343 0.933592
 0.96901 -67.7233 0.933742
 0.96916 -67.7123 0.933892
 0.96931 -67.7014 0.934042
 0.96946 -67.6904 0.934192
 0.96961 -67.6794 0.934342
 0.96976 -67.6685 0.934492
 0.96991 -67.6575 0.934492
 0.97006 -67.6465 0.934642
 0.97021 -67.6356 0.934792
 0.97036 -67.6246 0.934942
 0.97051 -67.6137 0.935093
 0.97066 -67.6028 0.935243
 0.97081 -67.5918 0.935393
 0.97096 -67.5809 0.935543
0.971111   -67.57 0.935693
0.971261  -67.559 0.935843
0.971411 -67.5481 0.935993
0.971561 -67.5372 0.936143
0.971711 -67.5263 0.936293
0.971861 -67.5153 0.936443
0.972011 -67.5044 0.936593
0.972161 -67.4935 0.936593
0.972311 -67.4826 0.936743
0.972461 -67.4717 0.936893
0.972611 -67.4608 0.937044
0.972761 -67.4499 0.937194
0.972911  -67.439 0.937344
0.973062 -67.4281 0.937494
0.973212 -67.4173 0.937644
0.973362 -67.4064 0.937794
0.973512 -67.3955 0.937944
0.973662 -67.3846 0.938094
0.973812 -67.3738 0.938244
0.973962 -67.3629 0.938394
0.974112  -67.352 0.938544
0.974262 -67.3412 0.938694
0.974412 -67.3303 0.938694
0.974562 -67.3194 0.938844
0.974712 -67.3086 0.938994
0.974862 -67.2977 0.939145
0.975013 -67.2869 0.939295
0.975163 -67.2761 0.939445
0.975313 -67.2652 0.939595
0.975463 -67.2544 0.939745
0.975613 -67.2436 0.939895
0.975763 -67.2327 0.940045
0.975913 -67.2219 0.940195
0.976063 -67.2111 0.940345
0.976213 -67.2003 0.940495
0.976363 -67.1894 0.940645
0.976513 -67.1786 0.940795
0.976663 -67.1678 0.940795
0.976813  -67.157 0.940945
0.976963 -67.1462 0.941096
0.977114 -67.1354 0.941246
0.977264 -67.1246 0.941396
0.977414 -67.1138 0.941546
0.977564  -67.103 0.941696
0.977714 -67.0923 0.941846
0.977864 -67.0815 0.941996
0.978014 -67.0707 0.942146
0.978164 -67.0599 0.942296
0.978314 -67.0491 0.942446
0.978464 -67.0384 0.942596
0.978614 -67.0276 0.942746
0.978764 -67.0168 0.942746
0.978914 -67.0061 0.942896
0.979065 -66.9953 0.943047
0.979215 -66.9846 0.943197
0.979365 -66.9738 0.943347
0.979515 -66.9631 0.943497
0.979665 -66.9523 0.943647
0.979815 -66.9416 0.943797
0.979965 -66.9309 0.943947
0.980115 -66.9201 0.944097
0.980265 -66.9094 0.944247
0.980415 -66.8987 0.944397
0.980565 -66.8879 0.944547
0.980715 -66.8772 0.944697
0.980865 -66.8665 0.944847
0.981016 -66.8558 0.944847
0.981166 -66.8451 0.944997
0.981316 -66.8344 0.945148
0.981466 -66.8237 0.945298
0.981616  -66.813 0.945448
0.981766 -66.8023 0.945598
0.981916 -66.7916 0.945748
0.982066 -66.7809 0.945898
0.982216 -66.7702 0.946048
0.982366 -66.7595 0.946198
0.982516 -66.7488 0.946348
0.982666 -66.7381 0.946498
0.982816 -66.7275 0.946648
0.982966 -66.7168 0.946798
0.983117 -66.7061 0.946948
0.983267 -66.6954 0.947099
0.983417 -66.6848 0.947099
0.983567 -66.6741 0.947249
0.983717 -66.6635 0.947399
0.983867 -66.6528 0.947549
0.984017 -66.6422 0.947699
0.984167 -66.6315 0.947849
0.984317 -66.6209 0.947999
0.984467 -66.6102 0.948149
0.984617 -66.5996 0.948299
0.984767 -66.5889 0.948449
0.984917 -66.5783 0.948599
0.985068 -66.5677 0.948749
0.985218 -66.5571 0.948899
0.985368 -66.5464  0.94905
0.985518 -66.5358   0.9492
0.985668 -66.5252   0.9492
0.985818 -66.5146  0.94935
0.985968  -66.504   0.9495
0.986118 -66.4934  0.94965
0.986268 -66.4828   0.9498
0.986418 -66.4722  0.94995
0.986568 -66.4616   0.9501
0.986718  -66.451  0.95025
0.986868 -66.4404   0.9504
0.987019 -66.4298  0.95055
0.987169 -66.4192   0.9507
0.987319 -66.4086  0.95085
0.987469 -66.3981 0.951001
0.987619 -66.3875 0.951151
0.987769 -66.3769 0.951301
0.987919 -66.3663 0.951451
0.988069 -66.3558 0.951451
0.988219 -66.3452 0.951601
0.988369 -66.3346 0.951751
0.988519 -66.3241 0.951901
0.988669 -66.3135 0.952051
0.988819  -66.303 0.952201
0.988969 -66.2924 0.952351
 0.98912 -66.2819 0.952501
 0.98927 -66.2713 0.952651
 0.98942 -66.2608 0.952801
 0.98957 -66.2503 0.952951
 0.98972 -66.2397 0.953102
 0.98987 -66.2292 0.953252
 0.99002 -66.2187 0.953402
 0.99017 -66.2082 0.953552
 0.99032 -66.1976 0.953702
 0.99047 -66.1871 0.953702
 0.99062 -66.1766 0.953852
 0.99077 -66.1661 0.954002
 0.99092 -66.1556 0.954152
0.991071 -66.1451 0.954302
0.991221 -66.1346 0.954452
0.991371 -66.1241 0.954602
0.991521 -66.1136 0.954752
0.991671 -66.1031 0.954902
0.991821 -66.0926 0.955053
0.991971 -66.0821 0.955203
0.992121 -66.0716 0.955353
0.992271 -66.0612 0.955503
0.992421 -66.0507 0.955653
0.992571 -66.0402 0.955803
0.992721 -66.0297 0.955803
0.992871 -66.0193 0.955953
0.993022 -66.0088 0.956103
0.993172 -65.9984 0.956253
0.993322 -65.9879 0.956403
0.993472 -65.9774 0.956553
0.993622  -65.967 0.956703
0.993772 -65.9565 0.956853
0.993922 -65.9461 0.957004
0.994072 -65.9357 0.957154
0.994222 -65.9252 0.957304
0.994372 -65.9148 0.957454
0.994522 -65.9043 0.957604
0.994672 -65.8939 0.957754
0.994822 -65.8835 0.957904
0.994972 -65.8731 0.958054
0.995123 -65.8626 0.958054
0.995273 -65.8522 0.958204
0.995423 -65.8418 0.958354
0.995573 -65.8314 0.958504
0.995723  -65.821 0.958654
0.995873 -65.8106 0.958804
0.996023 -65.8002 0.958954
0.996173 -65.7898 0.959105
0.996323 -65.7794 0.959255
0.996473  -65.769 0.959405
0.996623 -65.7586 0.959555
0.996773 -65.7482 0.959705
0.996923 -65.7378 0.959855
0.997074 -65.7274 0.960005
0.997224  -65.717 0.960155
0.997374 -65.7067 0.960305
0.997524 -65.6963 0.960305
0.997674 -65.6859 0.960455
0.997824 -65.6756 0.960605
0.997974 -65.6652 0.960755
0.998124 -65.6548 0.960905
0.998274 -65.6445 0.961056
0.998424 -65.6341 0.961206
0.998574 -65.6238 0.961356
0.998724 -65.6134 0.961506
0.998874 -65.6031 0.961656
0.999025 -65.5927 0.961806
0.999175 -65.5824 0.961956
0.999325 -65.5721 0.962106
0.999475 -65.5617 0.962256
0.999625 -65.5514 0.962406
0.999775 -65.5411 0.962556
0.999925 -65.5307 0.962556
 1.00008 -65.5204 0.962706
 1.00023 -65.5101 0.962856
 1.00038 -65.4998 0.963007
 1.00053 -65.4895 0.963157
 1.00068 -65.4792 0.963307
 1.00083 -65.4688 0.963457
 1.00098 -65.4585 0.963607
 1.00113 -65.4482 0.963757
 1.00128 -65.4379 0.963907
 1.00143 -65.4276 0.964057
 1.00158 -65.4174 0.964207
 1.00173 -65.4071 0.964357
 1.00188 -65.3968 0.964507
 1.00203 -65.3865 0.964657
 1.00218 -65.3762 0.964807
 1.00233 -65.3659 0.964807
 1.00248 -65.3557 0.964957
 1.00263 -65.3454 0.965108
 1.00278 -65.3351 0.965258
 1.00293 -65.3249 0.965408
 1.00308 -65.3146 0.965558
 1.00323 -65.3043 0.965708
 1.00338 -65.2941 0.965858
 1.00353 -65.2838 0.966008
 1.00368 -65.2736 0.966158
 1.00383 -65.2633 0.966308
 1.00398 -65.2531 0.966458
 1.00413 -65.2428 0.966608
 1.00428 -65.2326 0.966758
 1.00443 -65.2224 0.966908
 1.00458 -65.2121 0.967059
 1.00473 -65.2019 0.967059
 1.00488 -65.1917 0.967209
 1.00503 -65.1814 0.967359
 1.00518 -65.1712 0.967509
 1.00533  -65.161 0.967659
 1.00548 -65.1508 0.967809
 1.00563 -65.1406 0.967959
 1.00578 -65.1304 0.968109
 1.00593 -65.1201 0.968259
 1.00608 -65.1099 0.968409
 1.00623 -65.0997 0.968559
 1.00638 -65.0895 0.968709
 1.00653 -65.0793 0.968859
 1.00668 -65.0692  0.96901
 1.00683  -65.059  0.96916
 1.00698 -65.0488  0.96931
 1.00713 -65.0386  0.96931
 1.00728 -65.0284  0.96946
 1.00743 -65.0182  0.96961
 1.00758 -65.0081  0.96976
 1.00773 -64.9979  0.96991
 1.00788 -64.9877  0.97006
 1.00803 -64.9776  0.97021
 1.00818 -64.9674  0.97036
 1.00833 -64.9572  0.97051
 1.00848 -64.9471  0.97066
 1.00863 -64.9369  0.97081
 1.00878 -64.9268  0.97096
 1.00893 -64.9166 0.971111
 1.00908 -64.9065 0.971261
 1.00923 -64.8963 0.971411
 1.00938 -64.8862 0.971561
 1.00953  -64.876 0.971711
 1.00968 -64.8659 0.971711
 1.00983 -64.8558 0.971861
 1.00998 -64.8456 0.972011
 1.01013 -64.8355 0.972161
 1.01028 -64.8254 0.972311
 1.01043 -64.8153 0.972461
 1.01058 -64.8052 0.972611
 1.01073  -64.795 0.972761
 1.01088 -64.7849 0.972911
 1.01103 -64.7748 0.973062
 1.01118 -64.7647 0.973212
 1.01133 -64.7546 0.973362
 1.01148 -64.7445 0.973512
 1.01163 -64.7344 0.973662
 1.01178 -64.7243 0.973812
 1.01193 -64.7142 0.973962
 1.01208 -64.7041 0.973962
 1.01223 -64.6941 0.974112
 1.01238  -64.684 0.974262
 1.01253 -64.6739 0.974412
 1.01268 -64.6638 0.974562
 1.01283 -64.6537 0.974712
 1.01298 -64.6437 0.974862
 1.01313 -64.6336 0.975013
 1.01328 -64.6235 0.975163
 1.01343 -64.6135 0.975313
 1.01358 -64.6034 0.975463
 1.01373 -64.5934 0.975613
 1.01388 -64.5833 0.975763
 1.01403 -64.5732 0.975913
 1.01418 -64.5632 0.976063
 1.01433 -64.5532 0.976213
 1.01448 -64.5431 0.976213
 1.01463 -64.5331 0.976363
 1.01478  -64.523 0.976513
 1.01493  -64.513 0.976663
 1.01508  -64.503 0.976813
 1.01523 -64.4929 0.976963
 1.01538 -64.4829 0.977114
 1.01553 -64.4729 0.977264
 1.01568 -64.4629 0.977414
 1.01583 -64.4528 0.977564
 1.01598 -64.4428 0.977714
 1.01613 -64.4328 0.977864
 1.01628 -64.4228 0.978014
 1.01643 -64.4128 0.978164
 1.01658 -64.4028 0.978314
 1.01673 -64.3928 0.978464
 1.01688 -64.3828 0.978614
 1.01703 -64.3728 0.978614
 1.01718 -64.3628 0.978764
 1.01733 -64.3528 0.978914
 1.01748 -64.3428 0.979065
 1.01763 -64.3329 0.979215
 1.01778 -64.3229 0.979365
 1.01793 -64.3129 0.979515
 1.01808 -64.3029 0.979665
 1.01823 -64.2929 0.979815
 1.01838  -64.283 0.979965
 1.01853  -64.273 0.980115
 1.01868  -64.263 0.980265
 1.01883 -64.2531 0.980415
 1.01898 -64.2431 0.980565
 1.01913 -64.2332 0.980715
 1.01928 -64.2232 0.980865
 1.01943 -64.2133 0.980865
 1.01958 -64.2033 0.981016
 1.01973 -64.1934 0.981166
 1.01988 -64.1834 0.981316
 1.02004 -64.1735 0.981466
 1.02019 -64.1636 0.981616
 1.02034 -64.1536 0.981766
 1.02049 -64.1437 0.981916
 1.02064 -64.1338 0.982066
 1.02079 -64.1238 0.982216
 1.02094 -64.1139 0.982366
 1.02109  -64.104 0.982516
 1.02124 -64.0941 0.982666
 1.02139 -64.0842 0.982816
 1.02154 -64.0743 0.982966
 1.02169 -64.0643 0.983117
 1.02184 -64.0544 0.983267
 1.02199 -64.0445 0.983267
 1.02214 -64.0346 0.983417
 1.02229 -64.0247 0.983567
 1.02244 -64.0148 0.983717
 1.02259  -64.005 0.983867
 1.02274 -63.9951 0.984017
 1.02289 -63.9852 0.984167
 1.02304 -63.9753 0.984317
 1.02319 -63.9654 0.984467
 1.02334 -63.9555 0.984617
 1.02349 -63.9457 0.984767
 1.02364 -63.9358 0.984917
 1.02379 -63.9259 0.985068
 1.02394  -63.916 0.985218
 1.02409 -63.9062 0.985368
 1.02424 -63.8963 0.985518
 1.02439 -63.8865 0.985668
 1.02454 -63.8766 0.985668
 1.02469 -63.8668 0.985818
 1.02484 -63.8569 0.985968
 1.02499 -63.8471 0.986118
 1.02514 -63.8372 0.986268
 1.02529 -63.8274 0.986418
 1.02544 -63.8175 0.986568
 1.02559 -63.8077 0.986718
 1.02574 -63.7979 0.986868
 1.02589  -63.788 0.987019
 1.02604 -63.7782 0.987169
 1.02619 -63.7684 0.987319
 1.02634 -63.7586 0.987469
 1.02649 -63.7487 0.987619
 1.02664 -63.7389 0.987769
 1.02679 -63.7291 0.987919
 1.02694 -63.7193 0.987919
 1.02709 -63.7095 0.988069
 1.02724 -63.6997 0.988219
 1.02739 -63.6899 0.988369
 1.02754 -63.6801 0.988519
 1.02769 -63.6703 0.988669
 1.02784 -63.6605 0.988819
 1.02799 -63.6507 0.988969
 1.02814 -63.6409  0.98912
 1.02829 -63.6311  0.98927
 1.02844 -63.6213  0.98942
 1.02859 -63.6115  0.98957
 1.02874 -63.6018  0.98972
 1.02889  -63.592  0.98987
 1.02904 -63.5822  0.99002
 1.02919 -63.5724  0.99017
 1.02934 -63.5627  0.99032
 1.02949 -63.5529  0.99032
 1.02964 -63.5431  0.99047
 1.02979 -63.5334  0.99062
 1.02994 -63.5236  0.99077
 1.03009 -63.5139  0.99092
 1.03024 -63.5041 0.991071
 1.03039 -63.4944 0.991221
 1.03054 -63.4846 0.991371
 1.03069 -63.4749 0.991521
 1.03084 -63.4651 0.991671
 1.03099 -63.4554 0.991821
 1.03114 -63.4456 0.991971
 1.03129 -63.4359 0.992121
 1.03144 -63.4262 0.992271
 1.03159 -63.4165 0.992421
 1.03174 -63.4067 0.992571
 1.03189  -63.397 0.992721
 1.03204 -63.3873 0.992721
 1.03219 -63.3776 0.992871
 1.03234 -63.3679 0.993022
 1.03249 -63.3581 0.993172
 1.03264 -63.3484 0.993322
 1.03279 -63.3387 0.993472
 1.03294  -63.329 0.993622
 1.03309 -63.3193 0.993772
 1.03324 -63.3096 0.993922
 1.03339 -63.2999 0.994072
 1.03354 -63.2902 0.994222
 1.03369 -63.2805 0.994372
 1.03384 -63.2709 0.994522
 1.03399 -63.2612 0.994672
 1.03414 -63.2515 0.994822
 1.03429 -63.2418 0.994972
 1.03444 -63.2321 0.994972
 1.03459 -63.2225 0.995123
 1.03474 -63.2128 0.995273
 1.03489 -63.2031 0.995423
 1.03504 -63.1935 0.995573
 1.03519 -63.1838 0.995723
 1.03534 -63.1741 0.995873
 1.03549 -63.1645 0.996023
 1.03564 -63.1548 0.996173
 1.03579 -63.1452 0.996323
 1.03594 -63.1355 0.996473
 1.03609 -63.1259 0.996623
 1.03624 -63.1162 0.996773
 1.03639 -63.1066 0.996923
 1.03654 -63.0969 0.997074
 1.03669 -63.0873 0.997224
 1.03684 -63.0777 0.997374
 1.03699  -63.068 0.997374
 1.03714 -63.0584 0.997524
 1.03729 -63.0488 0.997674
 1.03744 -63.0392 0.997824
 1.03759 -63.0295 0.997974
 1.03774 -63.0199 0.998124
 1.03789 -63.0103 0.998274
 1.03804 -63.0007 0.998424
 1.03819 -62.9911 0.998574
 1.03834 -62.9815 0.998724
 1.03849 -62.9719 0.998874
 1.03864 -62.9623 0.999025
 1.03879 -62.9527 0.999175
 1.03894 -62.9431 0.999325
 1.03909 -62.9335 0.999475
 1.03924 -62.9239 0.999625
 1.03939 -62.9143 0.999625
 1.03954 -62.9047 0.999775
 1.03969 -62.8951 0.999925
 1.03984 -62.8855  1.00008
 1.03999  -62.876  1.00023
 1.04015 -62.8664  1.00038
  1.0403 -62.8568  1.00053
 1.04045 -62.8472  1.00068
  1.0406 -62.8377  1.00083
 1.04075 -62.8281  1.00098
  1.0409 -62.8185  1.00113
 1.04105  -62.809  1.00128
  1.0412 -62.7994  1.00143
 1.04135 -62.7899  1.00158
  1.0415 -62.7803  1.00173
 1.04165 -62.7708  1.00188
  1.0418 -62.7612  1.00203
 1.04195 -62.7517  1.00203
  1.0421 -62.7421  1.00218
 1.04225 -62.7326  1.00233
  1.0424 -62.7231  1.00248
 1.04255 -62.7135  1.00263
  1.0427  -62.704  1.00278
 1.04285 -62.6945  1.00293
   1.043 -62.6849  1.00308
 1.04315 -62.6754  1.00323
  1.0433 -62.6659  1.00338
 1.04345 -62.6564  1.00353
  1.0436 -62.6469  1.00368
 1.04375 -62.6373  1.00383
  1.0439 -62.6278  1.00398
 1.04405 -62.6183  1.00413
  1.0442 -62.6088  1.00428
 1.04435 -62.5993  1.00443
  1.0445 -62.5898  1.00443
 1.04465 -62.5803  1.00458
  1.0448 -62.5708  1.00473
 1.04495 -62.5613  1.00488
  1.0451 -62.5518  1.00503
 1.04525 -62.5423  1.00518
  1.0454 -62.5329  1.00533
 1.04555 -62.5234  1.00548
  1.0457 -62.5139  1.00563
 1.04585 -62.5044  1.00578
   1.046  -62.495  1.00593
 1.04615 -62.4855  1.00608
  1.0463  -62.476  1.00623
 1.04645 -62.4665  1.00638
  1.0466 -62.4571  1.00653
 1.04675 -62.4476  1.00668
  1.0469 -62.4382  1.00683
 1.04705 -62.4287  1.00683
  1.0472 -62.4193  1.00698
 1.04735 -62.4098  1.00713
  1.0475 -62.4004  1.00728
 1.04765 -62.3909  1.00743
  1.0478 -62.3815  1.00758
 1.04795  -62.372  1.00773
  1.0481 -62.3626  1.00788
 1.04825 -62.3531  1.00803
  1.0484 -62.3437  1.00818
 1.04855 -62.3343  1.00833
  1.0487 -62.3249  1.00848
 1.04885 -62.3154  1.00863
   1.049  -62.306  1.00878
 1.04915 -62.2966  1.00893
  1.0493 -62.2872  1.00908
 1.04945 -62.2778  1.00908
  1.0496 -62.2683  1.00923
 1.04975 -62.2589  1.00938
  1.0499 -62.2495  1.00953
 1.05005 -62.2401  1.00968
  1.0502 -62.2307  1.00983
 1.05035 -62.2213  1.00998
  1.0505 -62.2119  1.01013
 1.05065 -62.2025  1.01028
  1.0508 -62.1931  1.01043
 1.05095 -62.1838  1.01058
  1.0511 -62.1744  1.01073
 1.05125  -62.165  1.01088
  1.0514 -62.1556  1.01103
 1.05155 -62.1462  1.01118
  1.0517 -62.1368  1.01133
 1.05185 -62.1275  1.01148
   1.052 -62.1181  1.01148
 1.05215 -62.1087  1.01163
  1.0523 -62.0994  1.01178
 1.05245   -62.09  1.01193
  1.0526 -62.0806  1.01208
 1.05275 -62.0713  1.01223
  1.0529 -62.0619  1.01238
 1.05305 -62.0526  1.01253
  1.0532 -62.0432  1.01268
 1.05335 -62.0339  1.01283
  1.0535 -62.0245  1.01298
 1.05365 -62.0152  1.01313
  1.0538 -62.0058  1.01328
 1.05395 -61.9965  1.01343
  1.0541 -61.9872  1.01358
 1.05425 -61.9778  1.01373
  1.0544 -61.9685  1.01388
 1.05455 -61.9592  1.01388
  1.0547 -61.9499  1.01403
 1.05485 -61.9405  1.01418
   1.055 -61.9312  1.01433
 1.05515 -61.9219  1.01448
  1.0553 -61.9126  1.01463
 1.05545 -61.9033  1.01478
  1.0556  -61.894  1.01493
 1.05575 -61.8846  1.01508
  1.0559 -61.8753  1.01523
 1.05605  -61.866  1.01538
  1.0562 -61.8567  1.01553
 1.05635 -61.8474  1.01568
  1.0565 -61.8381  1.01583
 1.05665 -61.8289  1.01598
  1.0568 -61.8196  1.01613
 1.05695 -61.8103  1.01613
  1.0571  -61.801  1.01628
 1.05725 -61.7917  1.01643
  1.0574 -61.7824  1.01658
 1.05755 -61.7732  1.01673
  1.0577 -61.7639  1.01688
 1.05785 -61.7546  1.01703
   1.058 -61.7453  1.01718
 1.05815 -61.7361  1.01733
  1.0583 -61.7268  1.01748
 1.05845 -61.7175  1.01763
  1.0586 -61.7083  1.01778
 1.05875  -61.699  1.01793
  1.0589 -61.6898  1.01808
 1.05905 -61.6805  1.01823
  1.0592 -61.6713  1.01838
 1.05935  -61.662  1.01853
  1.0595 -61.6528  1.01853
 1.05965 -61.6435  1.01868
  1.0598 -61.6343  1.01883
 1.05995 -61.6251  1.01898
 1.06011 -61.6158  1.01913
 1.06026 -61.6066  1.01928
 1.06041 -61.5974  1.01943
 1.06056 -61.5881  1.01958
 1.06071 -61.5789  1.01973
 1.06086 -61.5697  1.01988
 1.06101 -61.5605  1.02004
 1.06116 -61.5512  1.02019
 1.06131  -61.542  1.02034
 1.06146 -61.5328  1.02049
 1.06161 -61.5236  1.02064
 1.06176 -61.5144  1.02079
 1.06191 -61.5052  1.02079
 1.06206  -61.496  1.02094
 1.06221 -61.4868  1.02109
 1.06236 -61.4776  1.02124
 1.06251 -61.4684  1.02139
 1.06266 -61.4592  1.02154
 1.06281   -61.45  1.02169
 1.06296 -61.4408  1.02184
 1.06311 -61.4317  1.02199
 1.06326 -61.4225  1.02214
 1.06341 -61.4133  1.02229
 1.06356 -61.4041  1.02244
 1.06371 -61.3949  1.02259
 1.06386 -61.3858  1.02274
 1.06401 -61.3766  1.02289
 1.06416 -61.3674  1.02304
 1.06431 -61.3583  1.02319
 1.06446 -61.3491  1.02319
 1.06461 -61.3399  1.02334
 1.06476 -61.3308  1.02349
 1.06491 -61.3216  1.02364
 1.06506 -61.3125  1.02379
 1.06521 -61.3033  1.02394
 1.06536 -61.2942  1.02409
 1.06551  -61.285  1.02424
 1.06566 -61.2759  1.02439
 1.06581 -61.2668  1.02454
 1.06596 -61.2576  1.02469
 1.06611 -61.2485  1.02484
 1.06626 -61.2394  1.02499
 1.06641 -61.2302  1.02514
 1.06656 -61.2211  1.02529
 1.06671  -61.212  1.02544
 1.06686 -61.2028  1.02544
 1.06701 -61.1937  1.02559
 1.06716 -61.1846  1.02574
 1.06731 -61.1755  1.02589
 1.06746 -61.1664  1.02604
 1.06761 -61.1573  1.02619
 1.06776 -61.1482  1.02634
 1.06791 -61.1391  1.02649
 1.06806   -61.13  1.02664
 1.06821 -61.1209  1.02679
 1.06836 -61.1118  1.02694
 1.06851 -61.1027  1.02709
 1.06866 -61.0936  1.02724
 1.06881 -61.0845  1.02739
 1.06896 -61.0754  1.02754
 1.06911 -61.0663  1.02769
 1.06926 -61.0572  1.02784
 1.06941 -61.0481  1.02784
 1.06956 -61.0391  1.02799
 1.06971   -61.03  1.02814
 1.06986 -61.0209  1.02829
 1.07001 -61.0118  1.02844
 1.07016 -61.0028  1.02859
 1.07031 -60.9937  1.02874
 1.07046 -60.9846  1.02889
 1.07061 -60.9756  1.02904
 1.07076 -60.9665  1.02919
 1.07091 -60.9575  1.02934
 1.07106 -60.9484  1.02949
 1.07121 -60.9394  1.02964
 1.07136 -60.9303  1.02979
 1.07151 -60.9213  1.02994
 1.07166 -60.9122  1.03009
 1.07181 -60.9032  1.03009
 1.07196 -60.8941  1.03024
 1.07211 -60.8851  1.03039
 1.07226 -60.8761  1.03054
 1.07241  -60.867  1.03069
 1.07256  -60.858  1.03084
 1.07271  -60.849  1.03099
 1.07286   -60.84  1.03114
 1.07301 -60.8309  1.03129
 1.07316 -60.8219  1.03144
 1.07331 -60.8129  1.03159
 1.07346 -60.8039  1.03174
 1.07361 -60.7949  1.03189
 1.07376 -60.7859  1.03204
 1.07391 -60.7769  1.03219
 1.07406 -60.7679  1.03234
 1.07421 -60.7589  1.03234
 1.07436 -60.7499  1.03249
 1.07451 -60.7409  1.03264
 1.07466 -60.7319  1.03279
 1.07481 -60.7229  1.03294
 1.07496 -60.7139  1.03309
 1.07511 -60.7049  1.03324
 1.07526 -60.6959  1.03339
 1.07541 -60.6869  1.03354
 1.07556 -60.6779  1.03369
 1.07571  -60.669  1.03384
 1.07586   -60.66  1.03399
 1.07601  -60.651  1.03414
 1.07616  -60.642  1.03429
 1.07631 -60.6331  1.03444
 1.07646 -60.6241  1.03459
 1.07661 -60.6152  1.03474
 1.07676 -60.6062  1.03474
 1.07691 -60.5972  1.03489
 1.07706 -60.5883  1.03504
 1.07721 -60.5793  1.03519
 1.07736 -60.5704  1.03534
 1.07751 -60.5614  1.03549
 1.07766 -60.5525  1.03564
 1.07781 -60.5435  1.03579
 1.07796 -60.5346  1.03594
 1.07811 -60.5256  1.03609
 1.07826 -60.5167  1.03624
 1.07841 -60.5078  1.03639
 1.07856 -60.4988  1.03654
 1.07871 -60.4899  1.03669
 1.07886  -60.481  1.03684
 1.07901 -60.4721  1.03699
 1.07916 -60.4631  1.03699
 1.07931 -60.4542  1.03714
 1.07946 -60.4453  1.03729
 1.07961 -60.4364  1.03744
 1.07976 -60.4275  1.03759
 1.07991 -60.4186  1.03774
 1.08007 -60.4097  1.03789
 1.08022 -60.4007  1.03804
 1.08037 -60.3918  1.03819
 1.08052 -60.3829  1.03834
 1.08067  -60.374  1.03849
 1.08082 -60.3651  1.03864
 1.08097 -60.3563  1.03879
 1.08112 -60.3474  1.03894
 1.08127 -60.3385  1.03909
 1.08142 -60.3296  1.03924
 1.08157 -60.3207  1.03924
 1.08172 -60.3118  1.03939
 1.08187 -60.3029  1.03954
 1.08202 -60.2941  1.03969
 1.08217 -60.2852  1.03984
 1.08232 -60.2763  1.03999
 1.08247 -60.2675  1.04015
 1.08262 -60.2586   1.0403
 1.08277 -60.2497  1.04045
 1.08292 -60.2409   1.0406
 1.08307  -60.232  1.04075
 1.08322 -60.2231   1.0409
 1.08337 -60.2143  1.04105
 1.08352 -60.2054   1.0412
 1.08367 -60.1966  1.04135
 1.08382 -60.1877   1.0415
 1.08397 -60.1789   1.0415
 1.08412   -60.17  1.04165
 1.08427 -60.1612   1.0418
 1.08442 -60.1524  1.04195
 1.08457 -60.1435   1.0421
 1.08472 -60.1347  1.04225
 1.08487 -60.1259   1.0424
 1.08502  -60.117  1.04255
 1.08517 -60.1082   1.0427
 1.08532 -60.0994  1.04285
 1.08547 -60.0906    1.043
 1.08562 -60.0817  1.04315
 1.08577 -60.0729   1.0433
 1.08592 -60.0641  1.04345
 1.08607 -60.0553   1.0436
 1.08622 -60.0465  1.04375
 1.08637 -60.0377  1.04375
 1.08652 -60.0289   1.0439
 1.08667 -60.0201  1.04405
 1.08682 -60.0113   1.0442
 1.08697 -60.0025  1.04435
 1.08712 -59.9937   1.0445
 1.08727 -59.9849  1.04465
 1.08742 -59.9761   1.0448
 1.08757 -59.9673  1.04495
 1.08772 -59.9585   1.0451
 1.08787 -59.9497  1.04525
 1.08802  -59.941   1.0454
 1.08817 -59.9322  1.04555
 1.08832 -59.9234   1.0457
 1.08847 -59.9146  1.04585
 1.08862 -59.9059  1.04585
 1.08877 -59.8971    1.046
 1.08892 -59.8883  1.04615
 1.08907 -59.8796   1.0463
 1.08922 -59.8708  1.04645
 1.08937  -59.862   1.0466
 1.08952 -59.8533  1.04675
 1.08967 -59.8445   1.0469
 1.08982 -59.8358  1.04705
 1.08997  -59.827   1.0472
 1.09012 -59.8183  1.04735
 1.09027 -59.8095   1.0475
 1.09042 -59.8008  1.04765
 1.09057  -59.792   1.0478
 1.09072 -59.7833  1.04795
 1.09087 -59.7746   1.0481
 1.09102 -59.7658   1.0481
 1.09117 -59.7571  1.04825
 1.09132 -59.7484   1.0484
 1.09147 -59.7396  1.04855
 1.09162 -59.7309   1.0487
 1.09177 -59.7222  1.04885
 1.09192 -59.7135    1.049
 1.09207 -59.7048  1.04915
 1.09222 -59.6961   1.0493
 1.09237 -59.6873  1.04945
 1.09252 -59.6786   1.0496
 1.09267 -59.6699  1.04975
 1.09282 -59.6612   1.0499
 1.09297 -59.6525  1.05005
 1.09312 -59.6438   1.0502
 1.09327 -59.6351   1.0502
 1.09342 -59.6264  1.05035
 1.09357 -59.6177   1.0505
 1.09372  -59.609  1.05065
 1.09387 -59.6003   1.0508
 1.09402 -59.5917  1.05095
 1.09417  -59.583   1.0511
 1.09432 -59.5743  1.05125
 1.09447 -59.5656   1.0514
 1.09462 -59.5569  1.05155
 1.09477 -59.5483   1.0517
 1.09492 -59.5396  1.05185
 1.09507 -59.5309    1.052
 1.09522 -59.5223  1.05215
 1.09537 -59.5136   1.0523
 1.09552 -59.5049  1.05245
 1.09567 -59.4963  1.05245
 1.09582 -59.4876   1.0526
 1.09597 -59.4789  1.05275
 1.09612 -59.4703   1.0529
 1.09627 -59.4616  1.05305
 1.09642  -59.453   1.0532
 1.09657 -59.4443  1.05335
 1.09672 -59.4357   1.0535
 1.09687 -59.4271  1.05365
 1.09702 -59.4184   1.0538
 1.09717 -59.4098  1.05395
 1.09732 -59.4012   1.0541
 1.09747 -59.3925  1.05425
 1.09762 -59.3839   1.0544
 1.09777 -59.3753  1.05455
 1.09792 -59.3666  1.05455
 1.09807  -59.358   1.0547
 1.09822 -59.3494  1.05485
 1.09837 -59.3408    1.055
 1.09852 -59.3322  1.05515
 1.09867 -59.3235   1.0553
 1.09882 -59.3149  1.05545
 1.09897 -59.3063   1.0556
 1.09912 -59.2977  1.05575
 1.09927 -59.2891   1.0559
 1.09942 -59.2805  1.05605
 1.09957 -59.2719   1.0562
 1.09972 -59.2633  1.05635
 1.09987 -59.2547   1.0565
 1.10003 -59.2461  1.05665
 1.10018 -59.2375  1.05665
 1.10033 -59.2289   1.0568
 1.10048 -59.2204  1.05695
 1.10063 -59.2118   1.0571
 1.10078 -59.2032  1.05725
 1.10093 -59.1946   1.0574
 1.10108  -59.186  1.05755
 1.10123 -59.1775   1.0577
 1.10138 -59.1689  1.05785
 1.10153 -59.1603    1.058
 1.10168 -59.1518  1.05815
 1.10183 -59.1432   1.0583
 1.10198 -59.1346  1.05845
 1.10213 -59.1261   1.0586
 1.10228 -59.1175  1.05875
 1.10243  -59.109  1.05875
 1.10258 -59.1004   1.0589
 1.10273 -59.0919  1.05905
 1.10288 -59.0833   1.0592
 1.10303 -59.0748  1.05935
 1.10318 -59.0662   1.0595
 1.10333 -59.0577  1.05965
 1.10348 -59.0491   1.0598
 1.10363 -59.0406  1.05995
 1.10378 -59.0321  1.06011
 1.10393 -59.0235  1.06026
 1.10408  -59.015  1.06041
 1.10423 -59.0065  1.06056
 1.10438  -58.998  1.06071
 1.10453 -58.9894  1.06086
 1.10468 -58.9809  1.06086
 1.10483 -58.9724  1.06101
 1.10498 -58.9639  1.06116
 1.10513 -58.9554  1.06131
 1.10528 -58.9469  1.06146
 1.10543 -58.9384  1.06161
 1.10558 -58.9299  1.06176
 1.10573 -58.9214  1.06191
 1.10588 -58.9129  1.06206
 1.10603 -58.9044  1.06221
 1.10618 -58.8959  1.06236
 1.10633 -58.8874  1.06251
 1.10648 -58.8789  1.06266
 1.10663 -58.8704  1.06281
 1.10678 -58.8619  1.06296
 1.10693 -58.8534  1.06296
 1.10708 -58.8449  1.06311
 1.10723 -58.8364  1.06326
 1.10738  -58.828  1.06341
 1.10753 -58.8195  1.06356
 1.10768  -58.811  1.06371
 1.10783 -58.8026  1.06386
 1.10798 -58.7941  1.06401
 1.10813 -58.7856  1.06416
 1.10828 -58.7772  1.06431
 1.10843 -58.7687  1.06446
 1.10858 -58.7602  1.06461
 1.10873 -58.7518  1.06476
 1.10888 -58.7433  1.06491
 1.10903 -58.7349  1.06491
 1.10918 -58.7264  1.06506
 1.10933  -58.718  1.06521
 1.10948 -58.7095  1.06536
 1.10963 -58.7011  1.06551
 1.10978 -58.6926  1.06566
 1.10993 -58.6842  1.06581
 1.11008 -58.6758  1.06596
 1.11023 -58.6673  1.06611
 1.11038 -58.6589  1.06626
 1.11053 -58.6505  1.06641
 1.11068 -58.6421  1.06656
 1.11083 -58.6336  1.06671
 1.11098 -58.6252  1.06686
 1.11113 -58.6168  1.06686
 1.11128 -58.6084  1.06701
 1.11143    -58.6  1.06716
 1.11158 -58.5915  1.06731
 1.11173 -58.5831  1.06746
 1.11188 -58.5747  1.06761
 1.11203 -58.5663  1.06776
 1.11218 -58.5579  1.06791
 1.11233 -58.5495  1.06806
 1.11248 -58.5411  1.06821
 1.11263 -58.5327  1.06836
 1.11278 -58.5243  1.06851
 1.11293 -58.5159  1.06866
 1.11308 -58.5076  1.06881
 1.11323 -58.4992  1.06881
 1.11338 -58.4908  1.06896
 1.11353 -58.4824  1.06911
 1.11368  -58.474  1.06926
 1.11383 -58.4656  1.06941
 1.11398 -58.4573  1.06956
 1.11413 -58.4489  1.06971
 1.11428 -58.4405  1.06986
 1.11443 -58.4322  1.07001
 1.11458 -58.4238  1.07016
 1.11473 -58.4154  1.07031
 1.11488 -58.4071  1.07046
 1.11503 -58.3987  1.07061
 1.11518 -58.3904  1.07076
 1.11533  -58.382  1.07091
 1.11548 -58.3736  1.07091
 1.11563 -58.3653  1.07106
 1.11578 -58.3569  1.07121
 1.11593 -58.3486  1.07136
 1.11608 -58.3403  1.07151
 1.11623 -58.3319  1.07166
 1.11638 -58.3236  1.07181
 1.11653 -58.3152  1.07196
 1.11668 -58.3069  1.07211
 1.11683 -58.2986  1.07226
 1.11698 -58.2903  1.07241
 1.11713 -58.2819  1.07256
 1.11728 -58.2736  1.07271
 1.11743 -58.2653  1.07286
 1.11758  -58.257  1.07286
 1.11773 -58.2486  1.07301
 1.11788 -58.2403  1.07316
 1.11803  -58.232  1.07331
 1.11818 -58.2237  1.07346
 1.11833 -58.2154  1.07361
 1.11848 -58.2071  1.07376
 1.11863 -58.1988  1.07391
 1.11878 -58.1905  1.07406
 1.11893 -58.1822  1.07421
 1.11908 -58.1739  1.07436
 1.11923 -58.1656  1.07451
 1.11938 -58.1573  1.07466
 1.11953  -58.149  1.07481
 1.11968 -58.1407  1.07481
 1.11983 -58.1324  1.07496
 1.11998 -58.1242  1.07511
 1.12014 -58.1159  1.07526
 1.12029 -58.1076  1.07541
 1.12044 -58.0993  1.07556
 1.12059 -58.0911  1.07571
 1.12074 -58.0828  1.07586
 1.12089 -58.0745  1.07601
 1.12104 -58.0662  1.07616
 1.12119  -58.058  1.07631
 1.12134 -58.0497  1.07646
 1.12149 -58.0415  1.07661
 1.12164 -58.0332  1.07661
 1.12179  -58.025  1.07676
 1.12194 -58.0167  1.07691
 1.12209 -58.0084  1.07706
 1.12224 -58.0002  1.07721
 1.12239  -57.992  1.07736
 1.12254 -57.9837  1.07751
 1.12269 -57.9755  1.07766
 1.12284 -57.9672  1.07781
 1.12299  -57.959  1.07796
 1.12314 -57.9508  1.07811
 1.12329 -57.9425  1.07826
 1.12344 -57.9343  1.07841
 1.12359 -57.9261  1.07841
 1.12374 -57.9178  1.07856
 1.12389 -57.9096  1.07871
 1.12404 -57.9014  1.07886
 1.12419 -57.8932  1.07901
 1.12434  -57.885  1.07916
 1.12449 -57.8768  1.07931
 1.12464 -57.8685  1.07946
 1.12479 -57.8603  1.07961
 1.12494 -57.8521  1.07976
 1.12509 -57.8439  1.07991
 1.12524 -57.8357  1.08007
 1.12539 -57.8275  1.08022
 1.12554 -57.8193  1.08022
 1.12569 -57.8111  1.08037
 1.12584 -57.8029  1.08052
 1.12599 -57.7948  1.08067
 1.12614 -57.7866  1.08082
 1.12629 -57.7784  1.08097
 1.12644 -57.7702  1.08112
 1.12659  -57.762  1.08127
 1.12674 -57.7538  1.08142
 1.12689 -57.7457  1.08157
 1.12704 -57.7375  1.08172
 1.12719 -57.7293  1.08187
 1.12734 -57.7212  1.08202
 1.12749  -57.713  1.08202
 1.12764 -57.7048  1.08217
 1.12779 -57.6967  1.08232
 1.12794 -57.6885  1.08247
 1.12809 -57.6803  1.08262
 1.12824 -57.6722  1.08277
 1.12839  -57.664  1.08292
 1.12854 -57.6559  1.08307
 1.12869 -57.6477  1.08322
 1.12884 -57.6396  1.08337
 1.12899 -57.6315  1.08352
 1.12914 -57.6233  1.08367
 1.12929 -57.6152  1.08382
 1.12944  -57.607  1.08382
 1.12959 -57.5989  1.08397
 1.12974 -57.5908  1.08412
 1.12989 -57.5826  1.08427
 1.13004 -57.5745  1.08442
 1.13019 -57.5664  1.08457
 1.13034 -57.5583  1.08472
 1.13049 -57.5502  1.08487
 1.13064  -57.542  1.08502
 1.13079 -57.5339  1.08517
 1.13094 -57.5258  1.08532
 1.13109 -57.5177  1.08547
 1.13124 -57.5096  1.08562
 1.13139 -57.5015  1.08562
 1.13154 -57.4934  1.08577
 1.13169 -57.4853  1.08592
 1.13184 -57.4772  1.08607
 1.13199 -57.4691  1.08622
 1.13214  -57.461  1.08637
 1.13229 -57.4529  1.08652
 1.13244 -57.4448  1.08667
 1.13259 -57.4367  1.08682
 1.13274 -57.4286  1.08697
 1.13289 -57.4206  1.08712
 1.13304 -57.4125  1.08727
 1.13319 -57.4044  1.08727
 1.13334 -57.3963  1.08742
 1.13349 -57.3883  1.08757
 1.13364 -57.3802  1.08772
 1.13379 -57.3721  1.08787
 1.13394  -57.364  1.08802
 1.13409  -57.356  1.08817
 1.13424 -57.3479  1.08832
 1.13439 -57.3399  1.08847
 1.13454 -57.3318  1.08862
 1.13469 -57.3238  1.08877
 1.13484 -57.3157  1.08892
 1.13499 -57.3077  1.08907
 1.13514 -57.2996  1.08907
 1.13529 -57.2916  1.08922
 1.13544 -57.2835  1.08937
 1.13559 -57.2755  1.08952
 1.13574 -57.2674  1.08967
 1.13589 -57.2594  1.08982
 1.13604 -57.2514  1.08997
 1.13619 -57.2433  1.09012
 1.13634 -57.2353  1.09027
 1.13649 -57.2273  1.09042
 1.13664 -57.2193  1.09057
 1.13679 -57.2112  1.09072
 1.13694 -57.2032  1.09072
 1.13709 -57.1952  1.09087
 1.13724 -57.1872  1.09102
 1.13739 -57.1792  1.09117
 1.13754 -57.1712  1.09132
 1.13769 -57.1632  1.09147
 1.13784 -57.1552  1.09162
 1.13799 -57.1472  1.09177
 1.13814 -57.1392  1.09192
 1.13829 -57.1312  1.09207
 1.13844 -57.1232  1.09222
 1.13859 -57.1152  1.09222
 1.13874 -57.1072  1.09237
 1.13889 -57.0992  1.09252
 1.13904 -57.0912  1.09267
 1.13919 -57.0832  1.09282
 1.13934 -57.0752  1.09297
 1.13949 -57.0673  1.09312
 1.13964 -57.0593  1.09327
 1.13979 -57.0513  1.09342
 1.13994 -57.0433  1.09357
  1.1401 -57.0354  1.09372
 1.14025 -57.0274  1.09372
  1.1404 -57.0194  1.09387
 1.14055 -57.0115  1.09402
  1.1407 -57.0035  1.09417
 1.14085 -56.9956  1.09432
   1.141 -56.9876  1.09447
 1.14115 -56.9797  1.09462
  1.1413 -56.9717  1.09477
 1.14145 -56.9638  1.09492
  1.1416 -56.9558  1.09507
 1.14175 -56.9479  1.09507
  1.1419   -56.94  1.09522
 1.14205  -56.932  1.09537
  1.1422 -56.9241  1.09552
 1.14235 -56.9162  1.09567
  1.1425 -56.9082  1.09582
 1.14265 -56.9003  1.09597
  1.1428 -56.8924  1.09612
 1.14295 -56.8845  1.09627
  1.1431 -56.8765  1.09642
 1.14325 -56.8686  1.09657
  1.1434 -56.8607  1.09657
 1.14355 -56.8528  1.09672
  1.1437 -56.8449  1.09687
 1.14385  -56.837  1.09702
   1.144 -56.8291  1.09717
 1.14415 -56.8212  1.09732
  1.1443 -56.8133  1.09747
 1.14445 -56.8054  1.09762
  1.1446 -56.7975  1.09777
 1.14475 -56.7896  1.09792
  1.1449 -56.7817  1.09807
 1.14505 -56.7738  1.09807
  1.1452 -56.7659  1.09822
 1.14535  -56.758  1.09837
  1.1455 -56.7502  1.09852
 1.14565 -56.7423  1.09867
  1.1458 -56.7344  1.09882
 1.14595 -56.7265  1.09897
  1.1461 -56.7187  1.09912
 1.14625 -56.7108  1.09927
  1.1464 -56.7029  1.09942
 1.14655 -56.6951  1.09942
  1.1467 -56.6872  1.09957
 1.14685 -56.6794  1.09972
   1.147 -56.6715  1.09987
 1.14715 -56.6637  1.10003
  1.1473 -56.6558  1.10018
 1.14745  -56.648  1.10033
  1.1476 -56.6401  1.10048
 1.14775 -56.6323  1.10063
  1.1479 -56.6244  1.10078
 1.14805 -56.6166  1.10078
  1.1482 -56.6088  1.10093
 1.14835 -56.6009  1.10108
  1.1485 -56.5931  1.10123
 1.14865 -56.5853  1.10138
  1.1488 -56.5774  1.10153
 1.14895 -56.5696  1.10168
  1.1491 -56.5618  1.10183
 1.14925  -56.554  1.10198
  1.1494 -56.5462  1.10213
 1.14955 -56.5384  1.10213
  1.1497 -56.5305  1.10228
 1.14985 -56.5227  1.10243
    1.15 -56.5149  1.10258