 kgrid  ValNew  Policy 
    0.85 -73.3094 0.878064
 0.85015 -73.2964 0.878214
  0.8503 -73.2834 0.878364
 0.85045 -73.2704 0.878514
  0.8506 -73.2574 0.878664
 0.85075 -73.2445 0.878814
  0.8509 -73.2315 0.878964
0.851051 -73.2185 0.879115
0.851201 -73.2056 0.879265
0.851351 -73.1926 0.879265
0.851501 -73.1797 0.879415
0.851651 -73.1667 0.879565
0.851801 -73.1538 0.879715
0.851951 -73.1409 0.879865
0.852101 -73.1279 0.880015
0.852251  -73.115 0.880165
0.852401 -73.1021 0.880315
0.852551 -73.0892 0.880465
0.852701 -73.0763 0.880465
0.852851 -73.0634 0.880615
0.853002 -73.0505 0.880765
0.853152 -73.0376 0.880915
0.853302 -73.0247 0.881066
0.853452 -73.0119 0.881216
0.853602  -72.999 0.881366
0.853752 -72.9861 0.881516
0.853902 -72.9733 0.881666
0.854052 -72.9604 0.881666
0.854202 -72.9476 0.881816
0.854352 -72.9347 0.881966
0.854502 -72.9219 0.882116
0.854652 -72.9091 0.882266
0.854802 -72.8963 0.882416
0.854952 -72.8834 0.882566
0.855103 -72.8706 0.882716
0.855253 -72.8578 0.882866
0.855403  -72.845 0.883017
0.855553 -72.8322 0.883017
0.855703 -72.8194 0.883167
0.855853 -72.8066 0.883317
0.856003 -72.7939 0.883467
0.856153 -72.7811 0.883617
0.856303 -72.7683 0.883767
0.856453 -72.7556 0.883917
0.856603 -72.7428 0.884067
0.856753 -72.7301 0.884217
0.856903 -72.7173 0.884367
0.857054 -72.7046 0.884367
0.857204 -72.6918 0.884517
0.857354 -72.6791 0.884667
0.857504 -72.6664 0.884817
0.857654 -72.6537 0.884967
0.857804 -72.6409 0.885118
0.857954 -72.6282 0.885268
0.858104 -72.6155 0.885418
0.858254 -72.6028 0.885568
0.858404 -72.5901 0.885718
0.858554 -72.5775 0.885718
0.858704 -72.5648 0.885868
0.858854 -72.5521 0.886018
0.859005 -72.5394 0.886168
0.859155 -72.5268 0.886318
0.859305 -72.5141 0.886468
0.859455 -72.5014 0.886618
0.859605 -72.4888 0.886768
0.859755 -72.4762 0.886918
0.859905 -72.4635 0.887069
0.860055 -72.4509 0.887219
0.860205 -72.4383 0.887219
0.860355 -72.4256 0.887369
0.860505  -72.413 0.887519
0.860655 -72.4004 0.887669
0.860805 -72.3878 0.887819
0.860955 -72.3752 0.887969
0.861106 -72.3626 0.888119
0.861256   -72.35 0.888269
0.861406 -72.3374 0.888419
0.861556 -72.3248 0.888569
0.861706 -72.3123 0.888569
0.861856 -72.2997 0.888719
0.862006 -72.2871 0.888869
0.862156 -72.2746  0.88902
0.862306  -72.262  0.88917
0.862456 -72.2495  0.88932
0.862606 -72.2369  0.88947
0.862756 -72.2244  0.88962
0.862906 -72.2118  0.88977
0.863057 -72.1993  0.88992
0.863207 -72.1868  0.88992
0.863357 -72.1743  0.89007
0.863507 -72.1618  0.89022
0.863657 -72.1493  0.89037
0.863807 -72.1368  0.89052
0.863957 -72.1243  0.89067
0.864107 -72.1118  0.89082
0.864257 -72.0993  0.89097
0.864407 -72.0868 0.891121
0.864557 -72.0743 0.891271
0.864707 -72.0619 0.891421
0.864857 -72.0494 0.891421
0.865008 -72.0369 0.891571
0.865158 -72.0245 0.891721
0.865308  -72.012 0.891871
0.865458 -71.9996 0.892021
0.865608 -71.9871 0.892171
0.865758 -71.9747 0.892321
0.865908 -71.9623 0.892471
0.866058 -71.9498 0.892621
0.866208 -71.9374 0.892771
0.866358  -71.925 0.892921
0.866508 -71.9126 0.892921
0.866658 -71.9002 0.893072
0.866808 -71.8878 0.893222
0.866958 -71.8754 0.893372
0.867109  -71.863 0.893522
0.867259 -71.8506 0.893672
0.867409 -71.8382 0.893822
0.867559 -71.8259 0.893972
0.867709 -71.8135 0.894122
0.867859 -71.8011 0.894272
0.868009 -71.7888 0.894422
0.868159 -71.7764 0.894422
0.868309 -71.7641 0.894572
0.868459 -71.7517 0.894722
0.868609 -71.7394 0.894872
0.868759  -71.727 0.895023
0.868909 -71.7147 0.895173
 0.86906 -71.7024 0.895323
 0.86921 -71.6901 0.895473
 0.86936 -71.6777 0.895623
 0.86951 -71.6654 0.895773
 0.86966 -71.6531 0.895923
 0.86981 -71.6408 0.895923
 0.86996 -71.6285 0.896073
 0.87011 -71.6162 0.896223
 0.87026 -71.6039 0.896373
 0.87041 -71.5917 0.896523
 0.87056 -71.5794 0.896673
 0.87071 -71.5671 0.896823
 0.87086 -71.5548 0.896973
0.871011 -71.5426 0.897124
0.871161 -71.5303 0.897274
0.871311 -71.5181 0.897424
0.871461 -71.5058 0.897424
0.871611 -71.4936 0.897574
0.871761 -71.4814 0.897724
0.871911 -71.4691 0.897874
0.872061 -71.4569 0.898024
0.872211 -71.4447 0.898174
0.872361 -71.4324 0.898324
0.872511 -71.4202 0.898474
0.872661  -71.408 0.898624
0.872811 -71.3958 0.898774
0.872961 -71.3836 0.898924
0.873112 -71.3714 0.899075
0.873262 -71.3592 0.899075
0.873412 -71.3471 0.899225
0.873562 -71.3349 0.899375
0.873712 -71.3227 0.899525
0.873862 -71.3105 0.899675
0.874012 -71.2984 0.899825
0.874162 -71.2862 0.899975
0.874312  -71.274 0.900125
0.874462 -71.2619 0.900275
0.874612 -71.2497 0.900425
0.874762 -71.2376 0.900575
0.874912 -71.2255 0.900725
0.875063 -71.2133 0.900875
0.875213 -71.2012 0.901026
0.875363 -71.1891 0.901026
0.875513 -71.1769 0.901176
0.875663 -71.1648 0.901326
0.875813 -71.1527 0.901476
0.875963 -71.1406 0.901626
0.876113 -71.1285 0.901776
0.876263 -71.1164 0.901926
0.876413 -71.1043 0.902076
0.876563 -71.0922 0.902226
0.876713 -71.0801 0.902376
0.876863  -71.068 0.902526
0.877014  -71.056 0.902676
0.877164 -71.0439 0.902826
0.877314 -71.0318 0.902976
0.877464 -71.0198 0.902976
0.877614 -71.0077 0.903127
0.877764 -70.9956 0.903277
0.877914 -70.9836 0.903427
0.878064 -70.9715 0.903577
0.878214 -70.9595 0.903727
0.878364 -70.9475 0.903877
0.878514 -70.9354 0.904027
0.878664 -70.9234 0.904177
0.878814 -70.9114 0.904327
0.878964 -70.8993 0.904477
0.879115 -70.8873 0.904627
0.879265 -70.8753 0.904777
0.879415 -70.8633 0.904927
0.879565 -70.8513 0.905078
0.879715 -70.8393 0.905078
0.879865 -70.8273 0.905228
0.880015 -70.8153 0.905378
0.880165 -70.8033 0.905528
0.880315 -70.7913 0.905678
0.880465 -70.7794 0.905828
0.880615 -70.7674 0.905978
0.880765 -70.7554 0.906128
0.880915 -70.7435 0.906278
0.881066 -70.7315 0.906428
0.881216 -70.7195 0.906578
0.881366 -70.7076 0.906728
0.881516 -70.6956 0.906878
0.881666 -70.6837 0.907029
0.881816 -70.6718 0.907179
0.881966 -70.6598 0.907179
0.882116 -70.6479 0.907329
0.882266  -70.636 0.907479
0.882416  -70.624 0.907629
0.882566 -70.6121 0.907779
0.882716 -70.6002 0.907929
0.882866 -70.5883 0.908079
0.883017 -70.5764 0.908229
0.883167 -70.5645 0.908379
0.883317 -70.5526 0.908529
0.883467 -70.5407 0.908679
0.883617 -70.5288 0.908829
0.883767 -70.5169 0.908979
0.883917  -70.505  0.90913
0.884067 -70.4932  0.90928
0.884217 -70.4813  0.90928
0.884367 -70.4694  0.90943
0.884517 -70.4576  0.90958
0.884667 -70.4457  0.90973
0.884817 -70.4338  0.90988
0.884967  -70.422  0.91003
0.885118 -70.4101  0.91018
0.885268 -70.3983  0.91033
0.885418 -70.3865  0.91048
0.885568 -70.3746  0.91063
0.885718 -70.3628  0.91078
0.885868  -70.351  0.91093
0.886018 -70.3391 0.911081
0.886168 -70.3273 0.911231
0.886318 -70.3155 0.911381
0.886468 -70.3037 0.911531
0.886618 -70.2919 0.911531
0.886768 -70.2801 0.911681
0.886918 -70.2683 0.911831
0.887069 -70.2565 0.911981
0.887219 -70.2447 0.912131
0.887369 -70.2329 0.912281
0.887519 -70.2211 0.912431
0.887669 -70.2094 0.912581
0.887819 -70.1976 0.912731
0.887969 -70.1858 0.912881
0.888119  -70.174 0.913032
0.888269 -70.1623 0.913182
0.888419 -70.1505 0.913332
0.888569 -70.1388 0.913482
0.888719  -70.127 0.913632
0.888869 -70.1153 0.913782
 0.88902 -70.1035 0.913932
 0.88917 -70.0918 0.913932
 0.88932 -70.0801 0.914082
 0.88947 -70.0683 0.914232
 0.88962 -70.0566 0.914382
 0.88977 -70.0449 0.914532
 0.88992 -70.0332 0.914682
 0.89007 -70.0215 0.914832
 0.89022 -70.0097 0.914982
 0.89037  -69.998 0.915133
 0.89052 -69.9863 0.915283
 0.89067 -69.9746 0.915433
 0.89082 -69.9629 0.915583
 0.89097 -69.9513 0.915733
0.891121 -69.9396 0.915883
0.891271 -69.9279 0.916033
0.891421 -69.9162 0.916183
0.891571 -69.9045 0.916333
0.891721 -69.8929 0.916333
0.891871 -69.8812 0.916483
0.892021 -69.8695 0.916633
0.892171 -69.8579 0.916783
0.892321 -69.8462 0.916933
0.892471 -69.8346 0.917084
0.892621 -69.8229 0.917234
0.892771 -69.8113 0.917384
0.892921 -69.7996 0.917534
0.893072  -69.788 0.917684
0.893222 -69.7764 0.917834
0.893372 -69.7648 0.917984
0.893522 -69.7531 0.918134
0.893672 -69.7415 0.918284
0.893822 -69.7299 0.918434
0.893972 -69.7183 0.918584
0.894122 -69.7067 0.918734
0.894272 -69.6951 0.918734
0.894422 -69.6835 0.918884
0.894572 -69.6719 0.919035
0.894722 -69.6603 0.919185
0.894872 -69.6487 0.919335
0.895023 -69.6371 0.919485
0.895173 -69.6255 0.919635
0.895323  -69.614 0.919785
0.895473 -69.6024 0.919935
0.895623 -69.5908 0.920085
0.895773 -69.5793 0.920235
0.895923 -69.5677 0.920385
0.896073 -69.5561 0.920535
0.896223 -69.5446 0.920685
0.896373  -69.533 0.920835
0.896523 -69.5215 0.920985
0.896673 -69.5099 0.921136
0.896823 -69.4984 0.921286
0.896973 -69.4869 0.921286
0.897124 -69.4753 0.921436
0.897274 -69.4638 0.921586
0.897424 -69.4523 0.921736
0.897574 -69.4408 0.921886
0.897724 -69.4293 0.922036
0.897874 -69.4178 0.922186
0.898024 -69.4062 0.922336
0.898174 -69.3947 0.922486
0.898324 -69.3832 0.922636
0.898474 -69.3718 0.922786
0.898624 -69.3603 0.922936
0.898774 -69.3488 0.923087
0.898924 -69.3373 0.923237
0.899075 -69.3258 0.923387
0.899225 -69.3143 0.923537
0.899375 -69.3029 0.923687
0.899525 -69.2914 0.923837
0.899675 -69.2799 0.923837
0.899825 -69.2685 0.923987
0.899975  -69.257 0.924137
0.900125 -69.2456 0.924287
0.900275 -69.2341 0.924437
0.900425 -69.2227 0.924587
0.900575 -69.2112 0.924737
0.900725 -69.1998 0.924887
0.900875 -69.1883 0.925038
0.901026 -69.1769 0.925188
0.901176 -69.1655 0.925338
0.901326 -69.1541 0.925488
0.901476 -69.1426 0.925638
0.901626 -69.1312 0.925788
0.901776 -69.1198 0.925938
0.901926 -69.1084 0.926088
0.902076  -69.097 0.926238
0.902226 -69.0856 0.926388
0.902376 -69.0742 0.926388
0.902526 -69.0628 0.926538
0.902676 -69.0514 0.926688
0.902826   -69.04 0.926838
0.902976 -69.0286 0.926988
0.903127 -69.0173 0.927139
0.903277 -69.0059 0.927289
0.903427 -68.9945 0.927439
0.903577 -68.9832 0.927589
0.903727 -68.9718 0.927739
0.903877 -68.9604 0.927889
0.904027 -68.9491 0.928039
0.904177 -68.9377 0.928189
0.904327 -68.9264 0.928339
0.904477  -68.915 0.928489
0.904627 -68.9037 0.928639
0.904777 -68.8923 0.928789
0.904927  -68.881 0.928939
0.905078 -68.8697  0.92909
0.905228 -68.8584  0.92909
0.905378  -68.847  0.92924
0.905528 -68.8357  0.92939
0.905678 -68.8244  0.92954
0.905828 -68.8131  0.92969
0.905978 -68.8018  0.92984
0.906128 -68.7905  0.92999
0.906278 -68.7792  0.93014
0.906428 -68.7679  0.93029
0.906578 -68.7566  0.93044
0.906728 -68.7453  0.93059
0.906878  -68.734  0.93074
0.907029 -68.7227  0.93089
0.907179 -68.7114 0.931041
0.907329 -68.7002 0.931191
0.907479 -68.6889 0.931341
0.907629 -68.6776 0.931491
0.907779 -68.6664 0.931641
0.907929 -68.6551 0.931791
0.908079 -68.6438 0.931791
0.908229 -68.6326 0.931941
0.908379 -68.6213 0.932091
0.908529 -68.6101 0.932241
0.908679 -68.5988 0.932391
0.908829 -68.5876 0.932541
0.908979 -68.5764 0.932691
 0.90913 -68.5651 0.932841
 0.90928 -68.5539 0.932991
 0.90943 -68.5427 0.933142
 0.90958 -68.5315 0.933292
 0.90973 -68.5202 0.933442
 0.90988  -68.509 0.933592
 0.91003 -68.4978 0.933742
 0.91018 -68.4866 0.933892
 0.91033 -68.4754 0.934042
 0.91048 -68.4642 0.934192
 0.91063  -68.453 0.934342
 0.91078 -68.4418 0.934492
 0.91093 -68.4306 0.934642
0.911081 -68.4194 0.934642
0.911231 -68.4082 0.934792
0.911381 -68.3971 0.934942
0.911531 -68.3859 0.935093
0.911681 -68.3747 0.935243
0.911831 -68.3636 0.935393
0.911981 -68.3524 0.935543
0.912131 -68.3412 0.935693
0.912281 -68.3301 0.935843
0.912431 -68.3189 0.935993
0.912581 -68.3078 0.936143
0.912731 -68.2966 0.936293
0.912881 -68.2855 0.936443
0.913032 -68.2743 0.936593
0.913182 -68.2632 0.936743
0.913332 -68.2521 0.936893
0.913482 -68.2409 0.937044
0.913632 -68.2298 0.937194
0.913782 -68.2187 0.937344
0.913932 -68.2076 0.937494
0.914082 -68.1964 0.937644
0.914232 -68.1853 0.937644
0.914382 -68.1742 0.937794
0.914532 -68.1631 0.937944
0.914682  -68.152 0.938094
0.914832 -68.1409 0.938244
0.914982 -68.1298 0.938394
0.915133 -68.1187 0.938544
0.915283 -68.1076 0.938694
0.915433 -68.0966 0.938844
0.915583 -68.0855 0.938994
0.915733 -68.0744 0.939145
0.915883 -68.0633 0.939295
0.916033 -68.0522 0.939445
0.916183 -68.0412 0.939595
0.916333 -68.0301 0.939745
0.916483 -68.0191 0.939895
0.916633  -68.008 0.940045
0.916783 -67.9969 0.940195
0.916933 -67.9859 0.940345
0.917084 -67.9748 0.940495
0.917234 -67.9638 0.940645
0.917384 -67.9528 0.940645
0.917534 -67.9417 0.940795
0.917684 -67.9307 0.940945
0.917834 -67.9197 0.941096
0.917984 -67.9086 0.941246
0.918134 -67.8976 0.941396
0.918284 -67.8866 0.941546
0.918434 -67.8756 0.941696
0.918584 -67.8646 0.941846
0.918734 -67.8536 0.941996
0.918884 -67.8426 0.942146
0.919035 -67.8315 0.942296
0.919185 -67.8206 0.942446
0.919335 -67.8096 0.942596
0.919485 -67.7986 0.942746
0.919635 -67.7876 0.942896
0.919785 -67.7766 0.943047
0.919935 -67.7656 0.943197
0.920085 -67.7546 0.943347
0.920235 -67.7437 0.943497
0.920385 -67.7327 0.943647
0.920535 -67.7217 0.943647
0.920685 -67.7108 0.943797
0.920835 -67.6998 0.943947
0.920985 -67.6888 0.944097
0.921136 -67.6779 0.944247
0.921286 -67.6669 0.944397
0.921436  -67.656 0.944547
0.921586  -67.645 0.944697
0.921736 -67.6341 0.944847
0.921886 -67.6232 0.944997
0.922036 -67.6122 0.945148
0.922186 -67.6013 0.945298
0.922336 -67.5904 0.945448
0.922486 -67.5794 0.945598
0.922636 -67.5685 0.945748
0.922786 -67.5576 0.945898
0.922936 -67.5467 0.946048
0.923087 -67.5358 0.946198
0.923237 -67.5249 0.946348
0.923387  -67.514 0.946498
0.923537 -67.5031 0.946648
0.923687 -67.4922 0.946798
0.923837 -67.4813 0.946798
0.923987 -67.4704 0.946948
0.924137 -67.4595 0.947099
0.924287 -67.4486 0.947249
0.924437 -67.4377 0.947399
0.924587 -67.4268 0.947549
0.924737  -67.416 0.947699
0.924887 -67.4051 0.947849
0.925038 -67.3942 0.947999
0.925188 -67.3834 0.948149
0.925338 -67.3725 0.948299
0.925488 -67.3616 0.948449
0.925638 -67.3508 0.948599
0.925788 -67.3399 0.948749
0.925938 -67.3291 0.948899
0.926088 -67.3183  0.94905
0.926238 -67.3074   0.9492
0.926388 -67.2966  0.94935
0.926538 -67.2857   0.9495
0.926688 -67.2749  0.94965
0.926838 -67.2641   0.9498
0.926988 -67.2533  0.94995
0.927139 -67.2424  0.94995
0.927289 -67.2316   0.9501
0.927439 -67.2208  0.95025
0.927589   -67.21   0.9504
0.927739 -67.1992  0.95055
0.927889 -67.1884   0.9507
0.928039 -67.1776  0.95085
0.928189 -67.1668 0.951001
0.928339  -67.156 0.951151
0.928489 -67.1452 0.951301
0.928639 -67.1344 0.951451
0.928789 -67.1236 0.951601
0.928939 -67.1128 0.951751
 0.92909 -67.1021 0.951901
 0.92924 -67.0913 0.952051
 0.92939 -67.0805 0.952201
 0.92954 -67.0697 0.952351
 0.92969  -67.059 0.952501
 0.92984 -67.0482 0.952651
 0.92999 -67.0375 0.952801
 0.93014 -67.0267 0.952951
 0.93029 -67.0159 0.953102
 0.93044 -67.0052 0.953102
 0.93059 -66.9944 0.953252
 0.93074 -66.9837 0.953402
 0.93089  -66.973 0.953552
0.931041 -66.9622 0.953702
0.931191 -66.9515 0.953852
0.931341 -66.9408 0.954002
0.931491   -66.93 0.954152
0.931641 -66.9193 0.954302
0.931791 -66.9086 0.954452
0.931941 -66.8979 0.954602
0.932091 -66.8872 0.954752
0.932241 -66.8765 0.954902
0.932391 -66.8657 0.955053
0.932541  -66.855 0.955203
0.932691 -66.8443 0.955353
0.932841 -66.8336 0.955503
0.932991 -66.8229 0.955653
0.933142 -66.8123 0.955803
0.933292 -66.8016 0.955953
0.933442 -66.7909 0.956103
0.933592 -66.7802 0.956253
0.933742 -66.7695 0.956403
0.933892 -66.7589 0.956403
0.934042 -66.7482 0.956553
0.934192 -66.7375 0.956703
0.934342 -66.7268 0.956853
0.934492 -66.7162 0.957004
0.934642 -66.7055 0.957154
0.934792 -66.6949 0.957304
0.934942 -66.6842 0.957454
0.935093 -66.6736 0.957604
0.935243 -66.6629 0.957754
0.935393 -66.6523 0.957904
0.935543 -66.6416 0.958054
0.935693  -66.631 0.958204
0.935843 -66.6204 0.958354
0.935993 -66.6097 0.958504
0.936143 -66.5991 0.958654
0.936293 -66.5885 0.958804
0.936443 -66.5779 0.958954
0.936593 -66.5672 0.959105
0.936743 -66.5566 0.959255
0.936893  -66.546 0.959405
0.937044 -66.5354 0.959555
0.937194 -66.5248 0.959555
0.937344 -66.5142 0.959705
0.937494 -66.5036 0.959855
0.937644  -66.493 0.960005
0.937794 -66.4824 0.960155
0.937944 -66.4718 0.960305
0.938094 -66.4612 0.960455
0.938244 -66.4507 0.960605
0.938394 -66.4401 0.960755
0.938544 -66.4295 0.960905
0.938694 -66.4189 0.961056
0.938844 -66.4084 0.961206
0.938994 -66.3978 0.961356
0.939145 -66.3872 0.961506
0.939295 -66.3767 0.961656
0.939445 -66.3661 0.961806
0.939595 -66.3556 0.961956
0.939745  -66.345 0.962106
0.939895 -66.3345 0.962256
0.940045 -66.3239 0.962406
0.940195 -66.3134 0.962556
0.940345 -66.3028 0.962706
0.940495 -66.2923 0.962856
0.940645 -66.2818 0.962856
0.940795 -66.2712 0.963007
0.940945 -66.2607 0.963157
0.941096 -66.2502 0.963307
0.941246 -66.2397 0.963457
0.941396 -66.2291 0.963607
0.941546 -66.2186 0.963757
0.941696 -66.2081 0.963907
0.941846 -66.1976 0.964057
0.941996 -66.1871 0.964207
0.942146 -66.1766 0.964357
0.942296 -66.1661 0.964507
0.942446 -66.1556 0.964657
0.942596 -66.1451 0.964807
0.942746 -66.1346 0.964957
0.942896 -66.1242 0.965108
0.943047 -66.1137 0.965258
0.943197 -66.1032 0.965408
0.943347 -66.0927 0.965558
0.943497 -66.0822 0.965708
0.943647 -66.0718 0.965858
0.943797 -66.0613 0.966008
0.943947 -66.0508 0.966158
0.944097 -66.0404 0.966158
0.944247 -66.0299 0.966308
0.944397 -66.0195 0.966458
0.944547  -66.009 0.966608
0.944697 -65.9986 0.966758
0.944847 -65.9881 0.966908
0.944997 -65.9777 0.967059
0.945148 -65.9672 0.967209
0.945298 -65.9568 0.967359
0.945448 -65.9464 0.967509
0.945598 -65.9359 0.967659
0.945748 -65.9255 0.967809
0.945898 -65.9151 0.967959
0.946048 -65.9047 0.968109
0.946198 -65.8942 0.968259
0.946348 -65.8838 0.968409
0.946498 -65.8734 0.968559
0.946648  -65.863 0.968709
0.946798 -65.8526 0.968859
0.946948 -65.8422  0.96901
0.947099 -65.8318  0.96916
0.947249 -65.8214  0.96931
0.947399  -65.811  0.96946
0.947549 -65.8006  0.96961
0.947699 -65.7902  0.96961
0.947849 -65.7799  0.96976
0.947999 -65.7695  0.96991
0.948149 -65.7591  0.97006
0.948299 -65.7487  0.97021
0.948449 -65.7383  0.97036
0.948599  -65.728  0.97051
0.948749 -65.7176  0.97066
0.948899 -65.7072  0.97081
 0.94905 -65.6969  0.97096
  0.9492 -65.6865 0.971111
 0.94935 -65.6762 0.971261
  0.9495 -65.6658 0.971411
 0.94965 -65.6555 0.971561
  0.9498 -65.6451 0.971711
 0.94995 -65.6348 0.971861
  0.9501 -65.6244 0.972011
 0.95025 -65.6141 0.972161
  0.9504 -65.6038 0.972311
 0.95055 -65.5935 0.972461
  0.9507 -65.5831 0.972611
 0.95085 -65.5728 0.972761
0.951001 -65.5625 0.972911
0.951151 -65.5522 0.973062
0.951301 -65.5418 0.973062
0.951451 -65.5315 0.973212
0.951601 -65.5212 0.973362
0.951751 -65.5109 0.973512
0.951901 -65.5006 0.973662
0.952051 -65.4903 0.973812
0.952201   -65.48 0.973962
0.952351 -65.4697 0.974112
0.952501 -65.4594 0.974262
0.952651 -65.4491 0.974412
0.952801 -65.4389 0.974562
0.952951 -65.4286 0.974712
0.953102 -65.4183 0.974862
0.953252  -65.408 0.975013
0.953402 -65.3978 0.975163
0.953552 -65.3875 0.975313
0.953702 -65.3772 0.975463
0.953852  -65.367 0.975613
0.954002 -65.3567 0.975763
0.954152 -65.3464 0.975913
0.954302 -65.3362 0.976063
0.954452 -65.3259 0.976213
0.954602 -65.3157 0.976363
0.954752 -65.3054 0.976363
0.954902 -65.2952 0.976513
0.955053  -65.285 0.976663
0.955203 -65.2747 0.976813
0.955353 -65.2645 0.976963
0.955503 -65.2543 0.977114
0.955653  -65.244 0.977264
0.955803 -65.2338 0.977414
0.955953 -65.2236 0.977564
0.956103 -65.2134 0.977714
0.956253 -65.2031 0.977864
0.956403 -65.1929 0.978014
0.956553 -65.1827 0.978164
0.956703 -65.1725 0.978314
0.956853 -65.1623 0.978464
0.957004 -65.1521 0.978614
0.957154 -65.1419 0.978764
0.957304 -65.1317 0.978914
0.957454 -65.1215 0.979065
0.957604 -65.1113 0.979215
0.957754 -65.1011 0.979365
0.957904  -65.091 0.979515
0.958054 -65.0808 0.979665
0.958204 -65.0706 0.979815
0.958354 -65.0604 0.979815
0.958504 -65.0503 0.979965
0.958654 -65.0401 0.980115
0.958804 -65.0299 0.980265
0.958954 -65.0198 0.980415
0.959105 -65.0096 0.980565
0.959255 -64.9994 0.980715
0.959405 -64.9893 0.980865
0.959555 -64.9791 0.981016
0.959705  -64.969 0.981166
0.959855 -64.9588 0.981316
0.960005 -64.9487 0.981466
0.960155 -64.9386 0.981616
0.960305 -64.9284 0.981766
0.960455 -64.9183 0.981916
0.960605 -64.9082 0.982066
0.960755  -64.898 0.982216
0.960905 -64.8879 0.982366
0.961056 -64.8778 0.982516
0.961206 -64.8677 0.982666
0.961356 -64.8575 0.982816
0.961506 -64.8474 0.982966
0.961656 -64.8373 0.983117
0.961806 -64.8272 0.983267
0.961956 -64.8171 0.983267
0.962106  -64.807 0.983417
0.962256 -64.7969 0.983567
0.962406 -64.7868 0.983717
0.962556 -64.7767 0.983867
0.962706 -64.7666 0.984017
0.962856 -64.7565 0.984167
0.963007 -64.7465 0.984317
0.963157 -64.7364 0.984467
0.963307 -64.7263 0.984617
0.963457 -64.7162 0.984767
0.963607 -64.7061 0.984917
0.963757 -64.6961 0.985068
0.963907  -64.686 0.985218
0.964057 -64.6759 0.985368
0.964207 -64.6659 0.985518
0.964357 -64.6558 0.985668
0.964507 -64.6458 0.985818
0.964657 -64.6357 0.985968
0.964807 -64.6257 0.986118
0.964957 -64.6156 0.986268
0.965108 -64.6056 0.986418
0.965258 -64.5955 0.986568
0.965408 -64.5855 0.986718
0.965558 -64.5755 0.986718
0.965708 -64.5654 0.986868
0.965858 -64.5554 0.987019
0.966008 -64.5454 0.987169
0.966158 -64.5354 0.987319
0.966308 -64.5253 0.987469
0.966458 -64.5153 0.987619
0.966608 -64.5053 0.987769
0.966758 -64.4953 0.987919
0.966908 -64.4853 0.988069
0.967059 -64.4753 0.988219
0.967209 -64.4653 0.988369
0.967359 -64.4553 0.988519
0.967509 -64.4453 0.988669
0.967659 -64.4353 0.988819
0.967809 -64.4253 0.988969
0.967959 -64.4153  0.98912
0.968109 -64.4053  0.98927
0.968259 -64.3953  0.98942
0.968409 -64.3853  0.98957
0.968559 -64.3754  0.98972
0.968709 -64.3654  0.98987
0.968859 -64.3554  0.99002
 0.96901 -64.3455  0.99017
 0.96916 -64.3355  0.99017
 0.96931 -64.3255  0.99032
 0.96946 -64.3156  0.99047
 0.96961 -64.3056  0.99062
 0.96976 -64.2956  0.99077
 0.96991 -64.2857  0.99092
 0.97006 -64.2757 0.991071
 0.97021 -64.2658 0.991221
 0.97036 -64.2559 0.991371
 0.97051 -64.2459 0.991521
 0.97066  -64.236 0.991671
 0.97081  -64.226 0.991821
 0.97096 -64.2161 0.991971
0.971111 -64.2062 0.992121
0.971261 -64.1962 0.992271
0.971411 -64.1863 0.992421
0.971561 -64.1764 0.992571
0.971711 -64.1665 0.992721
0.971861 -64.1566 0.992871
0.972011 -64.1467 0.993022
0.972161 -64.1367 0.993172
0.972311 -64.1268 0.993322
0.972461 -64.1169 0.993472
0.972611  -64.107 0.993622
0.972761 -64.0971 0.993772
0.972911 -64.0872 0.993772
0.973062 -64.0773 0.993922
0.973212 -64.0675 0.994072
0.973362 -64.0576 0.994222
0.973512 -64.0477 0.994372
0.973662 -64.0378 0.994522
0.973812 -64.0279 0.994672
0.973962  -64.018 0.994822
0.974112 -64.0082 0.994972
0.974262 -63.9983 0.995123
0.974412 -63.9884 0.995273
0.974562 -63.9786 0.995423
0.974712 -63.9687 0.995573
0.974862 -63.9589 0.995723
0.975013  -63.949 0.995873
0.975163 -63.9391 0.996023
0.975313 -63.9293 0.996173
0.975463 -63.9194 0.996323
0.975613 -63.9096 0.996473
0.975763 -63.8998 0.996623
0.975913 -63.8899 0.996773
0.976063 -63.8801 0.996923
0.976213 -63.8702 0.997074
0.976363 -63.8604 0.997074
0.976513 -63.8506 0.997224
0.976663 -63.8408 0.997374
0.976813 -63.8309 0.997524
0.976963 -63.8211 0.997674
0.977114 -63.8113 0.997824
0.977264 -63.8015 0.997974
0.977414 -63.7917 0.998124
0.977564 -63.7819 0.998274
0.977714 -63.7721 0.998424
0.977864 -63.7623 0.998574
0.978014 -63.7525 0.998724
0.978164 -63.7427 0.998874
0.978314 -63.7329 0.999025
0.978464 -63.7231 0.999175
0.978614 -63.7133 0.999325
0.978764 -63.7035 0.999475
0.978914 -63.6937 0.999625
0.979065 -63.6839 0.999775
0.979215 -63.6741 0.999925
0.979365 -63.6644  1.00008
0.979515 -63.6546  1.00023
0.979665 -63.6448  1.00038
0.979815 -63.6351  1.00053
0.979965 -63.6253  1.00068
0.980115 -63.6155  1.00068
0.980265 -63.6058  1.00083
0.980415  -63.596  1.00098
0.980565 -63.5863  1.00113
0.980715 -63.5765  1.00128
0.980865 -63.5668  1.00143
0.981016  -63.557  1.00158
0.981166 -63.5473  1.00173
0.981316 -63.5375  1.00188
0.981466 -63.5278  1.00203
0.981616 -63.5181  1.00218
0.981766 -63.5083  1.00233
0.981916 -63.4986  1.00248
0.982066 -63.4889  1.00263
0.982216 -63.4792  1.00278
0.982366 -63.4694  1.00293
0.982516 -63.4597  1.00308
0.982666   -63.45  1.00323
0.982816 -63.4403  1.00338
0.982966 -63.4306  1.00353
0.983117 -63.4209  1.00368
0.983267 -63.4112  1.00383
0.983417 -63.4015  1.00398
0.983567 -63.3918  1.00413
0.983717 -63.3821  1.00413
0.983867 -63.3724  1.00428
0.984017 -63.3627  1.00443
0.984167  -63.353  1.00458
0.984317 -63.3433  1.00473
0.984467 -63.3336  1.00488
0.984617  -63.324  1.00503
0.984767 -63.3143  1.00518
0.984917 -63.3046  1.00533
0.985068 -63.2949  1.00548
0.985218 -63.2853  1.00563
0.985368 -63.2756  1.00578
0.985518 -63.2659  1.00593
0.985668 -63.2563  1.00608
0.985818 -63.2466  1.00623
0.985968  -63.237  1.00638
0.986118 -63.2273  1.00653
0.986268 -63.2177  1.00668
0.986418  -63.208  1.00683
0.986568 -63.1984  1.00698
0.986718 -63.1887  1.00713
0.986868 -63.1791  1.00728
0.987019 -63.1694  1.00743
0.987169 -63.1598  1.00758
0.987319 -63.1502  1.00758
0.987469 -63.1406  1.00773
0.987619 -63.1309  1.00788
0.987769 -63.1213  1.00803
0.987919 -63.1117  1.00818
0.988069 -63.1021  1.00833
0.988219 -63.0925  1.00848
0.988369 -63.0828  1.00863
0.988519 -63.0732  1.00878
0.988669 -63.0636  1.00893
0.988819  -63.054  1.00908
0.988969 -63.0444  1.00923
 0.98912 -63.0348  1.00938
 0.98927 -63.0252  1.00953
 0.98942 -63.0156  1.00968
 0.98957  -63.006  1.00983
 0.98972 -62.9965  1.00998
 0.98987 -62.9869  1.01013
 0.99002 -62.9773  1.01028
 0.99017 -62.9677  1.01043
 0.99032 -62.9581  1.01058
 0.99047 -62.9486  1.01073
 0.99062  -62.939  1.01088
 0.99077 -62.9294  1.01103
 0.99092 -62.9199  1.01103
0.991071 -62.9103  1.01118
0.991221 -62.9007  1.01133
0.991371 -62.8912  1.01148
0.991521 -62.8816  1.01163
0.991671 -62.8721  1.01178
0.991821 -62.8625  1.01193
0.991971  -62.853  1.01208
0.992121 -62.8434  1.01223
0.992271 -62.8339  1.01238
0.992421 -62.8243  1.01253
0.992571 -62.8148  1.01268
0.992721 -62.8053  1.01283
0.992871 -62.7957  1.01298
0.993022 -62.7862  1.01313
0.993172 -62.7767  1.01328
0.993322 -62.7672  1.01343
0.993472 -62.7576  1.01358
0.993622 -62.7481  1.01373
0.993772 -62.7386  1.01388
0.993922 -62.7291  1.01403
0.994072 -62.7196  1.01418
0.994222 -62.7101  1.01433
0.994372 -62.7006  1.01448
0.994522 -62.6911  1.01448
0.994672 -62.6816  1.01463
0.994822 -62.6721  1.01478
0.994972 -62.6626  1.01493
0.995123 -62.6531  1.01508
0.995273 -62.6436  1.01523
0.995423 -62.6341  1.01538
0.995573 -62.6246  1.01553
0.995723 -62.6151  1.01568
0.995873 -62.6057  1.01583
0.996023 -62.5962  1.01598
0.996173 -62.5867  1.01613
0.996323 -62.5772  1.01628
0.996473 -62.5678  1.01643
0.996623 -62.5583  1.01658
0.996773 -62.5488  1.01673
0.996923 -62.5394  1.01688
0.997074 -62.5299  1.01703
0.997224 -62.5205  1.01718
0.997374  -62.511  1.01733
0.997524 -62.5016  1.01748
0.997674 -62.4921  1.01763
0.997824 -62.4827  1.01778
0.997974 -62.4732  1.01778
0.998124 -62.4638  1.01793
0.998274 -62.4544  1.01808
0.998424 -62.4449  1.01823
0.998574 -62.4355  1.01838
0.998724 -62.4261  1.01853
0.998874 -62.4167  1.01868
0.999025 -62.4072  1.01883
0.999175 -62.3978  1.01898
0.999325 -62.3884  1.01913
0.999475  -62.379  1.01928
0.999625 -62.3696  1.01943
0.999775 -62.3602  1.01958
0.999925 -62.3507  1.01973
 1.00008 -62.3413  1.01988
 1.00023 -62.3319  1.02004
 1.00038 -62.3225  1.02019
 1.00053 -62.3131  1.02034
 1.00068 -62.3038  1.02049
 1.00083 -62.2944  1.02064
 1.00098  -62.285  1.02079
 1.00113 -62.2756  1.02094
 1.00128 -62.2662  1.02109
 1.00143 -62.2568  1.02124
 1.00158 -62.2474  1.02124
 1.00173 -62.2381  1.02139
 1.00188 -62.2287  1.02154
 1.00203 -62.2193  1.02169
 1.00218   -62.21  1.02184
 1.00233 -62.2006  1.02199
 1.00248 -62.1912  1.02214
 1.00263 -62.1819  1.02229
 1.00278 -62.1725  1.02244
 1.00293 -62.1632  1.02259
 1.00308 -62.1538  1.02274
 1.00323 -62.1445  1.02289
 1.00338 -62.1351  1.02304
 1.00353 -62.1258  1.02319
 1.00368 -62.1164  1.02334
 1.00383 -62.1071  1.02349
 1.00398 -62.0977  1.02364
 1.00413 -62.0884  1.02379
 1.00428 -62.0791  1.02394
 1.00443 -62.0698  1.02409
 1.00458 -62.0604  1.02424
 1.00473 -62.0511  1.02439
 1.00488 -62.0418  1.02454
 1.00503 -62.0325  1.02454
 1.00518 -62.0231  1.02469
 1.00533 -62.0138  1.02484
 1.00548 -62.0045  1.02499
 1.00563 -61.9952  1.02514
 1.00578 -61.9859  1.02529
 1.00593 -61.9766  1.02544
 1.00608 -61.9673  1.02559
 1.00623  -61.958  1.02574
 1.00638 -61.9487  1.02589
 1.00653 -61.9394  1.02604
 1.00668 -61.9301  1.02619
 1.00683 -61.9208  1.02634
 1.00698 -61.9116  1.02649
 1.00713 -61.9023  1.02664
 1.00728  -61.893  1.02679
 1.00743 -61.8837  1.02694
 1.00758 -61.8744  1.02709
 1.00773 -61.8652  1.02724
 1.00788 -61.8559  1.02739
 1.00803 -61.8466  1.02754
 1.00818 -61.8374  1.02769
 1.00833 -61.8281  1.02784
 1.00848 -61.8189  1.02784
 1.00863 -61.8096  1.02799
 1.00878 -61.8003  1.02814
 1.00893 -61.7911  1.02829
 1.00908 -61.7818  1.02844
 1.00923 -61.7726  1.02859
 1.00938 -61.7634  1.02874
 1.00953 -61.7541  1.02889
 1.00968 -61.7449  1.02904
 1.00983 -61.7356  1.02919
 1.00998 -61.7264  1.02934
 1.01013 -61.7172  1.02949
 1.01028  -61.708  1.02964
 1.01043 -61.6987  1.02979
 1.01058 -61.6895  1.02994
 1.01073 -61.6803  1.03009
 1.01088 -61.6711  1.03024
 1.01103 -61.6619  1.03039
 1.01118 -61.6526  1.03054
 1.01133 -61.6434  1.03069
 1.01148 -61.6342  1.03084
 1.01163  -61.625  1.03099
 1.01178 -61.6158  1.03114
 1.01193 -61.6066  1.03114
 1.01208 -61.5974  1.03129
 1.01223 -61.5882  1.03144
 1.01238  -61.579  1.03159
 1.01253 -61.5698  1.03174
 1.01268 -61.5607  1.03189
 1.01283 -61.5515  1.03204
 1.01298 -61.5423  1.03219
 1.01313 -61.5331  1.03234
 1.01328 -61.5239  1.03249
 1.01343 -61.5148  1.03264
 1.01358 -61.5056  1.03279
 1.01373 -61.4964  1.03294
 1.01388 -61.4872  1.03309
 1.01403 -61.4781  1.03324
 1.01418 -61.4689  1.03339
 1.01433 -61.4598  1.03354
 1.01448 -61.4506  1.03369
 1.01463 -61.4415  1.03384
 1.01478 -61.4323  1.03399
 1.01493 -61.4232  1.03414
 1.01508  -61.414  1.03429
 1.01523 -61.4049  1.03444
 1.01538 -61.3957  1.03444
 1.01553 -61.3866  1.03459
 1.01568 -61.3774  1.03474
 1.01583 -61.3683  1.03489
 1.01598 -61.3592  1.03504
 1.01613 -61.3501  1.03519
 1.01628 -61.3409  1.03534
 1.01643 -61.3318  1.03549
 1.01658 -61.3227  1.03564
 1.01673 -61.3136  1.03579
 1.01688 -61.3044  1.03594
 1.01703 -61.2953  1.03609
 1.01718 -61.2862  1.03624
 1.01733 -61.2771  1.03639
 1.01748  -61.268  1.03654
 1.01763 -61.2589  1.03669
 1.01778 -61.2498  1.03684
 1.01793 -61.2407  1.03699
 1.01808 -61.2316  1.03714
 1.01823 -61.2225  1.03729
 1.01838 -61.2134  1.03744
 1.01853 -61.2043  1.03759
 1.01868 -61.1953  1.03774
 1.01883 -61.1862  1.03774
 1.01898 -61.1771  1.03789
 1.01913  -61.168  1.03804
 1.01928 -61.1589  1.03819
 1.01943 -61.1499  1.03834
 1.01958 -61.1408  1.03849
 1.01973 -61.1317  1.03864
 1.01988 -61.1227  1.03879
 1.02004 -61.1136  1.03894
 1.02019 -61.1045  1.03909
 1.02034 -61.0955  1.03924
 1.02049 -61.0864  1.03939
 1.02064 -61.0774  1.03954
 1.02079 -61.0683  1.03969
 1.02094 -61.0593  1.03984
 1.02109 -61.0502  1.03999
 1.02124 -61.0412  1.04015
 1.02139 -61.0321   1.0403
 1.02154 -61.0231  1.04045
 1.02169 -61.0141   1.0406
 1.02184  -61.005  1.04075
 1.02199  -60.996   1.0409
 1.02214  -60.987   1.0409
 1.02229  -60.978  1.04105
 1.02244 -60.9689   1.0412
 1.02259 -60.9599  1.04135
 1.02274 -60.9509   1.0415
 1.02289 -60.9419  1.04165
 1.02304 -60.9329   1.0418
 1.02319 -60.9239  1.04195
 1.02334 -60.9148   1.0421
 1.02349 -60.9058  1.04225
 1.02364 -60.8968   1.0424
 1.02379 -60.8878  1.04255
 1.02394 -60.8788   1.0427
 1.02409 -60.8698  1.04285
 1.02424 -60.8609    1.043
 1.02439 -60.8519  1.04315
 1.02454 -60.8429   1.0433
 1.02469 -60.8339  1.04345
 1.02484 -60.8249   1.0436
 1.02499 -60.8159  1.04375
 1.02514  -60.807   1.0439
 1.02529  -60.798  1.04405
 1.02544  -60.789  1.04405
 1.02559   -60.78   1.0442
 1.02574 -60.7711  1.04435
 1.02589 -60.7621   1.0445
 1.02604 -60.7531  1.04465
 1.02619 -60.7442   1.0448
 1.02634 -60.7352  1.04495
 1.02649 -60.7263   1.0451
 1.02664 -60.7173  1.04525
 1.02679 -60.7084   1.0454
 1.02694 -60.6994  1.04555
 1.02709 -60.6905   1.0457
 1.02724 -60.6815  1.04585
 1.02739 -60.6726    1.046
 1.02754 -60.6636  1.04615
 1.02769 -60.6547   1.0463
 1.02784 -60.6458  1.04645
 1.02799 -60.6368   1.0466
 1.02814 -60.6279  1.04675
 1.02829  -60.619   1.0469
 1.02844 -60.6101  1.04705
 1.02859 -60.6012   1.0472
 1.02874 -60.5922   1.0472
 1.02889 -60.5833  1.04735
 1.02904 -60.5744   1.0475
 1.02919 -60.5655  1.04765
 1.02934 -60.5566   1.0478
 1.02949 -60.5477  1.04795
 1.02964 -60.5388   1.0481
 1.02979 -60.5299  1.04825
 1.02994  -60.521   1.0484
 1.03009 -60.5121  1.04855
 1.03024 -60.5032   1.0487
 1.03039 -60.4943  1.04885
 1.03054 -60.4854    1.049
 1.03069 -60.4765  1.04915
 1.03084 -60.4676   1.0493
 1.03099 -60.4588  1.04945
 1.03114 -60.4499   1.0496
 1.03129  -60.441  1.04975
 1.03144 -60.4321   1.0499
 1.03159 -60.4233  1.05005
 1.03174 -60.4144   1.0502
 1.03189 -60.4055   1.0502
 1.03204 -60.3967  1.05035
 1.03219 -60.3878   1.0505
 1.03234  -60.379  1.05065
 1.03249 -60.3701   1.0508
 1.03264 -60.3612  1.05095
 1.03279 -60.3524   1.0511
 1.03294 -60.3435  1.05125
 1.03309 -60.3347   1.0514
 1.03324 -60.3259  1.05155
 1.03339  -60.317   1.0517
 1.03354 -60.3082  1.05185
 1.03369 -60.2993    1.052
 1.03384 -60.2905  1.05215
 1.03399 -60.2817   1.0523
 1.03414 -60.2728  1.05245
 1.03429  -60.264   1.0526
 1.03444 -60.2552  1.05275
 1.03459 -60.2464   1.0529
 1.03474 -60.2376  1.05305
 1.03489 -60.2287   1.0532
 1.03504 -60.2199   1.0532
 1.03519 -60.2111  1.05335
 1.03534 -60.2023   1.0535
 1.03549 -60.1935  1.05365
 1.03564 -60.1847   1.0538
 1.03579 -60.1759  1.05395
 1.03594 -60.1671   1.0541
 1.03609 -60.1583  1.05425
 1.03624 -60.1495   1.0544
 1.03639 -60.1407  1.05455
 1.03654 -60.1319   1.0547
 1.03669 -60.1231  1.05485
 1.03684 -60.1143    1.055
 1.03699 -60.1056  1.05515
 1.03714 -60.0968   1.0553
 1.03729  -60.088  1.05545
 1.03744 -60.0792   1.0556
 1.03759 -60.0705  1.05575
 1.03774 -60.0617   1.0559
 1.03789 -60.0529  1.05605
 1.03804 -60.0442   1.0562
 1.03819 -60.0354   1.0562
 1.03834 -60.0266  1.05635
 1.03849 -60.0179   1.0565
 1.03864 -60.0091  1.05665
 1.03879 -60.0004   1.0568
 1.03894 -59.9916  1.05695
 1.03909 -59.9829   1.0571
 1.03924 -59.9741  1.05725
 1.03939 -59.9654   1.0574
 1.03954 -59.9566  1.05755
 1.03969 -59.9479   1.0577
 1.03984 -59.9392  1.05785
 1.03999 -59.9304    1.058
 1.04015 -59.9217  1.05815
  1.0403  -59.913   1.0583
 1.04045 -59.9042  1.05845
  1.0406 -59.8955   1.0586
 1.04075 -59.8868  1.05875
  1.0409 -59.8781   1.0589
 1.04105 -59.8694  1.05905
  1.0412 -59.8607  1.05905
 1.04135 -59.8519   1.0592
  1.0415 -59.8432  1.05935
 1.04165 -59.8345   1.0595
  1.0418 -59.8258  1.05965
 1.04195 -59.8171   1.0598
  1.0421 -59.8084  1.05995
 1.04225 -59.7997  1.06011
  1.0424  -59.791  1.06026
 1.04255 -59.7823  1.06041
  1.0427 -59.7737  1.06056
 1.04285  -59.765  1.06071
   1.043 -59.7563  1.06086
 1.04315 -59.7476  1.06101
  1.0433 -59.7389  1.06116
 1.04345 -59.7302  1.06131
  1.0436 -59.7216  1.06146
 1.04375 -59.7129  1.06161
  1.0439 -59.7042  1.06176
 1.04405 -59.6956  1.06176
  1.0442 -59.6869  1.06191
 1.04435 -59.6782  1.06206
  1.0445 -59.6696  1.06221
 1.04465 -59.6609  1.06236
  1.0448 -59.6523  1.06251
 1.04495 -59.6436  1.06266
  1.0451  -59.635  1.06281
 1.04525 -59.6263  1.06296
  1.0454 -59.6177  1.06311
 1.04555  -59.609  1.06326
  1.0457 -59.6004  1.06341
 1.04585 -59.5918  1.06356
   1.046 -59.5831  1.06371
 1.04615 -59.5745  1.06386
  1.0463 -59.5659  1.06401
 1.04645 -59.5572  1.06416
  1.0466 -59.5486  1.06431
 1.04675   -59.54  1.06446
  1.0469 -59.5314  1.06446
 1.04705 -59.5227  1.06461
  1.0472 -59.5141  1.06476
 1.04735 -59.5055  1.06491
  1.0475 -59.4969  1.06506
 1.04765 -59.4883  1.06521
  1.0478 -59.4797  1.06536
 1.04795 -59.4711  1.06551
  1.0481 -59.4625  1.06566
 1.04825 -59.4539  1.06581
  1.0484 -59.4453  1.06596
 1.04855 -59.4367  1.06611
  1.0487 -59.4281  1.06626
 1.04885 -59.4195  1.06641
   1.049 -59.4109  1.06656
 1.04915 -59.4024  1.06671
  1.0493 -59.3938  1.06686
 1.04945 -59.3852  1.06701
  1.0496 -59.3766  1.06716
 1.04975  -59.368  1.06716
  1.0499 -59.3595  1.06731
 1.05005 -59.3509  1.06746
  1.0502 -59.3423  1.06761
 1.05035 -59.3338  1.06776
  1.0505 -59.3252  1.06791
 1.05065 -59.3167  1.06806
  1.0508 -59.3081  1.06821
 1.05095 -59.2995  1.06836
  1.0511  -59.291  1.06851
 1.05125 -59.2824  1.06866
  1.0514 -59.2739  1.06881
 1.05155 -59.2653  1.06896
  1.0517 -59.2568  1.06911
 1.05185 -59.2483  1.06926
   1.052 -59.2397  1.06941
 1.05215 -59.2312  1.06956
  1.0523 -59.2227  1.06971
 1.05245 -59.2141  1.06986
  1.0526 -59.2056  1.06986
 1.05275 -59.1971  1.07001
  1.0529 -59.1886  1.07016
 1.05305   -59.18  1.07031
  1.0532 -59.1715  1.07046
 1.05335  -59.163  1.07061
  1.0535 -59.1545  1.07076
 1.05365  -59.146  1.07091
  1.0538 -59.1375  1.07106
 1.05395  -59.129  1.07121
  1.0541 -59.1205  1.07136
 1.05425  -59.112  1.07151
  1.0544 -59.1035  1.07166
 1.05455  -59.095  1.07181
  1.0547 -59.0865  1.07196
 1.05485  -59.078  1.07211
   1.055 -59.0695  1.07226
 1.05515  -59.061  1.07241
  1.0553 -59.0525  1.07256
 1.05545  -59.044  1.07256
  1.0556 -59.0356  1.07271
 1.05575 -59.0271  1.07286
  1.0559 -59.0186  1.07301
 1.05605 -59.0101  1.07316
  1.0562 -59.0017  1.07331
 1.05635 -58.9932  1.07346
  1.0565 -58.9847  1.07361
 1.05665 -58.9763  1.07376
  1.0568 -58.9678  1.07391
 1.05695 -58.9594  1.07406
  1.0571 -58.9509  1.07421
 1.05725 -58.9424  1.07436
  1.0574  -58.934  1.07451
 1.05755 -58.9255  1.07466
  1.0577 -58.9171  1.07481
 1.05785 -58.9087  1.07496
   1.058 -58.9002  1.07511
 1.05815 -58.8918  1.07511
  1.0583 -58.8833  1.07526
 1.05845 -58.8749  1.07541
  1.0586 -58.8665  1.07556
 1.05875 -58.8581  1.07571
  1.0589 -58.8496  1.07586
 1.05905 -58.8412  1.07601
  1.0592 -58.8328  1.07616
 1.05935 -58.8244  1.07631
  1.0595 -58.8159  1.07646
 1.05965 -58.8075  1.07661
  1.0598 -58.7991  1.07676
 1.05995 -58.7907  1.07691
 1.06011 -58.7823  1.07706
 1.06026 -58.7739  1.07721
 1.06041 -58.7655  1.07736
 1.06056 -58.7571  1.07751
 1.06071 -58.7487  1.07766
 1.06086 -58.7403  1.07766
 1.06101 -58.7319  1.07781
 1.06116 -58.7235  1.07796
 1.06131 -58.7151  1.07811
 1.06146 -58.7068  1.07826
 1.06161 -58.6984  1.07841
 1.06176   -58.69  1.07856
 1.06191 -58.6816  1.07871
 1.06206 -58.6732  1.07886
 1.06221 -58.6649  1.07901
 1.06236 -58.6565  1.07916
 1.06251 -58.6481  1.07931
 1.06266 -58.6398  1.07946
 1.06281 -58.6314  1.07961
 1.06296  -58.623  1.07976
 1.06311 -58.6147  1.07991
 1.06326 -58.6063  1.07991
 1.06341  -58.598  1.08007
 1.06356 -58.5896  1.08022
 1.06371 -58.5813  1.08037
 1.06386 -58.5729  1.08052
 1.06401 -58.5646  1.08067
 1.06416 -58.5562  1.08082
 1.06431 -58.5479  1.08097
 1.06446 -58.5396  1.08112
 1.06461 -58.5312  1.08127
 1.06476 -58.5229  1.08142
 1.06491 -58.5146  1.08157
 1.06506 -58.5062  1.08172
 1.06521 -58.4979  1.08187
 1.06536 -58.4896  1.08202
 1.06551 -58.4813  1.08217
 1.06566  -58.473  1.08232
 1.06581 -58.4647  1.08232
 1.06596 -58.4563  1.08247
 1.06611  -58.448  1.08262
 1.06626 -58.4397  1.08277
 1.06641 -58.4314  1.08292
 1.06656 -58.4231  1.08307
 1.06671 -58.4148  1.08322
 1.06686 -58.4065  1.08337
 1.06701 -58.3982  1.08352
 1.06716 -58.3899  1.08367
 1.06731 -58.3816  1.08382
 1.06746 -58.3734  1.08397
 1.06761 -58.3651  1.08412
 1.06776 -58.3568  1.08427
 1.06791 -58.3485  1.08442
 1.06806 -58.3402  1.08457
 1.06821  -58.332  1.08457
 1.06836 -58.3237  1.08472
 1.06851 -58.3154  1.08487
 1.06866 -58.3071  1.08502
 1.06881 -58.2989  1.08517
 1.06896 -58.2906  1.08532
 1.06911 -58.2824  1.08547
 1.06926 -58.2741  1.08562
 1.06941 -58.2658  1.08577
 1.06956 -58.2576  1.08592
 1.06971 -58.2493  1.08607
 1.06986 -58.2411  1.08622
 1.07001 -58.2328  1.08637
 1.07016 -58.2246  1.08652
 1.07031 -58.2164  1.08667
 1.07046 -58.2081  1.08682
 1.07061 -58.1999  1.08682
 1.07076 -58.1917  1.08697
 1.07091 -58.1834  1.08712
 1.07106 -58.1752  1.08727
 1.07121  -58.167  1.08742
 1.07136 -58.1587  1.08757
 1.07151 -58.1505  1.08772
 1.07166 -58.1423  1.08787
 1.07181 -58.1341  1.08802
 1.07196 -58.1259  1.08817
 1.07211 -58.1177  1.08832
 1.07226 -58.1095  1.08847
 1.07241 -58.1012  1.08862
 1.07256  -58.093  1.08877
 1.07271 -58.0848  1.08892
 1.07286 -58.0766  1.08892
 1.07301 -58.0684  1.08907
 1.07316 -58.0602  1.08922
 1.07331 -58.0521  1.08937
 1.07346 -58.0439  1.08952
 1.07361 -58.0357  1.08967
 1.07376 -58.0275  1.08982
 1.07391 -58.0193  1.08997
 1.07406 -58.0111  1.09012
 1.07421  -58.003  1.09027
 1.07436 -57.9948  1.09042
 1.07451 -57.9866  1.09057
 1.07466 -57.9784  1.09072
 1.07481 -57.9703  1.09087
 1.07496 -57.9621  1.09102
 1.07511 -57.9539  1.09117
 1.07526 -57.9458  1.09117
 1.07541 -57.9376  1.09132
 1.07556 -57.9295  1.09147
 1.07571 -57.9213  1.09162
 1.07586 -57.9132  1.09177
 1.07601  -57.905  1.09192
 1.07616 -57.8969  1.09207
 1.07631 -57.8887  1.09222
 1.07646 -57.8806  1.09237
 1.07661 -57.8725  1.09252
 1.07676 -57.8643  1.09267
 1.07691 -57.8562  1.09282
 1.07706 -57.8481  1.09297
 1.07721 -57.8399  1.09297
 1.07736 -57.8318  1.09312
 1.07751 -57.8237  1.09327
 1.07766 -57.8156  1.09342
 1.07781 -57.8074  1.09357
 1.07796 -57.7993  1.09372
 1.07811 -57.7912  1.09387
 1.07826 -57.7831  1.09402
 1.07841  -57.775  1.09417
 1.07856 -57.7669  1.09432
 1.07871 -57.7588  1.09447
 1.07886 -57.7507  1.09462
 1.07901 -57.7426  1.09477
 1.07916 -57.7345  1.09477
 1.07931 -57.7264  1.09492
 1.07946 -57.7183  1.09507
 1.07961 -57.7102  1.09522
 1.07976 -57.7022  1.09537
 1.07991 -57.6941  1.09552
 1.08007  -57.686  1.09567
 1.08022 -57.6779  1.09582
 1.08037 -57.6699  1.09597
 1.08052 -57.6618  1.09612
 1.08067 -57.6537  1.09627
 1.08082 -57.6457  1.09642
 1.08097 -57.6376  1.09642
 1.08112 -57.6295  1.09657
 1.08127 -57.6215  1.09672
 1.08142 -57.6134  1.09687
 1.08157 -57.6054  1.09702
 1.08172 -57.5973  1.09717
 1.08187 -57.5893  1.09732
 1.08202 -57.5812  1.09747
 1.08217 -57.5732  1.09762
 1.08232 -57.5651  1.09777
 1.08247 -57.5571  1.09792
 1.08262 -57.5491  1.09807
 1.08277  -57.541  1.09822
 1.08292  -57.533  1.09822
 1.08307  -57.525  1.09837
 1.08322  -57.517  1.09852
 1.08337 -57.5089  1.09867
 1.08352 -57.5009  1.09882
 1.08367 -57.4929  1.09897
 1.08382 -57.4849  1.09912
 1.08397 -57.4769  1.09927
 1.08412 -57.4689  1.09942
 1.08427 -57.4609  1.09957
 1.08442 -57.4529  1.09972
 1.08457 -57.4449  1.09987
 1.08472 -57.4369  1.09987
 1.08487 -57.4289  1.10003
 1.08502 -57.4209  1.10018
 1.08517 -57.4129  1.10033
 1.08532 -57.4049  1.10048
 1.08547 -57.3969  1.10063
 1.08562 -57.3889  1.10078
 1.08577 -57.3809  1.10093
 1.08592  -57.373  1.10108
 1.08607  -57.365  1.10123
 1.08622  -57.357  1.10138
 1.08637  -57.349  1.10153
 1.08652 -57.3411  1.10168
 1.08667 -57.3331  1.10168
 1.08682 -57.3252  1.10183
 1.08697 -57.3172  1.10198
 1.08712 -57.3092  1.10213
 1.08727 -57.3013  1.10228
 1.08742 -57.2933  1.10243
 1.08757 -57.2854  1.10258
 1.08772 -57.2774  1.10273
 1.08787 -57.2695  1.10288
 1.08802 -57.2615  1.10303
 1.08817 -57.2536  1.10318
 1.08832 -57.2457  1.10318
 1.08847 -57.2377  1.10333
 1.08862 -57.2298  1.10348
 1.08877 -57.2219  1.10363
 1.08892 -57.2139  1.10378
 1.08907  -57.206  1.10393
 1.08922 -57.1981  1.10408
 1.08937 -57.1902  1.10423
 1.08952 -57.1823  1.10438
 1.08967 -57.1744  1.10453
 1.08982 -57.1664  1.10468
 1.08997 -57.1585  1.10483
 1.09012 -57.1506  1.10483
 1.09027 -57.1427  1.10498
 1.09042 -57.1348  1.10513
 1.09057 -57.1269  1.10528
 1.09072  -57.119  1.10543
 1.09087 -57.1111  1.10558
 1.09102 -57.1033  1.10573
 1.09117 -57.0954  1.10588
 1.09132 -57.0875  1.10603
 1.09147 -57.0796  1.10618
 1.09162 -57.0717  1.10633
 1.09177 -57.0638  1.10648
 1.09192  -57.056  1.10648
 1.09207 -57.0481  1.10663
 1.09222 -57.0402  1.10678
 1.09237 -57.0324  1.10693
 1.09252 -57.0245  1.10708
 1.09267 -57.0166  1.10723
 1.09282 -57.0088  1.10738
 1.09297 -57.0009  1.10753
 1.09312 -56.9931  1.10768
 1.09327 -56.9852  1.10783
 1.09342 -56.9774  1.10798
 1.09357 -56.9695  1.10798
 1.09372 -56.9617  1.10813
 1.09387 -56.9538  1.10828
 1.09402  -56.946  1.10843
 1.09417 -56.9382  1.10858
 1.09432 -56.9303  1.10873
 1.09447 -56.9225  1.10888
 1.09462 -56.9147  1.10903
 1.09477 -56.9068  1.10918
 1.09492  -56.899  1.10933
 1.09507 -56.8912  1.10948
 1.09522 -56.8834  1.10963
 1.09537 -56.8756  1.10963
 1.09552 -56.8677  1.10978
 1.09567 -56.8599  1.10993
 1.09582 -56.8521  1.11008
 1.09597 -56.8443  1.11023
 1.09612 -56.8365  1.11038
 1.09627 -56.8287  1.11053
 1.09642 -56.8209  1.11068
 1.09657 -56.8131  1.11083
 1.09672 -56.8053  1.11098
 1.09687 -56.7975  1.11113
 1.09702 -56.7898  1.11113
 1.09717  -56.782  1.11128
 1.09732 -56.7742  1.11143
 1.09747 -56.7664  1.11158
 1.09762 -56.7586  1.11173
 1.09777 -56.7509  1.11188
 1.09792 -56.7431  1.11203
 1.09807 -56.7353  1.11218
 1.09822 -56.7276  1.11233
 1.09837 -56.7198  1.11248
 1.09852  -56.712  1.11248
 1.09867 -56.7043  1.11263
 1.09882 -56.6965  1.11278
 1.09897 -56.6888  1.11293
 1.09912  -56.681  1.11308
 1.09927 -56.6733  1.11323
 1.09942 -56.6655  1.11338
 1.09957 -56.6578  1.11353
 1.09972   -56.65  1.11368
 1.09987 -56.6423  1.11383
 1.10003 -56.6346  1.11383
 1.10018 -56.6268  1.11398
 1.10033 -56.6191  1.11413
 1.10048 -56.6114  1.11428
 1.10063 -56.6037  1.11443
 1.10078 -56.5959  1.11458
 1.10093 -56.5882  1.11473
 1.10108 -56.5805  1.11488
 1.10123 -56.5728  1.11503
 1.10138 -56.5651  1.11518
 1.10153 -56.5574  1.11518
 1.10168 -56.5497  1.11533
 1.10183  -56.542  1.11548
 1.10198 -56.5343  1.11563
 1.10213 -56.5266  1.11578
 1.10228 -56.5189  1.11593
 1.10243 -56.5112  1.11608
 1.10258 -56.5035  1.11623
 1.10273 -56.4958  1.11638
 1.10288 -56.4881  1.11653
 1.10303 -56.4805  1.11653
 1.10318 -56.4728  1.11668
 1.10333 -56.4651  1.11683
 1.10348 -56.4574  1.11698
 1.10363 -56.4498  1.11713
 1.10378 -56.4421  1.11728
 1.10393 -56.4344  1.11743
 1.10408 -56.4268  1.11758
 1.10423 -56.4191  1.11773
 1.10438 -56.4115  1.11773
 1.10453 -56.4038  1.11788
 1.10468 -56.3962  1.11803
 1.10483 -56.3885  1.11818
 1.10498 -56.3809  1.11833
 1.10513 -56.3732  1.11848
 1.10528 -56.3656  1.11863
 1.10543  -56.358  1.11878
 1.10558 -56.3503  1.11893
 1.10573 -56.3427  1.11893
 1.10588 -56.3351  1.11908
 1.10603 -56.3274  1.11923
 1.10618 -56.3198  1.11938
 1.10633 -56.3122  1.11953
 1.10648 -56.3046  1.11968
 1.10663  -56.297  1.11983
 1.10678 -56.2894  1.11998
 1.10693 -56.2818  1.12014
 1.10708 -56.2742  1.12014
 1.10723 -56.2666  1.12029
 1.10738  -56.259  1.12044
 1.10753 -56.2514  1.12059
 1.10768 -56.2438  1.12074
 1.10783 -56.2362  1.12089
 1.10798 -56.2286  1.12104
 1.10813  -56.221  1.12119
 1.10828 -56.2134  1.12134
 1.10843 -56.2058  1.12134
 1.10858 -56.1983  1.12149
 1.10873 -56.1907  1.12164
 1.10888 -56.1831  1.12179
 1.10903 -56.1755  1.12194
 1.10918  -56.168  1.12209
 1.10933 -56.1604  1.12224
 1.10948 -56.1529  1.12239
 1.10963 -56.1453  1.12254
 1.10978 -56.1377  1.12254
 1.10993 -56.1302  1.12269
 1.11008 -56.1226  1.12284
 1.11023 -56.1151  1.12299
 1.11038 -56.1076  1.12314
 1.11053    -56.1  1.12329
 1.11068 -56.0925  1.12344
 1.11083 -56.0849  1.12359
 1.11098 -56.0774  1.12359
 1.11113 -56.0699  1.12374
 1.11128 -56.0624  1.12389
 1.11143 -56.0548  1.12404
 1.11158 -56.0473  1.12419
 1.11173 -56.0398  1.12434
 1.11188 -56.0323  1.12449
 1.11203 -56.0248  1.12449
 1.11218 -56.0173  1.12464
 1.11233 -56.0098  1.12479
 1.11248 -56.0023  1.12494
 1.11263 -55.9948  1.12509
 1.11278 -55.9873  1.12509
 1.11293 -55.9798  1.12524
 1.11308 -55.9723  1.12539
 1.11323 -55.9648  1.12554
 1.11338 -55.9574  1.12569
 1.11353 -55.9499  1.12569
 1.11368 -55.9424  1.12584
 1.11383  -55.935  1.12599
 1.11398 -55.9275  1.12614
 1.11413   -55.92  1.12629
 1.11428 -55.9126  1.12629
 1.11443 -55.9051  1.12644
 1.11458 -55.8977  1.12659
 1.11473 -55.8902  1.12674
 1.11488 -55.8828  1.12689
 1.11503 -55.8754  1.12689
 1.11518 -55.8679  1.12704
 1.11533 -55.8605  1.12719
 1.11548 -55.8531  1.12734
 1.11563 -55.8457  1.12749
 1.11578 -55.8383  1.12749
 1.11593 -55.8308  1.12764
 1.11608 -55.8234  1.12779
 1.11623  -55.816  1.12794
 1.11638 -55.8086  1.12809
 1.11653 -55.8012  1.12809
 1.11668 -55.7938  1.12824
 1.11683 -55.7864  1.12839
 1.11698 -55.7791  1.12854
 1.11713 -55.7717  1.12869
 1.11728 -55.7643  1.12869
 1.11743 -55.7569  1.12884
 1.11758 -55.7495  1.12899
 1.11773 -55.7422  1.12914
 1.11788 -55.7348  1.12929
 1.11803 -55.7275  1.12944
 1.11818 -55.7201  1.12944
 1.11833 -55.7127  1.12959
 1.11848 -55.7054  1.12974
 1.11863  -55.698  1.12989
 1.11878 -55.6907  1.13004
 1.11893 -55.6834  1.13004
 1.11908  -55.676  1.13019
 1.11923 -55.6687  1.13034
 1.11938 -55.6614  1.13049
 1.11953  -55.654  1.13064
 1.11968 -55.6467  1.13064
 1.11983 -55.6394  1.13079
 1.11998 -55.6321  1.13094
 1.12014 -55.6248  1.13109
 1.12029 -55.6175  1.13124
 1.12044 -55.6102  1.13124
 1.12059 -55.6029  1.13139
 1.12074 -55.5956  1.13154
 1.12089 -55.5883  1.13169
 1.12104  -55.581  1.13184
 1.12119 -55.5737  1.13184
 1.12134 -55.5664  1.13199
 1.12149 -55.5591  1.13214
 1.12164 -55.5519  1.13229
 1.12179 -55.5446  1.13244
 1.12194 -55.5373  1.13244
 1.12209 -55.5301  1.13259
 1.12224 -55.5228  1.13274
 1.12239 -55.5155  1.13289
 1.12254 -55.5083  1.13304
 1.12269  -55.501  1.13304
 1.12284 -55.4938  1.13319
 1.12299 -55.4866  1.13334
 1.12314 -55.4793  1.13349
 1.12329 -55.4721  1.13364
 1.12344 -55.4649  1.13364
 1.12359 -55.4576  1.13379
 1.12374 -55.4504  1.13394
 1.12389 -55.4432  1.13409
 1.12404  -55.436  1.13424
 1.12419 -55.4288  1.13424
 1.12434 -55.4215  1.13439
 1.12449 -55.4143  1.13454
 1.12464 -55.4071  1.13469
 1.12479 -55.3999  1.13484
 1.12494 -55.3927  1.13484
 1.12509 -55.3855  1.13499
 1.12524 -55.3784  1.13514
 1.12539 -55.3712  1.13529
 1.12554  -55.364  1.13544
 1.12569 -55.3568  1.13544
 1.12584 -55.3496  1.13559
 1.12599 -55.3425  1.13574
 1.12614 -55.3353  1.13589
 1.12629 -55.3281  1.13604
 1.12644  -55.321  1.13604
 1.12659 -55.3138  1.13619
 1.12674 -55.3067  1.13634
 1.12689 -55.2995  1.13649
 1.12704 -55.2924  1.13664
 1.12719 -55.2852  1.13664
 1.12734 -55.2781  1.13679
 1.12749  -55.271  1.13694
 1.12764 -55.2638  1.13709
 1.12779 -55.2567  1.13724
 1.12794 -55.2496  1.13724
 1.12809 -55.2425  1.13739
 1.12824 -55.2354  1.13754
 1.12839 -55.2282  1.13769
 1.12854 -55.2211  1.13784
 1.12869  -55.214  1.13784
 1.12884 -55.2069  1.13799
 1.12899 -55.1998  1.13814
 1.12914 -55.1927  1.13829
 1.12929 -55.1856  1.13829
 1.12944 -55.1786  1.13844
 1.12959 -55.1715  1.13859
 1.12974 -55.1644  1.13874
 1.12989 -55.1573  1.13889
 1.13004 -55.1502  1.13889
 1.13019 -55.1432  1.13904
 1.13034 -55.1361  1.13919
 1.13049 -55.1291  1.13934
 1.13064  -55.122  1.13949
 1.13079 -55.1149  1.13949
 1.13094 -55.1079  1.13964
 1.13109 -55.1008  1.13979
 1.13124 -55.0938  1.13994
 1.13139 -55.0868   1.1401
 1.13154 -55.0797   1.1401
 1.13169 -55.0727  1.14025
 1.13184 -55.0657   1.1404
 1.13199 -55.0586  1.14055
 1.13214 -55.0516   1.1407
 1.13229 -55.0446   1.1407
 1.13244 -55.0376  1.14085
 1.13259 -55.0306    1.141
 1.13274 -55.0236  1.14115
 1.13289 -55.0166  1.14115
 1.13304 -55.0095   1.1413
 1.13319 -55.0026  1.14145
 1.13334 -54.9956   1.1416
 1.13349 -54.9886  1.14175
 1.13364 -54.9816  1.14175
 1.13379 -54.9746   1.1419
 1.13394 -54.9676  1.14205
 1.13409 -54.9606   1.1422
 1.13424 -54.9537  1.14235
 1.13439 -54.9467  1.14235
 1.13454 -54.9397   1.1425
 1.13469 -54.9328  1.14265
 1.13484 -54.9258   1.1428
 1.13499 -54.9189  1.14295
 1.13514 -54.9119  1.14295
 1.13529  -54.905   1.1431
 1.13544  -54.898  1.14325
 1.13559 -54.8911   1.1434
 1.13574 -54.8841  1.14355
 1.13589 -54.8772  1.14355
 1.13604 -54.8703   1.1437
 1.13619 -54.8633  1.14385
 1.13634 -54.8564    1.144
 1.13649 -54.8495    1.144
 1.13664 -54.8426  1.14415
 1.13679 -54.8357   1.1443
 1.13694 -54.8288  1.14445
 1.13709 -54.8219   1.1446
 1.13724  -54.815   1.1446
 1.13739 -54.8081  1.14475
 1.13754 -54.8012   1.1449
 1.13769 -54.7943  1.14505
 1.13784 -54.7874  1.14505
 1.13799 -54.7805   1.1452
 1.13814 -54.7736  1.14535
 1.13829 -54.7668   1.1455
 1.13844 -54.7599   1.1455
 1.13859  -54.753  1.14565
 1.13874 -54.7462   1.1458
 1.13889 -54.7393   1.1458
 1.13904 -54.7325  1.14595
 1.13919 -54.7256   1.1461
 1.13934 -54.7188  1.14625
 1.13949 -54.7119  1.14625
 1.13964 -54.7051   1.1464
 1.13979 -54.6983  1.14655
 1.13994 -54.6914  1.14655
  1.1401 -54.6846   1.1467
 1.14025 -54.6778  1.14685
  1.1404  -54.671    1.147
 1.14055 -54.6642    1.147
  1.1407 -54.6574  1.14715
 1.14085 -54.6506   1.1473
   1.141 -54.6438   1.1473
 1.14115  -54.637  1.14745
  1.1413 -54.6302   1.1476
 1.14145 -54.6234  1.14775
  1.1416 -54.6166  1.14775
 1.14175 -54.6098   1.1479
  1.1419 -54.6031  1.14805
 1.14205 -54.5963   1.1482
  1.1422 -54.5895   1.1482
 1.14235 -54.5828  1.14835
  1.1425  -54.576   1.1485
 1.14265 -54.5693   1.1485
  1.1428 -54.5625  1.14865
 1.14295 -54.5558   1.1488
  1.1431  -54.549  1.14895
 1.14325 -54.5423  1.14895
  1.1434 -54.5356   1.1491
 1.14355 -54.5288  1.14925
  1.1437 -54.5221  1.14925
 1.14385 -54.5154   1.1494
   1.144 -54.5087  1.14955
 1.14415  -54.502   1.1497
  1.1443 -54.4953   1.1497
 1.14445 -54.4886  1.14985
  1.1446 -54.4819     1.15
 1.14475 -54.4752     1.15
  1.1449 -54.4685     1.15
 1.14505 -54.4618     1.15
  1.1452 -54.4552     1.15
 1.14535 -54.4485     1.15
  1.1455 -54.4419     1.15
 1.14565 -54.4353     1.15
  1.1458 -54.4287     1.15
 1.14595 -54.4221     1.15
  1.1461 -54.4155     1.15
 1.14625 -54.4089     1.15
  1.1464 -54.4023     1.15
 1.14655 -54.3958     1.15
  1.1467 -54.3892     1.15
 1.14685 -54.3827     1.15
   1.147 -54.3762     1.15
 1.14715 -54.3697     1.15
  1.1473 -54.3632     1.15
 1.14745 -54.3567     1.15
  1.1476 -54.3502     1.15
 1.14775 -54.3438     1.15
  1.1479 -54.3373     1.15
 1.14805 -54.3309     1.15
  1.1482 -54.3244     1.15
 1.14835  -54.318     1.15
  1.1485 -54.3116     1.15
 1.14865 -54.3052     1.15
  1.1488 -54.2988     1.15
 1.14895 -54.2925     1.15
  1.1491 -54.2861     1.15
 1.14925 -54.2797     1.15
  1.1494 -54.2734     1.15
 1.14955 -54.2671     1.15
  1.1497 -54.2608     1.15
 1.14985 -54.2544     1.15
    1.15 -54.2482     1.15