 kgrid  ValNew  Policy 
    0.85 -45.3666 0.875663
 0.85015 -45.3539 0.875813
  0.8503 -45.3413 0.875963
 0.85045 -45.3287 0.876113
  0.8506 -45.3161 0.876113
 0.85075 -45.3035 0.876263
  0.8509 -45.2909 0.876413
0.851051 -45.2783 0.876563
0.851201 -45.2657 0.876713
0.851351 -45.2532 0.876863
0.851501 -45.2406 0.876863
0.851651  -45.228 0.877014
0.851801 -45.2155 0.877164
0.851951  -45.203 0.877314
0.852101 -45.1904 0.877464
0.852251 -45.1779 0.877614
0.852401 -45.1654 0.877614
0.852551 -45.1528 0.877764
0.852701 -45.1403 0.877914
0.852851 -45.1278 0.878064
0.853002 -45.1153 0.878214
0.853152 -45.1028 0.878364
0.853302 -45.0903 0.878514
0.853452 -45.0779 0.878514
0.853602 -45.0654 0.878664
0.853752 -45.0529 0.878814
0.853902 -45.0405 0.878964
0.854052  -45.028 0.879115
0.854202 -45.0156 0.879265
0.854352 -45.0031 0.879415
0.854502 -44.9907 0.879415
0.854652 -44.9783 0.879565
0.854802 -44.9658 0.879715
0.854952 -44.9534 0.879865
0.855103  -44.941 0.880015
0.855253 -44.9286 0.880165
0.855403 -44.9162 0.880165
0.855553 -44.9038 0.880315
0.855703 -44.8914 0.880465
0.855853 -44.8791 0.880615
0.856003 -44.8667 0.880765
0.856153 -44.8543 0.880915
0.856303  -44.842 0.881066
0.856453 -44.8296 0.881066
0.856603 -44.8173 0.881216
0.856753 -44.8049 0.881366
0.856903 -44.7926 0.881516
0.857054 -44.7803 0.881666
0.857204  -44.768 0.881816
0.857354 -44.7557 0.881966
0.857504 -44.7433 0.881966
0.857654  -44.731 0.882116
0.857804 -44.7187 0.882266
0.857954 -44.7065 0.882416
0.858104 -44.6942 0.882566
0.858254 -44.6819 0.882716
0.858404 -44.6696 0.882716
0.858554 -44.6574 0.882866
0.858704 -44.6451 0.883017
0.858854 -44.6329 0.883167
0.859005 -44.6206 0.883317
0.859155 -44.6084 0.883467
0.859305 -44.5961 0.883617
0.859455 -44.5839 0.883617
0.859605 -44.5717 0.883767
0.859755 -44.5595 0.883917
0.859905 -44.5473 0.884067
0.860055 -44.5351 0.884217
0.860205 -44.5229 0.884367
0.860355 -44.5107 0.884517
0.860505 -44.4985 0.884517
0.860655 -44.4863 0.884667
0.860805 -44.4742 0.884817
0.860955  -44.462 0.884967
0.861106 -44.4498 0.885118
0.861256 -44.4377 0.885268
0.861406 -44.4255 0.885418
0.861556 -44.4134 0.885418
0.861706 -44.4013 0.885568
0.861856 -44.3891 0.885718
0.862006  -44.377 0.885868
0.862156 -44.3649 0.886018
0.862306 -44.3528 0.886168
0.862456 -44.3407 0.886318
0.862606 -44.3286 0.886318
0.862756 -44.3165 0.886468
0.862906 -44.3044 0.886618
0.863057 -44.2923 0.886768
0.863207 -44.2802 0.886918
0.863357 -44.2682 0.887069
0.863507 -44.2561 0.887219
0.863657  -44.244 0.887219
0.863807  -44.232 0.887369
0.863957 -44.2199 0.887519
0.864107 -44.2079 0.887669
0.864257 -44.1959 0.887819
0.864407 -44.1838 0.887969
0.864557 -44.1718 0.888119
0.864707 -44.1598 0.888269
0.864857 -44.1478 0.888269
0.865008 -44.1358 0.888419
0.865158 -44.1238 0.888569
0.865308 -44.1118 0.888719
0.865458 -44.0998 0.888869
0.865608 -44.0878  0.88902
0.865758 -44.0758  0.88917
0.865908 -44.0639  0.88917
0.866058 -44.0519  0.88932
0.866208 -44.0399  0.88947
0.866358  -44.028  0.88962
0.866508  -44.016  0.88977
0.866658 -44.0041  0.88992
0.866808 -43.9921  0.89007
0.866958 -43.9802  0.89022
0.867109 -43.9683  0.89022
0.867259 -43.9563  0.89037
0.867409 -43.9444  0.89052
0.867559 -43.9325  0.89067
0.867709 -43.9206  0.89082
0.867859 -43.9087  0.89097
0.868009 -43.8968 0.891121
0.868159 -43.8849 0.891271
0.868309 -43.8731 0.891271
0.868459 -43.8612 0.891421
0.868609 -43.8493 0.891571
0.868759 -43.8374 0.891721
0.868909 -43.8256 0.891871
 0.86906 -43.8137 0.892021
 0.86921 -43.8019 0.892171
 0.86936   -43.79 0.892171
 0.86951 -43.7782 0.892321
 0.86966 -43.7664 0.892471
 0.86981 -43.7545 0.892621
 0.86996 -43.7427 0.892771
 0.87011 -43.7309 0.892921
 0.87026 -43.7191 0.893072
 0.87041 -43.7073 0.893222
 0.87056 -43.6955 0.893222
 0.87071 -43.6837 0.893372
 0.87086 -43.6719 0.893522
0.871011 -43.6601 0.893672
0.871161 -43.6483 0.893822
0.871311 -43.6366 0.893972
0.871461 -43.6248 0.894122
0.871611  -43.613 0.894272
0.871761 -43.6013 0.894272
0.871911 -43.5895 0.894422
0.872061 -43.5778 0.894572
0.872211 -43.5661 0.894722
0.872361 -43.5543 0.894872
0.872511 -43.5426 0.895023
0.872661 -43.5309 0.895173
0.872811 -43.5192 0.895323
0.872961 -43.5075 0.895323
0.873112 -43.4957 0.895473
0.873262  -43.484 0.895623
0.873412 -43.4723 0.895773
0.873562 -43.4607 0.895923
0.873712  -43.449 0.896073
0.873862 -43.4373 0.896223
0.874012 -43.4256 0.896223
0.874162  -43.414 0.896373
0.874312 -43.4023 0.896523
0.874462 -43.3906 0.896673
0.874612  -43.379 0.896823
0.874762 -43.3673 0.896973
0.874912 -43.3557 0.897124
0.875063 -43.3441 0.897274
0.875213 -43.3324 0.897274
0.875363 -43.3208 0.897424
0.875513 -43.3092 0.897574
0.875663 -43.2976 0.897724
0.875813  -43.286 0.897874
0.875963 -43.2744 0.898024
0.876113 -43.2628 0.898174
0.876263 -43.2512 0.898324
0.876413 -43.2396 0.898324
0.876563  -43.228 0.898474
0.876713 -43.2164 0.898624
0.876863 -43.2049 0.898774
0.877014 -43.1933 0.898924
0.877164 -43.1817 0.899075
0.877314 -43.1702 0.899225
0.877464 -43.1586 0.899375
0.877614 -43.1471 0.899375
0.877764 -43.1355 0.899525
0.877914  -43.124 0.899675
0.878064 -43.1125 0.899825
0.878214  -43.101 0.899975
0.878364 -43.0894 0.900125
0.878514 -43.0779 0.900275
0.878664 -43.0664 0.900425
0.878814 -43.0549 0.900425
0.878964 -43.0434 0.900575
0.879115 -43.0319 0.900725
0.879265 -43.0204 0.900875
0.879415  -43.009 0.901026
0.879565 -42.9975 0.901176
0.879715  -42.986 0.901326
0.879865 -42.9746 0.901476
0.880015 -42.9631 0.901476
0.880165 -42.9516 0.901626
0.880315 -42.9402 0.901776
0.880465 -42.9287 0.901926
0.880615 -42.9173 0.902076
0.880765 -42.9059 0.902226
0.880915 -42.8944 0.902376
0.881066  -42.883 0.902526
0.881216 -42.8716 0.902526
0.881366 -42.8602 0.902676
0.881516 -42.8488 0.902826
0.881666 -42.8374 0.902976
0.881816  -42.826 0.903127
0.881966 -42.8146 0.903277
0.882116 -42.8032 0.903427
0.882266 -42.7918 0.903577
0.882416 -42.7804 0.903577
0.882566 -42.7691 0.903727
0.882716 -42.7577 0.903877
0.882866 -42.7463 0.904027
0.883017  -42.735 0.904177
0.883167 -42.7236 0.904327
0.883317 -42.7123 0.904477
0.883467 -42.7009 0.904627
0.883617 -42.6896 0.904777
0.883767 -42.6783 0.904777
0.883917 -42.6669 0.904927
0.884067 -42.6556 0.905078
0.884217 -42.6443 0.905228
0.884367  -42.633 0.905378
0.884517 -42.6217 0.905528
0.884667 -42.6104 0.905678
0.884817 -42.5991 0.905828
0.884967 -42.5878 0.905978
0.885118 -42.5765 0.905978
0.885268 -42.5652 0.906128
0.885418 -42.5539 0.906278
0.885568 -42.5427 0.906428
0.885718 -42.5314 0.906578
0.885868 -42.5201 0.906728
0.886018 -42.5089 0.906878
0.886168 -42.4976 0.907029
0.886318 -42.4864 0.907179
0.886468 -42.4751 0.907179
0.886618 -42.4639 0.907329
0.886768 -42.4527 0.907479
0.886918 -42.4414 0.907629
0.887069 -42.4302 0.907779
0.887219  -42.419 0.907929
0.887369 -42.4078 0.908079
0.887519 -42.3965 0.908229
0.887669 -42.3853 0.908379
0.887819 -42.3741 0.908379
0.887969 -42.3629 0.908529
0.888119 -42.3517 0.908679
0.888269 -42.3406 0.908829
0.888419 -42.3294 0.908979
0.888569 -42.3182  0.90913
0.888719  -42.307  0.90928
0.888869 -42.2958  0.90943
 0.88902 -42.2847  0.90958
 0.88917 -42.2735  0.90973
 0.88932 -42.2624  0.90973
 0.88947 -42.2512  0.90988
 0.88962 -42.2401  0.91003
 0.88977 -42.2289  0.91018
 0.88992 -42.2178  0.91033
 0.89007 -42.2067  0.91048
 0.89022 -42.1955  0.91063
 0.89037 -42.1844  0.91078
 0.89052 -42.1733  0.91093
 0.89067 -42.1622  0.91093
 0.89082 -42.1511 0.911081
 0.89097   -42.14 0.911231
0.891121 -42.1289 0.911381
0.891271 -42.1178 0.911531
0.891421 -42.1067 0.911681
0.891571 -42.0956 0.911831
0.891721 -42.0845 0.911981
0.891871 -42.0734 0.912131
0.892021 -42.0624 0.912131
0.892171 -42.0513 0.912281
0.892321 -42.0402 0.912431
0.892471 -42.0292 0.912581
0.892621 -42.0181 0.912731
0.892771 -42.0071 0.912881
0.892921  -41.996 0.913032
0.893072  -41.985 0.913182
0.893222 -41.9739 0.913332
0.893372 -41.9629 0.913482
0.893522 -41.9519 0.913482
0.893672 -41.9409 0.913632
0.893822 -41.9299 0.913782
0.893972 -41.9188 0.913932
0.894122 -41.9078 0.914082
0.894272 -41.8968 0.914232
0.894422 -41.8858 0.914382
0.894572 -41.8748 0.914532
0.894722 -41.8638 0.914682
0.894872 -41.8529 0.914832
0.895023 -41.8419 0.914832
0.895173 -41.8309 0.914982
0.895323 -41.8199 0.915133
0.895473  -41.809 0.915283
0.895623  -41.798 0.915433
0.895773  -41.787 0.915583
0.895923 -41.7761 0.915733
0.896073 -41.7651 0.915883
0.896223 -41.7542 0.916033
0.896373 -41.7433 0.916033
0.896523 -41.7323 0.916183
0.896673 -41.7214 0.916333
0.896823 -41.7105 0.916483
0.896973 -41.6995 0.916633
0.897124 -41.6886 0.916783
0.897274 -41.6777 0.916933
0.897424 -41.6668 0.917084
0.897574 -41.6559 0.917234
0.897724  -41.645 0.917384
0.897874 -41.6341 0.917384
0.898024 -41.6232 0.917534
0.898174 -41.6123 0.917684
0.898324 -41.6014 0.917834
0.898474 -41.5906 0.917984
0.898624 -41.5797 0.918134
0.898774 -41.5688 0.918284
0.898924  -41.558 0.918434
0.899075 -41.5471 0.918584
0.899225 -41.5362 0.918734
0.899375 -41.5254 0.918734
0.899525 -41.5145 0.918884
0.899675 -41.5037 0.919035
0.899825 -41.4929 0.919185
0.899975  -41.482 0.919335
0.900125 -41.4712 0.919485
0.900275 -41.4604 0.919635
0.900425 -41.4496 0.919785
0.900575 -41.4387 0.919935
0.900725 -41.4279 0.920085
0.900875 -41.4171 0.920085
0.901026 -41.4063 0.920235
0.901176 -41.3955 0.920385
0.901326 -41.3847 0.920535
0.901476 -41.3739 0.920685
0.901626 -41.3632 0.920835
0.901776 -41.3524 0.920985
0.901926 -41.3416 0.921136
0.902076 -41.3308 0.921286
0.902226 -41.3201 0.921436
0.902376 -41.3093 0.921436
0.902526 -41.2985 0.921586
0.902676 -41.2878 0.921736
0.902826  -41.277 0.921886
0.902976 -41.2663 0.922036
0.903127 -41.2556 0.922186
0.903277 -41.2448 0.922336
0.903427 -41.2341 0.922486
0.903577 -41.2234 0.922636
0.903727 -41.2126 0.922636
0.903877 -41.2019 0.922786
0.904027 -41.1912 0.922936
0.904177 -41.1805 0.923087
0.904327 -41.1698 0.923237
0.904477 -41.1591 0.923387
0.904627 -41.1484 0.923537
0.904777 -41.1377 0.923687
0.904927  -41.127 0.923837
0.905078 -41.1163 0.923987
0.905228 -41.1056 0.924137
0.905378  -41.095 0.924137
0.905528 -41.0843 0.924287
0.905678 -41.0736 0.924437
0.905828  -41.063 0.924587
0.905978 -41.0523 0.924737
0.906128 -41.0416 0.924887
0.906278  -41.031 0.925038
0.906428 -41.0203 0.925188
0.906578 -41.0097 0.925338
0.906728 -40.9991 0.925338
0.906878 -40.9884 0.925488
0.907029 -40.9778 0.925638
0.907179 -40.9672 0.925788
0.907329 -40.9566 0.925938
0.907479 -40.9459 0.926088
0.907629 -40.9353 0.926238
0.907779 -40.9247 0.926388
0.907929 -40.9141 0.926538
0.908079 -40.9035 0.926688
0.908229 -40.8929 0.926838
0.908379 -40.8823 0.926838
0.908529 -40.8717 0.926988
0.908679 -40.8612 0.927139
0.908829 -40.8506 0.927289
0.908979   -40.84 0.927439
 0.90913 -40.8294 0.927589
 0.90928 -40.8189 0.927739
 0.90943 -40.8083 0.927889
 0.90958 -40.7977 0.928039
 0.90973 -40.7872 0.928189
 0.90988 -40.7766 0.928189
 0.91003 -40.7661 0.928339
 0.91018 -40.7556 0.928489
 0.91033  -40.745 0.928639
 0.91048 -40.7345 0.928789
 0.91063  -40.724 0.928939
 0.91078 -40.7134  0.92909
 0.91093 -40.7029  0.92924
0.911081 -40.6924  0.92939
0.911231 -40.6819  0.92954
0.911381 -40.6714  0.92969
0.911531 -40.6609  0.92969
0.911681 -40.6504  0.92984
0.911831 -40.6399  0.92999
0.911981 -40.6294  0.93014
0.912131 -40.6189  0.93029
0.912281 -40.6084  0.93044
0.912431 -40.5979  0.93059
0.912581 -40.5875  0.93074
0.912731  -40.577  0.93089
0.912881 -40.5665 0.931041
0.913032 -40.5561 0.931041
0.913182 -40.5456 0.931191
0.913332 -40.5351 0.931341
0.913482 -40.5247 0.931491
0.913632 -40.5142 0.931641
0.913782 -40.5038 0.931791
0.913932 -40.4934 0.931941
0.914082 -40.4829 0.932091
0.914232 -40.4725 0.932241
0.914382 -40.4621 0.932391
0.914532 -40.4516 0.932391
0.914682 -40.4412 0.932541
0.914832 -40.4308 0.932691
0.914982 -40.4204 0.932841
0.915133   -40.41 0.932991
0.915283 -40.3996 0.933142
0.915433 -40.3892 0.933292
0.915583 -40.3788 0.933442
0.915733 -40.3684 0.933592
0.915883  -40.358 0.933742
0.916033 -40.3476 0.933892
0.916183 -40.3373 0.933892
0.916333 -40.3269 0.934042
0.916483 -40.3165 0.934192
0.916633 -40.3062 0.934342
0.916783 -40.2958 0.934492
0.916933 -40.2854 0.934642
0.917084 -40.2751 0.934792
0.917234 -40.2647 0.934942
0.917384 -40.2544 0.935093
0.917534 -40.2441 0.935243
0.917684 -40.2337 0.935243
0.917834 -40.2234 0.935393
0.917984 -40.2131 0.935543
0.918134 -40.2027 0.935693
0.918284 -40.1924 0.935843
0.918434 -40.1821 0.935993
0.918584 -40.1718 0.936143
0.918734 -40.1615 0.936293
0.918884 -40.1512 0.936443
0.919035 -40.1409 0.936593
0.919185 -40.1306 0.936743
0.919335 -40.1203 0.936743
0.919485   -40.11 0.936893
0.919635 -40.0997 0.937044
0.919785 -40.0894 0.937194
0.919935 -40.0791 0.937344
0.920085 -40.0689 0.937494
0.920235 -40.0586 0.937644
0.920385 -40.0483 0.937794
0.920535 -40.0381 0.937944
0.920685 -40.0278 0.938094
0.920835 -40.0176 0.938094
0.920985 -40.0073 0.938244
0.921136 -39.9971 0.938394
0.921286 -39.9868 0.938544
0.921436 -39.9766 0.938694
0.921586 -39.9663 0.938844
0.921736 -39.9561 0.938994
0.921886 -39.9459 0.939145
0.922036 -39.9357 0.939295
0.922186 -39.9254 0.939445
0.922336 -39.9152 0.939595
0.922486  -39.905 0.939595
0.922636 -39.8948 0.939745
0.922786 -39.8846 0.939895
0.922936 -39.8744 0.940045
0.923087 -39.8642 0.940195
0.923237  -39.854 0.940345
0.923387 -39.8438 0.940495
0.923537 -39.8337 0.940645
0.923687 -39.8235 0.940795
0.923837 -39.8133 0.940945
0.923987 -39.8031 0.941096
0.924137  -39.793 0.941096
0.924287 -39.7828 0.941246
0.924437 -39.7727 0.941396
0.924587 -39.7625 0.941546
0.924737 -39.7523 0.941696
0.924887 -39.7422 0.941846
0.925038 -39.7321 0.941996
0.925188 -39.7219 0.942146
0.925338 -39.7118 0.942296
0.925488 -39.7016 0.942446
0.925638 -39.6915 0.942446
0.925788 -39.6814 0.942596
0.925938 -39.6713 0.942746
0.926088 -39.6612 0.942896
0.926238  -39.651 0.943047
0.926388 -39.6409 0.943197
0.926538 -39.6308 0.943347
0.926688 -39.6207 0.943497
0.926838 -39.6106 0.943647
0.926988 -39.6005 0.943797
0.927139 -39.5905 0.943947
0.927289 -39.5804 0.943947
0.927439 -39.5703 0.944097
0.927589 -39.5602 0.944247
0.927739 -39.5501 0.944397
0.927889 -39.5401 0.944547
0.928039   -39.53 0.944697
0.928189 -39.5199 0.944847
0.928339 -39.5099 0.944997
0.928489 -39.4998 0.945148
0.928639 -39.4898 0.945298
0.928789 -39.4797 0.945448
0.928939 -39.4697 0.945448
 0.92909 -39.4596 0.945598
 0.92924 -39.4496 0.945748
 0.92939 -39.4396 0.945898
 0.92954 -39.4295 0.946048
 0.92969 -39.4195 0.946198
 0.92984 -39.4095 0.946348
 0.92999 -39.3995 0.946498
 0.93014 -39.3895 0.946648
 0.93029 -39.3795 0.946798
 0.93044 -39.3695 0.946948
 0.93059 -39.3595 0.946948
 0.93074 -39.3495 0.947099
 0.93089 -39.3395 0.947249
0.931041 -39.3295 0.947399
0.931191 -39.3195 0.947549
0.931341 -39.3095 0.947699
0.931491 -39.2995 0.947849
0.931641 -39.2895 0.947999
0.931791 -39.2796 0.948149
0.931941 -39.2696 0.948299
0.932091 -39.2596 0.948449
0.932241 -39.2497 0.948449
0.932391 -39.2397 0.948599
0.932541 -39.2298 0.948749
0.932691 -39.2198 0.948899
0.932841 -39.2099  0.94905
0.932991 -39.1999   0.9492
0.933142   -39.19  0.94935
0.933292 -39.1801   0.9495
0.933442 -39.1701  0.94965
0.933592 -39.1602   0.9498
0.933742 -39.1503  0.94995
0.933892 -39.1404  0.94995
0.934042 -39.1304   0.9501
0.934192 -39.1205  0.95025
0.934342 -39.1106   0.9504
0.934492 -39.1007  0.95055
0.934642 -39.0908   0.9507
0.934792 -39.0809  0.95085
0.934942  -39.071 0.951001
0.935093 -39.0611 0.951151
0.935243 -39.0513 0.951301
0.935393 -39.0414 0.951451
0.935543 -39.0315 0.951451
0.935693 -39.0216 0.951601
0.935843 -39.0117 0.951751
0.935993 -39.0019 0.951901
0.936143  -38.992 0.952051
0.936293 -38.9822 0.952201
0.936443 -38.9723 0.952351
0.936593 -38.9624 0.952501
0.936743 -38.9526 0.952651
0.936893 -38.9427 0.952801
0.937044 -38.9329 0.952951
0.937194 -38.9231 0.952951
0.937344 -38.9132 0.953102
0.937494 -38.9034 0.953252
0.937644 -38.8936 0.953402
0.937794 -38.8838 0.953552
0.937944 -38.8739 0.953702
0.938094 -38.8641 0.953852
0.938244 -38.8543 0.954002
0.938394 -38.8445 0.954152
0.938544 -38.8347 0.954302
0.938694 -38.8249 0.954452
0.938844 -38.8151 0.954452
0.938994 -38.8053 0.954602
0.939145 -38.7955 0.954752
0.939295 -38.7857 0.954902
0.939445 -38.7759 0.955053
0.939595 -38.7662 0.955203
0.939745 -38.7564 0.955353
0.939895 -38.7466 0.955503
0.940045 -38.7368 0.955653
0.940195 -38.7271 0.955803
0.940345 -38.7173 0.955953
0.940495 -38.7075 0.955953
0.940645 -38.6978 0.956103
0.940795  -38.688 0.956253
0.940945 -38.6783 0.956403
0.941096 -38.6686 0.956553
0.941246 -38.6588 0.956703
0.941396 -38.6491 0.956853
0.941546 -38.6393 0.957004
0.941696 -38.6296 0.957154
0.941846 -38.6199 0.957304
0.941996 -38.6102 0.957454
0.942146 -38.6004 0.957604
0.942296 -38.5907 0.957604
0.942446  -38.581 0.957754
0.942596 -38.5713 0.957904
0.942746 -38.5616 0.958054
0.942896 -38.5519 0.958204
0.943047 -38.5422 0.958354
0.943197 -38.5325 0.958504
0.943347 -38.5228 0.958654
0.943497 -38.5131 0.958804
0.943647 -38.5035 0.958954
0.943797 -38.4938 0.959105
0.943947 -38.4841 0.959105
0.944097 -38.4744 0.959255
0.944247 -38.4648 0.959405
0.944397 -38.4551 0.959555
0.944547 -38.4454 0.959705
0.944697 -38.4358 0.959855
0.944847 -38.4261 0.960005
0.944997 -38.4165 0.960155
0.945148 -38.4068 0.960305
0.945298 -38.3972 0.960455
0.945448 -38.3875 0.960605
0.945598 -38.3779 0.960605
0.945748 -38.3683 0.960755
0.945898 -38.3586 0.960905
0.946048  -38.349 0.961056
0.946198 -38.3394 0.961206
0.946348 -38.3298 0.961356
0.946498 -38.3202 0.961506
0.946648 -38.3105 0.961656
0.946798 -38.3009 0.961806
0.946948 -38.2913 0.961956
0.947099 -38.2817 0.962106
0.947249 -38.2721 0.962106
0.947399 -38.2625 0.962256
0.947549 -38.2529 0.962406
0.947699 -38.2434 0.962556
0.947849 -38.2338 0.962706
0.947999 -38.2242 0.962856
0.948149 -38.2146 0.963007
0.948299  -38.205 0.963157
0.948449 -38.1955 0.963307
0.948599 -38.1859 0.963457
0.948749 -38.1763 0.963607
0.948899 -38.1668 0.963757
 0.94905 -38.1572 0.963757
  0.9492 -38.1477 0.963907
 0.94935 -38.1381 0.964057
  0.9495 -38.1286 0.964207
 0.94965  -38.119 0.964357
  0.9498 -38.1095 0.964507
 0.94995    -38.1 0.964657
  0.9501 -38.0904 0.964807
 0.95025 -38.0809 0.964957
  0.9504 -38.0714 0.965108
 0.95055 -38.0619 0.965258
  0.9507 -38.0524 0.965258
 0.95085 -38.0428 0.965408
0.951001 -38.0333 0.965558
0.951151 -38.0238 0.965708
0.951301 -38.0143 0.965858
0.951451 -38.0048 0.966008
0.951601 -37.9953 0.966158
0.951751 -37.9858 0.966308
0.951901 -37.9763 0.966458
0.952051 -37.9669 0.966608
0.952201 -37.9574 0.966758
0.952351 -37.9479 0.966758
0.952501 -37.9384 0.966908
0.952651 -37.9289 0.967059
0.952801 -37.9195 0.967209
0.952951   -37.91 0.967359
0.953102 -37.9005 0.967509
0.953252 -37.8911 0.967659
0.953402 -37.8816 0.967809
0.953552 -37.8722 0.967959
0.953702 -37.8627 0.968109
0.953852 -37.8533 0.968259
0.954002 -37.8438 0.968409
0.954152 -37.8344 0.968409
0.954302  -37.825 0.968559
0.954452 -37.8155 0.968709
0.954602 -37.8061 0.968859
0.954752 -37.7967  0.96901
0.954902 -37.7873  0.96916
0.955053 -37.7779  0.96931
0.955203 -37.7684  0.96946
0.955353  -37.759  0.96961
0.955503 -37.7496  0.96976
0.955653 -37.7402  0.96991
0.955803 -37.7308  0.96991
0.955953 -37.7214  0.97006
0.956103  -37.712  0.97021
0.956253 -37.7026  0.97036
0.956403 -37.6933  0.97051
0.956553 -37.6839  0.97066
0.956703 -37.6745  0.97081
0.956853 -37.6651  0.97096
0.957004 -37.6557 0.971111
0.957154 -37.6464 0.971261
0.957304  -37.637 0.971411
0.957454 -37.6276 0.971411
0.957604 -37.6183 0.971561
0.957754 -37.6089 0.971711
0.957904 -37.5996 0.971861
0.958054 -37.5902 0.972011
0.958204 -37.5809 0.972161
0.958354 -37.5715 0.972311
0.958504 -37.5622 0.972461
0.958654 -37.5529 0.972611
0.958804 -37.5435 0.972761
0.958954 -37.5342 0.972911
0.959105 -37.5249 0.973062
0.959255 -37.5156 0.973062
0.959405 -37.5062 0.973212
0.959555 -37.4969 0.973362
0.959705 -37.4876 0.973512
0.959855 -37.4783 0.973662
0.960005  -37.469 0.973812
0.960155 -37.4597 0.973962
0.960305 -37.4504 0.974112
0.960455 -37.4411 0.974262
0.960605 -37.4318 0.974412
0.960755 -37.4225 0.974562
0.960905 -37.4132 0.974712
0.961056 -37.4039 0.974712
0.961206 -37.3947 0.974862
0.961356 -37.3854 0.975013
0.961506 -37.3761 0.975163
0.961656 -37.3668 0.975313
0.961806 -37.3576 0.975463
0.961956 -37.3483 0.975613
0.962106 -37.3391 0.975763
0.962256 -37.3298 0.975913
0.962406 -37.3206 0.976063
0.962556 -37.3113 0.976213
0.962706 -37.3021 0.976213
0.962856 -37.2928 0.976363
0.963007 -37.2836 0.976513
0.963157 -37.2743 0.976663
0.963307 -37.2651 0.976813
0.963457 -37.2559 0.976963
0.963607 -37.2466 0.977114
0.963757 -37.2374 0.977264
0.963907 -37.2282 0.977414
0.964057  -37.219 0.977564
0.964207 -37.2098 0.977714
0.964357 -37.2006 0.977714
0.964507 -37.1914 0.977864
0.964657 -37.1822 0.978014
0.964807  -37.173 0.978164
0.964957 -37.1638 0.978314
0.965108 -37.1546 0.978464
0.965258 -37.1454 0.978614
0.965408 -37.1362 0.978764
0.965558  -37.127 0.978914
0.965708 -37.1178 0.979065
0.965858 -37.1087 0.979215
0.966008 -37.0995 0.979365
0.966158 -37.0903 0.979365
0.966308 -37.0811 0.979515
0.966458  -37.072 0.979665
0.966608 -37.0628 0.979815
0.966758 -37.0537 0.979965
0.966908 -37.0445 0.980115
0.967059 -37.0354 0.980265
0.967209 -37.0262 0.980415
0.967359 -37.0171 0.980565
0.967509 -37.0079 0.980715
0.967659 -36.9988 0.980865
0.967809 -36.9897 0.980865
0.967959 -36.9805 0.981016
0.968109 -36.9714 0.981166
0.968259 -36.9623 0.981316
0.968409 -36.9532 0.981466
0.968559  -36.944 0.981616
0.968709 -36.9349 0.981766
0.968859 -36.9258 0.981916
 0.96901 -36.9167 0.982066
 0.96916 -36.9076 0.982216
 0.96931 -36.8985 0.982366
 0.96946 -36.8894 0.982516
 0.96961 -36.8803 0.982516
 0.96976 -36.8712 0.982666
 0.96991 -36.8621 0.982816
 0.97006  -36.853 0.982966
 0.97021  -36.844 0.983117
 0.97036 -36.8349 0.983267
 0.97051 -36.8258 0.983417
 0.97066 -36.8167 0.983567
 0.97081 -36.8077 0.983717
 0.97096 -36.7986 0.983867
0.971111 -36.7895 0.984017
0.971261 -36.7805 0.984017
0.971411 -36.7714 0.984167
0.971561 -36.7624 0.984317
0.971711 -36.7533 0.984467
0.971861 -36.7443 0.984617
0.972011 -36.7352 0.984767
0.972161 -36.7262 0.984917
0.972311 -36.7171 0.985068
0.972461 -36.7081 0.985218
0.972611 -36.6991 0.985368
0.972761 -36.6901 0.985518
0.972911  -36.681 0.985668
0.973062  -36.672 0.985668
0.973212  -36.663 0.985818
0.973362  -36.654 0.985968
0.973512  -36.645 0.986118
0.973662  -36.636 0.986268
0.973812  -36.627 0.986418
0.973962  -36.618 0.986568
0.974112  -36.609 0.986718
0.974262    -36.6 0.986868
0.974412  -36.591 0.987019
0.974562  -36.582 0.987169
0.974712  -36.573 0.987319
0.974862  -36.564 0.987319
0.975013  -36.555 0.987469
0.975163 -36.5461 0.987619
0.975313 -36.5371 0.987769
0.975463 -36.5281 0.987919
0.975613 -36.5191 0.988069
0.975763 -36.5102 0.988219
0.975913 -36.5012 0.988369
0.976063 -36.4923 0.988519
0.976213 -36.4833 0.988669
0.976363 -36.4744 0.988819
0.976513 -36.4654 0.988819
0.976663 -36.4565 0.988969
0.976813 -36.4475  0.98912
0.976963 -36.4386  0.98927
0.977114 -36.4296  0.98942
0.977264 -36.4207  0.98957
0.977414 -36.4118  0.98972
0.977564 -36.4029  0.98987
0.977714 -36.3939  0.99002
0.977864  -36.385  0.99017
0.978014 -36.3761  0.99032
0.978164 -36.3672  0.99047
0.978314 -36.3583  0.99047
0.978464 -36.3494  0.99062
0.978614 -36.3405  0.99077
0.978764 -36.3316  0.99092
0.978914 -36.3227 0.991071
0.979065 -36.3138 0.991221
0.979215 -36.3049 0.991371
0.979365  -36.296 0.991521
0.979515 -36.2871 0.991671
0.979665 -36.2782 0.991821
0.979815 -36.2694 0.991971
0.979965 -36.2605 0.992121
0.980115 -36.2516 0.992121
0.980265 -36.2427 0.992271
0.980415 -36.2339 0.992421
0.980565  -36.225 0.992571
0.980715 -36.2161 0.992721
0.980865 -36.2073 0.992871
0.981016 -36.1984 0.993022
0.981166 -36.1896 0.993172
0.981316 -36.1807 0.993322
0.981466 -36.1719 0.993472
0.981616  -36.163 0.993622
0.981766 -36.1542 0.993622
0.981916 -36.1454 0.993772
0.982066 -36.1365 0.993922
0.982216 -36.1277 0.994072
0.982366 -36.1189 0.994222
0.982516 -36.1101 0.994372
0.982666 -36.1012 0.994522
0.982816 -36.0924 0.994672
0.982966 -36.0836 0.994822
0.983117 -36.0748 0.994972
0.983267  -36.066 0.995123
0.983417 -36.0572 0.995273
0.983567 -36.0484 0.995273
0.983717 -36.0396 0.995423
0.983867 -36.0308 0.995573
0.984017  -36.022 0.995723
0.984167 -36.0132 0.995873
0.984317 -36.0044 0.996023
0.984467 -35.9956 0.996173
0.984617 -35.9869 0.996323
0.984767 -35.9781 0.996473
0.984917 -35.9693 0.996623
0.985068 -35.9605 0.996773
0.985218 -35.9518 0.996773
0.985368  -35.943 0.996923
0.985518 -35.9343 0.997074
0.985668 -35.9255 0.997224
0.985818 -35.9167 0.997374
0.985968  -35.908 0.997524
0.986118 -35.8992 0.997674
0.986268 -35.8905 0.997824
0.986418 -35.8817 0.997974
0.986568  -35.873 0.998124
0.986718 -35.8643 0.998274
0.986868 -35.8555 0.998424
0.987019 -35.8468 0.998424
0.987169 -35.8381 0.998574
0.987319 -35.8294 0.998724
0.987469 -35.8206 0.998874
0.987619 -35.8119 0.999025
0.987769 -35.8032 0.999175
0.987919 -35.7945 0.999325
0.988069 -35.7858 0.999475
0.988219 -35.7771 0.999625
0.988369 -35.7684 0.999775
0.988519 -35.7597 0.999925
0.988669  -35.751  1.00008
0.988819 -35.7423  1.00008
0.988969 -35.7336  1.00023
 0.98912 -35.7249  1.00038
 0.98927 -35.7162  1.00053
 0.98942 -35.7075  1.00068
 0.98957 -35.6988  1.00083
 0.98972 -35.6902  1.00098
 0.98987 -35.6815  1.00113
 0.99002 -35.6728  1.00128
 0.99017 -35.6642  1.00143
 0.99032 -35.6555  1.00158
 0.99047 -35.6468  1.00158
 0.99062 -35.6382  1.00173
 0.99077 -35.6295  1.00188
 0.99092 -35.6209  1.00203
0.991071 -35.6122  1.00218
0.991221 -35.6036  1.00233
0.991371 -35.5949  1.00248
0.991521 -35.5863  1.00263
0.991671 -35.5776  1.00278
0.991821  -35.569  1.00293
0.991971 -35.5604  1.00308
0.992121 -35.5518  1.00323
0.992271 -35.5431  1.00323
0.992421 -35.5345  1.00338
0.992571 -35.5259  1.00353
0.992721 -35.5173  1.00368
0.992871 -35.5087  1.00383
0.993022    -35.5  1.00398
0.993172 -35.4914  1.00413
0.993322 -35.4828  1.00428
0.993472 -35.4742  1.00443
0.993622 -35.4656  1.00458
0.993772  -35.457  1.00473
0.993922 -35.4485  1.00488
0.994072 -35.4399  1.00488
0.994222 -35.4313  1.00503
0.994372 -35.4227  1.00518
0.994522 -35.4141  1.00533
0.994672 -35.4055  1.00548
0.994822  -35.397  1.00563
0.994972 -35.3884  1.00578
0.995123 -35.3798  1.00593
0.995273 -35.3713  1.00608
0.995423 -35.3627  1.00623
0.995573 -35.3541  1.00638
0.995723 -35.3456  1.00653
0.995873  -35.337  1.00653
0.996023 -35.3285  1.00668
0.996173 -35.3199  1.00683
0.996323 -35.3114  1.00698
0.996473 -35.3028  1.00713
0.996623 -35.2943  1.00728
0.996773 -35.2858  1.00743
0.996923 -35.2772  1.00758
0.997074 -35.2687  1.00773
0.997224 -35.2602  1.00788
0.997374 -35.2516  1.00803
0.997524 -35.2431  1.00803
0.997674 -35.2346  1.00818
0.997824 -35.2261  1.00833
0.997974 -35.2176  1.00848
0.998124 -35.2091  1.00863
0.998274 -35.2006  1.00878
0.998424 -35.1921  1.00893
0.998574 -35.1836  1.00908
0.998724 -35.1751  1.00923
0.998874 -35.1666  1.00938
0.999025 -35.1581  1.00953
0.999175 -35.1496  1.00968
0.999325 -35.1411  1.00968
0.999475 -35.1326  1.00983
0.999625 -35.1241  1.00998
0.999775 -35.1156  1.01013
0.999925 -35.1072  1.01028
 1.00008 -35.0987  1.01043
 1.00023 -35.0902  1.01058
 1.00038 -35.0818  1.01073
 1.00053 -35.0733  1.01088
 1.00068 -35.0648  1.01103
 1.00083 -35.0564  1.01118
 1.00098 -35.0479  1.01133
 1.00113 -35.0395  1.01133
 1.00128  -35.031  1.01148
 1.00143 -35.0226  1.01163
 1.00158 -35.0141  1.01178
 1.00173 -35.0057  1.01193
 1.00188 -34.9973  1.01208
 1.00203 -34.9888  1.01223
 1.00218 -34.9804  1.01238
 1.00233  -34.972  1.01253
 1.00248 -34.9636  1.01268
 1.00263 -34.9551  1.01283
 1.00278 -34.9467  1.01283
 1.00293 -34.9383  1.01298
 1.00308 -34.9299  1.01313
 1.00323 -34.9215  1.01328
 1.00338 -34.9131  1.01343
 1.00353 -34.9047  1.01358
 1.00368 -34.8963  1.01373
 1.00383 -34.8879  1.01388
 1.00398 -34.8795  1.01403
 1.00413 -34.8711  1.01418
 1.00428 -34.8627  1.01433
 1.00443 -34.8543  1.01448
 1.00458 -34.8459  1.01448
 1.00473 -34.8375  1.01463
 1.00488 -34.8291  1.01478
 1.00503 -34.8208  1.01493
 1.00518 -34.8124  1.01508
 1.00533  -34.804  1.01523
 1.00548 -34.7956  1.01538
 1.00563 -34.7873  1.01553
 1.00578 -34.7789  1.01568
 1.00593 -34.7706  1.01583
 1.00608 -34.7622  1.01598
 1.00623 -34.7539  1.01613
 1.00638 -34.7455  1.01613
 1.00653 -34.7372  1.01628
 1.00668 -34.7288  1.01643
 1.00683 -34.7205  1.01658
 1.00698 -34.7121  1.01673
 1.00713 -34.7038  1.01688
 1.00728 -34.6955  1.01703
 1.00743 -34.6871  1.01718
 1.00758 -34.6788  1.01733
 1.00773 -34.6705  1.01748
 1.00788 -34.6622  1.01763
 1.00803 -34.6538  1.01778
 1.00818 -34.6455  1.01778
 1.00833 -34.6372  1.01793
 1.00848 -34.6289  1.01808
 1.00863 -34.6206  1.01823
 1.00878 -34.6123  1.01838
 1.00893  -34.604  1.01853
 1.00908 -34.5957  1.01868
 1.00923 -34.5874  1.01883
 1.00938 -34.5791  1.01898
 1.00953 -34.5708  1.01913
 1.00968 -34.5625  1.01928
 1.00983 -34.5542  1.01928
 1.00998 -34.5459  1.01943
 1.01013 -34.5377  1.01958
 1.01028 -34.5294  1.01973
 1.01043 -34.5211  1.01988
 1.01058 -34.5128  1.02004
 1.01073 -34.5046  1.02019
 1.01088 -34.4963  1.02034
 1.01103  -34.488  1.02049
 1.01118 -34.4798  1.02064
 1.01133 -34.4715  1.02079
 1.01148 -34.4633  1.02094
 1.01163  -34.455  1.02094
 1.01178 -34.4468  1.02109
 1.01193 -34.4385  1.02124
 1.01208 -34.4303  1.02139
 1.01223  -34.422  1.02154
 1.01238 -34.4138  1.02169
 1.01253 -34.4056  1.02184
 1.01268 -34.3973  1.02199
 1.01283 -34.3891  1.02214
 1.01298 -34.3809  1.02229
 1.01313 -34.3727  1.02244
 1.01328 -34.3644  1.02259
 1.01343 -34.3562  1.02259
 1.01358  -34.348  1.02274
 1.01373 -34.3398  1.02289
 1.01388 -34.3316  1.02304
 1.01403 -34.3234  1.02319
 1.01418 -34.3152  1.02334
 1.01433  -34.307  1.02349
 1.01448 -34.2988  1.02364
 1.01463 -34.2906  1.02379
 1.01478 -34.2824  1.02394
 1.01493 -34.2742  1.02409
 1.01508  -34.266  1.02409
 1.01523 -34.2578  1.02424
 1.01538 -34.2496  1.02439
 1.01553 -34.2415  1.02454
 1.01568 -34.2333  1.02469
 1.01583 -34.2251  1.02484
 1.01598 -34.2169  1.02499
 1.01613 -34.2088  1.02514
 1.01628 -34.2006  1.02529
 1.01643 -34.1925  1.02544
 1.01658 -34.1843  1.02559
 1.01673 -34.1761  1.02574
 1.01688  -34.168  1.02574
 1.01703 -34.1598  1.02589
 1.01718 -34.1517  1.02604
 1.01733 -34.1435  1.02619
 1.01748 -34.1354  1.02634
 1.01763 -34.1273  1.02649
 1.01778 -34.1191  1.02664
 1.01793  -34.111  1.02679
 1.01808 -34.1028  1.02694
 1.01823 -34.0947  1.02709
 1.01838 -34.0866  1.02724
 1.01853 -34.0785  1.02739
 1.01868 -34.0703  1.02739
 1.01883 -34.0622  1.02754
 1.01898 -34.0541  1.02769
 1.01913  -34.046  1.02784
 1.01928 -34.0379  1.02799
 1.01943 -34.0298  1.02814
 1.01958 -34.0217  1.02829
 1.01973 -34.0136  1.02844
 1.01988 -34.0055  1.02859
 1.02004 -33.9974  1.02874
 1.02019 -33.9893  1.02889
 1.02034 -33.9812  1.02904
 1.02049 -33.9731  1.02904
 1.02064  -33.965  1.02919
 1.02079 -33.9569  1.02934
 1.02094 -33.9489  1.02949
 1.02109 -33.9408  1.02964
 1.02124 -33.9327  1.02979
 1.02139 -33.9246  1.02994
 1.02154 -33.9166  1.03009
 1.02169 -33.9085  1.03024
 1.02184 -33.9004  1.03039
 1.02199 -33.8924  1.03054
 1.02214 -33.8843  1.03054
 1.02229 -33.8763  1.03069
 1.02244 -33.8682  1.03084
 1.02259 -33.8602  1.03099
 1.02274 -33.8521  1.03114
 1.02289 -33.8441  1.03129
 1.02304  -33.836  1.03144
 1.02319  -33.828  1.03159
 1.02334   -33.82  1.03174
 1.02349 -33.8119  1.03189
 1.02364 -33.8039  1.03204
 1.02379 -33.7959  1.03219
 1.02394 -33.7878  1.03219
 1.02409 -33.7798  1.03234
 1.02424 -33.7718  1.03249
 1.02439 -33.7638  1.03264
 1.02454 -33.7558  1.03279
 1.02469 -33.7477  1.03294
 1.02484 -33.7397  1.03309
 1.02499 -33.7317  1.03324
 1.02514 -33.7237  1.03339
 1.02529 -33.7157  1.03354
 1.02544 -33.7077  1.03369
 1.02559 -33.6997  1.03384
 1.02574 -33.6917  1.03384
 1.02589 -33.6837  1.03399
 1.02604 -33.6758  1.03414
 1.02619 -33.6678  1.03429
 1.02634 -33.6598  1.03444
 1.02649 -33.6518  1.03459
 1.02664 -33.6438  1.03474
 1.02679 -33.6359  1.03489
 1.02694 -33.6279  1.03504
 1.02709 -33.6199  1.03519
 1.02724  -33.612  1.03534
 1.02739  -33.604  1.03549
 1.02754  -33.596  1.03549
 1.02769 -33.5881  1.03564
 1.02784 -33.5801  1.03579
 1.02799 -33.5722  1.03594
 1.02814 -33.5642  1.03609
 1.02829 -33.5563  1.03624
 1.02844 -33.5483  1.03639
 1.02859 -33.5404  1.03654
 1.02874 -33.5324  1.03669
 1.02889 -33.5245  1.03684
 1.02904 -33.5166  1.03699
 1.02919 -33.5086  1.03699
 1.02934 -33.5007  1.03714
 1.02949 -33.4928  1.03729
 1.02964 -33.4848  1.03744
 1.02979 -33.4769  1.03759
 1.02994  -33.469  1.03774
 1.03009 -33.4611  1.03789
 1.03024 -33.4532  1.03804
 1.03039 -33.4453  1.03819
 1.03054 -33.4374  1.03834
 1.03069 -33.4295  1.03849
 1.03084 -33.4216  1.03864
 1.03099 -33.4137  1.03864
 1.03114 -33.4058  1.03879
 1.03129 -33.3979  1.03894
 1.03144   -33.39  1.03909
 1.03159 -33.3821  1.03924
 1.03174 -33.3742  1.03939
 1.03189 -33.3663  1.03954
 1.03204 -33.3584  1.03969
 1.03219 -33.3505  1.03984
 1.03234 -33.3427  1.03999
 1.03249 -33.3348  1.04015
 1.03264 -33.3269   1.0403
 1.03279 -33.3191   1.0403
 1.03294 -33.3112  1.04045
 1.03309 -33.3033   1.0406
 1.03324 -33.2955  1.04075
 1.03339 -33.2876   1.0409
 1.03354 -33.2798  1.04105
 1.03369 -33.2719   1.0412
 1.03384 -33.2641  1.04135
 1.03399 -33.2562   1.0415
 1.03414 -33.2484  1.04165
 1.03429 -33.2405   1.0418
 1.03444 -33.2327   1.0418
 1.03459 -33.2248  1.04195
 1.03474  -33.217   1.0421
 1.03489 -33.2092  1.04225
 1.03504 -33.2013   1.0424
 1.03519 -33.1935  1.04255
 1.03534 -33.1857   1.0427
 1.03549 -33.1779  1.04285
 1.03564 -33.1701    1.043
 1.03579 -33.1622  1.04315
 1.03594 -33.1544   1.0433
 1.03609 -33.1466  1.04345
 1.03624 -33.1388  1.04345
 1.03639  -33.131   1.0436
 1.03654 -33.1232  1.04375
 1.03669 -33.1154   1.0439
 1.03684 -33.1076  1.04405
 1.03699 -33.0998   1.0442
 1.03714  -33.092  1.04435
 1.03729 -33.0842   1.0445
 1.03744 -33.0764  1.04465
 1.03759 -33.0686   1.0448
 1.03774 -33.0609  1.04495
 1.03789 -33.0531   1.0451
 1.03804 -33.0453   1.0451
 1.03819 -33.0375  1.04525
 1.03834 -33.0298   1.0454
 1.03849  -33.022  1.04555
 1.03864 -33.0142   1.0457
 1.03879 -33.0065  1.04585
 1.03894 -32.9987    1.046
 1.03909 -32.9909  1.04615
 1.03924 -32.9832   1.0463
 1.03939 -32.9754  1.04645
 1.03954 -32.9677   1.0466
 1.03969 -32.9599  1.04675
 1.03984 -32.9522  1.04675
 1.03999 -32.9444   1.0469
 1.04015 -32.9367  1.04705
  1.0403  -32.929   1.0472
 1.04045 -32.9212  1.04735
  1.0406 -32.9135   1.0475
 1.04075 -32.9058  1.04765
  1.0409  -32.898   1.0478
 1.04105 -32.8903  1.04795
  1.0412 -32.8826   1.0481
 1.04135 -32.8749  1.04825
  1.0415 -32.8671  1.04825
 1.04165 -32.8594   1.0484
  1.0418 -32.8517  1.04855
 1.04195  -32.844   1.0487
  1.0421 -32.8363  1.04885
 1.04225 -32.8286    1.049
  1.0424 -32.8209  1.04915
 1.04255 -32.8132   1.0493
  1.0427 -32.8055  1.04945
 1.04285 -32.7978   1.0496
   1.043 -32.7901  1.04975
 1.04315 -32.7824   1.0499
  1.0433 -32.7747   1.0499
 1.04345  -32.767  1.05005
  1.0436 -32.7594   1.0502
 1.04375 -32.7517  1.05035
  1.0439  -32.744   1.0505
 1.04405 -32.7363  1.05065
  1.0442 -32.7287   1.0508
 1.04435  -32.721  1.05095
  1.0445 -32.7133   1.0511
 1.04465 -32.7057  1.05125
  1.0448  -32.698   1.0514
 1.04495 -32.6903  1.05155
  1.0451 -32.6827  1.05155
 1.04525  -32.675   1.0517
  1.0454 -32.6674  1.05185
 1.04555 -32.6597    1.052
  1.0457 -32.6521  1.05215
 1.04585 -32.6444   1.0523
   1.046 -32.6368  1.05245
 1.04615 -32.6291   1.0526
  1.0463 -32.6215  1.05275
 1.04645 -32.6139   1.0529
  1.0466 -32.6062  1.05305
 1.04675 -32.5986   1.0532
  1.0469  -32.591   1.0532
 1.04705 -32.5834  1.05335
  1.0472 -32.5757   1.0535
 1.04735 -32.5681  1.05365
  1.0475 -32.5605   1.0538
 1.04765 -32.5529  1.05395
  1.0478 -32.5453   1.0541
 1.04795 -32.5377  1.05425
  1.0481 -32.5301   1.0544
 1.04825 -32.5225  1.05455
  1.0484 -32.5149   1.0547
 1.04855 -32.5073   1.0547
  1.0487 -32.4997  1.05485
 1.04885 -32.4921    1.055
   1.049 -32.4845  1.05515
 1.04915 -32.4769   1.0553
  1.0493 -32.4693  1.05545
 1.04945 -32.4617   1.0556
  1.0496 -32.4541  1.05575
 1.04975 -32.4466   1.0559
  1.0499  -32.439  1.05605
 1.05005 -32.4314   1.0562
  1.0502 -32.4238  1.05635
 1.05035 -32.4163  1.05635
  1.0505 -32.4087   1.0565
 1.05065 -32.4011  1.05665
  1.0508 -32.3936   1.0568
 1.05095  -32.386  1.05695
  1.0511 -32.3785   1.0571
 1.05125 -32.3709  1.05725
  1.0514 -32.3634   1.0574
 1.05155 -32.3558  1.05755
  1.0517 -32.3483   1.0577
 1.05185 -32.3407  1.05785
   1.052 -32.3332    1.058
 1.05215 -32.3256    1.058
  1.0523 -32.3181  1.05815
 1.05245 -32.3106   1.0583
  1.0526  -32.303  1.05845
 1.05275 -32.2955   1.0586
  1.0529  -32.288  1.05875
 1.05305 -32.2805   1.0589
  1.0532 -32.2729  1.05905
 1.05335 -32.2654   1.0592
  1.0535 -32.2579  1.05935
 1.05365 -32.2504   1.0595
  1.0538 -32.2429   1.0595
 1.05395 -32.2354  1.05965
  1.0541 -32.2279   1.0598
 1.05425 -32.2203  1.05995
  1.0544 -32.2128  1.06011
 1.05455 -32.2053  1.06026
  1.0547 -32.1978  1.06041
 1.05485 -32.1904  1.06056
   1.055 -32.1829  1.06071
 1.05515 -32.1754  1.06086
  1.0553 -32.1679  1.06101
 1.05545 -32.1604  1.06116
  1.0556 -32.1529  1.06116
 1.05575 -32.1454  1.06131
  1.0559  -32.138  1.06146
 1.05605 -32.1305  1.06161
  1.0562  -32.123  1.06176
 1.05635 -32.1155  1.06191
  1.0565 -32.1081  1.06206
 1.05665 -32.1006  1.06221
  1.0568 -32.0931  1.06236
 1.05695 -32.0857  1.06251
  1.0571 -32.0782  1.06266
 1.05725 -32.0708  1.06281
  1.0574 -32.0633  1.06281
 1.05755 -32.0559  1.06296
  1.0577 -32.0484  1.06311
 1.05785  -32.041  1.06326
   1.058 -32.0335  1.06341
 1.05815 -32.0261  1.06356
  1.0583 -32.0186  1.06371
 1.05845 -32.0112  1.06386
  1.0586 -32.0038  1.06401
 1.05875 -31.9963  1.06416
  1.0589 -31.9889  1.06431
 1.05905 -31.9815  1.06431
  1.0592 -31.9741  1.06446
 1.05935 -31.9666  1.06461
  1.0595 -31.9592  1.06476
 1.05965 -31.9518  1.06491
  1.0598 -31.9444  1.06506
 1.05995  -31.937  1.06521
 1.06011 -31.9296  1.06536
 1.06026 -31.9222  1.06551
 1.06041 -31.9148  1.06566
 1.06056 -31.9074  1.06581
 1.06071    -31.9  1.06596
 1.06086 -31.8926  1.06596
 1.06101 -31.8852  1.06611
 1.06116 -31.8778  1.06626
 1.06131 -31.8704  1.06641
 1.06146  -31.863  1.06656
 1.06161 -31.8556  1.06671
 1.06176 -31.8482  1.06686
 1.06191 -31.8408  1.06701
 1.06206 -31.8335  1.06716
 1.06221 -31.8261  1.06731
 1.06236 -31.8187  1.06746
 1.06251 -31.8114  1.06761
 1.06266  -31.804  1.06761
 1.06281 -31.7966  1.06776
 1.06296 -31.7893  1.06791
 1.06311 -31.7819  1.06806
 1.06326 -31.7745  1.06821
 1.06341 -31.7672  1.06836
 1.06356 -31.7598  1.06851
 1.06371 -31.7525  1.06866
 1.06386 -31.7451  1.06881
 1.06401 -31.7378  1.06896
 1.06416 -31.7304  1.06911
 1.06431 -31.7231  1.06926
 1.06446 -31.7157  1.06926
 1.06461 -31.7084  1.06941
 1.06476 -31.7011  1.06956
 1.06491 -31.6937  1.06971
 1.06506 -31.6864  1.06986
 1.06521 -31.6791  1.07001
 1.06536 -31.6718  1.07016
 1.06551 -31.6644  1.07031
 1.06566 -31.6571  1.07046
 1.06581 -31.6498  1.07061
 1.06596 -31.6425  1.07076
 1.06611 -31.6352  1.07076
 1.06626 -31.6279  1.07091
 1.06641 -31.6205  1.07106
 1.06656 -31.6132  1.07121
 1.06671 -31.6059  1.07136
 1.06686 -31.5986  1.07151
 1.06701 -31.5913  1.07166
 1.06716  -31.584  1.07181
 1.06731 -31.5767  1.07196
 1.06746 -31.5695  1.07211
 1.06761 -31.5622  1.07226
 1.06776 -31.5549  1.07241
 1.06791 -31.5476  1.07241
 1.06806 -31.5403  1.07256
 1.06821  -31.533  1.07271
 1.06836 -31.5258  1.07286
 1.06851 -31.5185  1.07301
 1.06866 -31.5112  1.07316
 1.06881 -31.5039  1.07331
 1.06896 -31.4967  1.07346
 1.06911 -31.4894  1.07361
 1.06926 -31.4821  1.07376
 1.06941 -31.4749  1.07391
 1.06956 -31.4676  1.07391
 1.06971 -31.4604  1.07406
 1.06986 -31.4531  1.07421
 1.07001 -31.4459  1.07436
 1.07016 -31.4386  1.07451
 1.07031 -31.4314  1.07466
 1.07046 -31.4241  1.07481
 1.07061 -31.4169  1.07496
 1.07076 -31.4096  1.07511
 1.07091 -31.4024  1.07526
 1.07106 -31.3952  1.07541
 1.07121 -31.3879  1.07556
 1.07136 -31.3807  1.07556
 1.07151 -31.3735  1.07571
 1.07166 -31.3662  1.07586
 1.07181  -31.359  1.07601
 1.07196 -31.3518  1.07616
 1.07211 -31.3446  1.07631
 1.07226 -31.3374  1.07646
 1.07241 -31.3301  1.07661
 1.07256 -31.3229  1.07676
 1.07271 -31.3157  1.07691
 1.07286 -31.3085  1.07706
 1.07301 -31.3013  1.07721
 1.07316 -31.2941  1.07721
 1.07331 -31.2869  1.07736
 1.07346 -31.2797  1.07751
 1.07361 -31.2725  1.07766
 1.07376 -31.2653  1.07781
 1.07391 -31.2581  1.07796
 1.07406 -31.2509  1.07811
 1.07421 -31.2437  1.07826
 1.07436 -31.2366  1.07841
 1.07451 -31.2294  1.07856
 1.07466 -31.2222  1.07871
 1.07481  -31.215  1.07871
 1.07496 -31.2078  1.07886
 1.07511 -31.2007  1.07901
 1.07526 -31.1935  1.07916
 1.07541 -31.1863  1.07931
 1.07556 -31.1792  1.07946
 1.07571  -31.172  1.07961
 1.07586 -31.1648  1.07976
 1.07601 -31.1577  1.07991
 1.07616 -31.1505  1.08007
 1.07631 -31.1434  1.08022
 1.07646 -31.1362  1.08037
 1.07661 -31.1291  1.08037
 1.07676 -31.1219  1.08052
 1.07691 -31.1148  1.08067
 1.07706 -31.1076  1.08082
 1.07721 -31.1005  1.08097
 1.07736 -31.0934  1.08112
 1.07751 -31.0862  1.08127
 1.07766 -31.0791  1.08142
 1.07781  -31.072  1.08157
 1.07796 -31.0648  1.08172
 1.07811 -31.0577  1.08187
 1.07826 -31.0506  1.08202
 1.07841 -31.0435  1.08202
 1.07856 -31.0363  1.08217
 1.07871 -31.0292  1.08232
 1.07886 -31.0221  1.08247
 1.07901  -31.015  1.08262
 1.07916 -31.0079  1.08277
 1.07931 -31.0008  1.08292
 1.07946 -30.9937  1.08307
 1.07961 -30.9866  1.08322
 1.07976 -30.9795  1.08337
 1.07991 -30.9724  1.08352
 1.08007 -30.9653  1.08367
 1.08022 -30.9582  1.08367
 1.08037 -30.9511  1.08382
 1.08052  -30.944  1.08397
 1.08067 -30.9369  1.08412
 1.08082 -30.9298  1.08427
 1.08097 -30.9227  1.08442
 1.08112 -30.9157  1.08457
 1.08127 -30.9086  1.08472
 1.08142 -30.9015  1.08487
 1.08157 -30.8944  1.08502
 1.08172 -30.8874  1.08517
 1.08187 -30.8803  1.08517
 1.08202 -30.8732  1.08532
 1.08217 -30.8662  1.08547
 1.08232 -30.8591  1.08562
 1.08247  -30.852  1.08577
 1.08262  -30.845  1.08592
 1.08277 -30.8379  1.08607
 1.08292 -30.8309  1.08622
 1.08307 -30.8238  1.08637
 1.08322 -30.8168  1.08652
 1.08337 -30.8097  1.08667
 1.08352 -30.8027  1.08682
 1.08367 -30.7956  1.08682
 1.08382 -30.7886  1.08697
 1.08397 -30.7816  1.08712
 1.08412 -30.7745  1.08727
 1.08427 -30.7675  1.08742
 1.08442 -30.7605  1.08757
 1.08457 -30.7534  1.08772
 1.08472 -30.7464  1.08787
 1.08487 -30.7394  1.08802
 1.08502 -30.7324  1.08817
 1.08517 -30.7253  1.08832
 1.08532 -30.7183  1.08832
 1.08547 -30.7113  1.08847
 1.08562 -30.7043  1.08862
 1.08577 -30.6973  1.08877
 1.08592 -30.6903  1.08892
 1.08607 -30.6833  1.08907
 1.08622 -30.6763  1.08922
 1.08637 -30.6693  1.08937
 1.08652 -30.6623  1.08952
 1.08667 -30.6553  1.08967
 1.08682 -30.6483  1.08982
 1.08697 -30.6413  1.08997
 1.08712 -30.6343  1.08997
 1.08727 -30.6273  1.09012
 1.08742 -30.6203  1.09027
 1.08757 -30.6133  1.09042
 1.08772 -30.6063  1.09057
 1.08787 -30.5994  1.09072
 1.08802 -30.5924  1.09087
 1.08817 -30.5854  1.09102
 1.08832 -30.5784  1.09117
 1.08847 -30.5715  1.09132
 1.08862 -30.5645  1.09147
 1.08877 -30.5575  1.09162
 1.08892 -30.5506  1.09162
 1.08907 -30.5436  1.09177
 1.08922 -30.5367  1.09192
 1.08937 -30.5297  1.09207
 1.08952 -30.5227  1.09222
 1.08967 -30.5158  1.09237
 1.08982 -30.5088  1.09252
 1.08997 -30.5019  1.09267
 1.09012 -30.4949  1.09282
 1.09027  -30.488  1.09297
 1.09042 -30.4811  1.09312
 1.09057 -30.4741  1.09312
 1.09072 -30.4672  1.09327
 1.09087 -30.4602  1.09342
 1.09102 -30.4533  1.09357
 1.09117 -30.4464  1.09372
 1.09132 -30.4395  1.09387
 1.09147 -30.4325  1.09402
 1.09162 -30.4256  1.09417
 1.09177 -30.4187  1.09432
 1.09192 -30.4118  1.09447
 1.09207 -30.4048  1.09462
 1.09222 -30.3979  1.09477
 1.09237  -30.391  1.09477
 1.09252 -30.3841  1.09492
 1.09267 -30.3772  1.09507
 1.09282 -30.3703  1.09522
 1.09297 -30.3634  1.09537
 1.09312 -30.3565  1.09552
 1.09327 -30.3496  1.09567
 1.09342 -30.3427  1.09582
 1.09357 -30.3358  1.09597
 1.09372 -30.3289  1.09612
 1.09387  -30.322  1.09627
 1.09402 -30.3151  1.09627
 1.09417 -30.3082  1.09642
 1.09432 -30.3014  1.09657
 1.09447 -30.2945  1.09672
 1.09462 -30.2876  1.09687
 1.09477 -30.2807  1.09702
 1.09492 -30.2738  1.09717
 1.09507  -30.267  1.09732
 1.09522 -30.2601  1.09747
 1.09537 -30.2532  1.09762
 1.09552 -30.2464  1.09777
 1.09567 -30.2395  1.09792
 1.09582 -30.2326  1.09792
 1.09597 -30.2258  1.09807
 1.09612 -30.2189  1.09822
 1.09627 -30.2121  1.09837
 1.09642 -30.2052  1.09852
 1.09657 -30.1984  1.09867
 1.09672 -30.1915  1.09882
 1.09687 -30.1847  1.09897
 1.09702 -30.1778  1.09912
 1.09717  -30.171  1.09927
 1.09732 -30.1641  1.09942
 1.09747 -30.1573  1.09957
 1.09762 -30.1505  1.09957
 1.09777 -30.1436  1.09972
 1.09792 -30.1368  1.09987
 1.09807   -30.13  1.10003
 1.09822 -30.1231  1.10018
 1.09837 -30.1163  1.10033
 1.09852 -30.1095  1.10048
 1.09867 -30.1027  1.10063
 1.09882 -30.0958  1.10078
 1.09897  -30.089  1.10093
 1.09912 -30.0822  1.10108
 1.09927 -30.0754  1.10108
 1.09942 -30.0686  1.10123
 1.09957 -30.0618  1.10138
 1.09972  -30.055  1.10153
 1.09987 -30.0482  1.10168
 1.10003 -30.0414  1.10183
 1.10018 -30.0346  1.10198
 1.10033 -30.0278  1.10213
 1.10048  -30.021  1.10228
 1.10063 -30.0142  1.10243
 1.10078 -30.0074  1.10258
 1.10093 -30.0006  1.10273
 1.10108 -29.9938  1.10273
 1.10123  -29.987  1.10288
 1.10138 -29.9803  1.10303
 1.10153 -29.9735  1.10318
 1.10168 -29.9667  1.10333
 1.10183 -29.9599  1.10348
 1.10198 -29.9531  1.10363
 1.10213 -29.9464  1.10378
 1.10228 -29.9396  1.10393
 1.10243 -29.9328  1.10408
 1.10258 -29.9261  1.10423
 1.10273 -29.9193  1.10423
 1.10288 -29.9126  1.10438
 1.10303 -29.9058  1.10453
 1.10318  -29.899  1.10468
 1.10333 -29.8923  1.10483
 1.10348 -29.8855  1.10498
 1.10363 -29.8788  1.10513
 1.10378  -29.872  1.10528
 1.10393 -29.8653  1.10543
 1.10408 -29.8585  1.10558
 1.10423 -29.8518  1.10573
 1.10438 -29.8451  1.10588
 1.10453 -29.8383  1.10588
 1.10468 -29.8316  1.10603
 1.10483 -29.8249  1.10618
 1.10498 -29.8181  1.10633
 1.10513 -29.8114  1.10648
 1.10528 -29.8047  1.10663
 1.10543 -29.7979  1.10678
 1.10558 -29.7912  1.10693
 1.10573 -29.7845  1.10708
 1.10588 -29.7778  1.10723
 1.10603 -29.7711  1.10738
 1.10618 -29.7644  1.10753
 1.10633 -29.7576  1.10753
 1.10648 -29.7509  1.10768
 1.10663 -29.7442  1.10783
 1.10678 -29.7375  1.10798
 1.10693 -29.7308  1.10813
 1.10708 -29.7241  1.10828
 1.10723 -29.7174  1.10843
 1.10738 -29.7107  1.10858
 1.10753  -29.704  1.10873
 1.10768 -29.6973  1.10888
 1.10783 -29.6906  1.10903
 1.10798  -29.684  1.10903
 1.10813 -29.6773  1.10918
 1.10828 -29.6706  1.10933
 1.10843 -29.6639  1.10948
 1.10858 -29.6572  1.10963
 1.10873 -29.6505  1.10978
 1.10888 -29.6439  1.10993
 1.10903 -29.6372  1.11008
 1.10918 -29.6305  1.11023
 1.10933 -29.6239  1.11038
 1.10948 -29.6172  1.11053
 1.10963 -29.6105  1.11068
 1.10978 -29.6039  1.11068
 1.10993 -29.5972  1.11083
 1.11008 -29.5905  1.11098
 1.11023 -29.5839  1.11113
 1.11038 -29.5772  1.11128
 1.11053 -29.5706  1.11143
 1.11068 -29.5639  1.11158
 1.11083 -29.5573  1.11173
 1.11098 -29.5506  1.11188
 1.11113  -29.544  1.11203
 1.11128 -29.5373  1.11218
 1.11143 -29.5307  1.11218
 1.11158 -29.5241  1.11233
 1.11173 -29.5174  1.11248
 1.11188 -29.5108  1.11263
 1.11203 -29.5042  1.11278
 1.11218 -29.4975  1.11293
 1.11233 -29.4909  1.11308
 1.11248 -29.4843  1.11323
 1.11263 -29.4777  1.11338
 1.11278  -29.471  1.11353
 1.11293 -29.4644  1.11368
 1.11308 -29.4578  1.11383
 1.11323 -29.4512  1.11383
 1.11338 -29.4446  1.11398
 1.11353  -29.438  1.11413
 1.11368 -29.4313  1.11428
 1.11383 -29.4247  1.11443
 1.11398 -29.4181  1.11458
 1.11413 -29.4115  1.11473
 1.11428 -29.4049  1.11488
 1.11443 -29.3983  1.11503
 1.11458 -29.3917  1.11518
 1.11473 -29.3851  1.11533
 1.11488 -29.3786  1.11533
 1.11503  -29.372  1.11548
 1.11518 -29.3654  1.11563
 1.11533 -29.3588  1.11578
 1.11548 -29.3522  1.11593
 1.11563 -29.3456  1.11608
 1.11578  -29.339  1.11623
 1.11593 -29.3325  1.11638
 1.11608 -29.3259  1.11653
 1.11623 -29.3193  1.11668
 1.11638 -29.3127  1.11683
 1.11653 -29.3062  1.11698
 1.11668 -29.2996  1.11698
 1.11683  -29.293  1.11713
 1.11698 -29.2865  1.11728
 1.11713 -29.2799  1.11743
 1.11728 -29.2734  1.11758
 1.11743 -29.2668  1.11773
 1.11758 -29.2602  1.11788
 1.11773 -29.2537  1.11803
 1.11788 -29.2471  1.11818
 1.11803 -29.2406  1.11833
 1.11818  -29.234  1.11848
 1.11833 -29.2275  1.11863
 1.11848  -29.221  1.11863
 1.11863 -29.2144  1.11878
 1.11878 -29.2079  1.11893
 1.11893 -29.2013  1.11908
 1.11908 -29.1948  1.11923
 1.11923 -29.1883  1.11938
 1.11938 -29.1817  1.11953
 1.11953 -29.1752  1.11968
 1.11968 -29.1687  1.11983
 1.11983 -29.1622  1.11998
 1.11998 -29.1556  1.12014
 1.12014 -29.1491  1.12014
 1.12029 -29.1426  1.12029
 1.12044 -29.1361  1.12044
 1.12059 -29.1296  1.12059
 1.12074 -29.1231  1.12074
 1.12089 -29.1165  1.12089
 1.12104   -29.11  1.12104
 1.12119 -29.1035  1.12119
 1.12134  -29.097  1.12134
 1.12149 -29.0905  1.12149
 1.12164  -29.084  1.12164
 1.12179 -29.0775  1.12179
 1.12194  -29.071  1.12179
 1.12209 -29.0645  1.12194
 1.12224  -29.058  1.12209
 1.12239 -29.0516  1.12224
 1.12254 -29.0451  1.12239
 1.12269 -29.0386  1.12254
 1.12284 -29.0321  1.12269
 1.12299 -29.0256  1.12284
 1.12314 -29.0191  1.12299
 1.12329 -29.0127  1.12314
 1.12344 -29.0062  1.12329
 1.12359 -28.9997  1.12329
 1.12374 -28.9932  1.12344
 1.12389 -28.9868  1.12359
 1.12404 -28.9803  1.12374
 1.12419 -28.9738  1.12389
 1.12434 -28.9674  1.12404
 1.12449 -28.9609  1.12419
 1.12464 -28.9544  1.12434
 1.12479  -28.948  1.12449
 1.12494 -28.9415  1.12464
 1.12509 -28.9351  1.12479
 1.12524 -28.9286  1.12494
 1.12539 -28.9222  1.12494
 1.12554 -28.9157  1.12509
 1.12569 -28.9093  1.12524
 1.12584 -28.9028  1.12539
 1.12599 -28.8964  1.12554
 1.12614   -28.89  1.12569
 1.12629 -28.8835  1.12584
 1.12644 -28.8771  1.12599
 1.12659 -28.8707  1.12614
 1.12674 -28.8642  1.12629
 1.12689 -28.8578  1.12644
 1.12704 -28.8514  1.12644
 1.12719 -28.8449  1.12659
 1.12734 -28.8385  1.12674
 1.12749 -28.8321  1.12689
 1.12764 -28.8257  1.12704
 1.12779 -28.8193  1.12719
 1.12794 -28.8128  1.12734
 1.12809 -28.8064  1.12749
 1.12824    -28.8  1.12764
 1.12839 -28.7936  1.12779
 1.12854 -28.7872  1.12794
 1.12869 -28.7808  1.12794
 1.12884 -28.7744  1.12809
 1.12899  -28.768  1.12824
 1.12914 -28.7616  1.12839
 1.12929 -28.7552  1.12854
 1.12944 -28.7488  1.12869
 1.12959 -28.7424  1.12884
 1.12974  -28.736  1.12899
 1.12989 -28.7296  1.12914
 1.13004 -28.7232  1.12929
 1.13019 -28.7169  1.12944
 1.13034 -28.7105  1.12944
 1.13049 -28.7041  1.12959
 1.13064 -28.6977  1.12974
 1.13079 -28.6913  1.12989
 1.13094  -28.685  1.13004
 1.13109 -28.6786  1.13019
 1.13124 -28.6722  1.13034
 1.13139 -28.6659  1.13049
 1.13154 -28.6595  1.13064
 1.13169 -28.6531  1.13079
 1.13184 -28.6468  1.13079
 1.13199 -28.6404  1.13094
 1.13214  -28.634  1.13109
 1.13229 -28.6277  1.13124
 1.13244 -28.6213  1.13139
 1.13259  -28.615  1.13154
 1.13274 -28.6086  1.13169
 1.13289 -28.6023  1.13184
 1.13304 -28.5959  1.13199
 1.13319 -28.5896  1.13214
 1.13334 -28.5833  1.13214
 1.13349 -28.5769  1.13229
 1.13364 -28.5706  1.13244
 1.13379 -28.5643  1.13259
 1.13394 -28.5579  1.13274
 1.13409 -28.5516  1.13289
 1.13424 -28.5453  1.13304
 1.13439 -28.5389  1.13319
 1.13454 -28.5326  1.13334
 1.13469 -28.5263  1.13349
 1.13484   -28.52  1.13349
 1.13499 -28.5137  1.13364
 1.13514 -28.5073  1.13379
 1.13529  -28.501  1.13394
 1.13544 -28.4947  1.13409
 1.13559 -28.4884  1.13424
 1.13574 -28.4821  1.13439
 1.13589 -28.4758  1.13454
 1.13604 -28.4695  1.13469
 1.13619 -28.4632  1.13484
 1.13634 -28.4569  1.13484
 1.13649 -28.4506  1.13499
 1.13664 -28.4443  1.13514
 1.13679  -28.438  1.13529
 1.13694 -28.4317  1.13544
 1.13709 -28.4254  1.13559
 1.13724 -28.4191  1.13574
 1.13739 -28.4129  1.13589
 1.13754 -28.4066  1.13604
 1.13769 -28.4003  1.13619
 1.13784  -28.394  1.13619
 1.13799 -28.3877  1.13634
 1.13814 -28.3815  1.13649
 1.13829 -28.3752  1.13664
 1.13844 -28.3689  1.13679
 1.13859 -28.3627  1.13694
 1.13874 -28.3564  1.13709
 1.13889 -28.3501  1.13724
 1.13904 -28.3439  1.13739
 1.13919 -28.3376  1.13754
 1.13934 -28.3314  1.13754
 1.13949 -28.3251  1.13769
 1.13964 -28.3188  1.13784
 1.13979 -28.3126  1.13799
 1.13994 -28.3064  1.13814
  1.1401 -28.3001  1.13814
 1.14025 -28.2939  1.13829
  1.1404 -28.2876  1.13844
 1.14055 -28.2814  1.13859
  1.1407 -28.2752  1.13874
 1.14085 -28.2689  1.13874
   1.141 -28.2627  1.13889
 1.14115 -28.2565  1.13904
  1.1413 -28.2503  1.13919
 1.14145 -28.2441  1.13934
  1.1416 -28.2379  1.13934
 1.14175 -28.2316  1.13949
  1.1419 -28.2254  1.13964
 1.14205 -28.2192  1.13979
  1.1422  -28.213  1.13994
 1.14235 -28.2068  1.13994
  1.1425 -28.2006   1.1401
 1.14265 -28.1944  1.14025
  1.1428 -28.1883   1.1404
 1.14295 -28.1821  1.14055
  1.1431 -28.1759   1.1407
 1.14325 -28.1697   1.1407
  1.1434 -28.1635  1.14085
 1.14355 -28.1573    1.141
  1.1437 -28.1512  1.14115
 1.14385  -28.145   1.1413
   1.144 -28.1388   1.1413
 1.14415 -28.1327  1.14145
  1.1443 -28.1265   1.1416
 1.14445 -28.1204  1.14175
  1.1446 -28.1142   1.1419
 1.14475 -28.1081   1.1419
  1.1449 -28.1019  1.14205
 1.14505 -28.0958   1.1422
  1.1452 -28.0896  1.14235
 1.14535 -28.0835   1.1425
  1.1455 -28.0773   1.1425
 1.14565 -28.0712  1.14265
  1.1458 -28.0651   1.1428
 1.14595 -28.0589  1.14295
  1.1461 -28.0528   1.1431
 1.14625 -28.0467   1.1431
  1.1464 -28.0406  1.14325
 1.14655 -28.0345   1.1434
  1.1467 -28.0283  1.14355
 1.14685 -28.0222   1.1437
   1.147 -28.0161  1.14385
 1.14715   -28.01  1.14385
  1.1473 -28.0039    1.144
 1.14745 -27.9978  1.14415
  1.1476 -27.9917   1.1443
 1.14775 -27.9856  1.14445
  1.1479 -27.9795  1.14445
 1.14805 -27.9734   1.1446
  1.1482 -27.9674  1.14475
 1.14835 -27.9613   1.1449
  1.1485 -27.9552  1.14505
 1.14865 -27.9491  1.14505
  1.1488  -27.943   1.1452
 1.14895  -27.937  1.14535
  1.1491 -27.9309   1.1455
 1.14925 -27.9248  1.14565
  1.1494 -27.9188   1.1458
 1.14955 -27.9127   1.1458
  1.1497 -27.9066  1.14595
 1.14985 -27.9006   1.1461
    1.15 -27.8945  1.14625