 kgrid  ValNew  Policy 
    0.85 -64.2314 0.877764
 0.85015 -64.2185 0.877764
  0.8503 -64.2055 0.877914
 0.85045 -64.1926 0.878064
  0.8506 -64.1797 0.878214
 0.85075 -64.1668 0.878364
  0.8509 -64.1539 0.878514
0.851051  -64.141 0.878664
0.851201 -64.1281 0.878664
0.851351 -64.1152 0.878814
0.851501 -64.1023 0.878964
0.851651 -64.0895 0.879115
0.851801 -64.0766 0.879265
0.851951 -64.0637 0.879415
0.852101 -64.0509 0.879565
0.852251  -64.038 0.879715
0.852401 -64.0252 0.879865
0.852551 -64.0124 0.879865
0.852701 -63.9995 0.880015
0.852851 -63.9867 0.880165
0.853002 -63.9739 0.880315
0.853152 -63.9611 0.880465
0.853302 -63.9483 0.880615
0.853452 -63.9355 0.880765
0.853602 -63.9227 0.880915
0.853752 -63.9099 0.881066
0.853902 -63.8971 0.881066
0.854052 -63.8843 0.881216
0.854202 -63.8716 0.881366
0.854352 -63.8588 0.881516
0.854502  -63.846 0.881666
0.854652 -63.8333 0.881816
0.854802 -63.8205 0.881966
0.854952 -63.8078 0.882116
0.855103  -63.795 0.882266
0.855253 -63.7823 0.882266
0.855403 -63.7696 0.882416
0.855553 -63.7569 0.882566
0.855703 -63.7442 0.882716
0.855853 -63.7314 0.882866
0.856003 -63.7187 0.883017
0.856153  -63.706 0.883167
0.856303 -63.6933 0.883317
0.856453 -63.6807 0.883467
0.856603  -63.668 0.883467
0.856753 -63.6553 0.883617
0.856903 -63.6426 0.883767
0.857054   -63.63 0.883917
0.857204 -63.6173 0.884067
0.857354 -63.6047 0.884217
0.857504  -63.592 0.884367
0.857654 -63.5794 0.884517
0.857804 -63.5667 0.884667
0.857954 -63.5541 0.884667
0.858104 -63.5415 0.884817
0.858254 -63.5288 0.884967
0.858404 -63.5162 0.885118
0.858554 -63.5036 0.885268
0.858704  -63.491 0.885418
0.858854 -63.4784 0.885568
0.859005 -63.4658 0.885718
0.859155 -63.4532 0.885868
0.859305 -63.4407 0.886018
0.859455 -63.4281 0.886018
0.859605 -63.4155 0.886168
0.859755 -63.4029 0.886318
0.859905 -63.3904 0.886468
0.860055 -63.3778 0.886618
0.860205 -63.3653 0.886768
0.860355 -63.3527 0.886918
0.860505 -63.3402 0.887069
0.860655 -63.3277 0.887219
0.860805 -63.3151 0.887219
0.860955 -63.3026 0.887369
0.861106 -63.2901 0.887519
0.861256 -63.2776 0.887669
0.861406 -63.2651 0.887819
0.861556 -63.2526 0.887969
0.861706 -63.2401 0.888119
0.861856 -63.2276 0.888269
0.862006 -63.2151 0.888419
0.862156 -63.2026 0.888569
0.862306 -63.1902 0.888569
0.862456 -63.1777 0.888719
0.862606 -63.1652 0.888869
0.862756 -63.1528  0.88902
0.862906 -63.1403  0.88917
0.863057 -63.1279  0.88932
0.863207 -63.1154  0.88947
0.863357  -63.103  0.88962
0.863507 -63.0905  0.88977
0.863657 -63.0781  0.88977
0.863807 -63.0657  0.88992
0.863957 -63.0533  0.89007
0.864107 -63.0409  0.89022
0.864257 -63.0285  0.89037
0.864407 -63.0161  0.89052
0.864557 -63.0037  0.89067
0.864707 -62.9913  0.89082
0.864857 -62.9789  0.89097
0.865008 -62.9665 0.891121
0.865158 -62.9541 0.891271
0.865308 -62.9418 0.891271
0.865458 -62.9294 0.891421
0.865608 -62.9171 0.891571
0.865758 -62.9047 0.891721
0.865908 -62.8924 0.891871
0.866058   -62.88 0.892021
0.866208 -62.8677 0.892171
0.866358 -62.8553 0.892321
0.866508  -62.843 0.892471
0.866658 -62.8307 0.892621
0.866808 -62.8184 0.892621
0.866958 -62.8061 0.892771
0.867109 -62.7938 0.892921
0.867259 -62.7815 0.893072
0.867409 -62.7692 0.893222
0.867559 -62.7569 0.893372
0.867709 -62.7446 0.893522
0.867859 -62.7323 0.893672
0.868009   -62.72 0.893822
0.868159 -62.7078 0.893972
0.868309 -62.6955 0.893972
0.868459 -62.6832 0.894122
0.868609  -62.671 0.894272
0.868759 -62.6587 0.894422
0.868909 -62.6465 0.894572
 0.86906 -62.6342 0.894722
 0.86921  -62.622 0.894872
 0.86936 -62.6098 0.895023
 0.86951 -62.5975 0.895173
 0.86966 -62.5853 0.895323
 0.86981 -62.5731 0.895323
 0.86996 -62.5609 0.895473
 0.87011 -62.5487 0.895623
 0.87026 -62.5365 0.895773
 0.87041 -62.5243 0.895923
 0.87056 -62.5121 0.896073
 0.87071 -62.4999 0.896223
 0.87086 -62.4877 0.896373
0.871011 -62.4756 0.896523
0.871161 -62.4634 0.896673
0.871311 -62.4512 0.896823
0.871461 -62.4391 0.896823
0.871611 -62.4269 0.896973
0.871761 -62.4148 0.897124
0.871911 -62.4026 0.897274
0.872061 -62.3905 0.897424
0.872211 -62.3783 0.897574
0.872361 -62.3662 0.897724
0.872511 -62.3541 0.897874
0.872661  -62.342 0.898024
0.872811 -62.3299 0.898174
0.872961 -62.3177 0.898324
0.873112 -62.3056 0.898324
0.873262 -62.2935 0.898474
0.873412 -62.2814 0.898624
0.873562 -62.2694 0.898774
0.873712 -62.2573 0.898924
0.873862 -62.2452 0.899075
0.874012 -62.2331 0.899225
0.874162  -62.221 0.899375
0.874312  -62.209 0.899525
0.874462 -62.1969 0.899675
0.874612 -62.1849 0.899675
0.874762 -62.1728 0.899825
0.874912 -62.1608 0.899975
0.875063 -62.1487 0.900125
0.875213 -62.1367 0.900275
0.875363 -62.1246 0.900425
0.875513 -62.1126 0.900575
0.875663 -62.1006 0.900725
0.875813 -62.0886 0.900875
0.875963 -62.0765 0.901026
0.876113 -62.0645 0.901176
0.876263 -62.0525 0.901326
0.876413 -62.0405 0.901476
0.876563 -62.0285 0.901476
0.876713 -62.0165 0.901626
0.876863 -62.0046 0.901776
0.877014 -61.9926 0.901926
0.877164 -61.9806 0.902076
0.877314 -61.9686 0.902226
0.877464 -61.9566 0.902376
0.877614 -61.9447 0.902526
0.877764 -61.9327 0.902676
0.877914 -61.9208 0.902826
0.878064 -61.9088 0.902976
0.878214 -61.8969 0.903127
0.878364 -61.8849 0.903277
0.878514  -61.873 0.903277
0.878664  -61.861 0.903427
0.878814 -61.8491 0.903577
0.878964 -61.8372 0.903727
0.879115 -61.8253 0.903877
0.879265 -61.8133 0.904027
0.879415 -61.8014 0.904177
0.879565 -61.7895 0.904327
0.879715 -61.7776 0.904477
0.879865 -61.7657 0.904627
0.880015 -61.7538 0.904777
0.880165 -61.7419 0.904927
0.880315 -61.7301 0.905078
0.880465 -61.7182 0.905078
0.880615 -61.7063 0.905228
0.880765 -61.6944 0.905378
0.880915 -61.6826 0.905528
0.881066 -61.6707 0.905678
0.881216 -61.6588 0.905828
0.881366  -61.647 0.905978
0.881516 -61.6351 0.906128
0.881666 -61.6233 0.906278
0.881816 -61.6114 0.906428
0.881966 -61.5996 0.906578
0.882116 -61.5878 0.906728
0.882266 -61.5759 0.906878
0.882416 -61.5641 0.907029
0.882566 -61.5523 0.907029
0.882716 -61.5405 0.907179
0.882866 -61.5287 0.907329
0.883017 -61.5169 0.907479
0.883167 -61.5051 0.907629
0.883317 -61.4933 0.907779
0.883467 -61.4815 0.907929
0.883617 -61.4697 0.908079
0.883767 -61.4579 0.908229
0.883917 -61.4461 0.908379
0.884067 -61.4343 0.908529
0.884217 -61.4226 0.908679
0.884367 -61.4108 0.908829
0.884517  -61.399 0.908979
0.884667 -61.3873 0.908979
0.884817 -61.3755  0.90913
0.884967 -61.3638  0.90928
0.885118  -61.352  0.90943
0.885268 -61.3403  0.90958
0.885418 -61.3285  0.90973
0.885568 -61.3168  0.90988
0.885718 -61.3051  0.91003
0.885868 -61.2933  0.91018
0.886018 -61.2816  0.91033
0.886168 -61.2699  0.91048
0.886318 -61.2582  0.91063
0.886468 -61.2465  0.91078
0.886618 -61.2348  0.91093
0.886768 -61.2231  0.91093
0.886918 -61.2114 0.911081
0.887069 -61.1997 0.911231
0.887219  -61.188 0.911381
0.887369 -61.1763 0.911531
0.887519 -61.1646 0.911681
0.887669  -61.153 0.911831
0.887819 -61.1413 0.911981
0.887969 -61.1296 0.912131
0.888119  -61.118 0.912281
0.888269 -61.1063 0.912431
0.888419 -61.0946 0.912581
0.888569  -61.083 0.912731
0.888719 -61.0714 0.912881
0.888869 -61.0597 0.913032
 0.88902 -61.0481 0.913032
 0.88917 -61.0364 0.913182
 0.88932 -61.0248 0.913332
 0.88947 -61.0132 0.913482
 0.88962 -61.0016 0.913632
 0.88977 -60.9899 0.913782
 0.88992 -60.9783 0.913932
 0.89007 -60.9667 0.914082
 0.89022 -60.9551 0.914232
 0.89037 -60.9435 0.914382
 0.89052 -60.9319 0.914532
 0.89067 -60.9203 0.914682
 0.89082 -60.9087 0.914832
 0.89097 -60.8972 0.914982
0.891121 -60.8856 0.914982
0.891271  -60.874 0.915133
0.891421 -60.8624 0.915283
0.891571 -60.8509 0.915433
0.891721 -60.8393 0.915583
0.891871 -60.8277 0.915733
0.892021 -60.8162 0.915883
0.892171 -60.8046 0.916033
0.892321 -60.7931 0.916183
0.892471 -60.7815 0.916333
0.892621   -60.77 0.916483
0.892771 -60.7585 0.916633
0.892921 -60.7469 0.916783
0.893072 -60.7354 0.916933
0.893222 -60.7239 0.917084
0.893372 -60.7124 0.917234
0.893522 -60.7008 0.917234
0.893672 -60.6893 0.917384
0.893822 -60.6778 0.917534
0.893972 -60.6663 0.917684
0.894122 -60.6548 0.917834
0.894272 -60.6433 0.917984
0.894422 -60.6318 0.918134
0.894572 -60.6203 0.918284
0.894722 -60.6089 0.918434
0.894872 -60.5974 0.918584
0.895023 -60.5859 0.918734
0.895173 -60.5744 0.918884
0.895323  -60.563 0.919035
0.895473 -60.5515 0.919185
0.895623   -60.54 0.919335
0.895773 -60.5286 0.919485
0.895923 -60.5171 0.919485
0.896073 -60.5057 0.919635
0.896223 -60.4942 0.919785
0.896373 -60.4828 0.919935
0.896523 -60.4714 0.920085
0.896673 -60.4599 0.920235
0.896823 -60.4485 0.920385
0.896973 -60.4371 0.920535
0.897124 -60.4257 0.920685
0.897274 -60.4142 0.920835
0.897424 -60.4028 0.920985
0.897574 -60.3914 0.921136
0.897724   -60.38 0.921286
0.897874 -60.3686 0.921436
0.898024 -60.3572 0.921586
0.898174 -60.3458 0.921586
0.898324 -60.3344 0.921736
0.898474  -60.323 0.921886
0.898624 -60.3117 0.922036
0.898774 -60.3003 0.922186
0.898924 -60.2889 0.922336
0.899075 -60.2775 0.922486
0.899225 -60.2662 0.922636
0.899375 -60.2548 0.922786
0.899525 -60.2435 0.922936
0.899675 -60.2321 0.923087
0.899825 -60.2208 0.923237
0.899975 -60.2094 0.923387
0.900125 -60.1981 0.923537
0.900275 -60.1867 0.923687
0.900425 -60.1754 0.923837
0.900575 -60.1641 0.923987
0.900725 -60.1527 0.923987
0.900875 -60.1414 0.924137
0.901026 -60.1301 0.924287
0.901176 -60.1188 0.924437
0.901326 -60.1075 0.924587
0.901476 -60.0962 0.924737
0.901626 -60.0849 0.924887
0.901776 -60.0736 0.925038
0.901926 -60.0623 0.925188
0.902076  -60.051 0.925338
0.902226 -60.0397 0.925488
0.902376 -60.0284 0.925638
0.902526 -60.0171 0.925788
0.902676 -60.0058 0.925938
0.902826 -59.9946 0.926088
0.902976 -59.9833 0.926238
0.903127  -59.972 0.926238
0.903277 -59.9608 0.926388
0.903427 -59.9495 0.926538
0.903577 -59.9383 0.926688
0.903727  -59.927 0.926838
0.903877 -59.9158 0.926988
0.904027 -59.9045 0.927139
0.904177 -59.8933 0.927289
0.904327  -59.882 0.927439
0.904477 -59.8708 0.927589
0.904627 -59.8596 0.927739
0.904777 -59.8484 0.927889
0.904927 -59.8371 0.928039
0.905078 -59.8259 0.928189
0.905228 -59.8147 0.928339
0.905378 -59.8035 0.928489
0.905528 -59.7923 0.928489
0.905678 -59.7811 0.928639
0.905828 -59.7699 0.928789
0.905978 -59.7587 0.928939
0.906128 -59.7475  0.92909
0.906278 -59.7363  0.92924
0.906428 -59.7252  0.92939
0.906578  -59.714  0.92954
0.906728 -59.7028  0.92969
0.906878 -59.6916  0.92984
0.907029 -59.6805  0.92999
0.907179 -59.6693  0.93014
0.907329 -59.6581  0.93029
0.907479  -59.647  0.93044
0.907629 -59.6358  0.93059
0.907779 -59.6247  0.93074
0.907929 -59.6135  0.93089
0.908079 -59.6024  0.93089
0.908229 -59.5913 0.931041
0.908379 -59.5801 0.931191
0.908529  -59.569 0.931341
0.908679 -59.5579 0.931491
0.908829 -59.5468 0.931641
0.908979 -59.5356 0.931791
 0.90913 -59.5245 0.931941
 0.90928 -59.5134 0.932091
 0.90943 -59.5023 0.932241
 0.90958 -59.4912 0.932391
 0.90973 -59.4801 0.932541
 0.90988  -59.469 0.932691
 0.91003 -59.4579 0.932841
 0.91018 -59.4468 0.932991
 0.91033 -59.4357 0.933142
 0.91048 -59.4247 0.933292
 0.91063 -59.4136 0.933292
 0.91078 -59.4025 0.933442
 0.91093 -59.3914 0.933592
0.911081 -59.3804 0.933742
0.911231 -59.3693 0.933892
0.911381 -59.3582 0.934042
0.911531 -59.3472 0.934192
0.911681 -59.3361 0.934342
0.911831 -59.3251 0.934492
0.911981  -59.314 0.934642
0.912131  -59.303 0.934792
0.912281  -59.292 0.934942
0.912431 -59.2809 0.935093
0.912581 -59.2699 0.935243
0.912731 -59.2589 0.935393
0.912881 -59.2478 0.935543
0.913032 -59.2368 0.935693
0.913182 -59.2258 0.935843
0.913332 -59.2148 0.935843
0.913482 -59.2038 0.935993
0.913632 -59.1928 0.936143
0.913782 -59.1818 0.936293
0.913932 -59.1708 0.936443
0.914082 -59.1598 0.936593
0.914232 -59.1488 0.936743
0.914382 -59.1378 0.936893
0.914532 -59.1268 0.937044
0.914682 -59.1158 0.937194
0.914832 -59.1048 0.937344
0.914982 -59.0939 0.937494
0.915133 -59.0829 0.937644
0.915283 -59.0719 0.937794
0.915433  -59.061 0.937944
0.915583   -59.05 0.938094
0.915733 -59.0391 0.938244
0.915883 -59.0281 0.938394
0.916033 -59.0172 0.938544
0.916183 -59.0062 0.938544
0.916333 -58.9953 0.938694
0.916483 -58.9843 0.938844
0.916633 -58.9734 0.938994
0.916783 -58.9625 0.939145
0.916933 -58.9515 0.939295
0.917084 -58.9406 0.939445
0.917234 -58.9297 0.939595
0.917384 -58.9188 0.939745
0.917534 -58.9079 0.939895
0.917684  -58.897 0.940045
0.917834  -58.886 0.940195
0.917984 -58.8751 0.940345
0.918134 -58.8642 0.940495
0.918284 -58.8533 0.940645
0.918434 -58.8425 0.940795
0.918584 -58.8316 0.940945
0.918734 -58.8207 0.941096
0.918884 -58.8098 0.941096
0.919035 -58.7989 0.941246
0.919185  -58.788 0.941396
0.919335 -58.7772 0.941546
0.919485 -58.7663 0.941696
0.919635 -58.7554 0.941846
0.919785 -58.7446 0.941996
0.919935 -58.7337 0.942146
0.920085 -58.7229 0.942296
0.920235  -58.712 0.942446
0.920385 -58.7012 0.942596
0.920535 -58.6903 0.942746
0.920685 -58.6795 0.942896
0.920835 -58.6687 0.943047
0.920985 -58.6578 0.943197
0.921136  -58.647 0.943347
0.921286 -58.6362 0.943497
0.921436 -58.6253 0.943647
0.921586 -58.6145 0.943647
0.921736 -58.6037 0.943797
0.921886 -58.5929 0.943947
0.922036 -58.5821 0.944097
0.922186 -58.5713 0.944247
0.922336 -58.5605 0.944397
0.922486 -58.5497 0.944547
0.922636 -58.5389 0.944697
0.922786 -58.5281 0.944847
0.922936 -58.5173 0.944997
0.923087 -58.5065 0.945148
0.923237 -58.4957 0.945298
0.923387  -58.485 0.945448
0.923537 -58.4742 0.945598
0.923687 -58.4634 0.945748
0.923837 -58.4526 0.945898
0.923987 -58.4419 0.946048
0.924137 -58.4311 0.946198
0.924287 -58.4204 0.946348
0.924437 -58.4096 0.946348
0.924587 -58.3989 0.946498
0.924737 -58.3881 0.946648
0.924887 -58.3774 0.946798
0.925038 -58.3666 0.946948
0.925188 -58.3559 0.947099
0.925338 -58.3452 0.947249
0.925488 -58.3344 0.947399
0.925638 -58.3237 0.947549
0.925788  -58.313 0.947699
0.925938 -58.3023 0.947849
0.926088 -58.2915 0.947999
0.926238 -58.2808 0.948149
0.926388 -58.2701 0.948299
0.926538 -58.2594 0.948449
0.926688 -58.2487 0.948599
0.926838  -58.238 0.948749
0.926988 -58.2273 0.948899
0.927139 -58.2166  0.94905
0.927289 -58.2059  0.94905
0.927439 -58.1952   0.9492
0.927589 -58.1846  0.94935
0.927739 -58.1739   0.9495
0.927889 -58.1632  0.94965
0.928039 -58.1525   0.9498
0.928189 -58.1419  0.94995
0.928339 -58.1312   0.9501
0.928489 -58.1205  0.95025
0.928639 -58.1099   0.9504
0.928789 -58.0992  0.95055
0.928939 -58.0886   0.9507
 0.92909 -58.0779  0.95085
 0.92924 -58.0673 0.951001
 0.92939 -58.0566 0.951151
 0.92954  -58.046 0.951301
 0.92969 -58.0354 0.951451
 0.92984 -58.0247 0.951601
 0.92999 -58.0141 0.951751
 0.93014 -58.0035 0.951901
 0.93029 -57.9928 0.951901
 0.93044 -57.9822 0.952051
 0.93059 -57.9716 0.952201
 0.93074  -57.961 0.952351
 0.93089 -57.9504 0.952501
0.931041 -57.9398 0.952651
0.931191 -57.9292 0.952801
0.931341 -57.9186 0.952951
0.931491  -57.908 0.953102
0.931641 -57.8974 0.953252
0.931791 -57.8868 0.953402
0.931941 -57.8762 0.953552
0.932091 -57.8656 0.953702
0.932241  -57.855 0.953852
0.932391 -57.8445 0.954002
0.932541 -57.8339 0.954152
0.932691 -57.8233 0.954302
0.932841 -57.8128 0.954452
0.932991 -57.8022 0.954602
0.933142 -57.7916 0.954602
0.933292 -57.7811 0.954752
0.933442 -57.7705 0.954902
0.933592   -57.76 0.955053
0.933742 -57.7494 0.955203
0.933892 -57.7389 0.955353
0.934042 -57.7283 0.955503
0.934192 -57.7178 0.955653
0.934342 -57.7073 0.955803
0.934492 -57.6967 0.955953
0.934642 -57.6862 0.956103
0.934792 -57.6757 0.956253
0.934942 -57.6652 0.956403
0.935093 -57.6547 0.956553
0.935243 -57.6441 0.956703
0.935393 -57.6336 0.956853
0.935543 -57.6231 0.957004
0.935693 -57.6126 0.957154
0.935843 -57.6021 0.957304
0.935993 -57.5916 0.957454
0.936143 -57.5811 0.957454
0.936293 -57.5706 0.957604
0.936443 -57.5601 0.957754
0.936593 -57.5497 0.957904
0.936743 -57.5392 0.958054
0.936893 -57.5287 0.958204
0.937044 -57.5182 0.958354
0.937194 -57.5078 0.958504
0.937344 -57.4973 0.958654
0.937494 -57.4868 0.958804
0.937644 -57.4764 0.958954
0.937794 -57.4659 0.959105
0.937944 -57.4554 0.959255
0.938094  -57.445 0.959405
0.938244 -57.4345 0.959555
0.938394 -57.4241 0.959705
0.938544 -57.4137 0.959855
0.938694 -57.4032 0.960005
0.938844 -57.3928 0.960155
0.938994 -57.3823 0.960305
0.939145 -57.3719 0.960305
0.939295 -57.3615 0.960455
0.939445 -57.3511 0.960605
0.939595 -57.3406 0.960755
0.939745 -57.3302 0.960905
0.939895 -57.3198 0.961056
0.940045 -57.3094 0.961206
0.940195  -57.299 0.961356
0.940345 -57.2886 0.961506
0.940495 -57.2782 0.961656
0.940645 -57.2678 0.961806
0.940795 -57.2574 0.961956
0.940945  -57.247 0.962106
0.941096 -57.2366 0.962256
0.941246 -57.2262 0.962406
0.941396 -57.2159 0.962556
0.941546 -57.2055 0.962706
0.941696 -57.1951 0.962856
0.941846 -57.1847 0.963007
0.941996 -57.1744 0.963157
0.942146  -57.164 0.963157
0.942296 -57.1536 0.963307
0.942446 -57.1433 0.963457
0.942596 -57.1329 0.963607
0.942746 -57.1226 0.963757
0.942896 -57.1122 0.963907
0.943047 -57.1019 0.964057
0.943197 -57.0915 0.964207
0.943347 -57.0812 0.964357
0.943497 -57.0708 0.964507
0.943647 -57.0605 0.964657
0.943797 -57.0502 0.964807
0.943947 -57.0398 0.964957
0.944097 -57.0295 0.965108
0.944247 -57.0192 0.965258
0.944397 -57.0089 0.965408
0.944547 -56.9986 0.965558
0.944697 -56.9883 0.965708
0.944847 -56.9779 0.965858
0.944997 -56.9676 0.966008
0.945148 -56.9573 0.966008
0.945298  -56.947 0.966158
0.945448 -56.9367 0.966308
0.945598 -56.9265 0.966458
0.945748 -56.9162 0.966608
0.945898 -56.9059 0.966758
0.946048 -56.8956 0.966908
0.946198 -56.8853 0.967059
0.946348  -56.875 0.967209
0.946498 -56.8648 0.967359
0.946648 -56.8545 0.967509
0.946798 -56.8442 0.967659
0.946948  -56.834 0.967809
0.947099 -56.8237 0.967959
0.947249 -56.8134 0.968109
0.947399 -56.8032 0.968259
0.947549 -56.7929 0.968409
0.947699 -56.7827 0.968559
0.947849 -56.7724 0.968709
0.947999 -56.7622 0.968859
0.948149 -56.7519  0.96901
0.948299 -56.7417  0.96901
0.948449 -56.7315  0.96916
0.948599 -56.7212  0.96931
0.948749  -56.711  0.96946
0.948899 -56.7008  0.96961
 0.94905 -56.6906  0.96976
  0.9492 -56.6803  0.96991
 0.94935 -56.6701  0.97006
  0.9495 -56.6599  0.97021
 0.94965 -56.6497  0.97036
  0.9498 -56.6395  0.97051
 0.94995 -56.6293  0.97066
  0.9501 -56.6191  0.97081
 0.95025 -56.6089  0.97096
  0.9504 -56.5987 0.971111
 0.95055 -56.5885 0.971261
  0.9507 -56.5783 0.971411
 0.95085 -56.5682 0.971561
0.951001  -56.558 0.971711
0.951151 -56.5478 0.971861
0.951301 -56.5376 0.972011
0.951451 -56.5274 0.972011
0.951601 -56.5173 0.972161
0.951751 -56.5071 0.972311
0.951901 -56.4969 0.972461
0.952051 -56.4868 0.972611
0.952201 -56.4766 0.972761
0.952351 -56.4665 0.972911
0.952501 -56.4563 0.973062
0.952651 -56.4462 0.973212
0.952801  -56.436 0.973362
0.952951 -56.4259 0.973512
0.953102 -56.4157 0.973662
0.953252 -56.4056 0.973812
0.953402 -56.3955 0.973962
0.953552 -56.3853 0.974112
0.953702 -56.3752 0.974262
0.953852 -56.3651 0.974412
0.954002  -56.355 0.974562
0.954152 -56.3449 0.974712
0.954302 -56.3347 0.974862
0.954452 -56.3246 0.974862
0.954602 -56.3145 0.975013
0.954752 -56.3044 0.975163
0.954902 -56.2943 0.975313
0.955053 -56.2842 0.975463
0.955203 -56.2741 0.975613
0.955353  -56.264 0.975763
0.955503 -56.2539 0.975913
0.955653 -56.2439 0.976063
0.955803 -56.2338 0.976213
0.955953 -56.2237 0.976363
0.956103 -56.2136 0.976513
0.956253 -56.2035 0.976663
0.956403 -56.1935 0.976813
0.956553 -56.1834 0.976963
0.956703 -56.1733 0.977114
0.956853 -56.1633 0.977264
0.957004 -56.1532 0.977414
0.957154 -56.1431 0.977564
0.957304 -56.1331 0.977714
0.957454  -56.123 0.977864
0.957604  -56.113 0.977864
0.957754 -56.1029 0.978014
0.957904 -56.0929 0.978164
0.958054 -56.0829 0.978314
0.958204 -56.0728 0.978464
0.958354 -56.0628 0.978614
0.958504 -56.0528 0.978764
0.958654 -56.0427 0.978914
0.958804 -56.0327 0.979065
0.958954 -56.0227 0.979215
0.959105 -56.0127 0.979365
0.959255 -56.0027 0.979515
0.959405 -55.9926 0.979665
0.959555 -55.9826 0.979815
0.959705 -55.9726 0.979965
0.959855 -55.9626 0.980115
0.960005 -55.9526 0.980265
0.960155 -55.9426 0.980415
0.960305 -55.9326 0.980565
0.960455 -55.9226 0.980715
0.960605 -55.9127 0.980865
0.960755 -55.9027 0.980865
0.960905 -55.8927 0.981016
0.961056 -55.8827 0.981166
0.961206 -55.8727 0.981316
0.961356 -55.8628 0.981466
0.961506 -55.8528 0.981616
0.961656 -55.8428 0.981766
0.961806 -55.8329 0.981916
0.961956 -55.8229 0.982066
0.962106 -55.8129 0.982216
0.962256  -55.803 0.982366
0.962406  -55.793 0.982516
0.962556 -55.7831 0.982666
0.962706 -55.7731 0.982816
0.962856 -55.7632 0.982966
0.963007 -55.7532 0.983117
0.963157 -55.7433 0.983267
0.963307 -55.7334 0.983417
0.963457 -55.7234 0.983567
0.963607 -55.7135 0.983717
0.963757 -55.7036 0.983867
0.963907 -55.6937 0.983867
0.964057 -55.6837 0.984017
0.964207 -55.6738 0.984167
0.964357 -55.6639 0.984317
0.964507  -55.654 0.984467
0.964657 -55.6441 0.984617
0.964807 -55.6342 0.984767
0.964957 -55.6243 0.984917
0.965108 -55.6144 0.985068
0.965258 -55.6045 0.985218
0.965408 -55.5946 0.985368
0.965558 -55.5847 0.985518
0.965708 -55.5748 0.985668
0.965858 -55.5649 0.985818
0.966008  -55.555 0.985968
0.966158 -55.5452 0.986118
0.966308 -55.5353 0.986268
0.966458 -55.5254 0.986418
0.966608 -55.5155 0.986568
0.966758 -55.5057 0.986718
0.966908 -55.4958 0.986868
0.967059  -55.486 0.986868
0.967209 -55.4761 0.987019
0.967359 -55.4662 0.987169
0.967509 -55.4564 0.987319
0.967659 -55.4465 0.987469
0.967809 -55.4367 0.987619
0.967959 -55.4268 0.987769
0.968109  -55.417 0.987919
0.968259 -55.4072 0.988069
0.968409 -55.3973 0.988219
0.968559 -55.3875 0.988369
0.968709 -55.3777 0.988519
0.968859 -55.3678 0.988669
 0.96901  -55.358 0.988819
 0.96916 -55.3482 0.988969
 0.96931 -55.3384  0.98912
 0.96946 -55.3286  0.98927
 0.96961 -55.3187  0.98942
 0.96976 -55.3089  0.98957
 0.96991 -55.2991  0.98972
 0.97006 -55.2893  0.98987
 0.97021 -55.2795  0.99002
 0.97036 -55.2697  0.99002
 0.97051 -55.2599  0.99017
 0.97066 -55.2501  0.99032
 0.97081 -55.2403  0.99047
 0.97096 -55.2306  0.99062
0.971111 -55.2208  0.99077
0.971261  -55.211  0.99092
0.971411 -55.2012 0.991071
0.971561 -55.1914 0.991221
0.971711 -55.1817 0.991371
0.971861 -55.1719 0.991521
0.972011 -55.1621 0.991671
0.972161 -55.1524 0.991821
0.972311 -55.1426 0.991971
0.972461 -55.1328 0.992121
0.972611 -55.1231 0.992271
0.972761 -55.1133 0.992421
0.972911 -55.1036 0.992571
0.973062 -55.0938 0.992721
0.973212 -55.0841 0.992871
0.973362 -55.0744 0.993022
0.973512 -55.0646 0.993022
0.973662 -55.0549 0.993172
0.973812 -55.0451 0.993322
0.973962 -55.0354 0.993472
0.974112 -55.0257 0.993622
0.974262  -55.016 0.993772
0.974412 -55.0062 0.993922
0.974562 -54.9965 0.994072
0.974712 -54.9868 0.994222
0.974862 -54.9771 0.994372
0.975013 -54.9674 0.994522
0.975163 -54.9577 0.994672
0.975313  -54.948 0.994822
0.975463 -54.9383 0.994972
0.975613 -54.9286 0.995123
0.975763 -54.9189 0.995273
0.975913 -54.9092 0.995423
0.976063 -54.8995 0.995573
0.976213 -54.8898 0.995723
0.976363 -54.8801 0.995873
0.976513 -54.8704 0.996023
0.976663 -54.8608 0.996023
0.976813 -54.8511 0.996173
0.976963 -54.8414 0.996323
0.977114 -54.8317 0.996473
0.977264 -54.8221 0.996623
0.977414 -54.8124 0.996773
0.977564 -54.8027 0.996923
0.977714 -54.7931 0.997074
0.977864 -54.7834 0.997224
0.978014 -54.7738 0.997374
0.978164 -54.7641 0.997524
0.978314 -54.7545 0.997674
0.978464 -54.7448 0.997824
0.978614 -54.7352 0.997974
0.978764 -54.7256 0.998124
0.978914 -54.7159 0.998274
0.979065 -54.7063 0.998424
0.979215 -54.6966 0.998574
0.979365  -54.687 0.998724
0.979515 -54.6774 0.998874
0.979665 -54.6678 0.999025
0.979815 -54.6582 0.999175
0.979965 -54.6485 0.999175
0.980115 -54.6389 0.999325
0.980265 -54.6293 0.999475
0.980415 -54.6197 0.999625
0.980565 -54.6101 0.999775
0.980715 -54.6005 0.999925
0.980865 -54.5909  1.00008
0.981016 -54.5813  1.00023
0.981166 -54.5717  1.00038
0.981316 -54.5621  1.00053
0.981466 -54.5525  1.00068
0.981616 -54.5429  1.00083
0.981766 -54.5333  1.00098
0.981916 -54.5238  1.00113
0.982066 -54.5142  1.00128
0.982216 -54.5046  1.00143
0.982366  -54.495  1.00158
0.982516 -54.4855  1.00173
0.982666 -54.4759  1.00188
0.982816 -54.4663  1.00203
0.982966 -54.4568  1.00218
0.983117 -54.4472  1.00233
0.983267 -54.4377  1.00233
0.983417 -54.4281  1.00248
0.983567 -54.4186  1.00263
0.983717  -54.409  1.00278
0.983867 -54.3995  1.00293
0.984017 -54.3899  1.00308
0.984167 -54.3804  1.00323
0.984317 -54.3708  1.00338
0.984467 -54.3613  1.00353
0.984617 -54.3518  1.00368
0.984767 -54.3422  1.00383
0.984917 -54.3327  1.00398
0.985068 -54.3232  1.00413
0.985218 -54.3137  1.00428
0.985368 -54.3042  1.00443
0.985518 -54.2946  1.00458
0.985668 -54.2851  1.00473
0.985818 -54.2756  1.00488
0.985968 -54.2661  1.00503
0.986118 -54.2566  1.00518
0.986268 -54.2471  1.00533
0.986418 -54.2376  1.00548
0.986568 -54.2281  1.00548
0.986718 -54.2186  1.00563
0.986868 -54.2091  1.00578
0.987019 -54.1996  1.00593
0.987169 -54.1902  1.00608
0.987319 -54.1807  1.00623
0.987469 -54.1712  1.00638
0.987619 -54.1617  1.00653
0.987769 -54.1523  1.00668
0.987919 -54.1428  1.00683
0.988069 -54.1333  1.00698
0.988219 -54.1238  1.00713
0.988369 -54.1144  1.00728
0.988519 -54.1049  1.00743
0.988669 -54.0955  1.00758
0.988819  -54.086  1.00773
0.988969 -54.0766  1.00788
 0.98912 -54.0671  1.00803
 0.98927 -54.0577  1.00818
 0.98942 -54.0482  1.00833
 0.98957 -54.0388  1.00848
 0.98972 -54.0293  1.00848
 0.98987 -54.0199  1.00863
 0.99002 -54.0105  1.00878
 0.99017  -54.001  1.00893
 0.99032 -53.9916  1.00908
 0.99047 -53.9822  1.00923
 0.99062 -53.9728  1.00938
 0.99077 -53.9633  1.00953
 0.99092 -53.9539  1.00968
0.991071 -53.9445  1.00983
0.991221 -53.9351  1.00998
0.991371 -53.9257  1.01013
0.991521 -53.9163  1.01028
0.991671 -53.9069  1.01043
0.991821 -53.8975  1.01058
0.991971 -53.8881  1.01073
0.992121 -53.8787  1.01088
0.992271 -53.8693  1.01103
0.992421 -53.8599  1.01118
0.992571 -53.8505  1.01133
0.992721 -53.8411  1.01148
0.992871 -53.8318  1.01163
0.993022 -53.8224  1.01163
0.993172  -53.813  1.01178
0.993322 -53.8036  1.01193
0.993472 -53.7943  1.01208
0.993622 -53.7849  1.01223
0.993772 -53.7755  1.01238
0.993922 -53.7662  1.01253
0.994072 -53.7568  1.01268
0.994222 -53.7474  1.01283
0.994372 -53.7381  1.01298
0.994522 -53.7287  1.01313
0.994672 -53.7194  1.01328
0.994822   -53.71  1.01343
0.994972 -53.7007  1.01358
0.995123 -53.6913  1.01373
0.995273  -53.682  1.01388
0.995423 -53.6727  1.01403
0.995573 -53.6633  1.01418
0.995723  -53.654  1.01433
0.995873 -53.6447  1.01448
0.996023 -53.6354  1.01463
0.996173  -53.626  1.01478
0.996323 -53.6167  1.01478
0.996473 -53.6074  1.01493
0.996623 -53.5981  1.01508
0.996773 -53.5888  1.01523
0.996923 -53.5795  1.01538
0.997074 -53.5701  1.01553
0.997224 -53.5608  1.01568
0.997374 -53.5515  1.01583
0.997524 -53.5422  1.01598
0.997674 -53.5329  1.01613
0.997824 -53.5236  1.01628
0.997974 -53.5144  1.01643
0.998124 -53.5051  1.01658
0.998274 -53.4958  1.01673
0.998424 -53.4865  1.01688
0.998574 -53.4772  1.01703
0.998724 -53.4679  1.01718
0.998874 -53.4587  1.01733
0.999025 -53.4494  1.01748
0.999175 -53.4401  1.01763
0.999325 -53.4309  1.01778
0.999475 -53.4216  1.01778
0.999625 -53.4123  1.01793
0.999775 -53.4031  1.01808
0.999925 -53.3938  1.01823
 1.00008 -53.3846  1.01838
 1.00023 -53.3753  1.01853
 1.00038 -53.3661  1.01868
 1.00053 -53.3568  1.01883
 1.00068 -53.3476  1.01898
 1.00083 -53.3383  1.01913
 1.00098 -53.3291  1.01928
 1.00113 -53.3198  1.01943
 1.00128 -53.3106  1.01958
 1.00143 -53.3014  1.01973
 1.00158 -53.2922  1.01988
 1.00173 -53.2829  1.02004
 1.00188 -53.2737  1.02019
 1.00203 -53.2645  1.02034
 1.00218 -53.2553  1.02049
 1.00233 -53.2461  1.02064
 1.00248 -53.2368  1.02079
 1.00263 -53.2276  1.02094
 1.00278 -53.2184  1.02094
 1.00293 -53.2092  1.02109
 1.00308    -53.2  1.02124
 1.00323 -53.1908  1.02139
 1.00338 -53.1816  1.02154
 1.00353 -53.1724  1.02169
 1.00368 -53.1632  1.02184
 1.00383  -53.154  1.02199
 1.00398 -53.1449  1.02214
 1.00413 -53.1357  1.02229
 1.00428 -53.1265  1.02244
 1.00443 -53.1173  1.02259
 1.00458 -53.1081  1.02274
 1.00473  -53.099  1.02289
 1.00488 -53.0898  1.02304
 1.00503 -53.0806  1.02319
 1.00518 -53.0715  1.02334
 1.00533 -53.0623  1.02349
 1.00548 -53.0531  1.02364
 1.00563  -53.044  1.02379
 1.00578 -53.0348  1.02394
 1.00593 -53.0257  1.02394
 1.00608 -53.0165  1.02409
 1.00623 -53.0074  1.02424
 1.00638 -52.9982  1.02439
 1.00653 -52.9891  1.02454
 1.00668 -52.9799  1.02469
 1.00683 -52.9708  1.02484
 1.00698 -52.9617  1.02499
 1.00713 -52.9525  1.02514
 1.00728 -52.9434  1.02529
 1.00743 -52.9343  1.02544
 1.00758 -52.9252  1.02559
 1.00773  -52.916  1.02574
 1.00788 -52.9069  1.02589
 1.00803 -52.8978  1.02604
 1.00818 -52.8887  1.02619
 1.00833 -52.8796  1.02634
 1.00848 -52.8705  1.02649
 1.00863 -52.8614  1.02664
 1.00878 -52.8523  1.02679
 1.00893 -52.8432  1.02694
 1.00908 -52.8341  1.02709
 1.00923  -52.825  1.02724
 1.00938 -52.8159  1.02724
 1.00953 -52.8068  1.02739
 1.00968 -52.7977  1.02754
 1.00983 -52.7886  1.02769
 1.00998 -52.7795  1.02784
 1.01013 -52.7704  1.02799
 1.01028 -52.7614  1.02814
 1.01043 -52.7523  1.02829
 1.01058 -52.7432  1.02844
 1.01073 -52.7341  1.02859
 1.01088 -52.7251  1.02874
 1.01103  -52.716  1.02889
 1.01118 -52.7069  1.02904
 1.01133 -52.6979  1.02919
 1.01148 -52.6888  1.02934
 1.01163 -52.6798  1.02949
 1.01178 -52.6707  1.02964
 1.01193 -52.6617  1.02979
 1.01208 -52.6526  1.02994
 1.01223 -52.6436  1.03009
 1.01238 -52.6345  1.03024
 1.01253 -52.6255  1.03024
 1.01268 -52.6165  1.03039
 1.01283 -52.6074  1.03054
 1.01298 -52.5984  1.03069
 1.01313 -52.5894  1.03084
 1.01328 -52.5803  1.03099
 1.01343 -52.5713  1.03114
 1.01358 -52.5623  1.03129
 1.01373 -52.5533  1.03144
 1.01388 -52.5443  1.03159
 1.01403 -52.5352  1.03174
 1.01418 -52.5262  1.03189
 1.01433 -52.5172  1.03204
 1.01448 -52.5082  1.03219
 1.01463 -52.4992  1.03234
 1.01478 -52.4902  1.03249
 1.01493 -52.4812  1.03264
 1.01508 -52.4722  1.03279
 1.01523 -52.4632  1.03294
 1.01538 -52.4542  1.03309
 1.01553 -52.4452  1.03324
 1.01568 -52.4363  1.03324
 1.01583 -52.4273  1.03339
 1.01598 -52.4183  1.03354
 1.01613 -52.4093  1.03369
 1.01628 -52.4003  1.03384
 1.01643 -52.3914  1.03399
 1.01658 -52.3824  1.03414
 1.01673 -52.3734  1.03429
 1.01688 -52.3644  1.03444
 1.01703 -52.3555  1.03459
 1.01718 -52.3465  1.03474
 1.01733 -52.3376  1.03489
 1.01748 -52.3286  1.03504
 1.01763 -52.3197  1.03519
 1.01778 -52.3107  1.03534
 1.01793 -52.3018  1.03549
 1.01808 -52.2928  1.03564
 1.01823 -52.2839  1.03579
 1.01838 -52.2749  1.03594
 1.01853  -52.266  1.03609
 1.01868 -52.2571  1.03624
 1.01883 -52.2481  1.03639
 1.01898 -52.2392  1.03639
 1.01913 -52.2303  1.03654
 1.01928 -52.2213  1.03669
 1.01943 -52.2124  1.03684
 1.01958 -52.2035  1.03699
 1.01973 -52.1946  1.03714
 1.01988 -52.1856  1.03729
 1.02004 -52.1767  1.03744
 1.02019 -52.1678  1.03759
 1.02034 -52.1589  1.03774
 1.02049   -52.15  1.03789
 1.02064 -52.1411  1.03804
 1.02079 -52.1322  1.03819
 1.02094 -52.1233  1.03834
 1.02109 -52.1144  1.03849
 1.02124 -52.1055  1.03864
 1.02139 -52.0966  1.03879
 1.02154 -52.0877  1.03894
 1.02169 -52.0789  1.03909
 1.02184   -52.07  1.03924
 1.02199 -52.0611  1.03939
 1.02214 -52.0522  1.03939
 1.02229 -52.0433  1.03954
 1.02244 -52.0345  1.03969
 1.02259 -52.0256  1.03984
 1.02274 -52.0167  1.03999
 1.02289 -52.0078  1.04015
 1.02304  -51.999   1.0403
 1.02319 -51.9901  1.04045
 1.02334 -51.9813   1.0406
 1.02349 -51.9724  1.04075
 1.02364 -51.9636   1.0409
 1.02379 -51.9547  1.04105
 1.02394 -51.9459   1.0412
 1.02409  -51.937  1.04135
 1.02424 -51.9282   1.0415
 1.02439 -51.9193  1.04165
 1.02454 -51.9105   1.0418
 1.02469 -51.9016  1.04195
 1.02484 -51.8928   1.0421
 1.02499  -51.884  1.04225
 1.02514 -51.8752   1.0424
 1.02529 -51.8663   1.0424
 1.02544 -51.8575  1.04255
 1.02559 -51.8487   1.0427
 1.02574 -51.8399  1.04285
 1.02589  -51.831    1.043
 1.02604 -51.8222  1.04315
 1.02619 -51.8134   1.0433
 1.02634 -51.8046  1.04345
 1.02649 -51.7958   1.0436
 1.02664  -51.787  1.04375
 1.02679 -51.7782   1.0439
 1.02694 -51.7694  1.04405
 1.02709 -51.7606   1.0442
 1.02724 -51.7518  1.04435
 1.02739  -51.743   1.0445
 1.02754 -51.7342  1.04465
 1.02769 -51.7254   1.0448
 1.02784 -51.7166  1.04495
 1.02799 -51.7079   1.0451
 1.02814 -51.6991  1.04525
 1.02829 -51.6903   1.0454
 1.02844 -51.6815  1.04555
 1.02859 -51.6728  1.04555
 1.02874  -51.664   1.0457
 1.02889 -51.6552  1.04585
 1.02904 -51.6465    1.046
 1.02919 -51.6377  1.04615
 1.02934 -51.6289   1.0463
 1.02949 -51.6202  1.04645
 1.02964 -51.6114   1.0466
 1.02979 -51.6027  1.04675
 1.02994 -51.5939   1.0469
 1.03009 -51.5852  1.04705
 1.03024 -51.5764   1.0472
 1.03039 -51.5677  1.04735
 1.03054 -51.5589   1.0475
 1.03069 -51.5502  1.04765
 1.03084 -51.5415   1.0478
 1.03099 -51.5327  1.04795
 1.03114  -51.524   1.0481
 1.03129 -51.5153  1.04825
 1.03144 -51.5065   1.0484
 1.03159 -51.4978   1.0484
 1.03174 -51.4891  1.04855
 1.03189 -51.4804   1.0487
 1.03204 -51.4717  1.04885
 1.03219 -51.4629    1.049
 1.03234 -51.4542  1.04915
 1.03249 -51.4455   1.0493
 1.03264 -51.4368  1.04945
 1.03279 -51.4281   1.0496
 1.03294 -51.4194  1.04975
 1.03309 -51.4107   1.0499
 1.03324  -51.402  1.05005
 1.03339 -51.3933   1.0502
 1.03354 -51.3846  1.05035
 1.03369 -51.3759   1.0505
 1.03384 -51.3672  1.05065
 1.03399 -51.3586   1.0508
 1.03414 -51.3499  1.05095
 1.03429 -51.3412   1.0511
 1.03444 -51.3325  1.05125
 1.03459 -51.3238   1.0514
 1.03474 -51.3152   1.0514
 1.03489 -51.3065  1.05155
 1.03504 -51.2978   1.0517
 1.03519 -51.2892  1.05185
 1.03534 -51.2805    1.052
 1.03549 -51.2718  1.05215
 1.03564 -51.2632   1.0523
 1.03579 -51.2545  1.05245
 1.03594 -51.2459   1.0526
 1.03609 -51.2372  1.05275
 1.03624 -51.2286   1.0529
 1.03639 -51.2199  1.05305
 1.03654 -51.2113   1.0532
 1.03669 -51.2026  1.05335
 1.03684  -51.194   1.0535
 1.03699 -51.1854  1.05365
 1.03714 -51.1767   1.0538
 1.03729 -51.1681  1.05395
 1.03744 -51.1595   1.0541
 1.03759 -51.1509  1.05425
 1.03774 -51.1422  1.05425
 1.03789 -51.1336   1.0544
 1.03804  -51.125  1.05455
 1.03819 -51.1164   1.0547
 1.03834 -51.1078  1.05485
 1.03849 -51.0991    1.055
 1.03864 -51.0905  1.05515
 1.03879 -51.0819   1.0553
 1.03894 -51.0733  1.05545
 1.03909 -51.0647   1.0556
 1.03924 -51.0561  1.05575
 1.03939 -51.0475   1.0559
 1.03954 -51.0389  1.05605
 1.03969 -51.0303   1.0562
 1.03984 -51.0217  1.05635
 1.03999 -51.0131   1.0565
 1.04015 -51.0046  1.05665
  1.0403  -50.996   1.0568
 1.04045 -50.9874  1.05695
  1.0406 -50.9788   1.0571
 1.04075 -50.9702  1.05725
  1.0409 -50.9617  1.05725
 1.04105 -50.9531   1.0574
  1.0412 -50.9445  1.05755
 1.04135  -50.936   1.0577
  1.0415 -50.9274  1.05785
 1.04165 -50.9188    1.058
  1.0418 -50.9103  1.05815
 1.04195 -50.9017   1.0583
  1.0421 -50.8932  1.05845
 1.04225 -50.8846   1.0586
  1.0424 -50.8761  1.05875
 1.04255 -50.8675   1.0589
  1.0427  -50.859  1.05905
 1.04285 -50.8504   1.0592
   1.043 -50.8419  1.05935
 1.04315 -50.8333   1.0595
  1.0433 -50.8248  1.05965
 1.04345 -50.8163   1.0598
  1.0436 -50.8077  1.05995
 1.04375 -50.7992  1.06011
  1.0439 -50.7907  1.06011
 1.04405 -50.7822  1.06026
  1.0442 -50.7736  1.06041
 1.04435 -50.7651  1.06056
  1.0445 -50.7566  1.06071
 1.04465 -50.7481  1.06086
  1.0448 -50.7396  1.06101
 1.04495 -50.7311  1.06116
  1.0451 -50.7226  1.06131
 1.04525  -50.714  1.06146
  1.0454 -50.7055  1.06161
 1.04555  -50.697  1.06176
  1.0457 -50.6885  1.06191
 1.04585 -50.6801  1.06206
   1.046 -50.6716  1.06221
 1.04615 -50.6631  1.06236
  1.0463 -50.6546  1.06251
 1.04645 -50.6461  1.06266
  1.0466 -50.6376  1.06281
 1.04675 -50.6291  1.06296
  1.0469 -50.6207  1.06296
 1.04705 -50.6122  1.06311
  1.0472 -50.6037  1.06326
 1.04735 -50.5952  1.06341
  1.0475 -50.5868  1.06356
 1.04765 -50.5783  1.06371
  1.0478 -50.5698  1.06386
 1.04795 -50.5614  1.06401
  1.0481 -50.5529  1.06416
 1.04825 -50.5444  1.06431
  1.0484  -50.536  1.06446
 1.04855 -50.5275  1.06461
  1.0487 -50.5191  1.06476
 1.04885 -50.5106  1.06491
   1.049 -50.5022  1.06506
 1.04915 -50.4938  1.06521
  1.0493 -50.4853  1.06536
 1.04945 -50.4769  1.06551
  1.0496 -50.4684  1.06566
 1.04975   -50.46  1.06566
  1.0499 -50.4516  1.06581
 1.05005 -50.4431  1.06596
  1.0502 -50.4347  1.06611
 1.05035 -50.4263  1.06626
  1.0505 -50.4179  1.06641
 1.05065 -50.4095  1.06656
  1.0508  -50.401  1.06671
 1.05095 -50.3926  1.06686
  1.0511 -50.3842  1.06701
 1.05125 -50.3758  1.06716
  1.0514 -50.3674  1.06731
 1.05155  -50.359  1.06746
  1.0517 -50.3506  1.06761
 1.05185 -50.3422  1.06776
   1.052 -50.3338  1.06791
 1.05215 -50.3254  1.06806
  1.0523  -50.317  1.06821
 1.05245 -50.3086  1.06836
  1.0526 -50.3002  1.06836
 1.05275 -50.2918  1.06851
  1.0529 -50.2834  1.06866
 1.05305 -50.2751  1.06881
  1.0532 -50.2667  1.06896
 1.05335 -50.2583  1.06911
  1.0535 -50.2499  1.06926
 1.05365 -50.2416  1.06941
  1.0538 -50.2332  1.06956
 1.05395 -50.2248  1.06971
  1.0541 -50.2165  1.06986
 1.05425 -50.2081  1.07001
  1.0544 -50.1997  1.07016
 1.05455 -50.1914  1.07031
  1.0547  -50.183  1.07046
 1.05485 -50.1747  1.07061
   1.055 -50.1663  1.07076
 1.05515  -50.158  1.07091
  1.0553 -50.1496  1.07106
 1.05545 -50.1413  1.07106
  1.0556 -50.1329  1.07121
 1.05575 -50.1246  1.07136
  1.0559 -50.1163  1.07151
 1.05605 -50.1079  1.07166
  1.0562 -50.0996  1.07181
 1.05635 -50.0913  1.07196
  1.0565 -50.0829  1.07211
 1.05665 -50.0746  1.07226
  1.0568 -50.0663  1.07241
 1.05695  -50.058  1.07256
  1.0571 -50.0497  1.07271
 1.05725 -50.0413  1.07286
  1.0574  -50.033  1.07301
 1.05755 -50.0247  1.07316
  1.0577 -50.0164  1.07331
 1.05785 -50.0081  1.07346
   1.058 -49.9998  1.07361
 1.05815 -49.9915  1.07376
  1.0583 -49.9832  1.07376
 1.05845 -49.9749  1.07391
  1.0586 -49.9666  1.07406
 1.05875 -49.9583  1.07421
  1.0589   -49.95  1.07436
 1.05905 -49.9417  1.07451
  1.0592 -49.9334  1.07466
 1.05935 -49.9252  1.07481
  1.0595 -49.9169  1.07496
 1.05965 -49.9086  1.07511
  1.0598 -49.9003  1.07526
 1.05995 -49.8921  1.07541
 1.06011 -49.8838  1.07556
 1.06026 -49.8755  1.07571
 1.06041 -49.8673  1.07586
 1.06056  -49.859  1.07601
 1.06071 -49.8507  1.07616
 1.06086 -49.8425  1.07631
 1.06101 -49.8342  1.07646
 1.06116  -49.826  1.07646
 1.06131 -49.8177  1.07661
 1.06146 -49.8095  1.07676
 1.06161 -49.8012  1.07691
 1.06176  -49.793  1.07706
 1.06191 -49.7847  1.07721
 1.06206 -49.7765  1.07736
 1.06221 -49.7682  1.07751
 1.06236   -49.76  1.07766
 1.06251 -49.7518  1.07781
 1.06266 -49.7435  1.07796
 1.06281 -49.7353  1.07811
 1.06296 -49.7271  1.07826
 1.06311 -49.7189  1.07841
 1.06326 -49.7106  1.07856
 1.06341 -49.7024  1.07871
 1.06356 -49.6942  1.07886
 1.06371  -49.686  1.07901
 1.06386 -49.6778  1.07901
 1.06401 -49.6696  1.07916
 1.06416 -49.6613  1.07931
 1.06431 -49.6531  1.07946
 1.06446 -49.6449  1.07961
 1.06461 -49.6367  1.07976
 1.06476 -49.6285  1.07991
 1.06491 -49.6203  1.08007
 1.06506 -49.6121  1.08022
 1.06521  -49.604  1.08037
 1.06536 -49.5958  1.08052
 1.06551 -49.5876  1.08067
 1.06566 -49.5794  1.08082
 1.06581 -49.5712  1.08097
 1.06596  -49.563  1.08112
 1.06611 -49.5549  1.08127
 1.06626 -49.5467  1.08142
 1.06641 -49.5385  1.08157
 1.06656 -49.5303  1.08157
 1.06671 -49.5222  1.08172
 1.06686  -49.514  1.08187
 1.06701 -49.5058  1.08202
 1.06716 -49.4977  1.08217
 1.06731 -49.4895  1.08232
 1.06746 -49.4814  1.08247
 1.06761 -49.4732  1.08262
 1.06776  -49.465  1.08277
 1.06791 -49.4569  1.08292
 1.06806 -49.4488  1.08307
 1.06821 -49.4406  1.08322
 1.06836 -49.4325  1.08337
 1.06851 -49.4243  1.08352
 1.06866 -49.4162  1.08367
 1.06881  -49.408  1.08382
 1.06896 -49.3999  1.08397
 1.06911 -49.3918  1.08397
 1.06926 -49.3837  1.08412
 1.06941 -49.3755  1.08427
 1.06956 -49.3674  1.08442
 1.06971 -49.3593  1.08457
 1.06986 -49.3512  1.08472
 1.07001  -49.343  1.08487
 1.07016 -49.3349  1.08502
 1.07031 -49.3268  1.08517
 1.07046 -49.3187  1.08532
 1.07061 -49.3106  1.08547
 1.07076 -49.3025  1.08562
 1.07091 -49.2944  1.08577
 1.07106 -49.2863  1.08592
 1.07121 -49.2782  1.08607
 1.07136 -49.2701  1.08622
 1.07151  -49.262  1.08622
 1.07166 -49.2539  1.08637
 1.07181 -49.2458  1.08652
 1.07196 -49.2377  1.08667
 1.07211 -49.2297  1.08682
 1.07226 -49.2216  1.08697
 1.07241 -49.2135  1.08712
 1.07256 -49.2054  1.08727
 1.07271 -49.1973  1.08742
 1.07286 -49.1893  1.08757
 1.07301 -49.1812  1.08772
 1.07316 -49.1731  1.08787
 1.07331 -49.1651  1.08802
 1.07346  -49.157  1.08817
 1.07361 -49.1489  1.08832
 1.07376 -49.1409  1.08847
 1.07391 -49.1328  1.08862
 1.07406 -49.1248  1.08862
 1.07421 -49.1167  1.08877
 1.07436 -49.1087  1.08892
 1.07451 -49.1006  1.08907
 1.07466 -49.0926  1.08922
 1.07481 -49.0845  1.08937
 1.07496 -49.0765  1.08952
 1.07511 -49.0685  1.08967
 1.07526 -49.0604  1.08982
 1.07541 -49.0524  1.08997
 1.07556 -49.0444  1.09012
 1.07571 -49.0363  1.09027
 1.07586 -49.0283  1.09042
 1.07601 -49.0203  1.09057
 1.07616 -49.0123  1.09072
 1.07631 -49.0042  1.09087
 1.07646 -48.9962  1.09087
 1.07661 -48.9882  1.09102
 1.07676 -48.9802  1.09117
 1.07691 -48.9722  1.09132
 1.07706 -48.9642  1.09147
 1.07721 -48.9562  1.09162
 1.07736 -48.9482  1.09177
 1.07751 -48.9402  1.09192
 1.07766 -48.9322  1.09207
 1.07781 -48.9242  1.09222
 1.07796 -48.9162  1.09237
 1.07811 -48.9082  1.09252
 1.07826 -48.9002  1.09267
 1.07841 -48.8922  1.09282
 1.07856 -48.8842  1.09297
 1.07871 -48.8763  1.09312
 1.07886 -48.8683  1.09312
 1.07901 -48.8603  1.09327
 1.07916 -48.8523  1.09342
 1.07931 -48.8444  1.09357
 1.07946 -48.8364  1.09372
 1.07961 -48.8284  1.09387
 1.07976 -48.8205  1.09402
 1.07991 -48.8125  1.09417
 1.08007 -48.8045  1.09432
 1.08022 -48.7966  1.09447
 1.08037 -48.7886  1.09462
 1.08052 -48.7807  1.09477
 1.08067 -48.7727  1.09492
 1.08082 -48.7648  1.09507
 1.08097 -48.7568  1.09507
 1.08112 -48.7489  1.09522
 1.08127 -48.7409  1.09537
 1.08142  -48.733  1.09552
 1.08157 -48.7251  1.09567
 1.08172 -48.7171  1.09582
 1.08187 -48.7092  1.09597
 1.08202 -48.7013  1.09612
 1.08217 -48.6934  1.09627
 1.08232 -48.6854  1.09642
 1.08247 -48.6775  1.09657
 1.08262 -48.6696  1.09672
 1.08277 -48.6617  1.09687
 1.08292 -48.6538  1.09687
 1.08307 -48.6459  1.09702
 1.08322 -48.6379  1.09717
 1.08337   -48.63  1.09732
 1.08352 -48.6221  1.09747
 1.08367 -48.6142  1.09762
 1.08382 -48.6063  1.09777
 1.08397 -48.5984  1.09792
 1.08412 -48.5906  1.09807
 1.08427 -48.5827  1.09822
 1.08442 -48.5748  1.09837
 1.08457 -48.5669  1.09852
 1.08472  -48.559  1.09867
 1.08487 -48.5511  1.09882
 1.08502 -48.5432  1.09882
 1.08517 -48.5354  1.09897
 1.08532 -48.5275  1.09912
 1.08547 -48.5196  1.09927
 1.08562 -48.5118  1.09942
 1.08577 -48.5039  1.09957
 1.08592  -48.496  1.09972
 1.08607 -48.4882  1.09987
 1.08622 -48.4803  1.10003
 1.08637 -48.4724  1.10018
 1.08652 -48.4646  1.10033
 1.08667 -48.4567  1.10048
 1.08682 -48.4489  1.10063
 1.08697  -48.441  1.10063
 1.08712 -48.4332  1.10078
 1.08727 -48.4254  1.10093
 1.08742 -48.4175  1.10108
 1.08757 -48.4097  1.10123
 1.08772 -48.4019  1.10138
 1.08787  -48.394  1.10153
 1.08802 -48.3862  1.10168
 1.08817 -48.3784  1.10183
 1.08832 -48.3705  1.10198
 1.08847 -48.3627  1.10213
 1.08862 -48.3549  1.10228
 1.08877 -48.3471  1.10228
 1.08892 -48.3393  1.10243
 1.08907 -48.3315  1.10258
 1.08922 -48.3236  1.10273
 1.08937 -48.3158  1.10288
 1.08952  -48.308  1.10303
 1.08967 -48.3002  1.10318
 1.08982 -48.2924  1.10333
 1.08997 -48.2846  1.10348
 1.09012 -48.2768  1.10363
 1.09027  -48.269  1.10378
 1.09042 -48.2613  1.10393
 1.09057 -48.2535  1.10408
 1.09072 -48.2457  1.10408
 1.09087 -48.2379  1.10423
 1.09102 -48.2301  1.10438
 1.09117 -48.2223  1.10453
 1.09132 -48.2146  1.10468
 1.09147 -48.2068  1.10483
 1.09162  -48.199  1.10498
 1.09177 -48.1913  1.10513
 1.09192 -48.1835  1.10528
 1.09207 -48.1757  1.10543
 1.09222  -48.168  1.10558
 1.09237 -48.1602  1.10573
 1.09252 -48.1525  1.10573
 1.09267 -48.1447  1.10588
 1.09282  -48.137  1.10603
 1.09297 -48.1292  1.10618
 1.09312 -48.1215  1.10633
 1.09327 -48.1137  1.10648
 1.09342  -48.106  1.10663
 1.09357 -48.0982  1.10678
 1.09372 -48.0905  1.10693
 1.09387 -48.0828  1.10708
 1.09402  -48.075  1.10723
 1.09417 -48.0673  1.10738
 1.09432 -48.0596  1.10753
 1.09447 -48.0519  1.10753
 1.09462 -48.0441  1.10768
 1.09477 -48.0364  1.10783
 1.09492 -48.0287  1.10798
 1.09507  -48.021  1.10813
 1.09522 -48.0133  1.10828
 1.09537 -48.0056  1.10843
 1.09552 -47.9979  1.10858
 1.09567 -47.9902  1.10873
 1.09582 -47.9825  1.10888
 1.09597 -47.9748  1.10903
 1.09612 -47.9671  1.10918
 1.09627 -47.9594  1.10918
 1.09642 -47.9517  1.10933
 1.09657  -47.944  1.10948
 1.09672 -47.9363  1.10963
 1.09687 -47.9286  1.10978
 1.09702 -47.9209  1.10993
 1.09717 -47.9133  1.11008
 1.09732 -47.9056  1.11023
 1.09747 -47.8979  1.11038
 1.09762 -47.8902  1.11053
 1.09777 -47.8826  1.11068
 1.09792 -47.8749  1.11083
 1.09807 -47.8672  1.11083
 1.09822 -47.8596  1.11098
 1.09837 -47.8519  1.11113
 1.09852 -47.8443  1.11128
 1.09867 -47.8366  1.11143
 1.09882 -47.8289  1.11158
 1.09897 -47.8213  1.11173
 1.09912 -47.8137  1.11188
 1.09927  -47.806  1.11203
 1.09942 -47.7984  1.11218
 1.09957 -47.7907  1.11233
 1.09972 -47.7831  1.11248
 1.09987 -47.7755  1.11248
 1.10003 -47.7678  1.11263
 1.10018 -47.7602  1.11278
 1.10033 -47.7526  1.11293
 1.10048 -47.7449  1.11308
 1.10063 -47.7373  1.11323
 1.10078 -47.7297  1.11338
 1.10093 -47.7221  1.11353
 1.10108 -47.7145  1.11368
 1.10123 -47.7068  1.11383
 1.10138 -47.6992  1.11398
 1.10153 -47.6916  1.11413
 1.10168  -47.684  1.11413
 1.10183 -47.6764  1.11428
 1.10198 -47.6688  1.11443
 1.10213 -47.6612  1.11458
 1.10228 -47.6536  1.11473
 1.10243  -47.646  1.11488
 1.10258 -47.6384  1.11503
 1.10273 -47.6309  1.11518
 1.10288 -47.6233  1.11533
 1.10303 -47.6157  1.11548
 1.10318 -47.6081  1.11548
 1.10333 -47.6005  1.11563
 1.10348  -47.593  1.11578
 1.10363 -47.5854  1.11593
 1.10378 -47.5778  1.11608
 1.10393 -47.5703  1.11623
 1.10408 -47.5627  1.11638
 1.10423 -47.5551  1.11653
 1.10438 -47.5476  1.11668
 1.10453   -47.54  1.11683
 1.10468 -47.5325  1.11683
 1.10483 -47.5249  1.11698
 1.10498 -47.5174  1.11713
 1.10513 -47.5098  1.11728
 1.10528 -47.5023  1.11743
 1.10543 -47.4947  1.11758
 1.10558 -47.4872  1.11773
 1.10573 -47.4797  1.11788
 1.10588 -47.4721  1.11803
 1.10603 -47.4646  1.11818
 1.10618 -47.4571  1.11833
 1.10633 -47.4495  1.11833
 1.10648  -47.442  1.11848
 1.10663 -47.4345  1.11863
 1.10678  -47.427  1.11878
 1.10693 -47.4195  1.11893
 1.10708  -47.412  1.11908
 1.10723 -47.4044  1.11923
 1.10738 -47.3969  1.11938
 1.10753 -47.3894  1.11953
 1.10768 -47.3819  1.11953
 1.10783 -47.3744  1.11968
 1.10798 -47.3669  1.11983
 1.10813 -47.3594  1.11998
 1.10828 -47.3519  1.12014
 1.10843 -47.3445  1.12029
 1.10858  -47.337  1.12044
 1.10873 -47.3295  1.12059
 1.10888  -47.322  1.12074
 1.10903 -47.3145  1.12089
 1.10918 -47.3071  1.12089
 1.10933 -47.2996  1.12104
 1.10948 -47.2921  1.12119
 1.10963 -47.2846  1.12134
 1.10978 -47.2772  1.12149
 1.10993 -47.2697  1.12164
 1.11008 -47.2623  1.12179
 1.11023 -47.2548  1.12194
 1.11038 -47.2473  1.12209
 1.11053 -47.2399  1.12209
 1.11068 -47.2324  1.12224
 1.11083  -47.225  1.12239
 1.11098 -47.2176  1.12254
 1.11113 -47.2101  1.12269
 1.11128 -47.2027  1.12284
 1.11143 -47.1952  1.12299
 1.11158 -47.1878  1.12314
 1.11173 -47.1804  1.12329
 1.11188  -47.173  1.12329
 1.11203 -47.1655  1.12344
 1.11218 -47.1581  1.12359
 1.11233 -47.1507  1.12374
 1.11248 -47.1433  1.12389
 1.11263 -47.1359  1.12404
 1.11278 -47.1284  1.12419
 1.11293  -47.121  1.12434
 1.11308 -47.1136  1.12449
 1.11323 -47.1062  1.12449
 1.11338 -47.0988  1.12464
 1.11353 -47.0914  1.12479
 1.11368  -47.084  1.12494
 1.11383 -47.0766  1.12509
 1.11398 -47.0693  1.12524
 1.11413 -47.0619  1.12539
 1.11428 -47.0545  1.12539
 1.11443 -47.0471  1.12554
 1.11458 -47.0397  1.12569
 1.11473 -47.0324  1.12584
 1.11488  -47.025  1.12599
 1.11503 -47.0176  1.12599
 1.11518 -47.0103  1.12614
 1.11533 -47.0029  1.12629
 1.11548 -46.9956  1.12644
 1.11563 -46.9882  1.12659
 1.11578 -46.9809  1.12659
 1.11593 -46.9735  1.12674
 1.11608 -46.9662  1.12689
 1.11623 -46.9589  1.12704
 1.11638 -46.9515  1.12719
 1.11653 -46.9442  1.12719
 1.11668 -46.9369  1.12734
 1.11683 -46.9296  1.12749
 1.11698 -46.9222  1.12764
 1.11713 -46.9149  1.12779
 1.11728 -46.9076  1.12779
 1.11743 -46.9003  1.12794
 1.11758  -46.893  1.12809
 1.11773 -46.8857  1.12824
 1.11788 -46.8784  1.12839
 1.11803 -46.8711  1.12854
 1.11818 -46.8638  1.12854
 1.11833 -46.8565  1.12869
 1.11848 -46.8493  1.12884
 1.11863  -46.842  1.12899
 1.11878 -46.8347  1.12914
 1.11893 -46.8274  1.12914
 1.11908 -46.8202  1.12929
 1.11923 -46.8129  1.12944
 1.11938 -46.8057  1.12959
 1.11953 -46.7984  1.12974
 1.11968 -46.7911  1.12974
 1.11983 -46.7839  1.12989
 1.11998 -46.7767  1.13004
 1.12014 -46.7694  1.13019
 1.12029 -46.7622  1.13034
 1.12044 -46.7549  1.13034
 1.12059 -46.7477  1.13049
 1.12074 -46.7405  1.13064
 1.12089 -46.7333  1.13079
 1.12104  -46.726  1.13094
 1.12119 -46.7188  1.13109
 1.12134 -46.7116  1.13109
 1.12149 -46.7044  1.13124
 1.12164 -46.6972  1.13139
 1.12179   -46.69  1.13154
 1.12194 -46.6828  1.13169
 1.12209 -46.6756  1.13169
 1.12224 -46.6684  1.13184
 1.12239 -46.6612  1.13199
 1.12254  -46.654  1.13214
 1.12269 -46.6468  1.13229
 1.12284 -46.6397  1.13229
 1.12299 -46.6325  1.13244
 1.12314 -46.6253  1.13259
 1.12329 -46.6181  1.13274
 1.12344  -46.611  1.13289
 1.12359 -46.6038  1.13289
 1.12374 -46.5967  1.13304
 1.12389 -46.5895  1.13319
 1.12404 -46.5824  1.13334
 1.12419 -46.5752  1.13349
 1.12434 -46.5681  1.13349
 1.12449 -46.5609  1.13364
 1.12464 -46.5538  1.13379
 1.12479 -46.5467  1.13394
 1.12494 -46.5395  1.13409
 1.12509 -46.5324  1.13424
 1.12524 -46.5253  1.13424
 1.12539 -46.5182  1.13439
 1.12554  -46.511  1.13454
 1.12569 -46.5039  1.13469
 1.12584 -46.4968  1.13484
 1.12599 -46.4897  1.13484
 1.12614 -46.4826  1.13499
 1.12629 -46.4755  1.13514
 1.12644 -46.4684  1.13529
 1.12659 -46.4613  1.13544
 1.12674 -46.4542  1.13544
 1.12689 -46.4471  1.13559
 1.12704 -46.4401  1.13574
 1.12719  -46.433  1.13589
 1.12734 -46.4259  1.13604
 1.12749 -46.4188  1.13604
 1.12764 -46.4118  1.13619
 1.12779 -46.4047  1.13634
 1.12794 -46.3976  1.13649
 1.12809 -46.3906  1.13664
 1.12824 -46.3835  1.13664
 1.12839 -46.3765  1.13679
 1.12854 -46.3694  1.13694
 1.12869 -46.3624  1.13709
 1.12884 -46.3554  1.13724
 1.12899 -46.3483  1.13724
 1.12914 -46.3413  1.13739
 1.12929 -46.3343  1.13754
 1.12944 -46.3272  1.13769
 1.12959 -46.3202  1.13784
 1.12974 -46.3132  1.13784
 1.12989 -46.3062  1.13799
 1.13004 -46.2992  1.13814
 1.13019 -46.2922  1.13829
 1.13034 -46.2852  1.13844
 1.13049 -46.2781  1.13844
 1.13064 -46.2712  1.13859
 1.13079 -46.2642  1.13874
 1.13094 -46.2572  1.13889
 1.13109 -46.2502  1.13904
 1.13124 -46.2432  1.13904
 1.13139 -46.2362  1.13919
 1.13154 -46.2292  1.13934
 1.13169 -46.2223  1.13949
 1.13184 -46.2153  1.13964
 1.13199 -46.2083  1.13964
 1.13214 -46.2014  1.13979
 1.13229 -46.1944  1.13994
 1.13244 -46.1874   1.1401
 1.13259 -46.1805  1.14025
 1.13274 -46.1735  1.14025
 1.13289 -46.1666   1.1404
 1.13304 -46.1596  1.14055
 1.13319 -46.1527   1.1407
 1.13334 -46.1458  1.14085
 1.13349 -46.1388  1.14085
 1.13364 -46.1319    1.141
 1.13379  -46.125  1.14115
 1.13394 -46.1181   1.1413
 1.13409 -46.1111  1.14145
 1.13424 -46.1042  1.14145
 1.13439 -46.0973   1.1416
 1.13454 -46.0904  1.14175
 1.13469 -46.0835   1.1419
 1.13484 -46.0766  1.14205
 1.13499 -46.0697  1.14205
 1.13514 -46.0628   1.1422
 1.13529 -46.0559  1.14235
 1.13544  -46.049   1.1425
 1.13559 -46.0422  1.14265
 1.13574 -46.0353  1.14265
 1.13589 -46.0284   1.1428
 1.13604 -46.0215  1.14295
 1.13619 -46.0146   1.1431
 1.13634 -46.0078  1.14325
 1.13649 -46.0009  1.14325
 1.13664 -45.9941   1.1434
 1.13679 -45.9872  1.14355
 1.13694 -45.9803   1.1437
 1.13709 -45.9735  1.14385
 1.13724 -45.9667  1.14385
 1.13739 -45.9598    1.144
 1.13754  -45.953  1.14415
 1.13769 -45.9461   1.1443
 1.13784 -45.9393   1.1443
 1.13799 -45.9325  1.14445
 1.13814 -45.9256   1.1446
 1.13829 -45.9188  1.14475
 1.13844  -45.912   1.1449
 1.13859 -45.9052   1.1449
 1.13874 -45.8984  1.14505
 1.13889 -45.8916   1.1452
 1.13904 -45.8848  1.14535
 1.13919  -45.878   1.1455
 1.13934 -45.8712   1.1455
 1.13949 -45.8644  1.14565
 1.13964 -45.8576   1.1458
 1.13979 -45.8508  1.14595
 1.13994  -45.844  1.14595
  1.1401 -45.8372   1.1461
 1.14025 -45.8305  1.14625
  1.1404 -45.8237   1.1464
 1.14055 -45.8169   1.1464
  1.1407 -45.8102  1.14655
 1.14085 -45.8034   1.1467
   1.141 -45.7966   1.1467
 1.14115 -45.7899  1.14685
  1.1413 -45.7831    1.147
 1.14145 -45.7764  1.14715
  1.1416 -45.7697  1.14715
 1.14175 -45.7629   1.1473
  1.1419 -45.7562  1.14745
 1.14205 -45.7495  1.14745
  1.1422 -45.7428   1.1476
 1.14235  -45.736  1.14775
  1.1425 -45.7293   1.1479
 1.14265 -45.7226   1.1479
  1.1428 -45.7159  1.14805
 1.14295 -45.7092   1.1482
  1.1431 -45.7025  1.14835
 1.14325 -45.6958  1.14835
  1.1434 -45.6891   1.1485
 1.14355 -45.6825  1.14865
  1.1437 -45.6758  1.14865
 1.14385 -45.6691   1.1488
   1.144 -45.6624  1.14895
 1.14415 -45.6558   1.1491
  1.1443 -45.6491   1.1491
 1.14445 -45.6424  1.14925
  1.1446 -45.6358   1.1494
 1.14475 -45.6291  1.14955
  1.1449 -45.6225  1.14955
 1.14505 -45.6158   1.1497
  1.1452 -45.6092  1.14985
 1.14535 -45.6026  1.14985
  1.1455 -45.5959     1.15
 1.14565 -45.5893     1.15
  1.1458 -45.5827     1.15
 1.14595 -45.5761     1.15
  1.1461 -45.5695     1.15
 1.14625 -45.5629     1.15
  1.1464 -45.5564     1.15
 1.14655 -45.5498     1.15
  1.1467 -45.5433     1.15
 1.14685 -45.5367     1.15
   1.147 -45.5302     1.15
 1.14715 -45.5237     1.15
  1.1473 -45.5172     1.15
 1.14745 -45.5107     1.15
  1.1476 -45.5043     1.15
 1.14775 -45.4978     1.15
  1.1479 -45.4913     1.15
 1.14805 -45.4849     1.15
  1.1482 -45.4785     1.15
 1.14835 -45.4721     1.15
  1.1485 -45.4656     1.15
 1.14865 -45.4592     1.15
  1.1488 -45.4529     1.15
 1.14895 -45.4465     1.15
  1.1491 -45.4401     1.15
 1.14925 -45.4338     1.15
  1.1494 -45.4274     1.15
 1.14955 -45.4211     1.15
  1.1497 -45.4148     1.15
 1.14985 -45.4085     1.15
    1.15 -45.4022     1.15