 kgrid  ValNew  Policy 
    0.85  -75.085 0.862756
 0.85015 -75.0711 0.862906
  0.8503 -75.0572 0.863057
 0.85045 -75.0434 0.863057
  0.8506 -75.0295 0.863207
 0.85075 -75.0156 0.863357
  0.8509 -75.0018 0.863507
0.851051  -74.988 0.863507
0.851201 -74.9742 0.863657
0.851351 -74.9603 0.863807
0.851501 -74.9465 0.863957
0.851651 -74.9328 0.863957
0.851801  -74.919 0.864107
0.851951 -74.9052 0.864257
0.852101 -74.8914 0.864407
0.852251 -74.8777 0.864407
0.852401 -74.8639 0.864557
0.852551 -74.8502 0.864707
0.852701 -74.8365 0.864857
0.852851 -74.8228 0.864857
0.853002  -74.809 0.865008
0.853152 -74.7953 0.865158
0.853302 -74.7816 0.865308
0.853452  -74.768 0.865458
0.853602 -74.7543 0.865458
0.853752 -74.7406 0.865608
0.853902  -74.727 0.865758
0.854052 -74.7133 0.865908
0.854202 -74.6997 0.865908
0.854352 -74.6861 0.866058
0.854502 -74.6725 0.866208
0.854652 -74.6589 0.866358
0.854802 -74.6453 0.866358
0.854952 -74.6317 0.866508
0.855103 -74.6181 0.866658
0.855253 -74.6045 0.866808
0.855403  -74.591 0.866808
0.855553 -74.5774 0.866958
0.855703 -74.5639 0.867109
0.855853 -74.5503 0.867259
0.856003 -74.5368 0.867259
0.856153 -74.5233 0.867409
0.856303 -74.5098 0.867559
0.856453 -74.4963 0.867709
0.856603 -74.4828 0.867709
0.856753 -74.4693 0.867859
0.856903 -74.4558 0.868009
0.857054 -74.4424 0.868159
0.857204 -74.4289 0.868309
0.857354 -74.4155 0.868309
0.857504  -74.402 0.868459
0.857654 -74.3886 0.868609
0.857804 -74.3752 0.868759
0.857954 -74.3618 0.868759
0.858104 -74.3484 0.868909
0.858254  -74.335  0.86906
0.858404 -74.3216  0.86921
0.858554 -74.3082  0.86921
0.858704 -74.2949  0.86936
0.858854 -74.2815  0.86951
0.859005 -74.2682  0.86966
0.859155 -74.2548  0.86966
0.859305 -74.2415  0.86981
0.859455 -74.2282  0.86996
0.859605 -74.2149  0.87011
0.859755 -74.2016  0.87026
0.859905 -74.1883  0.87026
0.860055  -74.175  0.87041
0.860205 -74.1617  0.87056
0.860355 -74.1484  0.87071
0.860505 -74.1352  0.87086
0.860655 -74.1219  0.87086
0.860805 -74.1087 0.871011
0.860955 -74.0954 0.871161
0.861106 -74.0822 0.871311
0.861256  -74.069 0.871461
0.861406 -74.0558 0.871611
0.861556 -74.0425 0.871611
0.861706 -74.0293 0.871761
0.861856 -74.0161 0.871911
0.862006 -74.0029 0.872061
0.862156 -73.9897 0.872211
0.862306 -73.9766 0.872361
0.862456 -73.9634 0.872511
0.862606 -73.9502 0.872661
0.862756 -73.9371 0.872661
0.862906 -73.9239 0.872811
0.863057 -73.9107 0.872961
0.863207 -73.8976 0.873112
0.863357 -73.8845 0.873262
0.863507 -73.8713 0.873412
0.863657 -73.8582 0.873562
0.863807 -73.8451 0.873562
0.863957  -73.832 0.873712
0.864107 -73.8189 0.873862
0.864257 -73.8058 0.874012
0.864407 -73.7927 0.874162
0.864557 -73.7796 0.874312
0.864707 -73.7665 0.874462
0.864857 -73.7534 0.874612
0.865008 -73.7403 0.874612
0.865158 -73.7273 0.874762
0.865308 -73.7142 0.874912
0.865458 -73.7012 0.875063
0.865608 -73.6881 0.875213
0.865758 -73.6751 0.875363
0.865908 -73.6621 0.875513
0.866058  -73.649 0.875663
0.866208  -73.636 0.875663
0.866358  -73.623 0.875813
0.866508   -73.61 0.875963
0.866658  -73.597 0.876113
0.866808  -73.584 0.876263
0.866958  -73.571 0.876413
0.867109  -73.558 0.876563
0.867259  -73.545 0.876713
0.867409  -73.532 0.876713
0.867559 -73.5191 0.876863
0.867709 -73.5061 0.877014
0.867859 -73.4932 0.877164
0.868009 -73.4802 0.877314
0.868159 -73.4673 0.877464
0.868309 -73.4543 0.877614
0.868459 -73.4414 0.877614
0.868609 -73.4285 0.877764
0.868759 -73.4155 0.877914
0.868909 -73.4026 0.878064
 0.86906 -73.3897 0.878214
 0.86921 -73.3768 0.878364
 0.86936 -73.3639 0.878514
 0.86951  -73.351 0.878664
 0.86966 -73.3381 0.878814
 0.86981 -73.3253 0.878814
 0.86996 -73.3124 0.878964
 0.87011 -73.2995 0.879115
 0.87026 -73.2867 0.879265
 0.87041 -73.2738 0.879415
 0.87056  -73.261 0.879565
 0.87071 -73.2481 0.879715
 0.87086 -73.2353 0.879865
0.871011 -73.2224 0.879865
0.871161 -73.2096 0.880015
0.871311 -73.1968 0.880165
0.871461  -73.184 0.880315
0.871611 -73.1712 0.880465
0.871761 -73.1584 0.880615
0.871911 -73.1456 0.880765
0.872061 -73.1328 0.880915
0.872211   -73.12 0.881066
0.872361 -73.1072 0.881066
0.872511 -73.0944 0.881216
0.872661 -73.0817 0.881366
0.872811 -73.0689 0.881516
0.872961 -73.0561 0.881666
0.873112 -73.0434 0.881816
0.873262 -73.0306 0.881966
0.873412 -73.0179 0.882116
0.873562 -73.0051 0.882266
0.873712 -72.9924 0.882266
0.873862 -72.9797 0.882416
0.874012  -72.967 0.882566
0.874162 -72.9542 0.882716
0.874312 -72.9415 0.882866
0.874462 -72.9288 0.883017
0.874612 -72.9161 0.883167
0.874762 -72.9034 0.883317
0.874912 -72.8907 0.883467
0.875063 -72.8781 0.883467
0.875213 -72.8654 0.883617
0.875363 -72.8527 0.883767
0.875513   -72.84 0.883917
0.875663 -72.8274 0.884067
0.875813 -72.8147 0.884217
0.875963 -72.8021 0.884367
0.876113 -72.7894 0.884517
0.876263 -72.7768 0.884667
0.876413 -72.7641 0.884667
0.876563 -72.7515 0.884817
0.876713 -72.7389 0.884967
0.876863 -72.7263 0.885118
0.877014 -72.7136 0.885268
0.877164  -72.701 0.885418
0.877314 -72.6884 0.885568
0.877464 -72.6758 0.885718
0.877614 -72.6632 0.885868
0.877764 -72.6506 0.886018
0.877914 -72.6381 0.886018
0.878064 -72.6255 0.886168
0.878214 -72.6129 0.886318
0.878364 -72.6003 0.886468
0.878514 -72.5878 0.886618
0.878664 -72.5752 0.886768
0.878814 -72.5627 0.886918
0.878964 -72.5501 0.887069
0.879115 -72.5376 0.887219
0.879265 -72.5251 0.887219
0.879415 -72.5125 0.887369
0.879565    -72.5 0.887519
0.879715 -72.4875 0.887669
0.879865  -72.475 0.887819
0.880015 -72.4624 0.887969
0.880165 -72.4499 0.888119
0.880315 -72.4374 0.888269
0.880465  -72.425 0.888419
0.880615 -72.4125 0.888569
0.880765    -72.4 0.888569
0.880915 -72.3875 0.888719
0.881066  -72.375 0.888869
0.881216 -72.3626  0.88902
0.881366 -72.3501  0.88917
0.881516 -72.3376  0.88932
0.881666 -72.3252  0.88947
0.881816 -72.3127  0.88962
0.881966 -72.3003  0.88977
0.882116 -72.2879  0.88977
0.882266 -72.2754  0.88992
0.882416  -72.263  0.89007
0.882566 -72.2506  0.89022
0.882716 -72.2382  0.89037
0.882866 -72.2257  0.89052
0.883017 -72.2133  0.89067
0.883167 -72.2009  0.89082
0.883317 -72.1885  0.89097
0.883467 -72.1761 0.891121
0.883617 -72.1638 0.891271
0.883767 -72.1514 0.891271
0.883917  -72.139 0.891421
0.884067 -72.1266 0.891571
0.884217 -72.1143 0.891721
0.884367 -72.1019 0.891871
0.884517 -72.0895 0.892021
0.884667 -72.0772 0.892171
0.884817 -72.0648 0.892321
0.884967 -72.0525 0.892471
0.885118 -72.0402 0.892621
0.885268 -72.0278 0.892621
0.885418 -72.0155 0.892771
0.885568 -72.0032 0.892921
0.885718 -71.9909 0.893072
0.885868 -71.9785 0.893222
0.886018 -71.9662 0.893372
0.886168 -71.9539 0.893522
0.886318 -71.9416 0.893672
0.886468 -71.9294 0.893822
0.886618 -71.9171 0.893972
0.886768 -71.9048 0.893972
0.886918 -71.8925 0.894122
0.887069 -71.8802 0.894272
0.887219  -71.868 0.894422
0.887369 -71.8557 0.894572
0.887519 -71.8434 0.894722
0.887669 -71.8312 0.894872
0.887819 -71.8189 0.895023
0.887969 -71.8067 0.895173
0.888119 -71.7945 0.895323
0.888269 -71.7822 0.895473
0.888419   -71.77 0.895473
0.888569 -71.7578 0.895623
0.888719 -71.7455 0.895773
0.888869 -71.7333 0.895923
 0.88902 -71.7211 0.896073
 0.88917 -71.7089 0.896223
 0.88932 -71.6967 0.896373
 0.88947 -71.6845 0.896523
 0.88962 -71.6723 0.896673
 0.88977 -71.6602 0.896823
 0.88992  -71.648 0.896823
 0.89007 -71.6358 0.896973
 0.89022 -71.6236 0.897124
 0.89037 -71.6115 0.897274
 0.89052 -71.5993 0.897424
 0.89067 -71.5871 0.897574
 0.89082  -71.575 0.897724
 0.89097 -71.5628 0.897874
0.891121 -71.5507 0.898024
0.891271 -71.5386 0.898174
0.891421 -71.5264 0.898174
0.891571 -71.5143 0.898324
0.891721 -71.5022 0.898474
0.891871 -71.4901 0.898624
0.892021 -71.4779 0.898774
0.892171 -71.4658 0.898924
0.892321 -71.4537 0.899075
0.892471 -71.4416 0.899225
0.892621 -71.4295 0.899375
0.892771 -71.4174 0.899525
0.892921 -71.4054 0.899675
0.893072 -71.3933 0.899825
0.893222 -71.3812 0.899825
0.893372 -71.3691 0.899975
0.893522 -71.3571 0.900125
0.893672  -71.345 0.900275
0.893822 -71.3329 0.900425
0.893972 -71.3209 0.900575
0.894122 -71.3088 0.900725
0.894272 -71.2968 0.900875
0.894422 -71.2847 0.901026
0.894572 -71.2727 0.901176
0.894722 -71.2607 0.901326
0.894872 -71.2486 0.901476
0.895023 -71.2366 0.901626
0.895173 -71.2246 0.901626
0.895323 -71.2126 0.901776
0.895473 -71.2006 0.901926
0.895623 -71.1885 0.902076
0.895773 -71.1765 0.902226
0.895923 -71.1645 0.902376
0.896073 -71.1525 0.902526
0.896223 -71.1406 0.902676
0.896373 -71.1286 0.902826
0.896523 -71.1166 0.902976
0.896673 -71.1046 0.903127
0.896823 -71.0926 0.903277
0.896973 -71.0807 0.903427
0.897124 -71.0687 0.903577
0.897274 -71.0567 0.903577
0.897424 -71.0448 0.903727
0.897574 -71.0328 0.903877
0.897724 -71.0209 0.904027
0.897874 -71.0089 0.904177
0.898024  -70.997 0.904327
0.898174 -70.9851 0.904477
0.898324 -70.9731 0.904627
0.898474 -70.9612 0.904777
0.898624 -70.9493 0.904927
0.898774 -70.9374 0.905078
0.898924 -70.9255 0.905228
0.899075 -70.9136 0.905378
0.899225 -70.9016 0.905378
0.899375 -70.8897 0.905528
0.899525 -70.8778 0.905678
0.899675  -70.866 0.905828
0.899825 -70.8541 0.905978
0.899975 -70.8422 0.906128
0.900125 -70.8303 0.906278
0.900275 -70.8184 0.906428
0.900425 -70.8066 0.906578
0.900575 -70.7947 0.906728
0.900725 -70.7828 0.906878
0.900875  -70.771 0.907029
0.901026 -70.7591 0.907179
0.901176 -70.7473 0.907179
0.901326 -70.7354 0.907329
0.901476 -70.7236 0.907479
0.901626 -70.7117 0.907629
0.901776 -70.6999 0.907779
0.901926 -70.6881 0.907929
0.902076 -70.6762 0.908079
0.902226 -70.6644 0.908229
0.902376 -70.6526 0.908379
0.902526 -70.6408 0.908529
0.902676  -70.629 0.908679
0.902826 -70.6172 0.908829
0.902976 -70.6054 0.908979
0.903127 -70.5936  0.90913
0.903277 -70.5818  0.90913
0.903427   -70.57  0.90928
0.903577 -70.5582  0.90943
0.903727 -70.5464  0.90958
0.903877 -70.5347  0.90973
0.904027 -70.5229  0.90988
0.904177 -70.5111  0.91003
0.904327 -70.4993  0.91018
0.904477 -70.4876  0.91033
0.904627 -70.4758  0.91048
0.904777 -70.4641  0.91063
0.904927 -70.4523  0.91078
0.905078 -70.4406  0.91093
0.905228 -70.4288 0.911081
0.905378 -70.4171 0.911231
0.905528 -70.4054 0.911231
0.905678 -70.3937 0.911381
0.905828 -70.3819 0.911531
0.905978 -70.3702 0.911681
0.906128 -70.3585 0.911831
0.906278 -70.3468 0.911981
0.906428 -70.3351 0.912131
0.906578 -70.3234 0.912281
0.906728 -70.3117 0.912431
0.906878    -70.3 0.912581
0.907029 -70.2883 0.912731
0.907179 -70.2766 0.912881
0.907329 -70.2649 0.913032
0.907479 -70.2532 0.913182
0.907629 -70.2416 0.913182
0.907779 -70.2299 0.913332
0.907929 -70.2182 0.913482
0.908079 -70.2066 0.913632
0.908229 -70.1949 0.913782
0.908379 -70.1832 0.913932
0.908529 -70.1716 0.914082
0.908679 -70.1599 0.914232
0.908829 -70.1483 0.914382
0.908979 -70.1367 0.914532
 0.90913  -70.125 0.914682
 0.90928 -70.1134 0.914832
 0.90943 -70.1018 0.914982
 0.90958 -70.0901 0.915133
 0.90973 -70.0785 0.915283
 0.90988 -70.0669 0.915433
 0.91003 -70.0553 0.915433
 0.91018 -70.0437 0.915583
 0.91033 -70.0321 0.915733
 0.91048 -70.0205 0.915883
 0.91063 -70.0089 0.916033
 0.91078 -69.9973 0.916183
 0.91093 -69.9857 0.916333
0.911081 -69.9741 0.916483
0.911231 -69.9625 0.916633
0.911381 -69.9509 0.916783
0.911531 -69.9394 0.916933
0.911681 -69.9278 0.917084
0.911831 -69.9162 0.917234
0.911981 -69.9047 0.917384
0.912131 -69.8931 0.917534
0.912281 -69.8816 0.917534
0.912431   -69.87 0.917684
0.912581 -69.8585 0.917834
0.912731 -69.8469 0.917984
0.912881 -69.8354 0.918134
0.913032 -69.8238 0.918284
0.913182 -69.8123 0.918434
0.913332 -69.8008 0.918584
0.913482 -69.7892 0.918734
0.913632 -69.7777 0.918884
0.913782 -69.7662 0.919035
0.913932 -69.7547 0.919185
0.914082 -69.7432 0.919335
0.914232 -69.7317 0.919485
0.914382 -69.7202 0.919635
0.914532 -69.7087 0.919785
0.914682 -69.6972 0.919785
0.914832 -69.6857 0.919935
0.914982 -69.6742 0.920085
0.915133 -69.6627 0.920235
0.915283 -69.6513 0.920385
0.915433 -69.6398 0.920535
0.915583 -69.6283 0.920685
0.915733 -69.6168 0.920835
0.915883 -69.6054 0.920985
0.916033 -69.5939 0.921136
0.916183 -69.5825 0.921286
0.916333  -69.571 0.921436
0.916483 -69.5596 0.921586
0.916633 -69.5481 0.921736
0.916783 -69.5367 0.921886
0.916933 -69.5253 0.922036
0.917084 -69.5138 0.922036
0.917234 -69.5024 0.922186
0.917384  -69.491 0.922336
0.917534 -69.4795 0.922486
0.917684 -69.4681 0.922636
0.917834 -69.4567 0.922786
0.917984 -69.4453 0.922936
0.918134 -69.4339 0.923087
0.918284 -69.4225 0.923237
0.918434 -69.4111 0.923387
0.918584 -69.3997 0.923537
0.918734 -69.3883 0.923687
0.918884 -69.3769 0.923837
0.919035 -69.3655 0.923987
0.919185 -69.3542 0.924137
0.919335 -69.3428 0.924287
0.919485 -69.3314 0.924287
0.919635   -69.32 0.924437
0.919785 -69.3087 0.924587
0.919935 -69.2973 0.924737
0.920085 -69.2859 0.924887
0.920235 -69.2746 0.925038
0.920385 -69.2632 0.925188
0.920535 -69.2519 0.925338
0.920685 -69.2405 0.925488
0.920835 -69.2292 0.925638
0.920985 -69.2179 0.925788
0.921136 -69.2065 0.925938
0.921286 -69.1952 0.926088
0.921436 -69.1839 0.926238
0.921586 -69.1726 0.926388
0.921736 -69.1613 0.926538
0.921886 -69.1499 0.926538
0.922036 -69.1386 0.926688
0.922186 -69.1273 0.926838
0.922336  -69.116 0.926988
0.922486 -69.1047 0.927139
0.922636 -69.0934 0.927289
0.922786 -69.0821 0.927439
0.922936 -69.0708 0.927589
0.923087 -69.0596 0.927739
0.923237 -69.0483 0.927889
0.923387  -69.037 0.928039
0.923537 -69.0257 0.928189
0.923687 -69.0145 0.928339
0.923837 -69.0032 0.928489
0.923987 -68.9919 0.928639
0.924137 -68.9807 0.928789
0.924287 -68.9694 0.928939
0.924437 -68.9582 0.928939
0.924587 -68.9469  0.92909
0.924737 -68.9357  0.92924
0.924887 -68.9244  0.92939
0.925038 -68.9132  0.92954
0.925188 -68.9019  0.92969
0.925338 -68.8907  0.92984
0.925488 -68.8795  0.92999
0.925638 -68.8683  0.93014
0.925788  -68.857  0.93029
0.925938 -68.8458  0.93044
0.926088 -68.8346  0.93059
0.926238 -68.8234  0.93074
0.926388 -68.8122  0.93089
0.926538  -68.801 0.931041
0.926688 -68.7898 0.931191
0.926838 -68.7786 0.931341
0.926988 -68.7674 0.931341
0.927139 -68.7562 0.931491
0.927289  -68.745 0.931641
0.927439 -68.7339 0.931791
0.927589 -68.7227 0.931941
0.927739 -68.7115 0.932091
0.927889 -68.7003 0.932241
0.928039 -68.6892 0.932391
0.928189  -68.678 0.932541
0.928339 -68.6669 0.932691
0.928489 -68.6557 0.932841
0.928639 -68.6446 0.932991
0.928789 -68.6334 0.933142
0.928939 -68.6223 0.933292
 0.92909 -68.6111 0.933442
 0.92924    -68.6 0.933592
 0.92939 -68.5888 0.933742
 0.92954 -68.5777 0.933892
 0.92969 -68.5666 0.933892
 0.92984 -68.5555 0.934042
 0.92999 -68.5443 0.934192
 0.93014 -68.5332 0.934342
 0.93029 -68.5221 0.934492
 0.93044  -68.511 0.934642
 0.93059 -68.4999 0.934792
 0.93074 -68.4888 0.934942
 0.93089 -68.4777 0.935093
0.931041 -68.4666 0.935243
0.931191 -68.4555 0.935393
0.931341 -68.4444 0.935543
0.931491 -68.4333 0.935693
0.931641 -68.4222 0.935843
0.931791 -68.4112 0.935993
0.931941 -68.4001 0.936143
0.932091  -68.389 0.936293
0.932241 -68.3779 0.936443
0.932391 -68.3669 0.936443
0.932541 -68.3558 0.936593
0.932691 -68.3448 0.936743
0.932841 -68.3337 0.936893
0.932991 -68.3227 0.937044
0.933142 -68.3116 0.937194
0.933292 -68.3006 0.937344
0.933442 -68.2895 0.937494
0.933592 -68.2785 0.937644
0.933742 -68.2674 0.937794
0.933892 -68.2564 0.937944
0.934042 -68.2454 0.938094
0.934192 -68.2344 0.938244
0.934342 -68.2233 0.938394
0.934492 -68.2123 0.938544
0.934642 -68.2013 0.938694
0.934792 -68.1903 0.938844
0.934942 -68.1793 0.938994
0.935093 -68.1683 0.938994
0.935243 -68.1573 0.939145
0.935393 -68.1463 0.939295
0.935543 -68.1353 0.939445
0.935693 -68.1243 0.939595
0.935843 -68.1133 0.939745
0.935993 -68.1023 0.939895
0.936143 -68.0914 0.940045
0.936293 -68.0804 0.940195
0.936443 -68.0694 0.940345
0.936593 -68.0584 0.940495
0.936743 -68.0475 0.940645
0.936893 -68.0365 0.940795
0.937044 -68.0256 0.940945
0.937194 -68.0146 0.941096
0.937344 -68.0036 0.941246
0.937494 -67.9927 0.941396
0.937644 -67.9818 0.941546
0.937794 -67.9708 0.941546
0.937944 -67.9599 0.941696
0.938094 -67.9489 0.941846
0.938244  -67.938 0.941996
0.938394 -67.9271 0.942146
0.938544 -67.9161 0.942296
0.938694 -67.9052 0.942446
0.938844 -67.8943 0.942596
0.938994 -67.8834 0.942746
0.939145 -67.8725 0.942896
0.939295 -67.8616 0.943047
0.939445 -67.8507 0.943197
0.939595 -67.8398 0.943347
0.939745 -67.8289 0.943497
0.939895  -67.818 0.943647
0.940045 -67.8071 0.943797
0.940195 -67.7962 0.943947
0.940345 -67.7853 0.944097
0.940495 -67.7744 0.944247
0.940645 -67.7635 0.944247
0.940795 -67.7527 0.944397
0.940945 -67.7418 0.944547
0.941096 -67.7309 0.944697
0.941246 -67.7201 0.944847
0.941396 -67.7092 0.944997
0.941546 -67.6983 0.945148
0.941696 -67.6875 0.945298
0.941846 -67.6766 0.945448
0.941996 -67.6658 0.945598
0.942146 -67.6549 0.945748
0.942296 -67.6441 0.945898
0.942446 -67.6332 0.946048
0.942596 -67.6224 0.946198
0.942746 -67.6116 0.946348
0.942896 -67.6007 0.946498
0.943047 -67.5899 0.946648
0.943197 -67.5791 0.946798
0.943347 -67.5683 0.946948
0.943497 -67.5575 0.946948
0.943647 -67.5467 0.947099
0.943797 -67.5358 0.947249
0.943947  -67.525 0.947399
0.944097 -67.5142 0.947549
0.944247 -67.5034 0.947699
0.944397 -67.4926 0.947849
0.944547 -67.4818 0.947999
0.944697  -67.471 0.948149
0.944847 -67.4603 0.948299
0.944997 -67.4495 0.948449
0.945148 -67.4387 0.948599
0.945298 -67.4279 0.948749
0.945448 -67.4171 0.948899
0.945598 -67.4064  0.94905
0.945748 -67.3956   0.9492
0.945898 -67.3848  0.94935
0.946048 -67.3741   0.9495
0.946198 -67.3633  0.94965
0.946348 -67.3526  0.94965
0.946498 -67.3418   0.9498
0.946648 -67.3311  0.94995
0.946798 -67.3203   0.9501
0.946948 -67.3096  0.95025
0.947099 -67.2988   0.9504
0.947249 -67.2881  0.95055
0.947399 -67.2774   0.9507
0.947549 -67.2667  0.95085
0.947699 -67.2559 0.951001
0.947849 -67.2452 0.951151
0.947999 -67.2345 0.951301
0.948149 -67.2238 0.951451
0.948299 -67.2131 0.951601
0.948449 -67.2024 0.951751
0.948599 -67.1916 0.951901
0.948749 -67.1809 0.952051
0.948899 -67.1702 0.952201
 0.94905 -67.1595 0.952351
  0.9492 -67.1489 0.952501
 0.94935 -67.1382 0.952501
  0.9495 -67.1275 0.952651
 0.94965 -67.1168 0.952801
  0.9498 -67.1061 0.952951
 0.94995 -67.0954 0.953102
  0.9501 -67.0848 0.953252
 0.95025 -67.0741 0.953402
  0.9504 -67.0634 0.953552
 0.95055 -67.0528 0.953702
  0.9507 -67.0421 0.953852
 0.95085 -67.0314 0.954002
0.951001 -67.0208 0.954152
0.951151 -67.0101 0.954302
0.951301 -66.9995 0.954452
0.951451 -66.9888 0.954602
0.951601 -66.9782 0.954752
0.951751 -66.9676 0.954902
0.951901 -66.9569 0.955053
0.952051 -66.9463 0.955203
0.952201 -66.9357 0.955203
0.952351  -66.925 0.955353
0.952501 -66.9144 0.955503
0.952651 -66.9038 0.955653
0.952801 -66.8932 0.955803
0.952951 -66.8826 0.955953
0.953102  -66.872 0.956103
0.953252 -66.8613 0.956253
0.953402 -66.8507 0.956403
0.953552 -66.8401 0.956553
0.953702 -66.8295 0.956703
0.953852 -66.8189 0.956853
0.954002 -66.8084 0.957004
0.954152 -66.7978 0.957154
0.954302 -66.7872 0.957304
0.954452 -66.7766 0.957454
0.954602  -66.766 0.957604
0.954752 -66.7554 0.957754
0.954902 -66.7449 0.957904
0.955053 -66.7343 0.958054
0.955203 -66.7237 0.958054
0.955353 -66.7132 0.958204
0.955503 -66.7026 0.958354
0.955653 -66.6921 0.958504
0.955803 -66.6815 0.958654
0.955953  -66.671 0.958804
0.956103 -66.6604 0.958954
0.956253 -66.6499 0.959105
0.956403 -66.6393 0.959255
0.956553 -66.6288 0.959405
0.956703 -66.6182 0.959555
0.956853 -66.6077 0.959705
0.957004 -66.5972 0.959855
0.957154 -66.5867 0.960005
0.957304 -66.5761 0.960155
0.957454 -66.5656 0.960305
0.957604 -66.5551 0.960455
0.957754 -66.5446 0.960605
0.957904 -66.5341 0.960755
0.958054 -66.5236 0.960755
0.958204 -66.5131 0.960905
0.958354 -66.5026 0.961056
0.958504 -66.4921 0.961206
0.958654 -66.4816 0.961356
0.958804 -66.4711 0.961506
0.958954 -66.4606 0.961656
0.959105 -66.4501 0.961806
0.959255 -66.4396 0.961956
0.959405 -66.4291 0.962106
0.959555 -66.4187 0.962256
0.959705 -66.4082 0.962406
0.959855 -66.3977 0.962556
0.960005 -66.3873 0.962706
0.960155 -66.3768 0.962856
0.960305 -66.3663 0.963007
0.960455 -66.3559 0.963157
0.960605 -66.3454 0.963307
0.960755  -66.335 0.963457
0.960905 -66.3245 0.963607
0.961056 -66.3141 0.963607
0.961206 -66.3036 0.963757
0.961356 -66.2932 0.963907
0.961506 -66.2828 0.964057
0.961656 -66.2723 0.964207
0.961806 -66.2619 0.964357
0.961956 -66.2515 0.964507
0.962106  -66.241 0.964657
0.962256 -66.2306 0.964807
0.962406 -66.2202 0.964957
0.962556 -66.2098 0.965108
0.962706 -66.1994 0.965258
0.962856  -66.189 0.965408
0.963007 -66.1786 0.965558
0.963157 -66.1682 0.965708
0.963307 -66.1578 0.965858
0.963457 -66.1474 0.966008
0.963607  -66.137 0.966158
0.963757 -66.1266 0.966308
0.963907 -66.1162 0.966458
0.964057 -66.1058 0.966608
0.964207 -66.0954 0.966608
0.964357 -66.0851 0.966758
0.964507 -66.0747 0.966908
0.964657 -66.0643 0.967059
0.964807 -66.0539 0.967209
0.964957 -66.0436 0.967359
0.965108 -66.0332 0.967509
0.965258 -66.0228 0.967659
0.965408 -66.0125 0.967809
0.965558 -66.0021 0.967959
0.965708 -65.9918 0.968109
0.965858 -65.9814 0.968259
0.966008 -65.9711 0.968409
0.966158 -65.9608 0.968559
0.966308 -65.9504 0.968709
0.966458 -65.9401 0.968859
0.966608 -65.9297  0.96901
0.966758 -65.9194  0.96916
0.966908 -65.9091  0.96931
0.967059 -65.8988  0.96946
0.967209 -65.8884  0.96946
0.967359 -65.8781  0.96961
0.967509 -65.8678  0.96976
0.967659 -65.8575  0.96991
0.967809 -65.8472  0.97006
0.967959 -65.8369  0.97021
0.968109 -65.8266  0.97036
0.968259 -65.8163  0.97051
0.968409  -65.806  0.97066
0.968559 -65.7957  0.97081
0.968709 -65.7854  0.97096
0.968859 -65.7751 0.971111
 0.96901 -65.7648 0.971261
 0.96916 -65.7545 0.971411
 0.96931 -65.7443 0.971561
 0.96946  -65.734 0.971711
 0.96961 -65.7237 0.971861
 0.96976 -65.7134 0.972011
 0.96991 -65.7032 0.972161
 0.97006 -65.6929 0.972311
 0.97021 -65.6827 0.972461
 0.97036 -65.6724 0.972461
 0.97051 -65.6621 0.972611
 0.97066 -65.6519 0.972761
 0.97081 -65.6416 0.972911
 0.97096 -65.6314 0.973062
0.971111 -65.6211 0.973212
0.971261 -65.6109 0.973362
0.971411 -65.6007 0.973512
0.971561 -65.5904 0.973662
0.971711 -65.5802 0.973812
0.971861   -65.57 0.973962
0.972011 -65.5597 0.974112
0.972161 -65.5495 0.974262
0.972311 -65.5393 0.974412
0.972461 -65.5291 0.974562
0.972611 -65.5189 0.974712
0.972761 -65.5087 0.974862
0.972911 -65.4985 0.975013
0.973062 -65.4882 0.975163
0.973212  -65.478 0.975313
0.973362 -65.4678 0.975463
0.973512 -65.4576 0.975463
0.973662 -65.4475 0.975613
0.973812 -65.4373 0.975763
0.973962 -65.4271 0.975913
0.974112 -65.4169 0.976063
0.974262 -65.4067 0.976213
0.974412 -65.3965 0.976363
0.974562 -65.3864 0.976513
0.974712 -65.3762 0.976663
0.974862  -65.366 0.976813
0.975013 -65.3558 0.976963
0.975163 -65.3457 0.977114
0.975313 -65.3355 0.977264
0.975463 -65.3254 0.977414
0.975613 -65.3152 0.977564
0.975763 -65.3051 0.977714
0.975913 -65.2949 0.977864
0.976063 -65.2848 0.978014
0.976213 -65.2746 0.978164
0.976363 -65.2645 0.978314
0.976513 -65.2543 0.978314
0.976663 -65.2442 0.978464
0.976813 -65.2341 0.978614
0.976963 -65.2239 0.978764
0.977114 -65.2138 0.978914
0.977264 -65.2037 0.979065
0.977414 -65.1936 0.979215
0.977564 -65.1835 0.979365
0.977714 -65.1733 0.979515
0.977864 -65.1632 0.979665
0.978014 -65.1531 0.979815
0.978164  -65.143 0.979965
0.978314 -65.1329 0.980115
0.978464 -65.1228 0.980265
0.978614 -65.1127 0.980415
0.978764 -65.1026 0.980565
0.978914 -65.0925 0.980715
0.979065 -65.0824 0.980865
0.979215 -65.0723 0.981016
0.979365 -65.0623 0.981166
0.979515 -65.0522 0.981316
0.979665 -65.0421 0.981316
0.979815  -65.032 0.981466
0.979965  -65.022 0.981616
0.980115 -65.0119 0.981766
0.980265 -65.0018 0.981916
0.980415 -64.9918 0.982066
0.980565 -64.9817 0.982216
0.980715 -64.9716 0.982366
0.980865 -64.9616 0.982516
0.981016 -64.9515 0.982666
0.981166 -64.9415 0.982816
0.981316 -64.9314 0.982966
0.981466 -64.9214 0.983117
0.981616 -64.9114 0.983267
0.981766 -64.9013 0.983417
0.981916 -64.8913 0.983567
0.982066 -64.8813 0.983717
0.982216 -64.8712 0.983867
0.982366 -64.8612 0.984017
0.982516 -64.8512 0.984167
0.982666 -64.8412 0.984317
0.982816 -64.8312 0.984317
0.982966 -64.8211 0.984467
0.983117 -64.8111 0.984617
0.983267 -64.8011 0.984767
0.983417 -64.7911 0.984917
0.983567 -64.7811 0.985068
0.983717 -64.7711 0.985218
0.983867 -64.7611 0.985368
0.984017 -64.7511 0.985518
0.984167 -64.7411 0.985668
0.984317 -64.7311 0.985818
0.984467 -64.7212 0.985968
0.984617 -64.7112 0.986118
0.984767 -64.7012 0.986268
0.984917 -64.6912 0.986418
0.985068 -64.6812 0.986568
0.985218 -64.6713 0.986718
0.985368 -64.6613 0.986868
0.985518 -64.6513 0.987019
0.985668 -64.6414 0.987169
0.985818 -64.6314 0.987319
0.985968 -64.6215 0.987319
0.986118 -64.6115 0.987469
0.986268 -64.6015 0.987619
0.986418 -64.5916 0.987769
0.986568 -64.5817 0.987919
0.986718 -64.5717 0.988069
0.986868 -64.5618 0.988219
0.987019 -64.5518 0.988369
0.987169 -64.5419 0.988519
0.987319  -64.532 0.988669
0.987469  -64.522 0.988819
0.987619 -64.5121 0.988969
0.987769 -64.5022  0.98912
0.987919 -64.4923  0.98927
0.988069 -64.4823  0.98942
0.988219 -64.4724  0.98957
0.988369 -64.4625  0.98972
0.988519 -64.4526  0.98987
0.988669 -64.4427  0.99002
0.988819 -64.4328  0.99017
0.988969 -64.4229  0.99017
 0.98912  -64.413  0.99032
 0.98927 -64.4031  0.99047
 0.98942 -64.3932  0.99062
 0.98957 -64.3833  0.99077
 0.98972 -64.3734  0.99092
 0.98987 -64.3636 0.991071
 0.99002 -64.3537 0.991221
 0.99017 -64.3438 0.991371
 0.99032 -64.3339 0.991521
 0.99047  -64.324 0.991671
 0.99062 -64.3142 0.991821
 0.99077 -64.3043 0.991971
 0.99092 -64.2944 0.992121
0.991071 -64.2846 0.992271
0.991221 -64.2747 0.992421
0.991371 -64.2649 0.992571
0.991521  -64.255 0.992721
0.991671 -64.2452 0.992871
0.991821 -64.2353 0.993022
0.991971 -64.2255 0.993172
0.992121 -64.2156 0.993172
0.992271 -64.2058 0.993322
0.992421 -64.1959 0.993472
0.992571 -64.1861 0.993622
0.992721 -64.1763 0.993772
0.992871 -64.1664 0.993922
0.993022 -64.1566 0.994072
0.993172 -64.1468 0.994222
0.993322  -64.137 0.994372
0.993472 -64.1272 0.994522
0.993622 -64.1173 0.994672
0.993772 -64.1075 0.994822
0.993922 -64.0977 0.994972
0.994072 -64.0879 0.995123
0.994222 -64.0781 0.995273
0.994372 -64.0683 0.995423
0.994522 -64.0585 0.995573
0.994672 -64.0487 0.995723
0.994822 -64.0389 0.995873
0.994972 -64.0291 0.996023
0.995123 -64.0194 0.996173
0.995273 -64.0096 0.996173
0.995423 -63.9998 0.996323
0.995573   -63.99 0.996473
0.995723 -63.9802 0.996623
0.995873 -63.9705 0.996773
0.996023 -63.9607 0.996923
0.996173 -63.9509 0.997074
0.996323 -63.9412 0.997224
0.996473 -63.9314 0.997374
0.996623 -63.9216 0.997524
0.996773 -63.9119 0.997674
0.996923 -63.9021 0.997824
0.997074 -63.8924 0.997974
0.997224 -63.8826 0.998124
0.997374 -63.8729 0.998274
0.997524 -63.8631 0.998424
0.997674 -63.8534 0.998574
0.997824 -63.8436 0.998724
0.997974 -63.8339 0.998874
0.998124 -63.8242 0.999025
0.998274 -63.8145 0.999175
0.998424 -63.8047 0.999325
0.998574  -63.795 0.999325
0.998724 -63.7853 0.999475
0.998874 -63.7756 0.999625
0.999025 -63.7658 0.999775
0.999175 -63.7561 0.999925
0.999325 -63.7464  1.00008
0.999475 -63.7367  1.00023
0.999625  -63.727  1.00038
0.999775 -63.7173  1.00053
0.999925 -63.7076  1.00068
 1.00008 -63.6979  1.00083
 1.00023 -63.6882  1.00098
 1.00038 -63.6785  1.00113
 1.00053 -63.6688  1.00128
 1.00068 -63.6591  1.00143
 1.00083 -63.6495  1.00158
 1.00098 -63.6398  1.00173
 1.00113 -63.6301  1.00188
 1.00128 -63.6204  1.00203
 1.00143 -63.6108  1.00218
 1.00158 -63.6011  1.00218
 1.00173 -63.5914  1.00233
 1.00188 -63.5818  1.00248
 1.00203 -63.5721  1.00263
 1.00218 -63.5624  1.00278
 1.00233 -63.5528  1.00293
 1.00248 -63.5431  1.00308
 1.00263 -63.5335  1.00323
 1.00278 -63.5238  1.00338
 1.00293 -63.5142  1.00353
 1.00308 -63.5045  1.00368
 1.00323 -63.4949  1.00383
 1.00338 -63.4853  1.00398
 1.00353 -63.4756  1.00413
 1.00368  -63.466  1.00428
 1.00383 -63.4564  1.00443
 1.00398 -63.4467  1.00458
 1.00413 -63.4371  1.00473
 1.00428 -63.4275  1.00488
 1.00443 -63.4179  1.00503
 1.00458 -63.4083  1.00518
 1.00473 -63.3986  1.00518
 1.00488  -63.389  1.00533
 1.00503 -63.3794  1.00548
 1.00518 -63.3698  1.00563
 1.00533 -63.3602  1.00578
 1.00548 -63.3506  1.00593
 1.00563  -63.341  1.00608
 1.00578 -63.3314  1.00623
 1.00593 -63.3218  1.00638
 1.00608 -63.3122  1.00653
 1.00623 -63.3026  1.00668
 1.00638 -63.2931  1.00683
 1.00653 -63.2835  1.00698
 1.00668 -63.2739  1.00713
 1.00683 -63.2643  1.00728
 1.00698 -63.2548  1.00743
 1.00713 -63.2452  1.00758
 1.00728 -63.2356  1.00773
 1.00743 -63.2261  1.00788
 1.00758 -63.2165  1.00803
 1.00773 -63.2069  1.00818
 1.00788 -63.1974  1.00818
 1.00803 -63.1878  1.00833
 1.00818 -63.1783  1.00848
 1.00833 -63.1687  1.00863
 1.00848 -63.1592  1.00878
 1.00863 -63.1496  1.00893
 1.00878 -63.1401  1.00908
 1.00893 -63.1305  1.00923
 1.00908  -63.121  1.00938
 1.00923 -63.1115  1.00953
 1.00938 -63.1019  1.00968
 1.00953 -63.0924  1.00983
 1.00968 -63.0829  1.00998
 1.00983 -63.0734  1.01013
 1.00998 -63.0638  1.01028
 1.01013 -63.0543  1.01043
 1.01028 -63.0448  1.01058
 1.01043 -63.0353  1.01073
 1.01058 -63.0258  1.01088
 1.01073 -63.0163  1.01103
 1.01088 -63.0068  1.01118
 1.01103 -62.9973  1.01118
 1.01118 -62.9878  1.01133
 1.01133 -62.9783  1.01148
 1.01148 -62.9688  1.01163
 1.01163 -62.9593  1.01178
 1.01178 -62.9498  1.01193
 1.01193 -62.9403  1.01208
 1.01208 -62.9308  1.01223
 1.01223 -62.9214  1.01238
 1.01238 -62.9119  1.01253
 1.01253 -62.9024  1.01268
 1.01268 -62.8929  1.01283
 1.01283 -62.8835  1.01298
 1.01298  -62.874  1.01313
 1.01313 -62.8645  1.01328
 1.01328 -62.8551  1.01343
 1.01343 -62.8456  1.01358
 1.01358 -62.8362  1.01373
 1.01373 -62.8267  1.01388
 1.01388 -62.8172  1.01403
 1.01403 -62.8078  1.01418
 1.01418 -62.7984  1.01418
 1.01433 -62.7889  1.01433
 1.01448 -62.7795  1.01448
 1.01463   -62.77  1.01463
 1.01478 -62.7606  1.01478
 1.01493 -62.7512  1.01493
 1.01508 -62.7417  1.01508
 1.01523 -62.7323  1.01523
 1.01538 -62.7229  1.01538
 1.01553 -62.7134  1.01553
 1.01568  -62.704  1.01568
 1.01583 -62.6946  1.01583
 1.01598 -62.6852  1.01598
 1.01613 -62.6758  1.01613
 1.01628 -62.6664  1.01628
 1.01643  -62.657  1.01643
 1.01658 -62.6476  1.01658
 1.01673 -62.6382  1.01673
 1.01688 -62.6288  1.01688
 1.01703 -62.6194  1.01703
 1.01718   -62.61  1.01703
 1.01733 -62.6006  1.01718
 1.01748 -62.5912  1.01733
 1.01763 -62.5818  1.01748
 1.01778 -62.5724  1.01763
 1.01793  -62.563  1.01778
 1.01808 -62.5537  1.01793
 1.01823 -62.5443  1.01808
 1.01838 -62.5349  1.01823
 1.01853 -62.5255  1.01838
 1.01868 -62.5162  1.01853
 1.01883 -62.5068  1.01868
 1.01898 -62.4974  1.01883
 1.01913 -62.4881  1.01898
 1.01928 -62.4787  1.01913
 1.01943 -62.4694  1.01928
 1.01958   -62.46  1.01943
 1.01973 -62.4507  1.01958
 1.01988 -62.4413  1.01973
 1.02004  -62.432  1.01988
 1.02019 -62.4226  1.02004
 1.02034 -62.4133  1.02004
 1.02049 -62.4039  1.02019
 1.02064 -62.3946  1.02034
 1.02079 -62.3853  1.02049
 1.02094 -62.3759  1.02064
 1.02109 -62.3666  1.02079
 1.02124 -62.3573  1.02094
 1.02139  -62.348  1.02109
 1.02154 -62.3387  1.02124
 1.02169 -62.3293  1.02139
 1.02184   -62.32  1.02154
 1.02199 -62.3107  1.02169
 1.02214 -62.3014  1.02184
 1.02229 -62.2921  1.02199
 1.02244 -62.2828  1.02214
 1.02259 -62.2735  1.02229
 1.02274 -62.2642  1.02244
 1.02289 -62.2549  1.02259
 1.02304 -62.2456  1.02274
 1.02319 -62.2363  1.02289
 1.02334  -62.227  1.02304
 1.02349 -62.2177  1.02304
 1.02364 -62.2085  1.02319
 1.02379 -62.1992  1.02334
 1.02394 -62.1899  1.02349
 1.02409 -62.1806  1.02364
 1.02424 -62.1713  1.02379
 1.02439 -62.1621  1.02394
 1.02454 -62.1528  1.02409
 1.02469 -62.1435  1.02424
 1.02484 -62.1343  1.02439
 1.02499  -62.125  1.02454
 1.02514 -62.1158  1.02469
 1.02529 -62.1065  1.02484
 1.02544 -62.0973  1.02499
 1.02559  -62.088  1.02514
 1.02574 -62.0788  1.02529
 1.02589 -62.0695  1.02544
 1.02604 -62.0603  1.02559
 1.02619  -62.051  1.02574
 1.02634 -62.0418  1.02589
 1.02649 -62.0326  1.02589
 1.02664 -62.0233  1.02604
 1.02679 -62.0141  1.02619
 1.02694 -62.0049  1.02634
 1.02709 -61.9956  1.02649
 1.02724 -61.9864  1.02664
 1.02739 -61.9772  1.02679
 1.02754  -61.968  1.02694
 1.02769 -61.9588  1.02709
 1.02784 -61.9496  1.02724
 1.02799 -61.9403  1.02739
 1.02814 -61.9311  1.02754
 1.02829 -61.9219  1.02769
 1.02844 -61.9127  1.02784
 1.02859 -61.9035  1.02799
 1.02874 -61.8943  1.02814
 1.02889 -61.8851  1.02829
 1.02904 -61.8759  1.02844
 1.02919 -61.8668  1.02859
 1.02934 -61.8576  1.02874
 1.02949 -61.8484  1.02874
 1.02964 -61.8392  1.02889
 1.02979   -61.83  1.02904
 1.02994 -61.8209  1.02919
 1.03009 -61.8117  1.02934
 1.03024 -61.8025  1.02949
 1.03039 -61.7933  1.02964
 1.03054 -61.7842  1.02979
 1.03069  -61.775  1.02994
 1.03084 -61.7658  1.03009
 1.03099 -61.7567  1.03024
 1.03114 -61.7475  1.03039
 1.03129 -61.7384  1.03054
 1.03144 -61.7292  1.03069
 1.03159 -61.7201  1.03084
 1.03174 -61.7109  1.03099
 1.03189 -61.7018  1.03114
 1.03204 -61.6926  1.03129
 1.03219 -61.6835  1.03144
 1.03234 -61.6744  1.03159
 1.03249 -61.6652  1.03159
 1.03264 -61.6561  1.03174
 1.03279  -61.647  1.03189
 1.03294 -61.6379  1.03204
 1.03309 -61.6287  1.03219
 1.03324 -61.6196  1.03234
 1.03339 -61.6105  1.03249
 1.03354 -61.6014  1.03264
 1.03369 -61.5923  1.03279
 1.03384 -61.5831  1.03294
 1.03399  -61.574  1.03309
 1.03414 -61.5649  1.03324
 1.03429 -61.5558  1.03339
 1.03444 -61.5467  1.03354
 1.03459 -61.5376  1.03369
 1.03474 -61.5285  1.03384
 1.03489 -61.5194  1.03399
 1.03504 -61.5104  1.03414
 1.03519 -61.5013  1.03429
 1.03534 -61.4922  1.03444
 1.03549 -61.4831  1.03444
 1.03564  -61.474  1.03459
 1.03579 -61.4649  1.03474
 1.03594 -61.4559  1.03489
 1.03609 -61.4468  1.03504
 1.03624 -61.4377  1.03519
 1.03639 -61.4286  1.03534
 1.03654 -61.4196  1.03549
 1.03669 -61.4105  1.03564
 1.03684 -61.4015  1.03579
 1.03699 -61.3924  1.03594
 1.03714 -61.3833  1.03609
 1.03729 -61.3743  1.03624
 1.03744 -61.3652  1.03639
 1.03759 -61.3562  1.03654
 1.03774 -61.3471  1.03669
 1.03789 -61.3381  1.03684
 1.03804 -61.3291  1.03699
 1.03819   -61.32  1.03714
 1.03834  -61.311  1.03729
 1.03849 -61.3019  1.03729
 1.03864 -61.2929  1.03744
 1.03879 -61.2839  1.03759
 1.03894 -61.2749  1.03774
 1.03909 -61.2658  1.03789
 1.03924 -61.2568  1.03804
 1.03939 -61.2478  1.03819
 1.03954 -61.2388  1.03834
 1.03969 -61.2298  1.03849
 1.03984 -61.2208  1.03864
 1.03999 -61.2117  1.03879
 1.04015 -61.2027  1.03894
  1.0403 -61.1937  1.03909
 1.04045 -61.1847  1.03924
  1.0406 -61.1757  1.03939
 1.04075 -61.1667  1.03954
  1.0409 -61.1577  1.03969
 1.04105 -61.1488  1.03984
  1.0412 -61.1398  1.03999
 1.04135 -61.1308  1.04015
  1.0415 -61.1218  1.04015
 1.04165 -61.1128   1.0403
  1.0418 -61.1038  1.04045
 1.04195 -61.0949   1.0406
  1.0421 -61.0859  1.04075
 1.04225 -61.0769   1.0409
  1.0424 -61.0679  1.04105
 1.04255  -61.059   1.0412
  1.0427   -61.05  1.04135
 1.04285  -61.041   1.0415
   1.043 -61.0321  1.04165
 1.04315 -61.0231   1.0418
  1.0433 -61.0142  1.04195
 1.04345 -61.0052   1.0421
  1.0436 -60.9963  1.04225
 1.04375 -60.9873   1.0424
  1.0439 -60.9784  1.04255
 1.04405 -60.9694   1.0427
  1.0442 -60.9605  1.04285
 1.04435 -60.9516  1.04285
  1.0445 -60.9426    1.043
 1.04465 -60.9337  1.04315
  1.0448 -60.9248   1.0433
 1.04495 -60.9158  1.04345
  1.0451 -60.9069   1.0436
 1.04525  -60.898  1.04375
  1.0454 -60.8891   1.0439
 1.04555 -60.8802  1.04405
  1.0457 -60.8712   1.0442
 1.04585 -60.8623  1.04435
   1.046 -60.8534   1.0445
 1.04615 -60.8445  1.04465
  1.0463 -60.8356   1.0448
 1.04645 -60.8267  1.04495
  1.0466 -60.8178   1.0451
 1.04675 -60.8089  1.04525
  1.0469    -60.8   1.0454
 1.04705 -60.7911  1.04555
  1.0472 -60.7822   1.0457
 1.04735 -60.7733   1.0457
  1.0475 -60.7644  1.04585
 1.04765 -60.7556    1.046
  1.0478 -60.7467  1.04615
 1.04795 -60.7378   1.0463
  1.0481 -60.7289  1.04645
 1.04825 -60.7201   1.0466
  1.0484 -60.7112  1.04675
 1.04855 -60.7023   1.0469
  1.0487 -60.6935  1.04705
 1.04885 -60.6846   1.0472
   1.049 -60.6757  1.04735
 1.04915 -60.6669   1.0475
  1.0493  -60.658  1.04765
 1.04945 -60.6492   1.0478
  1.0496 -60.6403  1.04795
 1.04975 -60.6315   1.0481
  1.0499 -60.6226  1.04825
 1.05005 -60.6138   1.0484
  1.0502 -60.6049   1.0484
 1.05035 -60.5961  1.04855
  1.0505 -60.5873   1.0487
 1.05065 -60.5784  1.04885
  1.0508 -60.5696    1.049
 1.05095 -60.5608  1.04915
  1.0511 -60.5519   1.0493
 1.05125 -60.5431  1.04945
  1.0514 -60.5343   1.0496
 1.05155 -60.5255  1.04975
  1.0517 -60.5166   1.0499
 1.05185 -60.5078  1.05005
   1.052  -60.499   1.0502
 1.05215 -60.4902  1.05035
  1.0523 -60.4814   1.0505
 1.05245 -60.4726  1.05065
  1.0526 -60.4638   1.0508
 1.05275  -60.455  1.05095
  1.0529 -60.4462  1.05095
 1.05305 -60.4374   1.0511
  1.0532 -60.4286  1.05125
 1.05335 -60.4198   1.0514
  1.0535  -60.411  1.05155
 1.05365 -60.4022   1.0517
  1.0538 -60.3935  1.05185
 1.05395 -60.3847    1.052
  1.0541 -60.3759  1.05215
 1.05425 -60.3671   1.0523
  1.0544 -60.3584  1.05245
 1.05455 -60.3496   1.0526
  1.0547 -60.3408  1.05275
 1.05485  -60.332   1.0529
   1.055 -60.3233  1.05305
 1.05515 -60.3145   1.0532
  1.0553 -60.3058  1.05335
 1.05545  -60.297   1.0535
  1.0556 -60.2883  1.05365
 1.05575 -60.2795  1.05365
  1.0559 -60.2708   1.0538
 1.05605  -60.262  1.05395
  1.0562 -60.2533   1.0541
 1.05635 -60.2445  1.05425
  1.0565 -60.2358   1.0544
 1.05665  -60.227  1.05455
  1.0568 -60.2183   1.0547
 1.05695 -60.2096  1.05485
  1.0571 -60.2008    1.055
 1.05725 -60.1921  1.05515
  1.0574 -60.1834   1.0553
 1.05755 -60.1747  1.05545
  1.0577 -60.1659   1.0556
 1.05785 -60.1572  1.05575
   1.058 -60.1485   1.0559
 1.05815 -60.1398  1.05605
  1.0583 -60.1311   1.0562
 1.05845 -60.1224   1.0562
  1.0586 -60.1137  1.05635
 1.05875  -60.105   1.0565
  1.0589 -60.0963  1.05665
 1.05905 -60.0876   1.0568
  1.0592 -60.0789  1.05695
 1.05935 -60.0702   1.0571
  1.0595 -60.0615  1.05725
 1.05965 -60.0528   1.0574
  1.0598 -60.0441  1.05755
 1.05995 -60.0354   1.0577
 1.06011 -60.0268  1.05785
 1.06026 -60.0181    1.058
 1.06041 -60.0094  1.05815
 1.06056 -60.0007   1.0583
 1.06071 -59.9921  1.05845
 1.06086 -59.9834   1.0586
 1.06101 -59.9747  1.05875
 1.06116 -59.9661  1.05875
 1.06131 -59.9574   1.0589
 1.06146 -59.9487  1.05905
 1.06161 -59.9401   1.0592
 1.06176 -59.9314  1.05935
 1.06191 -59.9228   1.0595
 1.06206 -59.9141  1.05965
 1.06221 -59.9055   1.0598
 1.06236 -59.8968  1.05995
 1.06251 -59.8882  1.06011
 1.06266 -59.8795  1.06026
 1.06281 -59.8709  1.06041
 1.06296 -59.8623  1.06056
 1.06311 -59.8536  1.06071
 1.06326  -59.845  1.06086
 1.06341 -59.8364  1.06101
 1.06356 -59.8277  1.06116
 1.06371 -59.8191  1.06131
 1.06386 -59.8105  1.06131
 1.06401 -59.8019  1.06146
 1.06416 -59.7933  1.06161
 1.06431 -59.7847  1.06176
 1.06446  -59.776  1.06191
 1.06461 -59.7674  1.06206
 1.06476 -59.7588  1.06221
 1.06491 -59.7502  1.06236
 1.06506 -59.7416  1.06251
 1.06521  -59.733  1.06266
 1.06536 -59.7244  1.06281
 1.06551 -59.7158  1.06296
 1.06566 -59.7072  1.06311
 1.06581 -59.6987  1.06326
 1.06596 -59.6901  1.06341
 1.06611 -59.6815  1.06356
 1.06626 -59.6729  1.06371
 1.06641 -59.6643  1.06371
 1.06656 -59.6557  1.06386
 1.06671 -59.6472  1.06401
 1.06686 -59.6386  1.06416
 1.06701   -59.63  1.06431
 1.06716 -59.6215  1.06446
 1.06731 -59.6129  1.06461
 1.06746 -59.6043  1.06476
 1.06761 -59.5958  1.06491
 1.06776 -59.5872  1.06506
 1.06791 -59.5786  1.06521
 1.06806 -59.5701  1.06536
 1.06821 -59.5615  1.06551
 1.06836  -59.553  1.06566
 1.06851 -59.5444  1.06581
 1.06866 -59.5359  1.06596
 1.06881 -59.5274  1.06611
 1.06896 -59.5188  1.06611
 1.06911 -59.5103  1.06626
 1.06926 -59.5018  1.06641
 1.06941 -59.4932  1.06656
 1.06956 -59.4847  1.06671
 1.06971 -59.4762  1.06686
 1.06986 -59.4676  1.06701
 1.07001 -59.4591  1.06716
 1.07016 -59.4506  1.06731
 1.07031 -59.4421  1.06746
 1.07046 -59.4336  1.06761
 1.07061 -59.4251  1.06776
 1.07076 -59.4165  1.06791
 1.07091  -59.408  1.06806
 1.07106 -59.3995  1.06821
 1.07121  -59.391  1.06836
 1.07136 -59.3825  1.06851
 1.07151  -59.374  1.06851
 1.07166 -59.3655  1.06866
 1.07181  -59.357  1.06881
 1.07196 -59.3485  1.06896
 1.07211 -59.3401  1.06911
 1.07226 -59.3316  1.06926
 1.07241 -59.3231  1.06941
 1.07256 -59.3146  1.06956
 1.07271 -59.3061  1.06971
 1.07286 -59.2977  1.06986
 1.07301 -59.2892  1.07001
 1.07316 -59.2807  1.07016
 1.07331 -59.2722  1.07031
 1.07346 -59.2638  1.07046
 1.07361 -59.2553  1.07061
 1.07376 -59.2468  1.07076
 1.07391 -59.2384  1.07091
 1.07406 -59.2299  1.07091
 1.07421 -59.2215  1.07106
 1.07436  -59.213  1.07121
 1.07451 -59.2046  1.07136
 1.07466 -59.1961  1.07151
 1.07481 -59.1877  1.07166
 1.07496 -59.1792  1.07181
 1.07511 -59.1708  1.07196
 1.07526 -59.1623  1.07211
 1.07541 -59.1539  1.07226
 1.07556 -59.1455  1.07241
 1.07571  -59.137  1.07256
 1.07586 -59.1286  1.07271
 1.07601 -59.1202  1.07286
 1.07616 -59.1118  1.07301
 1.07631 -59.1033  1.07316
 1.07646 -59.0949  1.07331
 1.07661 -59.0865  1.07331
 1.07676 -59.0781  1.07346
 1.07691 -59.0697  1.07361
 1.07706 -59.0613  1.07376
 1.07721 -59.0529  1.07391
 1.07736 -59.0445  1.07406
 1.07751 -59.0361  1.07421
 1.07766 -59.0277  1.07436
 1.07781 -59.0193  1.07451
 1.07796 -59.0109  1.07466
 1.07811 -59.0025  1.07481
 1.07826 -58.9941  1.07496
 1.07841 -58.9857  1.07511
 1.07856 -58.9773  1.07526
 1.07871 -58.9689  1.07541
 1.07886 -58.9605  1.07556
 1.07901 -58.9522  1.07556
 1.07916 -58.9438  1.07571
 1.07931 -58.9354  1.07586
 1.07946  -58.927  1.07601
 1.07961 -58.9187  1.07616
 1.07976 -58.9103  1.07631
 1.07991 -58.9019  1.07646
 1.08007 -58.8936  1.07661
 1.08022 -58.8852  1.07676
 1.08037 -58.8769  1.07691
 1.08052 -58.8685  1.07706
 1.08067 -58.8601  1.07721
 1.08082 -58.8518  1.07736
 1.08097 -58.8434  1.07751
 1.08112 -58.8351  1.07766
 1.08127 -58.8268  1.07781
 1.08142 -58.8184  1.07781
 1.08157 -58.8101  1.07796
 1.08172 -58.8017  1.07811
 1.08187 -58.7934  1.07826
 1.08202 -58.7851  1.07841
 1.08217 -58.7767  1.07856
 1.08232 -58.7684  1.07871
 1.08247 -58.7601  1.07886
 1.08262 -58.7518  1.07901
 1.08277 -58.7435  1.07916
 1.08292 -58.7351  1.07931
 1.08307 -58.7268  1.07946
 1.08322 -58.7185  1.07961
 1.08337 -58.7102  1.07976
 1.08352 -58.7019  1.07991
 1.08367 -58.6936  1.07991
 1.08382 -58.6853  1.08007
 1.08397  -58.677  1.08022
 1.08412 -58.6687  1.08037
 1.08427 -58.6604  1.08052
 1.08442 -58.6521  1.08067
 1.08457 -58.6438  1.08082
 1.08472 -58.6355  1.08097
 1.08487 -58.6272  1.08112
 1.08502  -58.619  1.08127
 1.08517 -58.6107  1.08142
 1.08532 -58.6024  1.08157
 1.08547 -58.5941  1.08172
 1.08562 -58.5858  1.08187
 1.08577 -58.5776  1.08202
 1.08592 -58.5693  1.08202
 1.08607  -58.561  1.08217
 1.08622 -58.5528  1.08232
 1.08637 -58.5445  1.08247
 1.08652 -58.5363  1.08262
 1.08667  -58.528  1.08277
 1.08682 -58.5197  1.08292
 1.08697 -58.5115  1.08307
 1.08712 -58.5032  1.08322
 1.08727  -58.495  1.08337
 1.08742 -58.4868  1.08352
 1.08757 -58.4785  1.08367
 1.08772 -58.4703  1.08382
 1.08787  -58.462  1.08397
 1.08802 -58.4538  1.08412
 1.08817 -58.4456  1.08412
 1.08832 -58.4373  1.08427
 1.08847 -58.4291  1.08442
 1.08862 -58.4209  1.08457
 1.08877 -58.4127  1.08472
 1.08892 -58.4044  1.08487
 1.08907 -58.3962  1.08502
 1.08922  -58.388  1.08517
 1.08937 -58.3798  1.08532
 1.08952 -58.3716  1.08547
 1.08967 -58.3634  1.08562
 1.08982 -58.3552  1.08577
 1.08997  -58.347  1.08592
 1.09012 -58.3388  1.08607
 1.09027 -58.3306  1.08622
 1.09042 -58.3224  1.08622
 1.09057 -58.3142  1.08637
 1.09072  -58.306  1.08652
 1.09087 -58.2978  1.08667
 1.09102 -58.2896  1.08682
 1.09117 -58.2814  1.08697
 1.09132 -58.2732  1.08712
 1.09147 -58.2651  1.08727
 1.09162 -58.2569  1.08742
 1.09177 -58.2487  1.08757
 1.09192 -58.2405  1.08772
 1.09207 -58.2324  1.08787
 1.09222 -58.2242  1.08802
 1.09237  -58.216  1.08817
 1.09252 -58.2079  1.08817
 1.09267 -58.1997  1.08832
 1.09282 -58.1915  1.08847
 1.09297 -58.1834  1.08862
 1.09312 -58.1752  1.08877
 1.09327 -58.1671  1.08892
 1.09342 -58.1589  1.08907
 1.09357 -58.1508  1.08922
 1.09372 -58.1426  1.08937
 1.09387 -58.1345  1.08952
 1.09402 -58.1264  1.08967
 1.09417 -58.1182  1.08982
 1.09432 -58.1101  1.08997
 1.09447  -58.102  1.09012
 1.09462 -58.0938  1.09012
 1.09477 -58.0857  1.09027
 1.09492 -58.0776  1.09042
 1.09507 -58.0695  1.09057
 1.09522 -58.0613  1.09072
 1.09537 -58.0532  1.09087
 1.09552 -58.0451  1.09102
 1.09567  -58.037  1.09117
 1.09582 -58.0289  1.09132
 1.09597 -58.0208  1.09147
 1.09612 -58.0127  1.09162
 1.09627 -58.0046  1.09177
 1.09642 -57.9965  1.09192
 1.09657 -57.9884  1.09192
 1.09672 -57.9803  1.09207
 1.09687 -57.9722  1.09222
 1.09702 -57.9641  1.09237
 1.09717  -57.956  1.09252
 1.09732 -57.9479  1.09267
 1.09747 -57.9398  1.09282
 1.09762 -57.9318  1.09297
 1.09777 -57.9237  1.09312
 1.09792 -57.9156  1.09327
 1.09807 -57.9075  1.09342
 1.09822 -57.8995  1.09357
 1.09837 -57.8914  1.09357
 1.09852 -57.8833  1.09372
 1.09867 -57.8753  1.09387
 1.09882 -57.8672  1.09402
 1.09897 -57.8592  1.09417
 1.09912 -57.8511  1.09432
 1.09927 -57.8431  1.09447
 1.09942  -57.835  1.09462
 1.09957  -57.827  1.09477
 1.09972 -57.8189  1.09492
 1.09987 -57.8109  1.09507
 1.10003 -57.8028  1.09522
 1.10018 -57.7948  1.09522
 1.10033 -57.7868  1.09537
 1.10048 -57.7787  1.09552
 1.10063 -57.7707  1.09567
 1.10078 -57.7627  1.09582
 1.10093 -57.7547  1.09597
 1.10108 -57.7466  1.09612
 1.10123 -57.7386  1.09627
 1.10138 -57.7306  1.09642
 1.10153 -57.7226  1.09657
 1.10168 -57.7146  1.09672
 1.10183 -57.7066  1.09687
 1.10198 -57.6986  1.09687
 1.10213 -57.6906  1.09702
 1.10228 -57.6826  1.09717
 1.10243 -57.6746  1.09732
 1.10258 -57.6666  1.09747
 1.10273 -57.6586  1.09762
 1.10288 -57.6506  1.09777
 1.10303 -57.6426  1.09792
 1.10318 -57.6346  1.09807
 1.10333 -57.6266  1.09822
 1.10348 -57.6186  1.09837
 1.10363 -57.6107  1.09852
 1.10378 -57.6027  1.09852
 1.10393 -57.5947  1.09867
 1.10408 -57.5867  1.09882
 1.10423 -57.5788  1.09897
 1.10438 -57.5708  1.09912
 1.10453 -57.5629  1.09927
 1.10468 -57.5549  1.09942
 1.10483 -57.5469  1.09957
 1.10498  -57.539  1.09972
 1.10513  -57.531  1.09987
 1.10528 -57.5231  1.10003
 1.10543 -57.5151  1.10003
 1.10558 -57.5072  1.10018
 1.10573 -57.4992  1.10033
 1.10588 -57.4913  1.10048
 1.10603 -57.4834  1.10063
 1.10618 -57.4754  1.10078
 1.10633 -57.4675  1.10093
 1.10648 -57.4596  1.10108
 1.10663 -57.4516  1.10123
 1.10678 -57.4437  1.10138
 1.10693 -57.4358  1.10153
 1.10708 -57.4279  1.10168
 1.10723   -57.42  1.10168
 1.10738  -57.412  1.10183
 1.10753 -57.4041  1.10198
 1.10768 -57.3962  1.10213
 1.10783 -57.3883  1.10228
 1.10798 -57.3804  1.10243
 1.10813 -57.3725  1.10258
 1.10828 -57.3646  1.10273
 1.10843 -57.3567  1.10288
 1.10858 -57.3488  1.10303
 1.10873 -57.3409  1.10318
 1.10888  -57.333  1.10318
 1.10903 -57.3251  1.10333
 1.10918 -57.3173  1.10348
 1.10933 -57.3094  1.10363
 1.10948 -57.3015  1.10378
 1.10963 -57.2936  1.10393
 1.10978 -57.2857  1.10408
 1.10993 -57.2779  1.10423
 1.11008   -57.27  1.10438
 1.11023 -57.2621  1.10453
 1.11038 -57.2543  1.10468
 1.11053 -57.2464  1.10468
 1.11068 -57.2386  1.10483
 1.11083 -57.2307  1.10498
 1.11098 -57.2229  1.10513
 1.11113  -57.215  1.10528
 1.11128 -57.2072  1.10543
 1.11143 -57.1993  1.10558
 1.11158 -57.1915  1.10573
 1.11173 -57.1836  1.10588
 1.11188 -57.1758  1.10603
 1.11203 -57.1679  1.10618
 1.11218 -57.1601  1.10618
 1.11233 -57.1523  1.10633
 1.11248 -57.1445  1.10648
 1.11263 -57.1366  1.10663
 1.11278 -57.1288  1.10678
 1.11293  -57.121  1.10693
 1.11308 -57.1132  1.10708
 1.11323 -57.1054  1.10723
 1.11338 -57.0975  1.10738
 1.11353 -57.0897  1.10753
 1.11368 -57.0819  1.10768
 1.11383 -57.0741  1.10768
 1.11398 -57.0663  1.10783
 1.11413 -57.0585  1.10798
 1.11428 -57.0507  1.10813
 1.11443 -57.0429  1.10828
 1.11458 -57.0351  1.10843
 1.11473 -57.0273  1.10858
 1.11488 -57.0195  1.10873
 1.11503 -57.0118  1.10888
 1.11518  -57.004  1.10903
 1.11533 -56.9962  1.10918
 1.11548 -56.9884  1.10918
 1.11563 -56.9806  1.10933
 1.11578 -56.9729  1.10948
 1.11593 -56.9651  1.10963
 1.11608 -56.9573  1.10978
 1.11623 -56.9496  1.10993
 1.11638 -56.9418  1.11008
 1.11653 -56.9341  1.11023
 1.11668 -56.9263  1.11038
 1.11683 -56.9185  1.11053
 1.11698 -56.9108  1.11068
 1.11713  -56.903  1.11068
 1.11728 -56.8953  1.11083
 1.11743 -56.8875  1.11098
 1.11758 -56.8798  1.11113
 1.11773 -56.8721  1.11128
 1.11788 -56.8643  1.11143
 1.11803 -56.8566  1.11158
 1.11818 -56.8489  1.11173
 1.11833 -56.8411  1.11188
 1.11848 -56.8334  1.11203
 1.11863 -56.8257  1.11203
 1.11878  -56.818  1.11218
 1.11893 -56.8102  1.11233
 1.11908 -56.8025  1.11248
 1.11923 -56.7948  1.11263
 1.11938 -56.7871  1.11278
 1.11953 -56.7794  1.11293
 1.11968 -56.7717  1.11308
 1.11983  -56.764  1.11323
 1.11998 -56.7563  1.11323
 1.12014 -56.7486  1.11338
 1.12029 -56.7409  1.11353
 1.12044 -56.7332  1.11368
 1.12059 -56.7255  1.11383
 1.12074 -56.7178  1.11398
 1.12089 -56.7101  1.11413
 1.12104 -56.7025  1.11428
 1.12119 -56.6948  1.11443
 1.12134 -56.6871  1.11458
 1.12149 -56.6794  1.11458
 1.12164 -56.6718  1.11473
 1.12179 -56.6641  1.11488
 1.12194 -56.6564  1.11503
 1.12209 -56.6488  1.11518
 1.12224 -56.6411  1.11533
 1.12239 -56.6335  1.11548
 1.12254 -56.6258  1.11563
 1.12269 -56.6181  1.11578
 1.12284 -56.6105  1.11578
 1.12299 -56.6029  1.11593
 1.12314 -56.5952  1.11608
 1.12329 -56.5876  1.11623
 1.12344 -56.5799  1.11638
 1.12359 -56.5723  1.11653
 1.12374 -56.5647  1.11668
 1.12389  -56.557  1.11683
 1.12404 -56.5494  1.11698
 1.12419 -56.5418  1.11698
 1.12434 -56.5341  1.11713
 1.12449 -56.5265  1.11728
 1.12464 -56.5189  1.11743
 1.12479 -56.5113  1.11758
 1.12494 -56.5037  1.11773
 1.12509 -56.4961  1.11788
 1.12524 -56.4885  1.11803
 1.12539 -56.4809  1.11818
 1.12554 -56.4733  1.11818
 1.12569 -56.4657  1.11833
 1.12584 -56.4581  1.11848
 1.12599 -56.4505  1.11863
 1.12614 -56.4429  1.11878
 1.12629 -56.4353  1.11893
 1.12644 -56.4277  1.11908
 1.12659 -56.4201  1.11923
 1.12674 -56.4126  1.11923
 1.12689  -56.405  1.11938
 1.12704 -56.3974  1.11953
 1.12719 -56.3898  1.11968
 1.12734 -56.3823  1.11983
 1.12749 -56.3747  1.11998
 1.12764 -56.3671  1.12014
 1.12779 -56.3596  1.12029
 1.12794  -56.352  1.12044
 1.12809 -56.3445  1.12044
 1.12824 -56.3369  1.12059
 1.12839 -56.3294  1.12074
 1.12854 -56.3218  1.12089
 1.12869 -56.3143  1.12104
 1.12884 -56.3068  1.12119
 1.12899 -56.2992  1.12134
 1.12914 -56.2917  1.12149
 1.12929 -56.2841  1.12149
 1.12944 -56.2766  1.12164
 1.12959 -56.2691  1.12179
 1.12974 -56.2616  1.12194
 1.12989  -56.254  1.12209
 1.13004 -56.2465  1.12224
 1.13019  -56.239  1.12239
 1.13034 -56.2315  1.12254
 1.13049  -56.224  1.12269
 1.13064 -56.2165  1.12269
 1.13079  -56.209  1.12284
 1.13094 -56.2015  1.12299
 1.13109  -56.194  1.12314
 1.13124 -56.1865  1.12329
 1.13139  -56.179  1.12344
 1.13154 -56.1715  1.12359
 1.13169  -56.164  1.12374
 1.13184 -56.1565  1.12374
 1.13199  -56.149  1.12389
 1.13214 -56.1416  1.12404
 1.13229 -56.1341  1.12419
 1.13244 -56.1266  1.12434
 1.13259 -56.1191  1.12449
 1.13274 -56.1117  1.12449
 1.13289 -56.1042  1.12464
 1.13304 -56.0968  1.12479
 1.13319 -56.0893  1.12494
 1.13334 -56.0819  1.12509
 1.13349 -56.0744  1.12509
 1.13364  -56.067  1.12524
 1.13379 -56.0595  1.12539
 1.13394 -56.0521  1.12554
 1.13409 -56.0447  1.12569
 1.13424 -56.0372  1.12569
 1.13439 -56.0298  1.12584
 1.13454 -56.0224  1.12599
 1.13469  -56.015  1.12614
 1.13484 -56.0076  1.12629
 1.13499 -56.0002  1.12629
 1.13514 -55.9927  1.12644
 1.13529 -55.9853  1.12659
 1.13544 -55.9779  1.12674
 1.13559 -55.9706  1.12689
 1.13574 -55.9632  1.12689
 1.13589 -55.9558  1.12704
 1.13604 -55.9484  1.12719
 1.13619  -55.941  1.12734
 1.13634 -55.9336  1.12749
 1.13649 -55.9263  1.12749
 1.13664 -55.9189  1.12764
 1.13679 -55.9115  1.12779
 1.13694 -55.9042  1.12794
 1.13709 -55.8968  1.12809
 1.13724 -55.8894  1.12809
 1.13739 -55.8821  1.12824
 1.13754 -55.8747  1.12839
 1.13769 -55.8674  1.12854
 1.13784 -55.8601  1.12869
 1.13799 -55.8527  1.12869
 1.13814 -55.8454  1.12884
 1.13829 -55.8381  1.12899
 1.13844 -55.8307  1.12914
 1.13859 -55.8234  1.12914
 1.13874 -55.8161  1.12929
 1.13889 -55.8088  1.12944
 1.13904 -55.8015  1.12959
 1.13919 -55.7942  1.12974
 1.13934 -55.7869  1.12974
 1.13949 -55.7796  1.12989
 1.13964 -55.7723  1.13004
 1.13979  -55.765  1.13019
 1.13994 -55.7577  1.13034
  1.1401 -55.7504  1.13049
 1.14025 -55.7431  1.13049
  1.1404 -55.7358  1.13064
 1.14055 -55.7285  1.13079
  1.1407 -55.7213  1.13094
 1.14085  -55.714  1.13109
   1.141 -55.7067  1.13109
 1.14115 -55.6995  1.13124
  1.1413 -55.6922  1.13139
 1.14145  -55.685  1.13154
  1.1416 -55.6777  1.13169
 1.14175 -55.6705  1.13169
  1.1419 -55.6632  1.13184
 1.14205  -55.656  1.13199
  1.1422 -55.6487  1.13214
 1.14235 -55.6415  1.13229
  1.1425 -55.6343  1.13229
 1.14265  -55.627  1.13244
  1.1428 -55.6198  1.13259
 1.14295 -55.6126  1.13274
  1.1431 -55.6054  1.13274
 1.14325 -55.5982  1.13289
  1.1434  -55.591  1.13304
 1.14355 -55.5838  1.13319
  1.1437 -55.5766  1.13334
 1.14385 -55.5694  1.13334
   1.144 -55.5622  1.13349
 1.14415  -55.555  1.13364
  1.1443 -55.5478  1.13379
 1.14445 -55.5406  1.13394
  1.1446 -55.5334  1.13394
 1.14475 -55.5263  1.13409
  1.1449 -55.5191  1.13424
 1.14505 -55.5119  1.13439
  1.1452 -55.5047  1.13454
 1.14535 -55.4976  1.13454
  1.1455 -55.4904  1.13469
 1.14565 -55.4833  1.13484
  1.1458 -55.4761  1.13499
 1.14595  -55.469  1.13514
  1.1461 -55.4618  1.13514
 1.14625 -55.4547  1.13529
  1.1464 -55.4476  1.13544
 1.14655 -55.4404  1.13559
  1.1467 -55.4333  1.13574
 1.14685 -55.4262  1.13574
   1.147  -55.419  1.13589
 1.14715 -55.4119  1.13604
  1.1473 -55.4048  1.13619
 1.14745 -55.3977  1.13619
  1.1476 -55.3906  1.13634
 1.14775 -55.3835  1.13649
  1.1479 -55.3764  1.13664
 1.14805 -55.3693  1.13679
  1.1482 -55.3622  1.13679
 1.14835 -55.3551  1.13694
  1.1485  -55.348  1.13709
 1.14865 -55.3409  1.13724
  1.1488 -55.3338  1.13739
 1.14895 -55.3268  1.13739
  1.1491 -55.3197  1.13754
 1.14925 -55.3126  1.13769
  1.1494 -55.3056  1.13784
 1.14955 -55.2985  1.13799
  1.1497 -55.2914  1.13799
 1.14985 -55.2844  1.13814
    1.15 -55.2773  1.13829