 kgrid  ValNew  Policy 
    0.85 -77.0002     0.85
 0.85015 -76.9849     0.85
  0.8503 -76.9696     0.85
 0.85045 -76.9543     0.85
  0.8506 -76.9391     0.85
 0.85075 -76.9239     0.85
  0.8509 -76.9087     0.85
0.851051 -76.8936     0.85
0.851201 -76.8785     0.85
0.851351 -76.8634     0.85
0.851501 -76.8484     0.85
0.851651 -76.8334  0.85015
0.851801 -76.8184   0.8503
0.851951 -76.8034   0.8503
0.852101 -76.7884  0.85045
0.852251 -76.7734   0.8506
0.852401 -76.7585   0.8506
0.852551 -76.7435  0.85075
0.852701 -76.7286   0.8509
0.852851 -76.7137   0.8509
0.853002 -76.6987 0.851051
0.853152 -76.6839 0.851201
0.853302  -76.669 0.851201
0.853452 -76.6541 0.851351
0.853602 -76.6393 0.851501
0.853752 -76.6244 0.851501
0.853902 -76.6096 0.851651
0.854052 -76.5948 0.851801
0.854202 -76.5799 0.851801
0.854352 -76.5651 0.851951
0.854502 -76.5504 0.852101
0.854652 -76.5356 0.852251
0.854802 -76.5208 0.852251
0.854952 -76.5061 0.852401
0.855103 -76.4913 0.852551
0.855253 -76.4766 0.852551
0.855403 -76.4619 0.852701
0.855553 -76.4471 0.852851
0.855703 -76.4324 0.853002
0.855853 -76.4178 0.853002
0.856003 -76.4031 0.853152
0.856153 -76.3884 0.853302
0.856303 -76.3738 0.853302
0.856453 -76.3591 0.853452
0.856603 -76.3445 0.853602
0.856753 -76.3298 0.853752
0.856903 -76.3152 0.853752
0.857054 -76.3006 0.853902
0.857204  -76.286 0.854052
0.857354 -76.2715 0.854202
0.857504 -76.2569 0.854202
0.857654 -76.2423 0.854352
0.857804 -76.2278 0.854502
0.857954 -76.2132 0.854502
0.858104 -76.1987 0.854652
0.858254 -76.1842 0.854802
0.858404 -76.1697 0.854952
0.858554 -76.1552 0.854952
0.858704 -76.1407 0.855103
0.858854 -76.1262 0.855253
0.859005 -76.1118 0.855403
0.859155 -76.0973 0.855403
0.859305 -76.0829 0.855553
0.859455 -76.0684 0.855703
0.859605  -76.054 0.855703
0.859755 -76.0396 0.855853
0.859905 -76.0252 0.856003
0.860055 -76.0108 0.856153
0.860205 -75.9964 0.856153
0.860355 -75.9821 0.856303
0.860505 -75.9677 0.856453
0.860655 -75.9533 0.856603
0.860805  -75.939 0.856603
0.860955 -75.9247 0.856753
0.861106 -75.9104 0.856903
0.861256  -75.896 0.857054
0.861406 -75.8817 0.857054
0.861556 -75.8675 0.857204
0.861706 -75.8532 0.857354
0.861856 -75.8389 0.857354
0.862006 -75.8247 0.857504
0.862156 -75.8104 0.857654
0.862306 -75.7962 0.857804
0.862456 -75.7819 0.857804
0.862606 -75.7677 0.857954
0.862756 -75.7535 0.858104
0.862906 -75.7393 0.858254
0.863057 -75.7251 0.858254
0.863207  -75.711 0.858404
0.863357 -75.6968 0.858554
0.863507 -75.6826 0.858704
0.863657 -75.6685 0.858704
0.863807 -75.6543 0.858854
0.863957 -75.6402 0.859005
0.864107 -75.6261 0.859005
0.864257  -75.612 0.859155
0.864407 -75.5979 0.859305
0.864557 -75.5838 0.859455
0.864707 -75.5697 0.859455
0.864857 -75.5557 0.859605
0.865008 -75.5416 0.859755
0.865158 -75.5276 0.859905
0.865308 -75.5135 0.859905
0.865458 -75.4995 0.860055
0.865608 -75.4855 0.860205
0.865758 -75.4715 0.860355
0.865908 -75.4575 0.860355
0.866058 -75.4435 0.860505
0.866208 -75.4295 0.860655
0.866358 -75.4156 0.860805
0.866508 -75.4016 0.860805
0.866658 -75.3876 0.860955
0.866808 -75.3737 0.861106
0.866958 -75.3598 0.861106
0.867109 -75.3459 0.861256
0.867259  -75.332 0.861406
0.867409 -75.3181 0.861556
0.867559 -75.3042 0.861706
0.867709 -75.2903 0.861706
0.867859 -75.2764 0.861856
0.868009 -75.2625 0.862006
0.868159 -75.2487 0.862156
0.868309 -75.2348 0.862156
0.868459  -75.221 0.862306
0.868609 -75.2072 0.862456
0.868759 -75.1934 0.862456
0.868909 -75.1796 0.862606
 0.86906 -75.1658 0.862756
 0.86921  -75.152 0.862906
 0.86936 -75.1382 0.862906
 0.86951 -75.1244 0.863057
 0.86966 -75.1107 0.863207
 0.86981 -75.0969 0.863357
 0.86996 -75.0832 0.863357
 0.87011 -75.0695 0.863507
 0.87026 -75.0557 0.863657
 0.87041  -75.042 0.863807
 0.87056 -75.0283 0.863807
 0.87071 -75.0146 0.863957
 0.87086 -75.0009 0.864107
0.871011 -74.9873 0.864257
0.871161 -74.9736 0.864257
0.871311 -74.9599 0.864407
0.871461 -74.9463 0.864557
0.871611 -74.9327 0.864707
0.871761  -74.919 0.864857
0.871911 -74.9054 0.864857
0.872061 -74.8918 0.865008
0.872211 -74.8782 0.865158
0.872361 -74.8646 0.865308
0.872511  -74.851 0.865308
0.872661 -74.8374 0.865458
0.872811 -74.8239 0.865608
0.872961 -74.8103 0.865758
0.873112 -74.7968 0.865758
0.873262 -74.7832 0.865908
0.873412 -74.7697 0.866058
0.873562 -74.7562 0.866208
0.873712 -74.7427 0.866208
0.873862 -74.7292 0.866358
0.874012 -74.7157 0.866508
0.874162 -74.7022 0.866658
0.874312 -74.6887 0.866658
0.874462 -74.6752 0.866808
0.874612 -74.6618 0.866958
0.874762 -74.6483 0.867109
0.874912 -74.6349 0.867109
0.875063 -74.6215 0.867259
0.875213  -74.608 0.867409
0.875363 -74.5946 0.867559
0.875513 -74.5812 0.867559
0.875663 -74.5678 0.867709
0.875813 -74.5544 0.867859
0.875963 -74.5411 0.868009
0.876113 -74.5277 0.868009
0.876263 -74.5143 0.868159
0.876413  -74.501 0.868309
0.876563 -74.4876 0.868459
0.876713 -74.4743 0.868459
0.876863  -74.461 0.868609
0.877014 -74.4477 0.868759
0.877164 -74.4344 0.868909
0.877314 -74.4211 0.868909
0.877464 -74.4078  0.86906
0.877614 -74.3945  0.86921
0.877764 -74.3812  0.86936
0.877914  -74.368  0.86951
0.878064 -74.3547  0.86951
0.878214 -74.3415  0.86966
0.878364 -74.3282  0.86981
0.878514  -74.315  0.86996
0.878664 -74.3018  0.86996
0.878814 -74.2886  0.87011
0.878964 -74.2754  0.87026
0.879115 -74.2622  0.87041
0.879265  -74.249  0.87041
0.879415 -74.2358  0.87056
0.879565 -74.2226  0.87071
0.879715 -74.2095  0.87086
0.879865 -74.1963 0.871011
0.880015 -74.1832 0.871011
0.880165   -74.17 0.871161
0.880315 -74.1569 0.871311
0.880465 -74.1437 0.871461
0.880615 -74.1306 0.871611
0.880765 -74.1175 0.871761
0.880915 -74.1044 0.871911
0.881066 -74.0913 0.871911
0.881216 -74.0782 0.872061
0.881366 -74.0651 0.872211
0.881516  -74.052 0.872361
0.881666 -74.0389 0.872511
0.881816 -74.0259 0.872661
0.881966 -74.0128 0.872811
0.882116 -73.9997 0.872811
0.882266 -73.9867 0.872961
0.882416 -73.9736 0.873112
0.882566 -73.9606 0.873262
0.882716 -73.9476 0.873412
0.882866 -73.9345 0.873562
0.883017 -73.9215 0.873712
0.883167 -73.9085 0.873712
0.883317 -73.8955 0.873862
0.883467 -73.8825 0.874012
0.883617 -73.8695 0.874162
0.883767 -73.8565 0.874312
0.883917 -73.8435 0.874462
0.884067 -73.8305 0.874612
0.884217 -73.8175 0.874762
0.884367 -73.8046 0.874762
0.884517 -73.7916 0.874912
0.884667 -73.7786 0.875063
0.884817 -73.7657 0.875213
0.884967 -73.7527 0.875363
0.885118 -73.7398 0.875513
0.885268 -73.7269 0.875663
0.885418 -73.7139 0.875663
0.885568  -73.701 0.875813
0.885718 -73.6881 0.875963
0.885868 -73.6752 0.876113
0.886018 -73.6623 0.876263
0.886168 -73.6494 0.876413
0.886318 -73.6365 0.876563
0.886468 -73.6236 0.876713
0.886618 -73.6107 0.876713
0.886768 -73.5978 0.876863
0.886918  -73.585 0.877014
0.887069 -73.5721 0.877164
0.887219 -73.5593 0.877314
0.887369 -73.5464 0.877464
0.887519 -73.5336 0.877614
0.887669 -73.5207 0.877614
0.887819 -73.5079 0.877764
0.887969 -73.4951 0.877914
0.888119 -73.4822 0.878064
0.888269 -73.4694 0.878214
0.888419 -73.4566 0.878364
0.888569 -73.4438 0.878514
0.888719  -73.431 0.878664
0.888869 -73.4182 0.878664
 0.88902 -73.4054 0.878814
 0.88917 -73.3926 0.878964
 0.88932 -73.3799 0.879115
 0.88947 -73.3671 0.879265
 0.88962 -73.3543 0.879415
 0.88977 -73.3416 0.879565
 0.88992 -73.3288 0.879565
 0.89007 -73.3161 0.879715
 0.89022 -73.3033 0.879865
 0.89037 -73.2906 0.880015
 0.89052 -73.2779 0.880165
 0.89067 -73.2651 0.880315
 0.89082 -73.2524 0.880465
 0.89097 -73.2397 0.880615
0.891121  -73.227 0.880765
0.891271 -73.2143 0.880765
0.891421 -73.2016 0.880915
0.891571 -73.1889 0.881066
0.891721 -73.1762 0.881216
0.891871 -73.1635 0.881366
0.892021 -73.1509 0.881516
0.892171 -73.1382 0.881666
0.892321 -73.1255 0.881816
0.892471 -73.1129 0.881816
0.892621 -73.1002 0.881966
0.892771 -73.0876 0.882116
0.892921 -73.0749 0.882266
0.893072 -73.0623 0.882416
0.893222 -73.0496 0.882566
0.893372  -73.037 0.882716
0.893522 -73.0244 0.882866
0.893672 -73.0118 0.883017
0.893822 -72.9992 0.883017
0.893972 -72.9866 0.883167
0.894122  -72.974 0.883317
0.894272 -72.9614 0.883467
0.894422 -72.9488 0.883617
0.894572 -72.9362 0.883767
0.894722 -72.9236 0.883917
0.894872  -72.911 0.884067
0.895023 -72.8985 0.884217
0.895173 -72.8859 0.884217
0.895323 -72.8733 0.884367
0.895473 -72.8608 0.884517
0.895623 -72.8482 0.884667
0.895773 -72.8357 0.884817
0.895923 -72.8232 0.884967
0.896073 -72.8106 0.885118
0.896223 -72.7981 0.885268
0.896373 -72.7856 0.885418
0.896523 -72.7731 0.885418
0.896673 -72.7606 0.885568
0.896823  -72.748 0.885718
0.896973 -72.7355 0.885868
0.897124  -72.723 0.886018
0.897274 -72.7106 0.886168
0.897424 -72.6981 0.886318
0.897574 -72.6856 0.886468
0.897724 -72.6731 0.886618
0.897874 -72.6606 0.886618
0.898024 -72.6482 0.886768
0.898174 -72.6357 0.886918
0.898324 -72.6233 0.887069
0.898474 -72.6108 0.887219
0.898624 -72.5984 0.887369
0.898774 -72.5859 0.887519
0.898924 -72.5735 0.887669
0.899075 -72.5611 0.887819
0.899225 -72.5486 0.887819
0.899375 -72.5362 0.887969
0.899525 -72.5238 0.888119
0.899675 -72.5114 0.888269
0.899825  -72.499 0.888419
0.899975 -72.4866 0.888569
0.900125 -72.4742 0.888719
0.900275 -72.4618 0.888869
0.900425 -72.4494  0.88902
0.900575 -72.4371  0.88902
0.900725 -72.4247  0.88917
0.900875 -72.4123  0.88932
0.901026 -72.3999  0.88947
0.901176 -72.3876  0.88962
0.901326 -72.3752  0.88977
0.901476 -72.3629  0.88992
0.901626 -72.3505  0.89007
0.901776 -72.3382  0.89022
0.901926 -72.3259  0.89022
0.902076 -72.3135  0.89037
0.902226 -72.3012  0.89052
0.902376 -72.2889  0.89067
0.902526 -72.2766  0.89082
0.902676 -72.2643  0.89097
0.902826  -72.252 0.891121
0.902976 -72.2397 0.891271
0.903127 -72.2274 0.891421
0.903277 -72.2151 0.891571
0.903427 -72.2028 0.891571
0.903577 -72.1905 0.891721
0.903727 -72.1783 0.891871
0.903877  -72.166 0.892021
0.904027 -72.1537 0.892171
0.904177 -72.1415 0.892321
0.904327 -72.1292 0.892471
0.904477  -72.117 0.892621
0.904627 -72.1047 0.892771
0.904777 -72.0925 0.892771
0.904927 -72.0803 0.892921
0.905078  -72.068 0.893072
0.905228 -72.0558 0.893222
0.905378 -72.0436 0.893372
0.905528 -72.0314 0.893522
0.905678 -72.0192 0.893672
0.905828  -72.007 0.893822
0.905978 -71.9948 0.893972
0.906128 -71.9826 0.894122
0.906278 -71.9704 0.894122
0.906428 -71.9582 0.894272
0.906578  -71.946 0.894422
0.906728 -71.9338 0.894572
0.906878 -71.9216 0.894722
0.907029 -71.9095 0.894872
0.907179 -71.8973 0.895023
0.907329 -71.8852 0.895173
0.907479  -71.873 0.895323
0.907629 -71.8609 0.895473
0.907779 -71.8487 0.895473
0.907929 -71.8366 0.895623
0.908079 -71.8244 0.895773
0.908229 -71.8123 0.895923
0.908379 -71.8002 0.896073
0.908529 -71.7881 0.896223
0.908679  -71.776 0.896373
0.908829 -71.7639 0.896523
0.908979 -71.7517 0.896673
 0.90913 -71.7396 0.896823
 0.90928 -71.7276 0.896823
 0.90943 -71.7155 0.896973
 0.90958 -71.7034 0.897124
 0.90973 -71.6913 0.897274
 0.90988 -71.6792 0.897424
 0.91003 -71.6671 0.897574
 0.91018 -71.6551 0.897724
 0.91033  -71.643 0.897874
 0.91048  -71.631 0.898024
 0.91063 -71.6189 0.898024
 0.91078 -71.6069 0.898174
 0.91093 -71.5948 0.898324
0.911081 -71.5828 0.898474
0.911231 -71.5707 0.898624
0.911381 -71.5587 0.898774
0.911531 -71.5467 0.898924
0.911681 -71.5347 0.899075
0.911831 -71.5227 0.899225
0.911981 -71.5106 0.899375
0.912131 -71.4986 0.899525
0.912281 -71.4866 0.899525
0.912431 -71.4746 0.899675
0.912581 -71.4626 0.899825
0.912731 -71.4506 0.899975
0.912881 -71.4387 0.900125
0.913032 -71.4267 0.900275
0.913182 -71.4147 0.900425
0.913332 -71.4027 0.900575
0.913482 -71.3908 0.900725
0.913632 -71.3788 0.900875
0.913782 -71.3668 0.901026
0.913932 -71.3549 0.901176
0.914082 -71.3429 0.901176
0.914232  -71.331 0.901326
0.914382  -71.319 0.901476
0.914532 -71.3071 0.901626
0.914682 -71.2952 0.901776
0.914832 -71.2832 0.901926
0.914982 -71.2713 0.902076
0.915133 -71.2594 0.902226
0.915283 -71.2475 0.902376
0.915433 -71.2356 0.902526
0.915583 -71.2237 0.902676
0.915733 -71.2118 0.902826
0.915883 -71.1999 0.902826
0.916033  -71.188 0.902976
0.916183 -71.1761 0.903127
0.916333 -71.1642 0.903277
0.916483 -71.1523 0.903427
0.916633 -71.1404 0.903577
0.916783 -71.1285 0.903727
0.916933 -71.1167 0.903877
0.917084 -71.1048 0.904027
0.917234 -71.0929 0.904177
0.917384 -71.0811 0.904327
0.917534 -71.0692 0.904477
0.917684 -71.0574 0.904477
0.917834 -71.0455 0.904627
0.917984 -71.0337 0.904777
0.918134 -71.0219 0.904927
0.918284   -71.01 0.905078
0.918434 -70.9982 0.905228
0.918584 -70.9864 0.905378
0.918734 -70.9746 0.905528
0.918884 -70.9627 0.905678
0.919035 -70.9509 0.905828
0.919185 -70.9391 0.905978
0.919335 -70.9273 0.906128
0.919485 -70.9155 0.906278
0.919635 -70.9037 0.906278
0.919785 -70.8919 0.906428
0.919935 -70.8801 0.906578
0.920085 -70.8684 0.906728
0.920235 -70.8566 0.906878
0.920385 -70.8448 0.907029
0.920535  -70.833 0.907179
0.920685 -70.8213 0.907329
0.920835 -70.8095 0.907479
0.920985 -70.7977 0.907629
0.921136  -70.786 0.907779
0.921286 -70.7742 0.907929
0.921436 -70.7625 0.907929
0.921586 -70.7508 0.908079
0.921736  -70.739 0.908229
0.921886 -70.7273 0.908379
0.922036 -70.7156 0.908529
0.922186 -70.7038 0.908679
0.922336 -70.6921 0.908829
0.922486 -70.6804 0.908979
0.922636 -70.6687  0.90913
0.922786  -70.657  0.90928
0.922936 -70.6453  0.90943
0.923087 -70.6336  0.90958
0.923237 -70.6219  0.90973
0.923387 -70.6102  0.90973
0.923537 -70.5985  0.90988
0.923687 -70.5868  0.91003
0.923837 -70.5751  0.91018
0.923987 -70.5634  0.91033
0.924137 -70.5518  0.91048
0.924287 -70.5401  0.91063
0.924437 -70.5284  0.91078
0.924587 -70.5168  0.91093
0.924737 -70.5051 0.911081
0.924887 -70.4935 0.911231
0.925038 -70.4818 0.911381
0.925188 -70.4702 0.911531
0.925338 -70.4585 0.911531
0.925488 -70.4469 0.911681
0.925638 -70.4352 0.911831
0.925788 -70.4236 0.911981
0.925938  -70.412 0.912131
0.926088 -70.4004 0.912281
0.926238 -70.3887 0.912431
0.926388 -70.3771 0.912581
0.926538 -70.3655 0.912731
0.926688 -70.3539 0.912881
0.926838 -70.3423 0.913032
0.926988 -70.3307 0.913182
0.927139 -70.3191 0.913332
0.927289 -70.3075 0.913482
0.927439 -70.2959 0.913482
0.927589 -70.2844 0.913632
0.927739 -70.2728 0.913782
0.927889 -70.2612 0.913932
0.928039 -70.2496 0.914082
0.928189 -70.2381 0.914232
0.928339 -70.2265 0.914382
0.928489 -70.2149 0.914532
0.928639 -70.2034 0.914682
0.928789 -70.1918 0.914832
0.928939 -70.1803 0.914982
 0.92909 -70.1687 0.915133
 0.92924 -70.1572 0.915283
 0.92939 -70.1457 0.915433
 0.92954 -70.1341 0.915433
 0.92969 -70.1226 0.915583
 0.92984 -70.1111 0.915733
 0.92999 -70.0996 0.915883
 0.93014  -70.088 0.916033
 0.93029 -70.0765 0.916183
 0.93044  -70.065 0.916333
 0.93059 -70.0535 0.916483
 0.93074  -70.042 0.916633
 0.93089 -70.0305 0.916783
0.931041  -70.019 0.916933
0.931191 -70.0075 0.917084
0.931341  -69.996 0.917234
0.931491 -69.9846 0.917384
0.931641 -69.9731 0.917384
0.931791 -69.9616 0.917534
0.931941 -69.9501 0.917684
0.932091 -69.9387 0.917834
0.932241 -69.9272 0.917984
0.932391 -69.9157 0.918134
0.932541 -69.9043 0.918284
0.932691 -69.8928 0.918434
0.932841 -69.8814 0.918584
0.932991 -69.8699 0.918734
0.933142 -69.8585 0.918884
0.933292  -69.847 0.919035
0.933442 -69.8356 0.919185
0.933592 -69.8242 0.919335
0.933742 -69.8128 0.919335
0.933892 -69.8013 0.919485
0.934042 -69.7899 0.919635
0.934192 -69.7785 0.919785
0.934342 -69.7671 0.919935
0.934492 -69.7557 0.920085
0.934642 -69.7443 0.920235
0.934792 -69.7329 0.920385
0.934942 -69.7215 0.920535
0.935093 -69.7101 0.920685
0.935243 -69.6987 0.920835
0.935393 -69.6873 0.920985
0.935543 -69.6759 0.921136
0.935693 -69.6646 0.921286
0.935843 -69.6532 0.921436
0.935993 -69.6418 0.921436
0.936143 -69.6304 0.921586
0.936293 -69.6191 0.921736
0.936443 -69.6077 0.921886
0.936593 -69.5964 0.922036
0.936743  -69.585 0.922186
0.936893 -69.5737 0.922336
0.937044 -69.5623 0.922486
0.937194  -69.551 0.922636
0.937344 -69.5396 0.922786
0.937494 -69.5283 0.922936
0.937644  -69.517 0.923087
0.937794 -69.5056 0.923237
0.937944 -69.4943 0.923387
0.938094  -69.483 0.923387
0.938244 -69.4717 0.923537
0.938394 -69.4604 0.923687
0.938544 -69.4491 0.923837
0.938694 -69.4378 0.923987
0.938844 -69.4265 0.924137
0.938994 -69.4152 0.924287
0.939145 -69.4039 0.924437
0.939295 -69.3926 0.924587
0.939445 -69.3813 0.924737
0.939595   -69.37 0.924887
0.939745 -69.3587 0.925038
0.939895 -69.3475 0.925188
0.940045 -69.3362 0.925338
0.940195 -69.3249 0.925488
0.940345 -69.3137 0.925488
0.940495 -69.3024 0.925638
0.940645 -69.2911 0.925788
0.940795 -69.2799 0.925938
0.940945 -69.2686 0.926088
0.941096 -69.2574 0.926238
0.941246 -69.2462 0.926388
0.941396 -69.2349 0.926538
0.941546 -69.2237 0.926688
0.941696 -69.2124 0.926838
0.941846 -69.2012 0.926988
0.941996   -69.19 0.927139
0.942146 -69.1788 0.927289
0.942296 -69.1676 0.927439
0.942446 -69.1563 0.927589
0.942596 -69.1451 0.927589
0.942746 -69.1339 0.927739
0.942896 -69.1227 0.927889
0.943047 -69.1115 0.928039
0.943197 -69.1003 0.928189
0.943347 -69.0891 0.928339
0.943497 -69.0779 0.928489
0.943647 -69.0668 0.928639
0.943797 -69.0556 0.928789
0.943947 -69.0444 0.928939
0.944097 -69.0332  0.92909
0.944247 -69.0221  0.92924
0.944397 -69.0109  0.92939
0.944547 -68.9997  0.92954
0.944697 -68.9886  0.92969
0.944847 -68.9774  0.92969
0.944997 -68.9663  0.92984
0.945148 -68.9551  0.92999
0.945298  -68.944  0.93014
0.945448 -68.9328  0.93029
0.945598 -68.9217  0.93044
0.945748 -68.9105  0.93059
0.945898 -68.8994  0.93074
0.946048 -68.8883  0.93089
0.946198 -68.8772 0.931041
0.946348  -68.866 0.931191
0.946498 -68.8549 0.931341
0.946648 -68.8438 0.931491
0.946798 -68.8327 0.931641
0.946948 -68.8216 0.931791
0.947099 -68.8105 0.931791
0.947249 -68.7994 0.931941
0.947399 -68.7883 0.932091
0.947549 -68.7772 0.932241
0.947699 -68.7661 0.932391
0.947849  -68.755 0.932541
0.947999 -68.7439 0.932691
0.948149 -68.7329 0.932841
0.948299 -68.7218 0.932991
0.948449 -68.7107 0.933142
0.948599 -68.6996 0.933292
0.948749 -68.6886 0.933442
0.948899 -68.6775 0.933592
 0.94905 -68.6665 0.933742
  0.9492 -68.6554 0.933892
 0.94935 -68.6443 0.934042
  0.9495 -68.6333 0.934042
 0.94965 -68.6223 0.934192
  0.9498 -68.6112 0.934342
 0.94995 -68.6002 0.934492
  0.9501 -68.5891 0.934642
 0.95025 -68.5781 0.934792
  0.9504 -68.5671 0.934942
 0.95055 -68.5561 0.935093
  0.9507  -68.545 0.935243
 0.95085  -68.534 0.935393
0.951001  -68.523 0.935543
0.951151  -68.512 0.935693
0.951301  -68.501 0.935843
0.951451   -68.49 0.935993
0.951601  -68.479 0.936143
0.951751  -68.468 0.936293
0.951901  -68.457 0.936293
0.952051  -68.446 0.936443
0.952201  -68.435 0.936593
0.952351  -68.424 0.936743
0.952501  -68.413 0.936893
0.952651 -68.4021 0.937044
0.952801 -68.3911 0.937194
0.952951 -68.3801 0.937344
0.953102 -68.3692 0.937494
0.953252 -68.3582 0.937644
0.953402 -68.3472 0.937794
0.953552 -68.3363 0.937944
0.953702 -68.3253 0.938094
0.953852 -68.3144 0.938244
0.954002 -68.3034 0.938394
0.954152 -68.2925 0.938544
0.954302 -68.2815 0.938694
0.954452 -68.2706 0.938694
0.954602 -68.2597 0.938844
0.954752 -68.2487 0.938994
0.954902 -68.2378 0.939145
0.955053 -68.2269 0.939295
0.955203  -68.216 0.939445
0.955353 -68.2051 0.939595
0.955503 -68.1941 0.939745
0.955653 -68.1832 0.939895
0.955803 -68.1723 0.940045
0.955953 -68.1614 0.940195
0.956103 -68.1505 0.940345
0.956253 -68.1396 0.940495
0.956403 -68.1287 0.940645
0.956553 -68.1178 0.940795
0.956703  -68.107 0.940945
0.956853 -68.0961 0.940945
0.957004 -68.0852 0.941096
0.957154 -68.0743 0.941246
0.957304 -68.0634 0.941396
0.957454 -68.0526 0.941546
0.957604 -68.0417 0.941696
0.957754 -68.0308 0.941846
0.957904   -68.02 0.941996
0.958054 -68.0091 0.942146
0.958204 -67.9983 0.942296
0.958354 -67.9874 0.942446
0.958504 -67.9766 0.942596
0.958654 -67.9657 0.942746
0.958804 -67.9549 0.942896
0.958954 -67.9441 0.943047
0.959105 -67.9332 0.943197
0.959255 -67.9224 0.943347
0.959405 -67.9116 0.943347
0.959555 -67.9007 0.943497
0.959705 -67.8899 0.943647
0.959855 -67.8791 0.943797
0.960005 -67.8683 0.943947
0.960155 -67.8575 0.944097
0.960305 -67.8467 0.944247
0.960455 -67.8359 0.944397
0.960605 -67.8251 0.944547
0.960755 -67.8143 0.944697
0.960905 -67.8035 0.944847
0.961056 -67.7927 0.944997
0.961206 -67.7819 0.945148
0.961356 -67.7711 0.945298
0.961506 -67.7603 0.945448
0.961656 -67.7496 0.945598
0.961806 -67.7388 0.945598
0.961956  -67.728 0.945748
0.962106 -67.7172 0.945898
0.962256 -67.7065 0.946048
0.962406 -67.6957 0.946198
0.962556  -67.685 0.946348
0.962706 -67.6742 0.946498
0.962856 -67.6634 0.946648
0.963007 -67.6527 0.946798
0.963157 -67.6419 0.946948
0.963307 -67.6312 0.947099
0.963457 -67.6205 0.947249
0.963607 -67.6097 0.947399
0.963757  -67.599 0.947549
0.963907 -67.5883 0.947699
0.964057 -67.5775 0.947849
0.964207 -67.5668 0.947999
0.964357 -67.5561 0.948149
0.964507 -67.5454 0.948149
0.964657 -67.5347 0.948299
0.964807  -67.524 0.948449
0.964957 -67.5133 0.948599
0.965108 -67.5025 0.948749
0.965258 -67.4918 0.948899
0.965408 -67.4811  0.94905
0.965558 -67.4705   0.9492
0.965708 -67.4598  0.94935
0.965858 -67.4491   0.9495
0.966008 -67.4384  0.94965
0.966158 -67.4277   0.9498
0.966308  -67.417  0.94995
0.966458 -67.4064   0.9501
0.966608 -67.3957  0.95025
0.966758  -67.385   0.9504
0.966908 -67.3744  0.95055
0.967059 -67.3637  0.95055
0.967209  -67.353   0.9507
0.967359 -67.3424  0.95085
0.967509 -67.3317 0.951001
0.967659 -67.3211 0.951151
0.967809 -67.3104 0.951301
0.967959 -67.2998 0.951451
0.968109 -67.2891 0.951601
0.968259 -67.2785 0.951751
0.968409 -67.2679 0.951901
0.968559 -67.2572 0.952051
0.968709 -67.2466 0.952201
0.968859  -67.236 0.952351
 0.96901 -67.2254 0.952501
 0.96916 -67.2147 0.952651
 0.96931 -67.2041 0.952801
 0.96946 -67.1935 0.952951
 0.96961 -67.1829 0.952951
 0.96976 -67.1723 0.953102
 0.96991 -67.1617 0.953252
 0.97006 -67.1511 0.953402
 0.97021 -67.1405 0.953552
 0.97036 -67.1299 0.953702
 0.97051 -67.1193 0.953852
 0.97066 -67.1087 0.954002
 0.97081 -67.0982 0.954152
 0.97096 -67.0876 0.954302
0.971111  -67.077 0.954452
0.971261 -67.0664 0.954602
0.971411 -67.0559 0.954752
0.971561 -67.0453 0.954902
0.971711 -67.0347 0.955053
0.971861 -67.0242 0.955203
0.972011 -67.0136 0.955353
0.972161  -67.003 0.955503
0.972311 -66.9925 0.955503
0.972461 -66.9819 0.955653
0.972611 -66.9714 0.955803
0.972761 -66.9609 0.955953
0.972911 -66.9503 0.956103
0.973062 -66.9398 0.956253
0.973212 -66.9292 0.956403
0.973362 -66.9187 0.956553
0.973512 -66.9082 0.956703
0.973662 -66.8977 0.956853
0.973812 -66.8871 0.957004
0.973962 -66.8766 0.957154
0.974112 -66.8661 0.957304
0.974262 -66.8556 0.957454
0.974412 -66.8451 0.957604
0.974562 -66.8346 0.957754
0.974712 -66.8241 0.957904
0.974862 -66.8136 0.957904
0.975013 -66.8031 0.958054
0.975163 -66.7926 0.958204
0.975313 -66.7821 0.958354
0.975463 -66.7716 0.958504
0.975613 -66.7611 0.958654
0.975763 -66.7506 0.958804
0.975913 -66.7402 0.958954
0.976063 -66.7297 0.959105
0.976213 -66.7192 0.959255
0.976363 -66.7087 0.959405
0.976513 -66.6983 0.959555
0.976663 -66.6878 0.959705
0.976813 -66.6774 0.959855
0.976963 -66.6669 0.960005
0.977114 -66.6565 0.960155
0.977264  -66.646 0.960305
0.977414 -66.6356 0.960455
0.977564 -66.6251 0.960455
0.977714 -66.6147 0.960605
0.977864 -66.6042 0.960755
0.978014 -66.5938 0.960905
0.978164 -66.5834 0.961056
0.978314 -66.5729 0.961206
0.978464 -66.5625 0.961356
0.978614 -66.5521 0.961506
0.978764 -66.5417 0.961656
0.978914 -66.5312 0.961806
0.979065 -66.5208 0.961956
0.979215 -66.5104 0.962106
0.979365    -66.5 0.962256
0.979515 -66.4896 0.962406
0.979665 -66.4792 0.962556
0.979815 -66.4688 0.962706
0.979965 -66.4584 0.962856
0.980115  -66.448 0.962856
0.980265 -66.4376 0.963007
0.980415 -66.4272 0.963157
0.980565 -66.4169 0.963307
0.980715 -66.4065 0.963457
0.980865 -66.3961 0.963607
0.981016 -66.3857 0.963757
0.981166 -66.3754 0.963907
0.981316  -66.365 0.964057
0.981466 -66.3546 0.964207
0.981616 -66.3443 0.964357
0.981766 -66.3339 0.964507
0.981916 -66.3235 0.964657
0.982066 -66.3132 0.964807
0.982216 -66.3028 0.964957
0.982366 -66.2925 0.965108
0.982516 -66.2821 0.965258
0.982666 -66.2718 0.965408
0.982816 -66.2615 0.965408
0.982966 -66.2511 0.965558
0.983117 -66.2408 0.965708
0.983267 -66.2305 0.965858
0.983417 -66.2201 0.966008
0.983567 -66.2098 0.966158
0.983717 -66.1995 0.966308
0.983867 -66.1892 0.966458
0.984017 -66.1789 0.966608
0.984167 -66.1686 0.966758
0.984317 -66.1582 0.966908
0.984467 -66.1479 0.967059
0.984617 -66.1376 0.967209
0.984767 -66.1273 0.967359
0.984917  -66.117 0.967509
0.985068 -66.1068 0.967659
0.985218 -66.0965 0.967809
0.985368 -66.0862 0.967959
0.985518 -66.0759 0.967959
0.985668 -66.0656 0.968109
0.985818 -66.0553 0.968259
0.985968 -66.0451 0.968409
0.986118 -66.0348 0.968559
0.986268 -66.0245 0.968709
0.986418 -66.0142 0.968859
0.986568  -66.004  0.96901
0.986718 -65.9937  0.96916
0.986868 -65.9835  0.96931
0.987019 -65.9732  0.96946
0.987169  -65.963  0.96961
0.987319 -65.9527  0.96976
0.987469 -65.9425  0.96991
0.987619 -65.9322  0.97006
0.987769  -65.922  0.97021
0.987919 -65.9117  0.97036
0.988069 -65.9015  0.97051
0.988219 -65.8913  0.97066
0.988369  -65.881  0.97066
0.988519 -65.8708  0.97081
0.988669 -65.8606  0.97096
0.988819 -65.8504 0.971111
0.988969 -65.8402 0.971261
 0.98912 -65.8299 0.971411
 0.98927 -65.8197 0.971561
 0.98942 -65.8095 0.971711
 0.98957 -65.7993 0.971861
 0.98972 -65.7891 0.972011
 0.98987 -65.7789 0.972161
 0.99002 -65.7687 0.972311
 0.99017 -65.7585 0.972461
 0.99032 -65.7483 0.972611
 0.99047 -65.7381 0.972761
 0.99062  -65.728 0.972911
 0.99077 -65.7178 0.973062
 0.99092 -65.7076 0.973212
0.991071 -65.6974 0.973212
0.991221 -65.6873 0.973362
0.991371 -65.6771 0.973512
0.991521 -65.6669 0.973662
0.991671 -65.6568 0.973812
0.991821 -65.6466 0.973962
0.991971 -65.6364 0.974112
0.992121 -65.6263 0.974262
0.992271 -65.6161 0.974412
0.992421  -65.606 0.974562
0.992571 -65.5958 0.974712
0.992721 -65.5857 0.974862
0.992871 -65.5755 0.975013
0.993022 -65.5654 0.975163
0.993172 -65.5553 0.975313
0.993322 -65.5451 0.975463
0.993472  -65.535 0.975613
0.993622 -65.5249 0.975763
0.993772 -65.5148 0.975763
0.993922 -65.5046 0.975913
0.994072 -65.4945 0.976063
0.994222 -65.4844 0.976213
0.994372 -65.4743 0.976363
0.994522 -65.4642 0.976513
0.994672 -65.4541 0.976663
0.994822  -65.444 0.976813
0.994972 -65.4339 0.976963
0.995123 -65.4238 0.977114
0.995273 -65.4137 0.977264
0.995423 -65.4036 0.977414
0.995573 -65.3935 0.977564
0.995723 -65.3834 0.977714
0.995873 -65.3733 0.977864
0.996023 -65.3632 0.978014
0.996173 -65.3532 0.978164
0.996323 -65.3431 0.978314
0.996473  -65.333 0.978314
0.996623  -65.323 0.978464
0.996773 -65.3129 0.978614
0.996923 -65.3028 0.978764
0.997074 -65.2928 0.978914
0.997224 -65.2827 0.979065
0.997374 -65.2726 0.979215
0.997524 -65.2626 0.979365
0.997674 -65.2525 0.979515
0.997824 -65.2425 0.979665
0.997974 -65.2325 0.979815
0.998124 -65.2224 0.979965
0.998274 -65.2124 0.980115
0.998424 -65.2023 0.980265
0.998574 -65.1923 0.980415
0.998724 -65.1823 0.980565
0.998874 -65.1723 0.980715
0.999025 -65.1622 0.980865
0.999175 -65.1522 0.981016
0.999325 -65.1422 0.981016
0.999475 -65.1322 0.981166
0.999625 -65.1222 0.981316
0.999775 -65.1122 0.981466
0.999925 -65.1022 0.981616
 1.00008 -65.0921 0.981766
 1.00023 -65.0821 0.981916
 1.00038 -65.0721 0.982066
 1.00053 -65.0622 0.982216
 1.00068 -65.0522 0.982366
 1.00083 -65.0422 0.982516
 1.00098 -65.0322 0.982666
 1.00113 -65.0222 0.982816
 1.00128 -65.0122 0.982966
 1.00143 -65.0022 0.983117
 1.00158 -64.9923 0.983267
 1.00173 -64.9823 0.983417
 1.00188 -64.9723 0.983567
 1.00203 -64.9624 0.983567
 1.00218 -64.9524 0.983717
 1.00233 -64.9424 0.983867
 1.00248 -64.9325 0.984017
 1.00263 -64.9225 0.984167
 1.00278 -64.9126 0.984317
 1.00293 -64.9026 0.984467
 1.00308 -64.8927 0.984617
 1.00323 -64.8827 0.984767
 1.00338 -64.8728 0.984917
 1.00353 -64.8628 0.985068
 1.00368 -64.8529 0.985218
 1.00383  -64.843 0.985368
 1.00398  -64.833 0.985518
 1.00413 -64.8231 0.985668
 1.00428 -64.8132 0.985818
 1.00443 -64.8033 0.985968
 1.00458 -64.7933 0.986118
 1.00473 -64.7834 0.986268
 1.00488 -64.7735 0.986268
 1.00503 -64.7636 0.986418
 1.00518 -64.7537 0.986568
 1.00533 -64.7438 0.986718
 1.00548 -64.7339 0.986868
 1.00563  -64.724 0.987019
 1.00578 -64.7141 0.987169
 1.00593 -64.7042 0.987319
 1.00608 -64.6943 0.987469
 1.00623 -64.6844 0.987619
 1.00638 -64.6745 0.987769
 1.00653 -64.6646 0.987919
 1.00668 -64.6548 0.988069
 1.00683 -64.6449 0.988219
 1.00698  -64.635 0.988369
 1.00713 -64.6251 0.988519
 1.00728 -64.6153 0.988669
 1.00743 -64.6054 0.988819
 1.00758 -64.5955 0.988819
 1.00773 -64.5857 0.988969
 1.00788 -64.5758  0.98912
 1.00803  -64.566  0.98927
 1.00818 -64.5561  0.98942
 1.00833 -64.5463  0.98957
 1.00848 -64.5364  0.98972
 1.00863 -64.5266  0.98987
 1.00878 -64.5167  0.99002
 1.00893 -64.5069  0.99017
 1.00908 -64.4971  0.99032
 1.00923 -64.4872  0.99047
 1.00938 -64.4774  0.99062
 1.00953 -64.4676  0.99077
 1.00968 -64.4577  0.99092
 1.00983 -64.4479 0.991071
 1.00998 -64.4381 0.991221
 1.01013 -64.4283 0.991371
 1.01028 -64.4185 0.991521
 1.01043 -64.4087 0.991521
 1.01058 -64.3988 0.991671
 1.01073  -64.389 0.991821
 1.01088 -64.3792 0.991971
 1.01103 -64.3694 0.992121
 1.01118 -64.3596 0.992271
 1.01133 -64.3498 0.992421
 1.01148 -64.3401 0.992571
 1.01163 -64.3303 0.992721
 1.01178 -64.3205 0.992871
 1.01193 -64.3107 0.993022
 1.01208 -64.3009 0.993172
 1.01223 -64.2911 0.993322
 1.01238 -64.2814 0.993472
 1.01253 -64.2716 0.993622
 1.01268 -64.2618 0.993772
 1.01283  -64.252 0.993922
 1.01298 -64.2423 0.994072
 1.01313 -64.2325 0.994072
 1.01328 -64.2228 0.994222
 1.01343  -64.213 0.994372
 1.01358 -64.2032 0.994522
 1.01373 -64.1935 0.994672
 1.01388 -64.1837 0.994822
 1.01403  -64.174 0.994972
 1.01418 -64.1643 0.995123
 1.01433 -64.1545 0.995273
 1.01448 -64.1448 0.995423
 1.01463  -64.135 0.995573
 1.01478 -64.1253 0.995723
 1.01493 -64.1156 0.995873
 1.01508 -64.1059 0.996023
 1.01523 -64.0961 0.996173
 1.01538 -64.0864 0.996323
 1.01553 -64.0767 0.996473
 1.01568  -64.067 0.996623
 1.01583 -64.0573 0.996773
 1.01598 -64.0476 0.996773
 1.01613 -64.0378 0.996923
 1.01628 -64.0281 0.997074
 1.01643 -64.0184 0.997224
 1.01658 -64.0087 0.997374
 1.01673  -63.999 0.997524
 1.01688 -63.9893 0.997674
 1.01703 -63.9797 0.997824
 1.01718   -63.97 0.997974
 1.01733 -63.9603 0.998124
 1.01748 -63.9506 0.998274
 1.01763 -63.9409 0.998424
 1.01778 -63.9312 0.998574
 1.01793 -63.9216 0.998724
 1.01808 -63.9119 0.998874
 1.01823 -63.9022 0.999025
 1.01838 -63.8926 0.999175
 1.01853 -63.8829 0.999325
 1.01868 -63.8732 0.999475
 1.01883 -63.8636 0.999475
 1.01898 -63.8539 0.999625
 1.01913 -63.8443 0.999775
 1.01928 -63.8346 0.999925
 1.01943  -63.825  1.00008
 1.01958 -63.8153  1.00023
 1.01973 -63.8057  1.00038
 1.01988  -63.796  1.00053
 1.02004 -63.7864  1.00068
 1.02019 -63.7767  1.00083
 1.02034 -63.7671  1.00098
 1.02049 -63.7575  1.00113
 1.02064 -63.7479  1.00128
 1.02079 -63.7382  1.00143
 1.02094 -63.7286  1.00158
 1.02109  -63.719  1.00173
 1.02124 -63.7094  1.00188
 1.02139 -63.6998  1.00203
 1.02154 -63.6902  1.00203
 1.02169 -63.6805  1.00218
 1.02184 -63.6709  1.00233
 1.02199 -63.6613  1.00248
 1.02214 -63.6517  1.00263
 1.02229 -63.6421  1.00278
 1.02244 -63.6325  1.00293
 1.02259 -63.6229  1.00308
 1.02274 -63.6134  1.00323
 1.02289 -63.6038  1.00338
 1.02304 -63.5942  1.00353
 1.02319 -63.5846  1.00368
 1.02334  -63.575  1.00383
 1.02349 -63.5654  1.00398
 1.02364 -63.5559  1.00413
 1.02379 -63.5463  1.00428
 1.02394 -63.5367  1.00443
 1.02409 -63.5272  1.00458
 1.02424 -63.5176  1.00458
 1.02439  -63.508  1.00473
 1.02454 -63.4985  1.00488
 1.02469 -63.4889  1.00503
 1.02484 -63.4794  1.00518
 1.02499 -63.4698  1.00533
 1.02514 -63.4603  1.00548
 1.02529 -63.4507  1.00563
 1.02544 -63.4412  1.00578
 1.02559 -63.4316  1.00593
 1.02574 -63.4221  1.00608
 1.02589 -63.4126  1.00623
 1.02604  -63.403  1.00638
 1.02619 -63.3935  1.00653
 1.02634  -63.384  1.00668
 1.02649 -63.3745  1.00683
 1.02664 -63.3649  1.00698
 1.02679 -63.3554  1.00713
 1.02694 -63.3459  1.00728
 1.02709 -63.3364  1.00728
 1.02724 -63.3269  1.00743
 1.02739 -63.3174  1.00758
 1.02754 -63.3079  1.00773
 1.02769 -63.2984  1.00788
 1.02784 -63.2889  1.00803
 1.02799 -63.2794  1.00818
 1.02814 -63.2699  1.00833
 1.02829 -63.2604  1.00848
 1.02844 -63.2509  1.00863
 1.02859 -63.2414  1.00878
 1.02874 -63.2319  1.00893
 1.02889 -63.2224  1.00908
 1.02904  -63.213  1.00923
 1.02919 -63.2035  1.00938
 1.02934  -63.194  1.00953
 1.02949 -63.1845  1.00968
 1.02964 -63.1751  1.00983
 1.02979 -63.1656  1.00983
 1.02994 -63.1561  1.00998
 1.03009 -63.1467  1.01013
 1.03024 -63.1372  1.01028
 1.03039 -63.1278  1.01043
 1.03054 -63.1183  1.01058
 1.03069 -63.1089  1.01073
 1.03084 -63.0994  1.01088
 1.03099   -63.09  1.01103
 1.03114 -63.0805  1.01118
 1.03129 -63.0711  1.01133
 1.03144 -63.0616  1.01148
 1.03159 -63.0522  1.01163
 1.03174 -63.0428  1.01178
 1.03189 -63.0333  1.01193
 1.03204 -63.0239  1.01208
 1.03219 -63.0145  1.01223
 1.03234 -63.0051  1.01238
 1.03249 -62.9956  1.01253
 1.03264 -62.9862  1.01253
 1.03279 -62.9768  1.01268
 1.03294 -62.9674  1.01283
 1.03309  -62.958  1.01298
 1.03324 -62.9486  1.01313
 1.03339 -62.9392  1.01328
 1.03354 -62.9298  1.01343
 1.03369 -62.9204  1.01358
 1.03384  -62.911  1.01373
 1.03399 -62.9016  1.01388
 1.03414 -62.8922  1.01403
 1.03429 -62.8828  1.01418
 1.03444 -62.8734  1.01433
 1.03459  -62.864  1.01448
 1.03474 -62.8547  1.01463
 1.03489 -62.8453  1.01478
 1.03504 -62.8359  1.01493
 1.03519 -62.8265  1.01508
 1.03534 -62.8172  1.01508
 1.03549 -62.8078  1.01523
 1.03564 -62.7984  1.01538
 1.03579 -62.7891  1.01553
 1.03594 -62.7797  1.01568
 1.03609 -62.7703  1.01583
 1.03624  -62.761  1.01598
 1.03639 -62.7516  1.01613
 1.03654 -62.7423  1.01628
 1.03669 -62.7329  1.01643
 1.03684 -62.7236  1.01658
 1.03699 -62.7142  1.01673
 1.03714 -62.7049  1.01688
 1.03729 -62.6956  1.01703
 1.03744 -62.6862  1.01718
 1.03759 -62.6769  1.01733
 1.03774 -62.6676  1.01748
 1.03789 -62.6583  1.01763
 1.03804 -62.6489  1.01778
 1.03819 -62.6396  1.01778
 1.03834 -62.6303  1.01793
 1.03849  -62.621  1.01808
 1.03864 -62.6117  1.01823
 1.03879 -62.6023  1.01838
 1.03894  -62.593  1.01853
 1.03909 -62.5837  1.01868
 1.03924 -62.5744  1.01883
 1.03939 -62.5651  1.01898
 1.03954 -62.5558  1.01913
 1.03969 -62.5465  1.01928
 1.03984 -62.5372  1.01943
 1.03999 -62.5279  1.01958
 1.04015 -62.5186  1.01973
  1.0403 -62.5094  1.01988
 1.04045 -62.5001  1.02004
  1.0406 -62.4908  1.02019
 1.04075 -62.4815  1.02034
  1.0409 -62.4722  1.02034
 1.04105  -62.463  1.02049
  1.0412 -62.4537  1.02064
 1.04135 -62.4444  1.02079
  1.0415 -62.4352  1.02094
 1.04165 -62.4259  1.02109
  1.0418 -62.4166  1.02124
 1.04195 -62.4074  1.02139
  1.0421 -62.3981  1.02154
 1.04225 -62.3889  1.02169
  1.0424 -62.3796  1.02184
 1.04255 -62.3704  1.02199
  1.0427 -62.3611  1.02214
 1.04285 -62.3519  1.02229
   1.043 -62.3426  1.02244
 1.04315 -62.3334  1.02259
  1.0433 -62.3242  1.02274
 1.04345 -62.3149  1.02289
  1.0436 -62.3057  1.02289
 1.04375 -62.2965  1.02304
  1.0439 -62.2873  1.02319
 1.04405  -62.278  1.02334
  1.0442 -62.2688  1.02349
 1.04435 -62.2596  1.02364
  1.0445 -62.2504  1.02379
 1.04465 -62.2412  1.02394
  1.0448  -62.232  1.02409
 1.04495 -62.2227  1.02424
  1.0451 -62.2135  1.02439
 1.04525 -62.2043  1.02454
  1.0454 -62.1951  1.02469
 1.04555 -62.1859  1.02484
  1.0457 -62.1767  1.02499
 1.04585 -62.1676  1.02514
   1.046 -62.1584  1.02529
 1.04615 -62.1492  1.02544
  1.0463   -62.14  1.02559
 1.04645 -62.1308  1.02559
  1.0466 -62.1216  1.02574
 1.04675 -62.1124  1.02589
  1.0469 -62.1033  1.02604
 1.04705 -62.0941  1.02619
  1.0472 -62.0849  1.02634
 1.04735 -62.0758  1.02649
  1.0475 -62.0666  1.02664
 1.04765 -62.0574  1.02679
  1.0478 -62.0483  1.02694
 1.04795 -62.0391  1.02709
  1.0481   -62.03  1.02724
 1.04825 -62.0208  1.02739
  1.0484 -62.0117  1.02754
 1.04855 -62.0025  1.02769
  1.0487 -61.9934  1.02784
 1.04885 -61.9842  1.02799
   1.049 -61.9751  1.02814
 1.04915 -61.9659  1.02814
  1.0493 -61.9568  1.02829
 1.04945 -61.9477  1.02844
  1.0496 -61.9385  1.02859
 1.04975 -61.9294  1.02874
  1.0499 -61.9203  1.02889
 1.05005 -61.9112  1.02904
  1.0502 -61.9021  1.02919
 1.05035 -61.8929  1.02934
  1.0505 -61.8838  1.02949
 1.05065 -61.8747  1.02964
  1.0508 -61.8656  1.02979
 1.05095 -61.8565  1.02994
  1.0511 -61.8474  1.03009
 1.05125 -61.8383  1.03024
  1.0514 -61.8292  1.03039
 1.05155 -61.8201  1.03054
  1.0517  -61.811  1.03069
 1.05185 -61.8019  1.03069
   1.052 -61.7928  1.03084
 1.05215 -61.7837  1.03099
  1.0523 -61.7746  1.03114
 1.05245 -61.7655  1.03129
  1.0526 -61.7565  1.03144
 1.05275 -61.7474  1.03159
  1.0529 -61.7383  1.03174
 1.05305 -61.7292  1.03189
  1.0532 -61.7202  1.03204
 1.05335 -61.7111  1.03219
  1.0535  -61.702  1.03234
 1.05365  -61.693  1.03249
  1.0538 -61.6839  1.03264
 1.05395 -61.6749  1.03279
  1.0541 -61.6658  1.03294
 1.05425 -61.6567  1.03309
  1.0544 -61.6477  1.03324
 1.05455 -61.6386  1.03324
  1.0547 -61.6296  1.03339
 1.05485 -61.6206  1.03354
   1.055 -61.6115  1.03369
 1.05515 -61.6025  1.03384
  1.0553 -61.5934  1.03399
 1.05545 -61.5844  1.03414
  1.0556 -61.5754  1.03429
 1.05575 -61.5663  1.03444
  1.0559 -61.5573  1.03459
 1.05605 -61.5483  1.03474
  1.0562 -61.5393  1.03489
 1.05635 -61.5303  1.03504
  1.0565 -61.5212  1.03519
 1.05665 -61.5122  1.03534
  1.0568 -61.5032  1.03549
 1.05695 -61.4942  1.03564
  1.0571 -61.4852  1.03579
 1.05725 -61.4762  1.03579
  1.0574 -61.4672  1.03594
 1.05755 -61.4582  1.03609
  1.0577 -61.4492  1.03624
 1.05785 -61.4402  1.03639
   1.058 -61.4312  1.03654
 1.05815 -61.4222  1.03669
  1.0583 -61.4132  1.03684
 1.05845 -61.4043  1.03699
  1.0586 -61.3953  1.03714
 1.05875 -61.3863  1.03729
  1.0589 -61.3773  1.03744
 1.05905 -61.3683  1.03759
  1.0592 -61.3594  1.03774
 1.05935 -61.3504  1.03789
  1.0595 -61.3414  1.03804
 1.05965 -61.3325  1.03819
  1.0598 -61.3235  1.03819
 1.05995 -61.3145  1.03834
 1.06011 -61.3056  1.03849
 1.06026 -61.2966  1.03864
 1.06041 -61.2877  1.03879
 1.06056 -61.2787  1.03894
 1.06071 -61.2698  1.03909
 1.06086 -61.2608  1.03924
 1.06101 -61.2519  1.03939
 1.06116  -61.243  1.03954
 1.06131  -61.234  1.03969
 1.06146 -61.2251  1.03984
 1.06161 -61.2161  1.03999
 1.06176 -61.2072  1.04015
 1.06191 -61.1983   1.0403
 1.06206 -61.1894  1.04045
 1.06221 -61.1804   1.0406
 1.06236 -61.1715  1.04075
 1.06251 -61.1626  1.04075
 1.06266 -61.1537   1.0409
 1.06281 -61.1448  1.04105
 1.06296 -61.1359   1.0412
 1.06311 -61.1269  1.04135
 1.06326  -61.118   1.0415
 1.06341 -61.1091  1.04165
 1.06356 -61.1002   1.0418
 1.06371 -61.0913  1.04195
 1.06386 -61.0824   1.0421
 1.06401 -61.0735  1.04225
 1.06416 -61.0647   1.0424
 1.06431 -61.0558  1.04255
 1.06446 -61.0469   1.0427
 1.06461  -61.038  1.04285
 1.06476 -61.0291    1.043
 1.06491 -61.0202  1.04315
 1.06506 -61.0114  1.04315
 1.06521 -61.0025   1.0433
 1.06536 -60.9936  1.04345
 1.06551 -60.9847   1.0436
 1.06566 -60.9759  1.04375
 1.06581  -60.967   1.0439
 1.06596 -60.9581  1.04405
 1.06611 -60.9493   1.0442
 1.06626 -60.9404  1.04435
 1.06641 -60.9316   1.0445
 1.06656 -60.9227  1.04465
 1.06671 -60.9139   1.0448
 1.06686  -60.905  1.04495
 1.06701 -60.8962   1.0451
 1.06716 -60.8873  1.04525
 1.06731 -60.8785   1.0454
 1.06746 -60.8697  1.04555
 1.06761 -60.8608   1.0457
 1.06776  -60.852   1.0457
 1.06791 -60.8432  1.04585
 1.06806 -60.8343    1.046
 1.06821 -60.8255  1.04615
 1.06836 -60.8167   1.0463
 1.06851 -60.8078  1.04645
 1.06866  -60.799   1.0466
 1.06881 -60.7902  1.04675
 1.06896 -60.7814   1.0469
 1.06911 -60.7726  1.04705
 1.06926 -60.7638   1.0472
 1.06941  -60.755  1.04735
 1.06956 -60.7462   1.0475
 1.06971 -60.7374  1.04765
 1.06986 -60.7286   1.0478
 1.07001 -60.7198  1.04795
 1.07016  -60.711   1.0481
 1.07031 -60.7022   1.0481
 1.07046 -60.6934  1.04825
 1.07061 -60.6846   1.0484
 1.07076 -60.6758  1.04855
 1.07091  -60.667   1.0487
 1.07106 -60.6583  1.04885
 1.07121 -60.6495    1.049
 1.07136 -60.6407  1.04915
 1.07151 -60.6319   1.0493
 1.07166 -60.6232  1.04945
 1.07181 -60.6144   1.0496
 1.07196 -60.6056  1.04975
 1.07211 -60.5969   1.0499
 1.07226 -60.5881  1.05005
 1.07241 -60.5793   1.0502
 1.07256 -60.5706  1.05035
 1.07271 -60.5618   1.0505
 1.07286 -60.5531   1.0505
 1.07301 -60.5443  1.05065
 1.07316 -60.5356   1.0508
 1.07331 -60.5268  1.05095
 1.07346 -60.5181   1.0511
 1.07361 -60.5093  1.05125
 1.07376 -60.5006   1.0514
 1.07391 -60.4919  1.05155
 1.07406 -60.4831   1.0517
 1.07421 -60.4744  1.05185
 1.07436 -60.4657    1.052
 1.07451  -60.457  1.05215
 1.07466 -60.4482   1.0523
 1.07481 -60.4395  1.05245
 1.07496 -60.4308   1.0526
 1.07511 -60.4221  1.05275
 1.07526 -60.4134   1.0529
 1.07541 -60.4047   1.0529
 1.07556  -60.396  1.05305
 1.07571 -60.3872   1.0532
 1.07586 -60.3785  1.05335
 1.07601 -60.3698   1.0535
 1.07616 -60.3611  1.05365
 1.07631 -60.3524   1.0538
 1.07646 -60.3437  1.05395
 1.07661 -60.3351   1.0541
 1.07676 -60.3264  1.05425
 1.07691 -60.3177   1.0544
 1.07706  -60.309  1.05455
 1.07721 -60.3003   1.0547
 1.07736 -60.2916  1.05485
 1.07751  -60.283    1.055
 1.07766 -60.2743  1.05515
 1.07781 -60.2656  1.05515
 1.07796 -60.2569   1.0553
 1.07811 -60.2483  1.05545
 1.07826 -60.2396   1.0556
 1.07841 -60.2309  1.05575
 1.07856 -60.2223   1.0559
 1.07871 -60.2136  1.05605
 1.07886  -60.205   1.0562
 1.07901 -60.1963  1.05635
 1.07916 -60.1877   1.0565
 1.07931  -60.179  1.05665
 1.07946 -60.1704   1.0568
 1.07961 -60.1617  1.05695
 1.07976 -60.1531   1.0571
 1.07991 -60.1444  1.05725
 1.08007 -60.1358   1.0574
 1.08022 -60.1272  1.05755
 1.08037 -60.1185  1.05755
 1.08052 -60.1099   1.0577
 1.08067 -60.1013  1.05785
 1.08082 -60.0926    1.058
 1.08097  -60.084  1.05815
 1.08112 -60.0754   1.0583
 1.08127 -60.0668  1.05845
 1.08142 -60.0582   1.0586
 1.08157 -60.0496  1.05875
 1.08172 -60.0409   1.0589
 1.08187 -60.0323  1.05905
 1.08202 -60.0237   1.0592
 1.08217 -60.0151  1.05935
 1.08232 -60.0065   1.0595
 1.08247 -59.9979  1.05965
 1.08262 -59.9893   1.0598
 1.08277 -59.9807   1.0598
 1.08292 -59.9721  1.05995
 1.08307 -59.9636  1.06011
 1.08322  -59.955  1.06026
 1.08337 -59.9464  1.06041
 1.08352 -59.9378  1.06056
 1.08367 -59.9292  1.06071
 1.08382 -59.9206  1.06086
 1.08397 -59.9121  1.06101
 1.08412 -59.9035  1.06116
 1.08427 -59.8949  1.06131
 1.08442 -59.8864  1.06146
 1.08457 -59.8778  1.06161
 1.08472 -59.8692  1.06176
 1.08487 -59.8607  1.06191
 1.08502 -59.8521  1.06206
 1.08517 -59.8435  1.06206
 1.08532  -59.835  1.06221
 1.08547 -59.8264  1.06236
 1.08562 -59.8179  1.06251
 1.08577 -59.8093  1.06266
 1.08592 -59.8008  1.06281
 1.08607 -59.7923  1.06296
 1.08622 -59.7837  1.06311
 1.08637 -59.7752  1.06326
 1.08652 -59.7667  1.06341
 1.08667 -59.7581  1.06356
 1.08682 -59.7496  1.06371
 1.08697 -59.7411  1.06386
 1.08712 -59.7325  1.06401
 1.08727  -59.724  1.06416
 1.08742 -59.7155  1.06416
 1.08757  -59.707  1.06431
 1.08772 -59.6985  1.06446
 1.08787 -59.6899  1.06461
 1.08802 -59.6814  1.06476
 1.08817 -59.6729  1.06491
 1.08832 -59.6644  1.06506
 1.08847 -59.6559  1.06521
 1.08862 -59.6474  1.06536
 1.08877 -59.6389  1.06551
 1.08892 -59.6304  1.06566
 1.08907 -59.6219  1.06581
 1.08922 -59.6134  1.06596
 1.08937 -59.6049  1.06611
 1.08952 -59.5965  1.06626
 1.08967  -59.588  1.06641
 1.08982 -59.5795  1.06641
 1.08997  -59.571  1.06656
 1.09012 -59.5625  1.06671
 1.09027 -59.5541  1.06686
 1.09042 -59.5456  1.06701
 1.09057 -59.5371  1.06716
 1.09072 -59.5286  1.06731
 1.09087 -59.5202  1.06746
 1.09102 -59.5117  1.06761
 1.09117 -59.5032  1.06776
 1.09132 -59.4948  1.06791
 1.09147 -59.4863  1.06806
 1.09162 -59.4779  1.06821
 1.09177 -59.4694  1.06836
 1.09192  -59.461  1.06851
 1.09207 -59.4525  1.06851
 1.09222 -59.4441  1.06866
 1.09237 -59.4356  1.06881
 1.09252 -59.4272  1.06896
 1.09267 -59.4188  1.06911
 1.09282 -59.4103  1.06926
 1.09297 -59.4019  1.06941
 1.09312 -59.3935  1.06956
 1.09327  -59.385  1.06971
 1.09342 -59.3766  1.06986
 1.09357 -59.3682  1.07001
 1.09372 -59.3598  1.07016
 1.09387 -59.3514  1.07031
 1.09402 -59.3429  1.07046
 1.09417 -59.3345  1.07061
 1.09432 -59.3261  1.07076
 1.09447 -59.3177  1.07076
 1.09462 -59.3093  1.07091
 1.09477 -59.3009  1.07106
 1.09492 -59.2925  1.07121
 1.09507 -59.2841  1.07136
 1.09522 -59.2757  1.07151
 1.09537 -59.2673  1.07166
 1.09552 -59.2589  1.07181
 1.09567 -59.2505  1.07196
 1.09582 -59.2421  1.07211
 1.09597 -59.2337  1.07226
 1.09612 -59.2253  1.07241
 1.09627  -59.217  1.07256
 1.09642 -59.2086  1.07271
 1.09657 -59.2002  1.07286
 1.09672 -59.1918  1.07286
 1.09687 -59.1835  1.07301
 1.09702 -59.1751  1.07316
 1.09717 -59.1667  1.07331
 1.09732 -59.1584  1.07346
 1.09747   -59.15  1.07361
 1.09762 -59.1416  1.07376
 1.09777 -59.1333  1.07391
 1.09792 -59.1249  1.07406
 1.09807 -59.1166  1.07421
 1.09822 -59.1082  1.07436
 1.09837 -59.0999  1.07451
 1.09852 -59.0915  1.07466
 1.09867 -59.0832  1.07481
 1.09882 -59.0748  1.07496
 1.09897 -59.0665  1.07496
 1.09912 -59.0582  1.07511
 1.09927 -59.0498  1.07526
 1.09942 -59.0415  1.07541
 1.09957 -59.0332  1.07556
 1.09972 -59.0248  1.07571
 1.09987 -59.0165  1.07586
 1.10003 -59.0082  1.07601
 1.10018 -58.9999  1.07616
 1.10033 -58.9916  1.07631
 1.10048 -58.9832  1.07646
 1.10063 -58.9749  1.07661
 1.10078 -58.9666  1.07676
 1.10093 -58.9583  1.07691
 1.10108   -58.95  1.07706
 1.10123 -58.9417  1.07706
 1.10138 -58.9334  1.07721
 1.10153 -58.9251  1.07736
 1.10168 -58.9168  1.07751
 1.10183 -58.9085  1.07766
 1.10198 -58.9002  1.07781
 1.10213 -58.8919  1.07796
 1.10228 -58.8836  1.07811
 1.10243 -58.8754  1.07826
 1.10258 -58.8671  1.07841
 1.10273 -58.8588  1.07856
 1.10288 -58.8505  1.07871
 1.10303 -58.8422  1.07886
 1.10318  -58.834  1.07901
 1.10333 -58.8257  1.07901
 1.10348 -58.8174  1.07916
 1.10363 -58.8092  1.07931
 1.10378 -58.8009  1.07946
 1.10393 -58.7926  1.07961
 1.10408 -58.7844  1.07976
 1.10423 -58.7761  1.07991
 1.10438 -58.7679  1.08007
 1.10453 -58.7596  1.08022
 1.10468 -58.7514  1.08037
 1.10483 -58.7431  1.08052
 1.10498 -58.7349  1.08067
 1.10513 -58.7266  1.08082
 1.10528 -58.7184  1.08097
 1.10543 -58.7102  1.08097
 1.10558 -58.7019  1.08112
 1.10573 -58.6937  1.08127
 1.10588 -58.6855  1.08142
 1.10603 -58.6772  1.08157
 1.10618  -58.669  1.08172
 1.10633 -58.6608  1.08187
 1.10648 -58.6526  1.08202
 1.10663 -58.6443  1.08217
 1.10678 -58.6361  1.08232
 1.10693 -58.6279  1.08247
 1.10708 -58.6197  1.08262
 1.10723 -58.6115  1.08277
 1.10738 -58.6033  1.08292
 1.10753 -58.5951  1.08292
 1.10768 -58.5869  1.08307
 1.10783 -58.5787  1.08322
 1.10798 -58.5705  1.08337
 1.10813 -58.5623  1.08352
 1.10828 -58.5541  1.08367
 1.10843 -58.5459  1.08382
 1.10858 -58.5377  1.08397
 1.10873 -58.5295  1.08412
 1.10888 -58.5213  1.08427
 1.10903 -58.5132  1.08442
 1.10918  -58.505  1.08457
 1.10933 -58.4968  1.08472
 1.10948 -58.4886  1.08472
 1.10963 -58.4805  1.08487
 1.10978 -58.4723  1.08502
 1.10993 -58.4641  1.08517
 1.11008  -58.456  1.08532
 1.11023 -58.4478  1.08547
 1.11038 -58.4397  1.08562
 1.11053 -58.4315  1.08577
 1.11068 -58.4233  1.08592
 1.11083 -58.4152  1.08607
 1.11098  -58.407  1.08622
 1.11113 -58.3989  1.08637
 1.11128 -58.3907  1.08652
 1.11143 -58.3826  1.08667
 1.11158 -58.3745  1.08667
 1.11173 -58.3663  1.08682
 1.11188 -58.3582  1.08697
 1.11203 -58.3501  1.08712
 1.11218 -58.3419  1.08727
 1.11233 -58.3338  1.08742
 1.11248 -58.3257  1.08757
 1.11263 -58.3175  1.08772
 1.11278 -58.3094  1.08787
 1.11293 -58.3013  1.08802
 1.11308 -58.2932  1.08817
 1.11323 -58.2851  1.08832
 1.11338  -58.277  1.08847
 1.11353 -58.2689  1.08847
 1.11368 -58.2607  1.08862
 1.11383 -58.2526  1.08877
 1.11398 -58.2445  1.08892
 1.11413 -58.2364  1.08907
 1.11428 -58.2283  1.08922
 1.11443 -58.2202  1.08937
 1.11458 -58.2122  1.08952
 1.11473 -58.2041  1.08967
 1.11488  -58.196  1.08982
 1.11503 -58.1879  1.08997
 1.11518 -58.1798  1.09012
 1.11533 -58.1717  1.09027
 1.11548 -58.1636  1.09027
 1.11563 -58.1556  1.09042
 1.11578 -58.1475  1.09057
 1.11593 -58.1394  1.09072
 1.11608 -58.1314  1.09087
 1.11623 -58.1233  1.09102
 1.11638 -58.1152  1.09117
 1.11653 -58.1072  1.09132
 1.11668 -58.0991  1.09147
 1.11683  -58.091  1.09162
 1.11698  -58.083  1.09177
 1.11713 -58.0749  1.09192
 1.11728 -58.0669  1.09192
 1.11743 -58.0588  1.09207
 1.11758 -58.0508  1.09222
 1.11773 -58.0428  1.09237
 1.11788 -58.0347  1.09252
 1.11803 -58.0267  1.09267
 1.11818 -58.0186  1.09282
 1.11833 -58.0106  1.09297
 1.11848 -58.0026  1.09312
 1.11863 -57.9946  1.09327
 1.11878 -57.9865  1.09342
 1.11893 -57.9785  1.09357
 1.11908 -57.9705  1.09357
 1.11923 -57.9625  1.09372
 1.11938 -57.9545  1.09387
 1.11953 -57.9465  1.09402
 1.11968 -57.9384  1.09417
 1.11983 -57.9304  1.09432
 1.11998 -57.9224  1.09447
 1.12014 -57.9144  1.09462
 1.12029 -57.9064  1.09477
 1.12044 -57.8984  1.09492
 1.12059 -57.8904  1.09507
 1.12074 -57.8824  1.09507
 1.12089 -57.8745  1.09522
 1.12104 -57.8665  1.09537
 1.12119 -57.8585  1.09552
 1.12134 -57.8505  1.09567
 1.12149 -57.8425  1.09582
 1.12164 -57.8345  1.09597
 1.12179 -57.8266  1.09612
 1.12194 -57.8186  1.09627
 1.12209 -57.8106  1.09642
 1.12224 -57.8027  1.09657
 1.12239 -57.7947  1.09657
 1.12254 -57.7867  1.09672
 1.12269 -57.7788  1.09687
 1.12284 -57.7708  1.09702
 1.12299 -57.7629  1.09717
 1.12314 -57.7549  1.09732
 1.12329  -57.747  1.09747
 1.12344  -57.739  1.09762
 1.12359 -57.7311  1.09777
 1.12374 -57.7231  1.09792
 1.12389 -57.7152  1.09807
 1.12404 -57.7073  1.09807
 1.12419 -57.6993  1.09822
 1.12434 -57.6914  1.09837
 1.12449 -57.6835  1.09852
 1.12464 -57.6755  1.09867
 1.12479 -57.6676  1.09882
 1.12494 -57.6597  1.09897
 1.12509 -57.6518  1.09912
 1.12524 -57.6439  1.09927
 1.12539 -57.6359  1.09942
 1.12554  -57.628  1.09957
 1.12569 -57.6201  1.09957
 1.12584 -57.6122  1.09972
 1.12599 -57.6043  1.09987
 1.12614 -57.5964  1.10003
 1.12629 -57.5885  1.10018
 1.12644 -57.5806  1.10033
 1.12659 -57.5727  1.10048
 1.12674 -57.5648  1.10063
 1.12689 -57.5569  1.10078
 1.12704  -57.549  1.10093
 1.12719 -57.5412  1.10108
 1.12734 -57.5333  1.10108
 1.12749 -57.5254  1.10123
 1.12764 -57.5175  1.10138
 1.12779 -57.5096  1.10153
 1.12794 -57.5018  1.10168
 1.12809 -57.4939  1.10183
 1.12824  -57.486  1.10198
 1.12839 -57.4782  1.10213
 1.12854 -57.4703  1.10228
 1.12869 -57.4625  1.10243
 1.12884 -57.4546  1.10243
 1.12899 -57.4467  1.10258
 1.12914 -57.4389  1.10273
 1.12929  -57.431  1.10288
 1.12944 -57.4232  1.10303
 1.12959 -57.4153  1.10318
 1.12974 -57.4075  1.10333
 1.12989 -57.3997  1.10348
 1.13004 -57.3918  1.10363
 1.13019  -57.384  1.10378
 1.13034 -57.3762  1.10393
 1.13049 -57.3683  1.10393
 1.13064 -57.3605  1.10408
 1.13079 -57.3527  1.10423
 1.13094 -57.3449  1.10438
 1.13109  -57.337  1.10453
 1.13124 -57.3292  1.10468
 1.13139 -57.3214  1.10483
 1.13154 -57.3136  1.10498
 1.13169 -57.3058  1.10513
 1.13184  -57.298  1.10528
 1.13199 -57.2902  1.10528
 1.13214 -57.2824  1.10543
 1.13229 -57.2746  1.10558
 1.13244 -57.2668  1.10573
 1.13259  -57.259  1.10588
 1.13274 -57.2512  1.10603
 1.13289 -57.2434  1.10618
 1.13304 -57.2356  1.10633
 1.13319 -57.2278  1.10648
 1.13334 -57.2201  1.10663
 1.13349 -57.2123  1.10678
 1.13364 -57.2045  1.10678
 1.13379 -57.1967  1.10693
 1.13394  -57.189  1.10708
 1.13409 -57.1812  1.10723
 1.13424 -57.1734  1.10738
 1.13439 -57.1657  1.10753
 1.13454 -57.1579  1.10768
 1.13469 -57.1501  1.10783
 1.13484 -57.1424  1.10798
 1.13499 -57.1346  1.10813
 1.13514 -57.1269  1.10813
 1.13529 -57.1191  1.10828
 1.13544 -57.1114  1.10843
 1.13559 -57.1036  1.10858
 1.13574 -57.0959  1.10873
 1.13589 -57.0882  1.10888
 1.13604 -57.0804  1.10903
 1.13619 -57.0727  1.10918
 1.13634  -57.065  1.10933
 1.13649 -57.0572  1.10948
 1.13664 -57.0495  1.10948
 1.13679 -57.0418  1.10963
 1.13694 -57.0341  1.10978
 1.13709 -57.0263  1.10993
 1.13724 -57.0186  1.11008
 1.13739 -57.0109  1.11023
 1.13754 -57.0032  1.11038
 1.13769 -56.9955  1.11053
 1.13784 -56.9878  1.11068
 1.13799 -56.9801  1.11083
 1.13814 -56.9724  1.11083
 1.13829 -56.9647  1.11098
 1.13844  -56.957  1.11113
 1.13859 -56.9493  1.11128
 1.13874 -56.9416  1.11143
 1.13889 -56.9339  1.11158
 1.13904 -56.9262  1.11173
 1.13919 -56.9185  1.11188
 1.13934 -56.9108  1.11203
 1.13949 -56.9032  1.11218
 1.13964 -56.8955  1.11218
 1.13979 -56.8878  1.11233
 1.13994 -56.8801  1.11248
  1.1401 -56.8725  1.11263
 1.14025 -56.8648  1.11278
  1.1404 -56.8572  1.11293
 1.14055 -56.8495  1.11308
  1.1407 -56.8418  1.11323
 1.14085 -56.8342  1.11338
   1.141 -56.8265  1.11338
 1.14115 -56.8189  1.11353
  1.1413 -56.8112  1.11368
 1.14145 -56.8036  1.11383
  1.1416 -56.7959  1.11398
 1.14175 -56.7883  1.11413
  1.1419 -56.7807  1.11428
 1.14205  -56.773  1.11443
  1.1422 -56.7654  1.11458
 1.14235 -56.7578  1.11458
  1.1425 -56.7502  1.11473
 1.14265 -56.7425  1.11488
  1.1428 -56.7349  1.11503
 1.14295 -56.7273  1.11518
  1.1431 -56.7197  1.11533
 1.14325 -56.7121  1.11548
  1.1434 -56.7044  1.11563
 1.14355 -56.6968  1.11578
  1.1437 -56.6892  1.11578
 1.14385 -56.6816  1.11593
   1.144  -56.674  1.11608
 1.14415 -56.6664  1.11623
  1.1443 -56.6588  1.11638
 1.14445 -56.6512  1.11653
  1.1446 -56.6437  1.11668
 1.14475 -56.6361  1.11683
  1.1449 -56.6285  1.11683
 1.14505 -56.6209  1.11698
  1.1452 -56.6133  1.11713
 1.14535 -56.6058  1.11728
  1.1455 -56.5982  1.11743
 1.14565 -56.5906  1.11758
  1.1458  -56.583  1.11773
 1.14595 -56.5755  1.11788
  1.1461 -56.5679  1.11803
 1.14625 -56.5604  1.11803
  1.1464 -56.5528  1.11818
 1.14655 -56.5452  1.11833
  1.1467 -56.5377  1.11848
 1.14685 -56.5301  1.11863
   1.147 -56.5226  1.11878
 1.14715 -56.5151  1.11893
  1.1473 -56.5075  1.11908
 1.14745    -56.5  1.11908
  1.1476 -56.4924  1.11923
 1.14775 -56.4849  1.11938
  1.1479 -56.4774  1.11953
 1.14805 -56.4698  1.11968
  1.1482 -56.4623  1.11983
 1.14835 -56.4548  1.11998
  1.1485 -56.4473  1.12014
 1.14865 -56.4398  1.12014
  1.1488 -56.4323  1.12029
 1.14895 -56.4247  1.12044
  1.1491 -56.4172  1.12059
 1.14925 -56.4097  1.12074
  1.1494 -56.4022  1.12089
 1.14955 -56.3947  1.12104
  1.1497 -56.3872  1.12119
 1.14985 -56.3797  1.12119
    1.15 -56.3722  1.12134