 kgrid  ValNew  Policy 
    0.85 -75.8769     0.85
 0.85015 -75.8616     0.85
  0.8503 -75.8463     0.85
 0.85045 -75.8311     0.85
  0.8506 -75.8158     0.85
 0.85075 -75.8006     0.85
  0.8509 -75.7855     0.85
0.851051 -75.7704     0.85
0.851201 -75.7553     0.85
0.851351 -75.7402     0.85
0.851501 -75.7251     0.85
0.851651 -75.7101  0.85015
0.851801 -75.6951   0.8503
0.851951 -75.6801   0.8503
0.852101 -75.6651  0.85045
0.852251 -75.6502   0.8506
0.852401 -75.6352   0.8506
0.852551 -75.6203  0.85075
0.852701 -75.6053  0.85075
0.852851 -75.5904   0.8509
0.853002 -75.5755 0.851051
0.853152 -75.5606 0.851051
0.853302 -75.5457 0.851201
0.853452 -75.5309 0.851351
0.853602  -75.516 0.851351
0.853752 -75.5012 0.851501
0.853902 -75.4863 0.851651
0.854052 -75.4715 0.851801
0.854202 -75.4567 0.851801
0.854352 -75.4419 0.851951
0.854502 -75.4271 0.852101
0.854652 -75.4124 0.852101
0.854802 -75.3976 0.852251
0.854952 -75.3828 0.852401
0.855103 -75.3681 0.852551
0.855253 -75.3534 0.852551
0.855403 -75.3386 0.852701
0.855553 -75.3239 0.852851
0.855703 -75.3092 0.853002
0.855853 -75.2946 0.853002
0.856003 -75.2799 0.853152
0.856153 -75.2652 0.853302
0.856303 -75.2506 0.853302
0.856453 -75.2359 0.853452
0.856603 -75.2213 0.853602
0.856753 -75.2067 0.853752
0.856903  -75.192 0.853752
0.857054 -75.1774 0.853902
0.857204 -75.1629 0.854052
0.857354 -75.1483 0.854052
0.857504 -75.1337 0.854202
0.857654 -75.1191 0.854352
0.857804 -75.1046 0.854502
0.857954 -75.0901 0.854502
0.858104 -75.0755 0.854652
0.858254  -75.061 0.854802
0.858404 -75.0465 0.854952
0.858554  -75.032 0.854952
0.858704 -75.0175 0.855103
0.858854 -75.0031 0.855253
0.859005 -74.9886 0.855253
0.859155 -74.9742 0.855403
0.859305 -74.9597 0.855553
0.859455 -74.9453 0.855703
0.859605 -74.9309 0.855703
0.859755 -74.9165 0.855853
0.859905 -74.9021 0.856003
0.860055 -74.8877 0.856153
0.860205 -74.8733 0.856153
0.860355 -74.8589 0.856303
0.860505 -74.8446 0.856453
0.860655 -74.8302 0.856453
0.860805 -74.8159 0.856603
0.860955 -74.8015 0.856753
0.861106 -74.7872 0.856903
0.861256 -74.7729 0.856903
0.861406 -74.7586 0.857054
0.861556 -74.7443 0.857204
0.861706 -74.7301 0.857354
0.861856 -74.7158 0.857354
0.862006 -74.7015 0.857504
0.862156 -74.6873 0.857654
0.862306 -74.6731 0.857804
0.862456 -74.6588 0.857804
0.862606 -74.6446 0.857954
0.862756 -74.6304 0.858104
0.862906 -74.6162 0.858104
0.863057  -74.602 0.858254
0.863207 -74.5879 0.858404
0.863357 -74.5737 0.858554
0.863507 -74.5595 0.858554
0.863657 -74.5454 0.858704
0.863807 -74.5313 0.858854
0.863957 -74.5171 0.859005
0.864107  -74.503 0.859005
0.864257 -74.4889 0.859155
0.864407 -74.4748 0.859305
0.864557 -74.4607 0.859455
0.864707 -74.4467 0.859455
0.864857 -74.4326 0.859605
0.865008 -74.4186 0.859755
0.865158 -74.4045 0.859905
0.865308 -74.3905 0.859905
0.865458 -74.3765 0.860055
0.865608 -74.3624 0.860205
0.865758 -74.3484 0.860205
0.865908 -74.3344 0.860355
0.866058 -74.3205 0.860505
0.866208 -74.3065 0.860655
0.866358 -74.2925 0.860655
0.866508 -74.2786 0.860805
0.866658 -74.2646 0.860955
0.866808 -74.2507 0.861106
0.866958 -74.2367 0.861106
0.867109 -74.2228 0.861256
0.867259 -74.2089 0.861406
0.867409  -74.195 0.861556
0.867559 -74.1811 0.861556
0.867709 -74.1673 0.861706
0.867859 -74.1534 0.861856
0.868009 -74.1395 0.862006
0.868159 -74.1257 0.862006
0.868309 -74.1118 0.862156
0.868459  -74.098 0.862306
0.868609 -74.0842 0.862456
0.868759 -74.0704 0.862456
0.868909 -74.0566 0.862606
 0.86906 -74.0428 0.862756
 0.86921  -74.029 0.862906
 0.86936 -74.0152 0.862906
 0.86951 -74.0014 0.863057
 0.86966 -73.9877 0.863207
 0.86981 -73.9739 0.863357
 0.86996 -73.9602 0.863357
 0.87011 -73.9465 0.863507
 0.87026 -73.9328 0.863657
 0.87041  -73.919 0.863807
 0.87056 -73.9053 0.863807
 0.87071 -73.8917 0.863957
 0.87086  -73.878 0.864107
0.871011 -73.8643 0.864257
0.871161 -73.8506 0.864257
0.871311  -73.837 0.864407
0.871461 -73.8233 0.864557
0.871611 -73.8097 0.864707
0.871761 -73.7961 0.864707
0.871911 -73.7825 0.864857
0.872061 -73.7688 0.865008
0.872211 -73.7552 0.865158
0.872361 -73.7417 0.865158
0.872511 -73.7281 0.865308
0.872661 -73.7145 0.865458
0.872811 -73.7009 0.865608
0.872961 -73.6874 0.865608
0.873112 -73.6738 0.865758
0.873262 -73.6603 0.865908
0.873412 -73.6468 0.866058
0.873562 -73.6333 0.866058
0.873712 -73.6197 0.866208
0.873862 -73.6062 0.866358
0.874012 -73.5928 0.866508
0.874162 -73.5793 0.866508
0.874312 -73.5658 0.866658
0.874462 -73.5523 0.866808
0.874612 -73.5389 0.866958
0.874762 -73.5254 0.866958
0.874912  -73.512 0.867109
0.875063 -73.4986 0.867259
0.875213 -73.4852 0.867409
0.875363 -73.4717 0.867559
0.875513 -73.4583 0.867559
0.875663 -73.4449 0.867709
0.875813 -73.4316 0.867859
0.875963 -73.4182 0.868009
0.876113 -73.4048 0.868009
0.876263 -73.3915 0.868159
0.876413 -73.3781 0.868309
0.876563 -73.3648 0.868459
0.876713 -73.3514 0.868459
0.876863 -73.3381 0.868609
0.877014 -73.3248 0.868759
0.877164 -73.3115 0.868909
0.877314 -73.2982 0.868909
0.877464 -73.2849  0.86906
0.877614 -73.2716  0.86921
0.877764 -73.2584  0.86936
0.877914 -73.2451  0.86936
0.878064 -73.2319  0.86951
0.878214 -73.2186  0.86966
0.878364 -73.2054  0.86981
0.878514 -73.1922  0.86981
0.878664 -73.1789  0.86996
0.878814 -73.1657  0.87011
0.878964 -73.1525  0.87026
0.879115 -73.1393  0.87026
0.879265 -73.1262  0.87041
0.879415  -73.113  0.87056
0.879565 -73.0998  0.87071
0.879715 -73.0867  0.87086
0.879865 -73.0735  0.87086
0.880015 -73.0604 0.871011
0.880165 -73.0472 0.871161
0.880315 -73.0341 0.871311
0.880465  -73.021 0.871461
0.880615 -73.0078 0.871611
0.880765 -72.9947 0.871761
0.880915 -72.9816 0.871761
0.881066 -72.9685 0.871911
0.881216 -72.9554 0.872061
0.881366 -72.9423 0.872211
0.881516 -72.9292 0.872361
0.881666 -72.9162 0.872511
0.881816 -72.9031 0.872661
0.881966   -72.89 0.872661
0.882116  -72.877 0.872811
0.882266 -72.8639 0.872961
0.882416 -72.8509 0.873112
0.882566 -72.8378 0.873262
0.882716 -72.8248 0.873412
0.882866 -72.8118 0.873562
0.883017 -72.7988 0.873562
0.883167 -72.7857 0.873712
0.883317 -72.7727 0.873862
0.883467 -72.7597 0.874012
0.883617 -72.7467 0.874162
0.883767 -72.7338 0.874312
0.883917 -72.7208 0.874462
0.884067 -72.7078 0.874462
0.884217 -72.6948 0.874612
0.884367 -72.6819 0.874762
0.884517 -72.6689 0.874912
0.884667 -72.6559 0.875063
0.884817  -72.643 0.875213
0.884967   -72.63 0.875363
0.885118 -72.6171 0.875513
0.885268 -72.6042 0.875513
0.885418 -72.5913 0.875663
0.885568 -72.5783 0.875813
0.885718 -72.5654 0.875963
0.885868 -72.5525 0.876113
0.886018 -72.5396 0.876263
0.886168 -72.5267 0.876413
0.886318 -72.5138 0.876413
0.886468  -72.501 0.876563
0.886618 -72.4881 0.876713
0.886768 -72.4752 0.876863
0.886918 -72.4623 0.877014
0.887069 -72.4495 0.877164
0.887219 -72.4366 0.877314
0.887369 -72.4238 0.877464
0.887519 -72.4109 0.877464
0.887669 -72.3981 0.877614
0.887819 -72.3853 0.877764
0.887969 -72.3724 0.877914
0.888119 -72.3596 0.878064
0.888269 -72.3468 0.878214
0.888419  -72.334 0.878364
0.888569 -72.3212 0.878364
0.888719 -72.3084 0.878514
0.888869 -72.2956 0.878664
 0.88902 -72.2828 0.878814
 0.88917 -72.2701 0.878964
 0.88932 -72.2573 0.879115
 0.88947 -72.2445 0.879265
 0.88962 -72.2318 0.879415
 0.88977  -72.219 0.879415
 0.88992 -72.2063 0.879565
 0.89007 -72.1935 0.879715
 0.89022 -72.1808 0.879865
 0.89037 -72.1681 0.880015
 0.89052 -72.1553 0.880165
 0.89067 -72.1426 0.880315
 0.89082 -72.1299 0.880465
 0.89097 -72.1172 0.880465
0.891121 -72.1045 0.880615
0.891271 -72.0918 0.880765
0.891421 -72.0791 0.880915
0.891571 -72.0664 0.881066
0.891721 -72.0537 0.881216
0.891871  -72.041 0.881366
0.892021 -72.0284 0.881516
0.892171 -72.0157 0.881666
0.892321  -72.003 0.881666
0.892471 -71.9904 0.881816
0.892621 -71.9777 0.881966
0.892771 -71.9651 0.882116
0.892921 -71.9524 0.882266
0.893072 -71.9398 0.882416
0.893222 -71.9272 0.882566
0.893372 -71.9146 0.882716
0.893522 -71.9019 0.882716
0.893672 -71.8893 0.882866
0.893822 -71.8767 0.883017
0.893972 -71.8641 0.883167
0.894122 -71.8515 0.883317
0.894272 -71.8389 0.883467
0.894422 -71.8263 0.883617
0.894572 -71.8138 0.883767
0.894722 -71.8012 0.883917
0.894872 -71.7886 0.883917
0.895023  -71.776 0.884067
0.895173 -71.7635 0.884217
0.895323 -71.7509 0.884367
0.895473 -71.7384 0.884517
0.895623 -71.7258 0.884667
0.895773 -71.7133 0.884817
0.895923 -71.7008 0.884967
0.896073 -71.6882 0.885118
0.896223 -71.6757 0.885118
0.896373 -71.6632 0.885268
0.896523 -71.6507 0.885418
0.896673 -71.6382 0.885568
0.896823 -71.6257 0.885718
0.896973 -71.6132 0.885868
0.897124 -71.6007 0.886018
0.897274 -71.5882 0.886168
0.897424 -71.5757 0.886318
0.897574 -71.5632 0.886318
0.897724 -71.5508 0.886468
0.897874 -71.5383 0.886618
0.898024 -71.5258 0.886768
0.898174 -71.5134 0.886918
0.898324 -71.5009 0.887069
0.898474 -71.4885 0.887219
0.898624 -71.4761 0.887369
0.898774 -71.4636 0.887519
0.898924 -71.4512 0.887519
0.899075 -71.4388 0.887669
0.899225 -71.4263 0.887819
0.899375 -71.4139 0.887969
0.899525 -71.4015 0.888119
0.899675 -71.3891 0.888269
0.899825 -71.3767 0.888419
0.899975 -71.3643 0.888569
0.900125 -71.3519 0.888719
0.900275 -71.3395 0.888719
0.900425 -71.3272 0.888869
0.900575 -71.3148  0.88902
0.900725 -71.3024  0.88917
0.900875 -71.2901  0.88932
0.901026 -71.2777  0.88947
0.901176 -71.2653  0.88962
0.901326  -71.253  0.88977
0.901476 -71.2407  0.88992
0.901626 -71.2283  0.88992
0.901776  -71.216  0.89007
0.901926 -71.2037  0.89022
0.902076 -71.1913  0.89037
0.902226  -71.179  0.89052
0.902376 -71.1667  0.89067
0.902526 -71.1544  0.89082
0.902676 -71.1421  0.89097
0.902826 -71.1298 0.891121
0.902976 -71.1175 0.891271
0.903127 -71.1052 0.891271
0.903277 -71.0929 0.891421
0.903427 -71.0806 0.891571
0.903577 -71.0684 0.891721
0.903727 -71.0561 0.891871
0.903877 -71.0438 0.892021
0.904027 -71.0316 0.892171
0.904177 -71.0193 0.892321
0.904327 -71.0071 0.892471
0.904477 -70.9948 0.892471
0.904627 -70.9826 0.892621
0.904777 -70.9704 0.892771
0.904927 -70.9581 0.892921
0.905078 -70.9459 0.893072
0.905228 -70.9337 0.893222
0.905378 -70.9215 0.893372
0.905528 -70.9093 0.893522
0.905678 -70.8971 0.893672
0.905828 -70.8849 0.893822
0.905978 -70.8727 0.893822
0.906128 -70.8605 0.893972
0.906278 -70.8483 0.894122
0.906428 -70.8361 0.894272
0.906578 -70.8239 0.894422
0.906728 -70.8117 0.894572
0.906878 -70.7996 0.894722
0.907029 -70.7874 0.894872
0.907179 -70.7753 0.895023
0.907329 -70.7631 0.895023
0.907479  -70.751 0.895173
0.907629 -70.7388 0.895323
0.907779 -70.7267 0.895473
0.907929 -70.7145 0.895623
0.908079 -70.7024 0.895773
0.908229 -70.6903 0.895923
0.908379 -70.6782 0.896073
0.908529 -70.6661 0.896223
0.908679  -70.654 0.896373
0.908829 -70.6418 0.896373
0.908979 -70.6297 0.896523
 0.90913 -70.6177 0.896673
 0.90928 -70.6056 0.896823
 0.90943 -70.5935 0.896973
 0.90958 -70.5814 0.897124
 0.90973 -70.5693 0.897274
 0.90988 -70.5572 0.897424
 0.91003 -70.5452 0.897574
 0.91018 -70.5331 0.897724
 0.91033 -70.5211 0.897724
 0.91048  -70.509 0.897874
 0.91063  -70.497 0.898024
 0.91078 -70.4849 0.898174
 0.91093 -70.4729 0.898324
0.911081 -70.4608 0.898474
0.911231 -70.4488 0.898624
0.911381 -70.4368 0.898774
0.911531 -70.4248 0.898924
0.911681 -70.4128 0.899075
0.911831 -70.4007 0.899075
0.911981 -70.3887 0.899225
0.912131 -70.3767 0.899375
0.912281 -70.3647 0.899525
0.912431 -70.3527 0.899675
0.912581 -70.3408 0.899825
0.912731 -70.3288 0.899975
0.912881 -70.3168 0.900125
0.913032 -70.3048 0.900275
0.913182 -70.2928 0.900425
0.913332 -70.2809 0.900575
0.913482 -70.2689 0.900725
0.913632  -70.257 0.900725
0.913782  -70.245 0.900875
0.913932  -70.233 0.901026
0.914082 -70.2211 0.901176
0.914232 -70.2092 0.901326
0.914382 -70.1972 0.901476
0.914532 -70.1853 0.901626
0.914682 -70.1734 0.901776
0.914832 -70.1614 0.901926
0.914982 -70.1495 0.902076
0.915133 -70.1376 0.902226
0.915283 -70.1257 0.902376
0.915433 -70.1138 0.902376
0.915583 -70.1019 0.902526
0.915733   -70.09 0.902676
0.915883 -70.0781 0.902826
0.916033 -70.0662 0.902976
0.916183 -70.0543 0.903127
0.916333 -70.0424 0.903277
0.916483 -70.0305 0.903427
0.916633 -70.0187 0.903577
0.916783 -70.0068 0.903727
0.916933 -69.9949 0.903877
0.917084 -69.9831 0.904027
0.917234 -69.9712 0.904027
0.917384 -69.9594 0.904177
0.917534 -69.9475 0.904327
0.917684 -69.9357 0.904477
0.917834 -69.9238 0.904627
0.917984  -69.912 0.904777
0.918134 -69.9002 0.904927
0.918284 -69.8883 0.905078
0.918434 -69.8765 0.905228
0.918584 -69.8647 0.905378
0.918734 -69.8529 0.905528
0.918884 -69.8411 0.905678
0.919035 -69.8293 0.905678
0.919185 -69.8175 0.905828
0.919335 -69.8057 0.905978
0.919485 -69.7939 0.906128
0.919635 -69.7821 0.906278
0.919785 -69.7703 0.906428
0.919935 -69.7585 0.906578
0.920085 -69.7467 0.906728
0.920235  -69.735 0.906878
0.920385 -69.7232 0.907029
0.920535 -69.7114 0.907179
0.920685 -69.6997 0.907329
0.920835 -69.6879 0.907479
0.920985 -69.6762 0.907479
0.921136 -69.6644 0.907629
0.921286 -69.6527 0.907779
0.921436 -69.6409 0.907929
0.921586 -69.6292 0.908079
0.921736 -69.6174 0.908229
0.921886 -69.6057 0.908379
0.922036  -69.594 0.908529
0.922186 -69.5823 0.908679
0.922336 -69.5706 0.908829
0.922486 -69.5588 0.908979
0.922636 -69.5471  0.90913
0.922786 -69.5354  0.90928
0.922936 -69.5237  0.90928
0.923087  -69.512  0.90943
0.923237 -69.5003  0.90958
0.923387 -69.4887  0.90973
0.923537  -69.477  0.90988
0.923687 -69.4653  0.91003
0.923837 -69.4536  0.91018
0.923987 -69.4419  0.91033
0.924137 -69.4303  0.91048
0.924287 -69.4186  0.91063
0.924437  -69.407  0.91078
0.924587 -69.3953  0.91093
0.924737 -69.3836 0.911081
0.924887  -69.372 0.911081
0.925038 -69.3604 0.911231
0.925188 -69.3487 0.911381
0.925338 -69.3371 0.911531
0.925488 -69.3254 0.911681
0.925638 -69.3138 0.911831
0.925788 -69.3022 0.911981
0.925938 -69.2906 0.912131
0.926088  -69.279 0.912281
0.926238 -69.2673 0.912431
0.926388 -69.2557 0.912581
0.926538 -69.2441 0.912731
0.926688 -69.2325 0.912881
0.926838 -69.2209 0.912881
0.926988 -69.2093 0.913032
0.927139 -69.1978 0.913182
0.927289 -69.1862 0.913332
0.927439 -69.1746 0.913482
0.927589  -69.163 0.913632
0.927739 -69.1514 0.913782
0.927889 -69.1399 0.913932
0.928039 -69.1283 0.914082
0.928189 -69.1167 0.914232
0.928339 -69.1052 0.914382
0.928489 -69.0936 0.914532
0.928639 -69.0821 0.914682
0.928789 -69.0705 0.914832
0.928939  -69.059 0.914832
 0.92909 -69.0474 0.914982
 0.92924 -69.0359 0.915133
 0.92939 -69.0244 0.915283
 0.92954 -69.0129 0.915433
 0.92969 -69.0013 0.915583
 0.92984 -68.9898 0.915733
 0.92999 -68.9783 0.915883
 0.93014 -68.9668 0.916033
 0.93029 -68.9553 0.916183
 0.93044 -68.9438 0.916333
 0.93059 -68.9323 0.916483
 0.93074 -68.9208 0.916633
 0.93089 -68.9093 0.916783
0.931041 -68.8978 0.916783
0.931191 -68.8863 0.916933
0.931341 -68.8748 0.917084
0.931491 -68.8633 0.917234
0.931641 -68.8519 0.917384
0.931791 -68.8404 0.917534
0.931941 -68.8289 0.917684
0.932091 -68.8175 0.917834
0.932241  -68.806 0.917984
0.932391 -68.7946 0.918134
0.932541 -68.7831 0.918284
0.932691 -68.7717 0.918434
0.932841 -68.7602 0.918584
0.932991 -68.7488 0.918734
0.933142 -68.7373 0.918734
0.933292 -68.7259 0.918884
0.933442 -68.7145 0.919035
0.933592 -68.7031 0.919185
0.933742 -68.6916 0.919335
0.933892 -68.6802 0.919485
0.934042 -68.6688 0.919635
0.934192 -68.6574 0.919785
0.934342  -68.646 0.919935
0.934492 -68.6346 0.920085
0.934642 -68.6232 0.920235
0.934792 -68.6118 0.920385
0.934942 -68.6004 0.920535
0.935093  -68.589 0.920685
0.935243 -68.5776 0.920685
0.935393 -68.5663 0.920835
0.935543 -68.5549 0.920985
0.935693 -68.5435 0.921136
0.935843 -68.5321 0.921286
0.935993 -68.5208 0.921436
0.936143 -68.5094 0.921586
0.936293 -68.4981 0.921736
0.936443 -68.4867 0.921886
0.936593 -68.4754 0.922036
0.936743  -68.464 0.922186
0.936893 -68.4527 0.922336
0.937044 -68.4413 0.922486
0.937194   -68.43 0.922636
0.937344 -68.4187 0.922786
0.937494 -68.4073 0.922786
0.937644  -68.396 0.922936
0.937794 -68.3847 0.923087
0.937944 -68.3734 0.923237
0.938094 -68.3621 0.923387
0.938244 -68.3507 0.923537
0.938394 -68.3394 0.923687
0.938544 -68.3281 0.923837
0.938694 -68.3168 0.923987
0.938844 -68.3055 0.924137
0.938994 -68.2943 0.924287
0.939145  -68.283 0.924437
0.939295 -68.2717 0.924587
0.939445 -68.2604 0.924737
0.939595 -68.2491 0.924737
0.939745 -68.2379 0.924887
0.939895 -68.2266 0.925038
0.940045 -68.2153 0.925188
0.940195 -68.2041 0.925338
0.940345 -68.1928 0.925488
0.940495 -68.1816 0.925638
0.940645 -68.1703 0.925788
0.940795 -68.1591 0.925938
0.940945 -68.1478 0.926088
0.941096 -68.1366 0.926238
0.941246 -68.1253 0.926388
0.941396 -68.1141 0.926538
0.941546 -68.1029 0.926688
0.941696 -68.0916 0.926838
0.941846 -68.0804 0.926838
0.941996 -68.0692 0.926988
0.942146  -68.058 0.927139
0.942296 -68.0468 0.927289
0.942446 -68.0356 0.927439
0.942596 -68.0244 0.927589
0.942746 -68.0132 0.927739
0.942896  -68.002 0.927889
0.943047 -67.9908 0.928039
0.943197 -67.9796 0.928189
0.943347 -67.9684 0.928339
0.943497 -67.9572 0.928489
0.943647  -67.946 0.928639
0.943797 -67.9349 0.928789
0.943947 -67.9237 0.928939
0.944097 -67.9125 0.928939
0.944247 -67.9014  0.92909
0.944397 -67.8902  0.92924
0.944547  -67.879  0.92939
0.944697 -67.8679  0.92954
0.944847 -67.8567  0.92969
0.944997 -67.8456  0.92984
0.945148 -67.8344  0.92999
0.945298 -67.8233  0.93014
0.945448 -67.8122  0.93029
0.945598  -67.801  0.93044
0.945748 -67.7899  0.93059
0.945898 -67.7788  0.93074
0.946048 -67.7677  0.93089
0.946198 -67.7565 0.931041
0.946348 -67.7454 0.931041
0.946498 -67.7343 0.931191
0.946648 -67.7232 0.931341
0.946798 -67.7121 0.931491
0.946948  -67.701 0.931641
0.947099 -67.6899 0.931791
0.947249 -67.6788 0.931941
0.947399 -67.6677 0.932091
0.947549 -67.6566 0.932241
0.947699 -67.6455 0.932391
0.947849 -67.6345 0.932541
0.947999 -67.6234 0.932691
0.948149 -67.6123 0.932841
0.948299 -67.6012 0.932991
0.948449 -67.5902 0.933142
0.948599 -67.5791 0.933292
0.948749 -67.5681 0.933292
0.948899  -67.557 0.933442
 0.94905  -67.546 0.933592
  0.9492 -67.5349 0.933742
 0.94935 -67.5239 0.933892
  0.9495 -67.5128 0.934042
 0.94965 -67.5018 0.934192
  0.9498 -67.4907 0.934342
 0.94995 -67.4797 0.934492
  0.9501 -67.4687 0.934642
 0.95025 -67.4577 0.934792
  0.9504 -67.4466 0.934942
 0.95055 -67.4356 0.935093
  0.9507 -67.4246 0.935243
 0.95085 -67.4136 0.935393
0.951001 -67.4026 0.935543
0.951151 -67.3916 0.935543
0.951301 -67.3806 0.935693
0.951451 -67.3696 0.935843
0.951601 -67.3586 0.935993
0.951751 -67.3476 0.936143
0.951901 -67.3366 0.936293
0.952051 -67.3256 0.936443
0.952201 -67.3146 0.936593
0.952351 -67.3037 0.936743
0.952501 -67.2927 0.936893
0.952651 -67.2817 0.937044
0.952801 -67.2707 0.937194
0.952951 -67.2598 0.937344
0.953102 -67.2488 0.937494
0.953252 -67.2379 0.937644
0.953402 -67.2269 0.937794
0.953552  -67.216 0.937794
0.953702  -67.205 0.937944
0.953852 -67.1941 0.938094
0.954002 -67.1831 0.938244
0.954152 -67.1722 0.938394
0.954302 -67.1613 0.938544
0.954452 -67.1503 0.938694
0.954602 -67.1394 0.938844
0.954752 -67.1285 0.938994
0.954902 -67.1176 0.939145
0.955053 -67.1066 0.939295
0.955203 -67.0957 0.939445
0.955353 -67.0848 0.939595
0.955503 -67.0739 0.939745
0.955653  -67.063 0.939895
0.955803 -67.0521 0.940045
0.955953 -67.0412 0.940045
0.956103 -67.0303 0.940195
0.956253 -67.0194 0.940345
0.956403 -67.0085 0.940495
0.956553 -66.9977 0.940645
0.956703 -66.9868 0.940795
0.956853 -66.9759 0.940945
0.957004  -66.965 0.941096
0.957154 -66.9542 0.941246
0.957304 -66.9433 0.941396
0.957454 -66.9324 0.941546
0.957604 -66.9216 0.941696
0.957754 -66.9107 0.941846
0.957904 -66.8999 0.941996
0.958054  -66.889 0.942146
0.958204 -66.8782 0.942296
0.958354 -66.8673 0.942446
0.958504 -66.8565 0.942446
0.958654 -66.8456 0.942596
0.958804 -66.8348 0.942746
0.958954  -66.824 0.942896
0.959105 -66.8131 0.943047
0.959255 -66.8023 0.943197
0.959405 -66.7915 0.943347
0.959555 -66.7807 0.943497
0.959705 -66.7699 0.943647
0.959855 -66.7591 0.943797
0.960005 -66.7483 0.943947
0.960155 -66.7374 0.944097
0.960305 -66.7266 0.944247
0.960455 -66.7158 0.944397
0.960605 -66.7051 0.944547
0.960755 -66.6943 0.944697
0.960905 -66.6835 0.944697
0.961056 -66.6727 0.944847
0.961206 -66.6619 0.944997
0.961356 -66.6511 0.945148
0.961506 -66.6404 0.945298
0.961656 -66.6296 0.945448
0.961806 -66.6188 0.945598
0.961956 -66.6081 0.945748
0.962106 -66.5973 0.945898
0.962256 -66.5865 0.946048
0.962406 -66.5758 0.946198
0.962556  -66.565 0.946348
0.962706 -66.5543 0.946498
0.962856 -66.5435 0.946648
0.963007 -66.5328 0.946798
0.963157 -66.5221 0.946948
0.963307 -66.5113 0.947099
0.963457 -66.5006 0.947099
0.963607 -66.4899 0.947249
0.963757 -66.4791 0.947399
0.963907 -66.4684 0.947549
0.964057 -66.4577 0.947699
0.964207  -66.447 0.947849
0.964357 -66.4363 0.947999
0.964507 -66.4255 0.948149
0.964657 -66.4148 0.948299
0.964807 -66.4041 0.948449
0.964957 -66.3934 0.948599
0.965108 -66.3827 0.948749
0.965258  -66.372 0.948899
0.965408 -66.3614  0.94905
0.965558 -66.3507   0.9492
0.965708   -66.34  0.94935
0.965858 -66.3293   0.9495
0.966008 -66.3186  0.94965
0.966158 -66.3079  0.94965
0.966308 -66.2973   0.9498
0.966458 -66.2866  0.94995
0.966608 -66.2759   0.9501
0.966758 -66.2653  0.95025
0.966908 -66.2546   0.9504
0.967059  -66.244  0.95055
0.967209 -66.2333   0.9507
0.967359 -66.2227  0.95085
0.967509  -66.212 0.951001
0.967659 -66.2014 0.951151
0.967809 -66.1907 0.951301
0.967959 -66.1801 0.951451
0.968109 -66.1695 0.951601
0.968259 -66.1588 0.951751
0.968409 -66.1482 0.951901
0.968559 -66.1376 0.952051
0.968709  -66.127 0.952051
0.968859 -66.1163 0.952201
 0.96901 -66.1057 0.952351
 0.96916 -66.0951 0.952501
 0.96931 -66.0845 0.952651
 0.96946 -66.0739 0.952801
 0.96961 -66.0633 0.952951
 0.96976 -66.0527 0.953102
 0.96991 -66.0421 0.953252
 0.97006 -66.0315 0.953402
 0.97021 -66.0209 0.953552
 0.97036 -66.0103 0.953702
 0.97051 -65.9998 0.953852
 0.97066 -65.9892 0.954002
 0.97081 -65.9786 0.954152
 0.97096  -65.968 0.954302
0.971111 -65.9575 0.954452
0.971261 -65.9469 0.954452
0.971411 -65.9363 0.954602
0.971561 -65.9258 0.954752
0.971711 -65.9152 0.954902
0.971861 -65.9046 0.955053
0.972011 -65.8941 0.955203
0.972161 -65.8835 0.955353
0.972311  -65.873 0.955503
0.972461 -65.8625 0.955653
0.972611 -65.8519 0.955803
0.972761 -65.8414 0.955953
0.972911 -65.8308 0.956103
0.973062 -65.8203 0.956253
0.973212 -65.8098 0.956403
0.973362 -65.7993 0.956553
0.973512 -65.7887 0.956703
0.973662 -65.7782 0.956853
0.973812 -65.7677 0.956853
0.973962 -65.7572 0.957004
0.974112 -65.7467 0.957154
0.974262 -65.7362 0.957304
0.974412 -65.7257 0.957454
0.974562 -65.7152 0.957604
0.974712 -65.7047 0.957754
0.974862 -65.6942 0.957904
0.975013 -65.6837 0.958054
0.975163 -65.6732 0.958204
0.975313 -65.6627 0.958354
0.975463 -65.6523 0.958504
0.975613 -65.6418 0.958654
0.975763 -65.6313 0.958804
0.975913 -65.6208 0.958954
0.976063 -65.6104 0.959105
0.976213 -65.5999 0.959255
0.976363 -65.5894 0.959405
0.976513  -65.579 0.959405
0.976663 -65.5685 0.959555
0.976813 -65.5581 0.959705
0.976963 -65.5476 0.959855
0.977114 -65.5372 0.960005
0.977264 -65.5267 0.960155
0.977414 -65.5163 0.960305
0.977564 -65.5059 0.960455
0.977714 -65.4954 0.960605
0.977864  -65.485 0.960755
0.978014 -65.4746 0.960905
0.978164 -65.4641 0.961056
0.978314 -65.4537 0.961206
0.978464 -65.4433 0.961356
0.978614 -65.4329 0.961506
0.978764 -65.4225 0.961656
0.978914 -65.4121 0.961806
0.979065 -65.4016 0.961956
0.979215 -65.3912 0.961956
0.979365 -65.3808 0.962106
0.979515 -65.3704 0.962256
0.979665   -65.36 0.962406
0.979815 -65.3497 0.962556
0.979965 -65.3393 0.962706
0.980115 -65.3289 0.962856
0.980265 -65.3185 0.963007
0.980415 -65.3081 0.963157
0.980565 -65.2977 0.963307
0.980715 -65.2874 0.963457
0.980865  -65.277 0.963607
0.981016 -65.2666 0.963757
0.981166 -65.2563 0.963907
0.981316 -65.2459 0.964057
0.981466 -65.2355 0.964207
0.981616 -65.2252 0.964357
0.981766 -65.2148 0.964357
0.981916 -65.2045 0.964507
0.982066 -65.1941 0.964657
0.982216 -65.1838 0.964807
0.982366 -65.1735 0.964957
0.982516 -65.1631 0.965108
0.982666 -65.1528 0.965258
0.982816 -65.1425 0.965408
0.982966 -65.1321 0.965558
0.983117 -65.1218 0.965708
0.983267 -65.1115 0.965858
0.983417 -65.1012 0.966008
0.983567 -65.0908 0.966158
0.983717 -65.0805 0.966308
0.983867 -65.0702 0.966458
0.984017 -65.0599 0.966608
0.984167 -65.0496 0.966758
0.984317 -65.0393 0.966908
0.984467  -65.029 0.966908
0.984617 -65.0187 0.967059
0.984767 -65.0084 0.967209
0.984917 -64.9981 0.967359
0.985068 -64.9878 0.967509
0.985218 -64.9776 0.967659
0.985368 -64.9673 0.967809
0.985518  -64.957 0.967959
0.985668 -64.9467 0.968109
0.985818 -64.9364 0.968259
0.985968 -64.9262 0.968409
0.986118 -64.9159 0.968559
0.986268 -64.9057 0.968709
0.986418 -64.8954 0.968859
0.986568 -64.8851  0.96901
0.986718 -64.8749  0.96916
0.986868 -64.8646  0.96931
0.987019 -64.8544  0.96946
0.987169 -64.8441  0.96946
0.987319 -64.8339  0.96961
0.987469 -64.8237  0.96976
0.987619 -64.8134  0.96991
0.987769 -64.8032  0.97006
0.987919  -64.793  0.97021
0.988069 -64.7827  0.97036
0.988219 -64.7725  0.97051
0.988369 -64.7623  0.97066
0.988519 -64.7521  0.97081
0.988669 -64.7418  0.97096
0.988819 -64.7316 0.971111
0.988969 -64.7214 0.971261
 0.98912 -64.7112 0.971411
 0.98927  -64.701 0.971561
 0.98942 -64.6908 0.971711
 0.98957 -64.6806 0.971861
 0.98972 -64.6704 0.972011
 0.98987 -64.6602 0.972161
 0.99002   -64.65 0.972161
 0.99017 -64.6398 0.972311
 0.99032 -64.6297 0.972461
 0.99047 -64.6195 0.972611
 0.99062 -64.6093 0.972761
 0.99077 -64.5991 0.972911
 0.99092  -64.589 0.973062
0.991071 -64.5788 0.973212
0.991221 -64.5686 0.973362
0.991371 -64.5585 0.973512
0.991521 -64.5483 0.973662
0.991671 -64.5381 0.973812
0.991821  -64.528 0.973962
0.991971 -64.5178 0.974112
0.992121 -64.5077 0.974262
0.992271 -64.4975 0.974412
0.992421 -64.4874 0.974562
0.992571 -64.4773 0.974712
0.992721 -64.4671 0.974712
0.992871  -64.457 0.974862
0.993022 -64.4469 0.975013
0.993172 -64.4367 0.975163
0.993322 -64.4266 0.975313
0.993472 -64.4165 0.975463
0.993622 -64.4064 0.975613
0.993772 -64.3962 0.975763
0.993922 -64.3861 0.975913
0.994072  -64.376 0.976063
0.994222 -64.3659 0.976213
0.994372 -64.3558 0.976363
0.994522 -64.3457 0.976513
0.994672 -64.3356 0.976663
0.994822 -64.3255 0.976813
0.994972 -64.3154 0.976963
0.995123 -64.3053 0.977114
0.995273 -64.2952 0.977264
0.995423 -64.2852 0.977264
0.995573 -64.2751 0.977414
0.995723  -64.265 0.977564
0.995873 -64.2549 0.977714
0.996023 -64.2448 0.977864
0.996173 -64.2348 0.978014
0.996323 -64.2247 0.978164
0.996473 -64.2146 0.978314
0.996623 -64.2046 0.978464
0.996773 -64.1945 0.978614
0.996923 -64.1845 0.978764
0.997074 -64.1744 0.978914
0.997224 -64.1644 0.979065
0.997374 -64.1543 0.979215
0.997524 -64.1443 0.979365
0.997674 -64.1342 0.979515
0.997824 -64.1242 0.979665
0.997974 -64.1141 0.979815
0.998124 -64.1041 0.979815
0.998274 -64.0941 0.979965
0.998424  -64.084 0.980115
0.998574  -64.074 0.980265
0.998724  -64.064 0.980415
0.998874  -64.054 0.980565
0.999025  -64.044 0.980715
0.999175  -64.034 0.980865
0.999325 -64.0239 0.981016
0.999475 -64.0139 0.981166
0.999625 -64.0039 0.981316
0.999775 -63.9939 0.981466
0.999925 -63.9839 0.981616
 1.00008 -63.9739 0.981766
 1.00023 -63.9639 0.981916
 1.00038 -63.9539 0.982066
 1.00053  -63.944 0.982216
 1.00068  -63.934 0.982366
 1.00083  -63.924 0.982366
 1.00098  -63.914 0.982516
 1.00113  -63.904 0.982666
 1.00128 -63.8941 0.982816
 1.00143 -63.8841 0.982966
 1.00158 -63.8741 0.983117
 1.00173 -63.8642 0.983267
 1.00188 -63.8542 0.983417
 1.00203 -63.8442 0.983567
 1.00218 -63.8343 0.983717
 1.00233 -63.8243 0.983867
 1.00248 -63.8144 0.984017
 1.00263 -63.8044 0.984167
 1.00278 -63.7945 0.984317
 1.00293 -63.7845 0.984467
 1.00308 -63.7746 0.984617
 1.00323 -63.7647 0.984767
 1.00338 -63.7547 0.984917
 1.00353 -63.7448 0.985068
 1.00368 -63.7349 0.985068
 1.00383 -63.7249 0.985218
 1.00398  -63.715 0.985368
 1.00413 -63.7051 0.985518
 1.00428 -63.6952 0.985668
 1.00443 -63.6853 0.985818
 1.00458 -63.6753 0.985968
 1.00473 -63.6654 0.986118
 1.00488 -63.6555 0.986268
 1.00503 -63.6456 0.986418
 1.00518 -63.6357 0.986568
 1.00533 -63.6258 0.986718
 1.00548 -63.6159 0.986868
 1.00563  -63.606 0.987019
 1.00578 -63.5961 0.987169
 1.00593 -63.5863 0.987319
 1.00608 -63.5764 0.987469
 1.00623 -63.5665 0.987619
 1.00638 -63.5566 0.987769
 1.00653 -63.5467 0.987769
 1.00668 -63.5369 0.987919
 1.00683  -63.527 0.988069
 1.00698 -63.5171 0.988219
 1.00713 -63.5073 0.988369
 1.00728 -63.4974 0.988519
 1.00743 -63.4875 0.988669
 1.00758 -63.4777 0.988819
 1.00773 -63.4678 0.988969
 1.00788  -63.458  0.98912
 1.00803 -63.4481  0.98927
 1.00818 -63.4383  0.98942
 1.00833 -63.4284  0.98957
 1.00848 -63.4186  0.98972
 1.00863 -63.4088  0.98987
 1.00878 -63.3989  0.99002
 1.00893 -63.3891  0.99017
 1.00908 -63.3793  0.99032
 1.00923 -63.3694  0.99032
 1.00938 -63.3596  0.99047
 1.00953 -63.3498  0.99062
 1.00968   -63.34  0.99077
 1.00983 -63.3302  0.99092
 1.00998 -63.3203 0.991071
 1.01013 -63.3105 0.991221
 1.01028 -63.3007 0.991371
 1.01043 -63.2909 0.991521
 1.01058 -63.2811 0.991671
 1.01073 -63.2713 0.991821
 1.01088 -63.2615 0.991971
 1.01103 -63.2517 0.992121
 1.01118 -63.2419 0.992271
 1.01133 -63.2322 0.992421
 1.01148 -63.2224 0.992571
 1.01163 -63.2126 0.992721
 1.01178 -63.2028 0.992871
 1.01193  -63.193 0.992871
 1.01208 -63.1833 0.993022
 1.01223 -63.1735 0.993172
 1.01238 -63.1637 0.993322
 1.01253 -63.1539 0.993472
 1.01268 -63.1442 0.993622
 1.01283 -63.1344 0.993772
 1.01298 -63.1247 0.993922
 1.01313 -63.1149 0.994072
 1.01328 -63.1052 0.994222
 1.01343 -63.0954 0.994372
 1.01358 -63.0857 0.994522
 1.01373 -63.0759 0.994672
 1.01388 -63.0662 0.994822
 1.01403 -63.0564 0.994972
 1.01418 -63.0467 0.995123
 1.01433  -63.037 0.995273
 1.01448 -63.0272 0.995423
 1.01463 -63.0175 0.995573
 1.01478 -63.0078 0.995573
 1.01493 -62.9981 0.995723
 1.01508 -62.9883 0.995873
 1.01523 -62.9786 0.996023
 1.01538 -62.9689 0.996173
 1.01553 -62.9592 0.996323
 1.01568 -62.9495 0.996473
 1.01583 -62.9398 0.996623
 1.01598 -62.9301 0.996773
 1.01613 -62.9204 0.996923
 1.01628 -62.9107 0.997074
 1.01643  -62.901 0.997224
 1.01658 -62.8913 0.997374
 1.01673 -62.8816 0.997524
 1.01688 -62.8719 0.997674
 1.01703 -62.8622 0.997824
 1.01718 -62.8525 0.997974
 1.01733 -62.8429 0.998124
 1.01748 -62.8332 0.998124
 1.01763 -62.8235 0.998274
 1.01778 -62.8138 0.998424
 1.01793 -62.8042 0.998574
 1.01808 -62.7945 0.998724
 1.01823 -62.7848 0.998874
 1.01838 -62.7752 0.999025
 1.01853 -62.7655 0.999175
 1.01868 -62.7559 0.999325
 1.01883 -62.7462 0.999475
 1.01898 -62.7366 0.999625
 1.01913 -62.7269 0.999775
 1.01928 -62.7173 0.999925
 1.01943 -62.7076  1.00008
 1.01958  -62.698  1.00023
 1.01973 -62.6884  1.00038
 1.01988 -62.6787  1.00053
 1.02004 -62.6691  1.00068
 1.02019 -62.6595  1.00083
 1.02034 -62.6498  1.00083
 1.02049 -62.6402  1.00098
 1.02064 -62.6306  1.00113
 1.02079  -62.621  1.00128
 1.02094 -62.6114  1.00143
 1.02109 -62.6018  1.00158
 1.02124 -62.5921  1.00173
 1.02139 -62.5825  1.00188
 1.02154 -62.5729  1.00203
 1.02169 -62.5633  1.00218
 1.02184 -62.5537  1.00233
 1.02199 -62.5441  1.00248
 1.02214 -62.5345  1.00263
 1.02229  -62.525  1.00278
 1.02244 -62.5154  1.00293
 1.02259 -62.5058  1.00308
 1.02274 -62.4962  1.00323
 1.02289 -62.4866  1.00338
 1.02304  -62.477  1.00353
 1.02319 -62.4675  1.00353
 1.02334 -62.4579  1.00368
 1.02349 -62.4483  1.00383
 1.02364 -62.4388  1.00398
 1.02379 -62.4292  1.00413
 1.02394 -62.4196  1.00428
 1.02409 -62.4101  1.00443
 1.02424 -62.4005  1.00458
 1.02439  -62.391  1.00473
 1.02454 -62.3814  1.00488
 1.02469 -62.3719  1.00503
 1.02484 -62.3623  1.00518
 1.02499 -62.3528  1.00533
 1.02514 -62.3432  1.00548
 1.02529 -62.3337  1.00563
 1.02544 -62.3242  1.00578
 1.02559 -62.3146  1.00593
 1.02574 -62.3051  1.00608
 1.02589 -62.2956  1.00608
 1.02604  -62.286  1.00623
 1.02619 -62.2765  1.00638
 1.02634  -62.267  1.00653
 1.02649 -62.2575  1.00668
 1.02664  -62.248  1.00683
 1.02679 -62.2385  1.00698
 1.02694 -62.2289  1.00713
 1.02709 -62.2194  1.00728
 1.02724 -62.2099  1.00743
 1.02739 -62.2004  1.00758
 1.02754 -62.1909  1.00773
 1.02769 -62.1814  1.00788
 1.02784 -62.1719  1.00803
 1.02799 -62.1625  1.00818
 1.02814  -62.153  1.00833
 1.02829 -62.1435  1.00848
 1.02844  -62.134  1.00863
 1.02859 -62.1245  1.00863
 1.02874  -62.115  1.00878
 1.02889 -62.1056  1.00893
 1.02904 -62.0961  1.00908
 1.02919 -62.0866  1.00923
 1.02934 -62.0772  1.00938
 1.02949 -62.0677  1.00953
 1.02964 -62.0582  1.00968
 1.02979 -62.0488  1.00983
 1.02994 -62.0393  1.00998
 1.03009 -62.0299  1.01013
 1.03024 -62.0204  1.01028
 1.03039  -62.011  1.01043
 1.03054 -62.0015  1.01058
 1.03069 -61.9921  1.01073
 1.03084 -61.9826  1.01088
 1.03099 -61.9732  1.01103
 1.03114 -61.9637  1.01118
 1.03129 -61.9543  1.01133
 1.03144 -61.9449  1.01133
 1.03159 -61.9355  1.01148
 1.03174  -61.926  1.01163
 1.03189 -61.9166  1.01178
 1.03204 -61.9072  1.01193
 1.03219 -61.8978  1.01208
 1.03234 -61.8884  1.01223
 1.03249 -61.8789  1.01238
 1.03264 -61.8695  1.01253
 1.03279 -61.8601  1.01268
 1.03294 -61.8507  1.01283
 1.03309 -61.8413  1.01298
 1.03324 -61.8319  1.01313
 1.03339 -61.8225  1.01328
 1.03354 -61.8131  1.01343
 1.03369 -61.8037  1.01358
 1.03384 -61.7943  1.01373
 1.03399  -61.785  1.01388
 1.03414 -61.7756  1.01388
 1.03429 -61.7662  1.01403
 1.03444 -61.7568  1.01418
 1.03459 -61.7474  1.01433
 1.03474 -61.7381  1.01448
 1.03489 -61.7287  1.01463
 1.03504 -61.7193  1.01478
 1.03519 -61.7099  1.01493
 1.03534 -61.7006  1.01508
 1.03549 -61.6912  1.01523
 1.03564 -61.6819  1.01538
 1.03579 -61.6725  1.01553
 1.03594 -61.6632  1.01568
 1.03609 -61.6538  1.01583
 1.03624 -61.6445  1.01598
 1.03639 -61.6351  1.01613
 1.03654 -61.6258  1.01628
 1.03669 -61.6164  1.01643
 1.03684 -61.6071  1.01658
 1.03699 -61.5978  1.01658
 1.03714 -61.5884  1.01673
 1.03729 -61.5791  1.01688
 1.03744 -61.5698  1.01703
 1.03759 -61.5604  1.01718
 1.03774 -61.5511  1.01733
 1.03789 -61.5418  1.01748
 1.03804 -61.5325  1.01763
 1.03819 -61.5232  1.01778
 1.03834 -61.5138  1.01793
 1.03849 -61.5045  1.01808
 1.03864 -61.4952  1.01823
 1.03879 -61.4859  1.01838
 1.03894 -61.4766  1.01853
 1.03909 -61.4673  1.01868
 1.03924  -61.458  1.01883
 1.03939 -61.4487  1.01898
 1.03954 -61.4394  1.01913
 1.03969 -61.4302  1.01913
 1.03984 -61.4209  1.01928
 1.03999 -61.4116  1.01943
 1.04015 -61.4023  1.01958
  1.0403  -61.393  1.01973
 1.04045 -61.3837  1.01988
  1.0406 -61.3745  1.02004
 1.04075 -61.3652  1.02019
  1.0409 -61.3559  1.02034
 1.04105 -61.3467  1.02049
  1.0412 -61.3374  1.02064
 1.04135 -61.3281  1.02079
  1.0415 -61.3189  1.02094
 1.04165 -61.3096  1.02109
  1.0418 -61.3004  1.02124
 1.04195 -61.2911  1.02139
  1.0421 -61.2819  1.02154
 1.04225 -61.2726  1.02169
  1.0424 -61.2634  1.02184
 1.04255 -61.2541  1.02184
  1.0427 -61.2449  1.02199
 1.04285 -61.2357  1.02214
   1.043 -61.2264  1.02229
 1.04315 -61.2172  1.02244
  1.0433  -61.208  1.02259
 1.04345 -61.1987  1.02274
  1.0436 -61.1895  1.02289
 1.04375 -61.1803  1.02304
  1.0439 -61.1711  1.02319
 1.04405 -61.1619  1.02334
  1.0442 -61.1526  1.02349
 1.04435 -61.1434  1.02364
  1.0445 -61.1342  1.02379
 1.04465  -61.125  1.02394
  1.0448 -61.1158  1.02409
 1.04495 -61.1066  1.02424
  1.0451 -61.0974  1.02439
 1.04525 -61.0882  1.02439
  1.0454  -61.079  1.02454
 1.04555 -61.0698  1.02469
  1.0457 -61.0606  1.02484
 1.04585 -61.0515  1.02499
   1.046 -61.0423  1.02514
 1.04615 -61.0331  1.02529
  1.0463 -61.0239  1.02544
 1.04645 -61.0147  1.02559
  1.0466 -61.0056  1.02574
 1.04675 -60.9964  1.02589
  1.0469 -60.9872  1.02604
 1.04705 -60.9781  1.02619
  1.0472 -60.9689  1.02634
 1.04735 -60.9597  1.02649
  1.0475 -60.9506  1.02664
 1.04765 -60.9414  1.02679
  1.0478 -60.9323  1.02694
 1.04795 -60.9231  1.02694
  1.0481  -60.914  1.02709
 1.04825 -60.9048  1.02724
  1.0484 -60.8957  1.02739
 1.04855 -60.8865  1.02754
  1.0487 -60.8774  1.02769
 1.04885 -60.8683  1.02784
   1.049 -60.8591  1.02799
 1.04915   -60.85  1.02814
  1.0493 -60.8409  1.02829
 1.04945 -60.8317  1.02844
  1.0496 -60.8226  1.02859
 1.04975 -60.8135  1.02874
  1.0499 -60.8044  1.02889
 1.05005 -60.7953  1.02904
  1.0502 -60.7862  1.02919
 1.05035  -60.777  1.02934
  1.0505 -60.7679  1.02949
 1.05065 -60.7588  1.02949
  1.0508 -60.7497  1.02964
 1.05095 -60.7406  1.02979
  1.0511 -60.7315  1.02994
 1.05125 -60.7224  1.03009
  1.0514 -60.7133  1.03024
 1.05155 -60.7042  1.03039
  1.0517 -60.6952  1.03054
 1.05185 -60.6861  1.03069
   1.052  -60.677  1.03084
 1.05215 -60.6679  1.03099
  1.0523 -60.6588  1.03114
 1.05245 -60.6498  1.03129
  1.0526 -60.6407  1.03144
 1.05275 -60.6316  1.03159
  1.0529 -60.6225  1.03174
 1.05305 -60.6135  1.03189
  1.0532 -60.6044  1.03204
 1.05335 -60.5953  1.03204
  1.0535 -60.5863  1.03219
 1.05365 -60.5772  1.03234
  1.0538 -60.5682  1.03249
 1.05395 -60.5591  1.03264
  1.0541 -60.5501  1.03279
 1.05425  -60.541  1.03294
  1.0544  -60.532  1.03309
 1.05455 -60.5229  1.03324
  1.0547 -60.5139  1.03339
 1.05485 -60.5049  1.03354
   1.055 -60.4958  1.03369
 1.05515 -60.4868  1.03384
  1.0553 -60.4778  1.03399
 1.05545 -60.4687  1.03414
  1.0556 -60.4597  1.03429
 1.05575 -60.4507  1.03444
  1.0559 -60.4417  1.03459
 1.05605 -60.4327  1.03459
  1.0562 -60.4236  1.03474
 1.05635 -60.4146  1.03489
  1.0565 -60.4056  1.03504
 1.05665 -60.3966  1.03519
  1.0568 -60.3876  1.03534
 1.05695 -60.3786  1.03549
  1.0571 -60.3696  1.03564
 1.05725 -60.3606  1.03579
  1.0574 -60.3516  1.03594
 1.05755 -60.3426  1.03609
  1.0577 -60.3336  1.03624
 1.05785 -60.3247  1.03639
   1.058 -60.3157  1.03654
 1.05815 -60.3067  1.03669
  1.0583 -60.2977  1.03684
 1.05845 -60.2887  1.03699
  1.0586 -60.2798  1.03714
 1.05875 -60.2708  1.03714
  1.0589 -60.2618  1.03729
 1.05905 -60.2528  1.03744
  1.0592 -60.2439  1.03759
 1.05935 -60.2349  1.03774
  1.0595 -60.2259  1.03789
 1.05965  -60.217  1.03804
  1.0598  -60.208  1.03819
 1.05995 -60.1991  1.03834
 1.06011 -60.1901  1.03849
 1.06026 -60.1812  1.03864
 1.06041 -60.1722  1.03879
 1.06056 -60.1633  1.03894
 1.06071 -60.1544  1.03909
 1.06086 -60.1454  1.03924
 1.06101 -60.1365  1.03939
 1.06116 -60.1275  1.03954
 1.06131 -60.1186  1.03954
 1.06146 -60.1097  1.03969
 1.06161 -60.1008  1.03984
 1.06176 -60.0918  1.03999
 1.06191 -60.0829  1.04015
 1.06206  -60.074   1.0403
 1.06221 -60.0651  1.04045
 1.06236 -60.0562   1.0406
 1.06251 -60.0472  1.04075
 1.06266 -60.0383   1.0409
 1.06281 -60.0294  1.04105
 1.06296 -60.0205   1.0412
 1.06311 -60.0116  1.04135
 1.06326 -60.0027   1.0415
 1.06341 -59.9938  1.04165
 1.06356 -59.9849   1.0418
 1.06371  -59.976  1.04195
 1.06386 -59.9671   1.0421
 1.06401 -59.9583   1.0421
 1.06416 -59.9494  1.04225
 1.06431 -59.9405   1.0424
 1.06446 -59.9316  1.04255
 1.06461 -59.9227   1.0427
 1.06476 -59.9139  1.04285
 1.06491  -59.905    1.043
 1.06506 -59.8961  1.04315
 1.06521 -59.8872   1.0433
 1.06536 -59.8784  1.04345
 1.06551 -59.8695   1.0436
 1.06566 -59.8607  1.04375
 1.06581 -59.8518   1.0439
 1.06596 -59.8429  1.04405
 1.06611 -59.8341   1.0442
 1.06626 -59.8252  1.04435
 1.06641 -59.8164   1.0445
 1.06656 -59.8075   1.0445
 1.06671 -59.7987  1.04465
 1.06686 -59.7899   1.0448
 1.06701  -59.781  1.04495
 1.06716 -59.7722   1.0451
 1.06731 -59.7633  1.04525
 1.06746 -59.7545   1.0454
 1.06761 -59.7457  1.04555
 1.06776 -59.7369   1.0457
 1.06791  -59.728  1.04585
 1.06806 -59.7192    1.046
 1.06821 -59.7104  1.04615
 1.06836 -59.7016   1.0463
 1.06851 -59.6928  1.04645
 1.06866 -59.6839   1.0466
 1.06881 -59.6751  1.04675
 1.06896 -59.6663   1.0469
 1.06911 -59.6575   1.0469
 1.06926 -59.6487  1.04705
 1.06941 -59.6399   1.0472
 1.06956 -59.6311  1.04735
 1.06971 -59.6223   1.0475
 1.06986 -59.6135  1.04765
 1.07001 -59.6047   1.0478
 1.07016 -59.5959  1.04795
 1.07031 -59.5872   1.0481
 1.07046 -59.5784  1.04825
 1.07061 -59.5696   1.0484
 1.07076 -59.5608  1.04855
 1.07091  -59.552   1.0487
 1.07106 -59.5433  1.04885
 1.07121 -59.5345    1.049
 1.07136 -59.5257  1.04915
 1.07151  -59.517   1.0493
 1.07166 -59.5082   1.0493
 1.07181 -59.4994  1.04945
 1.07196 -59.4907   1.0496
 1.07211 -59.4819  1.04975
 1.07226 -59.4732   1.0499
 1.07241 -59.4644  1.05005
 1.07256 -59.4557   1.0502
 1.07271 -59.4469  1.05035
 1.07286 -59.4382   1.0505
 1.07301 -59.4294  1.05065
 1.07316 -59.4207   1.0508
 1.07331 -59.4119  1.05095
 1.07346 -59.4032   1.0511
 1.07361 -59.3945  1.05125
 1.07376 -59.3857   1.0514
 1.07391  -59.377  1.05155
 1.07406 -59.3683   1.0517
 1.07421 -59.3596   1.0517
 1.07436 -59.3508  1.05185
 1.07451 -59.3421    1.052
 1.07466 -59.3334  1.05215
 1.07481 -59.3247   1.0523
 1.07496  -59.316  1.05245
 1.07511 -59.3073   1.0526
 1.07526 -59.2986  1.05275
 1.07541 -59.2899   1.0529
 1.07556 -59.2812  1.05305
 1.07571 -59.2725   1.0532
 1.07586 -59.2638  1.05335
 1.07601 -59.2551   1.0535
 1.07616 -59.2464  1.05365
 1.07631 -59.2377   1.0538
 1.07646  -59.229  1.05395
 1.07661 -59.2203   1.0541
 1.07676 -59.2116   1.0541
 1.07691 -59.2029  1.05425
 1.07706 -59.1943   1.0544
 1.07721 -59.1856  1.05455
 1.07736 -59.1769   1.0547
 1.07751 -59.1682  1.05485
 1.07766 -59.1596    1.055
 1.07781 -59.1509  1.05515
 1.07796 -59.1422   1.0553
 1.07811 -59.1336  1.05545
 1.07826 -59.1249   1.0556
 1.07841 -59.1163  1.05575
 1.07856 -59.1076   1.0559
 1.07871 -59.0989  1.05605
 1.07886 -59.0903   1.0562
 1.07901 -59.0817  1.05635
 1.07916  -59.073   1.0565
 1.07931 -59.0644   1.0565
 1.07946 -59.0557  1.05665
 1.07961 -59.0471   1.0568
 1.07976 -59.0384  1.05695
 1.07991 -59.0298   1.0571
 1.08007 -59.0212  1.05725
 1.08022 -59.0126   1.0574
 1.08037 -59.0039  1.05755
 1.08052 -58.9953   1.0577
 1.08067 -58.9867  1.05785
 1.08082 -58.9781    1.058
 1.08097 -58.9694  1.05815
 1.08112 -58.9608   1.0583
 1.08127 -58.9522  1.05845
 1.08142 -58.9436   1.0586
 1.08157  -58.935  1.05875
 1.08172 -58.9264  1.05875
 1.08187 -58.9178   1.0589
 1.08202 -58.9092  1.05905
 1.08217 -58.9006   1.0592
 1.08232  -58.892  1.05935
 1.08247 -58.8834   1.0595
 1.08262 -58.8748  1.05965
 1.08277 -58.8662   1.0598
 1.08292 -58.8576  1.05995
 1.08307 -58.8491  1.06011
 1.08322 -58.8405  1.06026
 1.08337 -58.8319  1.06041
 1.08352 -58.8233  1.06056
 1.08367 -58.8148  1.06071
 1.08382 -58.8062  1.06086
 1.08397 -58.7976  1.06101
 1.08412  -58.789  1.06101
 1.08427 -58.7805  1.06116
 1.08442 -58.7719  1.06131
 1.08457 -58.7634  1.06146
 1.08472 -58.7548  1.06161
 1.08487 -58.7462  1.06176
 1.08502 -58.7377  1.06191
 1.08517 -58.7291  1.06206
 1.08532 -58.7206  1.06221
 1.08547  -58.712  1.06236
 1.08562 -58.7035  1.06251
 1.08577  -58.695  1.06266
 1.08592 -58.6864  1.06281
 1.08607 -58.6779  1.06296
 1.08622 -58.6694  1.06311
 1.08637 -58.6608  1.06326
 1.08652 -58.6523  1.06326
 1.08667 -58.6438  1.06341
 1.08682 -58.6352  1.06356
 1.08697 -58.6267  1.06371
 1.08712 -58.6182  1.06386
 1.08727 -58.6097  1.06401
 1.08742 -58.6012  1.06416
 1.08757 -58.5927  1.06431
 1.08772 -58.5842  1.06446
 1.08787 -58.5756  1.06461
 1.08802 -58.5671  1.06476
 1.08817 -58.5586  1.06491
 1.08832 -58.5501  1.06506
 1.08847 -58.5416  1.06521
 1.08862 -58.5331  1.06536
 1.08877 -58.5247  1.06536
 1.08892 -58.5162  1.06551
 1.08907 -58.5077  1.06566
 1.08922 -58.4992  1.06581
 1.08937 -58.4907  1.06596
 1.08952 -58.4822  1.06611
 1.08967 -58.4737  1.06626
 1.08982 -58.4653  1.06641
 1.08997 -58.4568  1.06656
 1.09012 -58.4483  1.06671
 1.09027 -58.4398  1.06686
 1.09042 -58.4314  1.06701
 1.09057 -58.4229  1.06716
 1.09072 -58.4145  1.06731
 1.09087  -58.406  1.06746
 1.09102 -58.3975  1.06761
 1.09117 -58.3891  1.06761
 1.09132 -58.3806  1.06776
 1.09147 -58.3722  1.06791
 1.09162 -58.3637  1.06806
 1.09177 -58.3553  1.06821
 1.09192 -58.3468  1.06836
 1.09207 -58.3384  1.06851
 1.09222   -58.33  1.06866
 1.09237 -58.3215  1.06881
 1.09252 -58.3131  1.06896
 1.09267 -58.3047  1.06911
 1.09282 -58.2962  1.06926
 1.09297 -58.2878  1.06941
 1.09312 -58.2794  1.06956
 1.09327  -58.271  1.06971
 1.09342 -58.2625  1.06971
 1.09357 -58.2541  1.06986
 1.09372 -58.2457  1.07001
 1.09387 -58.2373  1.07016
 1.09402 -58.2289  1.07031
 1.09417 -58.2205  1.07046
 1.09432 -58.2121  1.07061
 1.09447 -58.2037  1.07076
 1.09462 -58.1953  1.07091
 1.09477 -58.1869  1.07106
 1.09492 -58.1785  1.07121
 1.09507 -58.1701  1.07136
 1.09522 -58.1617  1.07151
 1.09537 -58.1533  1.07166
 1.09552 -58.1449  1.07181
 1.09567 -58.1365  1.07196
 1.09582 -58.1281  1.07196
 1.09597 -58.1197  1.07211
 1.09612 -58.1114  1.07226
 1.09627  -58.103  1.07241
 1.09642 -58.0946  1.07256
 1.09657 -58.0862  1.07271
 1.09672 -58.0779  1.07286
 1.09687 -58.0695  1.07301
 1.09702 -58.0611  1.07316
 1.09717 -58.0528  1.07331
 1.09732 -58.0444  1.07346
 1.09747 -58.0361  1.07361
 1.09762 -58.0277  1.07376
 1.09777 -58.0194  1.07391
 1.09792  -58.011  1.07406
 1.09807 -58.0027  1.07406
 1.09822 -57.9943  1.07421
 1.09837  -57.986  1.07436
 1.09852 -57.9776  1.07451
 1.09867 -57.9693  1.07466
 1.09882  -57.961  1.07481
 1.09897 -57.9526  1.07496
 1.09912 -57.9443  1.07511
 1.09927  -57.936  1.07526
 1.09942 -57.9276  1.07541
 1.09957 -57.9193  1.07556
 1.09972  -57.911  1.07571
 1.09987 -57.9027  1.07586
 1.10003 -57.8944  1.07601
 1.10018  -57.886  1.07616
 1.10033 -57.8777  1.07616
 1.10048 -57.8694  1.07631
 1.10063 -57.8611  1.07646
 1.10078 -57.8528  1.07661
 1.10093 -57.8445  1.07676
 1.10108 -57.8362  1.07691
 1.10123 -57.8279  1.07706
 1.10138 -57.8196  1.07721
 1.10153 -57.8113  1.07736
 1.10168  -57.803  1.07751
 1.10183 -57.7947  1.07766
 1.10198 -57.7865  1.07781
 1.10213 -57.7782  1.07796
 1.10228 -57.7699  1.07811
 1.10243 -57.7616  1.07811
 1.10258 -57.7533  1.07826
 1.10273 -57.7451  1.07841
 1.10288 -57.7368  1.07856
 1.10303 -57.7285  1.07871
 1.10318 -57.7202  1.07886
 1.10333  -57.712  1.07901
 1.10348 -57.7037  1.07916
 1.10363 -57.6955  1.07931
 1.10378 -57.6872  1.07946
 1.10393 -57.6789  1.07961
 1.10408 -57.6707  1.07976
 1.10423 -57.6624  1.07991
 1.10438 -57.6542  1.08007
 1.10453 -57.6459  1.08007
 1.10468 -57.6377  1.08022
 1.10483 -57.6295  1.08037
 1.10498 -57.6212  1.08052
 1.10513  -57.613  1.08067
 1.10528 -57.6047  1.08082
 1.10543 -57.5965  1.08097
 1.10558 -57.5883  1.08112
 1.10573 -57.5801  1.08127
 1.10588 -57.5718  1.08142
 1.10603 -57.5636  1.08157
 1.10618 -57.5554  1.08172
 1.10633 -57.5472  1.08187
 1.10648  -57.539  1.08202
 1.10663 -57.5307  1.08202
 1.10678 -57.5225  1.08217
 1.10693 -57.5143  1.08232
 1.10708 -57.5061  1.08247
 1.10723 -57.4979  1.08262
 1.10738 -57.4897  1.08277
 1.10753 -57.4815  1.08292
 1.10768 -57.4733  1.08307
 1.10783 -57.4651  1.08322
 1.10798 -57.4569  1.08337
 1.10813 -57.4487  1.08352
 1.10828 -57.4406  1.08367
 1.10843 -57.4324  1.08382
 1.10858 -57.4242  1.08397
 1.10873  -57.416  1.08397
 1.10888 -57.4078  1.08412
 1.10903 -57.3997  1.08427
 1.10918 -57.3915  1.08442
 1.10933 -57.3833  1.08457
 1.10948 -57.3751  1.08472
 1.10963  -57.367  1.08487
 1.10978 -57.3588  1.08502
 1.10993 -57.3507  1.08517
 1.11008 -57.3425  1.08532
 1.11023 -57.3343  1.08547
 1.11038 -57.3262  1.08562
 1.11053  -57.318  1.08577
 1.11068 -57.3099  1.08592
 1.11083 -57.3017  1.08592
 1.11098 -57.2936  1.08607
 1.11113 -57.2854  1.08622
 1.11128 -57.2773  1.08637
 1.11143 -57.2692  1.08652
 1.11158  -57.261  1.08667
 1.11173 -57.2529  1.08682
 1.11188 -57.2448  1.08697
 1.11203 -57.2366  1.08712
 1.11218 -57.2285  1.08727
 1.11233 -57.2204  1.08742
 1.11248 -57.2123  1.08757
 1.11263 -57.2042  1.08772
 1.11278  -57.196  1.08772
 1.11293 -57.1879  1.08787
 1.11308 -57.1798  1.08802
 1.11323 -57.1717  1.08817
 1.11338 -57.1636  1.08832
 1.11353 -57.1555  1.08847
 1.11368 -57.1474  1.08862
 1.11383 -57.1393  1.08877
 1.11398 -57.1312  1.08892
 1.11413 -57.1231  1.08907
 1.11428  -57.115  1.08922
 1.11443 -57.1069  1.08937
 1.11458 -57.0988  1.08952
 1.11473 -57.0907  1.08952
 1.11488 -57.0827  1.08967
 1.11503 -57.0746  1.08982
 1.11518 -57.0665  1.08997
 1.11533 -57.0584  1.09012
 1.11548 -57.0504  1.09027
 1.11563 -57.0423  1.09042
 1.11578 -57.0342  1.09057
 1.11593 -57.0261  1.09072
 1.11608 -57.0181  1.09087
 1.11623   -57.01  1.09102
 1.11638  -57.002  1.09117
 1.11653 -56.9939  1.09132
 1.11668 -56.9858  1.09132
 1.11683 -56.9778  1.09147
 1.11698 -56.9697  1.09162
 1.11713 -56.9617  1.09177
 1.11728 -56.9537  1.09192
 1.11743 -56.9456  1.09207
 1.11758 -56.9376  1.09222
 1.11773 -56.9295  1.09237
 1.11788 -56.9215  1.09252
 1.11803 -56.9135  1.09267
 1.11818 -56.9054  1.09282
 1.11833 -56.8974  1.09282
 1.11848 -56.8894  1.09297
 1.11863 -56.8814  1.09312
 1.11878 -56.8733  1.09327
 1.11893 -56.8653  1.09342
 1.11908 -56.8573  1.09357
 1.11923 -56.8493  1.09372
 1.11938 -56.8413  1.09387
 1.11953 -56.8333  1.09402
 1.11968 -56.8253  1.09417
 1.11983 -56.8173  1.09432
 1.11998 -56.8093  1.09447
 1.12014 -56.8013  1.09447
 1.12029 -56.7933  1.09462
 1.12044 -56.7853  1.09477
 1.12059 -56.7773  1.09492
 1.12074 -56.7693  1.09507
 1.12089 -56.7613  1.09522
 1.12104 -56.7534  1.09537
 1.12119 -56.7454  1.09552
 1.12134 -56.7374  1.09567
 1.12149 -56.7294  1.09582
 1.12164 -56.7214  1.09597
 1.12179 -56.7135  1.09597
 1.12194 -56.7055  1.09612
 1.12209 -56.6975  1.09627
 1.12224 -56.6896  1.09642
 1.12239 -56.6816  1.09657
 1.12254 -56.6737  1.09672
 1.12269 -56.6657  1.09687
 1.12284 -56.6578  1.09702
 1.12299 -56.6498  1.09717
 1.12314 -56.6419  1.09732
 1.12329 -56.6339  1.09747
 1.12344  -56.626  1.09747
 1.12359  -56.618  1.09762
 1.12374 -56.6101  1.09777
 1.12389 -56.6022  1.09792
 1.12404 -56.5942  1.09807
 1.12419 -56.5863  1.09822
 1.12434 -56.5784  1.09837
 1.12449 -56.5704  1.09852
 1.12464 -56.5625  1.09867
 1.12479 -56.5546  1.09882
 1.12494 -56.5467  1.09897
 1.12509 -56.5388  1.09897
 1.12524 -56.5309  1.09912
 1.12539  -56.523  1.09927
 1.12554  -56.515  1.09942
 1.12569 -56.5071  1.09957
 1.12584 -56.4992  1.09972
 1.12599 -56.4913  1.09987
 1.12614 -56.4834  1.10003
 1.12629 -56.4755  1.10018
 1.12644 -56.4677  1.10033
 1.12659 -56.4598  1.10048
 1.12674 -56.4519  1.10048
 1.12689  -56.444  1.10063
 1.12704 -56.4361  1.10078
 1.12719 -56.4282  1.10093
 1.12734 -56.4203  1.10108
 1.12749 -56.4125  1.10123
 1.12764 -56.4046  1.10138
 1.12779 -56.3967  1.10153
 1.12794 -56.3889  1.10168
 1.12809  -56.381  1.10183
 1.12824 -56.3731  1.10198
 1.12839 -56.3653  1.10198
 1.12854 -56.3574  1.10213
 1.12869 -56.3496  1.10228
 1.12884 -56.3417  1.10243
 1.12899 -56.3339  1.10258
 1.12914  -56.326  1.10273
 1.12929 -56.3182  1.10288
 1.12944 -56.3103  1.10303
 1.12959 -56.3025  1.10318
 1.12974 -56.2946  1.10333
 1.12989 -56.2868  1.10348
 1.13004  -56.279  1.10348
 1.13019 -56.2712  1.10363
 1.13034 -56.2633  1.10378
 1.13049 -56.2555  1.10393
 1.13064 -56.2477  1.10408
 1.13079 -56.2399  1.10423
 1.13094  -56.232  1.10438
 1.13109 -56.2242  1.10453
 1.13124 -56.2164  1.10468
 1.13139 -56.2086  1.10483
 1.13154 -56.2008  1.10483
 1.13169  -56.193  1.10498
 1.13184 -56.1852  1.10513
 1.13199 -56.1774  1.10528
 1.13214 -56.1696  1.10543
 1.13229 -56.1618  1.10558
 1.13244  -56.154  1.10573
 1.13259 -56.1462  1.10588
 1.13274 -56.1384  1.10603
 1.13289 -56.1306  1.10618
 1.13304 -56.1229  1.10618
 1.13319 -56.1151  1.10633
 1.13334 -56.1073  1.10648
 1.13349 -56.0995  1.10663
 1.13364 -56.0918  1.10678
 1.13379  -56.084  1.10693
 1.13394 -56.0762  1.10708
 1.13409 -56.0685  1.10723
 1.13424 -56.0607  1.10738
 1.13439 -56.0529  1.10753
 1.13454 -56.0452  1.10753
 1.13469 -56.0374  1.10768
 1.13484 -56.0297  1.10783
 1.13499 -56.0219  1.10798
 1.13514 -56.0142  1.10813
 1.13529 -56.0064  1.10828
 1.13544 -55.9987  1.10843
 1.13559 -55.9909  1.10858
 1.13574 -55.9832  1.10873
 1.13589 -55.9755  1.10888
 1.13604 -55.9677  1.10903
 1.13619   -55.96  1.10903
 1.13634 -55.9523  1.10918
 1.13649 -55.9446  1.10933
 1.13664 -55.9368  1.10948
 1.13679 -55.9291  1.10963
 1.13694 -55.9214  1.10978
 1.13709 -55.9137  1.10993
 1.13724  -55.906  1.11008
 1.13739 -55.8983  1.11023
 1.13754 -55.8905  1.11038
 1.13769 -55.8828  1.11038
 1.13784 -55.8751  1.11053
 1.13799 -55.8674  1.11068
 1.13814 -55.8597  1.11083
 1.13829  -55.852  1.11098
 1.13844 -55.8444  1.11113
 1.13859 -55.8367  1.11128
 1.13874  -55.829  1.11143
 1.13889 -55.8213  1.11158
 1.13904 -55.8136  1.11173
 1.13919 -55.8059  1.11173
 1.13934 -55.7983  1.11188
 1.13949 -55.7906  1.11203
 1.13964 -55.7829  1.11218
 1.13979 -55.7752  1.11233
 1.13994 -55.7676  1.11248
  1.1401 -55.7599  1.11263
 1.14025 -55.7522  1.11278
  1.1404 -55.7446  1.11293
 1.14055 -55.7369  1.11293
  1.1407 -55.7293  1.11308
 1.14085 -55.7216  1.11323
   1.141  -55.714  1.11338
 1.14115 -55.7063  1.11353
  1.1413 -55.6987  1.11368
 1.14145  -55.691  1.11383
  1.1416 -55.6834  1.11398
 1.14175 -55.6758  1.11413
  1.1419 -55.6681  1.11413
 1.14205 -55.6605  1.11428
  1.1422 -55.6529  1.11443
 1.14235 -55.6453  1.11458
  1.1425 -55.6376  1.11473
 1.14265   -55.63  1.11488
  1.1428 -55.6224  1.11503
 1.14295 -55.6148  1.11518
  1.1431 -55.6072  1.11533
 1.14325 -55.5996  1.11533
  1.1434  -55.592  1.11548
 1.14355 -55.5844  1.11563
  1.1437 -55.5768  1.11578
 1.14385 -55.5692  1.11593
   1.144 -55.5616  1.11608
 1.14415  -55.554  1.11623
  1.1443 -55.5464  1.11638
 1.14445 -55.5388  1.11653
  1.1446 -55.5312  1.11653
 1.14475 -55.5236  1.11668
  1.1449  -55.516  1.11683
 1.14505 -55.5085  1.11698
  1.1452 -55.5009  1.11713
 1.14535 -55.4933  1.11728
  1.1455 -55.4857  1.11743
 1.14565 -55.4782  1.11758
  1.1458 -55.4706  1.11758
 1.14595  -55.463  1.11773
  1.1461 -55.4555  1.11788
 1.14625 -55.4479  1.11803
  1.1464 -55.4404  1.11818
 1.14655 -55.4328  1.11833
  1.1467 -55.4253  1.11848
 1.14685 -55.4177  1.11863
   1.147 -55.4102  1.11878
 1.14715 -55.4027  1.11878
  1.1473 -55.3951  1.11893
 1.14745 -55.3876  1.11908
  1.1476   -55.38  1.11923
 1.14775 -55.3725  1.11938
  1.1479  -55.365  1.11953
 1.14805 -55.3575  1.11968
  1.1482 -55.3499  1.11983
 1.14835 -55.3424  1.11983
  1.1485 -55.3349  1.11998
 1.14865 -55.3274  1.12014
  1.1488 -55.3199  1.12029
 1.14895 -55.3124  1.12044
  1.1491 -55.3049  1.12059
 1.14925 -55.2974  1.12074
  1.1494 -55.2899  1.12089
 1.14955 -55.2824  1.12089
  1.1497 -55.2749  1.12104
 1.14985 -55.2674  1.12119
    1.15 -55.2599  1.12134