 kgrid  ValNew  Policy 
    0.85  -66.915 0.862606
 0.85015 -66.9011 0.862606
  0.8503 -66.8873 0.862756
 0.85045 -66.8734 0.862906
  0.8506 -66.8596 0.863057
 0.85075 -66.8458 0.863057
  0.8509  -66.832 0.863207
0.851051 -66.8182 0.863357
0.851201 -66.8044 0.863507
0.851351 -66.7907 0.863507
0.851501 -66.7769 0.863657
0.851651 -66.7632 0.863807
0.851801 -66.7494 0.863957
0.851951 -66.7357 0.863957
0.852101 -66.7219 0.864107
0.852251 -66.7082 0.864257
0.852401 -66.6945 0.864407
0.852551 -66.6808 0.864407
0.852701 -66.6671 0.864557
0.852851 -66.6535 0.864707
0.853002 -66.6398 0.864857
0.853152 -66.6261 0.864857
0.853302 -66.6125 0.865008
0.853452 -66.5988 0.865158
0.853602 -66.5852 0.865308
0.853752 -66.5716 0.865308
0.853902  -66.558 0.865458
0.854052 -66.5444 0.865608
0.854202 -66.5308 0.865758
0.854352 -66.5172 0.865758
0.854502 -66.5036 0.865908
0.854652   -66.49 0.866058
0.854802 -66.4765 0.866208
0.854952 -66.4629 0.866208
0.855103 -66.4494 0.866358
0.855253 -66.4359 0.866508
0.855403 -66.4223 0.866658
0.855553 -66.4088 0.866808
0.855703 -66.3953 0.866808
0.855853 -66.3818 0.866958
0.856003 -66.3683 0.867109
0.856153 -66.3549 0.867259
0.856303 -66.3414 0.867259
0.856453 -66.3279 0.867409
0.856603 -66.3145 0.867559
0.856753 -66.3011 0.867709
0.856903 -66.2876 0.867709
0.857054 -66.2742 0.867859
0.857204 -66.2608 0.868009
0.857354 -66.2474 0.868159
0.857504  -66.234 0.868159
0.857654 -66.2206 0.868309
0.857804 -66.2072 0.868459
0.857954 -66.1939 0.868609
0.858104 -66.1805 0.868609
0.858254 -66.1672 0.868759
0.858404 -66.1538 0.868909
0.858554 -66.1405  0.86906
0.858704 -66.1272  0.86906
0.858854 -66.1139  0.86921
0.859005 -66.1005  0.86936
0.859155 -66.0873  0.86951
0.859305  -66.074  0.86966
0.859455 -66.0607  0.86966
0.859605 -66.0474  0.86981
0.859755 -66.0342  0.86996
0.859905 -66.0209  0.87011
0.860055 -66.0077  0.87011
0.860205 -65.9944  0.87026
0.860355 -65.9812  0.87041
0.860505  -65.968  0.87056
0.860655 -65.9548  0.87056
0.860805 -65.9416  0.87071
0.860955 -65.9284  0.87086
0.861106 -65.9152 0.871011
0.861256  -65.902 0.871161
0.861406 -65.8889 0.871161
0.861556 -65.8757 0.871311
0.861706 -65.8625 0.871461
0.861856 -65.8494 0.871611
0.862006 -65.8362 0.871761
0.862156 -65.8231 0.871911
0.862306   -65.81 0.872061
0.862456 -65.7968 0.872061
0.862606 -65.7837 0.872211
0.862756 -65.7706 0.872361
0.862906 -65.7575 0.872511
0.863057 -65.7444 0.872661
0.863207 -65.7313 0.872811
0.863357 -65.7182 0.872961
0.863507 -65.7052 0.872961
0.863657 -65.6921 0.873112
0.863807  -65.679 0.873262
0.863957  -65.666 0.873412
0.864107 -65.6529 0.873562
0.864257 -65.6399 0.873712
0.864407 -65.6268 0.873862
0.864557 -65.6138 0.873862
0.864707 -65.6008 0.874012
0.864857 -65.5877 0.874162
0.865008 -65.5747 0.874312
0.865158 -65.5617 0.874462
0.865308 -65.5487 0.874612
0.865458 -65.5357 0.874762
0.865608 -65.5227 0.874912
0.865758 -65.5097 0.874912
0.865908 -65.4968 0.875063
0.866058 -65.4838 0.875213
0.866208 -65.4708 0.875363
0.866358 -65.4579 0.875513
0.866508 -65.4449 0.875663
0.866658  -65.432 0.875813
0.866808  -65.419 0.875813
0.866958 -65.4061 0.875963
0.867109 -65.3932 0.876113
0.867259 -65.3802 0.876263
0.867409 -65.3673 0.876413
0.867559 -65.3544 0.876563
0.867709 -65.3415 0.876713
0.867859 -65.3286 0.876863
0.868009 -65.3157 0.876863
0.868159 -65.3028 0.877014
0.868309 -65.2899 0.877164
0.868459 -65.2771 0.877314
0.868609 -65.2642 0.877464
0.868759 -65.2513 0.877614
0.868909 -65.2385 0.877764
 0.86906 -65.2256 0.877764
 0.86921 -65.2128 0.877914
 0.86936    -65.2 0.878064
 0.86951 -65.1871 0.878214
 0.86966 -65.1743 0.878364
 0.86981 -65.1615 0.878514
 0.86996 -65.1487 0.878664
 0.87011 -65.1359 0.878814
 0.87026 -65.1231 0.878814
 0.87041 -65.1103 0.878964
 0.87056 -65.0975 0.879115
 0.87071 -65.0847 0.879265
 0.87086 -65.0719 0.879415
0.871011 -65.0591 0.879565
0.871161 -65.0464 0.879715
0.871311 -65.0336 0.879865
0.871461 -65.0208 0.879865
0.871611 -65.0081 0.880015
0.871761 -64.9953 0.880165
0.871911 -64.9826 0.880315
0.872061 -64.9699 0.880465
0.872211 -64.9572 0.880615
0.872361 -64.9444 0.880765
0.872511 -64.9317 0.880915
0.872661  -64.919 0.880915
0.872811 -64.9063 0.881066
0.872961 -64.8936 0.881216
0.873112 -64.8809 0.881366
0.873262 -64.8682 0.881516
0.873412 -64.8555 0.881666
0.873562 -64.8429 0.881816
0.873712 -64.8302 0.881966
0.873862 -64.8175 0.881966
0.874012 -64.8049 0.882116
0.874162 -64.7922 0.882266
0.874312 -64.7796 0.882416
0.874462 -64.7669 0.882566
0.874612 -64.7543 0.882716
0.874762 -64.7417 0.882866
0.874912  -64.729 0.883017
0.875063 -64.7164 0.883167
0.875213 -64.7038 0.883167
0.875363 -64.6912 0.883317
0.875513 -64.6786 0.883467
0.875663  -64.666 0.883617
0.875813 -64.6534 0.883767
0.875963 -64.6408 0.883917
0.876113 -64.6282 0.884067
0.876263 -64.6156 0.884217
0.876413 -64.6031 0.884367
0.876563 -64.5905 0.884367
0.876713 -64.5779 0.884517
0.876863 -64.5654 0.884667
0.877014 -64.5528 0.884817
0.877164 -64.5403 0.884967
0.877314 -64.5278 0.885118
0.877464 -64.5152 0.885268
0.877614 -64.5027 0.885418
0.877764 -64.4902 0.885568
0.877914 -64.4777 0.885718
0.878064 -64.4651 0.885718
0.878214 -64.4526 0.885868
0.878364 -64.4401 0.886018
0.878514 -64.4276 0.886168
0.878664 -64.4151 0.886318
0.878814 -64.4027 0.886468
0.878964 -64.3902 0.886618
0.879115 -64.3777 0.886768
0.879265 -64.3652 0.886768
0.879415 -64.3528 0.886918
0.879565 -64.3403 0.887069
0.879715 -64.3279 0.887219
0.879865 -64.3154 0.887369
0.880015  -64.303 0.887519
0.880165 -64.2905 0.887669
0.880315 -64.2781 0.887819
0.880465 -64.2657 0.887969
0.880615 -64.2532 0.887969
0.880765 -64.2408 0.888119
0.880915 -64.2284 0.888269
0.881066  -64.216 0.888419
0.881216 -64.2036 0.888569
0.881366 -64.1912 0.888719
0.881516 -64.1788 0.888869
0.881666 -64.1664  0.88902
0.881816 -64.1541  0.88917
0.881966 -64.1417  0.88932
0.882116 -64.1293  0.88932
0.882266 -64.1169  0.88947
0.882416 -64.1046  0.88962
0.882566 -64.0922  0.88977
0.882716 -64.0799  0.88992
0.882866 -64.0675  0.89007
0.883017 -64.0552  0.89022
0.883167 -64.0429  0.89037
0.883317 -64.0305  0.89052
0.883467 -64.0182  0.89052
0.883617 -64.0059  0.89067
0.883767 -63.9936  0.89082
0.883917 -63.9813  0.89097
0.884067  -63.969 0.891121
0.884217 -63.9567 0.891271
0.884367 -63.9444 0.891421
0.884517 -63.9321 0.891571
0.884667 -63.9198 0.891721
0.884817 -63.9075 0.891721
0.884967 -63.8953 0.891871
0.885118  -63.883 0.892021
0.885268 -63.8707 0.892171
0.885418 -63.8585 0.892321
0.885568 -63.8462 0.892471
0.885718  -63.834 0.892621
0.885868 -63.8217 0.892771
0.886018 -63.8095 0.892921
0.886168 -63.7973 0.893072
0.886318 -63.7851 0.893072
0.886468 -63.7728 0.893222
0.886618 -63.7606 0.893372
0.886768 -63.7484 0.893522
0.886918 -63.7362 0.893672
0.887069  -63.724 0.893822
0.887219 -63.7118 0.893972
0.887369 -63.6996 0.894122
0.887519 -63.6874 0.894272
0.887669 -63.6752 0.894422
0.887819 -63.6631 0.894422
0.887969 -63.6509 0.894572
0.888119 -63.6387 0.894722
0.888269 -63.6266 0.894872
0.888419 -63.6144 0.895023
0.888569 -63.6023 0.895173
0.888719 -63.5901 0.895323
0.888869  -63.578 0.895473
 0.88902 -63.5658 0.895623
 0.88917 -63.5537 0.895773
 0.88932 -63.5416 0.895773
 0.88947 -63.5294 0.895923
 0.88962 -63.5173 0.896073
 0.88977 -63.5052 0.896223
 0.88992 -63.4931 0.896373
 0.89007  -63.481 0.896523
 0.89022 -63.4689 0.896673
 0.89037 -63.4568 0.896823
 0.89052 -63.4447 0.896973
 0.89067 -63.4326 0.897124
 0.89082 -63.4206 0.897124
 0.89097 -63.4085 0.897274
0.891121 -63.3964 0.897424
0.891271 -63.3844 0.897574
0.891421 -63.3723 0.897724
0.891571 -63.3602 0.897874
0.891721 -63.3482 0.898024
0.891871 -63.3362 0.898174
0.892021 -63.3241 0.898324
0.892171 -63.3121 0.898474
0.892321    -63.3 0.898474
0.892471  -63.288 0.898624
0.892621  -63.276 0.898774
0.892771  -63.264 0.898924
0.892921  -63.252 0.899075
0.893072   -63.24 0.899225
0.893222  -63.228 0.899375
0.893372  -63.216 0.899525
0.893522  -63.204 0.899675
0.893672  -63.192 0.899825
0.893822   -63.18 0.899975
0.893972  -63.168 0.899975
0.894122 -63.1561 0.900125
0.894272 -63.1441 0.900275
0.894422 -63.1321 0.900425
0.894572 -63.1202 0.900575
0.894722 -63.1082 0.900725
0.894872 -63.0963 0.900875
0.895023 -63.0843 0.901026
0.895173 -63.0724 0.901176
0.895323 -63.0604 0.901326
0.895473 -63.0485 0.901476
0.895623 -63.0366 0.901626
0.895773 -63.0247 0.901626
0.895923 -63.0127 0.901776
0.896073 -63.0008 0.901926
0.896223 -62.9889 0.902076
0.896373  -62.977 0.902226
0.896523 -62.9651 0.902376
0.896673 -62.9532 0.902526
0.896823 -62.9413 0.902676
0.896973 -62.9294 0.902826
0.897124 -62.9175 0.902976
0.897274 -62.9057 0.903127
0.897424 -62.8938 0.903127
0.897574 -62.8819 0.903277
0.897724   -62.87 0.903427
0.897874 -62.8582 0.903577
0.898024 -62.8463 0.903727
0.898174 -62.8345 0.903877
0.898324 -62.8226 0.904027
0.898474 -62.8108 0.904177
0.898624 -62.7989 0.904327
0.898774 -62.7871 0.904477
0.898924 -62.7753 0.904627
0.899075 -62.7634 0.904777
0.899225 -62.7516 0.904927
0.899375 -62.7398 0.904927
0.899525  -62.728 0.905078
0.899675 -62.7162 0.905228
0.899825 -62.7044 0.905378
0.899975 -62.6925 0.905528
0.900125 -62.6807 0.905678
0.900275  -62.669 0.905828
0.900425 -62.6572 0.905978
0.900575 -62.6454 0.906128
0.900725 -62.6336 0.906278
0.900875 -62.6218 0.906428
0.901026 -62.6101 0.906578
0.901176 -62.5983 0.906728
0.901326 -62.5865 0.906728
0.901476 -62.5748 0.906878
0.901626  -62.563 0.907029
0.901776 -62.5513 0.907179
0.901926 -62.5395 0.907329
0.902076 -62.5278 0.907479
0.902226  -62.516 0.907629
0.902376 -62.5043 0.907779
0.902526 -62.4926 0.907929
0.902676 -62.4808 0.908079
0.902826 -62.4691 0.908229
0.902976 -62.4574 0.908379
0.903127 -62.4457 0.908379
0.903277  -62.434 0.908529
0.903427 -62.4223 0.908679
0.903577 -62.4106 0.908829
0.903727 -62.3989 0.908979
0.903877 -62.3872  0.90913
0.904027 -62.3755  0.90928
0.904177 -62.3638  0.90943
0.904327 -62.3521  0.90958
0.904477 -62.3405  0.90973
0.904627 -62.3288  0.90988
0.904777 -62.3171  0.91003
0.904927 -62.3055  0.91018
0.905078 -62.2938  0.91018
0.905228 -62.2821  0.91033
0.905378 -62.2705  0.91048
0.905528 -62.2589  0.91063
0.905678 -62.2472  0.91078
0.905828 -62.2356  0.91093
0.905978 -62.2239 0.911081
0.906128 -62.2123 0.911231
0.906278 -62.2007 0.911381
0.906428 -62.1891 0.911531
0.906578 -62.1774 0.911681
0.906728 -62.1658 0.911831
0.906878 -62.1542 0.911981
0.907029 -62.1426 0.912131
0.907179  -62.131 0.912131
0.907329 -62.1194 0.912281
0.907479 -62.1078 0.912431
0.907629 -62.0962 0.912581
0.907779 -62.0847 0.912731
0.907929 -62.0731 0.912881
0.908079 -62.0615 0.913032
0.908229 -62.0499 0.913182
0.908379 -62.0384 0.913332
0.908529 -62.0268 0.913482
0.908679 -62.0152 0.913632
0.908829 -62.0037 0.913782
0.908979 -61.9921 0.913932
 0.90913 -61.9806 0.914082
 0.90928  -61.969 0.914082
 0.90943 -61.9575 0.914232
 0.90958  -61.946 0.914382
 0.90973 -61.9344 0.914532
 0.90988 -61.9229 0.914682
 0.91003 -61.9114 0.914832
 0.91018 -61.8999 0.914982
 0.91033 -61.8883 0.915133
 0.91048 -61.8768 0.915283
 0.91063 -61.8653 0.915433
 0.91078 -61.8538 0.915583
 0.91093 -61.8423 0.915733
0.911081 -61.8308 0.915883
0.911231 -61.8193 0.915883
0.911381 -61.8078 0.916033
0.911531 -61.7964 0.916183
0.911681 -61.7849 0.916333
0.911831 -61.7734 0.916483
0.911981 -61.7619 0.916633
0.912131 -61.7505 0.916783
0.912281  -61.739 0.916933
0.912431 -61.7275 0.917084
0.912581 -61.7161 0.917234
0.912731 -61.7046 0.917384
0.912881 -61.6932 0.917534
0.913032 -61.6817 0.917684
0.913182 -61.6703 0.917834
0.913332 -61.6588 0.917984
0.913482 -61.6474 0.917984
0.913632  -61.636 0.918134
0.913782 -61.6246 0.918284
0.913932 -61.6131 0.918434
0.914082 -61.6017 0.918584
0.914232 -61.5903 0.918734
0.914382 -61.5789 0.918884
0.914532 -61.5675 0.919035
0.914682 -61.5561 0.919185
0.914832 -61.5447 0.919335
0.914982 -61.5333 0.919485
0.915133 -61.5219 0.919635
0.915283 -61.5105 0.919785
0.915433 -61.4991 0.919935
0.915583 -61.4878 0.919935
0.915733 -61.4764 0.920085
0.915883  -61.465 0.920235
0.916033 -61.4536 0.920385
0.916183 -61.4423 0.920535
0.916333 -61.4309 0.920685
0.916483 -61.4196 0.920835
0.916633 -61.4082 0.920985
0.916783 -61.3969 0.921136
0.916933 -61.3855 0.921286
0.917084 -61.3742 0.921436
0.917234 -61.3628 0.921586
0.917384 -61.3515 0.921736
0.917534 -61.3402 0.921886
0.917684 -61.3289 0.922036
0.917834 -61.3175 0.922036
0.917984 -61.3062 0.922186
0.918134 -61.2949 0.922336
0.918284 -61.2836 0.922486
0.918434 -61.2723 0.922636
0.918584  -61.261 0.922786
0.918734 -61.2497 0.922936
0.918884 -61.2384 0.923087
0.919035 -61.2271 0.923237
0.919185 -61.2158 0.923387
0.919335 -61.2045 0.923537
0.919485 -61.1933 0.923687
0.919635  -61.182 0.923837
0.919785 -61.1707 0.923987
0.919935 -61.1594 0.924137
0.920085 -61.1482 0.924137
0.920235 -61.1369 0.924287
0.920385 -61.1257 0.924437
0.920535 -61.1144 0.924587
0.920685 -61.1032 0.924737
0.920835 -61.0919 0.924887
0.920985 -61.0807 0.925038
0.921136 -61.0694 0.925188
0.921286 -61.0582 0.925338
0.921436  -61.047 0.925488
0.921586 -61.0357 0.925638
0.921736 -61.0245 0.925788
0.921886 -61.0133 0.925938
0.922036 -61.0021 0.926088
0.922186 -60.9909 0.926088
0.922336 -60.9797 0.926238
0.922486 -60.9685 0.926388
0.922636 -60.9573 0.926538
0.922786 -60.9461 0.926688
0.922936 -60.9349 0.926838
0.923087 -60.9237 0.926988
0.923237 -60.9125 0.927139
0.923387 -60.9013 0.927289
0.923537 -60.8901 0.927439
0.923687  -60.879 0.927589
0.923837 -60.8678 0.927739
0.923987 -60.8566 0.927889
0.924137 -60.8455 0.928039
0.924287 -60.8343 0.928189
0.924437 -60.8232 0.928189
0.924587  -60.812 0.928339
0.924737 -60.8009 0.928489
0.924887 -60.7897 0.928639
0.925038 -60.7786 0.928789
0.925188 -60.7674 0.928939
0.925338 -60.7563  0.92909
0.925488 -60.7452  0.92924
0.925638  -60.734  0.92939
0.925788 -60.7229  0.92954
0.925938 -60.7118  0.92969
0.926088 -60.7007  0.92984
0.926238 -60.6896  0.92999
0.926388 -60.6785  0.93014
0.926538 -60.6674  0.93029
0.926688 -60.6563  0.93044
0.926838 -60.6452  0.93044
0.926988 -60.6341  0.93059
0.927139  -60.623  0.93074
0.927289 -60.6119  0.93089
0.927439 -60.6008 0.931041
0.927589 -60.5897 0.931191
0.927739 -60.5787 0.931341
0.927889 -60.5676 0.931491
0.928039 -60.5565 0.931641
0.928189 -60.5455 0.931791
0.928339 -60.5344 0.931941
0.928489 -60.5233 0.932091
0.928639 -60.5123 0.932241
0.928789 -60.5012 0.932391
0.928939 -60.4902 0.932541
 0.92909 -60.4792 0.932541
 0.92924 -60.4681 0.932691
 0.92939 -60.4571 0.932841
 0.92954 -60.4461 0.932991
 0.92969  -60.435 0.933142
 0.92984  -60.424 0.933292
 0.92999  -60.413 0.933442
 0.93014  -60.402 0.933592
 0.93029 -60.3909 0.933742
 0.93044 -60.3799 0.933892
 0.93059 -60.3689 0.934042
 0.93074 -60.3579 0.934192
 0.93089 -60.3469 0.934342
0.931041 -60.3359 0.934492
0.931191 -60.3249 0.934642
0.931341  -60.314 0.934792
0.931491  -60.303 0.934942
0.931641  -60.292 0.934942
0.931791  -60.281 0.935093
0.931941   -60.27 0.935243
0.932091 -60.2591 0.935393
0.932241 -60.2481 0.935543
0.932391 -60.2371 0.935693
0.932541 -60.2262 0.935843
0.932691 -60.2152 0.935993
0.932841 -60.2043 0.936143
0.932991 -60.1933 0.936293
0.933142 -60.1824 0.936443
0.933292 -60.1714 0.936593
0.933442 -60.1605 0.936743
0.933592 -60.1495 0.936893
0.933742 -60.1386 0.937044
0.933892 -60.1277 0.937194
0.934042 -60.1168 0.937194
0.934192 -60.1058 0.937344
0.934342 -60.0949 0.937494
0.934492  -60.084 0.937644
0.934642 -60.0731 0.937794
0.934792 -60.0622 0.937944
0.934942 -60.0513 0.938094
0.935093 -60.0404 0.938244
0.935243 -60.0295 0.938394
0.935393 -60.0186 0.938544
0.935543 -60.0077 0.938694
0.935693 -59.9968 0.938844
0.935843 -59.9859 0.938994
0.935993  -59.975 0.939145
0.936143 -59.9642 0.939295
0.936293 -59.9533 0.939445
0.936443 -59.9424 0.939595
0.936593 -59.9316 0.939595
0.936743 -59.9207 0.939745
0.936893 -59.9098 0.939895
0.937044  -59.899 0.940045
0.937194 -59.8881 0.940195
0.937344 -59.8773 0.940345
0.937494 -59.8664 0.940495
0.937644 -59.8556 0.940645
0.937794 -59.8447 0.940795
0.937944 -59.8339 0.940945
0.938094 -59.8231 0.941096
0.938244 -59.8123 0.941246
0.938394 -59.8014 0.941396
0.938544 -59.7906 0.941546
0.938694 -59.7798 0.941696
0.938844  -59.769 0.941846
0.938994 -59.7582 0.941846
0.939145 -59.7474 0.941996
0.939295 -59.7365 0.942146
0.939445 -59.7257 0.942296
0.939595 -59.7149 0.942446
0.939745 -59.7042 0.942596
0.939895 -59.6934 0.942746
0.940045 -59.6826 0.942896
0.940195 -59.6718 0.943047
0.940345  -59.661 0.943197
0.940495 -59.6502 0.943347
0.940645 -59.6395 0.943497
0.940795 -59.6287 0.943647
0.940945 -59.6179 0.943797
0.941096 -59.6072 0.943947
0.941246 -59.5964 0.944097
0.941396 -59.5856 0.944247
0.941546 -59.5749 0.944247
0.941696 -59.5641 0.944397
0.941846 -59.5534 0.944547
0.941996 -59.5426 0.944697
0.942146 -59.5319 0.944847
0.942296 -59.5212 0.944997
0.942446 -59.5104 0.945148
0.942596 -59.4997 0.945298
0.942746  -59.489 0.945448
0.942896 -59.4783 0.945598
0.943047 -59.4675 0.945748
0.943197 -59.4568 0.945898
0.943347 -59.4461 0.946048
0.943497 -59.4354 0.946198
0.943647 -59.4247 0.946348
0.943797  -59.414 0.946498
0.943947 -59.4033 0.946648
0.944097 -59.3926 0.946648
0.944247 -59.3819 0.946798
0.944397 -59.3712 0.946948
0.944547 -59.3605 0.947099
0.944697 -59.3498 0.947249
0.944847 -59.3392 0.947399
0.944997 -59.3285 0.947549
0.945148 -59.3178 0.947699
0.945298 -59.3071 0.947849
0.945448 -59.2965 0.947999
0.945598 -59.2858 0.948149
0.945748 -59.2752 0.948299
0.945898 -59.2645 0.948449
0.946048 -59.2538 0.948599
0.946198 -59.2432 0.948749
0.946348 -59.2325 0.948899
0.946498 -59.2219  0.94905
0.946648 -59.2113   0.9492
0.946798 -59.2006   0.9492
0.946948   -59.19  0.94935
0.947099 -59.1794   0.9495
0.947249 -59.1687  0.94965
0.947399 -59.1581   0.9498
0.947549 -59.1475  0.94995
0.947699 -59.1369   0.9501
0.947849 -59.1263  0.95025
0.947999 -59.1156   0.9504
0.948149  -59.105  0.95055
0.948299 -59.0944   0.9507
0.948449 -59.0838  0.95085
0.948599 -59.0732 0.951001
0.948749 -59.0626 0.951151
0.948899 -59.0521 0.951301
 0.94905 -59.0415 0.951451
  0.9492 -59.0309 0.951601
 0.94935 -59.0203 0.951751
  0.9495 -59.0097 0.951751
 0.94965 -58.9992 0.951901
  0.9498 -58.9886 0.952051
 0.94995  -58.978 0.952201
  0.9501 -58.9674 0.952351
 0.95025 -58.9569 0.952501
  0.9504 -58.9463 0.952651
 0.95055 -58.9358 0.952801
  0.9507 -58.9252 0.952951
 0.95085 -58.9147 0.953102
0.951001 -58.9041 0.953252
0.951151 -58.8936 0.953402
0.951301  -58.883 0.953552
0.951451 -58.8725 0.953702
0.951601  -58.862 0.953852
0.951751 -58.8515 0.954002
0.951901 -58.8409 0.954152
0.952051 -58.8304 0.954152
0.952201 -58.8199 0.954302
0.952351 -58.8094 0.954452
0.952501 -58.7989 0.954602
0.952651 -58.7883 0.954752
0.952801 -58.7778 0.954902
0.952951 -58.7673 0.955053
0.953102 -58.7568 0.955203
0.953252 -58.7463 0.955353
0.953402 -58.7358 0.955503
0.953552 -58.7254 0.955653
0.953702 -58.7149 0.955803
0.953852 -58.7044 0.955953
0.954002 -58.6939 0.956103
0.954152 -58.6834 0.956253
0.954302 -58.6729 0.956403
0.954452 -58.6625 0.956553
0.954602  -58.652 0.956703
0.954752 -58.6415 0.956703
0.954902 -58.6311 0.956853
0.955053 -58.6206 0.957004
0.955203 -58.6102 0.957154
0.955353 -58.5997 0.957304
0.955503 -58.5893 0.957454
0.955653 -58.5788 0.957604
0.955803 -58.5684 0.957754
0.955953 -58.5579 0.957904
0.956103 -58.5475 0.958054
0.956253 -58.5371 0.958204
0.956403 -58.5266 0.958354
0.956553 -58.5162 0.958504
0.956703 -58.5058 0.958654
0.956853 -58.4954 0.958804
0.957004  -58.485 0.958954
0.957154 -58.4745 0.959105
0.957304 -58.4641 0.959255
0.957454 -58.4537 0.959255
0.957604 -58.4433 0.959405
0.957754 -58.4329 0.959555
0.957904 -58.4225 0.959705
0.958054 -58.4121 0.959855
0.958204 -58.4017 0.960005
0.958354 -58.3913 0.960155
0.958504  -58.381 0.960305
0.958654 -58.3706 0.960455
0.958804 -58.3602 0.960605
0.958954 -58.3498 0.960755
0.959105 -58.3395 0.960905
0.959255 -58.3291 0.961056
0.959405 -58.3187 0.961206
0.959555 -58.3084 0.961356
0.959705  -58.298 0.961506
0.959855 -58.2876 0.961656
0.960005 -58.2773 0.961806
0.960155 -58.2669 0.961806
0.960305 -58.2566 0.961956
0.960455 -58.2462 0.962106
0.960605 -58.2359 0.962256
0.960755 -58.2256 0.962406
0.960905 -58.2152 0.962556
0.961056 -58.2049 0.962706
0.961206 -58.1946 0.962856
0.961356 -58.1842 0.963007
0.961506 -58.1739 0.963157
0.961656 -58.1636 0.963307
0.961806 -58.1533 0.963457
0.961956  -58.143 0.963607
0.962106 -58.1327 0.963757
0.962256 -58.1223 0.963907
0.962406  -58.112 0.964057
0.962556 -58.1017 0.964207
0.962706 -58.0914 0.964357
0.962856 -58.0812 0.964357
0.963007 -58.0709 0.964507
0.963157 -58.0606 0.964657
0.963307 -58.0503 0.964807
0.963457   -58.04 0.964957
0.963607 -58.0297 0.965108
0.963757 -58.0194 0.965258
0.963907 -58.0092 0.965408
0.964057 -57.9989 0.965558
0.964207 -57.9886 0.965708
0.964357 -57.9784 0.965858
0.964507 -57.9681 0.966008
0.964657 -57.9579 0.966158
0.964807 -57.9476 0.966308
0.964957 -57.9373 0.966458
0.965108 -57.9271 0.966608
0.965258 -57.9169 0.966758
0.965408 -57.9066 0.966908
0.965558 -57.8964 0.966908
0.965708 -57.8861 0.967059
0.965858 -57.8759 0.967209
0.966008 -57.8657 0.967359
0.966158 -57.8554 0.967509
0.966308 -57.8452 0.967659
0.966458  -57.835 0.967809
0.966608 -57.8248 0.967959
0.966758 -57.8146 0.968109
0.966908 -57.8044 0.968259
0.967059 -57.7942 0.968409
0.967209 -57.7839 0.968559
0.967359 -57.7737 0.968709
0.967509 -57.7635 0.968859
0.967659 -57.7533  0.96901
0.967809 -57.7432  0.96916
0.967959  -57.733  0.96931
0.968109 -57.7228  0.96946
0.968259 -57.7126  0.96961
0.968409 -57.7024  0.96961
0.968559 -57.6922  0.96976
0.968709 -57.6821  0.96991
0.968859 -57.6719  0.97006
 0.96901 -57.6617  0.97021
 0.96916 -57.6516  0.97036
 0.96931 -57.6414  0.97051
 0.96946 -57.6312  0.97066
 0.96961 -57.6211  0.97081
 0.96976 -57.6109  0.97096
 0.96991 -57.6008 0.971111
 0.97006 -57.5906 0.971261
 0.97021 -57.5805 0.971411
 0.97036 -57.5703 0.971561
 0.97051 -57.5602 0.971711
 0.97066 -57.5501 0.971861
 0.97081 -57.5399 0.972011
 0.97096 -57.5298 0.972161
0.971111 -57.5197 0.972311
0.971261 -57.5095 0.972311
0.971411 -57.4994 0.972461
0.971561 -57.4893 0.972611
0.971711 -57.4792 0.972761
0.971861 -57.4691 0.972911
0.972011  -57.459 0.973062
0.972161 -57.4489 0.973212
0.972311 -57.4388 0.973362
0.972461 -57.4287 0.973512
0.972611 -57.4186 0.973662
0.972761 -57.4085 0.973812
0.972911 -57.3984 0.973962
0.973062 -57.3883 0.974112
0.973212 -57.3782 0.974262
0.973362 -57.3681 0.974412
0.973512  -57.358 0.974562
0.973662  -57.348 0.974712
0.973812 -57.3379 0.974862
0.973962 -57.3278 0.974862
0.974112 -57.3178 0.975013
0.974262 -57.3077 0.975163
0.974412 -57.2976 0.975313
0.974562 -57.2876 0.975463
0.974712 -57.2775 0.975613
0.974862 -57.2675 0.975763
0.975013 -57.2574 0.975913
0.975163 -57.2474 0.976063
0.975313 -57.2373 0.976213
0.975463 -57.2273 0.976363
0.975613 -57.2173 0.976513
0.975763 -57.2072 0.976663
0.975913 -57.1972 0.976813
0.976063 -57.1872 0.976963
0.976213 -57.1771 0.977114
0.976363 -57.1671 0.977264
0.976513 -57.1571 0.977414
0.976663 -57.1471 0.977564
0.976813 -57.1371 0.977564
0.976963  -57.127 0.977714
0.977114  -57.117 0.977864
0.977264  -57.107 0.978014
0.977414  -57.097 0.978164
0.977564  -57.087 0.978314
0.977714  -57.077 0.978464
0.977864  -57.067 0.978614
0.978014 -57.0571 0.978764
0.978164 -57.0471 0.978914
0.978314 -57.0371 0.979065
0.978464 -57.0271 0.979215
0.978614 -57.0171 0.979365
0.978764 -57.0071 0.979515
0.978914 -56.9972 0.979665
0.979065 -56.9872 0.979815
0.979215 -56.9772 0.979965
0.979365 -56.9673 0.980115
0.979515 -56.9573 0.980265
0.979665 -56.9474 0.980265
0.979815 -56.9374 0.980415
0.979965 -56.9274 0.980565
0.980115 -56.9175 0.980715
0.980265 -56.9076 0.980865
0.980415 -56.8976 0.981016
0.980565 -56.8877 0.981166
0.980715 -56.8777 0.981316
0.980865 -56.8678 0.981466
0.981016 -56.8579 0.981616
0.981166 -56.8479 0.981766
0.981316  -56.838 0.981916
0.981466 -56.8281 0.982066
0.981616 -56.8182 0.982216
0.981766 -56.8082 0.982366
0.981916 -56.7983 0.982516
0.982066 -56.7884 0.982666
0.982216 -56.7785 0.982816
0.982366 -56.7686 0.982966
0.982516 -56.7587 0.982966
0.982666 -56.7488 0.983117
0.982816 -56.7389 0.983267
0.982966  -56.729 0.983417
0.983117 -56.7191 0.983567
0.983267 -56.7092 0.983717
0.983417 -56.6993 0.983867
0.983567 -56.6895 0.984017
0.983717 -56.6796 0.984167
0.983867 -56.6697 0.984317
0.984017 -56.6598 0.984467
0.984167   -56.65 0.984617
0.984317 -56.6401 0.984767
0.984467 -56.6302 0.984917
0.984617 -56.6204 0.985068
0.984767 -56.6105 0.985218
0.984917 -56.6007 0.985368
0.985068 -56.5908 0.985518
0.985218 -56.5809 0.985668
0.985368 -56.5711 0.985668
0.985518 -56.5613 0.985818
0.985668 -56.5514 0.985968
0.985818 -56.5416 0.986118
0.985968 -56.5317 0.986268
0.986118 -56.5219 0.986418
0.986268 -56.5121 0.986568
0.986418 -56.5022 0.986718
0.986568 -56.4924 0.986868
0.986718 -56.4826 0.987019
0.986868 -56.4728 0.987169
0.987019  -56.463 0.987319
0.987169 -56.4531 0.987469
0.987319 -56.4433 0.987619
0.987469 -56.4335 0.987769
0.987619 -56.4237 0.987919
0.987769 -56.4139 0.988069
0.987919 -56.4041 0.988219
0.988069 -56.3943 0.988369
0.988219 -56.3845 0.988369
0.988369 -56.3747 0.988519
0.988519 -56.3649 0.988669
0.988669 -56.3552 0.988819
0.988819 -56.3454 0.988969
0.988969 -56.3356  0.98912
 0.98912 -56.3258  0.98927
 0.98927  -56.316  0.98942
 0.98942 -56.3063  0.98957
 0.98957 -56.2965  0.98972
 0.98972 -56.2867  0.98987
 0.98987  -56.277  0.99002
 0.99002 -56.2672  0.99017
 0.99017 -56.2575  0.99032
 0.99032 -56.2477  0.99047
 0.99047  -56.238  0.99062
 0.99062 -56.2282  0.99077
 0.99077 -56.2185  0.99092
 0.99092 -56.2087 0.991071
0.991071  -56.199 0.991221
0.991221 -56.1892 0.991221
0.991371 -56.1795 0.991371
0.991521 -56.1698 0.991521
0.991671   -56.16 0.991671
0.991821 -56.1503 0.991821
0.991971 -56.1406 0.991971
0.992121 -56.1309 0.992121
0.992271 -56.1212 0.992271
0.992421 -56.1114 0.992421
0.992571 -56.1017 0.992571
0.992721  -56.092 0.992721
0.992871 -56.0823 0.992871
0.993022 -56.0726 0.993022
0.993172 -56.0629 0.993172
0.993322 -56.0532 0.993322
0.993472 -56.0435 0.993472
0.993622 -56.0338 0.993622
0.993772 -56.0241 0.993772
0.993922 -56.0144 0.993922
0.994072 -56.0048 0.993922
0.994222 -55.9951 0.994072
0.994372 -55.9854 0.994222
0.994522 -55.9757 0.994372
0.994672  -55.966 0.994522
0.994822 -55.9564 0.994672
0.994972 -55.9467 0.994822
0.995123  -55.937 0.994972
0.995273 -55.9274 0.995123
0.995423 -55.9177 0.995273
0.995573 -55.9081 0.995423
0.995723 -55.8984 0.995573
0.995873 -55.8888 0.995723
0.996023 -55.8791 0.995873
0.996173 -55.8695 0.996023
0.996323 -55.8598 0.996173
0.996473 -55.8502 0.996323
0.996623 -55.8405 0.996473
0.996773 -55.8309 0.996623
0.996923 -55.8213 0.996623
0.997074 -55.8117 0.996773
0.997224  -55.802 0.996923
0.997374 -55.7924 0.997074
0.997524 -55.7828 0.997224
0.997674 -55.7732 0.997374
0.997824 -55.7635 0.997524
0.997974 -55.7539 0.997674
0.998124 -55.7443 0.997824
0.998274 -55.7347 0.997974
0.998424 -55.7251 0.998124
0.998574 -55.7155 0.998274
0.998724 -55.7059 0.998424
0.998874 -55.6963 0.998574
0.999025 -55.6867 0.998724
0.999175 -55.6771 0.998874
0.999325 -55.6675 0.999025
0.999475  -55.658 0.999175
0.999625 -55.6484 0.999325
0.999775 -55.6388 0.999475
0.999925 -55.6292 0.999475
 1.00008 -55.6196 0.999625
 1.00023 -55.6101 0.999775
 1.00038 -55.6005 0.999925
 1.00053 -55.5909  1.00008
 1.00068 -55.5814  1.00023
 1.00083 -55.5718  1.00038
 1.00098 -55.5623  1.00053
 1.00113 -55.5527  1.00068
 1.00128 -55.5432  1.00083
 1.00143 -55.5336  1.00098
 1.00158 -55.5241  1.00113
 1.00173 -55.5145  1.00128
 1.00188  -55.505  1.00143
 1.00203 -55.4954  1.00158
 1.00218 -55.4859  1.00173
 1.00233 -55.4764  1.00188
 1.00248 -55.4668  1.00203
 1.00263 -55.4573  1.00218
 1.00278 -55.4478  1.00218
 1.00293 -55.4383  1.00233
 1.00308 -55.4287  1.00248
 1.00323 -55.4192  1.00263
 1.00338 -55.4097  1.00278
 1.00353 -55.4002  1.00293
 1.00368 -55.3907  1.00308
 1.00383 -55.3812  1.00323
 1.00398 -55.3717  1.00338
 1.00413 -55.3622  1.00353
 1.00428 -55.3527  1.00368
 1.00443 -55.3432  1.00383
 1.00458 -55.3337  1.00398
 1.00473 -55.3242  1.00413
 1.00488 -55.3147  1.00428
 1.00503 -55.3052  1.00443
 1.00518 -55.2958  1.00458
 1.00533 -55.2863  1.00473
 1.00548 -55.2768  1.00488
 1.00563 -55.2673  1.00488
 1.00578 -55.2579  1.00503
 1.00593 -55.2484  1.00518
 1.00608 -55.2389  1.00533
 1.00623 -55.2295  1.00548
 1.00638   -55.22  1.00563
 1.00653 -55.2105  1.00578
 1.00668 -55.2011  1.00593
 1.00683 -55.1916  1.00608
 1.00698 -55.1822  1.00623
 1.00713 -55.1727  1.00638
 1.00728 -55.1633  1.00653
 1.00743 -55.1538  1.00668
 1.00758 -55.1444  1.00683
 1.00773  -55.135  1.00698
 1.00788 -55.1255  1.00713
 1.00803 -55.1161  1.00728
 1.00818 -55.1067  1.00743
 1.00833 -55.0973  1.00758
 1.00848 -55.0878  1.00773
 1.00863 -55.0784  1.00773
 1.00878  -55.069  1.00788
 1.00893 -55.0596  1.00803
 1.00908 -55.0502  1.00818
 1.00923 -55.0408  1.00833
 1.00938 -55.0314  1.00848
 1.00953 -55.0219  1.00863
 1.00968 -55.0125  1.00878
 1.00983 -55.0031  1.00893
 1.00998 -54.9938  1.00908
 1.01013 -54.9844  1.00923
 1.01028  -54.975  1.00938
 1.01043 -54.9656  1.00953
 1.01058 -54.9562  1.00968
 1.01073 -54.9468  1.00983
 1.01088 -54.9374  1.00998
 1.01103 -54.9281  1.01013
 1.01118 -54.9187  1.01028
 1.01133 -54.9093  1.01043
 1.01148 -54.8999  1.01058
 1.01163 -54.8906  1.01058
 1.01178 -54.8812  1.01073
 1.01193 -54.8718  1.01088
 1.01208 -54.8625  1.01103
 1.01223 -54.8531  1.01118
 1.01238 -54.8438  1.01133
 1.01253 -54.8344  1.01148
 1.01268 -54.8251  1.01163
 1.01283 -54.8157  1.01178
 1.01298 -54.8064  1.01193
 1.01313  -54.797  1.01208
 1.01328 -54.7877  1.01223
 1.01343 -54.7784  1.01238
 1.01358  -54.769  1.01253
 1.01373 -54.7597  1.01268
 1.01388 -54.7504  1.01283
 1.01403 -54.7411  1.01298
 1.01418 -54.7317  1.01313
 1.01433 -54.7224  1.01328
 1.01448 -54.7131  1.01328
 1.01463 -54.7038  1.01343
 1.01478 -54.6945  1.01358
 1.01493 -54.6852  1.01373
 1.01508 -54.6759  1.01388
 1.01523 -54.6666  1.01403
 1.01538 -54.6573  1.01418
 1.01553  -54.648  1.01433
 1.01568 -54.6387  1.01448
 1.01583 -54.6294  1.01463
 1.01598 -54.6201  1.01478
 1.01613 -54.6108  1.01493
 1.01628 -54.6015  1.01508
 1.01643 -54.5922  1.01523
 1.01658 -54.5829  1.01538
 1.01673 -54.5737  1.01553
 1.01688 -54.5644  1.01568
 1.01703 -54.5551  1.01583
 1.01718 -54.5458  1.01598
 1.01733 -54.5366  1.01613
 1.01748 -54.5273  1.01613
 1.01763  -54.518  1.01628
 1.01778 -54.5088  1.01643
 1.01793 -54.4995  1.01658
 1.01808 -54.4903  1.01673
 1.01823  -54.481  1.01688
 1.01838 -54.4718  1.01703
 1.01853 -54.4625  1.01718
 1.01868 -54.4533  1.01733
 1.01883  -54.444  1.01748
 1.01898 -54.4348  1.01763
 1.01913 -54.4256  1.01778
 1.01928 -54.4163  1.01793
 1.01943 -54.4071  1.01808
 1.01958 -54.3979  1.01823
 1.01973 -54.3887  1.01838
 1.01988 -54.3794  1.01853
 1.02004 -54.3702  1.01868
 1.02019  -54.361  1.01883
 1.02034 -54.3518  1.01883
 1.02049 -54.3426  1.01898
 1.02064 -54.3334  1.01913
 1.02079 -54.3241  1.01928
 1.02094 -54.3149  1.01943
 1.02109 -54.3057  1.01958
 1.02124 -54.2965  1.01973
 1.02139 -54.2873  1.01988
 1.02154 -54.2781  1.02004
 1.02169 -54.2689  1.02019
 1.02184 -54.2598  1.02034
 1.02199 -54.2506  1.02049
 1.02214 -54.2414  1.02064
 1.02229 -54.2322  1.02079
 1.02244  -54.223  1.02094
 1.02259 -54.2139  1.02109
 1.02274 -54.2047  1.02124
 1.02289 -54.1955  1.02139
 1.02304 -54.1863  1.02154
 1.02319 -54.1772  1.02154
 1.02334  -54.168  1.02169
 1.02349 -54.1588  1.02184
 1.02364 -54.1497  1.02199
 1.02379 -54.1405  1.02214
 1.02394 -54.1314  1.02229
 1.02409 -54.1222  1.02244
 1.02424 -54.1131  1.02259
 1.02439 -54.1039  1.02274
 1.02454 -54.0948  1.02289
 1.02469 -54.0856  1.02304
 1.02484 -54.0765  1.02319
 1.02499 -54.0674  1.02334
 1.02514 -54.0582  1.02349
 1.02529 -54.0491  1.02364
 1.02544   -54.04  1.02379
 1.02559 -54.0309  1.02394
 1.02574 -54.0217  1.02409
 1.02589 -54.0126  1.02424
 1.02604 -54.0035  1.02439
 1.02619 -53.9944  1.02439
 1.02634 -53.9853  1.02454
 1.02649 -53.9762  1.02469
 1.02664  -53.967  1.02484
 1.02679 -53.9579  1.02499
 1.02694 -53.9488  1.02514
 1.02709 -53.9397  1.02529
 1.02724 -53.9306  1.02544
 1.02739 -53.9215  1.02559
 1.02754 -53.9124  1.02574
 1.02769 -53.9034  1.02589
 1.02784 -53.8943  1.02604
 1.02799 -53.8852  1.02619
 1.02814 -53.8761  1.02634
 1.02829  -53.867  1.02649
 1.02844 -53.8579  1.02664
 1.02859 -53.8489  1.02679
 1.02874 -53.8398  1.02694
 1.02889 -53.8307  1.02709
 1.02904 -53.8217  1.02709
 1.02919 -53.8126  1.02724
 1.02934 -53.8035  1.02739
 1.02949 -53.7945  1.02754
 1.02964 -53.7854  1.02769
 1.02979 -53.7764  1.02784
 1.02994 -53.7673  1.02799
 1.03009 -53.7583  1.02814
 1.03024 -53.7492  1.02829
 1.03039 -53.7402  1.02844
 1.03054 -53.7311  1.02859
 1.03069 -53.7221  1.02874
 1.03084 -53.7131  1.02889
 1.03099  -53.704  1.02904
 1.03114  -53.695  1.02919
 1.03129  -53.686  1.02934
 1.03144 -53.6769  1.02949
 1.03159 -53.6679  1.02964
 1.03174 -53.6589  1.02979
 1.03189 -53.6499  1.02979
 1.03204 -53.6408  1.02994
 1.03219 -53.6318  1.03009
 1.03234 -53.6228  1.03024
 1.03249 -53.6138  1.03039
 1.03264 -53.6048  1.03054
 1.03279 -53.5958  1.03069
 1.03294 -53.5868  1.03084
 1.03309 -53.5778  1.03099
 1.03324 -53.5688  1.03114
 1.03339 -53.5598  1.03129
 1.03354 -53.5508  1.03144
 1.03369 -53.5418  1.03159
 1.03384 -53.5328  1.03174
 1.03399 -53.5239  1.03189
 1.03414 -53.5149  1.03204
 1.03429 -53.5059  1.03219
 1.03444 -53.4969  1.03234
 1.03459 -53.4879  1.03249
 1.03474  -53.479  1.03249
 1.03489   -53.47  1.03264
 1.03504  -53.461  1.03279
 1.03519 -53.4521  1.03294
 1.03534 -53.4431  1.03309
 1.03549 -53.4341  1.03324
 1.03564 -53.4252  1.03339
 1.03579 -53.4162  1.03354
 1.03594 -53.4073  1.03369
 1.03609 -53.3983  1.03384
 1.03624 -53.3894  1.03399
 1.03639 -53.3804  1.03414
 1.03654 -53.3715  1.03429
 1.03669 -53.3626  1.03444
 1.03684 -53.3536  1.03459
 1.03699 -53.3447  1.03474
 1.03714 -53.3358  1.03489
 1.03729 -53.3268  1.03504
 1.03744 -53.3179  1.03519
 1.03759  -53.309  1.03534
 1.03774    -53.3  1.03534
 1.03789 -53.2911  1.03549
 1.03804 -53.2822  1.03564
 1.03819 -53.2733  1.03579
 1.03834 -53.2644  1.03594
 1.03849 -53.2555  1.03609
 1.03864 -53.2466  1.03624
 1.03879 -53.2377  1.03639
 1.03894 -53.2288  1.03654
 1.03909 -53.2199  1.03669
 1.03924  -53.211  1.03684
 1.03939 -53.2021  1.03699
 1.03954 -53.1932  1.03714
 1.03969 -53.1843  1.03729
 1.03984 -53.1754  1.03744
 1.03999 -53.1665  1.03759
 1.04015 -53.1576  1.03774
  1.0403 -53.1487  1.03789
 1.04045 -53.1399  1.03804
  1.0406  -53.131  1.03804
 1.04075 -53.1221  1.03819
  1.0409 -53.1132  1.03834
 1.04105 -53.1044  1.03849
  1.0412 -53.0955  1.03864
 1.04135 -53.0866  1.03879
  1.0415 -53.0778  1.03894
 1.04165 -53.0689  1.03909
  1.0418 -53.0601  1.03924
 1.04195 -53.0512  1.03939
  1.0421 -53.0424  1.03954
 1.04225 -53.0335  1.03969
  1.0424 -53.0247  1.03984
 1.04255 -53.0158  1.03999
  1.0427  -53.007  1.04015
 1.04285 -52.9982   1.0403
   1.043 -52.9893  1.04045
 1.04315 -52.9805   1.0406
  1.0433 -52.9717  1.04075
 1.04345 -52.9628  1.04075
  1.0436  -52.954   1.0409
 1.04375 -52.9452  1.04105
  1.0439 -52.9363   1.0412
 1.04405 -52.9275  1.04135
  1.0442 -52.9187   1.0415
 1.04435 -52.9099  1.04165
  1.0445 -52.9011   1.0418
 1.04465 -52.8923  1.04195
  1.0448 -52.8835   1.0421
 1.04495 -52.8747  1.04225
  1.0451 -52.8659   1.0424
 1.04525 -52.8571  1.04255
  1.0454 -52.8483   1.0427
 1.04555 -52.8395  1.04285
  1.0457 -52.8307    1.043
 1.04585 -52.8219  1.04315
   1.046 -52.8131   1.0433
 1.04615 -52.8043  1.04345
  1.0463 -52.7955  1.04345
 1.04645 -52.7868   1.0436
  1.0466  -52.778  1.04375
 1.04675 -52.7692   1.0439
  1.0469 -52.7604  1.04405
 1.04705 -52.7517   1.0442
  1.0472 -52.7429  1.04435
 1.04735 -52.7341   1.0445
  1.0475 -52.7254  1.04465
 1.04765 -52.7166   1.0448
  1.0478 -52.7078  1.04495
 1.04795 -52.6991   1.0451
  1.0481 -52.6903  1.04525
 1.04825 -52.6816   1.0454
  1.0484 -52.6728  1.04555
 1.04855 -52.6641   1.0457
  1.0487 -52.6553  1.04585
 1.04885 -52.6466    1.046
   1.049 -52.6379  1.04615
 1.04915 -52.6291  1.04615
  1.0493 -52.6204   1.0463
 1.04945 -52.6116  1.04645
  1.0496 -52.6029   1.0466
 1.04975 -52.5942  1.04675
  1.0499 -52.5855   1.0469
 1.05005 -52.5767  1.04705
  1.0502  -52.568   1.0472
 1.05035 -52.5593  1.04735
  1.0505 -52.5506   1.0475
 1.05065 -52.5419  1.04765
  1.0508 -52.5332   1.0478
 1.05095 -52.5245  1.04795
  1.0511 -52.5158   1.0481
 1.05125 -52.5071  1.04825
  1.0514 -52.4984   1.0484
 1.05155 -52.4897  1.04855
  1.0517  -52.481   1.0487
 1.05185 -52.4723  1.04885
   1.052 -52.4636  1.04885
 1.05215 -52.4549    1.049
  1.0523 -52.4462  1.04915
 1.05245 -52.4375   1.0493
  1.0526 -52.4288  1.04945
 1.05275 -52.4202   1.0496
  1.0529 -52.4115  1.04975
 1.05305 -52.4028   1.0499
  1.0532 -52.3941  1.05005
 1.05335 -52.3855   1.0502
  1.0535 -52.3768  1.05035
 1.05365 -52.3681   1.0505
  1.0538 -52.3595  1.05065
 1.05395 -52.3508   1.0508
  1.0541 -52.3421  1.05095
 1.05425 -52.3335   1.0511
  1.0544 -52.3248  1.05125
 1.05455 -52.3162   1.0514
  1.0547 -52.3075   1.0514
 1.05485 -52.2989  1.05155
   1.055 -52.2903   1.0517
 1.05515 -52.2816  1.05185
  1.0553  -52.273    1.052
 1.05545 -52.2643  1.05215
  1.0556 -52.2557   1.0523
 1.05575 -52.2471  1.05245
  1.0559 -52.2384   1.0526
 1.05605 -52.2298  1.05275
  1.0562 -52.2212   1.0529
 1.05635 -52.2126  1.05305
  1.0565 -52.2039   1.0532
 1.05665 -52.1953  1.05335
  1.0568 -52.1867   1.0535
 1.05695 -52.1781  1.05365
  1.0571 -52.1695   1.0538
 1.05725 -52.1609  1.05395
  1.0574 -52.1523   1.0541
 1.05755 -52.1437   1.0541
  1.0577 -52.1351  1.05425
 1.05785 -52.1265   1.0544
   1.058 -52.1179  1.05455
 1.05815 -52.1093   1.0547
  1.0583 -52.1007  1.05485
 1.05845 -52.0921    1.055
  1.0586 -52.0835  1.05515
 1.05875 -52.0749   1.0553
  1.0589 -52.0664  1.05545
 1.05905 -52.0578   1.0556
  1.0592 -52.0492  1.05575
 1.05935 -52.0406   1.0559
  1.0595 -52.0321  1.05605
 1.05965 -52.0235   1.0562
  1.0598 -52.0149  1.05635
 1.05995 -52.0064   1.0565
 1.06011 -51.9978  1.05665
 1.06026 -51.9892  1.05665
 1.06041 -51.9807   1.0568
 1.06056 -51.9721  1.05695
 1.06071 -51.9636   1.0571
 1.06086  -51.955  1.05725
 1.06101 -51.9465   1.0574
 1.06116 -51.9379  1.05755
 1.06131 -51.9294   1.0577
 1.06146 -51.9208  1.05785
 1.06161 -51.9123    1.058
 1.06176 -51.9038  1.05815
 1.06191 -51.8952   1.0583
 1.06206 -51.8867  1.05845
 1.06221 -51.8782   1.0586
 1.06236 -51.8696  1.05875
 1.06251 -51.8611   1.0589
 1.06266 -51.8526  1.05905
 1.06281 -51.8441   1.0592
 1.06296 -51.8356  1.05935
 1.06311  -51.827  1.05935
 1.06326 -51.8185   1.0595
 1.06341   -51.81  1.05965
 1.06356 -51.8015   1.0598
 1.06371  -51.793  1.05995
 1.06386 -51.7845  1.06011
 1.06401  -51.776  1.06026
 1.06416 -51.7675  1.06041
 1.06431  -51.759  1.06056
 1.06446 -51.7505  1.06071
 1.06461  -51.742  1.06086
 1.06476 -51.7335  1.06101
 1.06491  -51.725  1.06116
 1.06506 -51.7166  1.06131
 1.06521 -51.7081  1.06146
 1.06536 -51.6996  1.06161
 1.06551 -51.6911  1.06176
 1.06566 -51.6826  1.06176
 1.06581 -51.6742  1.06191
 1.06596 -51.6657  1.06206
 1.06611 -51.6572  1.06221
 1.06626 -51.6488  1.06236
 1.06641 -51.6403  1.06251
 1.06656 -51.6318  1.06266
 1.06671 -51.6234  1.06281
 1.06686 -51.6149  1.06296
 1.06701 -51.6065  1.06311
 1.06716  -51.598  1.06326
 1.06731 -51.5896  1.06341
 1.06746 -51.5811  1.06356
 1.06761 -51.5727  1.06371
 1.06776 -51.5642  1.06386
 1.06791 -51.5558  1.06401
 1.06806 -51.5474  1.06416
 1.06821 -51.5389  1.06431
 1.06836 -51.5305  1.06431
 1.06851 -51.5221  1.06446
 1.06866 -51.5136  1.06461
 1.06881 -51.5052  1.06476
 1.06896 -51.4968  1.06491
 1.06911 -51.4884  1.06506
 1.06926 -51.4799  1.06521
 1.06941 -51.4715  1.06536
 1.06956 -51.4631  1.06551
 1.06971 -51.4547  1.06566
 1.06986 -51.4463  1.06581
 1.07001 -51.4379  1.06596
 1.07016 -51.4295  1.06611
 1.07031 -51.4211  1.06626
 1.07046 -51.4127  1.06641
 1.07061 -51.4043  1.06656
 1.07076 -51.3959  1.06671
 1.07091 -51.3875  1.06671
 1.07106 -51.3791  1.06686
 1.07121 -51.3707  1.06701
 1.07136 -51.3623  1.06716
 1.07151 -51.3539  1.06731
 1.07166 -51.3456  1.06746
 1.07181 -51.3372  1.06761
 1.07196 -51.3288  1.06776
 1.07211 -51.3204  1.06791
 1.07226 -51.3121  1.06806
 1.07241 -51.3037  1.06821
 1.07256 -51.2953  1.06836
 1.07271 -51.2869  1.06851
 1.07286 -51.2786  1.06866
 1.07301 -51.2702  1.06881
 1.07316 -51.2619  1.06896
 1.07331 -51.2535  1.06911
 1.07346 -51.2452  1.06911
 1.07361 -51.2368  1.06926
 1.07376 -51.2285  1.06941
 1.07391 -51.2201  1.06956
 1.07406 -51.2118  1.06971
 1.07421 -51.2034  1.06986
 1.07436 -51.1951  1.07001
 1.07451 -51.1868  1.07016
 1.07466 -51.1784  1.07031
 1.07481 -51.1701  1.07046
 1.07496 -51.1618  1.07061
 1.07511 -51.1534  1.07076
 1.07526 -51.1451  1.07091
 1.07541 -51.1368  1.07106
 1.07556 -51.1285  1.07121
 1.07571 -51.1201  1.07136
 1.07586 -51.1118  1.07151
 1.07601 -51.1035  1.07151
 1.07616 -51.0952  1.07166
 1.07631 -51.0869  1.07181
 1.07646 -51.0786  1.07196
 1.07661 -51.0703  1.07211
 1.07676  -51.062  1.07226
 1.07691 -51.0537  1.07241
 1.07706 -51.0454  1.07256
 1.07721 -51.0371  1.07271
 1.07736 -51.0288  1.07286
 1.07751 -51.0205  1.07301
 1.07766 -51.0122  1.07316
 1.07781 -51.0039  1.07331
 1.07796 -50.9956  1.07346
 1.07811 -50.9874  1.07361
 1.07826 -50.9791  1.07376
 1.07841 -50.9708  1.07391
 1.07856 -50.9625  1.07391
 1.07871 -50.9543  1.07406
 1.07886  -50.946  1.07421
 1.07901 -50.9377  1.07436
 1.07916 -50.9295  1.07451
 1.07931 -50.9212  1.07466
 1.07946 -50.9129  1.07481
 1.07961 -50.9047  1.07496
 1.07976 -50.8964  1.07511
 1.07991 -50.8882  1.07526
 1.08007 -50.8799  1.07541
 1.08022 -50.8717  1.07556
 1.08037 -50.8634  1.07571
 1.08052 -50.8552  1.07586
 1.08067 -50.8469  1.07601
 1.08082 -50.8387  1.07616
 1.08097 -50.8305  1.07631
 1.08112 -50.8222  1.07631
 1.08127  -50.814  1.07646
 1.08142 -50.8058  1.07661
 1.08157 -50.7975  1.07676
 1.08172 -50.7893  1.07691
 1.08187 -50.7811  1.07706
 1.08202 -50.7729  1.07721
 1.08217 -50.7646  1.07736
 1.08232 -50.7564  1.07751
 1.08247 -50.7482  1.07766
 1.08262   -50.74  1.07781
 1.08277 -50.7318  1.07796
 1.08292 -50.7236  1.07811
 1.08307 -50.7154  1.07826
 1.08322 -50.7072  1.07841
 1.08337  -50.699  1.07856
 1.08352 -50.6908  1.07856
 1.08367 -50.6826  1.07871
 1.08382 -50.6744  1.07886
 1.08397 -50.6662  1.07901
 1.08412  -50.658  1.07916
 1.08427 -50.6498  1.07931
 1.08442 -50.6416  1.07946
 1.08457 -50.6335  1.07961
 1.08472 -50.6253  1.07976
 1.08487 -50.6171  1.07991
 1.08502 -50.6089  1.08007
 1.08517 -50.6008  1.08022
 1.08532 -50.5926  1.08037
 1.08547 -50.5844  1.08052
 1.08562 -50.5762  1.08067
 1.08577 -50.5681  1.08082
 1.08592 -50.5599  1.08082
 1.08607 -50.5518  1.08097
 1.08622 -50.5436  1.08112
 1.08637 -50.5355  1.08127
 1.08652 -50.5273  1.08142
 1.08667 -50.5192  1.08157
 1.08682  -50.511  1.08172
 1.08697 -50.5029  1.08187
 1.08712 -50.4947  1.08202
 1.08727 -50.4866  1.08217
 1.08742 -50.4784  1.08232
 1.08757 -50.4703  1.08247
 1.08772 -50.4622  1.08262
 1.08787  -50.454  1.08277
 1.08802 -50.4459  1.08292
 1.08817 -50.4378  1.08307
 1.08832 -50.4297  1.08307
 1.08847 -50.4215  1.08322
 1.08862 -50.4134  1.08337
 1.08877 -50.4053  1.08352
 1.08892 -50.3972  1.08367
 1.08907 -50.3891  1.08382
 1.08922  -50.381  1.08397
 1.08937 -50.3729  1.08412
 1.08952 -50.3648  1.08427
 1.08967 -50.3566  1.08442
 1.08982 -50.3485  1.08457
 1.08997 -50.3405  1.08472
 1.09012 -50.3324  1.08487
 1.09027 -50.3243  1.08502
 1.09042 -50.3162  1.08517
 1.09057 -50.3081  1.08532
 1.09072    -50.3  1.08532
 1.09087 -50.2919  1.08547
 1.09102 -50.2838  1.08562
 1.09117 -50.2757  1.08577
 1.09132 -50.2677  1.08592
 1.09147 -50.2596  1.08607
 1.09162 -50.2515  1.08622
 1.09177 -50.2434  1.08637
 1.09192 -50.2354  1.08652
 1.09207 -50.2273  1.08667
 1.09222 -50.2193  1.08682
 1.09237 -50.2112  1.08697
 1.09252 -50.2031  1.08712
 1.09267 -50.1951  1.08727
 1.09282  -50.187  1.08742
 1.09297  -50.179  1.08742
 1.09312 -50.1709  1.08757
 1.09327 -50.1629  1.08772
 1.09342 -50.1548  1.08787
 1.09357 -50.1468  1.08802
 1.09372 -50.1387  1.08817
 1.09387 -50.1307  1.08832
 1.09402 -50.1227  1.08847
 1.09417 -50.1146  1.08862
 1.09432 -50.1066  1.08877
 1.09447 -50.0986  1.08892
 1.09462 -50.0905  1.08907
 1.09477 -50.0825  1.08922
 1.09492 -50.0745  1.08937
 1.09507 -50.0665  1.08937
 1.09522 -50.0585  1.08952
 1.09537 -50.0505  1.08967
 1.09552 -50.0424  1.08982
 1.09567 -50.0344  1.08997
 1.09582 -50.0264  1.09012
 1.09597 -50.0184  1.09027
 1.09612 -50.0104  1.09042
 1.09627 -50.0024  1.09057
 1.09642 -49.9944  1.09072
 1.09657 -49.9864  1.09087
 1.09672 -49.9784  1.09102
 1.09687 -49.9704  1.09117
 1.09702 -49.9624  1.09132
 1.09717 -49.9545  1.09147
 1.09732 -49.9465  1.09147
 1.09747 -49.9385  1.09162
 1.09762 -49.9305  1.09177
 1.09777 -49.9225  1.09192
 1.09792 -49.9146  1.09207
 1.09807 -49.9066  1.09222
 1.09822 -49.8986  1.09237
 1.09837 -49.8906  1.09252
 1.09852 -49.8827  1.09267
 1.09867 -49.8747  1.09282
 1.09882 -49.8667  1.09297
 1.09897 -49.8588  1.09312
 1.09912 -49.8508  1.09327
 1.09927 -49.8429  1.09342
 1.09942 -49.8349  1.09342
 1.09957  -49.827  1.09357
 1.09972  -49.819  1.09372
 1.09987 -49.8111  1.09387
 1.10003 -49.8031  1.09402
 1.10018 -49.7952  1.09417
 1.10033 -49.7873  1.09432
 1.10048 -49.7793  1.09447
 1.10063 -49.7714  1.09462
 1.10078 -49.7635  1.09477
 1.10093 -49.7555  1.09492
 1.10108 -49.7476  1.09507
 1.10123 -49.7397  1.09522
 1.10138 -49.7318  1.09522
 1.10153 -49.7239  1.09537
 1.10168 -49.7159  1.09552
 1.10183  -49.708  1.09567
 1.10198 -49.7001  1.09582
 1.10213 -49.6922  1.09597
 1.10228 -49.6843  1.09612
 1.10243 -49.6764  1.09627
 1.10258 -49.6685  1.09642
 1.10273 -49.6606  1.09657
 1.10288 -49.6527  1.09672
 1.10303 -49.6448  1.09687
 1.10318 -49.6369  1.09687
 1.10333  -49.629  1.09702
 1.10348 -49.6211  1.09717
 1.10363 -49.6133  1.09732
 1.10378 -49.6054  1.09747
 1.10393 -49.5975  1.09762
 1.10408 -49.5896  1.09777
 1.10423 -49.5818  1.09792
 1.10438 -49.5739  1.09807
 1.10453  -49.566  1.09822
 1.10468 -49.5581  1.09837
 1.10483 -49.5503  1.09852
 1.10498 -49.5424  1.09852
 1.10513 -49.5346  1.09867
 1.10528 -49.5267  1.09882
 1.10543 -49.5189  1.09897
 1.10558  -49.511  1.09912
 1.10573 -49.5032  1.09927
 1.10588 -49.4953  1.09942
 1.10603 -49.4875  1.09957
 1.10618 -49.4796  1.09972
 1.10633 -49.4718  1.09987
 1.10648 -49.4639  1.10003
 1.10663 -49.4561  1.10018
 1.10678 -49.4483  1.10018
 1.10693 -49.4404  1.10033
 1.10708 -49.4326  1.10048
 1.10723 -49.4248  1.10063
 1.10738  -49.417  1.10078
 1.10753 -49.4091  1.10093
 1.10768 -49.4013  1.10108
 1.10783 -49.3935  1.10123
 1.10798 -49.3857  1.10138
 1.10813 -49.3779  1.10153
 1.10828 -49.3701  1.10168
 1.10843 -49.3623  1.10183
 1.10858 -49.3545  1.10183
 1.10873 -49.3467  1.10198
 1.10888 -49.3389  1.10213
 1.10903 -49.3311  1.10228
 1.10918 -49.3233  1.10243
 1.10933 -49.3155  1.10258
 1.10948 -49.3077  1.10273
 1.10963 -49.2999  1.10288
 1.10978 -49.2921  1.10303
 1.10993 -49.2844  1.10318
 1.11008 -49.2766  1.10333
 1.11023 -49.2688  1.10348
 1.11038  -49.261  1.10348
 1.11053 -49.2533  1.10363
 1.11068 -49.2455  1.10378
 1.11083 -49.2377  1.10393
 1.11098   -49.23  1.10408
 1.11113 -49.2222  1.10423
 1.11128 -49.2144  1.10438
 1.11143 -49.2067  1.10453
 1.11158 -49.1989  1.10468
 1.11173 -49.1912  1.10483
 1.11188 -49.1834  1.10498
 1.11203 -49.1757  1.10498
 1.11218 -49.1679  1.10513
 1.11233 -49.1602  1.10528
 1.11248 -49.1525  1.10543
 1.11263 -49.1447  1.10558
 1.11278  -49.137  1.10573
 1.11293 -49.1293  1.10588
 1.11308 -49.1215  1.10603
 1.11323 -49.1138  1.10618
 1.11338 -49.1061  1.10633
 1.11353 -49.0984  1.10648
 1.11368 -49.0906  1.10663
 1.11383 -49.0829  1.10663
 1.11398 -49.0752  1.10678
 1.11413 -49.0675  1.10693
 1.11428 -49.0598  1.10708
 1.11443 -49.0521  1.10723
 1.11458 -49.0444  1.10738
 1.11473 -49.0367  1.10753
 1.11488  -49.029  1.10768
 1.11503 -49.0213  1.10783
 1.11518 -49.0136  1.10798
 1.11533 -49.0059  1.10813
 1.11548 -48.9982  1.10813
 1.11563 -48.9905  1.10828
 1.11578 -48.9828  1.10843
 1.11593 -48.9751  1.10858
 1.11608 -48.9674  1.10873
 1.11623 -48.9598  1.10888
 1.11638 -48.9521  1.10903
 1.11653 -48.9444  1.10918
 1.11668 -48.9367  1.10933
 1.11683 -48.9291  1.10948
 1.11698 -48.9214  1.10963
 1.11713 -48.9138  1.10978
 1.11728 -48.9061  1.10978
 1.11743 -48.8984  1.10993
 1.11758 -48.8908  1.11008
 1.11773 -48.8831  1.11023
 1.11788 -48.8755  1.11038
 1.11803 -48.8678  1.11053
 1.11818 -48.8602  1.11068
 1.11833 -48.8525  1.11083
 1.11848 -48.8449  1.11098
 1.11863 -48.8373  1.11113
 1.11878 -48.8296  1.11128
 1.11893  -48.822  1.11128
 1.11908 -48.8143  1.11143
 1.11923 -48.8067  1.11158
 1.11938 -48.7991  1.11173
 1.11953 -48.7915  1.11188
 1.11968 -48.7838  1.11203
 1.11983 -48.7762  1.11218
 1.11998 -48.7686  1.11233
 1.12014  -48.761  1.11248
 1.12029 -48.7534  1.11263
 1.12044 -48.7458  1.11278
 1.12059 -48.7382  1.11278
 1.12074 -48.7306  1.11293
 1.12089  -48.723  1.11308
 1.12104 -48.7154  1.11323
 1.12119 -48.7078  1.11338
 1.12134 -48.7002  1.11353
 1.12149 -48.6926  1.11368
 1.12164  -48.685  1.11383
 1.12179 -48.6774  1.11398
 1.12194 -48.6698  1.11413
 1.12209 -48.6622  1.11413
 1.12224 -48.6546  1.11428
 1.12239 -48.6471  1.11443
 1.12254 -48.6395  1.11458
 1.12269 -48.6319  1.11473
 1.12284 -48.6244  1.11488
 1.12299 -48.6168  1.11503
 1.12314 -48.6092  1.11518
 1.12329 -48.6017  1.11533
 1.12344 -48.5941  1.11548
 1.12359 -48.5865  1.11548
 1.12374  -48.579  1.11563
 1.12389 -48.5714  1.11578
 1.12404 -48.5639  1.11593
 1.12419 -48.5563  1.11608
 1.12434 -48.5488  1.11623
 1.12449 -48.5413  1.11638
 1.12464 -48.5337  1.11653
 1.12479 -48.5262  1.11668
 1.12494 -48.5186  1.11683
 1.12509 -48.5111  1.11683
 1.12524 -48.5036  1.11698
 1.12539 -48.4961  1.11713
 1.12554 -48.4885  1.11728
 1.12569  -48.481  1.11743
 1.12584 -48.4735  1.11758
 1.12599  -48.466  1.11773
 1.12614 -48.4585  1.11788
 1.12629  -48.451  1.11803
 1.12644 -48.4435  1.11803
 1.12659 -48.4359  1.11818
 1.12674 -48.4284  1.11833
 1.12689 -48.4209  1.11848
 1.12704 -48.4134  1.11863
 1.12719 -48.4059  1.11878
 1.12734 -48.3985  1.11893
 1.12749  -48.391  1.11908
 1.12764 -48.3835  1.11923
 1.12779  -48.376  1.11938
 1.12794 -48.3685  1.11938
 1.12809  -48.361  1.11953
 1.12824 -48.3536  1.11968
 1.12839 -48.3461  1.11983
 1.12854 -48.3386  1.11998
 1.12869 -48.3311  1.12014
 1.12884 -48.3237  1.12029
 1.12899 -48.3162  1.12044
 1.12914 -48.3087  1.12059
 1.12929 -48.3013  1.12059
 1.12944 -48.2938  1.12074
 1.12959 -48.2864  1.12089
 1.12974 -48.2789  1.12104
 1.12989 -48.2715  1.12119
 1.13004  -48.264  1.12134
 1.13019 -48.2566  1.12149
 1.13034 -48.2492  1.12164
 1.13049 -48.2417  1.12164
 1.13064 -48.2343  1.12179
 1.13079 -48.2269  1.12194
 1.13094 -48.2194  1.12209
 1.13109  -48.212  1.12224
 1.13124 -48.2046  1.12239
 1.13139 -48.1972  1.12254
 1.13154 -48.1897  1.12269
 1.13169 -48.1823  1.12284
 1.13184 -48.1749  1.12284
 1.13199 -48.1675  1.12299
 1.13214 -48.1601  1.12314
 1.13229 -48.1527  1.12329
 1.13244 -48.1453  1.12344
 1.13259 -48.1379  1.12359
 1.13274 -48.1305  1.12374
 1.13289 -48.1231  1.12389
 1.13304 -48.1157  1.12389
 1.13319 -48.1083  1.12404
 1.13334 -48.1009  1.12419
 1.13349 -48.0935  1.12434
 1.13364 -48.0862  1.12449
 1.13379 -48.0788  1.12464
 1.13394 -48.0714  1.12479
 1.13409  -48.064  1.12494
 1.13424 -48.0567  1.12494
 1.13439 -48.0493  1.12509
 1.13454 -48.0419  1.12524
 1.13469 -48.0346  1.12539
 1.13484 -48.0272  1.12554
 1.13499 -48.0199  1.12554
 1.13514 -48.0125  1.12569
 1.13529 -48.0052  1.12584
 1.13544 -47.9978  1.12599
 1.13559 -47.9905  1.12614
 1.13574 -47.9832  1.12614
 1.13589 -47.9758  1.12629
 1.13604 -47.9685  1.12644
 1.13619 -47.9612  1.12659
 1.13634 -47.9539  1.12674
 1.13649 -47.9465  1.12674
 1.13664 -47.9392  1.12689
 1.13679 -47.9319  1.12704
 1.13694 -47.9246  1.12719
 1.13709 -47.9173  1.12734
 1.13724   -47.91  1.12734
 1.13739 -47.9027  1.12749
 1.13754 -47.8954  1.12764
 1.13769 -47.8881  1.12779
 1.13784 -47.8809  1.12794
 1.13799 -47.8736  1.12794
 1.13814 -47.8663  1.12809
 1.13829  -47.859  1.12824
 1.13844 -47.8518  1.12839
 1.13859 -47.8445  1.12854
 1.13874 -47.8372  1.12854
 1.13889   -47.83  1.12869
 1.13904 -47.8227  1.12884
 1.13919 -47.8155  1.12899
 1.13934 -47.8082  1.12914
 1.13949  -47.801  1.12914
 1.13964 -47.7937  1.12929
 1.13979 -47.7865  1.12944
 1.13994 -47.7793  1.12959
  1.1401  -47.772  1.12974
 1.14025 -47.7648  1.12974
  1.1404 -47.7576  1.12989
 1.14055 -47.7504  1.13004
  1.1407 -47.7431  1.13019
 1.14085 -47.7359  1.13034
   1.141 -47.7287  1.13034
 1.14115 -47.7215  1.13049
  1.1413 -47.7143  1.13064
 1.14145 -47.7071  1.13079
  1.1416 -47.6999  1.13094
 1.14175 -47.6927  1.13109
  1.1419 -47.6855  1.13109
 1.14205 -47.6783  1.13124
  1.1422 -47.6712  1.13139
 1.14235  -47.664  1.13154
  1.1425 -47.6568  1.13169
 1.14265 -47.6496  1.13169
  1.1428 -47.6425  1.13184
 1.14295 -47.6353  1.13199
  1.1431 -47.6281  1.13214
 1.14325  -47.621  1.13229
  1.1434 -47.6138  1.13229
 1.14355 -47.6067  1.13244
  1.1437 -47.5995  1.13259
 1.14385 -47.5924  1.13274
   1.144 -47.5852  1.13289
 1.14415 -47.5781  1.13289
  1.1443  -47.571  1.13304
 1.14445 -47.5638  1.13319
  1.1446 -47.5567  1.13334
 1.14475 -47.5496  1.13349
  1.1449 -47.5425  1.13349
 1.14505 -47.5354  1.13364
  1.1452 -47.5282  1.13379
 1.14535 -47.5211  1.13394
  1.1455  -47.514  1.13409
 1.14565 -47.5069  1.13409
  1.1458 -47.4998  1.13424
 1.14595 -47.4927  1.13439
  1.1461 -47.4856  1.13454
 1.14625 -47.4786  1.13469
  1.1464 -47.4715  1.13469
 1.14655 -47.4644  1.13484
  1.1467 -47.4573  1.13499
 1.14685 -47.4502  1.13514
   1.147 -47.4432  1.13529
 1.14715 -47.4361  1.13529
  1.1473  -47.429  1.13544
 1.14745  -47.422  1.13559
  1.1476 -47.4149  1.13574
 1.14775 -47.4079  1.13589
  1.1479 -47.4008  1.13589
 1.14805 -47.3938  1.13604
  1.1482 -47.3867  1.13619
 1.14835 -47.3797  1.13634
  1.1485 -47.3726  1.13649
 1.14865 -47.3656  1.13649
  1.1488 -47.3586  1.13664
 1.14895 -47.3515  1.13679
  1.1491 -47.3445  1.13694
 1.14925 -47.3375  1.13709
  1.1494 -47.3305  1.13709
 1.14955 -47.3235  1.13724
  1.1497 -47.3165  1.13739
 1.14985 -47.3095  1.13754
    1.15 -47.3025  1.13769