 kgrid  ValNew  Policy 
    0.85 -75.3559 0.862756
 0.85015  -75.342 0.862906
  0.8503 -75.3281 0.863057
 0.85045 -75.3142 0.863057
  0.8506 -75.3004 0.863207
 0.85075 -75.2865 0.863357
  0.8509 -75.2727 0.863507
0.851051 -75.2589 0.863507
0.851201  -75.245 0.863657
0.851351 -75.2312 0.863807
0.851501 -75.2174 0.863957
0.851651 -75.2036 0.863957
0.851801 -75.1898 0.864107
0.851951 -75.1761 0.864257
0.852101 -75.1623 0.864407
0.852251 -75.1485 0.864407
0.852401 -75.1348 0.864557
0.852551 -75.1211 0.864707
0.852701 -75.1073 0.864857
0.852851 -75.0936 0.864857
0.853002 -75.0799 0.865008
0.853152 -75.0662 0.865158
0.853302 -75.0525 0.865308
0.853452 -75.0388 0.865458
0.853602 -75.0252 0.865458
0.853752 -75.0115 0.865608
0.853902 -74.9978 0.865758
0.854052 -74.9842 0.865908
0.854202 -74.9706 0.865908
0.854352 -74.9569 0.866058
0.854502 -74.9433 0.866208
0.854652 -74.9297 0.866358
0.854802 -74.9161 0.866358
0.854952 -74.9025 0.866508
0.855103 -74.8889 0.866658
0.855253 -74.8754 0.866808
0.855403 -74.8618 0.866808
0.855553 -74.8483 0.866958
0.855703 -74.8347 0.867109
0.855853 -74.8212 0.867259
0.856003 -74.8077 0.867259
0.856153 -74.7941 0.867409
0.856303 -74.7806 0.867559
0.856453 -74.7671 0.867709
0.856603 -74.7536 0.867859
0.856753 -74.7402 0.867859
0.856903 -74.7267 0.868009
0.857054 -74.7132 0.868159
0.857204 -74.6998 0.868309
0.857354 -74.6863 0.868309
0.857504 -74.6729 0.868459
0.857654 -74.6595 0.868609
0.857804  -74.646 0.868759
0.857954 -74.6326 0.868759
0.858104 -74.6192 0.868909
0.858254 -74.6058  0.86906
0.858404 -74.5925  0.86921
0.858554 -74.5791  0.86921
0.858704 -74.5657  0.86936
0.858854 -74.5524  0.86951
0.859005  -74.539  0.86966
0.859155 -74.5257  0.86981
0.859305 -74.5124  0.86981
0.859455  -74.499  0.86996
0.859605 -74.4857  0.87011
0.859755 -74.4724  0.87026
0.859905 -74.4591  0.87026
0.860055 -74.4458  0.87041
0.860205 -74.4326  0.87056
0.860355 -74.4193  0.87071
0.860505  -74.406  0.87086
0.860655 -74.3928  0.87086
0.860805 -74.3795 0.871011
0.860955 -74.3663 0.871161
0.861106  -74.353 0.871311
0.861256 -74.3398 0.871461
0.861406 -74.3266 0.871611
0.861556 -74.3134 0.871761
0.861706 -74.3002 0.871761
0.861856  -74.287 0.871911
0.862006 -74.2738 0.872061
0.862156 -74.2606 0.872211
0.862306 -74.2474 0.872361
0.862456 -74.2342 0.872511
0.862606 -74.2211 0.872661
0.862756 -74.2079 0.872661
0.862906 -74.1947 0.872811
0.863057 -74.1816 0.872961
0.863207 -74.1684 0.873112
0.863357 -74.1553 0.873262
0.863507 -74.1422 0.873412
0.863657  -74.129 0.873562
0.863807 -74.1159 0.873562
0.863957 -74.1028 0.873712
0.864107 -74.0897 0.873862
0.864257 -74.0766 0.874012
0.864407 -74.0635 0.874162
0.864557 -74.0504 0.874312
0.864707 -74.0373 0.874462
0.864857 -74.0242 0.874612
0.865008 -74.0112 0.874612
0.865158 -73.9981 0.874762
0.865308  -73.985 0.874912
0.865458  -73.972 0.875063
0.865608 -73.9589 0.875213
0.865758 -73.9459 0.875363
0.865908 -73.9329 0.875513
0.866058 -73.9198 0.875663
0.866208 -73.9068 0.875663
0.866358 -73.8938 0.875813
0.866508 -73.8808 0.875963
0.866658 -73.8678 0.876113
0.866808 -73.8548 0.876263
0.866958 -73.8418 0.876413
0.867109 -73.8288 0.876563
0.867259 -73.8158 0.876713
0.867409 -73.8029 0.876713
0.867559 -73.7899 0.876863
0.867709 -73.7769 0.877014
0.867859  -73.764 0.877164
0.868009  -73.751 0.877314
0.868159 -73.7381 0.877464
0.868309 -73.7251 0.877614
0.868459 -73.7122 0.877764
0.868609 -73.6993 0.877764
0.868759 -73.6864 0.877914
0.868909 -73.6734 0.878064
 0.86906 -73.6605 0.878214
 0.86921 -73.6476 0.878364
 0.86936 -73.6347 0.878514
 0.86951 -73.6218 0.878664
 0.86966  -73.609 0.878814
 0.86981 -73.5961 0.878814
 0.86996 -73.5832 0.878964
 0.87011 -73.5703 0.879115
 0.87026 -73.5575 0.879265
 0.87041 -73.5446 0.879415
 0.87056 -73.5318 0.879565
 0.87071 -73.5189 0.879715
 0.87086 -73.5061 0.879865
0.871011 -73.4932 0.879865
0.871161 -73.4804 0.880015
0.871311 -73.4676 0.880165
0.871461 -73.4548 0.880315
0.871611  -73.442 0.880465
0.871761 -73.4292 0.880615
0.871911 -73.4164 0.880765
0.872061 -73.4036 0.880915
0.872211 -73.3908 0.881066
0.872361  -73.378 0.881066
0.872511 -73.3652 0.881216
0.872661 -73.3524 0.881366
0.872811 -73.3397 0.881516
0.872961 -73.3269 0.881666
0.873112 -73.3142 0.881816
0.873262 -73.3014 0.881966
0.873412 -73.2887 0.882116
0.873562 -73.2759 0.882266
0.873712 -73.2632 0.882266
0.873862 -73.2505 0.882416
0.874012 -73.2377 0.882566
0.874162  -73.225 0.882716
0.874312 -73.2123 0.882866
0.874462 -73.1996 0.883017
0.874612 -73.1869 0.883167
0.874762 -73.1742 0.883317
0.874912 -73.1615 0.883467
0.875063 -73.1488 0.883467
0.875213 -73.1362 0.883617
0.875363 -73.1235 0.883767
0.875513 -73.1108 0.883917
0.875663 -73.0981 0.884067
0.875813 -73.0855 0.884217
0.875963 -73.0728 0.884367
0.876113 -73.0602 0.884517
0.876263 -73.0475 0.884667
0.876413 -73.0349 0.884667
0.876563 -73.0223 0.884817
0.876713 -73.0097 0.884967
0.876863  -72.997 0.885118
0.877014 -72.9844 0.885268
0.877164 -72.9718 0.885418
0.877314 -72.9592 0.885568
0.877464 -72.9466 0.885718
0.877614  -72.934 0.885868
0.877764 -72.9214 0.886018
0.877914 -72.9088 0.886018
0.878064 -72.8963 0.886168
0.878214 -72.8837 0.886318
0.878364 -72.8711 0.886468
0.878514 -72.8586 0.886618
0.878664  -72.846 0.886768
0.878814 -72.8334 0.886918
0.878964 -72.8209 0.887069
0.879115 -72.8084 0.887219
0.879265 -72.7958 0.887369
0.879415 -72.7833 0.887369
0.879565 -72.7708 0.887519
0.879715 -72.7582 0.887669
0.879865 -72.7457 0.887819
0.880015 -72.7332 0.887969
0.880165 -72.7207 0.888119
0.880315 -72.7082 0.888269
0.880465 -72.6957 0.888419
0.880615 -72.6832 0.888569
0.880765 -72.6707 0.888569
0.880915 -72.6583 0.888719
0.881066 -72.6458 0.888869
0.881216 -72.6333  0.88902
0.881366 -72.6208  0.88917
0.881516 -72.6084  0.88932
0.881666 -72.5959  0.88947
0.881816 -72.5835  0.88962
0.881966  -72.571  0.88977
0.882116 -72.5586  0.88992
0.882266 -72.5462  0.88992
0.882416 -72.5337  0.89007
0.882566 -72.5213  0.89022
0.882716 -72.5089  0.89037
0.882866 -72.4965  0.89052
0.883017 -72.4841  0.89067
0.883167 -72.4717  0.89082
0.883317 -72.4593  0.89097
0.883467 -72.4469 0.891121
0.883617 -72.4345 0.891271
0.883767 -72.4221 0.891271
0.883917 -72.4097 0.891421
0.884067 -72.3974 0.891571
0.884217  -72.385 0.891721
0.884367 -72.3726 0.891871
0.884517 -72.3603 0.892021
0.884667 -72.3479 0.892171
0.884817 -72.3356 0.892321
0.884967 -72.3232 0.892471
0.885118 -72.3109 0.892621
0.885268 -72.2986 0.892621
0.885418 -72.2862 0.892771
0.885568 -72.2739 0.892921
0.885718 -72.2616 0.893072
0.885868 -72.2493 0.893222
0.886018  -72.237 0.893372
0.886168 -72.2247 0.893522
0.886318 -72.2124 0.893672
0.886468 -72.2001 0.893822
0.886618 -72.1878 0.893972
0.886768 -72.1755 0.893972
0.886918 -72.1632 0.894122
0.887069  -72.151 0.894272
0.887219 -72.1387 0.894422
0.887369 -72.1264 0.894572
0.887519 -72.1142 0.894722
0.887669 -72.1019 0.894872
0.887819 -72.0897 0.895023
0.887969 -72.0774 0.895173
0.888119 -72.0652 0.895323
0.888269 -72.0529 0.895473
0.888419 -72.0407 0.895473
0.888569 -72.0285 0.895623
0.888719 -72.0163 0.895773
0.888869 -72.0041 0.895923
 0.88902 -71.9918 0.896073
 0.88917 -71.9796 0.896223
 0.88932 -71.9674 0.896373
 0.88947 -71.9552 0.896523
 0.88962  -71.943 0.896673
 0.88977 -71.9309 0.896823
 0.88992 -71.9187 0.896823
 0.89007 -71.9065 0.896973
 0.89022 -71.8943 0.897124
 0.89037 -71.8822 0.897274
 0.89052   -71.87 0.897424
 0.89067 -71.8578 0.897574
 0.89082 -71.8457 0.897724
 0.89097 -71.8335 0.897874
0.891121 -71.8214 0.898024
0.891271 -71.8093 0.898174
0.891421 -71.7971 0.898324
0.891571  -71.785 0.898324
0.891721 -71.7729 0.898474
0.891871 -71.7608 0.898624
0.892021 -71.7486 0.898774
0.892171 -71.7365 0.898924
0.892321 -71.7244 0.899075
0.892471 -71.7123 0.899225
0.892621 -71.7002 0.899375
0.892771 -71.6881 0.899525
0.892921 -71.6761 0.899675
0.893072  -71.664 0.899825
0.893222 -71.6519 0.899975
0.893372 -71.6398 0.899975
0.893522 -71.6277 0.900125
0.893672 -71.6157 0.900275
0.893822 -71.6036 0.900425
0.893972 -71.5916 0.900575
0.894122 -71.5795 0.900725
0.894272 -71.5675 0.900875
0.894422 -71.5554 0.901026
0.894572 -71.5434 0.901176
0.894722 -71.5313 0.901326
0.894872 -71.5193 0.901476
0.895023 -71.5073 0.901626
0.895173 -71.4953 0.901776
0.895323 -71.4833 0.901776
0.895473 -71.4712 0.901926
0.895623 -71.4592 0.902076
0.895773 -71.4472 0.902226
0.895923 -71.4352 0.902376
0.896073 -71.4232 0.902526
0.896223 -71.4112 0.902676
0.896373 -71.3992 0.902826
0.896523 -71.3873 0.902976
0.896673 -71.3753 0.903127
0.896823 -71.3633 0.903277
0.896973 -71.3513 0.903427
0.897124 -71.3394 0.903577
0.897274 -71.3274 0.903577
0.897424 -71.3155 0.903727
0.897574 -71.3035 0.903877
0.897724 -71.2916 0.904027
0.897874 -71.2796 0.904177
0.898024 -71.2677 0.904327
0.898174 -71.2557 0.904477
0.898324 -71.2438 0.904627
0.898474 -71.2319 0.904777
0.898624   -71.22 0.904927
0.898774  -71.208 0.905078
0.898924 -71.1961 0.905228
0.899075 -71.1842 0.905378
0.899225 -71.1723 0.905378
0.899375 -71.1604 0.905528
0.899525 -71.1485 0.905678
0.899675 -71.1366 0.905828
0.899825 -71.1247 0.905978
0.899975 -71.1128 0.906128
0.900125  -71.101 0.906278
0.900275 -71.0891 0.906428
0.900425 -71.0772 0.906578
0.900575 -71.0653 0.906728
0.900725 -71.0535 0.906878
0.900875 -71.0416 0.907029
0.901026 -71.0298 0.907179
0.901176 -71.0179 0.907329
0.901326 -71.0061 0.907329
0.901476 -70.9942 0.907479
0.901626 -70.9824 0.907629
0.901776 -70.9705 0.907779
0.901926 -70.9587 0.907929
0.902076 -70.9469 0.908079
0.902226 -70.9351 0.908229
0.902376 -70.9232 0.908379
0.902526 -70.9114 0.908529
0.902676 -70.8996 0.908679
0.902826 -70.8878 0.908829
0.902976  -70.876 0.908979
0.903127 -70.8642  0.90913
0.903277 -70.8524  0.90928
0.903427 -70.8406  0.90928
0.903577 -70.8288  0.90943
0.903727 -70.8171  0.90958
0.903877 -70.8053  0.90973
0.904027 -70.7935  0.90988
0.904177 -70.7817  0.91003
0.904327   -70.77  0.91018
0.904477 -70.7582  0.91033
0.904627 -70.7465  0.91048
0.904777 -70.7347  0.91063
0.904927  -70.723  0.91078
0.905078 -70.7112  0.91093
0.905228 -70.6995 0.911081
0.905378 -70.6877 0.911231
0.905528  -70.676 0.911231
0.905678 -70.6643 0.911381
0.905828 -70.6526 0.911531
0.905978 -70.6408 0.911681
0.906128 -70.6291 0.911831
0.906278 -70.6174 0.911981
0.906428 -70.6057 0.912131
0.906578  -70.594 0.912281
0.906728 -70.5823 0.912431
0.906878 -70.5706 0.912581
0.907029 -70.5589 0.912731
0.907179 -70.5472 0.912881
0.907329 -70.5355 0.913032
0.907479 -70.5238 0.913182
0.907629 -70.5122 0.913332
0.907779 -70.5005 0.913332
0.907929 -70.4888 0.913482
0.908079 -70.4772 0.913632
0.908229 -70.4655 0.913782
0.908379 -70.4538 0.913932
0.908529 -70.4422 0.914082
0.908679 -70.4305 0.914232
0.908829 -70.4189 0.914382
0.908979 -70.4073 0.914532
 0.90913 -70.3956 0.914682
 0.90928  -70.384 0.914832
 0.90943 -70.3724 0.914982
 0.90958 -70.3607 0.915133
 0.90973 -70.3491 0.915283
 0.90988 -70.3375 0.915433
 0.91003 -70.3259 0.915433
 0.91018 -70.3143 0.915583
 0.91033 -70.3027 0.915733
 0.91048 -70.2911 0.915883
 0.91063 -70.2795 0.916033
 0.91078 -70.2679 0.916183
 0.91093 -70.2563 0.916333
0.911081 -70.2447 0.916483
0.911231 -70.2331 0.916633
0.911381 -70.2215 0.916783
0.911531   -70.21 0.916933
0.911681 -70.1984 0.917084
0.911831 -70.1868 0.917234
0.911981 -70.1753 0.917384
0.912131 -70.1637 0.917534
0.912281 -70.1521 0.917684
0.912431 -70.1406 0.917684
0.912581  -70.129 0.917834
0.912731 -70.1175 0.917984
0.912881  -70.106 0.918134
0.913032 -70.0944 0.918284
0.913182 -70.0829 0.918434
0.913332 -70.0714 0.918584
0.913482 -70.0598 0.918734
0.913632 -70.0483 0.918884
0.913782 -70.0368 0.919035
0.913932 -70.0253 0.919185
0.914082 -70.0138 0.919335
0.914232 -70.0023 0.919485
0.914382 -69.9908 0.919635
0.914532 -69.9793 0.919785
0.914682 -69.9678 0.919935
0.914832 -69.9563 0.919935
0.914982 -69.9448 0.920085
0.915133 -69.9333 0.920235
0.915283 -69.9218 0.920385
0.915433 -69.9103 0.920535
0.915583 -69.8989 0.920685
0.915733 -69.8874 0.920835
0.915883 -69.8759 0.920985
0.916033 -69.8645 0.921136
0.916183  -69.853 0.921286
0.916333 -69.8416 0.921436
0.916483 -69.8301 0.921586
0.916633 -69.8187 0.921736
0.916783 -69.8072 0.921886
0.916933 -69.7958 0.922036
0.917084 -69.7844 0.922036
0.917234 -69.7729 0.922186
0.917384 -69.7615 0.922336
0.917534 -69.7501 0.922486
0.917684 -69.7387 0.922636
0.917834 -69.7273 0.922786
0.917984 -69.7158 0.922936
0.918134 -69.7044 0.923087
0.918284  -69.693 0.923237
0.918434 -69.6816 0.923387
0.918584 -69.6702 0.923537
0.918734 -69.6588 0.923687
0.918884 -69.6475 0.923837
0.919035 -69.6361 0.923987
0.919185 -69.6247 0.924137
0.919335 -69.6133 0.924287
0.919485 -69.6019 0.924437
0.919635 -69.5906 0.924437
0.919785 -69.5792 0.924587
0.919935 -69.5678 0.924737
0.920085 -69.5565 0.924887
0.920235 -69.5451 0.925038
0.920385 -69.5338 0.925188
0.920535 -69.5224 0.925338
0.920685 -69.5111 0.925488
0.920835 -69.4997 0.925638
0.920985 -69.4884 0.925788
0.921136 -69.4771 0.925938
0.921286 -69.4657 0.926088
0.921436 -69.4544 0.926238
0.921586 -69.4431 0.926388
0.921736 -69.4318 0.926538
0.921886 -69.4205 0.926688
0.922036 -69.4092 0.926688
0.922186 -69.3978 0.926838
0.922336 -69.3865 0.926988
0.922486 -69.3752 0.927139
0.922636 -69.3639 0.927289
0.922786 -69.3526 0.927439
0.922936 -69.3414 0.927589
0.923087 -69.3301 0.927739
0.923237 -69.3188 0.927889
0.923387 -69.3075 0.928039
0.923537 -69.2962 0.928189
0.923687  -69.285 0.928339
0.923837 -69.2737 0.928489
0.923987 -69.2624 0.928639
0.924137 -69.2512 0.928789
0.924287 -69.2399 0.928939
0.924437 -69.2287 0.928939
0.924587 -69.2174  0.92909
0.924737 -69.2062  0.92924
0.924887 -69.1949  0.92939
0.925038 -69.1837  0.92954
0.925188 -69.1725  0.92969
0.925338 -69.1612  0.92984
0.925488   -69.15  0.92999
0.925638 -69.1388  0.93014
0.925788 -69.1275  0.93029
0.925938 -69.1163  0.93044
0.926088 -69.1051  0.93059
0.926238 -69.0939  0.93074
0.926388 -69.0827  0.93089
0.926538 -69.0715 0.931041
0.926688 -69.0603 0.931191
0.926838 -69.0491 0.931341
0.926988 -69.0379 0.931491
0.927139 -69.0267 0.931491
0.927289 -69.0155 0.931641
0.927439 -69.0044 0.931791
0.927589 -68.9932 0.931941
0.927739  -68.982 0.932091
0.927889 -68.9708 0.932241
0.928039 -68.9597 0.932391
0.928189 -68.9485 0.932541
0.928339 -68.9373 0.932691
0.928489 -68.9262 0.932841
0.928639  -68.915 0.932991
0.928789 -68.9039 0.933142
0.928939 -68.8927 0.933292
 0.92909 -68.8816 0.933442
 0.92924 -68.8705 0.933592
 0.92939 -68.8593 0.933742
 0.92954 -68.8482 0.933892
 0.92969 -68.8371 0.934042
 0.92984 -68.8259 0.934042
 0.92999 -68.8148 0.934192
 0.93014 -68.8037 0.934342
 0.93029 -68.7926 0.934492
 0.93044 -68.7815 0.934642
 0.93059 -68.7704 0.934792
 0.93074 -68.7593 0.934942
 0.93089 -68.7482 0.935093
0.931041 -68.7371 0.935243
0.931191  -68.726 0.935393
0.931341 -68.7149 0.935543
0.931491 -68.7038 0.935693
0.931641 -68.6927 0.935843
0.931791 -68.6816 0.935993
0.931941 -68.6705 0.936143
0.932091 -68.6595 0.936293
0.932241 -68.6484 0.936443
0.932391 -68.6373 0.936593
0.932541 -68.6263 0.936593
0.932691 -68.6152 0.936743
0.932841 -68.6042 0.936893
0.932991 -68.5931 0.937044
0.933142 -68.5821 0.937194
0.933292  -68.571 0.937344
0.933442   -68.56 0.937494
0.933592 -68.5489 0.937644
0.933742 -68.5379 0.937794
0.933892 -68.5269 0.937944
0.934042 -68.5158 0.938094
0.934192 -68.5048 0.938244
0.934342 -68.4938 0.938394
0.934492 -68.4828 0.938544
0.934642 -68.4718 0.938694
0.934792 -68.4607 0.938844
0.934942 -68.4497 0.938994
0.935093 -68.4387 0.939145
0.935243 -68.4277 0.939145
0.935393 -68.4167 0.939295
0.935543 -68.4057 0.939445
0.935693 -68.3947 0.939595
0.935843 -68.3838 0.939745
0.935993 -68.3728 0.939895
0.936143 -68.3618 0.940045
0.936293 -68.3508 0.940195
0.936443 -68.3398 0.940345
0.936593 -68.3289 0.940495
0.936743 -68.3179 0.940645
0.936893 -68.3069 0.940795
0.937044  -68.296 0.940945
0.937194  -68.285 0.941096
0.937344 -68.2741 0.941246
0.937494 -68.2631 0.941396
0.937644 -68.2522 0.941546
0.937794 -68.2412 0.941696
0.937944 -68.2303 0.941696
0.938094 -68.2194 0.941846
0.938244 -68.2084 0.941996
0.938394 -68.1975 0.942146
0.938544 -68.1866 0.942296
0.938694 -68.1756 0.942446
0.938844 -68.1647 0.942596
0.938994 -68.1538 0.942746
0.939145 -68.1429 0.942896
0.939295  -68.132 0.943047
0.939445 -68.1211 0.943197
0.939595 -68.1102 0.943347
0.939745 -68.0993 0.943497
0.939895 -68.0884 0.943647
0.940045 -68.0775 0.943797
0.940195 -68.0666 0.943947
0.940345 -68.0557 0.944097
0.940495 -68.0448 0.944247
0.940645 -68.0339 0.944397
0.940795 -68.0231 0.944397
0.940945 -68.0122 0.944547
0.941096 -68.0013 0.944697
0.941246 -67.9904 0.944847
0.941396 -67.9796 0.944997
0.941546 -67.9687 0.945148
0.941696 -67.9579 0.945298
0.941846  -67.947 0.945448
0.941996 -67.9362 0.945598
0.942146 -67.9253 0.945748
0.942296 -67.9145 0.945898
0.942446 -67.9036 0.946048
0.942596 -67.8928 0.946198
0.942746  -67.882 0.946348
0.942896 -67.8711 0.946498
0.943047 -67.8603 0.946648
0.943197 -67.8495 0.946798
0.943347 -67.8387 0.946948
0.943497 -67.8278 0.947099
0.943647  -67.817 0.947099
0.943797 -67.8062 0.947249
0.943947 -67.7954 0.947399
0.944097 -67.7846 0.947549
0.944247 -67.7738 0.947699
0.944397  -67.763 0.947849
0.944547 -67.7522 0.947999
0.944697 -67.7414 0.948149
0.944847 -67.7306 0.948299
0.944997 -67.7198 0.948449
0.945148 -67.7091 0.948599
0.945298 -67.6983 0.948749
0.945448 -67.6875 0.948899
0.945598 -67.6767  0.94905
0.945748  -67.666   0.9492
0.945898 -67.6552  0.94935
0.946048 -67.6444   0.9495
0.946198 -67.6337  0.94965
0.946348 -67.6229   0.9498
0.946498 -67.6122   0.9498
0.946648 -67.6014  0.94995
0.946798 -67.5907   0.9501
0.946948 -67.5799  0.95025
0.947099 -67.5692   0.9504
0.947249 -67.5585  0.95055
0.947399 -67.5477   0.9507
0.947549  -67.537  0.95085
0.947699 -67.5263 0.951001
0.947849 -67.5156 0.951151
0.947999 -67.5048 0.951301
0.948149 -67.4941 0.951451
0.948299 -67.4834 0.951601
0.948449 -67.4727 0.951751
0.948599  -67.462 0.951901
0.948749 -67.4513 0.952051
0.948899 -67.4406 0.952201
 0.94905 -67.4299 0.952351
  0.9492 -67.4192 0.952501
 0.94935 -67.4085 0.952651
  0.9495 -67.3978 0.952651
 0.94965 -67.3871 0.952801
  0.9498 -67.3764 0.952951
 0.94995 -67.3658 0.953102
  0.9501 -67.3551 0.953252
 0.95025 -67.3444 0.953402
  0.9504 -67.3338 0.953552
 0.95055 -67.3231 0.953702
  0.9507 -67.3124 0.953852
 0.95085 -67.3018 0.954002
0.951001 -67.2911 0.954152
0.951151 -67.2805 0.954302
0.951301 -67.2698 0.954452
0.951451 -67.2592 0.954602
0.951601 -67.2485 0.954752
0.951751 -67.2379 0.954902
0.951901 -67.2272 0.955053
0.952051 -67.2166 0.955203
0.952201  -67.206 0.955353
0.952351 -67.1954 0.955353
0.952501 -67.1847 0.955503
0.952651 -67.1741 0.955653
0.952801 -67.1635 0.955803
0.952951 -67.1529 0.955953
0.953102 -67.1423 0.956103
0.953252 -67.1317 0.956253
0.953402 -67.1211 0.956403
0.953552 -67.1104 0.956553
0.953702 -67.0999 0.956703
0.953852 -67.0893 0.956853
0.954002 -67.0787 0.957004
0.954152 -67.0681 0.957154
0.954302 -67.0575 0.957304
0.954452 -67.0469 0.957454
0.954602 -67.0363 0.957604
0.954752 -67.0257 0.957754
0.954902 -67.0152 0.957904
0.955053 -67.0046 0.958054
0.955203  -66.994 0.958204
0.955353 -66.9835 0.958204
0.955503 -66.9729 0.958354
0.955653 -66.9624 0.958504
0.955803 -66.9518 0.958654
0.955953 -66.9412 0.958804
0.956103 -66.9307 0.958954
0.956253 -66.9202 0.959105
0.956403 -66.9096 0.959255
0.956553 -66.8991 0.959405
0.956703 -66.8885 0.959555
0.956853  -66.878 0.959705
0.957004 -66.8675 0.959855
0.957154 -66.8569 0.960005
0.957304 -66.8464 0.960155
0.957454 -66.8359 0.960305
0.957604 -66.8254 0.960455
0.957754 -66.8149 0.960605
0.957904 -66.8044 0.960755
0.958054 -66.7939 0.960905
0.958204 -66.7833 0.961056
0.958354 -66.7728 0.961056
0.958504 -66.7623 0.961206
0.958654 -66.7518 0.961356
0.958804 -66.7414 0.961506
0.958954 -66.7309 0.961656
0.959105 -66.7204 0.961806
0.959255 -66.7099 0.961956
0.959405 -66.6994 0.962106
0.959555 -66.6889 0.962256
0.959705 -66.6785 0.962406
0.959855  -66.668 0.962556
0.960005 -66.6575 0.962706
0.960155 -66.6471 0.962856
0.960305 -66.6366 0.963007
0.960455 -66.6261 0.963157
0.960605 -66.6157 0.963307
0.960755 -66.6052 0.963457
0.960905 -66.5948 0.963607
0.961056 -66.5843 0.963757
0.961206 -66.5739 0.963757
0.961356 -66.5635 0.963907
0.961506  -66.553 0.964057
0.961656 -66.5426 0.964207
0.961806 -66.5322 0.964357
0.961956 -66.5217 0.964507
0.962106 -66.5113 0.964657
0.962256 -66.5009 0.964807
0.962406 -66.4905 0.964957
0.962556   -66.48 0.965108
0.962706 -66.4696 0.965258
0.962856 -66.4592 0.965408
0.963007 -66.4488 0.965558
0.963157 -66.4384 0.965708
0.963307  -66.428 0.965858
0.963457 -66.4176 0.966008
0.963607 -66.4072 0.966158
0.963757 -66.3968 0.966308
0.963907 -66.3864 0.966458
0.964057 -66.3761 0.966608
0.964207 -66.3657 0.966758
0.964357 -66.3553 0.966758
0.964507 -66.3449 0.966908
0.964657 -66.3345 0.967059
0.964807 -66.3242 0.967209
0.964957 -66.3138 0.967359
0.965108 -66.3034 0.967509
0.965258 -66.2931 0.967659
0.965408 -66.2827 0.967809
0.965558 -66.2724 0.967959
0.965708  -66.262 0.968109
0.965858 -66.2517 0.968259
0.966008 -66.2413 0.968409
0.966158  -66.231 0.968559
0.966308 -66.2206 0.968709
0.966458 -66.2103 0.968859
0.966608    -66.2  0.96901
0.966758 -66.1896  0.96916
0.966908 -66.1793  0.96931
0.967059  -66.169  0.96946
0.967209 -66.1587  0.96961
0.967359 -66.1483  0.96976
0.967509  -66.138  0.96976
0.967659 -66.1277  0.96991
0.967809 -66.1174  0.97006
0.967959 -66.1071  0.97021
0.968109 -66.0968  0.97036
0.968259 -66.0865  0.97051
0.968409 -66.0762  0.97066
0.968559 -66.0659  0.97081
0.968709 -66.0556  0.97096
0.968859 -66.0453 0.971111
 0.96901  -66.035 0.971261
 0.96916 -66.0247 0.971411
 0.96931 -66.0145 0.971561
 0.96946 -66.0042 0.971711
 0.96961 -65.9939 0.971861
 0.96976 -65.9836 0.972011
 0.96991 -65.9734 0.972161
 0.97006 -65.9631 0.972311
 0.97021 -65.9528 0.972461
 0.97036 -65.9426 0.972611
 0.97051 -65.9323 0.972611
 0.97066 -65.9221 0.972761
 0.97081 -65.9118 0.972911
 0.97096 -65.9016 0.973062
0.971111 -65.8913 0.973212
0.971261 -65.8811 0.973362
0.971411 -65.8708 0.973512
0.971561 -65.8606 0.973662
0.971711 -65.8504 0.973812
0.971861 -65.8401 0.973962
0.972011 -65.8299 0.974112
0.972161 -65.8197 0.974262
0.972311 -65.8095 0.974412
0.972461 -65.7993 0.974562
0.972611  -65.789 0.974712
0.972761 -65.7788 0.974862
0.972911 -65.7686 0.975013
0.973062 -65.7584 0.975163
0.973212 -65.7482 0.975313
0.973362  -65.738 0.975463
0.973512 -65.7278 0.975613
0.973662 -65.7176 0.975613
0.973812 -65.7074 0.975763
0.973962 -65.6972 0.975913
0.974112 -65.6871 0.976063
0.974262 -65.6769 0.976213
0.974412 -65.6667 0.976363
0.974562 -65.6565 0.976513
0.974712 -65.6463 0.976663
0.974862 -65.6362 0.976813
0.975013  -65.626 0.976963
0.975163 -65.6158 0.977114
0.975313 -65.6057 0.977264
0.975463 -65.5955 0.977414
0.975613 -65.5854 0.977564
0.975763 -65.5752 0.977714
0.975913 -65.5651 0.977864
0.976063 -65.5549 0.978014
0.976213 -65.5448 0.978164
0.976363 -65.5346 0.978314
0.976513 -65.5245 0.978464
0.976663 -65.5143 0.978464
0.976813 -65.5042 0.978614
0.976963 -65.4941 0.978764
0.977114  -65.484 0.978914
0.977264 -65.4738 0.979065
0.977414 -65.4637 0.979215
0.977564 -65.4536 0.979365
0.977714 -65.4435 0.979515
0.977864 -65.4334 0.979665
0.978014 -65.4232 0.979815
0.978164 -65.4131 0.979965
0.978314  -65.403 0.980115
0.978464 -65.3929 0.980265
0.978614 -65.3828 0.980415
0.978764 -65.3727 0.980565
0.978914 -65.3627 0.980715
0.979065 -65.3526 0.980865
0.979215 -65.3425 0.981016
0.979365 -65.3324 0.981166
0.979515 -65.3223 0.981316
0.979665 -65.3122 0.981466
0.979815 -65.3022 0.981466
0.979965 -65.2921 0.981616
0.980115  -65.282 0.981766
0.980265 -65.2719 0.981916
0.980415 -65.2619 0.982066
0.980565 -65.2518 0.982216
0.980715 -65.2418 0.982366
0.980865 -65.2317 0.982516
0.981016 -65.2217 0.982666
0.981166 -65.2116 0.982816
0.981316 -65.2016 0.982966
0.981466 -65.1915 0.983117
0.981616 -65.1815 0.983267
0.981766 -65.1714 0.983417
0.981916 -65.1614 0.983567
0.982066 -65.1514 0.983717
0.982216 -65.1413 0.983867
0.982366 -65.1313 0.984017
0.982516 -65.1213 0.984167
0.982666 -65.1113 0.984317
0.982816 -65.1013 0.984467
0.982966 -65.0912 0.984467
0.983117 -65.0812 0.984617
0.983267 -65.0712 0.984767
0.983417 -65.0612 0.984917
0.983567 -65.0512 0.985068
0.983717 -65.0412 0.985218
0.983867 -65.0312 0.985368
0.984017 -65.0212 0.985518
0.984167 -65.0112 0.985668
0.984317 -65.0012 0.985818
0.984467 -64.9912 0.985968
0.984617 -64.9813 0.986118
0.984767 -64.9713 0.986268
0.984917 -64.9613 0.986418
0.985068 -64.9513 0.986568
0.985218 -64.9414 0.986718
0.985368 -64.9314 0.986868
0.985518 -64.9214 0.987019
0.985668 -64.9115 0.987169
0.985818 -64.9015 0.987319
0.985968 -64.8915 0.987469
0.986118 -64.8816 0.987469
0.986268 -64.8716 0.987619
0.986418 -64.8617 0.987769
0.986568 -64.8517 0.987919
0.986718 -64.8418 0.988069
0.986868 -64.8318 0.988219
0.987019 -64.8219 0.988369
0.987169  -64.812 0.988519
0.987319  -64.802 0.988669
0.987469 -64.7921 0.988819
0.987619 -64.7822 0.988969
0.987769 -64.7722  0.98912
0.987919 -64.7623  0.98927
0.988069 -64.7524  0.98942
0.988219 -64.7425  0.98957
0.988369 -64.7326  0.98972
0.988519 -64.7227  0.98987
0.988669 -64.7128  0.99002
0.988819 -64.7029  0.99017
0.988969  -64.693  0.99032
 0.98912 -64.6831  0.99047
 0.98927 -64.6732  0.99047
 0.98942 -64.6633  0.99062
 0.98957 -64.6534  0.99077
 0.98972 -64.6435  0.99092
 0.98987 -64.6336 0.991071
 0.99002 -64.6237 0.991221
 0.99017 -64.6138 0.991371
 0.99032  -64.604 0.991521
 0.99047 -64.5941 0.991671
 0.99062 -64.5842 0.991821
 0.99077 -64.5743 0.991971
 0.99092 -64.5645 0.992121
0.991071 -64.5546 0.992271
0.991221 -64.5448 0.992421
0.991371 -64.5349 0.992571
0.991521  -64.525 0.992721
0.991671 -64.5152 0.992871
0.991821 -64.5053 0.993022
0.991971 -64.4955 0.993172
0.992121 -64.4857 0.993322
0.992271 -64.4758 0.993472
0.992421  -64.466 0.993472
0.992571 -64.4561 0.993622
0.992721 -64.4463 0.993772
0.992871 -64.4365 0.993922
0.993022 -64.4266 0.994072
0.993172 -64.4168 0.994222
0.993322  -64.407 0.994372
0.993472 -64.3972 0.994522
0.993622 -64.3874 0.994672
0.993772 -64.3776 0.994822
0.993922 -64.3677 0.994972
0.994072 -64.3579 0.995123
0.994222 -64.3481 0.995273
0.994372 -64.3383 0.995423
0.994522 -64.3285 0.995573
0.994672 -64.3187 0.995723
0.994822 -64.3089 0.995873
0.994972 -64.2991 0.996023
0.995123 -64.2894 0.996173
0.995273 -64.2796 0.996323
0.995423 -64.2698 0.996473
0.995573   -64.26 0.996473
0.995723 -64.2502 0.996623
0.995873 -64.2405 0.996773
0.996023 -64.2307 0.996923
0.996173 -64.2209 0.997074
0.996323 -64.2112 0.997224
0.996473 -64.2014 0.997374
0.996623 -64.1916 0.997524
0.996773 -64.1819 0.997674
0.996923 -64.1721 0.997824
0.997074 -64.1624 0.997974
0.997224 -64.1526 0.998124
0.997374 -64.1429 0.998274
0.997524 -64.1331 0.998424
0.997674 -64.1234 0.998574
0.997824 -64.1136 0.998724
0.997974 -64.1039 0.998874
0.998124 -64.0942 0.999025
0.998274 -64.0844 0.999175
0.998424 -64.0747 0.999325
0.998574  -64.065 0.999475
0.998724 -64.0553 0.999475
0.998874 -64.0455 0.999625
0.999025 -64.0358 0.999775
0.999175 -64.0261 0.999925
0.999325 -64.0164  1.00008
0.999475 -64.0067  1.00023
0.999625  -63.997  1.00038
0.999775 -63.9873  1.00053
0.999925 -63.9776  1.00068
 1.00008 -63.9679  1.00083
 1.00023 -63.9582  1.00098
 1.00038 -63.9485  1.00113
 1.00053 -63.9388  1.00128
 1.00068 -63.9291  1.00143
 1.00083 -63.9194  1.00158
 1.00098 -63.9097  1.00173
 1.00113 -63.9001  1.00188
 1.00128 -63.8904  1.00203
 1.00143 -63.8807  1.00218
 1.00158  -63.871  1.00233
 1.00173 -63.8614  1.00248
 1.00188 -63.8517  1.00248
 1.00203 -63.8421  1.00263
 1.00218 -63.8324  1.00278
 1.00233 -63.8227  1.00293
 1.00248 -63.8131  1.00308
 1.00263 -63.8034  1.00323
 1.00278 -63.7938  1.00338
 1.00293 -63.7841  1.00353
 1.00308 -63.7745  1.00368
 1.00323 -63.7648  1.00383
 1.00338 -63.7552  1.00398
 1.00353 -63.7456  1.00413
 1.00368 -63.7359  1.00428
 1.00383 -63.7263  1.00443
 1.00398 -63.7167  1.00458
 1.00413 -63.7071  1.00473
 1.00428 -63.6974  1.00488
 1.00443 -63.6878  1.00503
 1.00458 -63.6782  1.00518
 1.00473 -63.6686  1.00533
 1.00488  -63.659  1.00548
 1.00503 -63.6494  1.00548
 1.00518 -63.6398  1.00563
 1.00533 -63.6301  1.00578
 1.00548 -63.6205  1.00593
 1.00563 -63.6109  1.00608
 1.00578 -63.6013  1.00623
 1.00593 -63.5918  1.00638
 1.00608 -63.5822  1.00653
 1.00623 -63.5726  1.00668
 1.00638  -63.563  1.00683
 1.00653 -63.5534  1.00698
 1.00668 -63.5438  1.00713
 1.00683 -63.5343  1.00728
 1.00698 -63.5247  1.00743
 1.00713 -63.5151  1.00758
 1.00728 -63.5055  1.00773
 1.00743  -63.496  1.00788
 1.00758 -63.4864  1.00803
 1.00773 -63.4768  1.00818
 1.00788 -63.4673  1.00833
 1.00803 -63.4577  1.00848
 1.00818 -63.4482  1.00848
 1.00833 -63.4386  1.00863
 1.00848 -63.4291  1.00878
 1.00863 -63.4195  1.00893
 1.00878   -63.41  1.00908
 1.00893 -63.4005  1.00923
 1.00908 -63.3909  1.00938
 1.00923 -63.3814  1.00953
 1.00938 -63.3719  1.00968
 1.00953 -63.3623  1.00983
 1.00968 -63.3528  1.00998
 1.00983 -63.3433  1.01013
 1.00998 -63.3337  1.01028
 1.01013 -63.3242  1.01043
 1.01028 -63.3147  1.01058
 1.01043 -63.3052  1.01073
 1.01058 -63.2957  1.01088
 1.01073 -63.2862  1.01103
 1.01088 -63.2767  1.01118
 1.01103 -63.2672  1.01133
 1.01118 -63.2577  1.01133
 1.01133 -63.2482  1.01148
 1.01148 -63.2387  1.01163
 1.01163 -63.2292  1.01178
 1.01178 -63.2197  1.01193
 1.01193 -63.2102  1.01208
 1.01208 -63.2007  1.01223
 1.01223 -63.1912  1.01238
 1.01238 -63.1818  1.01253
 1.01253 -63.1723  1.01268
 1.01268 -63.1628  1.01283
 1.01283 -63.1533  1.01298
 1.01298 -63.1439  1.01313
 1.01313 -63.1344  1.01328
 1.01328 -63.1249  1.01343
 1.01343 -63.1155  1.01358
 1.01358  -63.106  1.01373
 1.01373 -63.0966  1.01388
 1.01388 -63.0871  1.01403
 1.01403 -63.0777  1.01418
 1.01418 -63.0682  1.01433
 1.01433 -63.0588  1.01433
 1.01448 -63.0493  1.01448
 1.01463 -63.0399  1.01463
 1.01478 -63.0305  1.01478
 1.01493  -63.021  1.01493
 1.01508 -63.0116  1.01508
 1.01523 -63.0022  1.01523
 1.01538 -62.9927  1.01538
 1.01553 -62.9833  1.01553
 1.01568 -62.9739  1.01568
 1.01583 -62.9645  1.01583
 1.01598 -62.9551  1.01598
 1.01613 -62.9456  1.01613
 1.01628 -62.9362  1.01628
 1.01643 -62.9268  1.01643
 1.01658 -62.9174  1.01658
 1.01673  -62.908  1.01673
 1.01688 -62.8986  1.01688
 1.01703 -62.8892  1.01703
 1.01718 -62.8798  1.01718
 1.01733 -62.8704  1.01733
 1.01748  -62.861  1.01733
 1.01763 -62.8516  1.01748
 1.01778 -62.8423  1.01763
 1.01793 -62.8329  1.01778
 1.01808 -62.8235  1.01793
 1.01823 -62.8141  1.01808
 1.01838 -62.8047  1.01823
 1.01853 -62.7954  1.01838
 1.01868  -62.786  1.01853
 1.01883 -62.7766  1.01868
 1.01898 -62.7673  1.01883
 1.01913 -62.7579  1.01898
 1.01928 -62.7486  1.01913
 1.01943 -62.7392  1.01928
 1.01958 -62.7298  1.01943
 1.01973 -62.7205  1.01958
 1.01988 -62.7111  1.01973
 1.02004 -62.7018  1.01988
 1.02019 -62.6925  1.02004
 1.02034 -62.6831  1.02019
 1.02049 -62.6738  1.02019
 1.02064 -62.6644  1.02034
 1.02079 -62.6551  1.02049
 1.02094 -62.6458  1.02064
 1.02109 -62.6364  1.02079
 1.02124 -62.6271  1.02094
 1.02139 -62.6178  1.02109
 1.02154 -62.6085  1.02124
 1.02169 -62.5992  1.02139
 1.02184 -62.5898  1.02154
 1.02199 -62.5805  1.02169
 1.02214 -62.5712  1.02184
 1.02229 -62.5619  1.02199
 1.02244 -62.5526  1.02214
 1.02259 -62.5433  1.02229
 1.02274  -62.534  1.02244
 1.02289 -62.5247  1.02259
 1.02304 -62.5154  1.02274
 1.02319 -62.5061  1.02289
 1.02334 -62.4968  1.02304
 1.02349 -62.4875  1.02319
 1.02364 -62.4783  1.02319
 1.02379  -62.469  1.02334
 1.02394 -62.4597  1.02349
 1.02409 -62.4504  1.02364
 1.02424 -62.4411  1.02379
 1.02439 -62.4319  1.02394
 1.02454 -62.4226  1.02409
 1.02469 -62.4133  1.02424
 1.02484 -62.4041  1.02439
 1.02499 -62.3948  1.02454
 1.02514 -62.3856  1.02469
 1.02529 -62.3763  1.02484
 1.02544  -62.367  1.02499
 1.02559 -62.3578  1.02514
 1.02574 -62.3485  1.02529
 1.02589 -62.3393  1.02544
 1.02604 -62.3301  1.02559
 1.02619 -62.3208  1.02574
 1.02634 -62.3116  1.02589
 1.02649 -62.3023  1.02604
 1.02664 -62.2931  1.02604
 1.02679 -62.2839  1.02619
 1.02694 -62.2746  1.02634
 1.02709 -62.2654  1.02649
 1.02724 -62.2562  1.02664
 1.02739  -62.247  1.02679
 1.02754 -62.2378  1.02694
 1.02769 -62.2285  1.02709
 1.02784 -62.2193  1.02724
 1.02799 -62.2101  1.02739
 1.02814 -62.2009  1.02754
 1.02829 -62.1917  1.02769
 1.02844 -62.1825  1.02784
 1.02859 -62.1733  1.02799
 1.02874 -62.1641  1.02814
 1.02889 -62.1549  1.02829
 1.02904 -62.1457  1.02844
 1.02919 -62.1365  1.02859
 1.02934 -62.1273  1.02874
 1.02949 -62.1182  1.02889
 1.02964  -62.109  1.02889
 1.02979 -62.0998  1.02904
 1.02994 -62.0906  1.02919
 1.03009 -62.0814  1.02934
 1.03024 -62.0723  1.02949
 1.03039 -62.0631  1.02964
 1.03054 -62.0539  1.02979
 1.03069 -62.0448  1.02994
 1.03084 -62.0356  1.03009
 1.03099 -62.0264  1.03024
 1.03114 -62.0173  1.03039
 1.03129 -62.0081  1.03054
 1.03144  -61.999  1.03069
 1.03159 -61.9898  1.03084
 1.03174 -61.9807  1.03099
 1.03189 -61.9715  1.03114
 1.03204 -61.9624  1.03129
 1.03219 -61.9533  1.03144
 1.03234 -61.9441  1.03159
 1.03249  -61.935  1.03174
 1.03264 -61.9259  1.03174
 1.03279 -61.9167  1.03189
 1.03294 -61.9076  1.03204
 1.03309 -61.8985  1.03219
 1.03324 -61.8893  1.03234
 1.03339 -61.8802  1.03249
 1.03354 -61.8711  1.03264
 1.03369  -61.862  1.03279
 1.03384 -61.8529  1.03294
 1.03399 -61.8438  1.03309
 1.03414 -61.8347  1.03324
 1.03429 -61.8256  1.03339
 1.03444 -61.8165  1.03354
 1.03459 -61.8074  1.03369
 1.03474 -61.7983  1.03384
 1.03489 -61.7892  1.03399
 1.03504 -61.7801  1.03414
 1.03519  -61.771  1.03429
 1.03534 -61.7619  1.03444
 1.03549 -61.7528  1.03459
 1.03564 -61.7437  1.03459
 1.03579 -61.7347  1.03474
 1.03594 -61.7256  1.03489
 1.03609 -61.7165  1.03504
 1.03624 -61.7074  1.03519
 1.03639 -61.6984  1.03534
 1.03654 -61.6893  1.03549
 1.03669 -61.6802  1.03564
 1.03684 -61.6712  1.03579
 1.03699 -61.6621  1.03594
 1.03714 -61.6531  1.03609
 1.03729  -61.644  1.03624
 1.03744 -61.6349  1.03639
 1.03759 -61.6259  1.03654
 1.03774 -61.6168  1.03669
 1.03789 -61.6078  1.03684
 1.03804 -61.5988  1.03699
 1.03819 -61.5897  1.03714
 1.03834 -61.5807  1.03729
 1.03849 -61.5716  1.03744
 1.03864 -61.5626  1.03744
 1.03879 -61.5536  1.03759
 1.03894 -61.5446  1.03774
 1.03909 -61.5355  1.03789
 1.03924 -61.5265  1.03804
 1.03939 -61.5175  1.03819
 1.03954 -61.5085  1.03834
 1.03969 -61.4995  1.03849
 1.03984 -61.4904  1.03864
 1.03999 -61.4814  1.03879
 1.04015 -61.4724  1.03894
  1.0403 -61.4634  1.03909
 1.04045 -61.4544  1.03924
  1.0406 -61.4454  1.03939
 1.04075 -61.4364  1.03954
  1.0409 -61.4274  1.03969
 1.04105 -61.4184  1.03984
  1.0412 -61.4094  1.03999
 1.04135 -61.4005  1.04015
  1.0415 -61.3915   1.0403
 1.04165 -61.3825   1.0403
  1.0418 -61.3735  1.04045
 1.04195 -61.3645   1.0406
  1.0421 -61.3556  1.04075
 1.04225 -61.3466   1.0409
  1.0424 -61.3376  1.04105
 1.04255 -61.3286   1.0412
  1.0427 -61.3197  1.04135
 1.04285 -61.3107   1.0415
   1.043 -61.3018  1.04165
 1.04315 -61.2928   1.0418
  1.0433 -61.2838  1.04195
 1.04345 -61.2749   1.0421
  1.0436 -61.2659  1.04225
 1.04375  -61.257   1.0424
  1.0439  -61.248  1.04255
 1.04405 -61.2391   1.0427
  1.0442 -61.2302  1.04285
 1.04435 -61.2212    1.043
  1.0445 -61.2123  1.04315
 1.04465 -61.2034  1.04315
  1.0448 -61.1944   1.0433
 1.04495 -61.1855  1.04345
  1.0451 -61.1766   1.0436
 1.04525 -61.1676  1.04375
  1.0454 -61.1587   1.0439
 1.04555 -61.1498  1.04405
  1.0457 -61.1409   1.0442
 1.04585  -61.132  1.04435
   1.046 -61.1231   1.0445
 1.04615 -61.1142  1.04465
  1.0463 -61.1053   1.0448
 1.04645 -61.0963  1.04495
  1.0466 -61.0874   1.0451
 1.04675 -61.0785  1.04525
  1.0469 -61.0697   1.0454
 1.04705 -61.0608  1.04555
  1.0472 -61.0519   1.0457
 1.04735  -61.043  1.04585
  1.0475 -61.0341  1.04585
 1.04765 -61.0252    1.046
  1.0478 -61.0163  1.04615
 1.04795 -61.0074   1.0463
  1.0481 -60.9986  1.04645
 1.04825 -60.9897   1.0466
  1.0484 -60.9808  1.04675
 1.04855  -60.972   1.0469
  1.0487 -60.9631  1.04705
 1.04885 -60.9542   1.0472
   1.049 -60.9454  1.04735
 1.04915 -60.9365   1.0475
  1.0493 -60.9276  1.04765
 1.04945 -60.9188   1.0478
  1.0496 -60.9099  1.04795
 1.04975 -60.9011   1.0481
  1.0499 -60.8922  1.04825
 1.05005 -60.8834   1.0484
  1.0502 -60.8746  1.04855
 1.05035 -60.8657  1.04855
  1.0505 -60.8569   1.0487
 1.05065  -60.848  1.04885
  1.0508 -60.8392    1.049
 1.05095 -60.8304  1.04915
  1.0511 -60.8215   1.0493
 1.05125 -60.8127  1.04945
  1.0514 -60.8039   1.0496
 1.05155 -60.7951  1.04975
  1.0517 -60.7863   1.0499
 1.05185 -60.7774  1.05005
   1.052 -60.7686   1.0502
 1.05215 -60.7598  1.05035
  1.0523  -60.751   1.0505
 1.05245 -60.7422  1.05065
  1.0526 -60.7334   1.0508
 1.05275 -60.7246  1.05095
  1.0529 -60.7158   1.0511
 1.05305  -60.707  1.05125
  1.0532 -60.6982  1.05125
 1.05335 -60.6894   1.0514
  1.0535 -60.6806  1.05155
 1.05365 -60.6718   1.0517
  1.0538 -60.6631  1.05185
 1.05395 -60.6543    1.052
  1.0541 -60.6455  1.05215
 1.05425 -60.6367   1.0523
  1.0544  -60.628  1.05245
 1.05455 -60.6192   1.0526
  1.0547 -60.6104  1.05275
 1.05485 -60.6016   1.0529
   1.055 -60.5929  1.05305
 1.05515 -60.5841   1.0532
  1.0553 -60.5754  1.05335
 1.05545 -60.5666   1.0535
  1.0556 -60.5578  1.05365
 1.05575 -60.5491   1.0538
  1.0559 -60.5403  1.05395
 1.05605 -60.5316  1.05395
  1.0562 -60.5228   1.0541
 1.05635 -60.5141  1.05425
  1.0565 -60.5054   1.0544
 1.05665 -60.4966  1.05455
  1.0568 -60.4879   1.0547
 1.05695 -60.4792  1.05485
  1.0571 -60.4704    1.055
 1.05725 -60.4617  1.05515
  1.0574  -60.453   1.0553
 1.05755 -60.4442  1.05545
  1.0577 -60.4355   1.0556
 1.05785 -60.4268  1.05575
   1.058 -60.4181   1.0559
 1.05815 -60.4094  1.05605
  1.0583 -60.4007   1.0562
 1.05845  -60.392  1.05635
  1.0586 -60.3832   1.0565
 1.05875 -60.3745   1.0565
  1.0589 -60.3658  1.05665
 1.05905 -60.3571   1.0568
  1.0592 -60.3484  1.05695
 1.05935 -60.3398   1.0571
  1.0595 -60.3311  1.05725
 1.05965 -60.3224   1.0574
  1.0598 -60.3137  1.05755
 1.05995  -60.305   1.0577
 1.06011 -60.2963  1.05785
 1.06026 -60.2876    1.058
 1.06041  -60.279  1.05815
 1.06056 -60.2703   1.0583
 1.06071 -60.2616  1.05845
 1.06086 -60.2529   1.0586
 1.06101 -60.2443  1.05875
 1.06116 -60.2356   1.0589
 1.06131 -60.2269   1.0589
 1.06146 -60.2183  1.05905
 1.06161 -60.2096   1.0592
 1.06176  -60.201  1.05935
 1.06191 -60.1923   1.0595
 1.06206 -60.1837  1.05965
 1.06221  -60.175   1.0598
 1.06236 -60.1664  1.05995
 1.06251 -60.1577  1.06011
 1.06266 -60.1491  1.06026
 1.06281 -60.1404  1.06041
 1.06296 -60.1318  1.06056
 1.06311 -60.1232  1.06071
 1.06326 -60.1145  1.06086
 1.06341 -60.1059  1.06101
 1.06356 -60.0973  1.06116
 1.06371 -60.0887  1.06131
 1.06386   -60.08  1.06146
 1.06401 -60.0714  1.06146
 1.06416 -60.0628  1.06161
 1.06431 -60.0542  1.06176
 1.06446 -60.0456  1.06191
 1.06461  -60.037  1.06206
 1.06476 -60.0284  1.06221
 1.06491 -60.0198  1.06236
 1.06506 -60.0112  1.06251
 1.06521 -60.0026  1.06266
 1.06536  -59.994  1.06281
 1.06551 -59.9854  1.06296
 1.06566 -59.9768  1.06311
 1.06581 -59.9682  1.06326
 1.06596 -59.9596  1.06341
 1.06611  -59.951  1.06356
 1.06626 -59.9424  1.06371
 1.06641 -59.9338  1.06386
 1.06656 -59.9253  1.06386
 1.06671 -59.9167  1.06401
 1.06686 -59.9081  1.06416
 1.06701 -59.8995  1.06431
 1.06716  -59.891  1.06446
 1.06731 -59.8824  1.06461
 1.06746 -59.8738  1.06476
 1.06761 -59.8653  1.06491
 1.06776 -59.8567  1.06506
 1.06791 -59.8482  1.06521
 1.06806 -59.8396  1.06536
 1.06821 -59.8311  1.06551
 1.06836 -59.8225  1.06566
 1.06851  -59.814  1.06581
 1.06866 -59.8054  1.06596
 1.06881 -59.7969  1.06611
 1.06896 -59.7883  1.06626
 1.06911 -59.7798  1.06626
 1.06926 -59.7713  1.06641
 1.06941 -59.7627  1.06656
 1.06956 -59.7542  1.06671
 1.06971 -59.7457  1.06686
 1.06986 -59.7371  1.06701
 1.07001 -59.7286  1.06716
 1.07016 -59.7201  1.06731
 1.07031 -59.7116  1.06746
 1.07046 -59.7031  1.06761
 1.07061 -59.6946  1.06776
 1.07076  -59.686  1.06791
 1.07091 -59.6775  1.06806
 1.07106  -59.669  1.06821
 1.07121 -59.6605  1.06836
 1.07136  -59.652  1.06851
 1.07151 -59.6435  1.06866
 1.07166  -59.635  1.06866
 1.07181 -59.6265  1.06881
 1.07196  -59.618  1.06896
 1.07211 -59.6096  1.06911
 1.07226 -59.6011  1.06926
 1.07241 -59.5926  1.06941
 1.07256 -59.5841  1.06956
 1.07271 -59.5756  1.06971
 1.07286 -59.5671  1.06986
 1.07301 -59.5587  1.07001
 1.07316 -59.5502  1.07016
 1.07331 -59.5417  1.07031
 1.07346 -59.5333  1.07046
 1.07361 -59.5248  1.07061
 1.07376 -59.5163  1.07076
 1.07391 -59.5079  1.07091
 1.07406 -59.4994  1.07106
 1.07421 -59.4909  1.07106
 1.07436 -59.4825  1.07121
 1.07451  -59.474  1.07136
 1.07466 -59.4656  1.07151
 1.07481 -59.4571  1.07166
 1.07496 -59.4487  1.07181
 1.07511 -59.4403  1.07196
 1.07526 -59.4318  1.07211
 1.07541 -59.4234  1.07226
 1.07556 -59.4149  1.07241
 1.07571 -59.4065  1.07256
 1.07586 -59.3981  1.07271
 1.07601 -59.3897  1.07286
 1.07616 -59.3812  1.07301
 1.07631 -59.3728  1.07316
 1.07646 -59.3644  1.07331
 1.07661  -59.356  1.07346
 1.07676 -59.3476  1.07346
 1.07691 -59.3391  1.07361
 1.07706 -59.3307  1.07376
 1.07721 -59.3223  1.07391
 1.07736 -59.3139  1.07406
 1.07751 -59.3055  1.07421
 1.07766 -59.2971  1.07436
 1.07781 -59.2887  1.07451
 1.07796 -59.2803  1.07466
 1.07811 -59.2719  1.07481
 1.07826 -59.2635  1.07496
 1.07841 -59.2551  1.07511
 1.07856 -59.2468  1.07526
 1.07871 -59.2384  1.07541
 1.07886   -59.23  1.07556
 1.07901 -59.2216  1.07571
 1.07916 -59.2132  1.07571
 1.07931 -59.2049  1.07586
 1.07946 -59.1965  1.07601
 1.07961 -59.1881  1.07616
 1.07976 -59.1797  1.07631
 1.07991 -59.1714  1.07646
 1.08007  -59.163  1.07661
 1.08022 -59.1547  1.07676
 1.08037 -59.1463  1.07691
 1.08052 -59.1379  1.07706
 1.08067 -59.1296  1.07721
 1.08082 -59.1212  1.07736
 1.08097 -59.1129  1.07751
 1.08112 -59.1045  1.07766
 1.08127 -59.0962  1.07781
 1.08142 -59.0879  1.07796
 1.08157 -59.0795  1.07796
 1.08172 -59.0712  1.07811
 1.08187 -59.0628  1.07826
 1.08202 -59.0545  1.07841
 1.08217 -59.0462  1.07856
 1.08232 -59.0379  1.07871
 1.08247 -59.0295  1.07886
 1.08262 -59.0212  1.07901
 1.08277 -59.0129  1.07916
 1.08292 -59.0046  1.07931
 1.08307 -58.9963  1.07946
 1.08322 -58.9879  1.07961
 1.08337 -58.9796  1.07976
 1.08352 -58.9713  1.07991
 1.08367  -58.963  1.08007
 1.08382 -58.9547  1.08007
 1.08397 -58.9464  1.08022
 1.08412 -58.9381  1.08037
 1.08427 -58.9298  1.08052
 1.08442 -58.9215  1.08067
 1.08457 -58.9132  1.08082
 1.08472 -58.9049  1.08097
 1.08487 -58.8967  1.08112
 1.08502 -58.8884  1.08127
 1.08517 -58.8801  1.08142
 1.08532 -58.8718  1.08157
 1.08547 -58.8635  1.08172
 1.08562 -58.8553  1.08187
 1.08577  -58.847  1.08202
 1.08592 -58.8387  1.08217
 1.08607 -58.8305  1.08217
 1.08622 -58.8222  1.08232
 1.08637 -58.8139  1.08247
 1.08652 -58.8057  1.08262
 1.08667 -58.7974  1.08277
 1.08682 -58.7892  1.08292
 1.08697 -58.7809  1.08307
 1.08712 -58.7727  1.08322
 1.08727 -58.7644  1.08337
 1.08742 -58.7562  1.08352
 1.08757 -58.7479  1.08367
 1.08772 -58.7397  1.08382
 1.08787 -58.7314  1.08397
 1.08802 -58.7232  1.08412
 1.08817  -58.715  1.08427
 1.08832 -58.7067  1.08427
 1.08847 -58.6985  1.08442
 1.08862 -58.6903  1.08457
 1.08877 -58.6821  1.08472
 1.08892 -58.6738  1.08487
 1.08907 -58.6656  1.08502
 1.08922 -58.6574  1.08517
 1.08937 -58.6492  1.08532
 1.08952  -58.641  1.08547
 1.08967 -58.6328  1.08562
 1.08982 -58.6246  1.08577
 1.08997 -58.6164  1.08592
 1.09012 -58.6082  1.08607
 1.09027    -58.6  1.08622
 1.09042 -58.5918  1.08637
 1.09057 -58.5836  1.08637
 1.09072 -58.5754  1.08652
 1.09087 -58.5672  1.08667
 1.09102  -58.559  1.08682
 1.09117 -58.5508  1.08697
 1.09132 -58.5426  1.08712
 1.09147 -58.5344  1.08727
 1.09162 -58.5263  1.08742
 1.09177 -58.5181  1.08757
 1.09192 -58.5099  1.08772
 1.09207 -58.5017  1.08787
 1.09222 -58.4936  1.08802
 1.09237 -58.4854  1.08817
 1.09252 -58.4772  1.08832
 1.09267 -58.4691  1.08832
 1.09282 -58.4609  1.08847
 1.09297 -58.4528  1.08862
 1.09312 -58.4446  1.08877
 1.09327 -58.4365  1.08892
 1.09342 -58.4283  1.08907
 1.09357 -58.4202  1.08922
 1.09372  -58.412  1.08937
 1.09387 -58.4039  1.08952
 1.09402 -58.3957  1.08967
 1.09417 -58.3876  1.08982
 1.09432 -58.3795  1.08997
 1.09447 -58.3713  1.09012
 1.09462 -58.3632  1.09027
 1.09477 -58.3551  1.09027
 1.09492  -58.347  1.09042
 1.09507 -58.3388  1.09057
 1.09522 -58.3307  1.09072
 1.09537 -58.3226  1.09087
 1.09552 -58.3145  1.09102
 1.09567 -58.3064  1.09117
 1.09582 -58.2982  1.09132
 1.09597 -58.2901  1.09147
 1.09612  -58.282  1.09162
 1.09627 -58.2739  1.09177
 1.09642 -58.2658  1.09192
 1.09657 -58.2577  1.09207
 1.09672 -58.2496  1.09207
 1.09687 -58.2415  1.09222
 1.09702 -58.2335  1.09237
 1.09717 -58.2254  1.09252
 1.09732 -58.2173  1.09267
 1.09747 -58.2092  1.09282
 1.09762 -58.2011  1.09297
 1.09777  -58.193  1.09312
 1.09792  -58.185  1.09327
 1.09807 -58.1769  1.09342
 1.09822 -58.1688  1.09357
 1.09837 -58.1608  1.09372
 1.09852 -58.1527  1.09372
 1.09867 -58.1446  1.09387
 1.09882 -58.1366  1.09402
 1.09897 -58.1285  1.09417
 1.09912 -58.1205  1.09432
 1.09927 -58.1124  1.09447
 1.09942 -58.1044  1.09462
 1.09957 -58.0963  1.09477
 1.09972 -58.0883  1.09492
 1.09987 -58.0802  1.09507
 1.10003 -58.0722  1.09522
 1.10018 -58.0641  1.09537
 1.10033 -58.0561  1.09537
 1.10048 -58.0481  1.09552
 1.10063 -58.0401  1.09567
 1.10078  -58.032  1.09582
 1.10093  -58.024  1.09597
 1.10108  -58.016  1.09612
 1.10123  -58.008  1.09627
 1.10138 -57.9999  1.09642
 1.10153 -57.9919  1.09657
 1.10168 -57.9839  1.09672
 1.10183 -57.9759  1.09687
 1.10198 -57.9679  1.09702
 1.10213 -57.9599  1.09702
 1.10228 -57.9519  1.09717
 1.10243 -57.9439  1.09732
 1.10258 -57.9359  1.09747
 1.10273 -57.9279  1.09762
 1.10288 -57.9199  1.09777
 1.10303 -57.9119  1.09792
 1.10318 -57.9039  1.09807
 1.10333  -57.896  1.09822
 1.10348  -57.888  1.09837
 1.10363   -57.88  1.09852
 1.10378  -57.872  1.09852
 1.10393  -57.864  1.09867
 1.10408 -57.8561  1.09882
 1.10423 -57.8481  1.09897
 1.10438 -57.8401  1.09912
 1.10453 -57.8322  1.09927
 1.10468 -57.8242  1.09942
 1.10483 -57.8163  1.09957
 1.10498 -57.8083  1.09972
 1.10513 -57.8003  1.09987
 1.10528 -57.7924  1.10003
 1.10543 -57.7844  1.10018
 1.10558 -57.7765  1.10018
 1.10573 -57.7686  1.10033
 1.10588 -57.7606  1.10048
 1.10603 -57.7527  1.10063
 1.10618 -57.7447  1.10078
 1.10633 -57.7368  1.10093
 1.10648 -57.7289  1.10108
 1.10663  -57.721  1.10123
 1.10678  -57.713  1.10138
 1.10693 -57.7051  1.10153
 1.10708 -57.6972  1.10168
 1.10723 -57.6893  1.10183
 1.10738 -57.6813  1.10183
 1.10753 -57.6734  1.10198
 1.10768 -57.6655  1.10213
 1.10783 -57.6576  1.10228
 1.10798 -57.6497  1.10243
 1.10813 -57.6418  1.10258
 1.10828 -57.6339  1.10273
 1.10843  -57.626  1.10288
 1.10858 -57.6181  1.10303
 1.10873 -57.6102  1.10318
 1.10888 -57.6023  1.10333
 1.10903 -57.5944  1.10333
 1.10918 -57.5866  1.10348
 1.10933 -57.5787  1.10363
 1.10948 -57.5708  1.10378
 1.10963 -57.5629  1.10393
 1.10978  -57.555  1.10408
 1.10993 -57.5472  1.10423
 1.11008 -57.5393  1.10438
 1.11023 -57.5314  1.10453
 1.11038 -57.5236  1.10468
 1.11053 -57.5157  1.10483
 1.11068 -57.5079  1.10483
 1.11083    -57.5  1.10498
 1.11098 -57.4921  1.10513
 1.11113 -57.4843  1.10528
 1.11128 -57.4764  1.10543
 1.11143 -57.4686  1.10558
 1.11158 -57.4608  1.10573
 1.11173 -57.4529  1.10588
 1.11188 -57.4451  1.10603
 1.11203 -57.4372  1.10618
 1.11218 -57.4294  1.10633
 1.11233 -57.4216  1.10633
 1.11248 -57.4137  1.10648
 1.11263 -57.4059  1.10663
 1.11278 -57.3981  1.10678
 1.11293 -57.3903  1.10693
 1.11308 -57.3825  1.10708
 1.11323 -57.3746  1.10723
 1.11338 -57.3668  1.10738
 1.11353  -57.359  1.10753
 1.11368 -57.3512  1.10768
 1.11383 -57.3434  1.10783
 1.11398 -57.3356  1.10783
 1.11413 -57.3278  1.10798
 1.11428   -57.32  1.10813
 1.11443 -57.3122  1.10828
 1.11458 -57.3044  1.10843
 1.11473 -57.2966  1.10858
 1.11488 -57.2888  1.10873
 1.11503  -57.281  1.10888
 1.11518 -57.2733  1.10903
 1.11533 -57.2655  1.10918
 1.11548 -57.2577  1.10918
 1.11563 -57.2499  1.10933
 1.11578 -57.2421  1.10948
 1.11593 -57.2344  1.10963
 1.11608 -57.2266  1.10978
 1.11623 -57.2188  1.10993
 1.11638 -57.2111  1.11008
 1.11653 -57.2033  1.11023
 1.11668 -57.1956  1.11038
 1.11683 -57.1878  1.11053
 1.11698 -57.1801  1.11068
 1.11713 -57.1723  1.11068
 1.11728 -57.1646  1.11083
 1.11743 -57.1568  1.11098
 1.11758 -57.1491  1.11113
 1.11773 -57.1413  1.11128
 1.11788 -57.1336  1.11143
 1.11803 -57.1259  1.11158
 1.11818 -57.1181  1.11173
 1.11833 -57.1104  1.11188
 1.11848 -57.1027  1.11203
 1.11863 -57.0949  1.11203
 1.11878 -57.0872  1.11218
 1.11893 -57.0795  1.11233
 1.11908 -57.0718  1.11248
 1.11923 -57.0641  1.11263
 1.11938 -57.0564  1.11278
 1.11953 -57.0487  1.11293
 1.11968 -57.0409  1.11308
 1.11983 -57.0332  1.11323
 1.11998 -57.0255  1.11323
 1.12014 -57.0178  1.11338
 1.12029 -57.0102  1.11353
 1.12044 -57.0025  1.11368
 1.12059 -56.9948  1.11383
 1.12074 -56.9871  1.11398
 1.12089 -56.9794  1.11413
 1.12104 -56.9717  1.11428
 1.12119  -56.964  1.11443
 1.12134 -56.9564  1.11458
 1.12149 -56.9487  1.11458
 1.12164  -56.941  1.11473
 1.12179 -56.9333  1.11488
 1.12194 -56.9257  1.11503
 1.12209  -56.918  1.11518
 1.12224 -56.9104  1.11533
 1.12239 -56.9027  1.11548
 1.12254  -56.895  1.11563
 1.12269 -56.8874  1.11578
 1.12284 -56.8797  1.11593
 1.12299 -56.8721  1.11593
 1.12314 -56.8645  1.11608
 1.12329 -56.8568  1.11623
 1.12344 -56.8492  1.11638
 1.12359 -56.8415  1.11653
 1.12374 -56.8339  1.11668
 1.12389 -56.8263  1.11683
 1.12404 -56.8186  1.11698
 1.12419  -56.811  1.11713
 1.12434 -56.8034  1.11713
 1.12449 -56.7958  1.11728
 1.12464 -56.7882  1.11743
 1.12479 -56.7805  1.11758
 1.12494 -56.7729  1.11773
 1.12509 -56.7653  1.11788
 1.12524 -56.7577  1.11803
 1.12539 -56.7501  1.11818
 1.12554 -56.7425  1.11818
 1.12569 -56.7349  1.11833
 1.12584 -56.7273  1.11848
 1.12599 -56.7197  1.11863
 1.12614 -56.7121  1.11878
 1.12629 -56.7045  1.11893
 1.12644  -56.697  1.11908
 1.12659 -56.6894  1.11923
 1.12674 -56.6818  1.11938
 1.12689 -56.6742  1.11938
 1.12704 -56.6666  1.11953
 1.12719 -56.6591  1.11968
 1.12734 -56.6515  1.11983
 1.12749 -56.6439  1.11998
 1.12764 -56.6364  1.12014
 1.12779 -56.6288  1.12029
 1.12794 -56.6213  1.12044
 1.12809 -56.6137  1.12044
 1.12824 -56.6062  1.12059
 1.12839 -56.5986  1.12074
 1.12854 -56.5911  1.12089
 1.12869 -56.5835  1.12104
 1.12884  -56.576  1.12119
 1.12899 -56.5684  1.12134
 1.12914 -56.5609  1.12149
 1.12929 -56.5534  1.12164
 1.12944 -56.5458  1.12164
 1.12959 -56.5383  1.12179
 1.12974 -56.5308  1.12194
 1.12989 -56.5233  1.12209
 1.13004 -56.5157  1.12224
 1.13019 -56.5082  1.12239
 1.13034 -56.5007  1.12254
 1.13049 -56.4932  1.12269
 1.13064 -56.4857  1.12269
 1.13079 -56.4782  1.12284
 1.13094 -56.4707  1.12299
 1.13109 -56.4632  1.12314
 1.13124 -56.4557  1.12329
 1.13139 -56.4482  1.12344
 1.13154 -56.4407  1.12359
 1.13169 -56.4332  1.12374
 1.13184 -56.4257  1.12374
 1.13199 -56.4183  1.12389
 1.13214 -56.4108  1.12404
 1.13229 -56.4033  1.12419
 1.13244 -56.3958  1.12434
 1.13259 -56.3884  1.12449
 1.13274 -56.3809  1.12449
 1.13289 -56.3734  1.12464
 1.13304  -56.366  1.12479
 1.13319 -56.3585  1.12494
 1.13334 -56.3511  1.12509
 1.13349 -56.3436  1.12509
 1.13364 -56.3362  1.12524
 1.13379 -56.3287  1.12539
 1.13394 -56.3213  1.12554
 1.13409 -56.3139  1.12569
 1.13424 -56.3064  1.12569
 1.13439  -56.299  1.12584
 1.13454 -56.2916  1.12599
 1.13469 -56.2842  1.12614
 1.13484 -56.2768  1.12629
 1.13499 -56.2694  1.12629
 1.13514  -56.262  1.12644
 1.13529 -56.2545  1.12659
 1.13544 -56.2471  1.12674
 1.13559 -56.2398  1.12689
 1.13574 -56.2324  1.12689
 1.13589  -56.225  1.12704
 1.13604 -56.2176  1.12719
 1.13619 -56.2102  1.12734
 1.13634 -56.2028  1.12749
 1.13649 -56.1955  1.12749
 1.13664 -56.1881  1.12764
 1.13679 -56.1807  1.12779
 1.13694 -56.1734  1.12794
 1.13709  -56.166  1.12809
 1.13724 -56.1586  1.12809
 1.13739 -56.1513  1.12824
 1.13754 -56.1439  1.12839
 1.13769 -56.1366  1.12854
 1.13784 -56.1293  1.12869
 1.13799 -56.1219  1.12869
 1.13814 -56.1146  1.12884
 1.13829 -56.1073  1.12899
 1.13844 -56.0999  1.12914
 1.13859 -56.0926  1.12929
 1.13874 -56.0853  1.12929
 1.13889  -56.078  1.12944
 1.13904 -56.0707  1.12959
 1.13919 -56.0634  1.12974
 1.13934  -56.056  1.12989
 1.13949 -56.0487  1.12989
 1.13964 -56.0414  1.13004
 1.13979 -56.0342  1.13019
 1.13994 -56.0269  1.13034
  1.1401 -56.0196  1.13049
 1.14025 -56.0123  1.13049
  1.1404  -56.005  1.13064
 1.14055 -55.9977  1.13079
  1.1407 -55.9905  1.13094
 1.14085 -55.9832  1.13109
   1.141 -55.9759  1.13109
 1.14115 -55.9687  1.13124
  1.1413 -55.9614  1.13139
 1.14145 -55.9541  1.13154
  1.1416 -55.9469  1.13169
 1.14175 -55.9396  1.13169
  1.1419 -55.9324  1.13184
 1.14205 -55.9252  1.13199
  1.1422 -55.9179  1.13214
 1.14235 -55.9107  1.13229
  1.1425 -55.9035  1.13229
 1.14265 -55.8962  1.13244
  1.1428  -55.889  1.13259
 1.14295 -55.8818  1.13274
  1.1431 -55.8746  1.13289
 1.14325 -55.8674  1.13289
  1.1434 -55.8602  1.13304
 1.14355 -55.8529  1.13319
  1.1437 -55.8457  1.13334
 1.14385 -55.8385  1.13334
   1.144 -55.8314  1.13349
 1.14415 -55.8242  1.13364
  1.1443  -55.817  1.13379
 1.14445 -55.8098  1.13394
  1.1446 -55.8026  1.13394
 1.14475 -55.7954  1.13409
  1.1449 -55.7883  1.13424
 1.14505 -55.7811  1.13439
  1.1452 -55.7739  1.13454
 1.14535 -55.7668  1.13454
  1.1455 -55.7596  1.13469
 1.14565 -55.7525  1.13484
  1.1458 -55.7453  1.13499
 1.14595 -55.7382  1.13514
  1.1461  -55.731  1.13514
 1.14625 -55.7239  1.13529
  1.1464 -55.7167  1.13544
 1.14655 -55.7096  1.13559
  1.1467 -55.7025  1.13574
 1.14685 -55.6953  1.13574
   1.147 -55.6882  1.13589
 1.14715 -55.6811  1.13604
  1.1473  -55.674  1.13619
 1.14745 -55.6669  1.13634
  1.1476 -55.6598  1.13634
 1.14775 -55.6527  1.13649
  1.1479 -55.6456  1.13664
 1.14805 -55.6385  1.13679
  1.1482 -55.6314  1.13694
 1.14835 -55.6243  1.13694
  1.1485 -55.6172  1.13709
 1.14865 -55.6101  1.13724
  1.1488  -55.603  1.13739
 1.14895 -55.5959  1.13739
  1.1491 -55.5889  1.13754
 1.14925 -55.5818  1.13769
  1.1494 -55.5747  1.13784
 1.14955 -55.5677  1.13799
  1.1497 -55.5606  1.13799
 1.14985 -55.5535  1.13814
    1.15 -55.5465  1.13829