 kgrid  ValNew  Policy 
    0.85 -63.6496 0.894572
 0.85015 -63.6372 0.894722
  0.8503 -63.6249 0.894872
 0.85045 -63.6126 0.895023
  0.8506 -63.6002 0.895173
 0.85075 -63.5879 0.895323
  0.8509 -63.5756 0.895473
0.851051 -63.5633 0.895623
0.851201  -63.551 0.895773
0.851351 -63.5387 0.895923
0.851501 -63.5264 0.896073
0.851651 -63.5141 0.896073
0.851801 -63.5018 0.896223
0.851951 -63.4895 0.896373
0.852101 -63.4772 0.896523
0.852251 -63.4649 0.896673
0.852401 -63.4527 0.896823
0.852551 -63.4404 0.896973
0.852701 -63.4281 0.897124
0.852851 -63.4159 0.897274
0.853002 -63.4036 0.897424
0.853152 -63.3914 0.897574
0.853302 -63.3791 0.897724
0.853452 -63.3669 0.897724
0.853602 -63.3547 0.897874
0.853752 -63.3425 0.898024
0.853902 -63.3302 0.898174
0.854052  -63.318 0.898324
0.854202 -63.3058 0.898474
0.854352 -63.2936 0.898624
0.854502 -63.2814 0.898774
0.854652 -63.2692 0.898924
0.854802  -63.257 0.899075
0.854952 -63.2448 0.899225
0.855103 -63.2327 0.899225
0.855253 -63.2205 0.899375
0.855403 -63.2083 0.899525
0.855553 -63.1961 0.899675
0.855703  -63.184 0.899825
0.855853 -63.1718 0.899975
0.856003 -63.1597 0.900125
0.856153 -63.1475 0.900275
0.856303 -63.1354 0.900425
0.856453 -63.1233 0.900575
0.856603 -63.1111 0.900725
0.856753  -63.099 0.900875
0.856903 -63.0869 0.901026
0.857054 -63.0748 0.901176
0.857204 -63.0626 0.901176
0.857354 -63.0505 0.901326
0.857504 -63.0384 0.901476
0.857654 -63.0263 0.901626
0.857804 -63.0142 0.901776
0.857954 -63.0021 0.901926
0.858104 -62.9901 0.902076
0.858254  -62.978 0.902226
0.858404 -62.9659 0.902376
0.858554 -62.9538 0.902526
0.858704 -62.9418 0.902676
0.858854 -62.9297 0.902826
0.859005 -62.9176 0.902976
0.859155 -62.9056 0.903127
0.859305 -62.8935 0.903127
0.859455 -62.8815 0.903277
0.859605 -62.8694 0.903427
0.859755 -62.8574 0.903577
0.859905 -62.8454 0.903727
0.860055 -62.8333 0.903877
0.860205 -62.8213 0.904027
0.860355 -62.8093 0.904177
0.860505 -62.7973 0.904327
0.860655 -62.7853 0.904477
0.860805 -62.7733 0.904627
0.860955 -62.7613 0.904777
0.861106 -62.7493 0.904927
0.861256 -62.7373 0.905078
0.861406 -62.7253 0.905228
0.861556 -62.7133 0.905228
0.861706 -62.7013 0.905378
0.861856 -62.6894 0.905528
0.862006 -62.6774 0.905678
0.862156 -62.6654 0.905828
0.862306 -62.6535 0.905978
0.862456 -62.6415 0.906128
0.862606 -62.6296 0.906278
0.862756 -62.6176 0.906428
0.862906 -62.6057 0.906578
0.863057 -62.5937 0.906728
0.863207 -62.5818 0.906878
0.863357 -62.5699 0.907029
0.863507 -62.5579 0.907179
0.863657  -62.546 0.907329
0.863807 -62.5341 0.907479
0.863957 -62.5222 0.907479
0.864107 -62.5103 0.907629
0.864257 -62.4984 0.907779
0.864407 -62.4865 0.907929
0.864557 -62.4746 0.908079
0.864707 -62.4627 0.908229
0.864857 -62.4508 0.908379
0.865008 -62.4389 0.908529
0.865158 -62.4271 0.908679
0.865308 -62.4152 0.908829
0.865458 -62.4033 0.908979
0.865608 -62.3915  0.90913
0.865758 -62.3796  0.90928
0.865908 -62.3677  0.90943
0.866058 -62.3559  0.90958
0.866208  -62.344  0.90973
0.866358 -62.3322  0.90973
0.866508 -62.3204  0.90988
0.866658 -62.3085  0.91003
0.866808 -62.2967  0.91018
0.866958 -62.2849  0.91033
0.867109 -62.2731  0.91048
0.867259 -62.2612  0.91063
0.867409 -62.2494  0.91078
0.867559 -62.2376  0.91093
0.867709 -62.2258 0.911081
0.867859  -62.214 0.911231
0.868009 -62.2022 0.911381
0.868159 -62.1904 0.911531
0.868309 -62.1786 0.911681
0.868459 -62.1669 0.911831
0.868609 -62.1551 0.911981
0.868759 -62.1433 0.911981
0.868909 -62.1315 0.912131
 0.86906 -62.1198 0.912281
 0.86921  -62.108 0.912431
 0.86936 -62.0963 0.912581
 0.86951 -62.0845 0.912731
 0.86966 -62.0728 0.912881
 0.86981  -62.061 0.913032
 0.86996 -62.0493 0.913182
 0.87011 -62.0375 0.913332
 0.87026 -62.0258 0.913482
 0.87041 -62.0141 0.913632
 0.87056 -62.0023 0.913782
 0.87071 -61.9906 0.913932
 0.87086 -61.9789 0.914082
0.871011 -61.9672 0.914232
0.871161 -61.9555 0.914382
0.871311 -61.9438 0.914382
0.871461 -61.9321 0.914532
0.871611 -61.9204 0.914682
0.871761 -61.9087 0.914832
0.871911  -61.897 0.914982
0.872061 -61.8853 0.915133
0.872211 -61.8737 0.915283
0.872361  -61.862 0.915433
0.872511 -61.8503 0.915583
0.872661 -61.8387 0.915733
0.872811  -61.827 0.915883
0.872961 -61.8153 0.916033
0.873112 -61.8037 0.916183
0.873262  -61.792 0.916333
0.873412 -61.7804 0.916483
0.873562 -61.7687 0.916633
0.873712 -61.7571 0.916783
0.873862 -61.7455 0.916933
0.874012 -61.7338 0.916933
0.874162 -61.7222 0.917084
0.874312 -61.7106 0.917234
0.874462  -61.699 0.917384
0.874612 -61.6874 0.917534
0.874762 -61.6758 0.917684
0.874912 -61.6642 0.917834
0.875063 -61.6526 0.917984
0.875213  -61.641 0.918134
0.875363 -61.6294 0.918284
0.875513 -61.6178 0.918434
0.875663 -61.6062 0.918584
0.875813 -61.5946 0.918734
0.875963  -61.583 0.918884
0.876113 -61.5715 0.919035
0.876263 -61.5599 0.919185
0.876413 -61.5483 0.919335
0.876563 -61.5368 0.919335
0.876713 -61.5252 0.919485
0.876863 -61.5137 0.919635
0.877014 -61.5021 0.919785
0.877164 -61.4906 0.919935
0.877314  -61.479 0.920085
0.877464 -61.4675 0.920235
0.877614  -61.456 0.920385
0.877764 -61.4444 0.920535
0.877914 -61.4329 0.920685
0.878064 -61.4214 0.920835
0.878214 -61.4099 0.920985
0.878364 -61.3984 0.921136
0.878514 -61.3869 0.921286
0.878664 -61.3754 0.921436
0.878814 -61.3639 0.921586
0.878964 -61.3524 0.921736
0.879115 -61.3409 0.921886
0.879265 -61.3294 0.921886
0.879415 -61.3179 0.922036
0.879565 -61.3064 0.922186
0.879715 -61.2949 0.922336
0.879865 -61.2835 0.922486
0.880015  -61.272 0.922636
0.880165 -61.2605 0.922786
0.880315 -61.2491 0.922936
0.880465 -61.2376 0.923087
0.880615 -61.2262 0.923237
0.880765 -61.2147 0.923387
0.880915 -61.2033 0.923537
0.881066 -61.1918 0.923687
0.881216 -61.1804 0.923837
0.881366  -61.169 0.923987
0.881516 -61.1575 0.924137
0.881666 -61.1461 0.924287
0.881816 -61.1347 0.924437
0.881966 -61.1233 0.924437
0.882116 -61.1119 0.924587
0.882266 -61.1004 0.924737
0.882416  -61.089 0.924887
0.882566 -61.0776 0.925038
0.882716 -61.0662 0.925188
0.882866 -61.0548 0.925338
0.883017 -61.0435 0.925488
0.883167 -61.0321 0.925638
0.883317 -61.0207 0.925788
0.883467 -61.0093 0.925938
0.883617 -60.9979 0.926088
0.883767 -60.9866 0.926238
0.883917 -60.9752 0.926388
0.884067 -60.9638 0.926538
0.884217 -60.9525 0.926688
0.884367 -60.9411 0.926838
0.884517 -60.9298 0.926988
0.884667 -60.9184 0.927139
0.884817 -60.9071 0.927139
0.884967 -60.8957 0.927289
0.885118 -60.8844 0.927439
0.885268 -60.8731 0.927589
0.885418 -60.8617 0.927739
0.885568 -60.8504 0.927889
0.885718 -60.8391 0.928039
0.885868 -60.8278 0.928189
0.886018 -60.8165 0.928339
0.886168 -60.8052 0.928489
0.886318 -60.7939 0.928639
0.886468 -60.7826 0.928789
0.886618 -60.7713 0.928939
0.886768   -60.76  0.92909
0.886918 -60.7487  0.92924
0.887069 -60.7374  0.92939
0.887219 -60.7261  0.92954
0.887369 -60.7148  0.92969
0.887519 -60.7036  0.92984
0.887669 -60.6923  0.92984
0.887819  -60.681  0.92999
0.887969 -60.6698  0.93014
0.888119 -60.6585  0.93029
0.888269 -60.6472  0.93044
0.888419  -60.636  0.93059
0.888569 -60.6247  0.93074
0.888719 -60.6135  0.93089
0.888869 -60.6023 0.931041
 0.88902  -60.591 0.931191
 0.88917 -60.5798 0.931341
 0.88932 -60.5686 0.931491
 0.88947 -60.5573 0.931641
 0.88962 -60.5461 0.931791
 0.88977 -60.5349 0.931941
 0.88992 -60.5237 0.932091
 0.89007 -60.5125 0.932241
 0.89022 -60.5013 0.932391
 0.89037 -60.4901 0.932541
 0.89052 -60.4789 0.932691
 0.89067 -60.4677 0.932691
 0.89082 -60.4565 0.932841
 0.89097 -60.4453 0.932991
0.891121 -60.4341 0.933142
0.891271 -60.4229 0.933292
0.891421 -60.4117 0.933442
0.891571 -60.4006 0.933592
0.891721 -60.3894 0.933742
0.891871 -60.3782 0.933892
0.892021 -60.3671 0.934042
0.892171 -60.3559 0.934192
0.892321 -60.3448 0.934342
0.892471 -60.3336 0.934492
0.892621 -60.3225 0.934642
0.892771 -60.3113 0.934792
0.892921 -60.3002 0.934942
0.893072  -60.289 0.935093
0.893222 -60.2779 0.935243
0.893372 -60.2668 0.935393
0.893522 -60.2556 0.935543
0.893672 -60.2445 0.935693
0.893822 -60.2334 0.935693
0.893972 -60.2223 0.935843
0.894122 -60.2112 0.935993
0.894272 -60.2001 0.936143
0.894422  -60.189 0.936293
0.894572 -60.1779 0.936443
0.894722 -60.1668 0.936593
0.894872 -60.1557 0.936743
0.895023 -60.1446 0.936893
0.895173 -60.1335 0.937044
0.895323 -60.1224 0.937194
0.895473 -60.1113 0.937344
0.895623 -60.1003 0.937494
0.895773 -60.0892 0.937644
0.895923 -60.0781 0.937794
0.896073 -60.0671 0.937944
0.896223  -60.056 0.938094
0.896373 -60.0449 0.938244
0.896523 -60.0339 0.938394
0.896673 -60.0228 0.938544
0.896823 -60.0118 0.938694
0.896973 -60.0007 0.938694
0.897124 -59.9897 0.938844
0.897274 -59.9787 0.938994
0.897424 -59.9676 0.939145
0.897574 -59.9566 0.939295
0.897724 -59.9456 0.939445
0.897874 -59.9346 0.939595
0.898024 -59.9235 0.939745
0.898174 -59.9125 0.939895
0.898324 -59.9015 0.940045
0.898474 -59.8905 0.940195
0.898624 -59.8795 0.940345
0.898774 -59.8685 0.940495
0.898924 -59.8575 0.940645
0.899075 -59.8465 0.940795
0.899225 -59.8355 0.940945
0.899375 -59.8246 0.941096
0.899525 -59.8136 0.941246
0.899675 -59.8026 0.941396
0.899825 -59.7916 0.941546
0.899975 -59.7806 0.941696
0.900125 -59.7697 0.941696
0.900275 -59.7587 0.941846
0.900425 -59.7478 0.941996
0.900575 -59.7368 0.942146
0.900725 -59.7258 0.942296
0.900875 -59.7149 0.942446
0.901026 -59.7039 0.942596
0.901176  -59.693 0.942746
0.901326 -59.6821 0.942896
0.901476 -59.6711 0.943047
0.901626 -59.6602 0.943197
0.901776 -59.6493 0.943347
0.901926 -59.6383 0.943497
0.902076 -59.6274 0.943647
0.902226 -59.6165 0.943797
0.902376 -59.6056 0.943947
0.902526 -59.5947 0.944097
0.902676 -59.5838 0.944247
0.902826 -59.5729 0.944397
0.902976  -59.562 0.944547
0.903127 -59.5511 0.944697
0.903277 -59.5402 0.944847
0.903427 -59.5293 0.944847
0.903577 -59.5184 0.944997
0.903727 -59.5075 0.945148
0.903877 -59.4966 0.945298
0.904027 -59.4858 0.945448
0.904177 -59.4749 0.945598
0.904327  -59.464 0.945748
0.904477 -59.4531 0.945898
0.904627 -59.4423 0.946048
0.904777 -59.4314 0.946198
0.904927 -59.4206 0.946348
0.905078 -59.4097 0.946498
0.905228 -59.3989 0.946648
0.905378  -59.388 0.946798
0.905528 -59.3772 0.946948
0.905678 -59.3663 0.947099
0.905828 -59.3555 0.947249
0.905978 -59.3447 0.947399
0.906128 -59.3338 0.947549
0.906278  -59.323 0.947699
0.906428 -59.3122 0.947849
0.906578 -59.3014 0.947999
0.906728 -59.2906 0.947999
0.906878 -59.2798 0.948149
0.907029 -59.2689 0.948299
0.907179 -59.2581 0.948449
0.907329 -59.2473 0.948599
0.907479 -59.2365 0.948749
0.907629 -59.2258 0.948899
0.907779  -59.215  0.94905
0.907929 -59.2042   0.9492
0.908079 -59.1934  0.94935
0.908229 -59.1826   0.9495
0.908379 -59.1718  0.94965
0.908529 -59.1611   0.9498
0.908679 -59.1503  0.94995
0.908829 -59.1395   0.9501
0.908979 -59.1288  0.95025
 0.90913  -59.118   0.9504
 0.90928 -59.1072  0.95055
 0.90943 -59.0965   0.9507
 0.90958 -59.0857  0.95085
 0.90973  -59.075 0.951001
 0.90988 -59.0643 0.951151
 0.91003 -59.0535 0.951301
 0.91018 -59.0428 0.951301
 0.91033  -59.032 0.951451
 0.91048 -59.0213 0.951601
 0.91063 -59.0106 0.951751
 0.91078 -58.9999 0.951901
 0.91093 -58.9892 0.952051
0.911081 -58.9784 0.952201
0.911231 -58.9677 0.952351
0.911381  -58.957 0.952501
0.911531 -58.9463 0.952651
0.911681 -58.9356 0.952801
0.911831 -58.9249 0.952951
0.911981 -58.9142 0.953102
0.912131 -58.9035 0.953252
0.912281 -58.8928 0.953402
0.912431 -58.8821 0.953552
0.912581 -58.8715 0.953702
0.912731 -58.8608 0.953852
0.912881 -58.8501 0.954002
0.913032 -58.8394 0.954152
0.913182 -58.8288 0.954302
0.913332 -58.8181 0.954452
0.913482 -58.8074 0.954602
0.913632 -58.7968 0.954602
0.913782 -58.7861 0.954752
0.913932 -58.7755 0.954902
0.914082 -58.7648 0.955053
0.914232 -58.7542 0.955203
0.914382 -58.7435 0.955353
0.914532 -58.7329 0.955503
0.914682 -58.7223 0.955653
0.914832 -58.7116 0.955803
0.914982  -58.701 0.955953
0.915133 -58.6904 0.956103
0.915283 -58.6798 0.956253
0.915433 -58.6691 0.956403
0.915583 -58.6585 0.956553
0.915733 -58.6479 0.956703
0.915883 -58.6373 0.956853
0.916033 -58.6267 0.957004
0.916183 -58.6161 0.957154
0.916333 -58.6055 0.957304
0.916483 -58.5949 0.957454
0.916633 -58.5843 0.957604
0.916783 -58.5737 0.957754
0.916933 -58.5631 0.957904
0.917084 -58.5525 0.958054
0.917234  -58.542 0.958054
0.917384 -58.5314 0.958204
0.917534 -58.5208 0.958354
0.917684 -58.5102 0.958504
0.917834 -58.4997 0.958654
0.917984 -58.4891 0.958804
0.918134 -58.4786 0.958954
0.918284  -58.468 0.959105
0.918434 -58.4574 0.959255
0.918584 -58.4469 0.959405
0.918734 -58.4363 0.959555
0.918884 -58.4258 0.959705
0.919035 -58.4153 0.959855
0.919185 -58.4047 0.960005
0.919335 -58.3942 0.960155
0.919485 -58.3837 0.960305
0.919635 -58.3731 0.960455
0.919785 -58.3626 0.960605
0.919935 -58.3521 0.960755
0.920085 -58.3416 0.960905
0.920235 -58.3311 0.961056
0.920385 -58.3206 0.961206
0.920535   -58.31 0.961356
0.920685 -58.2995 0.961356
0.920835  -58.289 0.961506
0.920985 -58.2785 0.961656
0.921136  -58.268 0.961806
0.921286 -58.2576 0.961956
0.921436 -58.2471 0.962106
0.921586 -58.2366 0.962256
0.921736 -58.2261 0.962406
0.921886 -58.2156 0.962556
0.922036 -58.2051 0.962706
0.922186 -58.1947 0.962856
0.922336 -58.1842 0.963007
0.922486 -58.1737 0.963157
0.922636 -58.1633 0.963307
0.922786 -58.1528 0.963457
0.922936 -58.1424 0.963607
0.923087 -58.1319 0.963757
0.923237 -58.1215 0.963907
0.923387  -58.111 0.964057
0.923537 -58.1006 0.964207
0.923687 -58.0901 0.964357
0.923837 -58.0797 0.964507
0.923987 -58.0693 0.964657
0.924137 -58.0588 0.964807
0.924287 -58.0484 0.964807
0.924437  -58.038 0.964957
0.924587 -58.0276 0.965108
0.924737 -58.0171 0.965258
0.924887 -58.0067 0.965408
0.925038 -57.9963 0.965558
0.925188 -57.9859 0.965708
0.925338 -57.9755 0.965858
0.925488 -57.9651 0.966008
0.925638 -57.9547 0.966158
0.925788 -57.9443 0.966308
0.925938 -57.9339 0.966458
0.926088 -57.9235 0.966608
0.926238 -57.9131 0.966758
0.926388 -57.9028 0.966908
0.926538 -57.8924 0.967059
0.926688  -57.882 0.967209
0.926838 -57.8716 0.967359
0.926988 -57.8613 0.967509
0.927139 -57.8509 0.967659
0.927289 -57.8405 0.967809
0.927439 -57.8302 0.967959
0.927589 -57.8198 0.968109
0.927739 -57.8095 0.968259
0.927889 -57.7991 0.968409
0.928039 -57.7888 0.968409
0.928189 -57.7784 0.968559
0.928339 -57.7681 0.968709
0.928489 -57.7577 0.968859
0.928639 -57.7474  0.96901
0.928789 -57.7371  0.96916
0.928939 -57.7268  0.96931
 0.92909 -57.7164  0.96946
 0.92924 -57.7061  0.96961
 0.92939 -57.6958  0.96976
 0.92954 -57.6855  0.96991
 0.92969 -57.6752  0.97006
 0.92984 -57.6648  0.97021
 0.92999 -57.6545  0.97036
 0.93014 -57.6442  0.97051
 0.93029 -57.6339  0.97066
 0.93044 -57.6236  0.97081
 0.93059 -57.6133  0.97096
 0.93074 -57.6031 0.971111
 0.93089 -57.5928 0.971261
0.931041 -57.5825 0.971411
0.931191 -57.5722 0.971561
0.931341 -57.5619 0.971711
0.931491 -57.5516 0.971861
0.931641 -57.5414 0.971861
0.931791 -57.5311 0.972011
0.931941 -57.5208 0.972161
0.932091 -57.5106 0.972311
0.932241 -57.5003 0.972461
0.932391 -57.4901 0.972611
0.932541 -57.4798 0.972761
0.932691 -57.4696 0.972911
0.932841 -57.4593 0.973062
0.932991 -57.4491 0.973212
0.933142 -57.4388 0.973362
0.933292 -57.4286 0.973512
0.933442 -57.4183 0.973662
0.933592 -57.4081 0.973812
0.933742 -57.3979 0.973962
0.933892 -57.3877 0.974112
0.934042 -57.3774 0.974262
0.934192 -57.3672 0.974412
0.934342  -57.357 0.974562
0.934492 -57.3468 0.974712
0.934642 -57.3366 0.974862
0.934792 -57.3264 0.975013
0.934942 -57.3162 0.975163
0.935093  -57.306 0.975313
0.935243 -57.2958 0.975463
0.935393 -57.2856 0.975463
0.935543 -57.2754 0.975613
0.935693 -57.2652 0.975763
0.935843  -57.255 0.975913
0.935993 -57.2448 0.976063
0.936143 -57.2346 0.976213
0.936293 -57.2245 0.976363
0.936443 -57.2143 0.976513
0.936593 -57.2041 0.976663
0.936743  -57.194 0.976813
0.936893 -57.1838 0.976963
0.937044 -57.1736 0.977114
0.937194 -57.1635 0.977264
0.937344 -57.1533 0.977414
0.937494 -57.1432 0.977564
0.937644  -57.133 0.977714
0.937794 -57.1229 0.977864
0.937944 -57.1127 0.978014
0.938094 -57.1026 0.978164
0.938244 -57.0924 0.978314
0.938394 -57.0823 0.978464
0.938544 -57.0722 0.978614
0.938694 -57.0621 0.978764
0.938844 -57.0519 0.978914
0.938994 -57.0418 0.979065
0.939145 -57.0317 0.979065
0.939295 -57.0216 0.979215
0.939445 -57.0115 0.979365
0.939595 -57.0013 0.979515
0.939745 -56.9912 0.979665
0.939895 -56.9811 0.979815
0.940045  -56.971 0.979965
0.940195 -56.9609 0.980115
0.940345 -56.9508 0.980265
0.940495 -56.9407 0.980415
0.940645 -56.9307 0.980565
0.940795 -56.9206 0.980715
0.940945 -56.9105 0.980865
0.941096 -56.9004 0.981016
0.941246 -56.8903 0.981166
0.941396 -56.8803 0.981316
0.941546 -56.8702 0.981466
0.941696 -56.8601 0.981616
0.941846 -56.8501 0.981766
0.941996   -56.84 0.981916
0.942146 -56.8299 0.982066
0.942296 -56.8199 0.982216
0.942446 -56.8098 0.982366
0.942596 -56.7998 0.982516
0.942746 -56.7897 0.982666
0.942896 -56.7797 0.982666
0.943047 -56.7697 0.982816
0.943197 -56.7596 0.982966
0.943347 -56.7496 0.983117
0.943497 -56.7395 0.983267
0.943647 -56.7295 0.983417
0.943797 -56.7195 0.983567
0.943947 -56.7095 0.983717
0.944097 -56.6995 0.983867
0.944247 -56.6894 0.984017
0.944397 -56.6794 0.984167
0.944547 -56.6694 0.984317
0.944697 -56.6594 0.984467
0.944847 -56.6494 0.984617
0.944997 -56.6394 0.984767
0.945148 -56.6294 0.984917
0.945298 -56.6194 0.985068
0.945448 -56.6094 0.985218
0.945598 -56.5994 0.985368
0.945748 -56.5894 0.985518
0.945898 -56.5794 0.985668
0.946048 -56.5695 0.985818
0.946198 -56.5595 0.985968
0.946348 -56.5495 0.986118
0.946498 -56.5395 0.986268
0.946648 -56.5296 0.986268
0.946798 -56.5196 0.986418
0.946948 -56.5096 0.986568
0.947099 -56.4997 0.986718
0.947249 -56.4897 0.986868
0.947399 -56.4798 0.987019
0.947549 -56.4698 0.987169
0.947699 -56.4599 0.987319
0.947849 -56.4499 0.987469
0.947999   -56.44 0.987619
0.948149   -56.43 0.987769
0.948299 -56.4201 0.987919
0.948449 -56.4102 0.988069
0.948599 -56.4002 0.988219
0.948749 -56.3903 0.988369
0.948899 -56.3804 0.988519
 0.94905 -56.3705 0.988669
  0.9492 -56.3605 0.988819
 0.94935 -56.3506 0.988969
  0.9495 -56.3407  0.98912
 0.94965 -56.3308  0.98927
  0.9498 -56.3209  0.98942
 0.94995  -56.311  0.98957
  0.9501 -56.3011  0.98972
 0.95025 -56.2912  0.98987
  0.9504 -56.2813  0.99002
 0.95055 -56.2714  0.99002
  0.9507 -56.2615  0.99017
 0.95085 -56.2516  0.99032
0.951001 -56.2417  0.99047
0.951151 -56.2319  0.99062
0.951301  -56.222  0.99077
0.951451 -56.2121  0.99092
0.951601 -56.2022 0.991071
0.951751 -56.1924 0.991221
0.951901 -56.1825 0.991371
0.952051 -56.1726 0.991521
0.952201 -56.1628 0.991671
0.952351 -56.1529 0.991821
0.952501 -56.1431 0.991971
0.952651 -56.1332 0.992121
0.952801 -56.1234 0.992271
0.952951 -56.1135 0.992421
0.953102 -56.1037 0.992571
0.953252 -56.0938 0.992721
0.953402  -56.084 0.992871
0.953552 -56.0741 0.993022
0.953702 -56.0643 0.993172
0.953852 -56.0545 0.993322
0.954002 -56.0447 0.993472
0.954152 -56.0348 0.993622
0.954302  -56.025 0.993622
0.954452 -56.0152 0.993772
0.954602 -56.0054 0.993922
0.954752 -55.9956 0.994072
0.954902 -55.9858 0.994222
0.955053  -55.976 0.994372
0.955203 -55.9662 0.994522
0.955353 -55.9564 0.994672
0.955503 -55.9466 0.994822
0.955653 -55.9368 0.994972
0.955803  -55.927 0.995123
0.955953 -55.9172 0.995273
0.956103 -55.9074 0.995423
0.956253 -55.8976 0.995573
0.956403 -55.8878 0.995723
0.956553 -55.8781 0.995873
0.956703 -55.8683 0.996023
0.956853 -55.8585 0.996173
0.957004 -55.8487 0.996323
0.957154  -55.839 0.996473
0.957304 -55.8292 0.996623
0.957454 -55.8194 0.996773
0.957604 -55.8097 0.996923
0.957754 -55.7999 0.997074
0.957904 -55.7902 0.997224
0.958054 -55.7804 0.997374
0.958204 -55.7707 0.997374
0.958354 -55.7609 0.997524
0.958504 -55.7512 0.997674
0.958654 -55.7415 0.997824
0.958804 -55.7317 0.997974
0.958954  -55.722 0.998124
0.959105 -55.7123 0.998274
0.959255 -55.7025 0.998424
0.959405 -55.6928 0.998574
0.959555 -55.6831 0.998724
0.959705 -55.6734 0.998874
0.959855 -55.6637 0.999025
0.960005  -55.654 0.999175
0.960155 -55.6442 0.999325
0.960305 -55.6345 0.999475
0.960455 -55.6248 0.999625
0.960605 -55.6151 0.999775
0.960755 -55.6054 0.999925
0.960905 -55.5957  1.00008
0.961056  -55.586  1.00023
0.961206 -55.5764  1.00038
0.961356 -55.5667  1.00053
0.961506  -55.557  1.00068
0.961656 -55.5473  1.00083
0.961806 -55.5376  1.00098
0.961956  -55.528  1.00098
0.962106 -55.5183  1.00113
0.962256 -55.5086  1.00128
0.962406 -55.4989  1.00143
0.962556 -55.4893  1.00158
0.962706 -55.4796  1.00173
0.962856   -55.47  1.00188
0.963007 -55.4603  1.00203
0.963157 -55.4506  1.00218
0.963307  -55.441  1.00233
0.963457 -55.4314  1.00248
0.963607 -55.4217  1.00263
0.963757 -55.4121  1.00278
0.963907 -55.4024  1.00293
0.964057 -55.3928  1.00308
0.964207 -55.3832  1.00323
0.964357 -55.3735  1.00338
0.964507 -55.3639  1.00353
0.964657 -55.3543  1.00368
0.964807 -55.3447  1.00383
0.964957  -55.335  1.00398
0.965108 -55.3254  1.00413
0.965258 -55.3158  1.00428
0.965408 -55.3062  1.00443
0.965558 -55.2966  1.00458
0.965708  -55.287  1.00473
0.965858 -55.2774  1.00473
0.966008 -55.2678  1.00488
0.966158 -55.2582  1.00503
0.966308 -55.2486  1.00518
0.966458  -55.239  1.00533
0.966608 -55.2294  1.00548
0.966758 -55.2198  1.00563
0.966908 -55.2102  1.00578
0.967059 -55.2007  1.00593
0.967209 -55.1911  1.00608
0.967359 -55.1815  1.00623
0.967509 -55.1719  1.00638
0.967659 -55.1624  1.00653
0.967809 -55.1528  1.00668
0.967959 -55.1432  1.00683
0.968109 -55.1337  1.00698
0.968259 -55.1241  1.00713
0.968409 -55.1146  1.00728
0.968559  -55.105  1.00743
0.968709 -55.0954  1.00758
0.968859 -55.0859  1.00773
 0.96901 -55.0764  1.00788
 0.96916 -55.0668  1.00803
 0.96931 -55.0573  1.00818
 0.96946 -55.0477  1.00833
 0.96961 -55.0382  1.00848
 0.96976 -55.0287  1.00848
 0.96991 -55.0191  1.00863
 0.97006 -55.0096  1.00878
 0.97021 -55.0001  1.00893
 0.97036 -54.9906  1.00908
 0.97051 -54.9811  1.00923
 0.97066 -54.9715  1.00938
 0.97081  -54.962  1.00953
 0.97096 -54.9525  1.00968
0.971111  -54.943  1.00983
0.971261 -54.9335  1.00998
0.971411  -54.924  1.01013
0.971561 -54.9145  1.01028
0.971711  -54.905  1.01043
0.971861 -54.8955  1.01058
0.972011  -54.886  1.01073
0.972161 -54.8766  1.01088
0.972311 -54.8671  1.01103
0.972461 -54.8576  1.01118
0.972611 -54.8481  1.01133
0.972761 -54.8386  1.01148
0.972911 -54.8292  1.01163
0.973062 -54.8197  1.01178
0.973212 -54.8102  1.01193
0.973362 -54.8008  1.01208
0.973512 -54.7913  1.01208
0.973662 -54.7818  1.01223
0.973812 -54.7724  1.01238
0.973962 -54.7629  1.01253
0.974112 -54.7535  1.01268
0.974262  -54.744  1.01283
0.974412 -54.7346  1.01298
0.974562 -54.7251  1.01313
0.974712 -54.7157  1.01328
0.974862 -54.7063  1.01343
0.975013 -54.6968  1.01358
0.975163 -54.6874  1.01373
0.975313  -54.678  1.01388
0.975463 -54.6685  1.01403
0.975613 -54.6591  1.01418
0.975763 -54.6497  1.01433
0.975913 -54.6403  1.01448
0.976063 -54.6308  1.01463
0.976213 -54.6214  1.01478
0.976363  -54.612  1.01493
0.976513 -54.6026  1.01508
0.976663 -54.5932  1.01523
0.976813 -54.5838  1.01538
0.976963 -54.5744  1.01553
0.977114  -54.565  1.01568
0.977264 -54.5556  1.01583
0.977414 -54.5462  1.01598
0.977564 -54.5368  1.01598
0.977714 -54.5274  1.01613
0.977864 -54.5181  1.01628
0.978014 -54.5087  1.01643
0.978164 -54.4993  1.01658
0.978314 -54.4899  1.01673
0.978464 -54.4805  1.01688
0.978614 -54.4712  1.01703
0.978764 -54.4618  1.01718
0.978914 -54.4524  1.01733
0.979065 -54.4431  1.01748
0.979215 -54.4337  1.01763
0.979365 -54.4244  1.01778
0.979515  -54.415  1.01793
0.979665 -54.4057  1.01808
0.979815 -54.3963  1.01823
0.979965  -54.387  1.01838
0.980115 -54.3776  1.01853
0.980265 -54.3683  1.01868
0.980415 -54.3589  1.01883
0.980565 -54.3496  1.01898
0.980715 -54.3403  1.01913
0.980865 -54.3309  1.01928
0.981016 -54.3216  1.01943
0.981166 -54.3123  1.01958
0.981316  -54.303  1.01973
0.981466 -54.2936  1.01973
0.981616 -54.2843  1.01988
0.981766  -54.275  1.02004
0.981916 -54.2657  1.02019
0.982066 -54.2564  1.02034
0.982216 -54.2471  1.02049
0.982366 -54.2378  1.02064
0.982516 -54.2285  1.02079
0.982666 -54.2192  1.02094
0.982816 -54.2099  1.02109
0.982966 -54.2006  1.02124
0.983117 -54.1913  1.02139
0.983267  -54.182  1.02154
0.983417 -54.1727  1.02169
0.983567 -54.1634  1.02184
0.983717 -54.1542  1.02199
0.983867 -54.1449  1.02214
0.984017 -54.1356  1.02229
0.984167 -54.1263  1.02244
0.984317 -54.1171  1.02259
0.984467 -54.1078  1.02274
0.984617 -54.0985  1.02289
0.984767 -54.0893  1.02304
0.984917   -54.08  1.02319
0.985068 -54.0708  1.02334
0.985218 -54.0615  1.02334
0.985368 -54.0522  1.02349
0.985518  -54.043  1.02364
0.985668 -54.0338  1.02379
0.985818 -54.0245  1.02394
0.985968 -54.0153  1.02409
0.986118  -54.006  1.02424
0.986268 -53.9968  1.02439
0.986418 -53.9876  1.02454
0.986568 -53.9783  1.02469
0.986718 -53.9691  1.02484
0.986868 -53.9599  1.02499
0.987019 -53.9507  1.02514
0.987169 -53.9414  1.02529
0.987319 -53.9322  1.02544
0.987469  -53.923  1.02559
0.987619 -53.9138  1.02574
0.987769 -53.9046  1.02589
0.987919 -53.8954  1.02604
0.988069 -53.8862  1.02619
0.988219  -53.877  1.02634
0.988369 -53.8678  1.02649
0.988519 -53.8586  1.02664
0.988669 -53.8494  1.02679
0.988819 -53.8402  1.02694
0.988969  -53.831  1.02709
 0.98912 -53.8218  1.02709
 0.98927 -53.8126  1.02724
 0.98942 -53.8035  1.02739
 0.98957 -53.7943  1.02754
 0.98972 -53.7851  1.02769
 0.98987 -53.7759  1.02784
 0.99002 -53.7668  1.02799
 0.99017 -53.7576  1.02814
 0.99032 -53.7484  1.02829
 0.99047 -53.7393  1.02844
 0.99062 -53.7301  1.02859
 0.99077 -53.7209  1.02874
 0.99092 -53.7118  1.02889
0.991071 -53.7026  1.02904
0.991221 -53.6935  1.02919
0.991371 -53.6843  1.02934
0.991521 -53.6752  1.02949
0.991671 -53.6661  1.02964
0.991821 -53.6569  1.02979
0.991971 -53.6478  1.02994
0.992121 -53.6386  1.03009
0.992271 -53.6295  1.03024
0.992421 -53.6204  1.03039
0.992571 -53.6113  1.03054
0.992721 -53.6021  1.03069
0.992871  -53.593  1.03069
0.993022 -53.5839  1.03084
0.993172 -53.5748  1.03099
0.993322 -53.5657  1.03114
0.993472 -53.5566  1.03129
0.993622 -53.5475  1.03144
0.993772 -53.5383  1.03159
0.993922 -53.5292  1.03174
0.994072 -53.5201  1.03189
0.994222  -53.511  1.03204
0.994372  -53.502  1.03219
0.994522 -53.4929  1.03234
0.994672 -53.4838  1.03249
0.994822 -53.4747  1.03264
0.994972 -53.4656  1.03279
0.995123 -53.4565  1.03294
0.995273 -53.4474  1.03309
0.995423 -53.4384  1.03324
0.995573 -53.4293  1.03339
0.995723 -53.4202  1.03354
0.995873 -53.4111  1.03369
0.996023 -53.4021  1.03384
0.996173  -53.393  1.03399
0.996323 -53.3839  1.03414
0.996473 -53.3749  1.03429
0.996623 -53.3658  1.03429
0.996773 -53.3568  1.03444
0.996923 -53.3477  1.03459
0.997074 -53.3387  1.03474
0.997224 -53.3296  1.03489
0.997374 -53.3206  1.03504
0.997524 -53.3115  1.03519
0.997674 -53.3025  1.03534
0.997824 -53.2935  1.03549
0.997974 -53.2844  1.03564
0.998124 -53.2754  1.03579
0.998274 -53.2664  1.03594
0.998424 -53.2574  1.03609
0.998574 -53.2483  1.03624
0.998724 -53.2393  1.03639
0.998874 -53.2303  1.03654
0.999025 -53.2213  1.03669
0.999175 -53.2123  1.03684
0.999325 -53.2032  1.03699
0.999475 -53.1942  1.03714
0.999625 -53.1852  1.03729
0.999775 -53.1762  1.03744
0.999925 -53.1672  1.03759
 1.00008 -53.1582  1.03774
 1.00023 -53.1492  1.03789
 1.00038 -53.1402  1.03804
 1.00053 -53.1313  1.03804
 1.00068 -53.1223  1.03819
 1.00083 -53.1133  1.03834
 1.00098 -53.1043  1.03849
 1.00113 -53.0953  1.03864
 1.00128 -53.0863  1.03879
 1.00143 -53.0774  1.03894
 1.00158 -53.0684  1.03909
 1.00173 -53.0594  1.03924
 1.00188 -53.0505  1.03939
 1.00203 -53.0415  1.03954
 1.00218 -53.0325  1.03969
 1.00233 -53.0236  1.03984
 1.00248 -53.0146  1.03999
 1.00263 -53.0057  1.04015
 1.00278 -52.9967   1.0403
 1.00293 -52.9877  1.04045
 1.00308 -52.9788   1.0406
 1.00323 -52.9699  1.04075
 1.00338 -52.9609   1.0409
 1.00353  -52.952  1.04105
 1.00368  -52.943   1.0412
 1.00383 -52.9341  1.04135
 1.00398 -52.9252   1.0415
 1.00413 -52.9162   1.0415
 1.00428 -52.9073  1.04165
 1.00443 -52.8984   1.0418
 1.00458 -52.8895  1.04195
 1.00473 -52.8805   1.0421
 1.00488 -52.8716  1.04225
 1.00503 -52.8627   1.0424
 1.00518 -52.8538  1.04255
 1.00533 -52.8449   1.0427
 1.00548  -52.836  1.04285
 1.00563 -52.8271    1.043
 1.00578 -52.8182  1.04315
 1.00593 -52.8093   1.0433
 1.00608 -52.8004  1.04345
 1.00623 -52.7915   1.0436
 1.00638 -52.7826  1.04375
 1.00653 -52.7737   1.0439
 1.00668 -52.7648  1.04405
 1.00683 -52.7559   1.0442
 1.00698  -52.747  1.04435
 1.00713 -52.7382   1.0445
 1.00728 -52.7293  1.04465
 1.00743 -52.7204   1.0448
 1.00758 -52.7115  1.04495
 1.00773 -52.7027   1.0451
 1.00788 -52.6938   1.0451
 1.00803 -52.6849  1.04525
 1.00818 -52.6761   1.0454
 1.00833 -52.6672  1.04555
 1.00848 -52.6584   1.0457
 1.00863 -52.6495  1.04585
 1.00878 -52.6407    1.046
 1.00893 -52.6318  1.04615
 1.00908  -52.623   1.0463
 1.00923 -52.6141  1.04645
 1.00938 -52.6053   1.0466
 1.00953 -52.5964  1.04675
 1.00968 -52.5876   1.0469
 1.00983 -52.5788  1.04705
 1.00998 -52.5699   1.0472
 1.01013 -52.5611  1.04735
 1.01028 -52.5523   1.0475
 1.01043 -52.5434  1.04765
 1.01058 -52.5346   1.0478
 1.01073 -52.5258  1.04795
 1.01088  -52.517   1.0481
 1.01103 -52.5082  1.04825
 1.01118 -52.4994   1.0484
 1.01133 -52.4905  1.04855
 1.01148 -52.4817  1.04855
 1.01163 -52.4729   1.0487
 1.01178 -52.4641  1.04885
 1.01193 -52.4553    1.049
 1.01208 -52.4465  1.04915
 1.01223 -52.4377   1.0493
 1.01238 -52.4289  1.04945
 1.01253 -52.4202   1.0496
 1.01268 -52.4114  1.04975
 1.01283 -52.4026   1.0499
 1.01298 -52.3938  1.05005
 1.01313  -52.385   1.0502
 1.01328 -52.3762  1.05035
 1.01343 -52.3675   1.0505
 1.01358 -52.3587  1.05065
 1.01373 -52.3499   1.0508
 1.01388 -52.3411  1.05095
 1.01403 -52.3324   1.0511
 1.01418 -52.3236  1.05125
 1.01433 -52.3149   1.0514
 1.01448 -52.3061  1.05155
 1.01463 -52.2973   1.0517
 1.01478 -52.2886  1.05185
 1.01493 -52.2798    1.052
 1.01508 -52.2711    1.052
 1.01523 -52.2623  1.05215
 1.01538 -52.2536   1.0523
 1.01553 -52.2449  1.05245
 1.01568 -52.2361   1.0526
 1.01583 -52.2274  1.05275
 1.01598 -52.2187   1.0529
 1.01613 -52.2099  1.05305
 1.01628 -52.2012   1.0532
 1.01643 -52.1925  1.05335
 1.01658 -52.1837   1.0535
 1.01673  -52.175  1.05365
 1.01688 -52.1663   1.0538
 1.01703 -52.1576  1.05395
 1.01718 -52.1489   1.0541
 1.01733 -52.1402  1.05425
 1.01748 -52.1314   1.0544
 1.01763 -52.1227  1.05455
 1.01778  -52.114   1.0547
 1.01793 -52.1053  1.05485
 1.01808 -52.0966    1.055
 1.01823 -52.0879  1.05515
 1.01838 -52.0792   1.0553
 1.01853 -52.0706  1.05545
 1.01868 -52.0619  1.05545
 1.01883 -52.0532   1.0556
 1.01898 -52.0445  1.05575
 1.01913 -52.0358   1.0559
 1.01928 -52.0271  1.05605
 1.01943 -52.0185   1.0562
 1.01958 -52.0098  1.05635
 1.01973 -52.0011   1.0565
 1.01988 -51.9924  1.05665
 1.02004 -51.9838   1.0568
 1.02019 -51.9751  1.05695
 1.02034 -51.9664   1.0571
 1.02049 -51.9578  1.05725
 1.02064 -51.9491   1.0574
 1.02079 -51.9405  1.05755
 1.02094 -51.9318   1.0577
 1.02109 -51.9232  1.05785
 1.02124 -51.9145    1.058
 1.02139 -51.9059  1.05815
 1.02154 -51.8972   1.0583
 1.02169 -51.8886  1.05845
 1.02184 -51.8799   1.0586
 1.02199 -51.8713  1.05875
 1.02214 -51.8627  1.05875
 1.02229  -51.854   1.0589
 1.02244 -51.8454  1.05905
 1.02259 -51.8368   1.0592
 1.02274 -51.8282  1.05935
 1.02289 -51.8195   1.0595
 1.02304 -51.8109  1.05965
 1.02319 -51.8023   1.0598
 1.02334 -51.7937  1.05995
 1.02349 -51.7851  1.06011
 1.02364 -51.7765  1.06026
 1.02379 -51.7679  1.06041
 1.02394 -51.7593  1.06056
 1.02409 -51.7507  1.06071
 1.02424 -51.7421  1.06086
 1.02439 -51.7335  1.06101
 1.02454 -51.7249  1.06116
 1.02469 -51.7163  1.06131
 1.02484 -51.7077  1.06146
 1.02499 -51.6991  1.06161
 1.02514 -51.6905  1.06176
 1.02529 -51.6819  1.06191
 1.02544 -51.6734  1.06206
 1.02559 -51.6648  1.06206
 1.02574 -51.6562  1.06221
 1.02589 -51.6476  1.06236
 1.02604 -51.6391  1.06251
 1.02619 -51.6305  1.06266
 1.02634 -51.6219  1.06281
 1.02649 -51.6134  1.06296
 1.02664 -51.6048  1.06311
 1.02679 -51.5962  1.06326
 1.02694 -51.5877  1.06341
 1.02709 -51.5791  1.06356
 1.02724 -51.5706  1.06371
 1.02739  -51.562  1.06386
 1.02754 -51.5535  1.06401
 1.02769 -51.5449  1.06416
 1.02784 -51.5364  1.06431
 1.02799 -51.5279  1.06446
 1.02814 -51.5193  1.06461
 1.02829 -51.5108  1.06476
 1.02844 -51.5023  1.06491
 1.02859 -51.4937  1.06506
 1.02874 -51.4852  1.06521
 1.02889 -51.4767  1.06521
 1.02904 -51.4682  1.06536
 1.02919 -51.4596  1.06551
 1.02934 -51.4511  1.06566
 1.02949 -51.4426  1.06581
 1.02964 -51.4341  1.06596
 1.02979 -51.4256  1.06611
 1.02994 -51.4171  1.06626
 1.03009 -51.4086  1.06641
 1.03024 -51.4001  1.06656
 1.03039 -51.3916  1.06671
 1.03054 -51.3831  1.06686
 1.03069 -51.3746  1.06701
 1.03084 -51.3661  1.06716
 1.03099 -51.3576  1.06731
 1.03114 -51.3491  1.06746
 1.03129 -51.3406  1.06761
 1.03144 -51.3321  1.06776
 1.03159 -51.3237  1.06791
 1.03174 -51.3152  1.06806
 1.03189 -51.3067  1.06821
 1.03204 -51.2982  1.06836
 1.03219 -51.2898  1.06836
 1.03234 -51.2813  1.06851
 1.03249 -51.2728  1.06866
 1.03264 -51.2644  1.06881
 1.03279 -51.2559  1.06896
 1.03294 -51.2474  1.06911
 1.03309  -51.239  1.06926
 1.03324 -51.2305  1.06941
 1.03339 -51.2221  1.06956
 1.03354 -51.2136  1.06971
 1.03369 -51.2052  1.06986
 1.03384 -51.1967  1.07001
 1.03399 -51.1883  1.07016
 1.03414 -51.1798  1.07031
 1.03429 -51.1714  1.07046
 1.03444  -51.163  1.07061
 1.03459 -51.1545  1.07076
 1.03474 -51.1461  1.07091
 1.03489 -51.1377  1.07106
 1.03504 -51.1293  1.07121
 1.03519 -51.1208  1.07136
 1.03534 -51.1124  1.07136
 1.03549  -51.104  1.07151
 1.03564 -51.0956  1.07166
 1.03579 -51.0872  1.07181
 1.03594 -51.0788  1.07196
 1.03609 -51.0703  1.07211
 1.03624 -51.0619  1.07226
 1.03639 -51.0535  1.07241
 1.03654 -51.0451  1.07256
 1.03669 -51.0367  1.07271
 1.03684 -51.0283  1.07286
 1.03699 -51.0199  1.07301
 1.03714 -51.0116  1.07316
 1.03729 -51.0032  1.07331
 1.03744 -50.9948  1.07346
 1.03759 -50.9864  1.07361
 1.03774  -50.978  1.07376
 1.03789 -50.9696  1.07391
 1.03804 -50.9612  1.07406
 1.03819 -50.9529  1.07421
 1.03834 -50.9445  1.07436
 1.03849 -50.9361  1.07436
 1.03864 -50.9278  1.07451
 1.03879 -50.9194  1.07466
 1.03894  -50.911  1.07481
 1.03909 -50.9027  1.07496
 1.03924 -50.8943  1.07511
 1.03939  -50.886  1.07526
 1.03954 -50.8776  1.07541
 1.03969 -50.8693  1.07556
 1.03984 -50.8609  1.07571
 1.03999 -50.8526  1.07586
 1.04015 -50.8442  1.07601
  1.0403 -50.8359  1.07616
 1.04045 -50.8275  1.07631
  1.0406 -50.8192  1.07646
 1.04075 -50.8109  1.07661
  1.0409 -50.8025  1.07676
 1.04105 -50.7942  1.07691
  1.0412 -50.7859  1.07706
 1.04135 -50.7775  1.07721
  1.0415 -50.7692  1.07721
 1.04165 -50.7609  1.07736
  1.0418 -50.7526  1.07751
 1.04195 -50.7443  1.07766
  1.0421  -50.736  1.07781
 1.04225 -50.7276  1.07796
  1.0424 -50.7193  1.07811
 1.04255  -50.711  1.07826
  1.0427 -50.7027  1.07841
 1.04285 -50.6944  1.07856
   1.043 -50.6861  1.07871
 1.04315 -50.6778  1.07886
  1.0433 -50.6695  1.07901
 1.04345 -50.6612  1.07916
  1.0436 -50.6529  1.07931
 1.04375 -50.6447  1.07946
  1.0439 -50.6364  1.07961
 1.04405 -50.6281  1.07976
  1.0442 -50.6198  1.07991
 1.04435 -50.6115  1.08007
  1.0445 -50.6033  1.08022
 1.04465  -50.595  1.08022
  1.0448 -50.5867  1.08037
 1.04495 -50.5784  1.08052
  1.0451 -50.5702  1.08067
 1.04525 -50.5619  1.08082
  1.0454 -50.5537  1.08097
 1.04555 -50.5454  1.08112
  1.0457 -50.5371  1.08127
 1.04585 -50.5289  1.08142
   1.046 -50.5206  1.08157
 1.04615 -50.5124  1.08172
  1.0463 -50.5041  1.08187
 1.04645 -50.4959  1.08202
  1.0466 -50.4877  1.08217
 1.04675 -50.4794  1.08232
  1.0469 -50.4712  1.08247
 1.04705 -50.4629  1.08262
  1.0472 -50.4547  1.08277
 1.04735 -50.4465  1.08292
  1.0475 -50.4383  1.08292
 1.04765   -50.43  1.08307
  1.0478 -50.4218  1.08322
 1.04795 -50.4136  1.08337
  1.0481 -50.4054  1.08352
 1.04825 -50.3971  1.08367
  1.0484 -50.3889  1.08382
 1.04855 -50.3807  1.08397
  1.0487 -50.3725  1.08412
 1.04885 -50.3643  1.08427
   1.049 -50.3561  1.08442
 1.04915 -50.3479  1.08457
  1.0493 -50.3397  1.08472
 1.04945 -50.3315  1.08487
  1.0496 -50.3233  1.08502
 1.04975 -50.3151  1.08517
  1.0499 -50.3069  1.08532
 1.05005 -50.2987  1.08547
  1.0502 -50.2906  1.08562
 1.05035 -50.2824  1.08562
  1.0505 -50.2742  1.08577
 1.05065  -50.266  1.08592
  1.0508 -50.2578  1.08607
 1.05095 -50.2497  1.08622
  1.0511 -50.2415  1.08637
 1.05125 -50.2333  1.08652
  1.0514 -50.2252  1.08667
 1.05155  -50.217  1.08682
  1.0517 -50.2088  1.08697
 1.05185 -50.2007  1.08712
   1.052 -50.1925  1.08727
 1.05215 -50.1844  1.08742
  1.0523 -50.1762  1.08757
 1.05245 -50.1681  1.08772
  1.0526 -50.1599  1.08787
 1.05275 -50.1518  1.08802
  1.0529 -50.1436  1.08817
 1.05305 -50.1355  1.08817
  1.0532 -50.1274  1.08832
 1.05335 -50.1192  1.08847
  1.0535 -50.1111  1.08862
 1.05365  -50.103  1.08877
  1.0538 -50.0948  1.08892
 1.05395 -50.0867  1.08907
  1.0541 -50.0786  1.08922
 1.05425 -50.0705  1.08937
  1.0544 -50.0624  1.08952
 1.05455 -50.0542  1.08967
  1.0547 -50.0461  1.08982
 1.05485  -50.038  1.08997
   1.055 -50.0299  1.09012
 1.05515 -50.0218  1.09027
  1.0553 -50.0137  1.09042
 1.05545 -50.0056  1.09057
  1.0556 -49.9975  1.09072
 1.05575 -49.9894  1.09072
  1.0559 -49.9813  1.09087
 1.05605 -49.9732  1.09102
  1.0562 -49.9651  1.09117
 1.05635  -49.957  1.09132
  1.0565  -49.949  1.09147
 1.05665 -49.9409  1.09162
  1.0568 -49.9328  1.09177
 1.05695 -49.9247  1.09192
  1.0571 -49.9167  1.09207
 1.05725 -49.9086  1.09222
  1.0574 -49.9005  1.09237
 1.05755 -49.8924  1.09252
  1.0577 -49.8844  1.09267
 1.05785 -49.8763  1.09282
   1.058 -49.8683  1.09297
 1.05815 -49.8602  1.09312
  1.0583 -49.8521  1.09312
 1.05845 -49.8441  1.09327
  1.0586  -49.836  1.09342
 1.05875  -49.828  1.09357
  1.0589 -49.8199  1.09372
 1.05905 -49.8119  1.09387
  1.0592 -49.8039  1.09402
 1.05935 -49.7958  1.09417
  1.0595 -49.7878  1.09432
 1.05965 -49.7798  1.09447
  1.0598 -49.7717  1.09462
 1.05995 -49.7637  1.09477
 1.06011 -49.7557  1.09492
 1.06026 -49.7476  1.09507
 1.06041 -49.7396  1.09522
 1.06056 -49.7316  1.09522
 1.06071 -49.7236  1.09537
 1.06086 -49.7156  1.09552
 1.06101 -49.7076  1.09567
 1.06116 -49.6996  1.09582
 1.06131 -49.6916  1.09597
 1.06146 -49.6836  1.09612
 1.06161 -49.6756  1.09627
 1.06176 -49.6676  1.09642
 1.06191 -49.6596  1.09657
 1.06206 -49.6516  1.09672
 1.06221 -49.6436  1.09687
 1.06236 -49.6356  1.09702
 1.06251 -49.6276  1.09717
 1.06266 -49.6196  1.09717
 1.06281 -49.6116  1.09732
 1.06296 -49.6037  1.09747
 1.06311 -49.5957  1.09762
 1.06326 -49.5877  1.09777
 1.06341 -49.5798  1.09792
 1.06356 -49.5718  1.09807
 1.06371 -49.5638  1.09822
 1.06386 -49.5559  1.09837
 1.06401 -49.5479  1.09852
 1.06416 -49.5399  1.09867
 1.06431  -49.532  1.09882
 1.06446  -49.524  1.09897
 1.06461 -49.5161  1.09912
 1.06476 -49.5081  1.09912
 1.06491 -49.5002  1.09927
 1.06506 -49.4922  1.09942
 1.06521 -49.4843  1.09957
 1.06536 -49.4764  1.09972
 1.06551 -49.4684  1.09987
 1.06566 -49.4605  1.10003
 1.06581 -49.4526  1.10018
 1.06596 -49.4446  1.10033
 1.06611 -49.4367  1.10048
 1.06626 -49.4288  1.10063
 1.06641 -49.4209  1.10078
 1.06656  -49.413  1.10093
 1.06671  -49.405  1.10108
 1.06686 -49.3971  1.10108
 1.06701 -49.3892  1.10123
 1.06716 -49.3813  1.10138
 1.06731 -49.3734  1.10153
 1.06746 -49.3655  1.10168
 1.06761 -49.3576  1.10183
 1.06776 -49.3497  1.10198
 1.06791 -49.3418  1.10213
 1.06806 -49.3339  1.10228
 1.06821  -49.326  1.10243
 1.06836 -49.3182  1.10258
 1.06851 -49.3103  1.10273
 1.06866 -49.3024  1.10288
 1.06881 -49.2945  1.10303
 1.06896 -49.2866  1.10303
 1.06911 -49.2788  1.10318
 1.06926 -49.2709  1.10333
 1.06941  -49.263  1.10348
 1.06956 -49.2551  1.10363
 1.06971 -49.2473  1.10378
 1.06986 -49.2394  1.10393
 1.07001 -49.2316  1.10408
 1.07016 -49.2237  1.10423
 1.07031 -49.2158  1.10438
 1.07046  -49.208  1.10453
 1.07061 -49.2001  1.10468
 1.07076 -49.1923  1.10483
 1.07091 -49.1845  1.10483
 1.07106 -49.1766  1.10498
 1.07121 -49.1688  1.10513
 1.07136 -49.1609  1.10528
 1.07151 -49.1531  1.10543
 1.07166 -49.1453  1.10558
 1.07181 -49.1374  1.10573
 1.07196 -49.1296  1.10588
 1.07211 -49.1218  1.10603
 1.07226  -49.114  1.10618
 1.07241 -49.1062  1.10633
 1.07256 -49.0983  1.10648
 1.07271 -49.0905  1.10663
 1.07286 -49.0827  1.10663
 1.07301 -49.0749  1.10678
 1.07316 -49.0671  1.10693
 1.07331 -49.0593  1.10708
 1.07346 -49.0515  1.10723
 1.07361 -49.0437  1.10738
 1.07376 -49.0359  1.10753
 1.07391 -49.0281  1.10768
 1.07406 -49.0203  1.10783
 1.07421 -49.0125  1.10798
 1.07436 -49.0047  1.10813
 1.07451 -48.9969  1.10828
 1.07466 -48.9892  1.10843
 1.07481 -48.9814  1.10843
 1.07496 -48.9736  1.10858
 1.07511 -48.9658  1.10873
 1.07526 -48.9581  1.10888
 1.07541 -48.9503  1.10903
 1.07556 -48.9425  1.10918
 1.07571 -48.9348  1.10933
 1.07586  -48.927  1.10948
 1.07601 -48.9192  1.10963
 1.07616 -48.9115  1.10978
 1.07631 -48.9037  1.10993
 1.07646  -48.896  1.11008
 1.07661 -48.8882  1.11023
 1.07676 -48.8805  1.11023
 1.07691 -48.8727  1.11038
 1.07706  -48.865  1.11053
 1.07721 -48.8573  1.11068
 1.07736 -48.8495  1.11083
 1.07751 -48.8418  1.11098
 1.07766 -48.8341  1.11113
 1.07781 -48.8263  1.11128
 1.07796 -48.8186  1.11143
 1.07811 -48.8109  1.11158
 1.07826 -48.8032  1.11173
 1.07841 -48.7955  1.11188
 1.07856 -48.7877  1.11203
 1.07871   -48.78  1.11203
 1.07886 -48.7723  1.11218
 1.07901 -48.7646  1.11233
 1.07916 -48.7569  1.11248
 1.07931 -48.7492  1.11263
 1.07946 -48.7415  1.11278
 1.07961 -48.7338  1.11293
 1.07976 -48.7261  1.11308
 1.07991 -48.7184  1.11323
 1.08007 -48.7107  1.11338
 1.08022  -48.703  1.11353
 1.08037 -48.6953  1.11368
 1.08052 -48.6877  1.11368
 1.08067   -48.68  1.11383
 1.08082 -48.6723  1.11398
 1.08097 -48.6646  1.11413
 1.08112 -48.6569  1.11428
 1.08127 -48.6493  1.11443
 1.08142 -48.6416  1.11458
 1.08157 -48.6339  1.11473
 1.08172 -48.6263  1.11488
 1.08187 -48.6186  1.11503
 1.08202  -48.611  1.11518
 1.08217 -48.6033  1.11518
 1.08232 -48.5957  1.11533
 1.08247  -48.588  1.11548
 1.08262 -48.5804  1.11563
 1.08277 -48.5727  1.11578
 1.08292 -48.5651  1.11593
 1.08307 -48.5574  1.11608
 1.08322 -48.5498  1.11623
 1.08337 -48.5422  1.11638
 1.08352 -48.5345  1.11653
 1.08367 -48.5269  1.11668
 1.08382 -48.5193  1.11668
 1.08397 -48.5117  1.11683
 1.08412  -48.504  1.11698
 1.08427 -48.4964  1.11713
 1.08442 -48.4888  1.11728
 1.08457 -48.4812  1.11743
 1.08472 -48.4736  1.11758
 1.08487  -48.466  1.11773
 1.08502 -48.4584  1.11788
 1.08517 -48.4508  1.11803
 1.08532 -48.4432  1.11818
 1.08547 -48.4356  1.11818
 1.08562  -48.428  1.11833
 1.08577 -48.4204  1.11848
 1.08592 -48.4128  1.11863
 1.08607 -48.4052  1.11878
 1.08622 -48.3976  1.11893
 1.08637 -48.3901  1.11908
 1.08652 -48.3825  1.11923
 1.08667 -48.3749  1.11938
 1.08682 -48.3673  1.11953
 1.08697 -48.3598  1.11953
 1.08712 -48.3522  1.11968
 1.08727 -48.3446  1.11983
 1.08742 -48.3371  1.11998
 1.08757 -48.3295  1.12014
 1.08772  -48.322  1.12029
 1.08787 -48.3144  1.12044
 1.08802 -48.3069  1.12059
 1.08817 -48.2993  1.12074
 1.08832 -48.2918  1.12089
 1.08847 -48.2842  1.12089
 1.08862 -48.2767  1.12104
 1.08877 -48.2692  1.12119
 1.08892 -48.2616  1.12134
 1.08907 -48.2541  1.12149
 1.08922 -48.2466  1.12164
 1.08937  -48.239  1.12179
 1.08952 -48.2315  1.12194
 1.08967  -48.224  1.12209
 1.08982 -48.2165  1.12209
 1.08997  -48.209  1.12224
 1.09012 -48.2014  1.12239
 1.09027 -48.1939  1.12254
 1.09042 -48.1864  1.12269
 1.09057 -48.1789  1.12284
 1.09072 -48.1714  1.12299
 1.09087 -48.1639  1.12314
 1.09102 -48.1564  1.12329
 1.09117 -48.1489  1.12329
 1.09132 -48.1414  1.12344
 1.09147  -48.134  1.12359
 1.09162 -48.1265  1.12374
 1.09177  -48.119  1.12389
 1.09192 -48.1115  1.12404
 1.09207  -48.104  1.12419
 1.09222 -48.0966  1.12434
 1.09237 -48.0891  1.12449
 1.09252 -48.0816  1.12464
 1.09267 -48.0742  1.12464
 1.09282 -48.0667  1.12479
 1.09297 -48.0592  1.12494
 1.09312 -48.0518  1.12509
 1.09327 -48.0443  1.12524
 1.09342 -48.0369  1.12539
 1.09357 -48.0294  1.12539
 1.09372  -48.022  1.12554
 1.09387 -48.0145  1.12569
 1.09402 -48.0071  1.12584
 1.09417 -47.9997  1.12599
 1.09432 -47.9923  1.12599
 1.09447 -47.9848  1.12614
 1.09462 -47.9774  1.12629
 1.09477   -47.97  1.12644
 1.09492 -47.9626  1.12659
 1.09507 -47.9552  1.12659
 1.09522 -47.9478  1.12674
 1.09537 -47.9404  1.12689
 1.09552  -47.933  1.12704
 1.09567 -47.9256  1.12719
 1.09582 -47.9182  1.12734
 1.09597 -47.9108  1.12734
 1.09612 -47.9034  1.12749
 1.09627 -47.8961  1.12764
 1.09642 -47.8887  1.12779
 1.09657 -47.8813  1.12794
 1.09672 -47.8739  1.12794
 1.09687 -47.8666  1.12809
 1.09702 -47.8592  1.12824
 1.09717 -47.8519  1.12839
 1.09732 -47.8445  1.12854
 1.09747 -47.8372  1.12854
 1.09762 -47.8298  1.12869
 1.09777 -47.8225  1.12884
 1.09792 -47.8151  1.12899
 1.09807 -47.8078  1.12914
 1.09822 -47.8005  1.12929
 1.09837 -47.7931  1.12929
 1.09852 -47.7858  1.12944
 1.09867 -47.7785  1.12959
 1.09882 -47.7712  1.12974
 1.09897 -47.7639  1.12989
 1.09912 -47.7565  1.12989
 1.09927 -47.7492  1.13004
 1.09942 -47.7419  1.13019
 1.09957 -47.7346  1.13034
 1.09972 -47.7273  1.13049
 1.09987 -47.7201  1.13049
 1.10003 -47.7128  1.13064
 1.10018 -47.7055  1.13079
 1.10033 -47.6982  1.13094
 1.10048 -47.6909  1.13109
 1.10063 -47.6836  1.13124
 1.10078 -47.6764  1.13124
 1.10093 -47.6691  1.13139
 1.10108 -47.6618  1.13154
 1.10123 -47.6546  1.13169
 1.10138 -47.6473  1.13184
 1.10153 -47.6401  1.13184
 1.10168 -47.6328  1.13199
 1.10183 -47.6256  1.13214
 1.10198 -47.6183  1.13229
 1.10213 -47.6111  1.13244
 1.10228 -47.6039  1.13244
 1.10243 -47.5966  1.13259
 1.10258 -47.5894  1.13274
 1.10273 -47.5822  1.13289
 1.10288  -47.575  1.13304
 1.10303 -47.5677  1.13319
 1.10318 -47.5605  1.13319
 1.10333 -47.5533  1.13334
 1.10348 -47.5461  1.13349
 1.10363 -47.5389  1.13364
 1.10378 -47.5317  1.13379
 1.10393 -47.5245  1.13379
 1.10408 -47.5173  1.13394
 1.10423 -47.5101  1.13409
 1.10438 -47.5029  1.13424
 1.10453 -47.4958  1.13439
 1.10468 -47.4886  1.13454
 1.10483 -47.4814  1.13454
 1.10498 -47.4742  1.13469
 1.10513 -47.4671  1.13484
 1.10528 -47.4599  1.13499
 1.10543 -47.4528  1.13514
 1.10558 -47.4456  1.13514
 1.10573 -47.4384  1.13529
 1.10588 -47.4313  1.13544
 1.10603 -47.4241  1.13559
 1.10618  -47.417  1.13574
 1.10633 -47.4099  1.13574
 1.10648 -47.4027  1.13589
 1.10663 -47.3956  1.13604
 1.10678 -47.3885  1.13619
 1.10693 -47.3813  1.13634
 1.10708 -47.3742  1.13634
 1.10723 -47.3671  1.13649
 1.10738   -47.36  1.13664
 1.10753 -47.3529  1.13679
 1.10768 -47.3458  1.13694
 1.10783 -47.3387  1.13694
 1.10798 -47.3316  1.13709
 1.10813 -47.3245  1.13724
 1.10828 -47.3174  1.13739
 1.10843 -47.3103  1.13754
 1.10858 -47.3032  1.13754
 1.10873 -47.2961  1.13769
 1.10888  -47.289  1.13784
 1.10903  -47.282  1.13799
 1.10918 -47.2749  1.13814
 1.10933 -47.2678  1.13814
 1.10948 -47.2608  1.13829
 1.10963 -47.2537  1.13844
 1.10978 -47.2466  1.13859
 1.10993 -47.2396  1.13874
 1.11008 -47.2325  1.13874
 1.11023 -47.2255  1.13889
 1.11038 -47.2184  1.13904
 1.11053 -47.2114  1.13919
 1.11068 -47.2044  1.13934
 1.11083 -47.1973  1.13949
 1.11098 -47.1903  1.13949
 1.11113 -47.1833  1.13964
 1.11128 -47.1763  1.13979
 1.11143 -47.1692  1.13994
 1.11158 -47.1622   1.1401
 1.11173 -47.1552   1.1401
 1.11188 -47.1482  1.14025
 1.11203 -47.1412   1.1404
 1.11218 -47.1342  1.14055
 1.11233 -47.1272   1.1407
 1.11248 -47.1202   1.1407
 1.11263 -47.1132  1.14085
 1.11278 -47.1062    1.141
 1.11293 -47.0992  1.14115
 1.11308 -47.0923   1.1413
 1.11323 -47.0853   1.1413
 1.11338 -47.0783  1.14145
 1.11353 -47.0713   1.1416
 1.11368 -47.0644  1.14175
 1.11383 -47.0574   1.1419
 1.11398 -47.0505   1.1419
 1.11413 -47.0435  1.14205
 1.11428 -47.0365   1.1422
 1.11443 -47.0296  1.14235
 1.11458 -47.0227   1.1425
 1.11473 -47.0157   1.1425
 1.11488 -47.0088  1.14265
 1.11503 -47.0018   1.1428
 1.11518 -46.9949  1.14295
 1.11533  -46.988  1.14295
 1.11548 -46.9811   1.1431
 1.11563 -46.9741  1.14325
 1.11578 -46.9672   1.1434
 1.11593 -46.9603  1.14355
 1.11608 -46.9534  1.14355
 1.11623 -46.9465   1.1437
 1.11638 -46.9396  1.14385
 1.11653 -46.9327    1.144
 1.11668 -46.9258  1.14415
 1.11683 -46.9189   1.1443
 1.11698  -46.912   1.1443
 1.11713 -46.9051  1.14445
 1.11728 -46.8982   1.1446
 1.11743 -46.8914  1.14475
 1.11758 -46.8845   1.1449
 1.11773 -46.8776   1.1449
 1.11788 -46.8708  1.14505
 1.11803 -46.8639   1.1452
 1.11818  -46.857  1.14535
 1.11833 -46.8502   1.1455
 1.11848 -46.8433   1.1455
 1.11863 -46.8365  1.14565
 1.11878 -46.8296   1.1458
 1.11893 -46.8228   1.1458
 1.11908 -46.8159  1.14595
 1.11923 -46.8091   1.1461
 1.11938 -46.8023  1.14625
 1.11953 -46.7955  1.14625
 1.11968 -46.7886   1.1464
 1.11983 -46.7818  1.14655
 1.11998  -46.775   1.1467
 1.12014 -46.7682   1.1467
 1.12029 -46.7614  1.14685
 1.12044 -46.7546    1.147
 1.12059 -46.7478    1.147
 1.12074  -46.741  1.14715
 1.12089 -46.7342   1.1473
 1.12104 -46.7274  1.14745
 1.12119 -46.7207  1.14745
 1.12134 -46.7139   1.1476
 1.12149 -46.7071  1.14775
 1.12164 -46.7004   1.1479
 1.12179 -46.6936   1.1479
 1.12194 -46.6868  1.14805
 1.12209 -46.6801   1.1482
 1.12224 -46.6733   1.1482
 1.12239 -46.6666  1.14835
 1.12254 -46.6598   1.1485
 1.12269 -46.6531  1.14865
 1.12284 -46.6464  1.14865
 1.12299 -46.6396   1.1488
 1.12314 -46.6329  1.14895
 1.12329 -46.6262   1.1491
 1.12344 -46.6195   1.1491
 1.12359 -46.6128  1.14925
 1.12374 -46.6061   1.1494
 1.12389 -46.5994   1.1494
 1.12404 -46.5927  1.14955
 1.12419  -46.586   1.1497
 1.12434 -46.5793  1.14985
 1.12449 -46.5726  1.14985
 1.12464 -46.5659     1.15
 1.12479 -46.5592     1.15
 1.12494 -46.5526     1.15
 1.12509 -46.5459     1.15
 1.12524 -46.5393     1.15
 1.12539 -46.5326     1.15
 1.12554  -46.526     1.15
 1.12569 -46.5194     1.15
 1.12584 -46.5128     1.15
 1.12599 -46.5062     1.15
 1.12614 -46.4997     1.15
 1.12629 -46.4931     1.15
 1.12644 -46.4866     1.15
 1.12659   -46.48     1.15
 1.12674 -46.4735     1.15
 1.12689  -46.467     1.15
 1.12704 -46.4605     1.15
 1.12719  -46.454     1.15
 1.12734 -46.4475     1.15
 1.12749 -46.4411     1.15
 1.12764 -46.4346     1.15
 1.12779 -46.4282     1.15
 1.12794 -46.4217     1.15
 1.12809 -46.4153     1.15
 1.12824 -46.4089     1.15
 1.12839 -46.4025     1.15
 1.12854 -46.3961     1.15
 1.12869 -46.3897     1.15
 1.12884 -46.3834     1.15
 1.12899  -46.377     1.15
 1.12914 -46.3707     1.15
 1.12929 -46.3643     1.15
 1.12944  -46.358     1.15
 1.12959 -46.3517     1.15
 1.12974 -46.3454     1.15
 1.12989 -46.3391     1.15
 1.13004 -46.3328     1.15
 1.13019 -46.3265     1.15
 1.13034 -46.3203     1.15
 1.13049  -46.314     1.15
 1.13064 -46.3078     1.15
 1.13079 -46.3016     1.15
 1.13094 -46.2954     1.15
 1.13109 -46.2892     1.15
 1.13124  -46.283     1.15
 1.13139 -46.2768     1.15
 1.13154 -46.2706     1.15
 1.13169 -46.2645     1.15
 1.13184 -46.2583     1.15
 1.13199 -46.2522     1.15
 1.13214  -46.246     1.15
 1.13229 -46.2399     1.15
 1.13244 -46.2338     1.15
 1.13259 -46.2277     1.15
 1.13274 -46.2216     1.15
 1.13289 -46.2155     1.15
 1.13304 -46.2095     1.15
 1.13319 -46.2034     1.15
 1.13334 -46.1974     1.15
 1.13349 -46.1913     1.15
 1.13364 -46.1853     1.15
 1.13379 -46.1793     1.15
 1.13394 -46.1733     1.15
 1.13409 -46.1673     1.15
 1.13424 -46.1613     1.15
 1.13439 -46.1553     1.15
 1.13454 -46.1494     1.15
 1.13469 -46.1434     1.15
 1.13484 -46.1375     1.15
 1.13499 -46.1316     1.15
 1.13514 -46.1256     1.15
 1.13529 -46.1197     1.15
 1.13544 -46.1138     1.15
 1.13559 -46.1079     1.15
 1.13574  -46.102     1.15
 1.13589 -46.0962     1.15
 1.13604 -46.0903     1.15
 1.13619 -46.0845     1.15
 1.13634 -46.0786     1.15
 1.13649 -46.0728     1.15
 1.13664  -46.067     1.15
 1.13679 -46.0612     1.15
 1.13694 -46.0554     1.15
 1.13709 -46.0496     1.15
 1.13724 -46.0438     1.15
 1.13739  -46.038     1.15
 1.13754 -46.0322     1.15
 1.13769 -46.0265     1.15
 1.13784 -46.0208     1.15
 1.13799  -46.015     1.15
 1.13814 -46.0093     1.15
 1.13829 -46.0036     1.15
 1.13844 -45.9979     1.15
 1.13859 -45.9922     1.15
 1.13874 -45.9865     1.15
 1.13889 -45.9808     1.15
 1.13904 -45.9752     1.15
 1.13919 -45.9695     1.15
 1.13934 -45.9639     1.15
 1.13949 -45.9582     1.15
 1.13964 -45.9526     1.15
 1.13979  -45.947     1.15
 1.13994 -45.9414     1.15
  1.1401 -45.9358     1.15
 1.14025 -45.9302     1.15
  1.1404 -45.9246     1.15
 1.14055  -45.919     1.15
  1.1407 -45.9135     1.15
 1.14085 -45.9079     1.15
   1.141 -45.9024     1.15
 1.14115 -45.8968     1.15
  1.1413 -45.8913     1.15
 1.14145 -45.8858     1.15
  1.1416 -45.8803     1.15
 1.14175 -45.8748     1.15
  1.1419 -45.8693     1.15
 1.14205 -45.8638     1.15
  1.1422 -45.8584     1.15
 1.14235 -45.8529     1.15
  1.1425 -45.8475     1.15
 1.14265  -45.842     1.15
  1.1428 -45.8366     1.15
 1.14295 -45.8312     1.15
  1.1431 -45.8258     1.15
 1.14325 -45.8204     1.15
  1.1434  -45.815     1.15
 1.14355 -45.8096     1.15
  1.1437 -45.8042     1.15
 1.14385 -45.7988     1.15
   1.144 -45.7935     1.15
 1.14415 -45.7881     1.15
  1.1443 -45.7828     1.15
 1.14445 -45.7775     1.15
  1.1446 -45.7721     1.15
 1.14475 -45.7668     1.15
  1.1449 -45.7615     1.15
 1.14505 -45.7562     1.15
  1.1452 -45.7509     1.15
 1.14535 -45.7456     1.15
  1.1455 -45.7404     1.15
 1.14565 -45.7351     1.15
  1.1458 -45.7299     1.15
 1.14595 -45.7246     1.15
  1.1461 -45.7194     1.15
 1.14625 -45.7142     1.15
  1.1464 -45.7089     1.15
 1.14655 -45.7037     1.15
  1.1467 -45.6985     1.15
 1.14685 -45.6933     1.15
   1.147 -45.6882     1.15
 1.14715  -45.683     1.15
  1.1473 -45.6778     1.15
 1.14745 -45.6727     1.15
  1.1476 -45.6675     1.15
 1.14775 -45.6624     1.15
  1.1479 -45.6573     1.15
 1.14805 -45.6521     1.15
  1.1482  -45.647     1.15
 1.14835 -45.6419     1.15
  1.1485 -45.6368     1.15
 1.14865 -45.6317     1.15
  1.1488 -45.6266     1.15
 1.14895 -45.6216     1.15
  1.1491 -45.6165     1.15
 1.14925 -45.6115     1.15
  1.1494 -45.6064     1.15
 1.14955 -45.6014     1.15
  1.1497 -45.5963     1.15
 1.14985 -45.5913     1.15
    1.15 -45.5863     1.15