 kgrid  ValNew  Policy 
    0.85 -72.1742 0.895173
 0.85015 -72.1618 0.895323
  0.8503 -72.1493 0.895473
 0.85045 -72.1369 0.895623
  0.8506 -72.1245 0.895623
 0.85075 -72.1121 0.895773
  0.8509 -72.0997 0.895923
0.851051 -72.0873 0.896073
0.851201  -72.075 0.896223
0.851351 -72.0626 0.896373
0.851501 -72.0502 0.896523
0.851651 -72.0378 0.896673
0.851801 -72.0255 0.896823
0.851951 -72.0131 0.896973
0.852101 -72.0008 0.897124
0.852251 -71.9884 0.897274
0.852401 -71.9761 0.897424
0.852551 -71.9637 0.897424
0.852701 -71.9514 0.897574
0.852851  -71.939 0.897724
0.853002 -71.9267 0.897874
0.853152 -71.9144 0.898024
0.853302 -71.9021 0.898174
0.853452 -71.8898 0.898324
0.853602 -71.8775 0.898474
0.853752 -71.8652 0.898624
0.853902 -71.8529 0.898774
0.854052 -71.8406 0.898924
0.854202 -71.8283 0.899075
0.854352  -71.816 0.899075
0.854502 -71.8037 0.899225
0.854652 -71.7915 0.899375
0.854802 -71.7792 0.899525
0.854952 -71.7669 0.899675
0.855103 -71.7547 0.899825
0.855253 -71.7424 0.899975
0.855403 -71.7302 0.900125
0.855553 -71.7179 0.900275
0.855703 -71.7057 0.900425
0.855853 -71.6935 0.900575
0.856003 -71.6812 0.900725
0.856153  -71.669 0.900875
0.856303 -71.6568 0.901026
0.856453 -71.6446 0.901176
0.856603 -71.6323 0.901326
0.856753 -71.6201 0.901326
0.856903 -71.6079 0.901476
0.857054 -71.5957 0.901626
0.857204 -71.5835 0.901776
0.857354 -71.5713 0.901926
0.857504 -71.5592 0.902076
0.857654  -71.547 0.902226
0.857804 -71.5348 0.902376
0.857954 -71.5226 0.902526
0.858104 -71.5105 0.902676
0.858254 -71.4983 0.902826
0.858404 -71.4861 0.902976
0.858554  -71.474 0.903127
0.858704 -71.4618 0.903277
0.858854 -71.4497 0.903427
0.859005 -71.4375 0.903577
0.859155 -71.4254 0.903577
0.859305 -71.4133 0.903727
0.859455 -71.4011 0.903877
0.859605  -71.389 0.904027
0.859755 -71.3769 0.904177
0.859905 -71.3648 0.904327
0.860055 -71.3527 0.904477
0.860205 -71.3406 0.904627
0.860355 -71.3285 0.904777
0.860505 -71.3164 0.904927
0.860655 -71.3043 0.905078
0.860805 -71.2922 0.905228
0.860955 -71.2801 0.905378
0.861106  -71.268 0.905528
0.861256 -71.2559 0.905678
0.861406 -71.2439 0.905828
0.861556 -71.2318 0.905978
0.861706 -71.2197 0.905978
0.861856 -71.2077 0.906128
0.862006 -71.1956 0.906278
0.862156 -71.1836 0.906428
0.862306 -71.1715 0.906578
0.862456 -71.1595 0.906728
0.862606 -71.1475 0.906878
0.862756 -71.1354 0.907029
0.862906 -71.1234 0.907179
0.863057 -71.1114 0.907329
0.863207 -71.0994 0.907479
0.863357 -71.0873 0.907629
0.863507 -71.0753 0.907779
0.863657 -71.0633 0.907929
0.863807 -71.0513 0.908079
0.863957 -71.0393 0.908229
0.864107 -71.0273 0.908229
0.864257 -71.0153 0.908379
0.864407 -71.0034 0.908529
0.864557 -70.9914 0.908679
0.864707 -70.9794 0.908829
0.864857 -70.9674 0.908979
0.865008 -70.9555  0.90913
0.865158 -70.9435  0.90928
0.865308 -70.9315  0.90943
0.865458 -70.9196  0.90958
0.865608 -70.9076  0.90973
0.865758 -70.8957  0.90988
0.865908 -70.8837  0.91003
0.866058 -70.8718  0.91018
0.866208 -70.8599  0.91033
0.866358 -70.8479  0.91048
0.866508  -70.836  0.91063
0.866658 -70.8241  0.91078
0.866808 -70.8122  0.91078
0.866958 -70.8003  0.91093
0.867109 -70.7884 0.911081
0.867259 -70.7765 0.911231
0.867409 -70.7646 0.911381
0.867559 -70.7527 0.911531
0.867709 -70.7408 0.911681
0.867859 -70.7289 0.911831
0.868009  -70.717 0.911981
0.868159 -70.7051 0.912131
0.868309 -70.6932 0.912281
0.868459 -70.6814 0.912431
0.868609 -70.6695 0.912581
0.868759 -70.6576 0.912731
0.868909 -70.6458 0.912881
 0.86906 -70.6339 0.913032
 0.86921 -70.6221 0.913182
 0.86936 -70.6102 0.913332
 0.86951 -70.5984 0.913482
 0.86966 -70.5865 0.913482
 0.86981 -70.5747 0.913632
 0.86996 -70.5629 0.913782
 0.87011 -70.5511 0.913932
 0.87026 -70.5392 0.914082
 0.87041 -70.5274 0.914232
 0.87056 -70.5156 0.914382
 0.87071 -70.5038 0.914532
 0.87086  -70.492 0.914682
0.871011 -70.4802 0.914832
0.871161 -70.4684 0.914982
0.871311 -70.4566 0.915133
0.871461 -70.4448 0.915283
0.871611  -70.433 0.915433
0.871761 -70.4212 0.915583
0.871911 -70.4095 0.915733
0.872061 -70.3977 0.915883
0.872211 -70.3859 0.916033
0.872361 -70.3741 0.916183
0.872511 -70.3624 0.916183
0.872661 -70.3506 0.916333
0.872811 -70.3389 0.916483
0.872961 -70.3271 0.916633
0.873112 -70.3154 0.916783
0.873262 -70.3036 0.916933
0.873412 -70.2919 0.917084
0.873562 -70.2802 0.917234
0.873712 -70.2684 0.917384
0.873862 -70.2567 0.917534
0.874012  -70.245 0.917684
0.874162 -70.2333 0.917834
0.874312 -70.2216 0.917984
0.874462 -70.2098 0.918134
0.874612 -70.1981 0.918284
0.874762 -70.1864 0.918434
0.874912 -70.1747 0.918584
0.875063 -70.1631 0.918734
0.875213 -70.1514 0.918884
0.875363 -70.1397 0.919035
0.875513  -70.128 0.919035
0.875663 -70.1163 0.919185
0.875813 -70.1046 0.919335
0.875963  -70.093 0.919485
0.876113 -70.0813 0.919635
0.876263 -70.0696 0.919785
0.876413  -70.058 0.919935
0.876563 -70.0463 0.920085
0.876713 -70.0347 0.920235
0.876863  -70.023 0.920385
0.877014 -70.0114 0.920535
0.877164 -69.9998 0.920685
0.877314 -69.9881 0.920835
0.877464 -69.9765 0.920985
0.877614 -69.9649 0.921136
0.877764 -69.9532 0.921286
0.877914 -69.9416 0.921436
0.878064   -69.93 0.921586
0.878214 -69.9184 0.921736
0.878364 -69.9068 0.921886
0.878514 -69.8952 0.921886
0.878664 -69.8836 0.922036
0.878814  -69.872 0.922186
0.878964 -69.8604 0.922336
0.879115 -69.8488 0.922486
0.879265 -69.8372 0.922636
0.879415 -69.8257 0.922786
0.879565 -69.8141 0.922936
0.879715 -69.8025 0.923087
0.879865 -69.7909 0.923237
0.880015 -69.7794 0.923387
0.880165 -69.7678 0.923537
0.880315 -69.7563 0.923687
0.880465 -69.7447 0.923837
0.880615 -69.7332 0.923987
0.880765 -69.7216 0.924137
0.880915 -69.7101 0.924287
0.881066 -69.6985 0.924437
0.881216  -69.687 0.924587
0.881366 -69.6755 0.924737
0.881516 -69.6639 0.924737
0.881666 -69.6524 0.924887
0.881816 -69.6409 0.925038
0.881966 -69.6294 0.925188
0.882116 -69.6179 0.925338
0.882266 -69.6064 0.925488
0.882416 -69.5949 0.925638
0.882566 -69.5834 0.925788
0.882716 -69.5719 0.925938
0.882866 -69.5604 0.926088
0.883017 -69.5489 0.926238
0.883167 -69.5374 0.926388
0.883317 -69.5259 0.926538
0.883467 -69.5145 0.926688
0.883617  -69.503 0.926838
0.883767 -69.4915 0.926988
0.883917 -69.4801 0.927139
0.884067 -69.4686 0.927289
0.884217 -69.4571 0.927439
0.884367 -69.4457 0.927589
0.884517 -69.4342 0.927739
0.884667 -69.4228 0.927889
0.884817 -69.4113 0.927889
0.884967 -69.3999 0.928039
0.885118 -69.3885 0.928189
0.885268  -69.377 0.928339
0.885418 -69.3656 0.928489
0.885568 -69.3542 0.928639
0.885718 -69.3428 0.928789
0.885868 -69.3313 0.928939
0.886018 -69.3199  0.92909
0.886168 -69.3085  0.92924
0.886318 -69.2971  0.92939
0.886468 -69.2857  0.92954
0.886618 -69.2743  0.92969
0.886768 -69.2629  0.92984
0.886918 -69.2515  0.92999
0.887069 -69.2402  0.93014
0.887219 -69.2288  0.93029
0.887369 -69.2174  0.93044
0.887519  -69.206  0.93059
0.887669 -69.1947  0.93074
0.887819 -69.1833  0.93089
0.887969 -69.1719  0.93089
0.888119 -69.1606 0.931041
0.888269 -69.1492 0.931191
0.888419 -69.1379 0.931341
0.888569 -69.1265 0.931491
0.888719 -69.1152 0.931641
0.888869 -69.1038 0.931791
 0.88902 -69.0925 0.931941
 0.88917 -69.0811 0.932091
 0.88932 -69.0698 0.932241
 0.88947 -69.0585 0.932391
 0.88962 -69.0472 0.932541
 0.88977 -69.0358 0.932691
 0.88992 -69.0245 0.932841
 0.89007 -69.0132 0.932991
 0.89022 -69.0019 0.933142
 0.89037 -68.9906 0.933292
 0.89052 -68.9793 0.933442
 0.89067  -68.968 0.933592
 0.89082 -68.9567 0.933742
 0.89097 -68.9454 0.933892
0.891121 -68.9341 0.934042
0.891271 -68.9228 0.934192
0.891421 -68.9116 0.934342
0.891571 -68.9003 0.934342
0.891721  -68.889 0.934492
0.891871 -68.8777 0.934642
0.892021 -68.8665 0.934792
0.892171 -68.8552 0.934942
0.892321  -68.844 0.935093
0.892471 -68.8327 0.935243
0.892621 -68.8215 0.935393
0.892771 -68.8102 0.935543
0.892921  -68.799 0.935693
0.893072 -68.7877 0.935843
0.893222 -68.7765 0.935993
0.893372 -68.7652 0.936143
0.893522  -68.754 0.936293
0.893672 -68.7428 0.936443
0.893822 -68.7316 0.936593
0.893972 -68.7204 0.936743
0.894122 -68.7091 0.936893
0.894272 -68.6979 0.937044
0.894422 -68.6867 0.937194
0.894572 -68.6755 0.937344
0.894722 -68.6643 0.937494
0.894872 -68.6531 0.937644
0.895023 -68.6419 0.937794
0.895173 -68.6307 0.937794
0.895323 -68.6195 0.937944
0.895473 -68.6084 0.938094
0.895623 -68.5972 0.938244
0.895773  -68.586 0.938394
0.895923 -68.5748 0.938544
0.896073 -68.5637 0.938694
0.896223 -68.5525 0.938844
0.896373 -68.5413 0.938994
0.896523 -68.5302 0.939145
0.896673  -68.519 0.939295
0.896823 -68.5079 0.939445
0.896973 -68.4967 0.939595
0.897124 -68.4856 0.939745
0.897274 -68.4744 0.939895
0.897424 -68.4633 0.940045
0.897574 -68.4522 0.940195
0.897724  -68.441 0.940345
0.897874 -68.4299 0.940495
0.898024 -68.4188 0.940645
0.898174 -68.4077 0.940795
0.898324 -68.3965 0.940945
0.898474 -68.3854 0.941096
0.898624 -68.3743 0.941246
0.898774 -68.3632 0.941246
0.898924 -68.3521 0.941396
0.899075  -68.341 0.941546
0.899225 -68.3299 0.941696
0.899375 -68.3188 0.941846
0.899525 -68.3077 0.941996
0.899675 -68.2966 0.942146
0.899825 -68.2856 0.942296
0.899975 -68.2745 0.942446
0.900125 -68.2634 0.942596
0.900275 -68.2523 0.942746
0.900425 -68.2413 0.942896
0.900575 -68.2302 0.943047
0.900725 -68.2192 0.943197
0.900875 -68.2081 0.943347
0.901026  -68.197 0.943497
0.901176  -68.186 0.943647
0.901326 -68.1749 0.943797
0.901476 -68.1639 0.943947
0.901626 -68.1529 0.944097
0.901776 -68.1418 0.944247
0.901926 -68.1308 0.944397
0.902076 -68.1198 0.944547
0.902226 -68.1087 0.944697
0.902376 -68.0977 0.944847
0.902526 -68.0867 0.944847
0.902676 -68.0757 0.944997
0.902826 -68.0647 0.945148
0.902976 -68.0537 0.945298
0.903127 -68.0426 0.945448
0.903277 -68.0316 0.945598
0.903427 -68.0206 0.945748
0.903577 -68.0096 0.945898
0.903727 -67.9987 0.946048
0.903877 -67.9877 0.946198
0.904027 -67.9767 0.946348
0.904177 -67.9657 0.946498
0.904327 -67.9547 0.946648
0.904477 -67.9437 0.946798
0.904627 -67.9328 0.946948
0.904777 -67.9218 0.947099
0.904927 -67.9108 0.947249
0.905078 -67.8999 0.947399
0.905228 -67.8889 0.947549
0.905378  -67.878 0.947699
0.905528  -67.867 0.947849
0.905678 -67.8561 0.947999
0.905828 -67.8451 0.948149
0.905978 -67.8342 0.948299
0.906128 -67.8232 0.948449
0.906278 -67.8123 0.948599
0.906428 -67.8014 0.948599
0.906578 -67.7904 0.948749
0.906728 -67.7795 0.948899
0.906878 -67.7686  0.94905
0.907029 -67.7577   0.9492
0.907179 -67.7468  0.94935
0.907329 -67.7359   0.9495
0.907479 -67.7249  0.94965
0.907629  -67.714   0.9498
0.907779 -67.7031  0.94995
0.907929 -67.6922   0.9501
0.908079 -67.6813  0.95025
0.908229 -67.6705   0.9504
0.908379 -67.6596  0.95055
0.908529 -67.6487   0.9507
0.908679 -67.6378  0.95085
0.908829 -67.6269 0.951001
0.908979 -67.6161 0.951151
 0.90913 -67.6052 0.951301
 0.90928 -67.5943 0.951451
 0.90943 -67.5835 0.951601
 0.90958 -67.5726 0.951751
 0.90973 -67.5617 0.951901
 0.90988 -67.5509 0.952051
 0.91003   -67.54 0.952201
 0.91018 -67.5292 0.952351
 0.91033 -67.5183 0.952351
 0.91048 -67.5075 0.952501
 0.91063 -67.4967 0.952651
 0.91078 -67.4858 0.952801
 0.91093  -67.475 0.952951
0.911081 -67.4642 0.953102
0.911231 -67.4533 0.953252
0.911381 -67.4425 0.953402
0.911531 -67.4317 0.953552
0.911681 -67.4209 0.953702
0.911831 -67.4101 0.953852
0.911981 -67.3993 0.954002
0.912131 -67.3885 0.954152
0.912281 -67.3777 0.954302
0.912431 -67.3669 0.954452
0.912581 -67.3561 0.954602
0.912731 -67.3453 0.954752
0.912881 -67.3345 0.954902
0.913032 -67.3237 0.955053
0.913182 -67.3129 0.955203
0.913332 -67.3021 0.955353
0.913482 -67.2914 0.955503
0.913632 -67.2806 0.955653
0.913782 -67.2698 0.955803
0.913932 -67.2591 0.955953
0.914082 -67.2483 0.956103
0.914232 -67.2375 0.956103
0.914382 -67.2268 0.956253
0.914532  -67.216 0.956403
0.914682 -67.2053 0.956553
0.914832 -67.1945 0.956703
0.914982 -67.1838 0.956853
0.915133 -67.1731 0.957004
0.915283 -67.1623 0.957154
0.915433 -67.1516 0.957304
0.915583 -67.1409 0.957454
0.915733 -67.1301 0.957604
0.915883 -67.1194 0.957754
0.916033 -67.1087 0.957904
0.916183  -67.098 0.958054
0.916333 -67.0873 0.958204
0.916483 -67.0765 0.958354
0.916633 -67.0658 0.958504
0.916783 -67.0551 0.958654
0.916933 -67.0444 0.958804
0.917084 -67.0337 0.958954
0.917234  -67.023 0.959105
0.917384 -67.0124 0.959255
0.917534 -67.0017 0.959405
0.917684  -66.991 0.959555
0.917834 -66.9803 0.959705
0.917984 -66.9696 0.959855
0.918134 -66.9589 0.960005
0.918284 -66.9483 0.960005
0.918434 -66.9376 0.960155
0.918584 -66.9269 0.960305
0.918734 -66.9163 0.960455
0.918884 -66.9056 0.960605
0.919035  -66.895 0.960755
0.919185 -66.8843 0.960905
0.919335 -66.8737 0.961056
0.919485  -66.863 0.961206
0.919635 -66.8524 0.961356
0.919785 -66.8417 0.961506
0.919935 -66.8311 0.961656
0.920085 -66.8205 0.961806
0.920235 -66.8098 0.961956
0.920385 -66.7992 0.962106
0.920535 -66.7886 0.962256
0.920685  -66.778 0.962406
0.920835 -66.7674 0.962556
0.920985 -66.7567 0.962706
0.921136 -66.7461 0.962856
0.921286 -66.7355 0.963007
0.921436 -66.7249 0.963157
0.921586 -66.7143 0.963307
0.921736 -66.7037 0.963457
0.921886 -66.6931 0.963607
0.922036 -66.6825 0.963757
0.922186 -66.6719 0.963907
0.922336 -66.6614 0.963907
0.922486 -66.6508 0.964057
0.922636 -66.6402 0.964207
0.922786 -66.6296 0.964357
0.922936 -66.6191 0.964507
0.923087 -66.6085 0.964657
0.923237 -66.5979 0.964807
0.923387 -66.5874 0.964957
0.923537 -66.5768 0.965108
0.923687 -66.5662 0.965258
0.923837 -66.5557 0.965408
0.923987 -66.5451 0.965558
0.924137 -66.5346 0.965708
0.924287  -66.524 0.965858
0.924437 -66.5135 0.966008
0.924587  -66.503 0.966158
0.924737 -66.4924 0.966308
0.924887 -66.4819 0.966458
0.925038 -66.4714 0.966608
0.925188 -66.4608 0.966758
0.925338 -66.4503 0.966908
0.925488 -66.4398 0.967059
0.925638 -66.4293 0.967209
0.925788 -66.4188 0.967359
0.925938 -66.4083 0.967509
0.926088 -66.3978 0.967659
0.926238 -66.3873 0.967809
0.926388 -66.3768 0.967959
0.926538 -66.3663 0.967959
0.926688 -66.3558 0.968109
0.926838 -66.3453 0.968259
0.926988 -66.3348 0.968409
0.927139 -66.3243 0.968559
0.927289 -66.3138 0.968709
0.927439 -66.3033 0.968859
0.927589 -66.2929  0.96901
0.927739 -66.2824  0.96916
0.927889 -66.2719  0.96931
0.928039 -66.2615  0.96946
0.928189  -66.251  0.96961
0.928339 -66.2405  0.96976
0.928489 -66.2301  0.96991
0.928639 -66.2196  0.97006
0.928789 -66.2092  0.97021
0.928939 -66.1987  0.97036
 0.92909 -66.1883  0.97051
 0.92924 -66.1778  0.97066
 0.92939 -66.1674  0.97081
 0.92954  -66.157  0.97096
 0.92969 -66.1465 0.971111
 0.92984 -66.1361 0.971261
 0.92999 -66.1257 0.971411
 0.93014 -66.1153 0.971561
 0.93029 -66.1048 0.971711
 0.93044 -66.0944 0.971861
 0.93059  -66.084 0.972011
 0.93074 -66.0736 0.972011
 0.93089 -66.0632 0.972161
0.931041 -66.0528 0.972311
0.931191 -66.0424 0.972461
0.931341  -66.032 0.972611
0.931491 -66.0216 0.972761
0.931641 -66.0112 0.972911
0.931791 -66.0008 0.973062
0.931941 -65.9904 0.973212
0.932091   -65.98 0.973362
0.932241 -65.9697 0.973512
0.932391 -65.9593 0.973662
0.932541 -65.9489 0.973812
0.932691 -65.9385 0.973962
0.932841 -65.9282 0.974112
0.932991 -65.9178 0.974262
0.933142 -65.9075 0.974412
0.933292 -65.8971 0.974562
0.933442 -65.8867 0.974712
0.933592 -65.8764 0.974862
0.933742  -65.866 0.975013
0.933892 -65.8557 0.975163
0.934042 -65.8453 0.975313
0.934192  -65.835 0.975463
0.934342 -65.8247 0.975613
0.934492 -65.8143 0.975763
0.934642  -65.804 0.975913
0.934792 -65.7937 0.976063
0.934942 -65.7834 0.976063
0.935093  -65.773 0.976213
0.935243 -65.7627 0.976363
0.935393 -65.7524 0.976513
0.935543 -65.7421 0.976663
0.935693 -65.7318 0.976813
0.935843 -65.7215 0.976963
0.935993 -65.7112 0.977114
0.936143 -65.7009 0.977264
0.936293 -65.6906 0.977414
0.936443 -65.6803 0.977564
0.936593   -65.67 0.977714
0.936743 -65.6597 0.977864
0.936893 -65.6494 0.978014
0.937044 -65.6391 0.978164
0.937194 -65.6288 0.978314
0.937344 -65.6186 0.978464
0.937494 -65.6083 0.978614
0.937644  -65.598 0.978764
0.937794 -65.5878 0.978914
0.937944 -65.5775 0.979065
0.938094 -65.5672 0.979215
0.938244  -65.557 0.979365
0.938394 -65.5467 0.979515
0.938544 -65.5365 0.979665
0.938694 -65.5262 0.979815
0.938844  -65.516 0.979965
0.938994 -65.5057 0.980115
0.939145 -65.4955 0.980115
0.939295 -65.4852 0.980265
0.939445  -65.475 0.980415
0.939595 -65.4648 0.980565
0.939745 -65.4545 0.980715
0.939895 -65.4443 0.980865
0.940045 -65.4341 0.981016
0.940195 -65.4239 0.981166
0.940345 -65.4137 0.981316
0.940495 -65.4034 0.981466
0.940645 -65.3932 0.981616
0.940795  -65.383 0.981766
0.940945 -65.3728 0.981916
0.941096 -65.3626 0.982066
0.941246 -65.3524 0.982216
0.941396 -65.3422 0.982366
0.941546  -65.332 0.982516
0.941696 -65.3218 0.982666
0.941846 -65.3117 0.982816
0.941996 -65.3015 0.982966
0.942146 -65.2913 0.983117
0.942296 -65.2811 0.983267
0.942446 -65.2709 0.983417
0.942596 -65.2608 0.983567
0.942746 -65.2506 0.983717
0.942896 -65.2404 0.983867
0.943047 -65.2303 0.984017
0.943197 -65.2201 0.984167
0.943347   -65.21 0.984317
0.943497 -65.1998 0.984317
0.943647 -65.1896 0.984467
0.943797 -65.1795 0.984617
0.943947 -65.1693 0.984767
0.944097 -65.1592 0.984917
0.944247 -65.1491 0.985068
0.944397 -65.1389 0.985218
0.944547 -65.1288 0.985368
0.944697 -65.1187 0.985518
0.944847 -65.1085 0.985668
0.944997 -65.0984 0.985818
0.945148 -65.0883 0.985968
0.945298 -65.0782 0.986118
0.945448 -65.0681 0.986268
0.945598 -65.0579 0.986418
0.945748 -65.0478 0.986568
0.945898 -65.0377 0.986718
0.946048 -65.0276 0.986868
0.946198 -65.0175 0.987019
0.946348 -65.0074 0.987169
0.946498 -64.9973 0.987319
0.946648 -64.9872 0.987469
0.946798 -64.9771 0.987619
0.946948 -64.9671 0.987769
0.947099  -64.957 0.987919
0.947249 -64.9469 0.988069
0.947399 -64.9368 0.988219
0.947549 -64.9267 0.988369
0.947699 -64.9167 0.988519
0.947849 -64.9066 0.988519
0.947999 -64.8965 0.988669
0.948149 -64.8865 0.988819
0.948299 -64.8764 0.988969
0.948449 -64.8663  0.98912
0.948599 -64.8563  0.98927
0.948749 -64.8462  0.98942
0.948899 -64.8362  0.98957
 0.94905 -64.8261  0.98972
  0.9492 -64.8161  0.98987
 0.94935 -64.8061  0.99002
  0.9495  -64.796  0.99017
 0.94965  -64.786  0.99032
  0.9498 -64.7759  0.99047
 0.94995 -64.7659  0.99062
  0.9501 -64.7559  0.99077
 0.95025 -64.7459  0.99092
  0.9504 -64.7358 0.991071
 0.95055 -64.7258 0.991221
  0.9507 -64.7158 0.991371
 0.95085 -64.7058 0.991521
0.951001 -64.6958 0.991671
0.951151 -64.6858 0.991821
0.951301 -64.6758 0.991971
0.951451 -64.6658 0.992121
0.951601 -64.6558 0.992271
0.951751 -64.6458 0.992421
0.951901 -64.6358 0.992571
0.952051 -64.6258 0.992571
0.952201 -64.6158 0.992721
0.952351 -64.6058 0.992871
0.952501 -64.5959 0.993022
0.952651 -64.5859 0.993172
0.952801 -64.5759 0.993322
0.952951 -64.5659 0.993472
0.953102  -64.556 0.993622
0.953252  -64.546 0.993772
0.953402  -64.536 0.993922
0.953552 -64.5261 0.994072
0.953702 -64.5161 0.994222
0.953852 -64.5062 0.994372
0.954002 -64.4962 0.994522
0.954152 -64.4863 0.994672
0.954302 -64.4763 0.994822
0.954452 -64.4664 0.994972
0.954602 -64.4564 0.995123
0.954752 -64.4465 0.995273
0.954902 -64.4366 0.995423
0.955053 -64.4266 0.995573
0.955203 -64.4167 0.995723
0.955353 -64.4068 0.995873
0.955503 -64.3969 0.996023
0.955653 -64.3869 0.996173
0.955803  -64.377 0.996323
0.955953 -64.3671 0.996473
0.956103 -64.3572 0.996623
0.956253 -64.3473 0.996773
0.956403 -64.3374 0.996773
0.956553 -64.3275 0.996923
0.956703 -64.3176 0.997074
0.956853 -64.3077 0.997224
0.957004 -64.2978 0.997374
0.957154 -64.2879 0.997524
0.957304  -64.278 0.997674
0.957454 -64.2681 0.997824
0.957604 -64.2582 0.997974
0.957754 -64.2484 0.998124
0.957904 -64.2385 0.998274
0.958054 -64.2286 0.998424
0.958204 -64.2187 0.998574
0.958354 -64.2089 0.998724
0.958504  -64.199 0.998874
0.958654 -64.1891 0.999025
0.958804 -64.1793 0.999175
0.958954 -64.1694 0.999325
0.959105 -64.1596 0.999475
0.959255 -64.1497 0.999625
0.959405 -64.1399 0.999775
0.959555   -64.13 0.999925
0.959705 -64.1202  1.00008
0.959855 -64.1103  1.00023
0.960005 -64.1005  1.00038
0.960155 -64.0907  1.00053
0.960305 -64.0808  1.00068
0.960455  -64.071  1.00083
0.960605 -64.0612  1.00083
0.960755 -64.0513  1.00098
0.960905 -64.0415  1.00113
0.961056 -64.0317  1.00128
0.961206 -64.0219  1.00143
0.961356 -64.0121  1.00158
0.961506 -64.0023  1.00173
0.961656 -63.9925  1.00188
0.961806 -63.9827  1.00203
0.961956 -63.9728  1.00218
0.962106  -63.963  1.00233
0.962256 -63.9533  1.00248
0.962406 -63.9435  1.00263
0.962556 -63.9337  1.00278
0.962706 -63.9239  1.00293
0.962856 -63.9141  1.00308
0.963007 -63.9043  1.00323
0.963157 -63.8945  1.00338
0.963307 -63.8848  1.00353
0.963457  -63.875  1.00368
0.963607 -63.8652  1.00383
0.963757 -63.8554  1.00398
0.963907 -63.8457  1.00413
0.964057 -63.8359  1.00428
0.964207 -63.8262  1.00443
0.964357 -63.8164  1.00458
0.964507 -63.8066  1.00473
0.964657 -63.7969  1.00488
0.964807 -63.7871  1.00503
0.964957 -63.7774  1.00503
0.965108 -63.7677  1.00518
0.965258 -63.7579  1.00533
0.965408 -63.7482  1.00548
0.965558 -63.7384  1.00563
0.965708 -63.7287  1.00578
0.965858  -63.719  1.00593
0.966008 -63.7093  1.00608
0.966158 -63.6995  1.00623
0.966308 -63.6898  1.00638
0.966458 -63.6801  1.00653
0.966608 -63.6704  1.00668
0.966758 -63.6607  1.00683
0.966908 -63.6509  1.00698
0.967059 -63.6412  1.00713
0.967209 -63.6315  1.00728
0.967359 -63.6218  1.00743
0.967509 -63.6121  1.00758
0.967659 -63.6024  1.00773
0.967809 -63.5927  1.00788
0.967959 -63.5831  1.00803
0.968109 -63.5734  1.00818
0.968259 -63.5637  1.00833
0.968409  -63.554  1.00848
0.968559 -63.5443  1.00863
0.968709 -63.5346  1.00878
0.968859  -63.525  1.00893
 0.96901 -63.5153  1.00908
 0.96916 -63.5056  1.00923
 0.96931  -63.496  1.00923
 0.96946 -63.4863  1.00938
 0.96961 -63.4766  1.00953
 0.96976  -63.467  1.00968
 0.96991 -63.4573  1.00983
 0.97006 -63.4477  1.00998
 0.97021  -63.438  1.01013
 0.97036 -63.4284  1.01028
 0.97051 -63.4187  1.01043
 0.97066 -63.4091  1.01058
 0.97081 -63.3994  1.01073
 0.97096 -63.3898  1.01088
0.971111 -63.3802  1.01103
0.971261 -63.3705  1.01118
0.971411 -63.3609  1.01133
0.971561 -63.3513  1.01148
0.971711 -63.3417  1.01163
0.971861 -63.3321  1.01178
0.972011 -63.3224  1.01193
0.972161 -63.3128  1.01208
0.972311 -63.3032  1.01223
0.972461 -63.2936  1.01238
0.972611  -63.284  1.01253
0.972761 -63.2744  1.01268
0.972911 -63.2648  1.01283
0.973062 -63.2552  1.01298
0.973212 -63.2456  1.01313
0.973362  -63.236  1.01328
0.973512 -63.2264  1.01328
0.973662 -63.2168  1.01343
0.973812 -63.2072  1.01358
0.973962 -63.1977  1.01373
0.974112 -63.1881  1.01388
0.974262 -63.1785  1.01403
0.974412 -63.1689  1.01418
0.974562 -63.1594  1.01433
0.974712 -63.1498  1.01448
0.974862 -63.1402  1.01463
0.975013 -63.1307  1.01478
0.975163 -63.1211  1.01493
0.975313 -63.1115  1.01508
0.975463  -63.102  1.01523
0.975613 -63.0924  1.01538
0.975763 -63.0829  1.01553
0.975913 -63.0733  1.01568
0.976063 -63.0638  1.01583
0.976213 -63.0543  1.01598
0.976363 -63.0447  1.01613
0.976513 -63.0352  1.01628
0.976663 -63.0256  1.01643
0.976813 -63.0161  1.01658
0.976963 -63.0066  1.01673
0.977114 -62.9971  1.01688
0.977264 -62.9875  1.01703
0.977414  -62.978  1.01718
0.977564 -62.9685  1.01733
0.977714  -62.959  1.01733
0.977864 -62.9495  1.01748
0.978014   -62.94  1.01763
0.978164 -62.9305  1.01778
0.978314  -62.921  1.01793
0.978464 -62.9115  1.01808
0.978614  -62.902  1.01823
0.978764 -62.8925  1.01838
0.978914  -62.883  1.01853
0.979065 -62.8735  1.01868
0.979215  -62.864  1.01883
0.979365 -62.8545  1.01898
0.979515  -62.845  1.01913
0.979665 -62.8355  1.01928
0.979815 -62.8261  1.01943
0.979965 -62.8166  1.01958
0.980115 -62.8071  1.01973
0.980265 -62.7977  1.01988
0.980415 -62.7882  1.02004
0.980565 -62.7787  1.02019
0.980715 -62.7693  1.02034
0.980865 -62.7598  1.02049
0.981016 -62.7503  1.02064
0.981166 -62.7409  1.02079
0.981316 -62.7314  1.02094
0.981466  -62.722  1.02109
0.981616 -62.7126  1.02124
0.981766 -62.7031  1.02124
0.981916 -62.6937  1.02139
0.982066 -62.6842  1.02154
0.982216 -62.6748  1.02169
0.982366 -62.6654  1.02184
0.982516 -62.6559  1.02199
0.982666 -62.6465  1.02214
0.982816 -62.6371  1.02229
0.982966 -62.6277  1.02244
0.983117 -62.6182  1.02259
0.983267 -62.6088  1.02274
0.983417 -62.5994  1.02289
0.983567   -62.59  1.02304
0.983717 -62.5806  1.02319
0.983867 -62.5712  1.02334
0.984017 -62.5618  1.02349
0.984167 -62.5524  1.02364
0.984317  -62.543  1.02379
0.984467 -62.5336  1.02394
0.984617 -62.5242  1.02409
0.984767 -62.5148  1.02424
0.984917 -62.5054  1.02439
0.985068  -62.496  1.02454
0.985218 -62.4867  1.02469
0.985368 -62.4773  1.02484
0.985518 -62.4679  1.02499
0.985668 -62.4585  1.02514
0.985818 -62.4492  1.02529
0.985968 -62.4398  1.02529
0.986118 -62.4304  1.02544
0.986268 -62.4211  1.02559
0.986418 -62.4117  1.02574
0.986568 -62.4024  1.02589
0.986718  -62.393  1.02604
0.986868 -62.3836  1.02619
0.987019 -62.3743  1.02634
0.987169 -62.3649  1.02649
0.987319 -62.3556  1.02664
0.987469 -62.3463  1.02679
0.987619 -62.3369  1.02694
0.987769 -62.3276  1.02709
0.987919 -62.3183  1.02724
0.988069 -62.3089  1.02739
0.988219 -62.2996  1.02754
0.988369 -62.2903  1.02769
0.988519 -62.2809  1.02784
0.988669 -62.2716  1.02799
0.988819 -62.2623  1.02814
0.988969  -62.253  1.02829
 0.98912 -62.2437  1.02844
 0.98927 -62.2344  1.02859
 0.98942 -62.2251  1.02874
 0.98957 -62.2158  1.02889
 0.98972 -62.2064  1.02904
 0.98987 -62.1971  1.02919
 0.99002 -62.1879  1.02919
 0.99017 -62.1786  1.02934
 0.99032 -62.1693  1.02949
 0.99047   -62.16  1.02964
 0.99062 -62.1507  1.02979
 0.99077 -62.1414  1.02994
 0.99092 -62.1321  1.03009
0.991071 -62.1228  1.03024
0.991221 -62.1136  1.03039
0.991371 -62.1043  1.03054
0.991521  -62.095  1.03069
0.991671 -62.0858  1.03084
0.991821 -62.0765  1.03099
0.991971 -62.0672  1.03114
0.992121  -62.058  1.03129
0.992271 -62.0487  1.03144
0.992421 -62.0394  1.03159
0.992571 -62.0302  1.03174
0.992721 -62.0209  1.03189
0.992871 -62.0117  1.03204
0.993022 -62.0024  1.03219
0.993172 -61.9932  1.03234
0.993322  -61.984  1.03249
0.993472 -61.9747  1.03264
0.993622 -61.9655  1.03279
0.993772 -61.9563  1.03294
0.993922  -61.947  1.03309
0.994072 -61.9378  1.03309
0.994222 -61.9286  1.03324
0.994372 -61.9194  1.03339
0.994522 -61.9101  1.03354
0.994672 -61.9009  1.03369
0.994822 -61.8917  1.03384
0.994972 -61.8825  1.03399
0.995123 -61.8733  1.03414
0.995273 -61.8641  1.03429
0.995423 -61.8549  1.03444
0.995573 -61.8457  1.03459
0.995723 -61.8365  1.03474
0.995873 -61.8273  1.03489
0.996023 -61.8181  1.03504
0.996173 -61.8089  1.03519
0.996323 -61.7997  1.03534
0.996473 -61.7905  1.03549
0.996623 -61.7813  1.03564
0.996773 -61.7722  1.03579
0.996923  -61.763  1.03594
0.997074 -61.7538  1.03609
0.997224 -61.7446  1.03624
0.997374 -61.7355  1.03639
0.997524 -61.7263  1.03654
0.997674 -61.7171  1.03669
0.997824  -61.708  1.03684
0.997974 -61.6988  1.03684
0.998124 -61.6896  1.03699
0.998274 -61.6805  1.03714
0.998424 -61.6713  1.03729
0.998574 -61.6622  1.03744
0.998724  -61.653  1.03759
0.998874 -61.6439  1.03774
0.999025 -61.6347  1.03789
0.999175 -61.6256  1.03804
0.999325 -61.6165  1.03819
0.999475 -61.6073  1.03834
0.999625 -61.5982  1.03849
0.999775 -61.5891  1.03864
0.999925 -61.5799  1.03879
 1.00008 -61.5708  1.03894
 1.00023 -61.5617  1.03909
 1.00038 -61.5526  1.03924
 1.00053 -61.5435  1.03939
 1.00068 -61.5343  1.03954
 1.00083 -61.5252  1.03969
 1.00098 -61.5161  1.03984
 1.00113  -61.507  1.03999
 1.00128 -61.4979  1.04015
 1.00143 -61.4888   1.0403
 1.00158 -61.4797  1.04045
 1.00173 -61.4706   1.0406
 1.00188 -61.4615   1.0406
 1.00203 -61.4524  1.04075
 1.00218 -61.4433   1.0409
 1.00233 -61.4343  1.04105
 1.00248 -61.4252   1.0412
 1.00263 -61.4161  1.04135
 1.00278  -61.407   1.0415
 1.00293 -61.3979  1.04165
 1.00308 -61.3889   1.0418
 1.00323 -61.3798  1.04195
 1.00338 -61.3707   1.0421
 1.00353 -61.3617  1.04225
 1.00368 -61.3526   1.0424
 1.00383 -61.3435  1.04255
 1.00398 -61.3345   1.0427
 1.00413 -61.3254  1.04285
 1.00428 -61.3164    1.043
 1.00443 -61.3073  1.04315
 1.00458 -61.2983   1.0433
 1.00473 -61.2892  1.04345
 1.00488 -61.2802   1.0436
 1.00503 -61.2711  1.04375
 1.00518 -61.2621   1.0439
 1.00533 -61.2531  1.04405
 1.00548  -61.244   1.0442
 1.00563  -61.235   1.0442
 1.00578  -61.226  1.04435
 1.00593  -61.217   1.0445
 1.00608 -61.2079  1.04465
 1.00623 -61.1989   1.0448
 1.00638 -61.1899  1.04495
 1.00653 -61.1809   1.0451
 1.00668 -61.1719  1.04525
 1.00683 -61.1629   1.0454
 1.00698 -61.1539  1.04555
 1.00713 -61.1448   1.0457
 1.00728 -61.1358  1.04585
 1.00743 -61.1268    1.046
 1.00758 -61.1178  1.04615
 1.00773 -61.1089   1.0463
 1.00788 -61.0999  1.04645
 1.00803 -61.0909   1.0466
 1.00818 -61.0819  1.04675
 1.00833 -61.0729   1.0469
 1.00848 -61.0639  1.04705
 1.00863 -61.0549   1.0472
 1.00878  -61.046  1.04735
 1.00893  -61.037   1.0475
 1.00908  -61.028  1.04765
 1.00923  -61.019   1.0478
 1.00938 -61.0101   1.0478
 1.00953 -61.0011  1.04795
 1.00968 -60.9922   1.0481
 1.00983 -60.9832  1.04825
 1.00998 -60.9742   1.0484
 1.01013 -60.9653  1.04855
 1.01028 -60.9563   1.0487
 1.01043 -60.9474  1.04885
 1.01058 -60.9384    1.049
 1.01073 -60.9295  1.04915
 1.01088 -60.9205   1.0493
 1.01103 -60.9116  1.04945
 1.01118 -60.9027   1.0496
 1.01133 -60.8937  1.04975
 1.01148 -60.8848   1.0499
 1.01163 -60.8759  1.05005
 1.01178  -60.867   1.0502
 1.01193  -60.858  1.05035
 1.01208 -60.8491   1.0505
 1.01223 -60.8402  1.05065
 1.01238 -60.8313   1.0508
 1.01253 -60.8224  1.05095
 1.01268 -60.8134   1.0511
 1.01283 -60.8045  1.05125
 1.01298 -60.7956   1.0514
 1.01313 -60.7867   1.0514
 1.01328 -60.7778  1.05155
 1.01343 -60.7689   1.0517
 1.01358   -60.76  1.05185
 1.01373 -60.7511    1.052
 1.01388 -60.7422  1.05215
 1.01403 -60.7334   1.0523
 1.01418 -60.7245  1.05245
 1.01433 -60.7156   1.0526
 1.01448 -60.7067  1.05275
 1.01463 -60.6978   1.0529
 1.01478 -60.6889  1.05305
 1.01493 -60.6801   1.0532
 1.01508 -60.6712  1.05335
 1.01523 -60.6623   1.0535
 1.01538 -60.6535  1.05365
 1.01553 -60.6446   1.0538
 1.01568 -60.6357  1.05395
 1.01583 -60.6269   1.0541
 1.01598  -60.618  1.05425
 1.01613 -60.6092   1.0544
 1.01628 -60.6003  1.05455
 1.01643 -60.5915   1.0547
 1.01658 -60.5826  1.05485
 1.01673 -60.5738  1.05485
 1.01688 -60.5649    1.055
 1.01703 -60.5561  1.05515
 1.01718 -60.5473   1.0553
 1.01733 -60.5384  1.05545
 1.01748 -60.5296   1.0556
 1.01763 -60.5208  1.05575
 1.01778 -60.5119   1.0559
 1.01793 -60.5031  1.05605
 1.01808 -60.4943   1.0562
 1.01823 -60.4855  1.05635
 1.01838 -60.4767   1.0565
 1.01853 -60.4678  1.05665
 1.01868  -60.459   1.0568
 1.01883 -60.4502  1.05695
 1.01898 -60.4414   1.0571
 1.01913 -60.4326  1.05725
 1.01928 -60.4238   1.0574
 1.01943  -60.415  1.05755
 1.01958 -60.4062   1.0577
 1.01973 -60.3974  1.05785
 1.01988 -60.3886    1.058
 1.02004 -60.3798  1.05815
 1.02019  -60.371  1.05815
 1.02034 -60.3623   1.0583
 1.02049 -60.3535  1.05845
 1.02064 -60.3447   1.0586
 1.02079 -60.3359  1.05875
 1.02094 -60.3272   1.0589
 1.02109 -60.3184  1.05905
 1.02124 -60.3096   1.0592
 1.02139 -60.3008  1.05935
 1.02154 -60.2921   1.0595
 1.02169 -60.2833  1.05965
 1.02184 -60.2746   1.0598
 1.02199 -60.2658  1.05995
 1.02214  -60.257  1.06011
 1.02229 -60.2483  1.06026
 1.02244 -60.2395  1.06041
 1.02259 -60.2308  1.06056
 1.02274 -60.2221  1.06071
 1.02289 -60.2133  1.06086
 1.02304 -60.2046  1.06101
 1.02319 -60.1958  1.06116
 1.02334 -60.1871  1.06131
 1.02349 -60.1784  1.06131
 1.02364 -60.1696  1.06146
 1.02379 -60.1609  1.06161
 1.02394 -60.1522  1.06176
 1.02409 -60.1435  1.06191
 1.02424 -60.1347  1.06206
 1.02439  -60.126  1.06221
 1.02454 -60.1173  1.06236
 1.02469 -60.1086  1.06251
 1.02484 -60.0999  1.06266
 1.02499 -60.0912  1.06281
 1.02514 -60.0825  1.06296
 1.02529 -60.0738  1.06311
 1.02544 -60.0651  1.06326
 1.02559 -60.0564  1.06341
 1.02574 -60.0477  1.06356
 1.02589  -60.039  1.06371
 1.02604 -60.0303  1.06386
 1.02619 -60.0216  1.06401
 1.02634 -60.0129  1.06416
 1.02649 -60.0043  1.06431
 1.02664 -59.9956  1.06446
 1.02679 -59.9869  1.06446
 1.02694 -59.9782  1.06461
 1.02709 -59.9696  1.06476
 1.02724 -59.9609  1.06491
 1.02739 -59.9522  1.06506
 1.02754 -59.9436  1.06521
 1.02769 -59.9349  1.06536
 1.02784 -59.9262  1.06551
 1.02799 -59.9176  1.06566
 1.02814 -59.9089  1.06581
 1.02829 -59.9003  1.06596
 1.02844 -59.8916  1.06611
 1.02859  -59.883  1.06626
 1.02874 -59.8743  1.06641
 1.02889 -59.8657  1.06656
 1.02904  -59.857  1.06671
 1.02919 -59.8484  1.06686
 1.02934 -59.8398  1.06701
 1.02949 -59.8311  1.06716
 1.02964 -59.8225  1.06731
 1.02979 -59.8139  1.06746
 1.02994 -59.8053  1.06746
 1.03009 -59.7966  1.06761
 1.03024  -59.788  1.06776
 1.03039 -59.7794  1.06791
 1.03054 -59.7708  1.06806
 1.03069 -59.7622  1.06821
 1.03084 -59.7536  1.06836
 1.03099 -59.7449  1.06851
 1.03114 -59.7363  1.06866
 1.03129 -59.7277  1.06881
 1.03144 -59.7191  1.06896
 1.03159 -59.7105  1.06911
 1.03174 -59.7019  1.06926
 1.03189 -59.6934  1.06941
 1.03204 -59.6848  1.06956
 1.03219 -59.6762  1.06971
 1.03234 -59.6676  1.06986
 1.03249  -59.659  1.07001
 1.03264 -59.6504  1.07016
 1.03279 -59.6419  1.07031
 1.03294 -59.6333  1.07046
 1.03309 -59.6247  1.07046
 1.03324 -59.6161  1.07061
 1.03339 -59.6076  1.07076
 1.03354  -59.599  1.07091
 1.03369 -59.5904  1.07106
 1.03384 -59.5819  1.07121
 1.03399 -59.5733  1.07136
 1.03414 -59.5648  1.07151
 1.03429 -59.5562  1.07166
 1.03444 -59.5477  1.07181
 1.03459 -59.5391  1.07196
 1.03474 -59.5306  1.07211
 1.03489  -59.522  1.07226
 1.03504 -59.5135  1.07241
 1.03519 -59.5049  1.07256
 1.03534 -59.4964  1.07271
 1.03549 -59.4879  1.07286
 1.03564 -59.4793  1.07301
 1.03579 -59.4708  1.07316
 1.03594 -59.4623  1.07331
 1.03609 -59.4538  1.07346
 1.03624 -59.4452  1.07346
 1.03639 -59.4367  1.07361
 1.03654 -59.4282  1.07376
 1.03669 -59.4197  1.07391
 1.03684 -59.4112  1.07406
 1.03699 -59.4027  1.07421
 1.03714 -59.3942  1.07436
 1.03729 -59.3856  1.07451
 1.03744 -59.3771  1.07466
 1.03759 -59.3686  1.07481
 1.03774 -59.3601  1.07496
 1.03789 -59.3517  1.07511
 1.03804 -59.3432  1.07526
 1.03819 -59.3347  1.07541
 1.03834 -59.3262  1.07556
 1.03849 -59.3177  1.07571
 1.03864 -59.3092  1.07586
 1.03879 -59.3007  1.07601
 1.03894 -59.2923  1.07616
 1.03909 -59.2838  1.07631
 1.03924 -59.2753  1.07631
 1.03939 -59.2668  1.07646
 1.03954 -59.2584  1.07661
 1.03969 -59.2499  1.07676
 1.03984 -59.2414  1.07691
 1.03999  -59.233  1.07706
 1.04015 -59.2245  1.07721
  1.0403 -59.2161  1.07736
 1.04045 -59.2076  1.07751
  1.0406 -59.1992  1.07766
 1.04075 -59.1907  1.07781
  1.0409 -59.1823  1.07796
 1.04105 -59.1738  1.07811
  1.0412 -59.1654  1.07826
 1.04135  -59.157  1.07841
  1.0415 -59.1485  1.07856
 1.04165 -59.1401  1.07871
  1.0418 -59.1317  1.07886
 1.04195 -59.1232  1.07901
  1.0421 -59.1148  1.07901
 1.04225 -59.1064  1.07916
  1.0424  -59.098  1.07931
 1.04255 -59.0895  1.07946
  1.0427 -59.0811  1.07961
 1.04285 -59.0727  1.07976
   1.043 -59.0643  1.07991
 1.04315 -59.0559  1.08007
  1.0433 -59.0475  1.08022
 1.04345 -59.0391  1.08037
  1.0436 -59.0307  1.08052
 1.04375 -59.0223  1.08067
  1.0439 -59.0139  1.08082
 1.04405 -59.0055  1.08097
  1.0442 -58.9971  1.08112
 1.04435 -58.9887  1.08127
  1.0445 -58.9803  1.08142
 1.04465 -58.9719  1.08157
  1.0448 -58.9636  1.08172
 1.04495 -58.9552  1.08172
  1.0451 -58.9468  1.08187
 1.04525 -58.9384  1.08202
  1.0454 -58.9301  1.08217
 1.04555 -58.9217  1.08232
  1.0457 -58.9133  1.08247
 1.04585  -58.905  1.08262
   1.046 -58.8966  1.08277
 1.04615 -58.8882  1.08292
  1.0463 -58.8799  1.08307
 1.04645 -58.8715  1.08322
  1.0466 -58.8632  1.08337
 1.04675 -58.8548  1.08352
  1.0469 -58.8465  1.08367
 1.04705 -58.8381  1.08382
  1.0472 -58.8298  1.08397
 1.04735 -58.8215  1.08412
  1.0475 -58.8131  1.08412
 1.04765 -58.8048  1.08427
  1.0478 -58.7965  1.08442
 1.04795 -58.7881  1.08457
  1.0481 -58.7798  1.08472
 1.04825 -58.7715  1.08487
  1.0484 -58.7632  1.08502
 1.04855 -58.7548  1.08517
  1.0487 -58.7465  1.08532
 1.04885 -58.7382  1.08547
   1.049 -58.7299  1.08562
 1.04915 -58.7216  1.08577
  1.0493 -58.7133  1.08592
 1.04945  -58.705  1.08607
  1.0496 -58.6967  1.08622
 1.04975 -58.6884  1.08637
  1.0499 -58.6801  1.08652
 1.05005 -58.6718  1.08667
  1.0502 -58.6635  1.08667
 1.05035 -58.6552  1.08682
  1.0505 -58.6469  1.08697
 1.05065 -58.6386  1.08712
  1.0508 -58.6304  1.08727
 1.05095 -58.6221  1.08742
  1.0511 -58.6138  1.08757
 1.05125 -58.6055  1.08772
  1.0514 -58.5973  1.08787
 1.05155  -58.589  1.08802
  1.0517 -58.5807  1.08817
 1.05185 -58.5725  1.08832
   1.052 -58.5642  1.08847
 1.05215 -58.5559  1.08862
  1.0523 -58.5477  1.08877
 1.05245 -58.5394  1.08892
  1.0526 -58.5312  1.08907
 1.05275 -58.5229  1.08907
  1.0529 -58.5147  1.08922
 1.05305 -58.5064  1.08937
  1.0532 -58.4982  1.08952
 1.05335 -58.4899  1.08967
  1.0535 -58.4817  1.08982
 1.05365 -58.4735  1.08997
  1.0538 -58.4652  1.09012
 1.05395  -58.457  1.09027
  1.0541 -58.4488  1.09042
 1.05425 -58.4406  1.09057
  1.0544 -58.4323  1.09072
 1.05455 -58.4241  1.09087
  1.0547 -58.4159  1.09102
 1.05485 -58.4077  1.09117
   1.055 -58.3995  1.09132
 1.05515 -58.3913  1.09132
  1.0553 -58.3831  1.09147
 1.05545 -58.3749  1.09162
  1.0556 -58.3666  1.09177
 1.05575 -58.3584  1.09192
  1.0559 -58.3503  1.09207
 1.05605 -58.3421  1.09222
  1.0562 -58.3339  1.09237
 1.05635 -58.3257  1.09252
  1.0565 -58.3175  1.09267
 1.05665 -58.3093  1.09282
  1.0568 -58.3011  1.09297
 1.05695  -58.293  1.09312
  1.0571 -58.2848  1.09327
 1.05725 -58.2766  1.09327
  1.0574 -58.2684  1.09342
 1.05755 -58.2603  1.09357
  1.0577 -58.2521  1.09372
 1.05785 -58.2439  1.09387
   1.058 -58.2358  1.09402
 1.05815 -58.2276  1.09417
  1.0583 -58.2195  1.09432
 1.05845 -58.2113  1.09447
  1.0586 -58.2032  1.09462
 1.05875  -58.195  1.09477
  1.0589 -58.1869  1.09492
 1.05905 -58.1787  1.09507
  1.0592 -58.1706  1.09522
 1.05935 -58.1625  1.09522
  1.0595 -58.1543  1.09537
 1.05965 -58.1462  1.09552
  1.0598 -58.1381  1.09567
 1.05995 -58.1299  1.09582
 1.06011 -58.1218  1.09597
 1.06026 -58.1137  1.09612
 1.06041 -58.1056  1.09627
 1.06056 -58.0975  1.09642
 1.06071 -58.0893  1.09657
 1.06086 -58.0812  1.09672
 1.06101 -58.0731  1.09687
 1.06116  -58.065  1.09702
 1.06131 -58.0569  1.09717
 1.06146 -58.0488  1.09717
 1.06161 -58.0407  1.09732
 1.06176 -58.0326  1.09747
 1.06191 -58.0245  1.09762
 1.06206 -58.0164  1.09777
 1.06221 -58.0083  1.09792
 1.06236 -58.0003  1.09807
 1.06251 -57.9922  1.09822
 1.06266 -57.9841  1.09837
 1.06281  -57.976  1.09852
 1.06296  -57.968  1.09867
 1.06311 -57.9599  1.09882
 1.06326 -57.9518  1.09897
 1.06341 -57.9437  1.09912
 1.06356 -57.9357  1.09912
 1.06371 -57.9276  1.09927
 1.06386 -57.9196  1.09942
 1.06401 -57.9115  1.09957
 1.06416 -57.9035  1.09972
 1.06431 -57.8954  1.09987
 1.06446 -57.8874  1.10003
 1.06461 -57.8793  1.10018
 1.06476 -57.8713  1.10033
 1.06491 -57.8632  1.10048
 1.06506 -57.8552  1.10063
 1.06521 -57.8472  1.10078
 1.06536 -57.8391  1.10093
 1.06551 -57.8311  1.10093
 1.06566 -57.8231  1.10108
 1.06581  -57.815  1.10123
 1.06596  -57.807  1.10138
 1.06611  -57.799  1.10153
 1.06626  -57.791  1.10168
 1.06641  -57.783  1.10183
 1.06656  -57.775  1.10198
 1.06671 -57.7669  1.10213
 1.06686 -57.7589  1.10228
 1.06701 -57.7509  1.10243
 1.06716 -57.7429  1.10258
 1.06731 -57.7349  1.10258
 1.06746 -57.7269  1.10273
 1.06761  -57.719  1.10288
 1.06776  -57.711  1.10303
 1.06791  -57.703  1.10318
 1.06806  -57.695  1.10333
 1.06821  -57.687  1.10348
 1.06836  -57.679  1.10363
 1.06851  -57.671  1.10378
 1.06866 -57.6631  1.10393
 1.06881 -57.6551  1.10408
 1.06896 -57.6471  1.10423
 1.06911 -57.6392  1.10438
 1.06926 -57.6312  1.10438
 1.06941 -57.6232  1.10453
 1.06956 -57.6153  1.10468
 1.06971 -57.6073  1.10483
 1.06986 -57.5994  1.10498
 1.07001 -57.5914  1.10513
 1.07016 -57.5835  1.10528
 1.07031 -57.5755  1.10543
 1.07046 -57.5676  1.10558
 1.07061 -57.5596  1.10573
 1.07076 -57.5517  1.10588
 1.07091 -57.5438  1.10603
 1.07106 -57.5358  1.10618
 1.07121 -57.5279  1.10618
 1.07136   -57.52  1.10633
 1.07151 -57.5121  1.10648
 1.07166 -57.5041  1.10663
 1.07181 -57.4962  1.10678
 1.07196 -57.4883  1.10693
 1.07211 -57.4804  1.10708
 1.07226 -57.4725  1.10723
 1.07241 -57.4646  1.10738
 1.07256 -57.4567  1.10753
 1.07271 -57.4487  1.10768
 1.07286 -57.4408  1.10783
 1.07301 -57.4329  1.10783
 1.07316 -57.4251  1.10798
 1.07331 -57.4172  1.10813
 1.07346 -57.4093  1.10828
 1.07361 -57.4014  1.10843
 1.07376 -57.3935  1.10858
 1.07391 -57.3856  1.10873
 1.07406 -57.3777  1.10888
 1.07421 -57.3698  1.10903
 1.07436  -57.362  1.10918
 1.07451 -57.3541  1.10933
 1.07466 -57.3462  1.10948
 1.07481 -57.3384  1.10948
 1.07496 -57.3305  1.10963
 1.07511 -57.3226  1.10978
 1.07526 -57.3148  1.10993
 1.07541 -57.3069  1.11008
 1.07556 -57.2991  1.11023
 1.07571 -57.2912  1.11038
 1.07586 -57.2834  1.11053
 1.07601 -57.2755  1.11068
 1.07616 -57.2677  1.11083
 1.07631 -57.2598  1.11098
 1.07646  -57.252  1.11113
 1.07661 -57.2442  1.11128
 1.07676 -57.2363  1.11128
 1.07691 -57.2285  1.11143
 1.07706 -57.2207  1.11158
 1.07721 -57.2128  1.11173
 1.07736  -57.205  1.11188
 1.07751 -57.1972  1.11203
 1.07766 -57.1894  1.11218
 1.07781 -57.1816  1.11233
 1.07796 -57.1738  1.11248
 1.07811 -57.1659  1.11263
 1.07826 -57.1581  1.11263
 1.07841 -57.1503  1.11278
 1.07856 -57.1425  1.11293
 1.07871 -57.1347  1.11308
 1.07886 -57.1269  1.11323
 1.07901 -57.1191  1.11338
 1.07916 -57.1114  1.11353
 1.07931 -57.1036  1.11368
 1.07946 -57.0958  1.11383
 1.07961  -57.088  1.11398
 1.07976 -57.0802  1.11413
 1.07991 -57.0724  1.11413
 1.08007 -57.0647  1.11428
 1.08022 -57.0569  1.11443
 1.08037 -57.0491  1.11458
 1.08052 -57.0414  1.11473
 1.08067 -57.0336  1.11488
 1.08082 -57.0258  1.11503
 1.08097 -57.0181  1.11518
 1.08112 -57.0103  1.11533
 1.08127 -57.0026  1.11548
 1.08142 -56.9948  1.11548
 1.08157 -56.9871  1.11563
 1.08172 -56.9793  1.11578
 1.08187 -56.9716  1.11593
 1.08202 -56.9639  1.11608
 1.08217 -56.9561  1.11623
 1.08232 -56.9484  1.11638
 1.08247 -56.9407  1.11653
 1.08262 -56.9329  1.11668
 1.08277 -56.9252  1.11683
 1.08292 -56.9175  1.11683
 1.08307 -56.9098  1.11698
 1.08322 -56.9021  1.11713
 1.08337 -56.8943  1.11728
 1.08352 -56.8866  1.11743
 1.08367 -56.8789  1.11758
 1.08382 -56.8712  1.11773
 1.08397 -56.8635  1.11788
 1.08412 -56.8558  1.11803
 1.08427 -56.8481  1.11818
 1.08442 -56.8404  1.11818
 1.08457 -56.8327  1.11833
 1.08472 -56.8251  1.11848
 1.08487 -56.8174  1.11863
 1.08502 -56.8097  1.11878
 1.08517  -56.802  1.11893
 1.08532 -56.7943  1.11908
 1.08547 -56.7867  1.11923
 1.08562  -56.779  1.11938
 1.08577 -56.7713  1.11938
 1.08592 -56.7637  1.11953
 1.08607  -56.756  1.11968
 1.08622 -56.7483  1.11983
 1.08637 -56.7407  1.11998
 1.08652  -56.733  1.12014
 1.08667 -56.7254  1.12029
 1.08682 -56.7177  1.12044
 1.08697 -56.7101  1.12059
 1.08712 -56.7024  1.12074
 1.08727 -56.6948  1.12074
 1.08742 -56.6872  1.12089
 1.08757 -56.6795  1.12104
 1.08772 -56.6719  1.12119
 1.08787 -56.6643  1.12134
 1.08802 -56.6566  1.12149
 1.08817  -56.649  1.12164
 1.08832 -56.6414  1.12179
 1.08847 -56.6338  1.12194
 1.08862 -56.6262  1.12194
 1.08877 -56.6186  1.12209
 1.08892 -56.6109  1.12224
 1.08907 -56.6033  1.12239
 1.08922 -56.5957  1.12254
 1.08937 -56.5881  1.12269
 1.08952 -56.5805  1.12284
 1.08967 -56.5729  1.12299
 1.08982 -56.5654  1.12314
 1.08997 -56.5578  1.12314
 1.09012 -56.5502  1.12329
 1.09027 -56.5426  1.12344
 1.09042  -56.535  1.12359
 1.09057 -56.5274  1.12374
 1.09072 -56.5199  1.12389
 1.09087 -56.5123  1.12404
 1.09102 -56.5047  1.12419
 1.09117 -56.4972  1.12419
 1.09132 -56.4896  1.12434
 1.09147  -56.482  1.12449
 1.09162 -56.4745  1.12464
 1.09177 -56.4669  1.12479
 1.09192 -56.4594  1.12479
 1.09207 -56.4518  1.12494
 1.09222 -56.4443  1.12509
 1.09237 -56.4368  1.12524
 1.09252 -56.4292  1.12539
 1.09267 -56.4217  1.12539
 1.09282 -56.4142  1.12554
 1.09297 -56.4067  1.12569
 1.09312 -56.3992  1.12584
 1.09327 -56.3917  1.12599
 1.09342 -56.3841  1.12599
 1.09357 -56.3766  1.12614
 1.09372 -56.3691  1.12629
 1.09387 -56.3616  1.12644
 1.09402 -56.3541  1.12659
 1.09417 -56.3467  1.12674
 1.09432 -56.3392  1.12674
 1.09447 -56.3317  1.12689
 1.09462 -56.3242  1.12704
 1.09477 -56.3167  1.12719
 1.09492 -56.3093  1.12734
 1.09507 -56.3018  1.12734
 1.09522 -56.2943  1.12749
 1.09537 -56.2869  1.12764
 1.09552 -56.2794  1.12779
 1.09567  -56.272  1.12794
 1.09582 -56.2645  1.12794
 1.09597 -56.2571  1.12809
 1.09612 -56.2496  1.12824
 1.09627 -56.2422  1.12839
 1.09642 -56.2348  1.12854
 1.09657 -56.2273  1.12869
 1.09672 -56.2199  1.12869
 1.09687 -56.2125  1.12884
 1.09702 -56.2051  1.12899
 1.09717 -56.1977  1.12914
 1.09732 -56.1903  1.12929
 1.09747 -56.1828  1.12929
 1.09762 -56.1754  1.12944
 1.09777  -56.168  1.12959
 1.09792 -56.1606  1.12974
 1.09807 -56.1533  1.12989
 1.09822 -56.1459  1.12989
 1.09837 -56.1385  1.13004
 1.09852 -56.1311  1.13019
 1.09867 -56.1237  1.13034
 1.09882 -56.1163  1.13049
 1.09897  -56.109  1.13049
 1.09912 -56.1016  1.13064
 1.09927 -56.0942  1.13079
 1.09942 -56.0869  1.13094
 1.09957 -56.0795  1.13109
 1.09972 -56.0722  1.13124
 1.09987 -56.0648  1.13124
 1.10003 -56.0575  1.13139
 1.10018 -56.0501  1.13154
 1.10033 -56.0428  1.13169
 1.10048 -56.0355  1.13184
 1.10063 -56.0281  1.13184
 1.10078 -56.0208  1.13199
 1.10093 -56.0135  1.13214
 1.10108 -56.0062  1.13229
 1.10123 -55.9989  1.13244
 1.10138 -55.9915  1.13244
 1.10153 -55.9842  1.13259
 1.10168 -55.9769  1.13274
 1.10183 -55.9696  1.13289
 1.10198 -55.9623  1.13304
 1.10213  -55.955  1.13304
 1.10228 -55.9477  1.13319
 1.10243 -55.9405  1.13334
 1.10258 -55.9332  1.13349
 1.10273 -55.9259  1.13364
 1.10288 -55.9186  1.13364
 1.10303 -55.9114  1.13379
 1.10318 -55.9041  1.13394
 1.10333 -55.8968  1.13409
 1.10348 -55.8896  1.13424
 1.10363 -55.8823  1.13424
 1.10378  -55.875  1.13439
 1.10393 -55.8678  1.13454
 1.10408 -55.8606  1.13469
 1.10423 -55.8533  1.13484
 1.10438 -55.8461  1.13484
 1.10453 -55.8388  1.13499
 1.10468 -55.8316  1.13514
 1.10483 -55.8244  1.13529
 1.10498 -55.8172  1.13544
 1.10513 -55.8099  1.13544
 1.10528 -55.8027  1.13559
 1.10543 -55.7955  1.13574
 1.10558 -55.7883  1.13589
 1.10573 -55.7811  1.13604
 1.10588 -55.7739  1.13619
 1.10603 -55.7667  1.13619
 1.10618 -55.7595  1.13634
 1.10633 -55.7523  1.13649
 1.10648 -55.7451  1.13664
 1.10663 -55.7379  1.13679
 1.10678 -55.7308  1.13679
 1.10693 -55.7236  1.13694
 1.10708 -55.7164  1.13709
 1.10723 -55.7092  1.13724
 1.10738 -55.7021  1.13739
 1.10753 -55.6949  1.13739
 1.10768 -55.6877  1.13754
 1.10783 -55.6806  1.13769
 1.10798 -55.6734  1.13784
 1.10813 -55.6663  1.13799
 1.10828 -55.6591  1.13799
 1.10843  -55.652  1.13814
 1.10858 -55.6449  1.13829
 1.10873 -55.6377  1.13844
 1.10888 -55.6306  1.13859
 1.10903 -55.6235  1.13859
 1.10918 -55.6164  1.13874
 1.10933 -55.6092  1.13889
 1.10948 -55.6021  1.13904
 1.10963  -55.595  1.13904
 1.10978 -55.5879  1.13919
 1.10993 -55.5808  1.13934
 1.11008 -55.5737  1.13949
 1.11023 -55.5666  1.13964
 1.11038 -55.5595  1.13964
 1.11053 -55.5524  1.13979
 1.11068 -55.5453  1.13994
 1.11083 -55.5383   1.1401
 1.11098 -55.5312  1.14025
 1.11113 -55.5241  1.14025
 1.11128  -55.517   1.1404
 1.11143   -55.51  1.14055
 1.11158 -55.5029   1.1407
 1.11173 -55.4958  1.14085
 1.11188 -55.4888  1.14085
 1.11203 -55.4817    1.141
 1.11218 -55.4747  1.14115
 1.11233 -55.4676   1.1413
 1.11248 -55.4606  1.14145
 1.11263 -55.4536  1.14145
 1.11278 -55.4465   1.1416
 1.11293 -55.4395  1.14175
 1.11308 -55.4325   1.1419
 1.11323 -55.4254  1.14205
 1.11338 -55.4184  1.14205
 1.11353 -55.4114   1.1422
 1.11368 -55.4044  1.14235
 1.11383 -55.3974   1.1425
 1.11398 -55.3904  1.14265
 1.11413 -55.3834  1.14265
 1.11428 -55.3764   1.1428
 1.11443 -55.3694  1.14295
 1.11458 -55.3624   1.1431
 1.11473 -55.3554  1.14325
 1.11488 -55.3484  1.14325
 1.11503 -55.3414   1.1434
 1.11518 -55.3345  1.14355
 1.11533 -55.3275   1.1437
 1.11548 -55.3205  1.14385
 1.11563 -55.3135  1.14385
 1.11578 -55.3066    1.144
 1.11593 -55.2996  1.14415
 1.11608 -55.2927   1.1443
 1.11623 -55.2857  1.14445
 1.11638 -55.2788  1.14445
 1.11653 -55.2718   1.1446
 1.11668 -55.2649  1.14475
 1.11683 -55.2579   1.1449
 1.11698  -55.251   1.1449
 1.11713 -55.2441  1.14505
 1.11728 -55.2372   1.1452
 1.11743 -55.2302   1.1452
 1.11758 -55.2233  1.14535
 1.11773 -55.2164   1.1455
 1.11788 -55.2095  1.14565
 1.11803 -55.2026  1.14565
 1.11818 -55.1957   1.1458
 1.11833 -55.1888  1.14595
 1.11848 -55.1819   1.1461
 1.11863  -55.175   1.1461
 1.11878 -55.1681  1.14625
 1.11893 -55.1613   1.1464
 1.11908 -55.1544   1.1464
 1.11923 -55.1475  1.14655
 1.11938 -55.1407   1.1467
 1.11953 -55.1338  1.14685
 1.11968 -55.1269  1.14685
 1.11983 -55.1201    1.147
 1.11998 -55.1132  1.14715
 1.12014 -55.1064   1.1473
 1.12029 -55.0996   1.1473
 1.12044 -55.0927  1.14745
 1.12059 -55.0859   1.1476
 1.12074 -55.0791   1.1476
 1.12089 -55.0722  1.14775
 1.12104 -55.0654   1.1479
 1.12119 -55.0586  1.14805
 1.12134 -55.0518  1.14805
 1.12149  -55.045   1.1482
 1.12164 -55.0382  1.14835
 1.12179 -55.0314   1.1485
 1.12194 -55.0246   1.1485
 1.12209 -55.0178  1.14865
 1.12224  -55.011   1.1488
 1.12239 -55.0043   1.1488
 1.12254 -54.9975  1.14895
 1.12269 -54.9907   1.1491
 1.12284 -54.9839  1.14925
 1.12299 -54.9772  1.14925
 1.12314 -54.9704   1.1494
 1.12329 -54.9637  1.14955
 1.12344 -54.9569   1.1497
 1.12359 -54.9502   1.1497
 1.12374 -54.9434  1.14985
 1.12389 -54.9367     1.15
 1.12404 -54.9299     1.15
 1.12419 -54.9232     1.15
 1.12434 -54.9165     1.15
 1.12449 -54.9098     1.15
 1.12464 -54.9031     1.15
 1.12479 -54.8965     1.15
 1.12494 -54.8898     1.15
 1.12509 -54.8831     1.15
 1.12524 -54.8765     1.15
 1.12539 -54.8699     1.15
 1.12554 -54.8633     1.15
 1.12569 -54.8567     1.15
 1.12584 -54.8501     1.15
 1.12599 -54.8435     1.15
 1.12614 -54.8369     1.15
 1.12629 -54.8303     1.15
 1.12644 -54.8238     1.15
 1.12659 -54.8173     1.15
 1.12674 -54.8107     1.15
 1.12689 -54.8042     1.15
 1.12704 -54.7977     1.15
 1.12719 -54.7912     1.15
 1.12734 -54.7848     1.15
 1.12749 -54.7783     1.15
 1.12764 -54.7718     1.15
 1.12779 -54.7654     1.15
 1.12794  -54.759     1.15
 1.12809 -54.7525     1.15
 1.12824 -54.7461     1.15
 1.12839 -54.7397     1.15
 1.12854 -54.7333     1.15
 1.12869  -54.727     1.15
 1.12884 -54.7206     1.15
 1.12899 -54.7142     1.15
 1.12914 -54.7079     1.15
 1.12929 -54.7015     1.15
 1.12944 -54.6952     1.15
 1.12959 -54.6889     1.15
 1.12974 -54.6826     1.15
 1.12989 -54.6763     1.15
 1.13004   -54.67     1.15
 1.13019 -54.6638     1.15
 1.13034 -54.6575     1.15
 1.13049 -54.6513     1.15
 1.13064  -54.645     1.15
 1.13079 -54.6388     1.15
 1.13094 -54.6326     1.15
 1.13109 -54.6264     1.15
 1.13124 -54.6202     1.15
 1.13139  -54.614     1.15
 1.13154 -54.6078     1.15
 1.13169 -54.6017     1.15
 1.13184 -54.5955     1.15
 1.13199 -54.5894     1.15
 1.13214 -54.5833     1.15
 1.13229 -54.5771     1.15
 1.13244  -54.571     1.15
 1.13259 -54.5649     1.15
 1.13274 -54.5589     1.15
 1.13289 -54.5528     1.15
 1.13304 -54.5467     1.15
 1.13319 -54.5407     1.15
 1.13334 -54.5346     1.15
 1.13349 -54.5286     1.15
 1.13364 -54.5225     1.15
 1.13379 -54.5165     1.15
 1.13394 -54.5105     1.15
 1.13409 -54.5045     1.15
 1.13424 -54.4986     1.15
 1.13439 -54.4926     1.15
 1.13454 -54.4866     1.15
 1.13469 -54.4807     1.15
 1.13484 -54.4747     1.15
 1.13499 -54.4688     1.15
 1.13514 -54.4629     1.15
 1.13529  -54.457     1.15
 1.13544 -54.4511     1.15
 1.13559 -54.4452     1.15
 1.13574 -54.4393     1.15
 1.13589 -54.4334     1.15
 1.13604 -54.4275     1.15
 1.13619 -54.4217     1.15
 1.13634 -54.4159     1.15
 1.13649   -54.41     1.15
 1.13664 -54.4042     1.15
 1.13679 -54.3984     1.15
 1.13694 -54.3926     1.15
 1.13709 -54.3868     1.15
 1.13724  -54.381     1.15
 1.13739 -54.3752     1.15
 1.13754 -54.3695     1.15
 1.13769 -54.3637     1.15
 1.13784  -54.358     1.15
 1.13799 -54.3522     1.15
 1.13814 -54.3465     1.15
 1.13829 -54.3408     1.15
 1.13844 -54.3351     1.15
 1.13859 -54.3294     1.15
 1.13874 -54.3237     1.15
 1.13889 -54.3181     1.15
 1.13904 -54.3124     1.15
 1.13919 -54.3067     1.15
 1.13934 -54.3011     1.15
 1.13949 -54.2954     1.15
 1.13964 -54.2898     1.15
 1.13979 -54.2842     1.15
 1.13994 -54.2786     1.15
  1.1401  -54.273     1.15
 1.14025 -54.2674     1.15
  1.1404 -54.2618     1.15
 1.14055 -54.2563     1.15
  1.1407 -54.2507     1.15
 1.14085 -54.2451     1.15
   1.141 -54.2396     1.15
 1.14115 -54.2341     1.15
  1.1413 -54.2285     1.15
 1.14145  -54.223     1.15
  1.1416 -54.2175     1.15
 1.14175  -54.212     1.15
  1.1419 -54.2065     1.15
 1.14205 -54.2011     1.15
  1.1422 -54.1956     1.15
 1.14235 -54.1901     1.15
  1.1425 -54.1847     1.15
 1.14265 -54.1793     1.15
  1.1428 -54.1738     1.15
 1.14295 -54.1684     1.15
  1.1431  -54.163     1.15
 1.14325 -54.1576     1.15
  1.1434 -54.1522     1.15
 1.14355 -54.1468     1.15
  1.1437 -54.1414     1.15
 1.14385 -54.1361     1.15
   1.144 -54.1307     1.15
 1.14415 -54.1254     1.15
  1.1443   -54.12     1.15
 1.14445 -54.1147     1.15
  1.1446 -54.1094     1.15
 1.14475  -54.104     1.15
  1.1449 -54.0987     1.15
 1.14505 -54.0934     1.15
  1.1452 -54.0882     1.15
 1.14535 -54.0829     1.15
  1.1455 -54.0776     1.15
 1.14565 -54.0723     1.15
  1.1458 -54.0671     1.15
 1.14595 -54.0619     1.15
  1.1461 -54.0566     1.15
 1.14625 -54.0514     1.15
  1.1464 -54.0462     1.15
 1.14655  -54.041     1.15
  1.1467 -54.0358     1.15
 1.14685 -54.0306     1.15
   1.147 -54.0254     1.15
 1.14715 -54.0202     1.15
  1.1473 -54.0151     1.15
 1.14745 -54.0099     1.15
  1.1476 -54.0048     1.15
 1.14775 -53.9996     1.15
  1.1479 -53.9945     1.15
 1.14805 -53.9894     1.15
  1.1482 -53.9842     1.15
 1.14835 -53.9791     1.15
  1.1485  -53.974     1.15
 1.14865  -53.969     1.15
  1.1488 -53.9639     1.15
 1.14895 -53.9588     1.15
  1.1491 -53.9537     1.15
 1.14925 -53.9487     1.15
  1.1494 -53.9436     1.15
 1.14955 -53.9386     1.15
  1.1497 -53.9336     1.15
 1.14985 -53.9286     1.15
    1.15 -53.9235     1.15