 kgrid  ValNew  Policy 
    0.85 -72.3531 0.878064
 0.85015 -72.3401 0.878214
  0.8503 -72.3271 0.878364
 0.85045 -72.3141 0.878514
  0.8506 -72.3012 0.878664
 0.85075 -72.2882 0.878814
  0.8509 -72.2752 0.878964
0.851051 -72.2623 0.878964
0.851201 -72.2493 0.879115
0.851351 -72.2364 0.879265
0.851501 -72.2234 0.879415
0.851651 -72.2105 0.879565
0.851801 -72.1975 0.879715
0.851951 -72.1846 0.879865
0.852101 -72.1717 0.880015
0.852251 -72.1588 0.880165
0.852401 -72.1459 0.880165
0.852551  -72.133 0.880315
0.852701 -72.1201 0.880465
0.852851 -72.1072 0.880615
0.853002 -72.0943 0.880765
0.853152 -72.0814 0.880915
0.853302 -72.0685 0.881066
0.853452 -72.0557 0.881216
0.853602 -72.0428 0.881366
0.853752 -72.0299 0.881516
0.853902 -72.0171 0.881516
0.854052 -72.0042 0.881666
0.854202 -71.9914 0.881816
0.854352 -71.9786 0.881966
0.854502 -71.9657 0.882116
0.854652 -71.9529 0.882266
0.854802 -71.9401 0.882416
0.854952 -71.9273 0.882566
0.855103 -71.9145 0.882716
0.855253 -71.9017 0.882716
0.855403 -71.8889 0.882866
0.855553 -71.8761 0.883017
0.855703 -71.8633 0.883167
0.855853 -71.8505 0.883317
0.856003 -71.8377 0.883467
0.856153  -71.825 0.883617
0.856303 -71.8122 0.883767
0.856453 -71.7994 0.883917
0.856603 -71.7867 0.884067
0.856753 -71.7739 0.884217
0.856903 -71.7612 0.884217
0.857054 -71.7485 0.884367
0.857204 -71.7357 0.884517
0.857354  -71.723 0.884667
0.857504 -71.7103 0.884817
0.857654 -71.6976 0.884967
0.857804 -71.6848 0.885118
0.857954 -71.6721 0.885268
0.858104 -71.6594 0.885418
0.858254 -71.6468 0.885418
0.858404 -71.6341 0.885568
0.858554 -71.6214 0.885718
0.858704 -71.6087 0.885868
0.858854  -71.596 0.886018
0.859005 -71.5834 0.886168
0.859155 -71.5707 0.886318
0.859305  -71.558 0.886468
0.859455 -71.5454 0.886618
0.859605 -71.5327 0.886768
0.859755 -71.5201 0.886768
0.859905 -71.5075 0.886918
0.860055 -71.4948 0.887069
0.860205 -71.4822 0.887219
0.860355 -71.4696 0.887369
0.860505  -71.457 0.887519
0.860655 -71.4444 0.887669
0.860805 -71.4318 0.887819
0.860955 -71.4192 0.887969
0.861106 -71.4066 0.888119
0.861256  -71.394 0.888269
0.861406 -71.3814 0.888269
0.861556 -71.3688 0.888419
0.861706 -71.3563 0.888569
0.861856 -71.3437 0.888719
0.862006 -71.3311 0.888869
0.862156 -71.3186  0.88902
0.862306  -71.306  0.88917
0.862456 -71.2935  0.88932
0.862606  -71.281  0.88947
0.862756 -71.2684  0.88962
0.862906 -71.2559  0.88962
0.863057 -71.2434  0.88977
0.863207 -71.2308  0.88992
0.863357 -71.2183  0.89007
0.863507 -71.2058  0.89022
0.863657 -71.1933  0.89037
0.863807 -71.1808  0.89052
0.863957 -71.1683  0.89067
0.864107 -71.1558  0.89082
0.864257 -71.1434  0.89097
0.864407 -71.1309 0.891121
0.864557 -71.1184 0.891121
0.864707 -71.1059 0.891271
0.864857 -71.0935 0.891421
0.865008  -71.081 0.891571
0.865158 -71.0686 0.891721
0.865308 -71.0561 0.891871
0.865458 -71.0437 0.892021
0.865608 -71.0312 0.892171
0.865758 -71.0188 0.892321
0.865908 -71.0064 0.892471
0.866058  -70.994 0.892621
0.866208 -70.9815 0.892621
0.866358 -70.9691 0.892771
0.866508 -70.9567 0.892921
0.866658 -70.9443 0.893072
0.866808 -70.9319 0.893222
0.866958 -70.9195 0.893372
0.867109 -70.9072 0.893522
0.867259 -70.8948 0.893672
0.867409 -70.8824 0.893822
0.867559   -70.87 0.893972
0.867709 -70.8577 0.894122
0.867859 -70.8453 0.894122
0.868009 -70.8329 0.894272
0.868159 -70.8206 0.894422
0.868309 -70.8082 0.894572
0.868459 -70.7959 0.894722
0.868609 -70.7836 0.894872
0.868759 -70.7712 0.895023
0.868909 -70.7589 0.895173
 0.86906 -70.7466 0.895323
 0.86921 -70.7343 0.895473
 0.86936  -70.722 0.895623
 0.86951 -70.7096 0.895623
 0.86966 -70.6973 0.895773
 0.86981  -70.685 0.895923
 0.86996 -70.6728 0.896073
 0.87011 -70.6605 0.896223
 0.87026 -70.6482 0.896373
 0.87041 -70.6359 0.896523
 0.87056 -70.6236 0.896673
 0.87071 -70.6114 0.896823
 0.87086 -70.5991 0.896973
0.871011 -70.5869 0.897124
0.871161 -70.5746 0.897124
0.871311 -70.5624 0.897274
0.871461 -70.5501 0.897424
0.871611 -70.5379 0.897574
0.871761 -70.5256 0.897724
0.871911 -70.5134 0.897874
0.872061 -70.5012 0.898024
0.872211  -70.489 0.898174
0.872361 -70.4768 0.898324
0.872511 -70.4645 0.898474
0.872661 -70.4523 0.898624
0.872811 -70.4401 0.898624
0.872961 -70.4279 0.898774
0.873112 -70.4158 0.898924
0.873262 -70.4036 0.899075
0.873412 -70.3914 0.899225
0.873562 -70.3792 0.899375
0.873712  -70.367 0.899525
0.873862 -70.3549 0.899675
0.874012 -70.3427 0.899825
0.874162 -70.3306 0.899975
0.874312 -70.3184 0.900125
0.874462 -70.3063 0.900275
0.874612 -70.2941 0.900425
0.874762  -70.282 0.900575
0.874912 -70.2698 0.900575
0.875063 -70.2577 0.900725
0.875213 -70.2456 0.900875
0.875363 -70.2335 0.901026
0.875513 -70.2213 0.901176
0.875663 -70.2092 0.901326
0.875813 -70.1971 0.901476
0.875963  -70.185 0.901626
0.876113 -70.1729 0.901776
0.876263 -70.1608 0.901926
0.876413 -70.1487 0.902076
0.876563 -70.1366 0.902226
0.876713 -70.1246 0.902376
0.876863 -70.1125 0.902526
0.877014 -70.1004 0.902526
0.877164 -70.0883 0.902676
0.877314 -70.0763 0.902826
0.877464 -70.0642 0.902976
0.877614 -70.0522 0.903127
0.877764 -70.0401 0.903277
0.877914 -70.0281 0.903427
0.878064  -70.016 0.903577
0.878214  -70.004 0.903727
0.878364 -69.9919 0.903877
0.878514 -69.9799 0.904027
0.878664 -69.9679 0.904177
0.878814 -69.9559 0.904327
0.878964 -69.9438 0.904477
0.879115 -69.9318 0.904627
0.879265 -69.9198 0.904627
0.879415 -69.9078 0.904777
0.879565 -69.8958 0.904927
0.879715 -69.8838 0.905078
0.879865 -69.8718 0.905228
0.880015 -69.8599 0.905378
0.880165 -69.8479 0.905528
0.880315 -69.8359 0.905678
0.880465 -69.8239 0.905828
0.880615 -69.8119 0.905978
0.880765    -69.8 0.906128
0.880915  -69.788 0.906278
0.881066 -69.7761 0.906428
0.881216 -69.7641 0.906578
0.881366 -69.7522 0.906578
0.881516 -69.7402 0.906728
0.881666 -69.7283 0.906878
0.881816 -69.7163 0.907029
0.881966 -69.7044 0.907179
0.882116 -69.6925 0.907329
0.882266 -69.6806 0.907479
0.882416 -69.6686 0.907629
0.882566 -69.6567 0.907779
0.882716 -69.6448 0.907929
0.882866 -69.6329 0.908079
0.883017  -69.621 0.908229
0.883167 -69.6091 0.908379
0.883317 -69.5972 0.908529
0.883467 -69.5853 0.908679
0.883617 -69.5735 0.908829
0.883767 -69.5616 0.908829
0.883917 -69.5497 0.908979
0.884067 -69.5378  0.90913
0.884217  -69.526  0.90928
0.884367 -69.5141  0.90943
0.884517 -69.5022  0.90958
0.884667 -69.4904  0.90973
0.884817 -69.4785  0.90988
0.884967 -69.4667  0.91003
0.885118 -69.4548  0.91018
0.885268  -69.443  0.91033
0.885418 -69.4312  0.91048
0.885568 -69.4193  0.91063
0.885718 -69.4075  0.91078
0.885868 -69.3957  0.91093
0.886018 -69.3839 0.911081
0.886168 -69.3721 0.911081
0.886318 -69.3602 0.911231
0.886468 -69.3484 0.911381
0.886618 -69.3366 0.911531
0.886768 -69.3248 0.911681
0.886918 -69.3131 0.911831
0.887069 -69.3013 0.911981
0.887219 -69.2895 0.912131
0.887369 -69.2777 0.912281
0.887519 -69.2659 0.912431
0.887669 -69.2541 0.912581
0.887819 -69.2424 0.912731
0.887969 -69.2306 0.912881
0.888119 -69.2189 0.913032
0.888269 -69.2071 0.913182
0.888419 -69.1953 0.913332
0.888569 -69.1836 0.913332
0.888719 -69.1719 0.913482
0.888869 -69.1601 0.913632
 0.88902 -69.1484 0.913782
 0.88917 -69.1366 0.913932
 0.88932 -69.1249 0.914082
 0.88947 -69.1132 0.914232
 0.88962 -69.1015 0.914382
 0.88977 -69.0897 0.914532
 0.88992  -69.078 0.914682
 0.89007 -69.0663 0.914832
 0.89022 -69.0546 0.914982
 0.89037 -69.0429 0.915133
 0.89052 -69.0312 0.915283
 0.89067 -69.0195 0.915433
 0.89082 -69.0078 0.915583
 0.89097 -68.9962 0.915733
0.891121 -68.9845 0.915733
0.891271 -68.9728 0.915883
0.891421 -68.9611 0.916033
0.891571 -68.9495 0.916183
0.891721 -68.9378 0.916333
0.891871 -68.9261 0.916483
0.892021 -68.9145 0.916633
0.892171 -68.9028 0.916783
0.892321 -68.8912 0.916933
0.892471 -68.8795 0.917084
0.892621 -68.8679 0.917234
0.892771 -68.8562 0.917384
0.892921 -68.8446 0.917534
0.893072  -68.833 0.917684
0.893222 -68.8214 0.917834
0.893372 -68.8097 0.917984
0.893522 -68.7981 0.918134
0.893672 -68.7865 0.918134
0.893822 -68.7749 0.918284
0.893972 -68.7633 0.918434
0.894122 -68.7517 0.918584
0.894272 -68.7401 0.918734
0.894422 -68.7285 0.918884
0.894572 -68.7169 0.919035
0.894722 -68.7053 0.919185
0.894872 -68.6937 0.919335
0.895023 -68.6822 0.919485
0.895173 -68.6706 0.919635
0.895323  -68.659 0.919785
0.895473 -68.6474 0.919935
0.895623 -68.6359 0.920085
0.895773 -68.6243 0.920235
0.895923 -68.6128 0.920385
0.896073 -68.6012 0.920535
0.896223 -68.5897 0.920535
0.896373 -68.5781 0.920685
0.896523 -68.5666 0.920835
0.896673  -68.555 0.920985
0.896823 -68.5435 0.921136
0.896973  -68.532 0.921286
0.897124 -68.5205 0.921436
0.897274 -68.5089 0.921586
0.897424 -68.4974 0.921736
0.897574 -68.4859 0.921886
0.897724 -68.4744 0.922036
0.897874 -68.4629 0.922186
0.898024 -68.4514 0.922336
0.898174 -68.4399 0.922486
0.898324 -68.4284 0.922636
0.898474 -68.4169 0.922786
0.898624 -68.4054 0.922936
0.898774 -68.3939 0.923087
0.898924 -68.3825 0.923087
0.899075  -68.371 0.923237
0.899225 -68.3595 0.923387
0.899375 -68.3481 0.923537
0.899525 -68.3366 0.923687
0.899675 -68.3251 0.923837
0.899825 -68.3137 0.923987
0.899975 -68.3022 0.924137
0.900125 -68.2908 0.924287
0.900275 -68.2793 0.924437
0.900425 -68.2679 0.924587
0.900575 -68.2565 0.924737
0.900725  -68.245 0.924887
0.900875 -68.2336 0.925038
0.901026 -68.2222 0.925188
0.901176 -68.2107 0.925338
0.901326 -68.1993 0.925488
0.901476 -68.1879 0.925638
0.901626 -68.1765 0.925638
0.901776 -68.1651 0.925788
0.901926 -68.1537 0.925938
0.902076 -68.1423 0.926088
0.902226 -68.1309 0.926238
0.902376 -68.1195 0.926388
0.902526 -68.1081 0.926538
0.902676 -68.0967 0.926688
0.902826 -68.0853 0.926838
0.902976  -68.074 0.926988
0.903127 -68.0626 0.927139
0.903277 -68.0512 0.927289
0.903427 -68.0399 0.927439
0.903577 -68.0285 0.927589
0.903727 -68.0171 0.927739
0.903877 -68.0058 0.927889
0.904027 -67.9944 0.928039
0.904177 -67.9831 0.928189
0.904327 -67.9717 0.928339
0.904477 -67.9604 0.928339
0.904627 -67.9491 0.928489
0.904777 -67.9377 0.928639
0.904927 -67.9264 0.928789
0.905078 -67.9151 0.928939
0.905228 -67.9038  0.92909
0.905378 -67.8924  0.92924
0.905528 -67.8811  0.92939
0.905678 -67.8698  0.92954
0.905828 -67.8585  0.92969
0.905978 -67.8472  0.92984
0.906128 -67.8359  0.92999
0.906278 -67.8246  0.93014
0.906428 -67.8133  0.93029
0.906578  -67.802  0.93044
0.906728 -67.7907  0.93059
0.906878 -67.7795  0.93074
0.907029 -67.7682  0.93089
0.907179 -67.7569 0.931041
0.907329 -67.7456 0.931041
0.907479 -67.7344 0.931191
0.907629 -67.7231 0.931341
0.907779 -67.7119 0.931491
0.907929 -67.7006 0.931641
0.908079 -67.6893 0.931791
0.908229 -67.6781 0.931941
0.908379 -67.6669 0.932091
0.908529 -67.6556 0.932241
0.908679 -67.6444 0.932391
0.908829 -67.6331 0.932541
0.908979 -67.6219 0.932691
 0.90913 -67.6107 0.932841
 0.90928 -67.5995 0.932991
 0.90943 -67.5882 0.933142
 0.90958  -67.577 0.933292
 0.90973 -67.5658 0.933442
 0.90988 -67.5546 0.933592
 0.91003 -67.5434 0.933742
 0.91018 -67.5322 0.933892
 0.91033  -67.521 0.933892
 0.91048 -67.5098 0.934042
 0.91063 -67.4986 0.934192
 0.91078 -67.4874 0.934342
 0.91093 -67.4762 0.934492
0.911081 -67.4651 0.934642
0.911231 -67.4539 0.934792
0.911381 -67.4427 0.934942
0.911531 -67.4315 0.935093
0.911681 -67.4204 0.935243
0.911831 -67.4092 0.935393
0.911981  -67.398 0.935543
0.912131 -67.3869 0.935693
0.912281 -67.3757 0.935843
0.912431 -67.3646 0.935993
0.912581 -67.3534 0.936143
0.912731 -67.3423 0.936293
0.912881 -67.3312 0.936443
0.913032   -67.32 0.936593
0.913182 -67.3089 0.936743
0.913332 -67.2978 0.936743
0.913482 -67.2866 0.936893
0.913632 -67.2755 0.937044
0.913782 -67.2644 0.937194
0.913932 -67.2533 0.937344
0.914082 -67.2422 0.937494
0.914232 -67.2311 0.937644
0.914382   -67.22 0.937794
0.914532 -67.2089 0.937944
0.914682 -67.1978 0.938094
0.914832 -67.1867 0.938244
0.914982 -67.1756 0.938394
0.915133 -67.1645 0.938544
0.915283 -67.1534 0.938694
0.915433 -67.1423 0.938844
0.915583 -67.1313 0.938994
0.915733 -67.1202 0.939145
0.915883 -67.1091 0.939295
0.916033 -67.0981 0.939445
0.916183  -67.087 0.939595
0.916333 -67.0759 0.939745
0.916483 -67.0649 0.939745
0.916633 -67.0538 0.939895
0.916783 -67.0428 0.940045
0.916933 -67.0317 0.940195
0.917084 -67.0207 0.940345
0.917234 -67.0097 0.940495
0.917384 -66.9986 0.940645
0.917534 -66.9876 0.940795
0.917684 -66.9766 0.940945
0.917834 -66.9655 0.941096
0.917984 -66.9545 0.941246
0.918134 -66.9435 0.941396
0.918284 -66.9325 0.941546
0.918434 -66.9215 0.941696
0.918584 -66.9105 0.941846
0.918734 -66.8995 0.941996
0.918884 -66.8885 0.942146
0.919035 -66.8775 0.942296
0.919185 -66.8665 0.942446
0.919335 -66.8555 0.942596
0.919485 -66.8445 0.942746
0.919635 -66.8335 0.942746
0.919785 -66.8225 0.942896
0.919935 -66.8116 0.943047
0.920085 -66.8006 0.943197
0.920235 -66.7896 0.943347
0.920385 -66.7787 0.943497
0.920535 -66.7677 0.943647
0.920685 -66.7567 0.943797
0.920835 -66.7458 0.943947
0.920985 -66.7348 0.944097
0.921136 -66.7239 0.944247
0.921286 -66.7129 0.944397
0.921436  -66.702 0.944547
0.921586 -66.6911 0.944697
0.921736 -66.6801 0.944847
0.921886 -66.6692 0.944997
0.922036 -66.6583 0.945148
0.922186 -66.6473 0.945298
0.922336 -66.6364 0.945448
0.922486 -66.6255 0.945598
0.922636 -66.6146 0.945748
0.922786 -66.6037 0.945748
0.922936 -66.5928 0.945898
0.923087 -66.5819 0.946048
0.923237  -66.571 0.946198
0.923387 -66.5601 0.946348
0.923537 -66.5492 0.946498
0.923687 -66.5383 0.946648
0.923837 -66.5274 0.946798
0.923987 -66.5165 0.946948
0.924137 -66.5056 0.947099
0.924287 -66.4947 0.947249
0.924437 -66.4839 0.947399
0.924587  -66.473 0.947549
0.924737 -66.4621 0.947699
0.924887 -66.4513 0.947849
0.925038 -66.4404 0.947999
0.925188 -66.4295 0.948149
0.925338 -66.4187 0.948299
0.925488 -66.4078 0.948449
0.925638  -66.397 0.948599
0.925788 -66.3861 0.948749
0.925938 -66.3753 0.948899
0.926088 -66.3645 0.948899
0.926238 -66.3536  0.94905
0.926388 -66.3428   0.9492
0.926538  -66.332  0.94935
0.926688 -66.3211   0.9495
0.926838 -66.3103  0.94965
0.926988 -66.2995   0.9498
0.927139 -66.2887  0.94995
0.927289 -66.2779   0.9501
0.927439 -66.2671  0.95025
0.927589 -66.2563   0.9504
0.927739 -66.2455  0.95055
0.927889 -66.2347   0.9507
0.928039 -66.2239  0.95085
0.928189 -66.2131 0.951001
0.928339 -66.2023 0.951151
0.928489 -66.1915 0.951301
0.928639 -66.1807 0.951451
0.928789 -66.1699 0.951601
0.928939 -66.1592 0.951751
 0.92909 -66.1484 0.951901
 0.92924 -66.1376 0.952051
 0.92939 -66.1268 0.952051
 0.92954 -66.1161 0.952201
 0.92969 -66.1053 0.952351
 0.92984 -66.0946 0.952501
 0.92999 -66.0838 0.952651
 0.93014 -66.0731 0.952801
 0.93029 -66.0623 0.952951
 0.93044 -66.0516 0.953102
 0.93059 -66.0408 0.953252
 0.93074 -66.0301 0.953402
 0.93089 -66.0194 0.953552
0.931041 -66.0086 0.953702
0.931191 -65.9979 0.953852
0.931341 -65.9872 0.954002
0.931491 -65.9765 0.954152
0.931641 -65.9657 0.954302
0.931791  -65.955 0.954452
0.931941 -65.9443 0.954602
0.932091 -65.9336 0.954752
0.932241 -65.9229 0.954902
0.932391 -65.9122 0.955053
0.932541 -65.9015 0.955203
0.932691 -65.8908 0.955203
0.932841 -65.8801 0.955353
0.932991 -65.8694 0.955503
0.933142 -65.8587 0.955653
0.933292 -65.8481 0.955803
0.933442 -65.8374 0.955953
0.933592 -65.8267 0.956103
0.933742  -65.816 0.956253
0.933892 -65.8054 0.956403
0.934042 -65.7947 0.956553
0.934192  -65.784 0.956703
0.934342 -65.7734 0.956853
0.934492 -65.7627 0.957004
0.934642 -65.7521 0.957154
0.934792 -65.7414 0.957304
0.934942 -65.7308 0.957454
0.935093 -65.7201 0.957604
0.935243 -65.7095 0.957754
0.935393 -65.6989 0.957904
0.935543 -65.6882 0.958054
0.935693 -65.6776 0.958204
0.935843  -65.667 0.958354
0.935993 -65.6563 0.958504
0.936143 -65.6457 0.958504
0.936293 -65.6351 0.958654
0.936443 -65.6245 0.958804
0.936593 -65.6139 0.958954
0.936743 -65.6033 0.959105
0.936893 -65.5927 0.959255
0.937044 -65.5821 0.959405
0.937194 -65.5715 0.959555
0.937344 -65.5609 0.959705
0.937494 -65.5503 0.959855
0.937644 -65.5397 0.960005
0.937794 -65.5291 0.960155
0.937944 -65.5185 0.960305
0.938094 -65.5079 0.960455
0.938244 -65.4974 0.960605
0.938394 -65.4868 0.960755
0.938544 -65.4762 0.960905
0.938694 -65.4656 0.961056
0.938844 -65.4551 0.961206
0.938994 -65.4445 0.961356
0.939145  -65.434 0.961506
0.939295 -65.4234 0.961656
0.939445 -65.4129 0.961656
0.939595 -65.4023 0.961806
0.939745 -65.3918 0.961956
0.939895 -65.3812 0.962106
0.940045 -65.3707 0.962256
0.940195 -65.3602 0.962406
0.940345 -65.3496 0.962556
0.940495 -65.3391 0.962706
0.940645 -65.3286 0.962856
0.940795  -65.318 0.963007
0.940945 -65.3075 0.963157
0.941096  -65.297 0.963307
0.941246 -65.2865 0.963457
0.941396  -65.276 0.963607
0.941546 -65.2655 0.963757
0.941696  -65.255 0.963907
0.941846 -65.2445 0.964057
0.941996  -65.234 0.964207
0.942146 -65.2235 0.964357
0.942296  -65.213 0.964507
0.942446 -65.2025 0.964657
0.942596  -65.192 0.964807
0.942746 -65.1815 0.964957
0.942896  -65.171 0.964957
0.943047 -65.1606 0.965108
0.943197 -65.1501 0.965258
0.943347 -65.1396 0.965408
0.943497 -65.1292 0.965558
0.943647 -65.1187 0.965708
0.943797 -65.1082 0.965858
0.943947 -65.0978 0.966008
0.944097 -65.0873 0.966158
0.944247 -65.0769 0.966308
0.944397 -65.0664 0.966458
0.944547  -65.056 0.966608
0.944697 -65.0455 0.966758
0.944847 -65.0351 0.966908
0.944997 -65.0247 0.967059
0.945148 -65.0142 0.967209
0.945298 -65.0038 0.967359
0.945448 -64.9934 0.967509
0.945598 -64.9829 0.967659
0.945748 -64.9725 0.967809
0.945898 -64.9621 0.967959
0.946048 -64.9517 0.968109
0.946198 -64.9413 0.968259
0.946348 -64.9309 0.968259
0.946498 -64.9205 0.968409
0.946648 -64.9101 0.968559
0.946798 -64.8997 0.968709
0.946948 -64.8893 0.968859
0.947099 -64.8789  0.96901
0.947249 -64.8685  0.96916
0.947399 -64.8581  0.96931
0.947549 -64.8477  0.96946
0.947699 -64.8373  0.96961
0.947849 -64.8269  0.96976
0.947999 -64.8166  0.96991
0.948149 -64.8062  0.97006
0.948299 -64.7958  0.97021
0.948449 -64.7855  0.97036
0.948599 -64.7751  0.97051
0.948749 -64.7647  0.97066
0.948899 -64.7544  0.97081
 0.94905  -64.744  0.97096
  0.9492 -64.7337 0.971111
 0.94935 -64.7233 0.971261
  0.9495  -64.713 0.971411
 0.94965 -64.7026 0.971561
  0.9498 -64.6923 0.971711
 0.94995  -64.682 0.971711
  0.9501 -64.6716 0.971861
 0.95025 -64.6613 0.972011
  0.9504  -64.651 0.972161
 0.95055 -64.6407 0.972311
  0.9507 -64.6303 0.972461
 0.95085   -64.62 0.972611
0.951001 -64.6097 0.972761
0.951151 -64.5994 0.972911
0.951301 -64.5891 0.973062
0.951451 -64.5788 0.973212
0.951601 -64.5685 0.973362
0.951751 -64.5582 0.973512
0.951901 -64.5479 0.973662
0.952051 -64.5376 0.973812
0.952201 -64.5273 0.973962
0.952351  -64.517 0.974112
0.952501 -64.5067 0.974262
0.952651 -64.4964 0.974412
0.952801 -64.4862 0.974562
0.952951 -64.4759 0.974712
0.953102 -64.4656 0.974862
0.953252 -64.4554 0.975013
0.953402 -64.4451 0.975163
0.953552 -64.4348 0.975163
0.953702 -64.4246 0.975313
0.953852 -64.4143 0.975463
0.954002  -64.404 0.975613
0.954152 -64.3938 0.975763
0.954302 -64.3835 0.975913
0.954452 -64.3733 0.976063
0.954602 -64.3631 0.976213
0.954752 -64.3528 0.976363
0.954902 -64.3426 0.976513
0.955053 -64.3323 0.976663
0.955203 -64.3221 0.976813
0.955353 -64.3119 0.976963
0.955503 -64.3017 0.977114
0.955653 -64.2914 0.977264
0.955803 -64.2812 0.977414
0.955953  -64.271 0.977564
0.956103 -64.2608 0.977714
0.956253 -64.2506 0.977864
0.956403 -64.2404 0.978014
0.956553 -64.2302 0.978164
0.956703   -64.22 0.978314
0.956853 -64.2098 0.978464
0.957004 -64.1996 0.978464
0.957154 -64.1894 0.978614
0.957304 -64.1792 0.978764
0.957454  -64.169 0.978914
0.957604 -64.1588 0.979065
0.957754 -64.1487 0.979215
0.957904 -64.1385 0.979365
0.958054 -64.1283 0.979515
0.958204 -64.1181 0.979665
0.958354  -64.108 0.979815
0.958504 -64.0978 0.979965
0.958654 -64.0876 0.980115
0.958804 -64.0775 0.980265
0.958954 -64.0673 0.980415
0.959105 -64.0572 0.980565
0.959255  -64.047 0.980715
0.959405 -64.0369 0.980865
0.959555 -64.0267 0.981016
0.959705 -64.0166 0.981166
0.959855 -64.0064 0.981316
0.960005 -63.9963 0.981466
0.960155 -63.9862 0.981616
0.960305  -63.976 0.981766
0.960455 -63.9659 0.981916
0.960605 -63.9558 0.981916
0.960755 -63.9457 0.982066
0.960905 -63.9355 0.982216
0.961056 -63.9254 0.982366
0.961206 -63.9153 0.982516
0.961356 -63.9052 0.982666
0.961506 -63.8951 0.982816
0.961656  -63.885 0.982966
0.961806 -63.8749 0.983117
0.961956 -63.8648 0.983267
0.962106 -63.8547 0.983417
0.962256 -63.8446 0.983567
0.962406 -63.8345 0.983717
0.962556 -63.8244 0.983867
0.962706 -63.8143 0.984017
0.962856 -63.8043 0.984167
0.963007 -63.7942 0.984317
0.963157 -63.7841 0.984467
0.963307  -63.774 0.984617
0.963457  -63.764 0.984767
0.963607 -63.7539 0.984917
0.963757 -63.7438 0.985068
0.963907 -63.7338 0.985218
0.964057 -63.7237 0.985368
0.964207 -63.7137 0.985368
0.964357 -63.7036 0.985518
0.964507 -63.6936 0.985668
0.964657 -63.6835 0.985818
0.964807 -63.6735 0.985968
0.964957 -63.6634 0.986118
0.965108 -63.6534 0.986268
0.965258 -63.6434 0.986418
0.965408 -63.6333 0.986568
0.965558 -63.6233 0.986718
0.965708 -63.6133 0.986868
0.965858 -63.6033 0.987019
0.966008 -63.5932 0.987169
0.966158 -63.5832 0.987319
0.966308 -63.5732 0.987469
0.966458 -63.5632 0.987619
0.966608 -63.5532 0.987769
0.966758 -63.5432 0.987919
0.966908 -63.5332 0.988069
0.967059 -63.5232 0.988219
0.967209 -63.5132 0.988369
0.967359 -63.5032 0.988519
0.967509 -63.4932 0.988669
0.967659 -63.4832 0.988819
0.967809 -63.4732 0.988819
0.967959 -63.4632 0.988969
0.968109 -63.4533  0.98912
0.968259 -63.4433  0.98927
0.968409 -63.4333  0.98942
0.968559 -63.4233  0.98957
0.968709 -63.4134  0.98972
0.968859 -63.4034  0.98987
 0.96901 -63.3934  0.99002
 0.96916 -63.3835  0.99017
 0.96931 -63.3735  0.99032
 0.96946 -63.3636  0.99047
 0.96961 -63.3536  0.99062
 0.96976 -63.3437  0.99077
 0.96991 -63.3337  0.99092
 0.97006 -63.3238 0.991071
 0.97021 -63.3138 0.991221
 0.97036 -63.3039 0.991371
 0.97051  -63.294 0.991521
 0.97066  -63.284 0.991671
 0.97081 -63.2741 0.991821
 0.97096 -63.2642 0.991971
0.971111 -63.2543 0.992121
0.971261 -63.2443 0.992271
0.971411 -63.2344 0.992271
0.971561 -63.2245 0.992421
0.971711 -63.2146 0.992571
0.971861 -63.2047 0.992721
0.972011 -63.1948 0.992871
0.972161 -63.1849 0.993022
0.972311  -63.175 0.993172
0.972461 -63.1651 0.993322
0.972611 -63.1552 0.993472
0.972761 -63.1453 0.993622
0.972911 -63.1354 0.993772
0.973062 -63.1255 0.993922
0.973212 -63.1156 0.994072
0.973362 -63.1057 0.994222
0.973512 -63.0959 0.994372
0.973662  -63.086 0.994522
0.973812 -63.0761 0.994672
0.973962 -63.0662 0.994822
0.974112 -63.0564 0.994972
0.974262 -63.0465 0.995123
0.974412 -63.0367 0.995273
0.974562 -63.0268 0.995423
0.974712 -63.0169 0.995573
0.974862 -63.0071 0.995723
0.975013 -62.9972 0.995723
0.975163 -62.9874 0.995873
0.975313 -62.9775 0.996023
0.975463 -62.9677 0.996173
0.975613 -62.9579 0.996323
0.975763  -62.948 0.996473
0.975913 -62.9382 0.996623
0.976063 -62.9284 0.996773
0.976213 -62.9185 0.996923
0.976363 -62.9087 0.997074
0.976513 -62.8989 0.997224
0.976663 -62.8891 0.997374
0.976813 -62.8793 0.997524
0.976963 -62.8694 0.997674
0.977114 -62.8596 0.997824
0.977264 -62.8498 0.997974
0.977414   -62.84 0.998124
0.977564 -62.8302 0.998274
0.977714 -62.8204 0.998424
0.977864 -62.8106 0.998574
0.978014 -62.8008 0.998724
0.978164  -62.791 0.998874
0.978314 -62.7812 0.999025
0.978464 -62.7715 0.999175
0.978614 -62.7617 0.999175
0.978764 -62.7519 0.999325
0.978914 -62.7421 0.999475
0.979065 -62.7323 0.999625
0.979215 -62.7226 0.999775
0.979365 -62.7128 0.999925
0.979515  -62.703  1.00008
0.979665 -62.6933  1.00023
0.979815 -62.6835  1.00038
0.979965 -62.6737  1.00053
0.980115  -62.664  1.00068
0.980265 -62.6542  1.00083
0.980415 -62.6445  1.00098
0.980565 -62.6347  1.00113
0.980715  -62.625  1.00128
0.980865 -62.6152  1.00143
0.981016 -62.6055  1.00158
0.981166 -62.5958  1.00173
0.981316  -62.586  1.00188
0.981466 -62.5763  1.00203
0.981616 -62.5666  1.00218
0.981766 -62.5569  1.00233
0.981916 -62.5471  1.00248
0.982066 -62.5374  1.00263
0.982216 -62.5277  1.00263
0.982366  -62.518  1.00278
0.982516 -62.5083  1.00293
0.982666 -62.4986  1.00308
0.982816 -62.4889  1.00323
0.982966 -62.4792  1.00338
0.983117 -62.4695  1.00353
0.983267 -62.4598  1.00368
0.983417 -62.4501  1.00383
0.983567 -62.4404  1.00398
0.983717 -62.4307  1.00413
0.983867  -62.421  1.00428
0.984017 -62.4113  1.00443
0.984167 -62.4016  1.00458
0.984317 -62.3919  1.00473
0.984467 -62.3823  1.00488
0.984617 -62.3726  1.00503
0.984767 -62.3629  1.00518
0.984917 -62.3533  1.00533
0.985068 -62.3436  1.00548
0.985218 -62.3339  1.00563
0.985368 -62.3243  1.00578
0.985518 -62.3146  1.00593
0.985668  -62.305  1.00608
0.985818 -62.2953  1.00608
0.985968 -62.2857  1.00623
0.986118  -62.276  1.00638
0.986268 -62.2664  1.00653
0.986418 -62.2567  1.00668
0.986568 -62.2471  1.00683
0.986718 -62.2375  1.00698
0.986868 -62.2278  1.00713
0.987019 -62.2182  1.00728
0.987169 -62.2086  1.00743
0.987319 -62.1989  1.00758
0.987469 -62.1893  1.00773
0.987619 -62.1797  1.00788
0.987769 -62.1701  1.00803
0.987919 -62.1605  1.00818
0.988069 -62.1509  1.00833
0.988219 -62.1412  1.00848
0.988369 -62.1316  1.00863
0.988519  -62.122  1.00878
0.988669 -62.1124  1.00893
0.988819 -62.1028  1.00908
0.988969 -62.0932  1.00923
 0.98912 -62.0837  1.00938
 0.98927 -62.0741  1.00953
 0.98942 -62.0645  1.00968
 0.98957 -62.0549  1.00968
 0.98972 -62.0453  1.00983
 0.98987 -62.0357  1.00998
 0.99002 -62.0262  1.01013
 0.99017 -62.0166  1.01028
 0.99032  -62.007  1.01043
 0.99047 -61.9974  1.01058
 0.99062 -61.9879  1.01073
 0.99077 -61.9783  1.01088
 0.99092 -61.9688  1.01103
0.991071 -61.9592  1.01118
0.991221 -61.9496  1.01133
0.991371 -61.9401  1.01148
0.991521 -61.9305  1.01163
0.991671  -61.921  1.01178
0.991821 -61.9115  1.01193
0.991971 -61.9019  1.01208
0.992121 -61.8924  1.01223
0.992271 -61.8828  1.01238
0.992421 -61.8733  1.01253
0.992571 -61.8638  1.01268
0.992721 -61.8542  1.01283
0.992871 -61.8447  1.01298
0.993022 -61.8352  1.01298
0.993172 -61.8257  1.01313
0.993322 -61.8162  1.01328
0.993472 -61.8067  1.01343
0.993622 -61.7971  1.01358
0.993772 -61.7876  1.01373
0.993922 -61.7781  1.01388
0.994072 -61.7686  1.01403
0.994222 -61.7591  1.01418
0.994372 -61.7496  1.01433
0.994522 -61.7401  1.01448
0.994672 -61.7306  1.01463
0.994822 -61.7211  1.01478
0.994972 -61.7117  1.01493
0.995123 -61.7022  1.01508
0.995273 -61.6927  1.01523
0.995423 -61.6832  1.01538
0.995573 -61.6737  1.01553
0.995723 -61.6643  1.01568
0.995873 -61.6548  1.01583
0.996023 -61.6453  1.01598
0.996173 -61.6358  1.01613
0.996323 -61.6264  1.01628
0.996473 -61.6169  1.01643
0.996623 -61.6075  1.01643
0.996773  -61.598  1.01658
0.996923 -61.5885  1.01673
0.997074 -61.5791  1.01688
0.997224 -61.5697  1.01703
0.997374 -61.5602  1.01718
0.997524 -61.5508  1.01733
0.997674 -61.5413  1.01748
0.997824 -61.5319  1.01763
0.997974 -61.5224  1.01778
0.998124  -61.513  1.01793
0.998274 -61.5036  1.01808
0.998424 -61.4942  1.01823
0.998574 -61.4847  1.01838
0.998724 -61.4753  1.01853
0.998874 -61.4659  1.01868
0.999025 -61.4565  1.01883
0.999175 -61.4471  1.01898
0.999325 -61.4377  1.01913
0.999475 -61.4282  1.01928
0.999625 -61.4188  1.01943
0.999775 -61.4094  1.01958
0.999925    -61.4  1.01973
 1.00008 -61.3906  1.01988
 1.00023 -61.3812  1.01988
 1.00038 -61.3718  1.02004
 1.00053 -61.3625  1.02019
 1.00068 -61.3531  1.02034
 1.00083 -61.3437  1.02049
 1.00098 -61.3343  1.02064
 1.00113 -61.3249  1.02079
 1.00128 -61.3155  1.02094
 1.00143 -61.3062  1.02109
 1.00158 -61.2968  1.02124
 1.00173 -61.2874  1.02139
 1.00188 -61.2781  1.02154
 1.00203 -61.2687  1.02169
 1.00218 -61.2593  1.02184
 1.00233   -61.25  1.02199
 1.00248 -61.2406  1.02214
 1.00263 -61.2313  1.02229
 1.00278 -61.2219  1.02244
 1.00293 -61.2126  1.02259
 1.00308 -61.2032  1.02274
 1.00323 -61.1939  1.02289
 1.00338 -61.1845  1.02304
 1.00353 -61.1752  1.02319
 1.00368 -61.1659  1.02319
 1.00383 -61.1565  1.02334
 1.00398 -61.1472  1.02349
 1.00413 -61.1379  1.02364
 1.00428 -61.1285  1.02379
 1.00443 -61.1192  1.02394
 1.00458 -61.1099  1.02409
 1.00473 -61.1006  1.02424
 1.00488 -61.0913  1.02439
 1.00503  -61.082  1.02454
 1.00518 -61.0726  1.02469
 1.00533 -61.0633  1.02484
 1.00548  -61.054  1.02499
 1.00563 -61.0447  1.02514
 1.00578 -61.0354  1.02529
 1.00593 -61.0261  1.02544
 1.00608 -61.0168  1.02559
 1.00623 -61.0076  1.02574
 1.00638 -60.9983  1.02589
 1.00653  -60.989  1.02604
 1.00668 -60.9797  1.02619
 1.00683 -60.9704  1.02634
 1.00698 -60.9611  1.02649
 1.00713 -60.9519  1.02649
 1.00728 -60.9426  1.02664
 1.00743 -60.9333  1.02679
 1.00758  -60.924  1.02694
 1.00773 -60.9148  1.02709
 1.00788 -60.9055  1.02724
 1.00803 -60.8963  1.02739
 1.00818  -60.887  1.02754
 1.00833 -60.8777  1.02769
 1.00848 -60.8685  1.02784
 1.00863 -60.8592  1.02799
 1.00878   -60.85  1.02814
 1.00893 -60.8407  1.02829
 1.00908 -60.8315  1.02844
 1.00923 -60.8223  1.02859
 1.00938  -60.813  1.02874
 1.00953 -60.8038  1.02889
 1.00968 -60.7946  1.02904
 1.00983 -60.7853  1.02919
 1.00998 -60.7761  1.02934
 1.01013 -60.7669  1.02949
 1.01028 -60.7577  1.02964
 1.01043 -60.7484  1.02979
 1.01058 -60.7392  1.02979
 1.01073   -60.73  1.02994
 1.01088 -60.7208  1.03009
 1.01103 -60.7116  1.03024
 1.01118 -60.7024  1.03039
 1.01133 -60.6932  1.03054
 1.01148  -60.684  1.03069
 1.01163 -60.6748  1.03084
 1.01178 -60.6656  1.03099
 1.01193 -60.6564  1.03114
 1.01208 -60.6472  1.03129
 1.01223  -60.638  1.03144
 1.01238 -60.6288  1.03159
 1.01253 -60.6196  1.03174
 1.01268 -60.6105  1.03189
 1.01283 -60.6013  1.03204
 1.01298 -60.5921  1.03219
 1.01313 -60.5829  1.03234
 1.01328 -60.5738  1.03249
 1.01343 -60.5646  1.03264
 1.01358 -60.5554  1.03279
 1.01373 -60.5463  1.03294
 1.01388 -60.5371  1.03309
 1.01403 -60.5279  1.03309
 1.01418 -60.5188  1.03324
 1.01433 -60.5096  1.03339
 1.01448 -60.5005  1.03354
 1.01463 -60.4913  1.03369
 1.01478 -60.4822  1.03384
 1.01493  -60.473  1.03399
 1.01508 -60.4639  1.03414
 1.01523 -60.4548  1.03429
 1.01538 -60.4456  1.03444
 1.01553 -60.4365  1.03459
 1.01568 -60.4274  1.03474
 1.01583 -60.4182  1.03489
 1.01598 -60.4091  1.03504
 1.01613    -60.4  1.03519
 1.01628 -60.3909  1.03534
 1.01643 -60.3818  1.03549
 1.01658 -60.3726  1.03564
 1.01673 -60.3635  1.03579
 1.01688 -60.3544  1.03594
 1.01703 -60.3453  1.03609
 1.01718 -60.3362  1.03624
 1.01733 -60.3271  1.03639
 1.01748  -60.318  1.03639
 1.01763 -60.3089  1.03654
 1.01778 -60.2998  1.03669
 1.01793 -60.2907  1.03684
 1.01808 -60.2816  1.03699
 1.01823 -60.2725  1.03714
 1.01838 -60.2635  1.03729
 1.01853 -60.2544  1.03744
 1.01868 -60.2453  1.03759
 1.01883 -60.2362  1.03774
 1.01898 -60.2271  1.03789
 1.01913 -60.2181  1.03804
 1.01928  -60.209  1.03819
 1.01943 -60.1999  1.03834
 1.01958 -60.1909  1.03849
 1.01973 -60.1818  1.03864
 1.01988 -60.1728  1.03879
 1.02004 -60.1637  1.03894
 1.02019 -60.1546  1.03909
 1.02034 -60.1456  1.03924
 1.02049 -60.1365  1.03939
 1.02064 -60.1275  1.03954
 1.02079 -60.1185  1.03954
 1.02094 -60.1094  1.03969
 1.02109 -60.1004  1.03984
 1.02124 -60.0913  1.03999
 1.02139 -60.0823  1.04015
 1.02154 -60.0733   1.0403
 1.02169 -60.0642  1.04045
 1.02184 -60.0552   1.0406
 1.02199 -60.0462  1.04075
 1.02214 -60.0372   1.0409
 1.02229 -60.0281  1.04105
 1.02244 -60.0191   1.0412
 1.02259 -60.0101  1.04135
 1.02274 -60.0011   1.0415
 1.02289 -59.9921  1.04165
 1.02304 -59.9831   1.0418
 1.02319 -59.9741  1.04195
 1.02334 -59.9651   1.0421
 1.02349 -59.9561  1.04225
 1.02364 -59.9471   1.0424
 1.02379 -59.9381  1.04255
 1.02394 -59.9291   1.0427
 1.02409 -59.9201  1.04285
 1.02424 -59.9111  1.04285
 1.02439 -59.9021    1.043
 1.02454 -59.8932  1.04315
 1.02469 -59.8842   1.0433
 1.02484 -59.8752  1.04345
 1.02499 -59.8662   1.0436
 1.02514 -59.8572  1.04375
 1.02529 -59.8483   1.0439
 1.02544 -59.8393  1.04405
 1.02559 -59.8303   1.0442
 1.02574 -59.8214  1.04435
 1.02589 -59.8124   1.0445
 1.02604 -59.8035  1.04465
 1.02619 -59.7945   1.0448
 1.02634 -59.7856  1.04495
 1.02649 -59.7766   1.0451
 1.02664 -59.7677  1.04525
 1.02679 -59.7587   1.0454
 1.02694 -59.7498  1.04555
 1.02709 -59.7408   1.0457
 1.02724 -59.7319  1.04585
 1.02739  -59.723  1.04585
 1.02754  -59.714    1.046
 1.02769 -59.7051  1.04615
 1.02784 -59.6962   1.0463
 1.02799 -59.6873  1.04645
 1.02814 -59.6783   1.0466
 1.02829 -59.6694  1.04675
 1.02844 -59.6605   1.0469
 1.02859 -59.6516  1.04705
 1.02874 -59.6427   1.0472
 1.02889 -59.6338  1.04735
 1.02904 -59.6249   1.0475
 1.02919  -59.616  1.04765
 1.02934  -59.607   1.0478
 1.02949 -59.5981  1.04795
 1.02964 -59.5893   1.0481
 1.02979 -59.5804  1.04825
 1.02994 -59.5715   1.0484
 1.03009 -59.5626  1.04855
 1.03024 -59.5537   1.0487
 1.03039 -59.5448  1.04885
 1.03054 -59.5359    1.049
 1.03069  -59.527    1.049
 1.03084 -59.5182  1.04915
 1.03099 -59.5093   1.0493
 1.03114 -59.5004  1.04945
 1.03129 -59.4915   1.0496
 1.03144 -59.4827  1.04975
 1.03159 -59.4738   1.0499
 1.03174  -59.465  1.05005
 1.03189 -59.4561   1.0502
 1.03204 -59.4472  1.05035
 1.03219 -59.4384   1.0505
 1.03234 -59.4295  1.05065
 1.03249 -59.4207   1.0508
 1.03264 -59.4118  1.05095
 1.03279  -59.403   1.0511
 1.03294 -59.3941  1.05125
 1.03309 -59.3853   1.0514
 1.03324 -59.3765  1.05155
 1.03339 -59.3676   1.0517
 1.03354 -59.3588  1.05185
 1.03369   -59.35    1.052
 1.03384 -59.3411    1.052
 1.03399 -59.3323  1.05215
 1.03414 -59.3235   1.0523
 1.03429 -59.3147  1.05245
 1.03444 -59.3058   1.0526
 1.03459  -59.297  1.05275
 1.03474 -59.2882   1.0529
 1.03489 -59.2794  1.05305
 1.03504 -59.2706   1.0532
 1.03519 -59.2618  1.05335
 1.03534  -59.253   1.0535
 1.03549 -59.2442  1.05365
 1.03564 -59.2354   1.0538
 1.03579 -59.2266  1.05395
 1.03594 -59.2178   1.0541
 1.03609  -59.209  1.05425
 1.03624 -59.2002   1.0544
 1.03639 -59.1914  1.05455
 1.03654 -59.1826   1.0547
 1.03669 -59.1739  1.05485
 1.03684 -59.1651    1.055
 1.03699 -59.1563    1.055
 1.03714 -59.1475  1.05515
 1.03729 -59.1388   1.0553
 1.03744   -59.13  1.05545
 1.03759 -59.1212   1.0556
 1.03774 -59.1125  1.05575
 1.03789 -59.1037   1.0559
 1.03804 -59.0949  1.05605
 1.03819 -59.0862   1.0562
 1.03834 -59.0774  1.05635
 1.03849 -59.0687   1.0565
 1.03864 -59.0599  1.05665
 1.03879 -59.0512   1.0568
 1.03894 -59.0424  1.05695
 1.03909 -59.0337   1.0571
 1.03924  -59.025  1.05725
 1.03939 -59.0162   1.0574
 1.03954 -59.0075  1.05755
 1.03969 -58.9988   1.0577
 1.03984   -58.99  1.05785
 1.03999 -58.9813  1.05785
 1.04015 -58.9726    1.058
  1.0403 -58.9638  1.05815
 1.04045 -58.9551   1.0583
  1.0406 -58.9464  1.05845
 1.04075 -58.9377   1.0586
  1.0409  -58.929  1.05875
 1.04105 -58.9203   1.0589
  1.0412 -58.9116  1.05905
 1.04135 -58.9029   1.0592
  1.0415 -58.8942  1.05935
 1.04165 -58.8855   1.0595
  1.0418 -58.8768  1.05965
 1.04195 -58.8681   1.0598
  1.0421 -58.8594  1.05995
 1.04225 -58.8507  1.06011
  1.0424  -58.842  1.06026
 1.04255 -58.8333  1.06041
  1.0427 -58.8246  1.06056
 1.04285 -58.8159  1.06071
   1.043 -58.8073  1.06071
 1.04315 -58.7986  1.06086
  1.0433 -58.7899  1.06101
 1.04345 -58.7812  1.06116
  1.0436 -58.7726  1.06131
 1.04375 -58.7639  1.06146
  1.0439 -58.7552  1.06161
 1.04405 -58.7466  1.06176
  1.0442 -58.7379  1.06191
 1.04435 -58.7293  1.06206
  1.0445 -58.7206  1.06221
 1.04465  -58.712  1.06236
  1.0448 -58.7033  1.06251
 1.04495 -58.6947  1.06266
  1.0451  -58.686  1.06281
 1.04525 -58.6774  1.06296
  1.0454 -58.6687  1.06311
 1.04555 -58.6601  1.06326
  1.0457 -58.6515  1.06341
 1.04585 -58.6428  1.06341
   1.046 -58.6342  1.06356
 1.04615 -58.6256  1.06371
  1.0463  -58.617  1.06386
 1.04645 -58.6083  1.06401
  1.0466 -58.5997  1.06416
 1.04675 -58.5911  1.06431
  1.0469 -58.5825  1.06446
 1.04705 -58.5739  1.06461
  1.0472 -58.5653  1.06476
 1.04735 -58.5566  1.06491
  1.0475  -58.548  1.06506
 1.04765 -58.5394  1.06521
  1.0478 -58.5308  1.06536
 1.04795 -58.5222  1.06551
  1.0481 -58.5136  1.06566
 1.04825 -58.5051  1.06581
  1.0484 -58.4965  1.06596
 1.04855 -58.4879  1.06611
  1.0487 -58.4793  1.06611
 1.04885 -58.4707  1.06626
   1.049 -58.4621  1.06641
 1.04915 -58.4535  1.06656
  1.0493  -58.445  1.06671
 1.04945 -58.4364  1.06686
  1.0496 -58.4278  1.06701
 1.04975 -58.4193  1.06716
  1.0499 -58.4107  1.06731
 1.05005 -58.4021  1.06746
  1.0502 -58.3936  1.06761
 1.05035  -58.385  1.06776
  1.0505 -58.3764  1.06791
 1.05065 -58.3679  1.06806
  1.0508 -58.3593  1.06821
 1.05095 -58.3508  1.06836
  1.0511 -58.3422  1.06851
 1.05125 -58.3337  1.06866
  1.0514 -58.3252  1.06881
 1.05155 -58.3166  1.06881
  1.0517 -58.3081  1.06896
 1.05185 -58.2996  1.06911
   1.052  -58.291  1.06926
 1.05215 -58.2825  1.06941
  1.0523  -58.274  1.06956
 1.05245 -58.2654  1.06971
  1.0526 -58.2569  1.06986
 1.05275 -58.2484  1.07001
  1.0529 -58.2399  1.07016
 1.05305 -58.2314  1.07031
  1.0532 -58.2228  1.07046
 1.05335 -58.2143  1.07061
  1.0535 -58.2058  1.07076
 1.05365 -58.1973  1.07091
  1.0538 -58.1888  1.07106
 1.05395 -58.1803  1.07121
  1.0541 -58.1718  1.07136
 1.05425 -58.1633  1.07151
  1.0544 -58.1548  1.07151
 1.05455 -58.1463  1.07166
  1.0547 -58.1379  1.07181
 1.05485 -58.1294  1.07196
   1.055 -58.1209  1.07211
 1.05515 -58.1124  1.07226
  1.0553 -58.1039  1.07241
 1.05545 -58.0954  1.07256
  1.0556  -58.087  1.07271
 1.05575 -58.0785  1.07286
  1.0559   -58.07  1.07301
 1.05605 -58.0616  1.07316
  1.0562 -58.0531  1.07331
 1.05635 -58.0446  1.07346
  1.0565 -58.0362  1.07361
 1.05665 -58.0277  1.07376
  1.0568 -58.0193  1.07391
 1.05695 -58.0108  1.07406
  1.0571 -58.0024  1.07421
 1.05725 -57.9939  1.07421
  1.0574 -57.9855  1.07436
 1.05755  -57.977  1.07451
  1.0577 -57.9686  1.07466
 1.05785 -57.9601  1.07481
   1.058 -57.9517  1.07496
 1.05815 -57.9433  1.07511
  1.0583 -57.9348  1.07526
 1.05845 -57.9264  1.07541
  1.0586  -57.918  1.07556
 1.05875 -57.9096  1.07571
  1.0589 -57.9011  1.07586
 1.05905 -57.8927  1.07601
  1.0592 -57.8843  1.07616
 1.05935 -57.8759  1.07631
  1.0595 -57.8675  1.07646
 1.05965 -57.8591  1.07661
  1.0598 -57.8507  1.07661
 1.05995 -57.8423  1.07676
 1.06011 -57.8339  1.07691
 1.06026 -57.8255  1.07706
 1.06041 -57.8171  1.07721
 1.06056 -57.8087  1.07736
 1.06071 -57.8003  1.07751
 1.06086 -57.7919  1.07766
 1.06101 -57.7835  1.07781
 1.06116 -57.7751  1.07796
 1.06131 -57.7667  1.07811
 1.06146 -57.7584  1.07826
 1.06161   -57.75  1.07841
 1.06176 -57.7416  1.07856
 1.06191 -57.7332  1.07871
 1.06206 -57.7249  1.07886
 1.06221 -57.7165  1.07901
 1.06236 -57.7081  1.07901
 1.06251 -57.6998  1.07916
 1.06266 -57.6914  1.07931
 1.06281 -57.6831  1.07946
 1.06296 -57.6747  1.07961
 1.06311 -57.6663  1.07976
 1.06326  -57.658  1.07991
 1.06341 -57.6496  1.08007
 1.06356 -57.6413  1.08022
 1.06371  -57.633  1.08037
 1.06386 -57.6246  1.08052
 1.06401 -57.6163  1.08067
 1.06416 -57.6079  1.08082
 1.06431 -57.5996  1.08097
 1.06446 -57.5913  1.08112
 1.06461 -57.5829  1.08127
 1.06476 -57.5746  1.08142
 1.06491 -57.5663  1.08142
 1.06506  -57.558  1.08157
 1.06521 -57.5497  1.08172
 1.06536 -57.5413  1.08187
 1.06551  -57.533  1.08202
 1.06566 -57.5247  1.08217
 1.06581 -57.5164  1.08232
 1.06596 -57.5081  1.08247
 1.06611 -57.4998  1.08262
 1.06626 -57.4915  1.08277
 1.06641 -57.4832  1.08292
 1.06656 -57.4749  1.08307
 1.06671 -57.4666  1.08322
 1.06686 -57.4583  1.08337
 1.06701   -57.45  1.08352
 1.06716 -57.4417  1.08367
 1.06731 -57.4334  1.08367
 1.06746 -57.4252  1.08382
 1.06761 -57.4169  1.08397
 1.06776 -57.4086  1.08412
 1.06791 -57.4003  1.08427
 1.06806 -57.3921  1.08442
 1.06821 -57.3838  1.08457
 1.06836 -57.3755  1.08472
 1.06851 -57.3672  1.08487
 1.06866  -57.359  1.08502
 1.06881 -57.3507  1.08517
 1.06896 -57.3425  1.08532
 1.06911 -57.3342  1.08547
 1.06926  -57.326  1.08562
 1.06941 -57.3177  1.08577
 1.06956 -57.3095  1.08592
 1.06971 -57.3012  1.08607
 1.06986  -57.293  1.08607
 1.07001 -57.2847  1.08622
 1.07016 -57.2765  1.08637
 1.07031 -57.2683  1.08652
 1.07046   -57.26  1.08667
 1.07061 -57.2518  1.08682
 1.07076 -57.2436  1.08697
 1.07091 -57.2353  1.08712
 1.07106 -57.2271  1.08727
 1.07121 -57.2189  1.08742
 1.07136 -57.2107  1.08757
 1.07151 -57.2024  1.08772
 1.07166 -57.1942  1.08787
 1.07181  -57.186  1.08802
 1.07196 -57.1778  1.08817
 1.07211 -57.1696  1.08817
 1.07226 -57.1614  1.08832
 1.07241 -57.1532  1.08847
 1.07256  -57.145  1.08862
 1.07271 -57.1368  1.08877
 1.07286 -57.1286  1.08892
 1.07301 -57.1204  1.08907
 1.07316 -57.1122  1.08922
 1.07331  -57.104  1.08937
 1.07346 -57.0959  1.08952
 1.07361 -57.0877  1.08967
 1.07376 -57.0795  1.08982
 1.07391 -57.0713  1.08997
 1.07406 -57.0631  1.09012
 1.07421  -57.055  1.09027
 1.07436 -57.0468  1.09042
 1.07451 -57.0386  1.09042
 1.07466 -57.0305  1.09057
 1.07481 -57.0223  1.09072
 1.07496 -57.0141  1.09087
 1.07511  -57.006  1.09102
 1.07526 -56.9978  1.09117
 1.07541 -56.9897  1.09132
 1.07556 -56.9815  1.09147
 1.07571 -56.9734  1.09162
 1.07586 -56.9652  1.09177
 1.07601 -56.9571  1.09192
 1.07616 -56.9489  1.09207
 1.07631 -56.9408  1.09222
 1.07646 -56.9327  1.09222
 1.07661 -56.9245  1.09237
 1.07676 -56.9164  1.09252
 1.07691 -56.9083  1.09267
 1.07706 -56.9001  1.09282
 1.07721  -56.892  1.09297
 1.07736 -56.8839  1.09312
 1.07751 -56.8758  1.09327
 1.07766 -56.8677  1.09342
 1.07781 -56.8596  1.09357
 1.07796 -56.8515  1.09372
 1.07811 -56.8433  1.09387
 1.07826 -56.8352  1.09402
 1.07841 -56.8271  1.09417
 1.07856  -56.819  1.09417
 1.07871 -56.8109  1.09432
 1.07886 -56.8028  1.09447
 1.07901 -56.7948  1.09462
 1.07916 -56.7867  1.09477
 1.07931 -56.7786  1.09492
 1.07946 -56.7705  1.09507
 1.07961 -56.7624  1.09522
 1.07976 -56.7543  1.09537
 1.07991 -56.7463  1.09552
 1.08007 -56.7382  1.09567
 1.08022 -56.7301  1.09582
 1.08037  -56.722  1.09597
 1.08052  -56.714  1.09597
 1.08067 -56.7059  1.09612
 1.08082 -56.6979  1.09627
 1.08097 -56.6898  1.09642
 1.08112 -56.6817  1.09657
 1.08127 -56.6737  1.09672
 1.08142 -56.6656  1.09687
 1.08157 -56.6576  1.09702
 1.08172 -56.6495  1.09717
 1.08187 -56.6415  1.09732
 1.08202 -56.6335  1.09747
 1.08217 -56.6254  1.09762
 1.08232 -56.6174  1.09762
 1.08247 -56.6094  1.09777
 1.08262 -56.6013  1.09792
 1.08277 -56.5933  1.09807
 1.08292 -56.5853  1.09822
 1.08307 -56.5772  1.09837
 1.08322 -56.5692  1.09852
 1.08337 -56.5612  1.09867
 1.08352 -56.5532  1.09882
 1.08367 -56.5452  1.09897
 1.08382 -56.5372  1.09912
 1.08397 -56.5292  1.09927
 1.08412 -56.5212  1.09927
 1.08427 -56.5132  1.09942
 1.08442 -56.5052  1.09957
 1.08457 -56.4972  1.09972
 1.08472 -56.4892  1.09987
 1.08487 -56.4812  1.10003
 1.08502 -56.4732  1.10018
 1.08517 -56.4652  1.10033
 1.08532 -56.4572  1.10048
 1.08547 -56.4492  1.10063
 1.08562 -56.4413  1.10078
 1.08577 -56.4333  1.10093
 1.08592 -56.4253  1.10093
 1.08607 -56.4173  1.10108
 1.08622 -56.4094  1.10123
 1.08637 -56.4014  1.10138
 1.08652 -56.3934  1.10153
 1.08667 -56.3855  1.10168
 1.08682 -56.3775  1.10183
 1.08697 -56.3696  1.10198
 1.08712 -56.3616  1.10213
 1.08727 -56.3537  1.10228
 1.08742 -56.3457  1.10243
 1.08757 -56.3378  1.10258
 1.08772 -56.3298  1.10273
 1.08787 -56.3219  1.10273
 1.08802 -56.3139  1.10288
 1.08817  -56.306  1.10303
 1.08832 -56.2981  1.10318
 1.08847 -56.2901  1.10333
 1.08862 -56.2822  1.10348
 1.08877 -56.2743  1.10363
 1.08892 -56.2664  1.10378
 1.08907 -56.2584  1.10393
 1.08922 -56.2505  1.10408
 1.08937 -56.2426  1.10423
 1.08952 -56.2347  1.10438
 1.08967 -56.2268  1.10438
 1.08982 -56.2189  1.10453
 1.08997  -56.211  1.10468
 1.09012 -56.2031  1.10483
 1.09027 -56.1952  1.10498
 1.09042 -56.1873  1.10513
 1.09057 -56.1794  1.10528
 1.09072 -56.1715  1.10543
 1.09087 -56.1636  1.10558
 1.09102 -56.1557  1.10573
 1.09117 -56.1478  1.10588
 1.09132   -56.14  1.10588
 1.09147 -56.1321  1.10603
 1.09162 -56.1242  1.10618
 1.09177 -56.1163  1.10633
 1.09192 -56.1085  1.10648
 1.09207 -56.1006  1.10663
 1.09222 -56.0927  1.10678
 1.09237 -56.0849  1.10693
 1.09252  -56.077  1.10708
 1.09267 -56.0691  1.10723
 1.09282 -56.0613  1.10738
 1.09297 -56.0534  1.10753
 1.09312 -56.0456  1.10753
 1.09327 -56.0377  1.10768
 1.09342 -56.0299  1.10783
 1.09357  -56.022  1.10798
 1.09372 -56.0142  1.10813
 1.09387 -56.0064  1.10828
 1.09402 -55.9985  1.10843
 1.09417 -55.9907  1.10858
 1.09432 -55.9829  1.10873
 1.09447  -55.975  1.10888
 1.09462 -55.9672  1.10903
 1.09477 -55.9594  1.10903
 1.09492 -55.9516  1.10918
 1.09507 -55.9438  1.10933
 1.09522 -55.9359  1.10948
 1.09537 -55.9281  1.10963
 1.09552 -55.9203  1.10978
 1.09567 -55.9125  1.10993
 1.09582 -55.9047  1.11008
 1.09597 -55.8969  1.11023
 1.09612 -55.8891  1.11038
 1.09627 -55.8813  1.11053
 1.09642 -55.8735  1.11068
 1.09657 -55.8657  1.11068
 1.09672 -55.8579  1.11083
 1.09687 -55.8502  1.11098
 1.09702 -55.8424  1.11113
 1.09717 -55.8346  1.11128
 1.09732 -55.8268  1.11143
 1.09747  -55.819  1.11158
 1.09762 -55.8113  1.11173
 1.09777 -55.8035  1.11188
 1.09792 -55.7957  1.11203
 1.09807  -55.788  1.11203
 1.09822 -55.7802  1.11218
 1.09837 -55.7724  1.11233
 1.09852 -55.7647  1.11248
 1.09867 -55.7569  1.11263
 1.09882 -55.7492  1.11278
 1.09897 -55.7414  1.11293
 1.09912 -55.7337  1.11308
 1.09927 -55.7259  1.11323
 1.09942 -55.7182  1.11338
 1.09957 -55.7105  1.11353
 1.09972 -55.7027  1.11353
 1.09987  -55.695  1.11368
 1.10003 -55.6873  1.11383
 1.10018 -55.6795  1.11398
 1.10033 -55.6718  1.11413
 1.10048 -55.6641  1.11428
 1.10063 -55.6564  1.11443
 1.10078 -55.6487  1.11458
 1.10093 -55.6409  1.11473
 1.10108 -55.6332  1.11488
 1.10123 -55.6255  1.11488
 1.10138 -55.6178  1.11503
 1.10153 -55.6101  1.11518
 1.10168 -55.6024  1.11533
 1.10183 -55.5947  1.11548
 1.10198  -55.587  1.11563
 1.10213 -55.5793  1.11578
 1.10228 -55.5716  1.11593
 1.10243 -55.5639  1.11608
 1.10258 -55.5563  1.11623
 1.10273 -55.5486  1.11623
 1.10288 -55.5409  1.11638
 1.10303 -55.5332  1.11653
 1.10318 -55.5255  1.11668
 1.10333 -55.5179  1.11683
 1.10348 -55.5102  1.11698
 1.10363 -55.5025  1.11713
 1.10378 -55.4949  1.11728
 1.10393 -55.4872  1.11743
 1.10408 -55.4796  1.11743
 1.10423 -55.4719  1.11758
 1.10438 -55.4643  1.11773
 1.10453 -55.4566  1.11788
 1.10468  -55.449  1.11803
 1.10483 -55.4413  1.11818
 1.10498 -55.4337  1.11833
 1.10513  -55.426  1.11848
 1.10528 -55.4184  1.11863
 1.10543 -55.4108  1.11863
 1.10558 -55.4031  1.11878
 1.10573 -55.3955  1.11893
 1.10588 -55.3879  1.11908
 1.10603 -55.3803  1.11923
 1.10618 -55.3727  1.11938
 1.10633  -55.365  1.11953
 1.10648 -55.3574  1.11968
 1.10663 -55.3498  1.11983
 1.10678 -55.3422  1.11983
 1.10693 -55.3346  1.11998
 1.10708  -55.327  1.12014
 1.10723 -55.3194  1.12029
 1.10738 -55.3118  1.12044
 1.10753 -55.3042  1.12059
 1.10768 -55.2966  1.12074
 1.10783  -55.289  1.12089
 1.10798 -55.2815  1.12104
 1.10813 -55.2739  1.12104
 1.10828 -55.2663  1.12119
 1.10843 -55.2587  1.12134
 1.10858 -55.2511  1.12149
 1.10873 -55.2436  1.12164
 1.10888  -55.236  1.12179
 1.10903 -55.2284  1.12194
 1.10918 -55.2209  1.12209
 1.10933 -55.2133  1.12209
 1.10948 -55.2058  1.12224
 1.10963 -55.1982  1.12239
 1.10978 -55.1906  1.12254
 1.10993 -55.1831  1.12269
 1.11008 -55.1756  1.12284
 1.11023  -55.168  1.12299
 1.11038 -55.1605  1.12314
 1.11053 -55.1529  1.12329
 1.11068 -55.1454  1.12344
 1.11083 -55.1379  1.12344
 1.11098 -55.1303  1.12359
 1.11113 -55.1228  1.12374
 1.11128 -55.1153  1.12389
 1.11143 -55.1078  1.12404
 1.11158 -55.1002  1.12419
 1.11173 -55.0927  1.12434
 1.11188 -55.0852  1.12434
 1.11203 -55.0777  1.12449
 1.11218 -55.0702  1.12464
 1.11233 -55.0627  1.12479
 1.11248 -55.0552  1.12479
 1.11263 -55.0477  1.12494
 1.11278 -55.0402  1.12509
 1.11293 -55.0328  1.12524
 1.11308 -55.0253  1.12539
 1.11323 -55.0178  1.12554
 1.11338 -55.0103  1.12554
 1.11353 -55.0029  1.12569
 1.11368 -54.9954  1.12584
 1.11383 -54.9879  1.12599
 1.11398 -54.9805  1.12614
 1.11413  -54.973  1.12614
 1.11428 -54.9656  1.12629
 1.11443 -54.9581  1.12644
 1.11458 -54.9507  1.12659
 1.11473 -54.9432  1.12674
 1.11488 -54.9358  1.12674
 1.11503 -54.9284  1.12689
 1.11518 -54.9209  1.12704
 1.11533 -54.9135  1.12719
 1.11548 -54.9061  1.12734
 1.11563 -54.8987  1.12734
 1.11578 -54.8913  1.12749
 1.11593 -54.8839  1.12764
 1.11608 -54.8764  1.12779
 1.11623  -54.869  1.12794
 1.11638 -54.8616  1.12794
 1.11653 -54.8542  1.12809
 1.11668 -54.8469  1.12824
 1.11683 -54.8395  1.12839
 1.11698 -54.8321  1.12854
 1.11713 -54.8247  1.12854
 1.11728 -54.8173  1.12869
 1.11743   -54.81  1.12884
 1.11758 -54.8026  1.12899
 1.11773 -54.7952  1.12914
 1.11788 -54.7879  1.12929
 1.11803 -54.7805  1.12929
 1.11818 -54.7731  1.12944
 1.11833 -54.7658  1.12959
 1.11848 -54.7584  1.12974
 1.11863 -54.7511  1.12989
 1.11878 -54.7438  1.12989
 1.11893 -54.7364  1.13004
 1.11908 -54.7291  1.13019
 1.11923 -54.7218  1.13034
 1.11938 -54.7144  1.13049
 1.11953 -54.7071  1.13049
 1.11968 -54.6998  1.13064
 1.11983 -54.6925  1.13079
 1.11998 -54.6852  1.13094
 1.12014 -54.6778  1.13109
 1.12029 -54.6705  1.13109
 1.12044 -54.6632  1.13124
 1.12059 -54.6559  1.13139
 1.12074 -54.6486  1.13154
 1.12089 -54.6414  1.13169
 1.12104 -54.6341  1.13169
 1.12119 -54.6268  1.13184
 1.12134 -54.6195  1.13199
 1.12149 -54.6122  1.13214
 1.12164  -54.605  1.13229
 1.12179 -54.5977  1.13229
 1.12194 -54.5904  1.13244
 1.12209 -54.5832  1.13259
 1.12224 -54.5759  1.13274
 1.12239 -54.5687  1.13289
 1.12254 -54.5614  1.13289
 1.12269 -54.5542  1.13304
 1.12284 -54.5469  1.13319
 1.12299 -54.5397  1.13334
 1.12314 -54.5324  1.13349
 1.12329 -54.5252  1.13349
 1.12344  -54.518  1.13364
 1.12359 -54.5107  1.13379
 1.12374 -54.5035  1.13394
 1.12389 -54.4963  1.13409
 1.12404 -54.4891  1.13409
 1.12419 -54.4819  1.13424
 1.12434 -54.4747  1.13439
 1.12449 -54.4675  1.13454
 1.12464 -54.4603  1.13469
 1.12479 -54.4531  1.13469
 1.12494 -54.4459  1.13484
 1.12509 -54.4387  1.13499
 1.12524 -54.4315  1.13514
 1.12539 -54.4243  1.13529
 1.12554 -54.4171  1.13529
 1.12569   -54.41  1.13544
 1.12584 -54.4028  1.13559
 1.12599 -54.3956  1.13574
 1.12614 -54.3885  1.13589
 1.12629 -54.3813  1.13589
 1.12644 -54.3742  1.13604
 1.12659  -54.367  1.13619
 1.12674 -54.3598  1.13634
 1.12689 -54.3527  1.13649
 1.12704 -54.3456  1.13649
 1.12719 -54.3384  1.13664
 1.12734 -54.3313  1.13679
 1.12749 -54.3242  1.13694
 1.12764  -54.317  1.13709
 1.12779 -54.3099  1.13709
 1.12794 -54.3028  1.13724
 1.12809 -54.2957  1.13739
 1.12824 -54.2885  1.13754
 1.12839 -54.2814  1.13769
 1.12854 -54.2743  1.13769
 1.12869 -54.2672  1.13784
 1.12884 -54.2601  1.13799
 1.12899  -54.253  1.13814
 1.12914 -54.2459  1.13829
 1.12929 -54.2389  1.13829
 1.12944 -54.2318  1.13844
 1.12959 -54.2247  1.13859
 1.12974 -54.2176  1.13874
 1.12989 -54.2105  1.13874
 1.13004 -54.2035  1.13889
 1.13019 -54.1964  1.13904
 1.13034 -54.1893  1.13919
 1.13049 -54.1823  1.13934
 1.13064 -54.1752  1.13934
 1.13079 -54.1682  1.13949
 1.13094 -54.1611  1.13964
 1.13109 -54.1541  1.13979
 1.13124  -54.147  1.13994
 1.13139   -54.14  1.13994
 1.13154  -54.133   1.1401
 1.13169 -54.1259  1.14025
 1.13184 -54.1189   1.1404
 1.13199 -54.1119  1.14055
 1.13214 -54.1048  1.14055
 1.13229 -54.0978   1.1407
 1.13244 -54.0908  1.14085
 1.13259 -54.0838    1.141
 1.13274 -54.0768  1.14115
 1.13289 -54.0698  1.14115
 1.13304 -54.0628   1.1413
 1.13319 -54.0558  1.14145
 1.13334 -54.0488   1.1416
 1.13349 -54.0418   1.1416
 1.13364 -54.0348  1.14175
 1.13379 -54.0279   1.1419
 1.13394 -54.0209  1.14205
 1.13409 -54.0139   1.1422
 1.13424 -54.0069   1.1422
 1.13439      -54  1.14235
 1.13454  -53.993   1.1425
 1.13469  -53.986  1.14265
 1.13484 -53.9791   1.1428
 1.13499 -53.9721   1.1428
 1.13514 -53.9652  1.14295
 1.13529 -53.9582   1.1431
 1.13544 -53.9513  1.14325
 1.13559 -53.9444   1.1434
 1.13574 -53.9374   1.1434
 1.13589 -53.9305  1.14355
 1.13604 -53.9236   1.1437
 1.13619 -53.9166  1.14385
 1.13634 -53.9097    1.144
 1.13649 -53.9028    1.144
 1.13664 -53.8959  1.14415
 1.13679  -53.889   1.1443
 1.13694 -53.8821  1.14445
 1.13709 -53.8752  1.14445
 1.13724 -53.8683   1.1446
 1.13739 -53.8614  1.14475
 1.13754 -53.8545   1.1449
 1.13769 -53.8476   1.1449
 1.13784 -53.8407  1.14505
 1.13799 -53.8338   1.1452
 1.13814 -53.8269  1.14535
 1.13829 -53.8201  1.14535
 1.13844 -53.8132   1.1455
 1.13859 -53.8063  1.14565
 1.13874 -53.7995   1.1458
 1.13889 -53.7926   1.1458
 1.13904 -53.7858  1.14595
 1.13919 -53.7789   1.1461
 1.13934 -53.7721   1.1461
 1.13949 -53.7653  1.14625
 1.13964 -53.7584   1.1464
 1.13979 -53.7516  1.14655
 1.13994 -53.7448  1.14655
  1.1401 -53.7379   1.1467
 1.14025 -53.7311  1.14685
  1.1404 -53.7243  1.14685
 1.14055 -53.7175    1.147
  1.1407 -53.7107  1.14715
 1.14085 -53.7039   1.1473
   1.141 -53.6971   1.1473
 1.14115 -53.6903  1.14745
  1.1413 -53.6835   1.1476
 1.14145 -53.6767   1.1476
  1.1416   -53.67  1.14775
 1.14175 -53.6632   1.1479
  1.1419 -53.6564  1.14805
 1.14205 -53.6497  1.14805
  1.1422 -53.6429   1.1482
 1.14235 -53.6361  1.14835
  1.1425 -53.6294   1.1485
 1.14265 -53.6226   1.1485
  1.1428 -53.6159  1.14865
 1.14295 -53.6091   1.1488
  1.1431 -53.6024   1.1488
 1.14325 -53.5957  1.14895
  1.1434 -53.5889   1.1491
 1.14355 -53.5822  1.14925
  1.1437 -53.5755  1.14925
 1.14385 -53.5688   1.1494
   1.144 -53.5621  1.14955
 1.14415 -53.5554   1.1497
  1.1443 -53.5486   1.1497
 1.14445 -53.5419  1.14985
  1.1446 -53.5353     1.15
 1.14475 -53.5286     1.15
  1.1449 -53.5219     1.15
 1.14505 -53.5152     1.15
  1.1452 -53.5086     1.15
 1.14535 -53.5019     1.15
  1.1455 -53.4953     1.15
 1.14565 -53.4887     1.15
  1.1458  -53.482     1.15
 1.14595 -53.4754     1.15
  1.1461 -53.4689     1.15
 1.14625 -53.4623     1.15
  1.1464 -53.4557     1.15
 1.14655 -53.4492     1.15
  1.1467 -53.4426     1.15
 1.14685 -53.4361     1.15
   1.147 -53.4296     1.15
 1.14715 -53.4231     1.15
  1.1473 -53.4166     1.15
 1.14745 -53.4101     1.15
  1.1476 -53.4036     1.15
 1.14775 -53.3971     1.15
  1.1479 -53.3907     1.15
 1.14805 -53.3842     1.15
  1.1482 -53.3778     1.15
 1.14835 -53.3714     1.15
  1.1485  -53.365     1.15
 1.14865 -53.3586     1.15
  1.1488 -53.3522     1.15
 1.14895 -53.3458     1.15
  1.1491 -53.3395     1.15
 1.14925 -53.3331     1.15
  1.1494 -53.3268     1.15
 1.14955 -53.3205     1.15
  1.1497 -53.3141     1.15
 1.14985 -53.3078     1.15
    1.15 -53.3015     1.15