 kgrid  ValNew  Policy 
    0.85 -71.1104 0.895173
 0.85015  -71.098 0.895323
  0.8503 -71.0856 0.895473
 0.85045 -71.0732 0.895473
  0.8506 -71.0608 0.895623
 0.85075 -71.0484 0.895773
  0.8509  -71.036 0.895923
0.851051 -71.0236 0.896073
0.851201 -71.0112 0.896223
0.851351 -70.9988 0.896373
0.851501 -70.9865 0.896523
0.851651 -70.9741 0.896673
0.851801 -70.9617 0.896823
0.851951 -70.9494 0.896973
0.852101  -70.937 0.896973
0.852251 -70.9247 0.897124
0.852401 -70.9123 0.897274
0.852551    -70.9 0.897424
0.852701 -70.8877 0.897574
0.852851 -70.8754 0.897724
0.853002  -70.863 0.897874
0.853152 -70.8507 0.898024
0.853302 -70.8384 0.898174
0.853452 -70.8261 0.898324
0.853602 -70.8138 0.898474
0.853752 -70.8015 0.898624
0.853902 -70.7892 0.898774
0.854052 -70.7769 0.898774
0.854202 -70.7646 0.898924
0.854352 -70.7524 0.899075
0.854502 -70.7401 0.899225
0.854652 -70.7278 0.899375
0.854802 -70.7156 0.899525
0.854952 -70.7033 0.899675
0.855103  -70.691 0.899825
0.855253 -70.6788 0.899975
0.855403 -70.6665 0.900125
0.855553 -70.6543 0.900275
0.855703 -70.6421 0.900425
0.855853 -70.6298 0.900575
0.856003 -70.6176 0.900725
0.856153 -70.6054 0.900875
0.856303 -70.5932 0.900875
0.856453  -70.581 0.901026
0.856603 -70.5687 0.901176
0.856753 -70.5565 0.901326
0.856903 -70.5443 0.901476
0.857054 -70.5321 0.901626
0.857204   -70.52 0.901776
0.857354 -70.5078 0.901926
0.857504 -70.4956 0.902076
0.857654 -70.4834 0.902226
0.857804 -70.4712 0.902376
0.857954 -70.4591 0.902526
0.858104 -70.4469 0.902676
0.858254 -70.4347 0.902826
0.858404 -70.4226 0.902976
0.858554 -70.4104 0.903127
0.858704 -70.3983 0.903127
0.858854 -70.3861 0.903277
0.859005  -70.374 0.903427
0.859155 -70.3619 0.903577
0.859305 -70.3497 0.903727
0.859455 -70.3376 0.903877
0.859605 -70.3255 0.904027
0.859755 -70.3134 0.904177
0.859905 -70.3013 0.904327
0.860055 -70.2892 0.904477
0.860205 -70.2771 0.904627
0.860355  -70.265 0.904777
0.860505 -70.2529 0.904927
0.860655 -70.2408 0.905078
0.860805 -70.2287 0.905228
0.860955 -70.2166 0.905378
0.861106 -70.2046 0.905378
0.861256 -70.1925 0.905528
0.861406 -70.1804 0.905678
0.861556 -70.1683 0.905828
0.861706 -70.1563 0.905978
0.861856 -70.1442 0.906128
0.862006 -70.1322 0.906278
0.862156 -70.1201 0.906428
0.862306 -70.1081 0.906578
0.862456 -70.0961 0.906728
0.862606  -70.084 0.906878
0.862756  -70.072 0.907029
0.862906   -70.06 0.907179
0.863057  -70.048 0.907329
0.863207 -70.0359 0.907479
0.863357 -70.0239 0.907629
0.863507 -70.0119 0.907779
0.863657 -69.9999 0.907779
0.863807 -69.9879 0.907929
0.863957 -69.9759 0.908079
0.864107 -69.9639 0.908229
0.864257  -69.952 0.908379
0.864407   -69.94 0.908529
0.864557  -69.928 0.908679
0.864707  -69.916 0.908829
0.864857 -69.9041 0.908979
0.865008 -69.8921  0.90913
0.865158 -69.8801  0.90928
0.865308 -69.8682  0.90943
0.865458 -69.8562  0.90958
0.865608 -69.8443  0.90973
0.865758 -69.8324  0.90988
0.865908 -69.8204  0.91003
0.866058 -69.8085  0.91018
0.866208 -69.7966  0.91018
0.866358 -69.7846  0.91033
0.866508 -69.7727  0.91048
0.866658 -69.7608  0.91063
0.866808 -69.7489  0.91078
0.866958  -69.737  0.91093
0.867109 -69.7251 0.911081
0.867259 -69.7132 0.911231
0.867409 -69.7013 0.911381
0.867559 -69.6894 0.911531
0.867709 -69.6775 0.911681
0.867859 -69.6656 0.911831
0.868009 -69.6537 0.911981
0.868159 -69.6418 0.912131
0.868309   -69.63 0.912281
0.868459 -69.6181 0.912431
0.868609 -69.6062 0.912581
0.868759 -69.5944 0.912731
0.868909 -69.5825 0.912731
 0.86906 -69.5707 0.912881
 0.86921 -69.5588 0.913032
 0.86936  -69.547 0.913182
 0.86951 -69.5352 0.913332
 0.86966 -69.5233 0.913482
 0.86981 -69.5115 0.913632
 0.86996 -69.4997 0.913782
 0.87011 -69.4878 0.913932
 0.87026  -69.476 0.914082
 0.87041 -69.4642 0.914232
 0.87056 -69.4524 0.914382
 0.87071 -69.4406 0.914532
 0.87086 -69.4288 0.914682
0.871011  -69.417 0.914832
0.871161 -69.4052 0.914982
0.871311 -69.3934 0.915133
0.871461 -69.3816 0.915283
0.871611 -69.3699 0.915433
0.871761 -69.3581 0.915583
0.871911 -69.3463 0.915583
0.872061 -69.3345 0.915733
0.872211 -69.3228 0.915883
0.872361  -69.311 0.916033
0.872511 -69.2992 0.916183
0.872661 -69.2875 0.916333
0.872811 -69.2757 0.916483
0.872961  -69.264 0.916633
0.873112 -69.2523 0.916783
0.873262 -69.2405 0.916933
0.873412 -69.2288 0.917084
0.873562 -69.2171 0.917234
0.873712 -69.2053 0.917384
0.873862 -69.1936 0.917534
0.874012 -69.1819 0.917684
0.874162 -69.1702 0.917834
0.874312 -69.1585 0.917984
0.874462 -69.1468 0.918134
0.874612 -69.1351 0.918284
0.874762 -69.1234 0.918284
0.874912 -69.1117 0.918434
0.875063    -69.1 0.918584
0.875213 -69.0883 0.918734
0.875363 -69.0766 0.918884
0.875513  -69.065 0.919035
0.875663 -69.0533 0.919185
0.875813 -69.0416 0.919335
0.875963 -69.0299 0.919485
0.876113 -69.0183 0.919635
0.876263 -69.0066 0.919785
0.876413  -68.995 0.919935
0.876563 -68.9833 0.920085
0.876713 -68.9717 0.920235
0.876863   -68.96 0.920385
0.877014 -68.9484 0.920535
0.877164 -68.9368 0.920685
0.877314 -68.9251 0.920835
0.877464 -68.9135 0.920985
0.877614 -68.9019 0.921136
0.877764 -68.8903 0.921136
0.877914 -68.8787 0.921286
0.878064  -68.867 0.921436
0.878214 -68.8554 0.921586
0.878364 -68.8438 0.921736
0.878514 -68.8322 0.921886
0.878664 -68.8206 0.922036
0.878814 -68.8091 0.922186
0.878964 -68.7975 0.922336
0.879115 -68.7859 0.922486
0.879265 -68.7743 0.922636
0.879415 -68.7627 0.922786
0.879565 -68.7512 0.922936
0.879715 -68.7396 0.923087
0.879865  -68.728 0.923237
0.880015 -68.7165 0.923387
0.880165 -68.7049 0.923537
0.880315 -68.6934 0.923687
0.880465 -68.6818 0.923837
0.880615 -68.6703 0.923987
0.880765 -68.6587 0.924137
0.880915 -68.6472 0.924137
0.881066 -68.6357 0.924287
0.881216 -68.6241 0.924437
0.881366 -68.6126 0.924587
0.881516 -68.6011 0.924737
0.881666 -68.5896 0.924887
0.881816 -68.5781 0.925038
0.881966 -68.5665 0.925188
0.882116  -68.555 0.925338
0.882266 -68.5435 0.925488
0.882416  -68.532 0.925638
0.882566 -68.5205 0.925788
0.882716 -68.5091 0.925938
0.882866 -68.4976 0.926088
0.883017 -68.4861 0.926238
0.883167 -68.4746 0.926388
0.883317 -68.4631 0.926538
0.883467 -68.4517 0.926688
0.883617 -68.4402 0.926838
0.883767 -68.4287 0.926988
0.883917 -68.4173 0.927139
0.884067 -68.4058 0.927139
0.884217 -68.3944 0.927289
0.884367 -68.3829 0.927439
0.884517 -68.3715 0.927589
0.884667   -68.36 0.927739
0.884817 -68.3486 0.927889
0.884967 -68.3372 0.928039
0.885118 -68.3257 0.928189
0.885268 -68.3143 0.928339
0.885418 -68.3029 0.928489
0.885568 -68.2915 0.928639
0.885718   -68.28 0.928789
0.885868 -68.2686 0.928939
0.886018 -68.2572  0.92909
0.886168 -68.2458  0.92924
0.886318 -68.2344  0.92939
0.886468  -68.223  0.92954
0.886618 -68.2116  0.92969
0.886768 -68.2002  0.92984
0.886918 -68.1889  0.92999
0.887069 -68.1775  0.93014
0.887219 -68.1661  0.93014
0.887369 -68.1547  0.93029
0.887519 -68.1434  0.93044
0.887669  -68.132  0.93059
0.887819 -68.1206  0.93074
0.887969 -68.1093  0.93089
0.888119 -68.0979 0.931041
0.888269 -68.0866 0.931191
0.888419 -68.0752 0.931341
0.888569 -68.0639 0.931491
0.888719 -68.0525 0.931641
0.888869 -68.0412 0.931791
 0.88902 -68.0299 0.931941
 0.88917 -68.0185 0.932091
 0.88932 -68.0072 0.932241
 0.88947 -67.9959 0.932391
 0.88962 -67.9846 0.932541
 0.88977 -67.9733 0.932691
 0.88992 -67.9619 0.932841
 0.89007 -67.9506 0.932991
 0.89022 -67.9393 0.933142
 0.89037  -67.928 0.933292
 0.89052 -67.9167 0.933442
 0.89067 -67.9054 0.933442
 0.89082 -67.8942 0.933592
 0.89097 -67.8829 0.933742
0.891121 -67.8716 0.933892
0.891271 -67.8603 0.934042
0.891421  -67.849 0.934192
0.891571 -67.8378 0.934342
0.891721 -67.8265 0.934492
0.891871 -67.8152 0.934642
0.892021  -67.804 0.934792
0.892171 -67.7927 0.934942
0.892321 -67.7815 0.935093
0.892471 -67.7702 0.935243
0.892621  -67.759 0.935393
0.892771 -67.7477 0.935543
0.892921 -67.7365 0.935693
0.893072 -67.7252 0.935843
0.893222  -67.714 0.935993
0.893372 -67.7028 0.936143
0.893522 -67.6916 0.936293
0.893672 -67.6803 0.936443
0.893822 -67.6691 0.936593
0.893972 -67.6579 0.936743
0.894122 -67.6467 0.936743
0.894272 -67.6355 0.936893
0.894422 -67.6243 0.937044
0.894572 -67.6131 0.937194
0.894722 -67.6019 0.937344
0.894872 -67.5907 0.937494
0.895023 -67.5795 0.937644
0.895173 -67.5683 0.937794
0.895323 -67.5571 0.937944
0.895473  -67.546 0.938094
0.895623 -67.5348 0.938244
0.895773 -67.5236 0.938394
0.895923 -67.5124 0.938544
0.896073 -67.5013 0.938694
0.896223 -67.4901 0.938844
0.896373  -67.479 0.938994
0.896523 -67.4678 0.939145
0.896673 -67.4567 0.939295
0.896823 -67.4455 0.939445
0.896973 -67.4344 0.939595
0.897124 -67.4232 0.939745
0.897274 -67.4121 0.939895
0.897424  -67.401 0.940045
0.897574 -67.3898 0.940195
0.897724 -67.3787 0.940195
0.897874 -67.3676 0.940345
0.898024 -67.3565 0.940495
0.898174 -67.3454 0.940645
0.898324 -67.3342 0.940795
0.898474 -67.3231 0.940945
0.898624  -67.312 0.941096
0.898774 -67.3009 0.941246
0.898924 -67.2898 0.941396
0.899075 -67.2787 0.941546
0.899225 -67.2676 0.941696
0.899375 -67.2566 0.941846
0.899525 -67.2455 0.941996
0.899675 -67.2344 0.942146
0.899825 -67.2233 0.942296
0.899975 -67.2122 0.942446
0.900125 -67.2012 0.942596
0.900275 -67.1901 0.942746
0.900425  -67.179 0.942896
0.900575  -67.168 0.943047
0.900725 -67.1569 0.943197
0.900875 -67.1459 0.943347
0.901026 -67.1348 0.943497
0.901176 -67.1238 0.943647
0.901326 -67.1127 0.943797
0.901476 -67.1017 0.943797
0.901626 -67.0907 0.943947
0.901776 -67.0796 0.944097
0.901926 -67.0686 0.944247
0.902076 -67.0576 0.944397
0.902226 -67.0466 0.944547
0.902376 -67.0355 0.944697
0.902526 -67.0245 0.944847
0.902676 -67.0135 0.944997
0.902826 -67.0025 0.945148
0.902976 -66.9915 0.945298
0.903127 -66.9805 0.945448
0.903277 -66.9695 0.945598
0.903427 -66.9585 0.945748
0.903577 -66.9475 0.945898
0.903727 -66.9365 0.946048
0.903877 -66.9256 0.946198
0.904027 -66.9146 0.946348
0.904177 -66.9036 0.946498
0.904327 -66.8926 0.946648
0.904477 -66.8817 0.946798
0.904627 -66.8707 0.946948
0.904777 -66.8597 0.947099
0.904927 -66.8488 0.947249
0.905078 -66.8378 0.947399
0.905228 -66.8269 0.947399
0.905378 -66.8159 0.947549
0.905528  -66.805 0.947699
0.905678  -66.794 0.947849
0.905828 -66.7831 0.947999
0.905978 -66.7721 0.948149
0.906128 -66.7612 0.948299
0.906278 -66.7503 0.948449
0.906428 -66.7394 0.948599
0.906578 -66.7284 0.948749
0.906728 -66.7175 0.948899
0.906878 -66.7066  0.94905
0.907029 -66.6957   0.9492
0.907179 -66.6848  0.94935
0.907329 -66.6739   0.9495
0.907479  -66.663  0.94965
0.907629 -66.6521   0.9498
0.907779 -66.6412  0.94995
0.907929 -66.6303   0.9501
0.908079 -66.6194  0.95025
0.908229 -66.6085   0.9504
0.908379 -66.5976  0.95055
0.908529 -66.5867   0.9507
0.908679 -66.5759  0.95085
0.908829  -66.565 0.951001
0.908979 -66.5541 0.951151
 0.90913 -66.5433 0.951151
 0.90928 -66.5324 0.951301
 0.90943 -66.5215 0.951451
 0.90958 -66.5107 0.951601
 0.90973 -66.4998 0.951751
 0.90988  -66.489 0.951901
 0.91003 -66.4781 0.952051
 0.91018 -66.4673 0.952201
 0.91033 -66.4565 0.952351
 0.91048 -66.4456 0.952501
 0.91063 -66.4348 0.952651
 0.91078  -66.424 0.952801
 0.91093 -66.4131 0.952951
0.911081 -66.4023 0.953102
0.911231 -66.3915 0.953252
0.911381 -66.3807 0.953402
0.911531 -66.3699 0.953552
0.911681 -66.3591 0.953702
0.911831 -66.3482 0.953852
0.911981 -66.3374 0.954002
0.912131 -66.3266 0.954152
0.912281 -66.3158 0.954302
0.912431 -66.3051 0.954452
0.912581 -66.2943 0.954602
0.912731 -66.2835 0.954752
0.912881 -66.2727 0.954902
0.913032 -66.2619 0.955053
0.913182 -66.2511 0.955053
0.913332 -66.2404 0.955203
0.913482 -66.2296 0.955353
0.913632 -66.2188 0.955503
0.913782 -66.2081 0.955653
0.913932 -66.1973 0.955803
0.914082 -66.1865 0.955953
0.914232 -66.1758 0.956103
0.914382  -66.165 0.956253
0.914532 -66.1543 0.956403
0.914682 -66.1436 0.956553
0.914832 -66.1328 0.956703
0.914982 -66.1221 0.956853
0.915133 -66.1113 0.957004
0.915283 -66.1006 0.957154
0.915433 -66.0899 0.957304
0.915583 -66.0792 0.957454
0.915733 -66.0684 0.957604
0.915883 -66.0577 0.957754
0.916033  -66.047 0.957904
0.916183 -66.0363 0.958054
0.916333 -66.0256 0.958204
0.916483 -66.0149 0.958354
0.916633 -66.0042 0.958504
0.916783 -65.9935 0.958654
0.916933 -65.9828 0.958804
0.917084 -65.9721 0.958804
0.917234 -65.9614 0.958954
0.917384 -65.9507 0.959105
0.917534   -65.94 0.959255
0.917684 -65.9294 0.959405
0.917834 -65.9187 0.959555
0.917984  -65.908 0.959705
0.918134 -65.8973 0.959855
0.918284 -65.8867 0.960005
0.918434  -65.876 0.960155
0.918584 -65.8654 0.960305
0.918734 -65.8547 0.960455
0.918884  -65.844 0.960605
0.919035 -65.8334 0.960755
0.919185 -65.8228 0.960905
0.919335 -65.8121 0.961056
0.919485 -65.8015 0.961206
0.919635 -65.7908 0.961356
0.919785 -65.7802 0.961506
0.919935 -65.7696 0.961656
0.920085 -65.7589 0.961806
0.920235 -65.7483 0.961956
0.920385 -65.7377 0.962106
0.920535 -65.7271 0.962256
0.920685 -65.7165 0.962406
0.920835 -65.7059 0.962556
0.920985 -65.6952 0.962706
0.921136 -65.6846 0.962706
0.921286  -65.674 0.962856
0.921436 -65.6634 0.963007
0.921586 -65.6528 0.963157
0.921736 -65.6423 0.963307
0.921886 -65.6317 0.963457
0.922036 -65.6211 0.963607
0.922186 -65.6105 0.963757
0.922336 -65.5999 0.963907
0.922486 -65.5893 0.964057
0.922636 -65.5788 0.964207
0.922786 -65.5682 0.964357
0.922936 -65.5576 0.964507
0.923087 -65.5471 0.964657
0.923237 -65.5365 0.964807
0.923387 -65.5259 0.964957
0.923537 -65.5154 0.965108
0.923687 -65.5048 0.965258
0.923837 -65.4943 0.965408
0.923987 -65.4837 0.965558
0.924137 -65.4732 0.965708
0.924287 -65.4627 0.965858
0.924437 -65.4521 0.966008
0.924587 -65.4416 0.966158
0.924737 -65.4311 0.966308
0.924887 -65.4205 0.966458
0.925038   -65.41 0.966608
0.925188 -65.3995 0.966758
0.925338  -65.389 0.966758
0.925488 -65.3785 0.966908
0.925638  -65.368 0.967059
0.925788 -65.3575 0.967209
0.925938 -65.3469 0.967359
0.926088 -65.3364 0.967509
0.926238  -65.326 0.967659
0.926388 -65.3155 0.967809
0.926538  -65.305 0.967959
0.926688 -65.2945 0.968109
0.926838  -65.284 0.968259
0.926988 -65.2735 0.968409
0.927139  -65.263 0.968559
0.927289 -65.2526 0.968709
0.927439 -65.2421 0.968859
0.927589 -65.2316  0.96901
0.927739 -65.2211  0.96916
0.927889 -65.2107  0.96931
0.928039 -65.2002  0.96946
0.928189 -65.1898  0.96961
0.928339 -65.1793  0.96976
0.928489 -65.1689  0.96991
0.928639 -65.1584  0.97006
0.928789  -65.148  0.97021
0.928939 -65.1375  0.97036
 0.92909 -65.1271  0.97051
 0.92924 -65.1166  0.97066
 0.92939 -65.1062  0.97066
 0.92954 -65.0958  0.97081
 0.92969 -65.0854  0.97096
 0.92984 -65.0749 0.971111
 0.92999 -65.0645 0.971261
 0.93014 -65.0541 0.971411
 0.93029 -65.0437 0.971561
 0.93044 -65.0333 0.971711
 0.93059 -65.0229 0.971861
 0.93074 -65.0125 0.972011
 0.93089 -65.0021 0.972161
0.931041 -64.9917 0.972311
0.931191 -64.9813 0.972461
0.931341 -64.9709 0.972611
0.931491 -64.9605 0.972761
0.931641 -64.9501 0.972911
0.931791 -64.9397 0.973062
0.931941 -64.9293 0.973212
0.932091  -64.919 0.973362
0.932241 -64.9086 0.973512
0.932391 -64.8982 0.973662
0.932541 -64.8878 0.973812
0.932691 -64.8775 0.973962
0.932841 -64.8671 0.974112
0.932991 -64.8568 0.974262
0.933142 -64.8464 0.974412
0.933292  -64.836 0.974562
0.933442 -64.8257 0.974712
0.933592 -64.8154 0.974712
0.933742  -64.805 0.974862
0.933892 -64.7947 0.975013
0.934042 -64.7843 0.975163
0.934192  -64.774 0.975313
0.934342 -64.7637 0.975463
0.934492 -64.7533 0.975613
0.934642  -64.743 0.975763
0.934792 -64.7327 0.975913
0.934942 -64.7224 0.976063
0.935093  -64.712 0.976213
0.935243 -64.7017 0.976363
0.935393 -64.6914 0.976513
0.935543 -64.6811 0.976663
0.935693 -64.6708 0.976813
0.935843 -64.6605 0.976963
0.935993 -64.6502 0.977114
0.936143 -64.6399 0.977264
0.936293 -64.6296 0.977414
0.936443 -64.6193 0.977564
0.936593 -64.6091 0.977714
0.936743 -64.5988 0.977864
0.936893 -64.5885 0.978014
0.937044 -64.5782 0.978164
0.937194 -64.5679 0.978314
0.937344 -64.5577 0.978464
0.937494 -64.5474 0.978614
0.937644 -64.5371 0.978764
0.937794 -64.5269 0.978914
0.937944 -64.5166 0.978914
0.938094 -64.5064 0.979065
0.938244 -64.4961 0.979215
0.938394 -64.4859 0.979365
0.938544 -64.4756 0.979515
0.938694 -64.4654 0.979665
0.938844 -64.4551 0.979815
0.938994 -64.4449 0.979965
0.939145 -64.4346 0.980115
0.939295 -64.4244 0.980265
0.939445 -64.4142 0.980415
0.939595  -64.404 0.980565
0.939745 -64.3937 0.980715
0.939895 -64.3835 0.980865
0.940045 -64.3733 0.981016
0.940195 -64.3631 0.981166
0.940345 -64.3529 0.981316
0.940495 -64.3427 0.981466
0.940645 -64.3325 0.981616
0.940795 -64.3223 0.981766
0.940945 -64.3121 0.981916
0.941096 -64.3019 0.982066
0.941246 -64.2917 0.982216
0.941396 -64.2815 0.982366
0.941546 -64.2713 0.982516
0.941696 -64.2611 0.982666
0.941846 -64.2509 0.982816
0.941996 -64.2407 0.982966
0.942146 -64.2306 0.982966
0.942296 -64.2204 0.983117
0.942446 -64.2102 0.983267
0.942596 -64.2001 0.983417
0.942746 -64.1899 0.983567
0.942896 -64.1797 0.983717
0.943047 -64.1696 0.983867
0.943197 -64.1594 0.984017
0.943347 -64.1493 0.984167
0.943497 -64.1391 0.984317
0.943647  -64.129 0.984467
0.943797 -64.1188 0.984617
0.943947 -64.1087 0.984767
0.944097 -64.0986 0.984917
0.944247 -64.0884 0.985068
0.944397 -64.0783 0.985218
0.944547 -64.0682 0.985368
0.944697  -64.058 0.985518
0.944847 -64.0479 0.985668
0.944997 -64.0378 0.985818
0.945148 -64.0277 0.985968
0.945298 -64.0176 0.986118
0.945448 -64.0075 0.986268
0.945598 -63.9973 0.986418
0.945748 -63.9872 0.986568
0.945898 -63.9771 0.986718
0.946048  -63.967 0.986868
0.946198 -63.9569 0.987019
0.946348 -63.9469 0.987019
0.946498 -63.9368 0.987169
0.946648 -63.9267 0.987319
0.946798 -63.9166 0.987469
0.946948 -63.9065 0.987619
0.947099 -63.8964 0.987769
0.947249 -63.8864 0.987919
0.947399 -63.8763 0.988069
0.947549 -63.8662 0.988219
0.947699 -63.8561 0.988369
0.947849 -63.8461 0.988519
0.947999  -63.836 0.988669
0.948149  -63.826 0.988819
0.948299 -63.8159 0.988969
0.948449 -63.8058  0.98912
0.948599 -63.7958  0.98927
0.948749 -63.7858  0.98942
0.948899 -63.7757  0.98957
 0.94905 -63.7657  0.98972
  0.9492 -63.7556  0.98987
 0.94935 -63.7456  0.99002
  0.9495 -63.7356  0.99017
 0.94965 -63.7255  0.99032
  0.9498 -63.7155  0.99047
 0.94995 -63.7055  0.99062
  0.9501 -63.6955  0.99077
 0.95025 -63.6854  0.99092
  0.9504 -63.6754 0.991071
 0.95055 -63.6654 0.991221
  0.9507 -63.6554 0.991221
 0.95085 -63.6454 0.991371
0.951001 -63.6354 0.991521
0.951151 -63.6254 0.991671
0.951301 -63.6154 0.991821
0.951451 -63.6054 0.991971
0.951601 -63.5954 0.992121
0.951751 -63.5854 0.992271
0.951901 -63.5754 0.992421
0.952051 -63.5655 0.992571
0.952201 -63.5555 0.992721
0.952351 -63.5455 0.992871
0.952501 -63.5355 0.993022
0.952651 -63.5256 0.993172
0.952801 -63.5156 0.993322
0.952951 -63.5056 0.993472
0.953102 -63.4957 0.993622
0.953252 -63.4857 0.993772
0.953402 -63.4757 0.993922
0.953552 -63.4658 0.994072
0.953702 -63.4558 0.994222
0.953852 -63.4459 0.994372
0.954002 -63.4359 0.994522
0.954152  -63.426 0.994672
0.954302 -63.4161 0.994822
0.954452 -63.4061 0.994972
0.954602 -63.3962 0.995123
0.954752 -63.3863 0.995273
0.954902 -63.3763 0.995423
0.955053 -63.3664 0.995423
0.955203 -63.3565 0.995573
0.955353 -63.3466 0.995723
0.955503 -63.3366 0.995873
0.955653 -63.3267 0.996023
0.955803 -63.3168 0.996173
0.955953 -63.3069 0.996323
0.956103  -63.297 0.996473
0.956253 -63.2871 0.996623
0.956403 -63.2772 0.996773
0.956553 -63.2673 0.996923
0.956703 -63.2574 0.997074
0.956853 -63.2475 0.997224
0.957004 -63.2376 0.997374
0.957154 -63.2277 0.997524
0.957304 -63.2178 0.997674
0.957454  -63.208 0.997824
0.957604 -63.1981 0.997974
0.957754 -63.1882 0.998124
0.957904 -63.1783 0.998274
0.958054 -63.1685 0.998424
0.958204 -63.1586 0.998574
0.958354 -63.1487 0.998724
0.958504 -63.1389 0.998874
0.958654  -63.129 0.999025
0.958804 -63.1192 0.999175
0.958954 -63.1093 0.999325
0.959105 -63.0995 0.999475
0.959255 -63.0896 0.999475
0.959405 -63.0798 0.999625
0.959555 -63.0699 0.999775
0.959705 -63.0601 0.999925
0.959855 -63.0503  1.00008
0.960005 -63.0404  1.00023
0.960155 -63.0306  1.00038
0.960305 -63.0208  1.00053
0.960455 -63.0109  1.00068
0.960605 -63.0011  1.00083
0.960755 -62.9913  1.00098
0.960905 -62.9815  1.00113
0.961056 -62.9717  1.00128
0.961206 -62.9619  1.00143
0.961356 -62.9521  1.00158
0.961506 -62.9423  1.00173
0.961656 -62.9325  1.00188
0.961806 -62.9227  1.00203
0.961956 -62.9129  1.00218
0.962106 -62.9031  1.00233
0.962256 -62.8933  1.00248
0.962406 -62.8835  1.00263
0.962556 -62.8737  1.00278
0.962706 -62.8639  1.00293
0.962856 -62.8541  1.00308
0.963007 -62.8444  1.00323
0.963157 -62.8346  1.00338
0.963307 -62.8248  1.00353
0.963457 -62.8151  1.00353
0.963607 -62.8053  1.00368
0.963757 -62.7955  1.00383
0.963907 -62.7858  1.00398
0.964057  -62.776  1.00413
0.964207 -62.7663  1.00428
0.964357 -62.7565  1.00443
0.964507 -62.7467  1.00458
0.964657  -62.737  1.00473
0.964807 -62.7273  1.00488
0.964957 -62.7175  1.00503
0.965108 -62.7078  1.00518
0.965258  -62.698  1.00533
0.965408 -62.6883  1.00548
0.965558 -62.6786  1.00563
0.965708 -62.6689  1.00578
0.965858 -62.6591  1.00593
0.966008 -62.6494  1.00608
0.966158 -62.6397  1.00623
0.966308   -62.63  1.00638
0.966458 -62.6203  1.00653
0.966608 -62.6106  1.00668
0.966758 -62.6008  1.00683
0.966908 -62.5911  1.00698
0.967059 -62.5814  1.00713
0.967209 -62.5717  1.00728
0.967359  -62.562  1.00743
0.967509 -62.5524  1.00758
0.967659 -62.5427  1.00773
0.967809  -62.533  1.00773
0.967959 -62.5233  1.00788
0.968109 -62.5136  1.00803
0.968259 -62.5039  1.00818
0.968409 -62.4942  1.00833
0.968559 -62.4846  1.00848
0.968709 -62.4749  1.00863
0.968859 -62.4652  1.00878
 0.96901 -62.4556  1.00893
 0.96916 -62.4459  1.00908
 0.96931 -62.4362  1.00923
 0.96946 -62.4266  1.00938
 0.96961 -62.4169  1.00953
 0.96976 -62.4073  1.00968
 0.96991 -62.3976  1.00983
 0.97006  -62.388  1.00998
 0.97021 -62.3783  1.01013
 0.97036 -62.3687  1.01028
 0.97051 -62.3591  1.01043
 0.97066 -62.3494  1.01058
 0.97081 -62.3398  1.01073
 0.97096 -62.3302  1.01088
0.971111 -62.3205  1.01103
0.971261 -62.3109  1.01118
0.971411 -62.3013  1.01133
0.971561 -62.2917  1.01148
0.971711  -62.282  1.01163
0.971861 -62.2724  1.01178
0.972011 -62.2628  1.01178
0.972161 -62.2532  1.01193
0.972311 -62.2436  1.01208
0.972461  -62.234  1.01223
0.972611 -62.2244  1.01238
0.972761 -62.2148  1.01253
0.972911 -62.2052  1.01268
0.973062 -62.1956  1.01283
0.973212  -62.186  1.01298
0.973362 -62.1764  1.01313
0.973512 -62.1668  1.01328
0.973662 -62.1573  1.01343
0.973812 -62.1477  1.01358
0.973962 -62.1381  1.01373
0.974112 -62.1285  1.01388
0.974262  -62.119  1.01403
0.974412 -62.1094  1.01418
0.974562 -62.0998  1.01433
0.974712 -62.0903  1.01448
0.974862 -62.0807  1.01463
0.975013 -62.0712  1.01478
0.975163 -62.0616  1.01493
0.975313  -62.052  1.01508
0.975463 -62.0425  1.01523
0.975613  -62.033  1.01538
0.975763 -62.0234  1.01553
0.975913 -62.0139  1.01568
0.976063 -62.0043  1.01583
0.976213 -61.9948  1.01583
0.976363 -61.9853  1.01598
0.976513 -61.9757  1.01613
0.976663 -61.9662  1.01628
0.976813 -61.9567  1.01643
0.976963 -61.9472  1.01658
0.977114 -61.9376  1.01673
0.977264 -61.9281  1.01688
0.977414 -61.9186  1.01703
0.977564 -61.9091  1.01718
0.977714 -61.8996  1.01733
0.977864 -61.8901  1.01748
0.978014 -61.8806  1.01763
0.978164 -61.8711  1.01778
0.978314 -61.8616  1.01793
0.978464 -61.8521  1.01808
0.978614 -61.8426  1.01823
0.978764 -61.8331  1.01838
0.978914 -61.8236  1.01853
0.979065 -61.8141  1.01868
0.979215 -61.8046  1.01883
0.979365 -61.7952  1.01898
0.979515 -61.7857  1.01913
0.979665 -61.7762  1.01928
0.979815 -61.7667  1.01943
0.979965 -61.7573  1.01958
0.980115 -61.7478  1.01973
0.980265 -61.7383  1.01988
0.980415 -61.7289  1.01988
0.980565 -61.7194  1.02004
0.980715   -61.71  1.02019
0.980865 -61.7005  1.02034
0.981016 -61.6911  1.02049
0.981166 -61.6816  1.02064
0.981316 -61.6722  1.02079
0.981466 -61.6627  1.02094
0.981616 -61.6533  1.02109
0.981766 -61.6438  1.02124
0.981916 -61.6344  1.02139
0.982066  -61.625  1.02154
0.982216 -61.6155  1.02169
0.982366 -61.6061  1.02184
0.982516 -61.5967  1.02199
0.982666 -61.5873  1.02214
0.982816 -61.5779  1.02229
0.982966 -61.5684  1.02244
0.983117  -61.559  1.02259
0.983267 -61.5496  1.02274
0.983417 -61.5402  1.02289
0.983567 -61.5308  1.02304
0.983717 -61.5214  1.02319
0.983867  -61.512  1.02334
0.984017 -61.5026  1.02349
0.984167 -61.4932  1.02364
0.984317 -61.4838  1.02379
0.984467 -61.4744  1.02379
0.984617  -61.465  1.02394
0.984767 -61.4557  1.02409
0.984917 -61.4463  1.02424
0.985068 -61.4369  1.02439
0.985218 -61.4275  1.02454
0.985368 -61.4182  1.02469
0.985518 -61.4088  1.02484
0.985668 -61.3994  1.02499
0.985818   -61.39  1.02514
0.985968 -61.3807  1.02529
0.986118 -61.3713  1.02544
0.986268  -61.362  1.02559
0.986418 -61.3526  1.02574
0.986568 -61.3433  1.02589
0.986718 -61.3339  1.02604
0.986868 -61.3246  1.02619
0.987019 -61.3152  1.02634
0.987169 -61.3059  1.02649
0.987319 -61.2965  1.02664
0.987469 -61.2872  1.02679
0.987619 -61.2779  1.02694
0.987769 -61.2685  1.02709
0.987919 -61.2592  1.02724
0.988069 -61.2499  1.02739
0.988219 -61.2406  1.02754
0.988369 -61.2312  1.02769
0.988519 -61.2219  1.02784
0.988669 -61.2126  1.02784
0.988819 -61.2033  1.02799
0.988969  -61.194  1.02814
 0.98912 -61.1847  1.02829
 0.98927 -61.1754  1.02844
 0.98942 -61.1661  1.02859
 0.98957 -61.1568  1.02874
 0.98972 -61.1475  1.02889
 0.98987 -61.1382  1.02904
 0.99002 -61.1289  1.02919
 0.99017 -61.1196  1.02934
 0.99032 -61.1103  1.02949
 0.99047  -61.101  1.02964
 0.99062 -61.0917  1.02979
 0.99077 -61.0825  1.02994
 0.99092 -61.0732  1.03009
0.991071 -61.0639  1.03024
0.991221 -61.0546  1.03039
0.991371 -61.0454  1.03054
0.991521 -61.0361  1.03069
0.991671 -61.0268  1.03084
0.991821 -61.0176  1.03099
0.991971 -61.0083  1.03114
0.992121 -60.9991  1.03129
0.992271 -60.9898  1.03144
0.992421 -60.9806  1.03159
0.992571 -60.9713  1.03174
0.992721 -60.9621  1.03174
0.992871 -60.9528  1.03189
0.993022 -60.9436  1.03204
0.993172 -60.9343  1.03219
0.993322 -60.9251  1.03234
0.993472 -60.9159  1.03249
0.993622 -60.9066  1.03264
0.993772 -60.8974  1.03279
0.993922 -60.8882  1.03294
0.994072  -60.879  1.03309
0.994222 -60.8698  1.03324
0.994372 -60.8605  1.03339
0.994522 -60.8513  1.03354
0.994672 -60.8421  1.03369
0.994822 -60.8329  1.03384
0.994972 -60.8237  1.03399
0.995123 -60.8145  1.03414
0.995273 -60.8053  1.03429
0.995423 -60.7961  1.03444
0.995573 -60.7869  1.03459
0.995723 -60.7777  1.03474
0.995873 -60.7685  1.03489
0.996023 -60.7593  1.03504
0.996173 -60.7501  1.03519
0.996323  -60.741  1.03534
0.996473 -60.7318  1.03549
0.996623 -60.7226  1.03549
0.996773 -60.7134  1.03564
0.996923 -60.7042  1.03579
0.997074 -60.6951  1.03594
0.997224 -60.6859  1.03609
0.997374 -60.6767  1.03624
0.997524 -60.6676  1.03639
0.997674 -60.6584  1.03654
0.997824 -60.6493  1.03669
0.997974 -60.6401  1.03684
0.998124  -60.631  1.03699
0.998274 -60.6218  1.03714
0.998424 -60.6127  1.03729
0.998574 -60.6035  1.03744
0.998724 -60.5944  1.03759
0.998874 -60.5852  1.03774
0.999025 -60.5761  1.03789
0.999175  -60.567  1.03804
0.999325 -60.5578  1.03819
0.999475 -60.5487  1.03834
0.999625 -60.5396  1.03849
0.999775 -60.5304  1.03864
0.999925 -60.5213  1.03879
 1.00008 -60.5122  1.03894
 1.00023 -60.5031  1.03909
 1.00038  -60.494  1.03924
 1.00053 -60.4849  1.03924
 1.00068 -60.4758  1.03939
 1.00083 -60.4666  1.03954
 1.00098 -60.4575  1.03969
 1.00113 -60.4484  1.03984
 1.00128 -60.4393  1.03999
 1.00143 -60.4302  1.04015
 1.00158 -60.4211   1.0403
 1.00173 -60.4121  1.04045
 1.00188  -60.403   1.0406
 1.00203 -60.3939  1.04075
 1.00218 -60.3848   1.0409
 1.00233 -60.3757  1.04105
 1.00248 -60.3666   1.0412
 1.00263 -60.3576  1.04135
 1.00278 -60.3485   1.0415
 1.00293 -60.3394  1.04165
 1.00308 -60.3304   1.0418
 1.00323 -60.3213  1.04195
 1.00338 -60.3122   1.0421
 1.00353 -60.3032  1.04225
 1.00368 -60.2941   1.0424
 1.00383  -60.285  1.04255
 1.00398  -60.276   1.0427
 1.00413 -60.2669  1.04285
 1.00428 -60.2579    1.043
 1.00443 -60.2489    1.043
 1.00458 -60.2398  1.04315
 1.00473 -60.2308   1.0433
 1.00488 -60.2217  1.04345
 1.00503 -60.2127   1.0436
 1.00518 -60.2037  1.04375
 1.00533 -60.1946   1.0439
 1.00548 -60.1856  1.04405
 1.00563 -60.1766   1.0442
 1.00578 -60.1676  1.04435
 1.00593 -60.1585   1.0445
 1.00608 -60.1495  1.04465
 1.00623 -60.1405   1.0448
 1.00638 -60.1315  1.04495
 1.00653 -60.1225   1.0451
 1.00668 -60.1135  1.04525
 1.00683 -60.1045   1.0454
 1.00698 -60.0955  1.04555
 1.00713 -60.0865   1.0457
 1.00728 -60.0775  1.04585
 1.00743 -60.0685    1.046
 1.00758 -60.0595  1.04615
 1.00773 -60.0505   1.0463
 1.00788 -60.0415  1.04645
 1.00803 -60.0325   1.0466
 1.00818 -60.0235   1.0466
 1.00833 -60.0146  1.04675
 1.00848 -60.0056   1.0469
 1.00863 -59.9966  1.04705
 1.00878 -59.9876   1.0472
 1.00893 -59.9787  1.04735
 1.00908 -59.9697   1.0475
 1.00923 -59.9607  1.04765
 1.00938 -59.9518   1.0478
 1.00953 -59.9428  1.04795
 1.00968 -59.9339   1.0481
 1.00983 -59.9249  1.04825
 1.00998 -59.9159   1.0484
 1.01013  -59.907  1.04855
 1.01028 -59.8981   1.0487
 1.01043 -59.8891  1.04885
 1.01058 -59.8802    1.049
 1.01073 -59.8712  1.04915
 1.01088 -59.8623   1.0493
 1.01103 -59.8534  1.04945
 1.01118 -59.8444   1.0496
 1.01133 -59.8355  1.04975
 1.01148 -59.8266   1.0499
 1.01163 -59.8176  1.05005
 1.01178 -59.8087   1.0502
 1.01193 -59.7998   1.0502
 1.01208 -59.7909  1.05035
 1.01223  -59.782   1.0505
 1.01238 -59.7731  1.05065
 1.01253 -59.7642   1.0508
 1.01268 -59.7552  1.05095
 1.01283 -59.7463   1.0511
 1.01298 -59.7374  1.05125
 1.01313 -59.7285   1.0514
 1.01328 -59.7196  1.05155
 1.01343 -59.7107   1.0517
 1.01358 -59.7019  1.05185
 1.01373  -59.693    1.052
 1.01388 -59.6841  1.05215
 1.01403 -59.6752   1.0523
 1.01418 -59.6663  1.05245
 1.01433 -59.6574   1.0526
 1.01448 -59.6486  1.05275
 1.01463 -59.6397   1.0529
 1.01478 -59.6308  1.05305
 1.01493 -59.6219   1.0532
 1.01508 -59.6131  1.05335
 1.01523 -59.6042   1.0535
 1.01538 -59.5954  1.05365
 1.01553 -59.5865  1.05365
 1.01568 -59.5776   1.0538
 1.01583 -59.5688  1.05395
 1.01598 -59.5599   1.0541
 1.01613 -59.5511  1.05425
 1.01628 -59.5422   1.0544
 1.01643 -59.5334  1.05455
 1.01658 -59.5245   1.0547
 1.01673 -59.5157  1.05485
 1.01688 -59.5069    1.055
 1.01703  -59.498  1.05515
 1.01718 -59.4892   1.0553
 1.01733 -59.4804  1.05545
 1.01748 -59.4715   1.0556
 1.01763 -59.4627  1.05575
 1.01778 -59.4539   1.0559
 1.01793 -59.4451  1.05605
 1.01808 -59.4363   1.0562
 1.01823 -59.4275  1.05635
 1.01838 -59.4186   1.0565
 1.01853 -59.4098  1.05665
 1.01868  -59.401   1.0568
 1.01883 -59.3922  1.05695
 1.01898 -59.3834  1.05695
 1.01913 -59.3746   1.0571
 1.01928 -59.3658  1.05725
 1.01943  -59.357   1.0574
 1.01958 -59.3482  1.05755
 1.01973 -59.3394   1.0577
 1.01988 -59.3307  1.05785
 1.02004 -59.3219    1.058
 1.02019 -59.3131  1.05815
 1.02034 -59.3043   1.0583
 1.02049 -59.2955  1.05845
 1.02064 -59.2868   1.0586
 1.02079  -59.278  1.05875
 1.02094 -59.2692   1.0589
 1.02109 -59.2605  1.05905
 1.02124 -59.2517   1.0592
 1.02139 -59.2429  1.05935
 1.02154 -59.2342   1.0595
 1.02169 -59.2254  1.05965
 1.02184 -59.2167   1.0598
 1.02199 -59.2079  1.05995
 1.02214 -59.1992  1.06011
 1.02229 -59.1904  1.06026
 1.02244 -59.1817  1.06026
 1.02259 -59.1729  1.06041
 1.02274 -59.1642  1.06056
 1.02289 -59.1554  1.06071
 1.02304 -59.1467  1.06086
 1.02319  -59.138  1.06101
 1.02334 -59.1292  1.06116
 1.02349 -59.1205  1.06131
 1.02364 -59.1118  1.06146
 1.02379 -59.1031  1.06161
 1.02394 -59.0944  1.06176
 1.02409 -59.0856  1.06191
 1.02424 -59.0769  1.06206
 1.02439 -59.0682  1.06221
 1.02454 -59.0595  1.06236
 1.02469 -59.0508  1.06251
 1.02484 -59.0421  1.06266
 1.02499 -59.0334  1.06281
 1.02514 -59.0247  1.06296
 1.02529  -59.016  1.06311
 1.02544 -59.0073  1.06326
 1.02559 -58.9986  1.06341
 1.02574 -58.9899  1.06341
 1.02589 -58.9812  1.06356
 1.02604 -58.9725  1.06371
 1.02619 -58.9639  1.06386
 1.02634 -58.9552  1.06401
 1.02649 -58.9465  1.06416
 1.02664 -58.9378  1.06431
 1.02679 -58.9292  1.06446
 1.02694 -58.9205  1.06461
 1.02709 -58.9118  1.06476
 1.02724 -58.9032  1.06491
 1.02739 -58.8945  1.06506
 1.02754 -58.8858  1.06521
 1.02769 -58.8772  1.06536
 1.02784 -58.8685  1.06551
 1.02799 -58.8599  1.06566
 1.02814 -58.8512  1.06581
 1.02829 -58.8426  1.06596
 1.02844 -58.8339  1.06611
 1.02859 -58.8253  1.06626
 1.02874 -58.8166  1.06641
 1.02889  -58.808  1.06641
 1.02904 -58.7994  1.06656
 1.02919 -58.7907  1.06671
 1.02934 -58.7821  1.06686
 1.02949 -58.7735  1.06701
 1.02964 -58.7648  1.06716
 1.02979 -58.7562  1.06731
 1.02994 -58.7476  1.06746
 1.03009  -58.739  1.06761
 1.03024 -58.7304  1.06776
 1.03039 -58.7218  1.06791
 1.03054 -58.7131  1.06806
 1.03069 -58.7045  1.06821
 1.03084 -58.6959  1.06836
 1.03099 -58.6873  1.06851
 1.03114 -58.6787  1.06866
 1.03129 -58.6701  1.06881
 1.03144 -58.6615  1.06896
 1.03159 -58.6529  1.06911
 1.03174 -58.6444  1.06926
 1.03189 -58.6358  1.06941
 1.03204 -58.6272  1.06956
 1.03219 -58.6186  1.06956
 1.03234   -58.61  1.06971
 1.03249 -58.6014  1.06986
 1.03264 -58.5929  1.07001
 1.03279 -58.5843  1.07016
 1.03294 -58.5757  1.07031
 1.03309 -58.5671  1.07046
 1.03324 -58.5586  1.07061
 1.03339   -58.55  1.07076
 1.03354 -58.5415  1.07091
 1.03369 -58.5329  1.07106
 1.03384 -58.5243  1.07121
 1.03399 -58.5158  1.07136
 1.03414 -58.5072  1.07151
 1.03429 -58.4987  1.07166
 1.03444 -58.4901  1.07181
 1.03459 -58.4816  1.07196
 1.03474  -58.473  1.07211
 1.03489 -58.4645  1.07226
 1.03504  -58.456  1.07241
 1.03519 -58.4474  1.07256
 1.03534 -58.4389  1.07256
 1.03549 -58.4304  1.07271
 1.03564 -58.4219  1.07286
 1.03579 -58.4133  1.07301
 1.03594 -58.4048  1.07316
 1.03609 -58.3963  1.07331
 1.03624 -58.3878  1.07346
 1.03639 -58.3793  1.07361
 1.03654 -58.3707  1.07376
 1.03669 -58.3622  1.07391
 1.03684 -58.3537  1.07406
 1.03699 -58.3452  1.07421
 1.03714 -58.3367  1.07436
 1.03729 -58.3282  1.07451
 1.03744 -58.3197  1.07466
 1.03759 -58.3112  1.07481
 1.03774 -58.3027  1.07496
 1.03789 -58.2942  1.07511
 1.03804 -58.2858  1.07526
 1.03819 -58.2773  1.07541
 1.03834 -58.2688  1.07541
 1.03849 -58.2603  1.07556
 1.03864 -58.2518  1.07571
 1.03879 -58.2433  1.07586
 1.03894 -58.2349  1.07601
 1.03909 -58.2264  1.07616
 1.03924 -58.2179  1.07631
 1.03939 -58.2095  1.07646
 1.03954  -58.201  1.07661
 1.03969 -58.1925  1.07676
 1.03984 -58.1841  1.07691
 1.03999 -58.1756  1.07706
 1.04015 -58.1672  1.07721
  1.0403 -58.1587  1.07736
 1.04045 -58.1503  1.07751
  1.0406 -58.1418  1.07766
 1.04075 -58.1334  1.07781
  1.0409 -58.1249  1.07796
 1.04105 -58.1165  1.07811
  1.0412 -58.1081  1.07811
 1.04135 -58.0996  1.07826
  1.0415 -58.0912  1.07841
 1.04165 -58.0828  1.07856
  1.0418 -58.0744  1.07871
 1.04195 -58.0659  1.07886
  1.0421 -58.0575  1.07901
 1.04225 -58.0491  1.07916
  1.0424 -58.0407  1.07931
 1.04255 -58.0323  1.07946
  1.0427 -58.0238  1.07961
 1.04285 -58.0154  1.07976
   1.043  -58.007  1.07991
 1.04315 -57.9986  1.08007
  1.0433 -57.9902  1.08022
 1.04345 -57.9818  1.08037
  1.0436 -57.9734  1.08052
 1.04375  -57.965  1.08067
  1.0439 -57.9566  1.08082
 1.04405 -57.9483  1.08082
  1.0442 -57.9399  1.08097
 1.04435 -57.9315  1.08112
  1.0445 -57.9231  1.08127
 1.04465 -57.9147  1.08142
  1.0448 -57.9063  1.08157
 1.04495  -57.898  1.08172
  1.0451 -57.8896  1.08187
 1.04525 -57.8812  1.08202
  1.0454 -57.8729  1.08217
 1.04555 -57.8645  1.08232
  1.0457 -57.8561  1.08247
 1.04585 -57.8478  1.08262
   1.046 -57.8394  1.08277
 1.04615 -57.8311  1.08292
  1.0463 -57.8227  1.08307
 1.04645 -57.8144  1.08322
  1.0466  -57.806  1.08337
 1.04675 -57.7977  1.08337
  1.0469 -57.7893  1.08352
 1.04705  -57.781  1.08367
  1.0472 -57.7727  1.08382
 1.04735 -57.7643  1.08397
  1.0475  -57.756  1.08412
 1.04765 -57.7477  1.08427
  1.0478 -57.7393  1.08442
 1.04795  -57.731  1.08457
  1.0481 -57.7227  1.08472
 1.04825 -57.7144  1.08487
  1.0484  -57.706  1.08502
 1.04855 -57.6977  1.08517
  1.0487 -57.6894  1.08532
 1.04885 -57.6811  1.08547
   1.049 -57.6728  1.08562
 1.04915 -57.6645  1.08577
  1.0493 -57.6562  1.08592
 1.04945 -57.6479  1.08592
  1.0496 -57.6396  1.08607
 1.04975 -57.6313  1.08622
  1.0499  -57.623  1.08637
 1.05005 -57.6147  1.08652
  1.0502 -57.6064  1.08667
 1.05035 -57.5981  1.08682
  1.0505 -57.5899  1.08697
 1.05065 -57.5816  1.08712
  1.0508 -57.5733  1.08727
 1.05095  -57.565  1.08742
  1.0511 -57.5568  1.08757
 1.05125 -57.5485  1.08772
  1.0514 -57.5402  1.08787
 1.05155 -57.5319  1.08802
  1.0517 -57.5237  1.08817
 1.05185 -57.5154  1.08832
   1.052 -57.5072  1.08832
 1.05215 -57.4989  1.08847
  1.0523 -57.4907  1.08862
 1.05245 -57.4824  1.08877
  1.0526 -57.4742  1.08892
 1.05275 -57.4659  1.08907
  1.0529 -57.4577  1.08922
 1.05305 -57.4494  1.08937
  1.0532 -57.4412  1.08952
 1.05335  -57.433  1.08967
  1.0535 -57.4247  1.08982
 1.05365 -57.4165  1.08997
  1.0538 -57.4083  1.09012
 1.05395    -57.4  1.09027
  1.0541 -57.3918  1.09042
 1.05425 -57.3836  1.09057
  1.0544 -57.3754  1.09072
 1.05455 -57.3672  1.09072
  1.0547 -57.3589  1.09087
 1.05485 -57.3507  1.09102
   1.055 -57.3425  1.09117
 1.05515 -57.3343  1.09132
  1.0553 -57.3261  1.09147
 1.05545 -57.3179  1.09162
  1.0556 -57.3097  1.09177
 1.05575 -57.3015  1.09192
  1.0559 -57.2933  1.09207
 1.05605 -57.2851  1.09222
  1.0562 -57.2769  1.09237
 1.05635 -57.2688  1.09252
  1.0565 -57.2606  1.09267
 1.05665 -57.2524  1.09282
  1.0568 -57.2442  1.09282
 1.05695  -57.236  1.09297
  1.0571 -57.2279  1.09312
 1.05725 -57.2197  1.09327
  1.0574 -57.2115  1.09342
 1.05755 -57.2034  1.09357
  1.0577 -57.1952  1.09372
 1.05785 -57.1871  1.09387
   1.058 -57.1789  1.09402
 1.05815 -57.1707  1.09417
  1.0583 -57.1626  1.09432
 1.05845 -57.1544  1.09447
  1.0586 -57.1463  1.09462
 1.05875 -57.1382  1.09462
  1.0589   -57.13  1.09477
 1.05905 -57.1219  1.09492
  1.0592 -57.1137  1.09507
 1.05935 -57.1056  1.09522
  1.0595 -57.0975  1.09537
 1.05965 -57.0894  1.09552
  1.0598 -57.0812  1.09567
 1.05995 -57.0731  1.09582
 1.06011  -57.065  1.09597
 1.06026 -57.0569  1.09612
 1.06041 -57.0488  1.09627
 1.06056 -57.0406  1.09642
 1.06071 -57.0325  1.09657
 1.06086 -57.0244  1.09672
 1.06101 -57.0163  1.09672
 1.06116 -57.0082  1.09687
 1.06131 -57.0001  1.09702
 1.06146  -56.992  1.09717
 1.06161 -56.9839  1.09732
 1.06176 -56.9758  1.09747
 1.06191 -56.9677  1.09762
 1.06206 -56.9597  1.09777
 1.06221 -56.9516  1.09792
 1.06236 -56.9435  1.09807
 1.06251 -56.9354  1.09822
 1.06266 -56.9273  1.09837
 1.06281 -56.9193  1.09852
 1.06296 -56.9112  1.09852
 1.06311 -56.9031  1.09867
 1.06326 -56.8951  1.09882
 1.06341  -56.887  1.09897
 1.06356 -56.8789  1.09912
 1.06371 -56.8709  1.09927
 1.06386 -56.8628  1.09942
 1.06401 -56.8548  1.09957
 1.06416 -56.8467  1.09972
 1.06431 -56.8387  1.09987
 1.06446 -56.8306  1.10003
 1.06461 -56.8226  1.10018
 1.06476 -56.8146  1.10033
 1.06491 -56.8065  1.10033
 1.06506 -56.7985  1.10048
 1.06521 -56.7905  1.10063
 1.06536 -56.7824  1.10078
 1.06551 -56.7744  1.10093
 1.06566 -56.7664  1.10108
 1.06581 -56.7584  1.10123
 1.06596 -56.7503  1.10138
 1.06611 -56.7423  1.10153
 1.06626 -56.7343  1.10168
 1.06641 -56.7263  1.10183
 1.06656 -56.7183  1.10198
 1.06671 -56.7103  1.10213
 1.06686 -56.7023  1.10213
 1.06701 -56.6943  1.10228
 1.06716 -56.6863  1.10243
 1.06731 -56.6783  1.10258
 1.06746 -56.6703  1.10273
 1.06761 -56.6623  1.10288
 1.06776 -56.6543  1.10303
 1.06791 -56.6463  1.10318
 1.06806 -56.6383  1.10333
 1.06821 -56.6304  1.10348
 1.06836 -56.6224  1.10363
 1.06851 -56.6144  1.10378
 1.06866 -56.6064  1.10393
 1.06881 -56.5985  1.10393
 1.06896 -56.5905  1.10408
 1.06911 -56.5826  1.10423
 1.06926 -56.5746  1.10438
 1.06941 -56.5666  1.10453
 1.06956 -56.5587  1.10468
 1.06971 -56.5507  1.10483
 1.06986 -56.5428  1.10498
 1.07001 -56.5348  1.10513
 1.07016 -56.5269  1.10528
 1.07031 -56.5189  1.10543
 1.07046  -56.511  1.10558
 1.07061 -56.5031  1.10558
 1.07076 -56.4951  1.10573
 1.07091 -56.4872  1.10588
 1.07106 -56.4793  1.10603
 1.07121 -56.4713  1.10618
 1.07136 -56.4634  1.10633
 1.07151 -56.4555  1.10648
 1.07166 -56.4476  1.10663
 1.07181 -56.4397  1.10678
 1.07196 -56.4317  1.10693
 1.07211 -56.4238  1.10708
 1.07226 -56.4159  1.10723
 1.07241  -56.408  1.10738
 1.07256 -56.4001  1.10738
 1.07271 -56.3922  1.10753
 1.07286 -56.3843  1.10768
 1.07301 -56.3764  1.10783
 1.07316 -56.3685  1.10798
 1.07331 -56.3606  1.10813
 1.07346 -56.3527  1.10828
 1.07361 -56.3449  1.10843
 1.07376  -56.337  1.10858
 1.07391 -56.3291  1.10873
 1.07406 -56.3212  1.10888
 1.07421 -56.3133  1.10903
 1.07436 -56.3055  1.10903
 1.07451 -56.2976  1.10918
 1.07466 -56.2897  1.10933
 1.07481 -56.2819  1.10948
 1.07496  -56.274  1.10963
 1.07511 -56.2662  1.10978
 1.07526 -56.2583  1.10993
 1.07541 -56.2504  1.11008
 1.07556 -56.2426  1.11023
 1.07571 -56.2347  1.11038
 1.07586 -56.2269  1.11053
 1.07601 -56.2191  1.11068
 1.07616 -56.2112  1.11068
 1.07631 -56.2034  1.11083
 1.07646 -56.1955  1.11098
 1.07661 -56.1877  1.11113
 1.07676 -56.1799  1.11128
 1.07691  -56.172  1.11143
 1.07706 -56.1642  1.11158
 1.07721 -56.1564  1.11173
 1.07736 -56.1486  1.11188
 1.07751 -56.1408  1.11203
 1.07766 -56.1329  1.11218
 1.07781 -56.1251  1.11218
 1.07796 -56.1173  1.11233
 1.07811 -56.1095  1.11248
 1.07826 -56.1017  1.11263
 1.07841 -56.0939  1.11278
 1.07856 -56.0861  1.11293
 1.07871 -56.0783  1.11308
 1.07886 -56.0705  1.11323
 1.07901 -56.0627  1.11338
 1.07916  -56.055  1.11353
 1.07931 -56.0472  1.11368
 1.07946 -56.0394  1.11368
 1.07961 -56.0316  1.11383
 1.07976 -56.0238  1.11398
 1.07991 -56.0161  1.11413
 1.08007 -56.0083  1.11428
 1.08022 -56.0005  1.11443
 1.08037 -55.9928  1.11458
 1.08052  -55.985  1.11473
 1.08067 -55.9772  1.11488
 1.08082 -55.9695  1.11503
 1.08097 -55.9617  1.11518
 1.08112  -55.954  1.11518
 1.08127 -55.9462  1.11533
 1.08142 -55.9385  1.11548
 1.08157 -55.9307  1.11563
 1.08172  -55.923  1.11578
 1.08187 -55.9153  1.11593
 1.08202 -55.9075  1.11608
 1.08217 -55.8998  1.11623
 1.08232 -55.8921  1.11638
 1.08247 -55.8843  1.11653
 1.08262 -55.8766  1.11653
 1.08277 -55.8689  1.11668
 1.08292 -55.8612  1.11683
 1.08307 -55.8534  1.11698
 1.08322 -55.8457  1.11713
 1.08337  -55.838  1.11728
 1.08352 -55.8303  1.11743
 1.08367 -55.8226  1.11758
 1.08382 -55.8149  1.11773
 1.08397 -55.8072  1.11788
 1.08412 -55.7995  1.11788
 1.08427 -55.7918  1.11803
 1.08442 -55.7841  1.11818
 1.08457 -55.7764  1.11833
 1.08472 -55.7688  1.11848
 1.08487 -55.7611  1.11863
 1.08502 -55.7534  1.11878
 1.08517 -55.7457  1.11893
 1.08532  -55.738  1.11908
 1.08547 -55.7304  1.11908
 1.08562 -55.7227  1.11923
 1.08577  -55.715  1.11938
 1.08592 -55.7074  1.11953
 1.08607 -55.6997  1.11968
 1.08622 -55.6921  1.11983
 1.08637 -55.6844  1.11998
 1.08652 -55.6768  1.12014
 1.08667 -55.6691  1.12029
 1.08682 -55.6615  1.12044
 1.08697 -55.6538  1.12044
 1.08712 -55.6462  1.12059
 1.08727 -55.6385  1.12074
 1.08742 -55.6309  1.12089
 1.08757 -55.6233  1.12104
 1.08772 -55.6157  1.12119
 1.08787  -55.608  1.12134
 1.08802 -55.6004  1.12149
 1.08817 -55.5928  1.12164
 1.08832 -55.5852  1.12164
 1.08847 -55.5776  1.12179
 1.08862 -55.5699  1.12194
 1.08877 -55.5623  1.12209
 1.08892 -55.5547  1.12224
 1.08907 -55.5471  1.12239
 1.08922 -55.5395  1.12254
 1.08937 -55.5319  1.12269
 1.08952 -55.5243  1.12284
 1.08967 -55.5167  1.12284
 1.08982 -55.5091  1.12299
 1.08997 -55.5016  1.12314
 1.09012  -55.494  1.12329
 1.09027 -55.4864  1.12344
 1.09042 -55.4788  1.12359
 1.09057 -55.4712  1.12374
 1.09072 -55.4637  1.12389
 1.09087 -55.4561  1.12404
 1.09102 -55.4485  1.12404
 1.09117  -55.441  1.12419
 1.09132 -55.4334  1.12434
 1.09147 -55.4259  1.12449
 1.09162 -55.4183  1.12464
 1.09177 -55.4108  1.12464
 1.09192 -55.4032  1.12479
 1.09207 -55.3957  1.12494
 1.09222 -55.3881  1.12509
 1.09237 -55.3806  1.12524
 1.09252 -55.3731  1.12524
 1.09267 -55.3656  1.12539
 1.09282  -55.358  1.12554
 1.09297 -55.3505  1.12569
 1.09312  -55.343  1.12584
 1.09327 -55.3355  1.12599
 1.09342  -55.328  1.12599
 1.09357 -55.3205  1.12614
 1.09372  -55.313  1.12629
 1.09387 -55.3055  1.12644
 1.09402  -55.298  1.12659
 1.09417 -55.2905  1.12659
 1.09432  -55.283  1.12674
 1.09447 -55.2756  1.12689
 1.09462 -55.2681  1.12704
 1.09477 -55.2606  1.12719
 1.09492 -55.2531  1.12719
 1.09507 -55.2457  1.12734
 1.09522 -55.2382  1.12749
 1.09537 -55.2308  1.12764
 1.09552 -55.2233  1.12779
 1.09567 -55.2159  1.12794
 1.09582 -55.2084  1.12794
 1.09597  -55.201  1.12809
 1.09612 -55.1935  1.12824
 1.09627 -55.1861  1.12839
 1.09642 -55.1787  1.12854
 1.09657 -55.1712  1.12854
 1.09672 -55.1638  1.12869
 1.09687 -55.1564  1.12884
 1.09702  -55.149  1.12899
 1.09717 -55.1416  1.12914
 1.09732 -55.1342  1.12914
 1.09747 -55.1267  1.12929
 1.09762 -55.1193  1.12944
 1.09777 -55.1119  1.12959
 1.09792 -55.1046  1.12974
 1.09807 -55.0972  1.12974
 1.09822 -55.0898  1.12989
 1.09837 -55.0824  1.13004
 1.09852  -55.075  1.13019
 1.09867 -55.0676  1.13034
 1.09882 -55.0603  1.13034
 1.09897 -55.0529  1.13049
 1.09912 -55.0455  1.13064
 1.09927 -55.0382  1.13079
 1.09942 -55.0308  1.13094
 1.09957 -55.0235  1.13109
 1.09972 -55.0161  1.13109
 1.09987 -55.0088  1.13124
 1.10003 -55.0014  1.13139
 1.10018 -54.9941  1.13154
 1.10033 -54.9867  1.13169
 1.10048 -54.9794  1.13169
 1.10063 -54.9721  1.13184
 1.10078 -54.9648  1.13199
 1.10093 -54.9574  1.13214
 1.10108 -54.9501  1.13229
 1.10123 -54.9428  1.13229
 1.10138 -54.9355  1.13244
 1.10153 -54.9282  1.13259
 1.10168 -54.9209  1.13274
 1.10183 -54.9136  1.13289
 1.10198 -54.9063  1.13289
 1.10213  -54.899  1.13304
 1.10228 -54.8917  1.13319
 1.10243 -54.8844  1.13334
 1.10258 -54.8771  1.13349
 1.10273 -54.8699  1.13349
 1.10288 -54.8626  1.13364
 1.10303 -54.8553  1.13379
 1.10318 -54.8481  1.13394
 1.10333 -54.8408  1.13409
 1.10348 -54.8335  1.13409
 1.10363 -54.8263  1.13424
 1.10378  -54.819  1.13439
 1.10393 -54.8118  1.13454
 1.10408 -54.8045  1.13469
 1.10423 -54.7973  1.13484
 1.10438 -54.7901  1.13484
 1.10453 -54.7828  1.13499
 1.10468 -54.7756  1.13514
 1.10483 -54.7684  1.13529
 1.10498 -54.7612  1.13544
 1.10513 -54.7539  1.13544
 1.10528 -54.7467  1.13559
 1.10543 -54.7395  1.13574
 1.10558 -54.7323  1.13589
 1.10573 -54.7251  1.13604
 1.10588 -54.7179  1.13604
 1.10603 -54.7107  1.13619
 1.10618 -54.7035  1.13634
 1.10633 -54.6963  1.13649
 1.10648 -54.6891  1.13664
 1.10663  -54.682  1.13664
 1.10678 -54.6748  1.13679
 1.10693 -54.6676  1.13694
 1.10708 -54.6604  1.13709
 1.10723 -54.6533  1.13724
 1.10738 -54.6461  1.13724
 1.10753 -54.6389  1.13739
 1.10768 -54.6318  1.13754
 1.10783 -54.6246  1.13769
 1.10798 -54.6175  1.13784
 1.10813 -54.6103  1.13784
 1.10828 -54.6032  1.13799
 1.10843  -54.596  1.13814
 1.10858 -54.5889  1.13829
 1.10873 -54.5818  1.13844
 1.10888 -54.5747  1.13844
 1.10903 -54.5675  1.13859
 1.10918 -54.5604  1.13874
 1.10933 -54.5533  1.13889
 1.10948 -54.5462  1.13904
 1.10963 -54.5391  1.13904
 1.10978  -54.532  1.13919
 1.10993 -54.5249  1.13934
 1.11008 -54.5178  1.13949
 1.11023 -54.5107  1.13964
 1.11038 -54.5036  1.13964
 1.11053 -54.4965  1.13979
 1.11068 -54.4894  1.13994
 1.11083 -54.4823   1.1401
 1.11098 -54.4753  1.14025
 1.11113 -54.4682  1.14025
 1.11128 -54.4611   1.1404
 1.11143  -54.454  1.14055
 1.11158  -54.447   1.1407
 1.11173 -54.4399   1.1407
 1.11188 -54.4329  1.14085
 1.11203 -54.4258    1.141
 1.11218 -54.4188  1.14115
 1.11233 -54.4117   1.1413
 1.11248 -54.4047   1.1413
 1.11263 -54.3977  1.14145
 1.11278 -54.3906   1.1416
 1.11293 -54.3836  1.14175
 1.11308 -54.3766   1.1419
 1.11323 -54.3695   1.1419
 1.11338 -54.3625  1.14205
 1.11353 -54.3555   1.1422
 1.11368 -54.3485  1.14235
 1.11383 -54.3415   1.1425
 1.11398 -54.3345   1.1425
 1.11413 -54.3275  1.14265
 1.11428 -54.3205   1.1428
 1.11443 -54.3135  1.14295
 1.11458 -54.3065   1.1431
 1.11473 -54.2995   1.1431
 1.11488 -54.2925  1.14325
 1.11503 -54.2855   1.1434
 1.11518 -54.2786  1.14355
 1.11533 -54.2716   1.1437
 1.11548 -54.2646   1.1437
 1.11563 -54.2577  1.14385
 1.11578 -54.2507    1.144
 1.11593 -54.2437  1.14415
 1.11608 -54.2368   1.1443
 1.11623 -54.2298   1.1443
 1.11638 -54.2229  1.14445
 1.11653 -54.2159   1.1446
 1.11668  -54.209  1.14475
 1.11683 -54.2021  1.14475
 1.11698 -54.1951   1.1449
 1.11713 -54.1882  1.14505
 1.11728 -54.1813   1.1452
 1.11743 -54.1744   1.1452
 1.11758 -54.1675  1.14535
 1.11773 -54.1605   1.1455
 1.11788 -54.1536  1.14565
 1.11803 -54.1467  1.14565
 1.11818 -54.1398   1.1458
 1.11833 -54.1329  1.14595
 1.11848 -54.1261  1.14595
 1.11863 -54.1192   1.1461
 1.11878 -54.1123  1.14625
 1.11893 -54.1054   1.1464
 1.11908 -54.0985   1.1464
 1.11923 -54.0917  1.14655
 1.11938 -54.0848   1.1467
 1.11953  -54.078  1.14685
 1.11968 -54.0711  1.14685
 1.11983 -54.0642    1.147
 1.11998 -54.0574  1.14715
 1.12014 -54.0506  1.14715
 1.12029 -54.0437   1.1473
 1.12044 -54.0369  1.14745
 1.12059 -54.0301   1.1476
 1.12074 -54.0232   1.1476
 1.12089 -54.0164  1.14775
 1.12104 -54.0096   1.1479
 1.12119 -54.0028  1.14805
 1.12134  -53.996  1.14805
 1.12149 -53.9892   1.1482
 1.12164 -53.9824  1.14835
 1.12179 -53.9756  1.14835
 1.12194 -53.9688   1.1485
 1.12209  -53.962  1.14865
 1.12224 -53.9552   1.1488
 1.12239 -53.9484   1.1488
 1.12254 -53.9417  1.14895
 1.12269 -53.9349   1.1491
 1.12284 -53.9281  1.14925
 1.12299 -53.9214  1.14925
 1.12314 -53.9146   1.1494
 1.12329 -53.9078  1.14955
 1.12344 -53.9011  1.14955
 1.12359 -53.8944   1.1497
 1.12374 -53.8876  1.14985
 1.12389 -53.8809     1.15
 1.12404 -53.8741     1.15
 1.12419 -53.8674     1.15
 1.12434 -53.8607     1.15
 1.12449  -53.854     1.15
 1.12464 -53.8473     1.15
 1.12479 -53.8406     1.15
 1.12494  -53.834     1.15
 1.12509 -53.8273     1.15
 1.12524 -53.8207     1.15
 1.12539 -53.8141     1.15
 1.12554 -53.8074     1.15
 1.12569 -53.8008     1.15
 1.12584 -53.7943     1.15
 1.12599 -53.7877     1.15
 1.12614 -53.7811     1.15
 1.12629 -53.7745     1.15
 1.12644  -53.768     1.15
 1.12659 -53.7615     1.15
 1.12674 -53.7549     1.15
 1.12689 -53.7484     1.15
 1.12704 -53.7419     1.15
 1.12719 -53.7354     1.15
 1.12734 -53.7289     1.15
 1.12749 -53.7225     1.15
 1.12764  -53.716     1.15
 1.12779 -53.7096     1.15
 1.12794 -53.7031     1.15
 1.12809 -53.6967     1.15
 1.12824 -53.6903     1.15
 1.12839 -53.6839     1.15
 1.12854 -53.6775     1.15
 1.12869 -53.6711     1.15
 1.12884 -53.6648     1.15
 1.12899 -53.6584     1.15
 1.12914 -53.6521     1.15
 1.12929 -53.6457     1.15
 1.12944 -53.6394     1.15
 1.12959 -53.6331     1.15
 1.12974 -53.6268     1.15
 1.12989 -53.6205     1.15
 1.13004 -53.6142     1.15
 1.13019  -53.608     1.15
 1.13034 -53.6017     1.15
 1.13049 -53.5955     1.15
 1.13064 -53.5892     1.15
 1.13079  -53.583     1.15
 1.13094 -53.5768     1.15
 1.13109 -53.5706     1.15
 1.13124 -53.5644     1.15
 1.13139 -53.5582     1.15
 1.13154  -53.552     1.15
 1.13169 -53.5459     1.15
 1.13184 -53.5397     1.15
 1.13199 -53.5336     1.15
 1.13214 -53.5275     1.15
 1.13229 -53.5213     1.15
 1.13244 -53.5152     1.15
 1.13259 -53.5091     1.15
 1.13274  -53.503     1.15
 1.13289  -53.497     1.15
 1.13304 -53.4909     1.15
 1.13319 -53.4848     1.15
 1.13334 -53.4788     1.15
 1.13349 -53.4728     1.15
 1.13364 -53.4667     1.15
 1.13379 -53.4607     1.15
 1.13394 -53.4547     1.15
 1.13409 -53.4487     1.15
 1.13424 -53.4427     1.15
 1.13439 -53.4368     1.15
 1.13454 -53.4308     1.15
 1.13469 -53.4249     1.15
 1.13484 -53.4189     1.15
 1.13499  -53.413     1.15
 1.13514 -53.4071     1.15
 1.13529 -53.4011     1.15
 1.13544 -53.3952     1.15
 1.13559 -53.3894     1.15
 1.13574 -53.3835     1.15
 1.13589 -53.3776     1.15
 1.13604 -53.3717     1.15
 1.13619 -53.3659     1.15
 1.13634   -53.36     1.15
 1.13649 -53.3542     1.15
 1.13664 -53.3484     1.15
 1.13679 -53.3426     1.15
 1.13694 -53.3368     1.15
 1.13709  -53.331     1.15
 1.13724 -53.3252     1.15
 1.13739 -53.3194     1.15
 1.13754 -53.3137     1.15
 1.13769 -53.3079     1.15
 1.13784 -53.3022     1.15
 1.13799 -53.2964     1.15
 1.13814 -53.2907     1.15
 1.13829  -53.285     1.15
 1.13844 -53.2793     1.15
 1.13859 -53.2736     1.15
 1.13874 -53.2679     1.15
 1.13889 -53.2622     1.15
 1.13904 -53.2566     1.15
 1.13919 -53.2509     1.15
 1.13934 -53.2453     1.15
 1.13949 -53.2396     1.15
 1.13964  -53.234     1.15
 1.13979 -53.2284     1.15
 1.13994 -53.2228     1.15
  1.1401 -53.2172     1.15
 1.14025 -53.2116     1.15
  1.1404  -53.206     1.15
 1.14055 -53.2005     1.15
  1.1407 -53.1949     1.15
 1.14085 -53.1893     1.15
   1.141 -53.1838     1.15
 1.14115 -53.1783     1.15
  1.1413 -53.1727     1.15
 1.14145 -53.1672     1.15
  1.1416 -53.1617     1.15
 1.14175 -53.1562     1.15
  1.1419 -53.1507     1.15
 1.14205 -53.1453     1.15
  1.1422 -53.1398     1.15
 1.14235 -53.1343     1.15
  1.1425 -53.1289     1.15
 1.14265 -53.1234     1.15
  1.1428  -53.118     1.15
 1.14295 -53.1126     1.15
  1.1431 -53.1072     1.15
 1.14325 -53.1018     1.15
  1.1434 -53.0964     1.15
 1.14355  -53.091     1.15
  1.1437 -53.0856     1.15
 1.14385 -53.0803     1.15
   1.144 -53.0749     1.15
 1.14415 -53.0695     1.15
  1.1443 -53.0642     1.15
 1.14445 -53.0589     1.15
  1.1446 -53.0536     1.15
 1.14475 -53.0482     1.15
  1.1449 -53.0429     1.15
 1.14505 -53.0376     1.15
  1.1452 -53.0324     1.15
 1.14535 -53.0271     1.15
  1.1455 -53.0218     1.15
 1.14565 -53.0165     1.15
  1.1458 -53.0113     1.15
 1.14595  -53.006     1.15
  1.1461 -53.0008     1.15
 1.14625 -52.9956     1.15
  1.1464 -52.9904     1.15
 1.14655 -52.9852     1.15
  1.1467   -52.98     1.15
 1.14685 -52.9748     1.15
   1.147 -52.9696     1.15
 1.14715 -52.9644     1.15
  1.1473 -52.9593     1.15
 1.14745 -52.9541     1.15
  1.1476 -52.9489     1.15
 1.14775 -52.9438     1.15
  1.1479 -52.9387     1.15
 1.14805 -52.9336     1.15
  1.1482 -52.9284     1.15
 1.14835 -52.9233     1.15
  1.1485 -52.9182     1.15
 1.14865 -52.9132     1.15
  1.1488 -52.9081     1.15
 1.14895  -52.903     1.15
  1.1491 -52.8979     1.15
 1.14925 -52.8929     1.15
  1.1494 -52.8878     1.15
 1.14955 -52.8828     1.15
  1.1497 -52.8778     1.15
 1.14985 -52.8727     1.15
    1.15 -52.8677     1.15