 kgrid  ValNew  Policy 
    0.85 -60.4999 0.877464
 0.85015  -60.487 0.877464
  0.8503 -60.4741 0.877614
 0.85045 -60.4613 0.877764
  0.8506 -60.4484 0.877914
 0.85075 -60.4355 0.878064
  0.8509 -60.4227 0.878214
0.851051 -60.4098 0.878364
0.851201  -60.397 0.878514
0.851351 -60.3841 0.878514
0.851501 -60.3713 0.878664
0.851651 -60.3585 0.878814
0.851801 -60.3457 0.878964
0.851951 -60.3328 0.879115
0.852101   -60.32 0.879265
0.852251 -60.3072 0.879415
0.852401 -60.2944 0.879565
0.852551 -60.2816 0.879565
0.852701 -60.2689 0.879715
0.852851 -60.2561 0.879865
0.853002 -60.2433 0.880015
0.853152 -60.2305 0.880165
0.853302 -60.2178 0.880315
0.853452  -60.205 0.880465
0.853602 -60.1923 0.880615
0.853752 -60.1795 0.880615
0.853902 -60.1668 0.880765
0.854052 -60.1541 0.880915
0.854202 -60.1413 0.881066
0.854352 -60.1286 0.881216
0.854502 -60.1159 0.881366
0.854652 -60.1032 0.881516
0.854802 -60.0905 0.881666
0.854952 -60.0778 0.881666
0.855103 -60.0651 0.881816
0.855253 -60.0524 0.881966
0.855403 -60.0398 0.882116
0.855553 -60.0271 0.882266
0.855703 -60.0144 0.882416
0.855853 -60.0018 0.882566
0.856003 -59.9891 0.882716
0.856153 -59.9764 0.882866
0.856303 -59.9638 0.882866
0.856453 -59.9512 0.883017
0.856603 -59.9385 0.883167
0.856753 -59.9259 0.883317
0.856903 -59.9133 0.883467
0.857054 -59.9007 0.883617
0.857204 -59.8881 0.883767
0.857354 -59.8755 0.883917
0.857504 -59.8629 0.884067
0.857654 -59.8503 0.884067
0.857804 -59.8377 0.884217
0.857954 -59.8251 0.884367
0.858104 -59.8125 0.884517
0.858254 -59.7999 0.884667
0.858404 -59.7874 0.884817
0.858554 -59.7748 0.884967
0.858704 -59.7623 0.885118
0.858854 -59.7497 0.885268
0.859005 -59.7372 0.885418
0.859155 -59.7246 0.885418
0.859305 -59.7121 0.885568
0.859455 -59.6996 0.885718
0.859605  -59.687 0.885868
0.859755 -59.6745 0.886018
0.859905  -59.662 0.886168
0.860055 -59.6495 0.886318
0.860205  -59.637 0.886468
0.860355 -59.6245 0.886618
0.860505  -59.612 0.886618
0.860655 -59.5996 0.886768
0.860805 -59.5871 0.886918
0.860955 -59.5746 0.887069
0.861106 -59.5621 0.887219
0.861256 -59.5497 0.887369
0.861406 -59.5372 0.887519
0.861556 -59.5248 0.887669
0.861706 -59.5123 0.887819
0.861856 -59.4999 0.887819
0.862006 -59.4875 0.887969
0.862156  -59.475 0.888119
0.862306 -59.4626 0.888269
0.862456 -59.4502 0.888419
0.862606 -59.4378 0.888569
0.862756 -59.4254 0.888719
0.862906  -59.413 0.888869
0.863057 -59.4006  0.88902
0.863207 -59.3882  0.88902
0.863357 -59.3758  0.88917
0.863507 -59.3634  0.88932
0.863657  -59.351  0.88947
0.863807 -59.3387  0.88962
0.863957 -59.3263  0.88977
0.864107 -59.3139  0.88992
0.864257 -59.3016  0.89007
0.864407 -59.2892  0.89022
0.864557 -59.2769  0.89037
0.864707 -59.2646  0.89037
0.864857 -59.2522  0.89052
0.865008 -59.2399  0.89067
0.865158 -59.2276  0.89082
0.865308 -59.2153  0.89097
0.865458  -59.203 0.891121
0.865608 -59.1907 0.891271
0.865758 -59.1784 0.891421
0.865908 -59.1661 0.891571
0.866058 -59.1538 0.891571
0.866208 -59.1415 0.891721
0.866358 -59.1292 0.891871
0.866508 -59.1169 0.892021
0.866658 -59.1047 0.892171
0.866808 -59.0924 0.892321
0.866958 -59.0801 0.892471
0.867109 -59.0679 0.892621
0.867259 -59.0556 0.892771
0.867409 -59.0434 0.892921
0.867559 -59.0312 0.892921
0.867709 -59.0189 0.893072
0.867859 -59.0067 0.893222
0.868009 -58.9945 0.893372
0.868159 -58.9823 0.893522
0.868309 -58.9701 0.893672
0.868459 -58.9578 0.893822
0.868609 -58.9456 0.893972
0.868759 -58.9335 0.894122
0.868909 -58.9213 0.894122
 0.86906 -58.9091 0.894272
 0.86921 -58.8969 0.894422
 0.86936 -58.8847 0.894572
 0.86951 -58.8726 0.894722
 0.86966 -58.8604 0.894872
 0.86981 -58.8482 0.895023
 0.86996 -58.8361 0.895173
 0.87011 -58.8239 0.895323
 0.87026 -58.8118 0.895473
 0.87041 -58.7996 0.895623
 0.87056 -58.7875 0.895623
 0.87071 -58.7754 0.895773
 0.87086 -58.7633 0.895923
0.871011 -58.7511 0.896073
0.871161  -58.739 0.896223
0.871311 -58.7269 0.896373
0.871461 -58.7148 0.896523
0.871611 -58.7027 0.896673
0.871761 -58.6906 0.896823
0.871911 -58.6785 0.896973
0.872061 -58.6664 0.896973
0.872211 -58.6544 0.897124
0.872361 -58.6423 0.897274
0.872511 -58.6302 0.897424
0.872661 -58.6182 0.897574
0.872811 -58.6061 0.897724
0.872961  -58.594 0.897874
0.873112  -58.582 0.898024
0.873262 -58.5699 0.898174
0.873412 -58.5579 0.898324
0.873562 -58.5459 0.898324
0.873712 -58.5338 0.898474
0.873862 -58.5218 0.898624
0.874012 -58.5098 0.898774
0.874162 -58.4978 0.898924
0.874312 -58.4858 0.899075
0.874462 -58.4738 0.899225
0.874612 -58.4618 0.899375
0.874762 -58.4498 0.899525
0.874912 -58.4378 0.899675
0.875063 -58.4258 0.899825
0.875213 -58.4138 0.899825
0.875363 -58.4019 0.899975
0.875513 -58.3899 0.900125
0.875663 -58.3779 0.900275
0.875813  -58.366 0.900425
0.875963  -58.354 0.900575
0.876113 -58.3421 0.900725
0.876263 -58.3301 0.900875
0.876413 -58.3182 0.901026
0.876563 -58.3062 0.901176
0.876713 -58.2943 0.901326
0.876863 -58.2824 0.901326
0.877014 -58.2704 0.901476
0.877164 -58.2585 0.901626
0.877314 -58.2466 0.901776
0.877464 -58.2347 0.901926
0.877614 -58.2228 0.902076
0.877764 -58.2109 0.902226
0.877914  -58.199 0.902376
0.878064 -58.1871 0.902526
0.878214 -58.1752 0.902676
0.878364 -58.1633 0.902826
0.878514 -58.1515 0.902976
0.878664 -58.1396 0.902976
0.878814 -58.1277 0.903127
0.878964 -58.1159 0.903277
0.879115  -58.104 0.903427
0.879265 -58.0921 0.903577
0.879415 -58.0803 0.903727
0.879565 -58.0685 0.903877
0.879715 -58.0566 0.904027
0.879865 -58.0448 0.904177
0.880015 -58.0329 0.904327
0.880165 -58.0211 0.904477
0.880315 -58.0093 0.904627
0.880465 -57.9975 0.904777
0.880615 -57.9857 0.904777
0.880765 -57.9738 0.904927
0.880915  -57.962 0.905078
0.881066 -57.9502 0.905228
0.881216 -57.9384 0.905378
0.881366 -57.9267 0.905528
0.881516 -57.9149 0.905678
0.881666 -57.9031 0.905828
0.881816 -57.8913 0.905978
0.881966 -57.8795 0.906128
0.882116 -57.8678 0.906278
0.882266  -57.856 0.906428
0.882416 -57.8442 0.906428
0.882566 -57.8325 0.906578
0.882716 -57.8207 0.906728
0.882866  -57.809 0.906878
0.883017 -57.7972 0.907029
0.883167 -57.7855 0.907179
0.883317 -57.7738 0.907329
0.883467  -57.762 0.907479
0.883617 -57.7503 0.907629
0.883767 -57.7386 0.907779
0.883917 -57.7269 0.907929
0.884067 -57.7152 0.908079
0.884217 -57.7034 0.908229
0.884367 -57.6917 0.908229
0.884517   -57.68 0.908379
0.884667 -57.6683 0.908529
0.884817 -57.6567 0.908679
0.884967  -57.645 0.908829
0.885118 -57.6333 0.908979
0.885268 -57.6216  0.90913
0.885418 -57.6099  0.90928
0.885568 -57.5983  0.90943
0.885718 -57.5866  0.90958
0.885868 -57.5749  0.90973
0.886018 -57.5633  0.90988
0.886168 -57.5516  0.91003
0.886318   -57.54  0.91003
0.886468 -57.5283  0.91018
0.886618 -57.5167  0.91033
0.886768 -57.5051  0.91048
0.886918 -57.4934  0.91063
0.887069 -57.4818  0.91078
0.887219 -57.4702  0.91093
0.887369 -57.4586 0.911081
0.887519  -57.447 0.911231
0.887669 -57.4353 0.911381
0.887819 -57.4237 0.911531
0.887969 -57.4121 0.911681
0.888119 -57.4006 0.911831
0.888269  -57.389 0.911981
0.888419 -57.3774 0.911981
0.888569 -57.3658 0.912131
0.888719 -57.3542 0.912281
0.888869 -57.3426 0.912431
 0.88902 -57.3311 0.912581
 0.88917 -57.3195 0.912731
 0.88932 -57.3079 0.912881
 0.88947 -57.2964 0.913032
 0.88962 -57.2848 0.913182
 0.88977 -57.2733 0.913332
 0.88992 -57.2617 0.913482
 0.89007 -57.2502 0.913632
 0.89022 -57.2387 0.913782
 0.89037 -57.2271 0.913782
 0.89052 -57.2156 0.913932
 0.89067 -57.2041 0.914082
 0.89082 -57.1925 0.914232
 0.89097  -57.181 0.914382
0.891121 -57.1695 0.914532
0.891271  -57.158 0.914682
0.891421 -57.1465 0.914832
0.891571  -57.135 0.914982
0.891721 -57.1235 0.915133
0.891871  -57.112 0.915283
0.892021 -57.1005 0.915433
0.892171 -57.0891 0.915583
0.892321 -57.0776 0.915733
0.892471 -57.0661 0.915733
0.892621 -57.0546 0.915883
0.892771 -57.0432 0.916033
0.892921 -57.0317 0.916183
0.893072 -57.0202 0.916333
0.893222 -57.0088 0.916483
0.893372 -56.9973 0.916633
0.893522 -56.9859 0.916783
0.893672 -56.9744 0.916933
0.893822  -56.963 0.917084
0.893972 -56.9516 0.917234
0.894122 -56.9401 0.917384
0.894272 -56.9287 0.917534
0.894422 -56.9173 0.917684
0.894572 -56.9059 0.917834
0.894722 -56.8945 0.917834
0.894872 -56.8831 0.917984
0.895023 -56.8717 0.918134
0.895173 -56.8603 0.918284
0.895323 -56.8489 0.918434
0.895473 -56.8375 0.918584
0.895623 -56.8261 0.918734
0.895773 -56.8147 0.918884
0.895923 -56.8033 0.919035
0.896073 -56.7919 0.919185
0.896223 -56.7806 0.919335
0.896373 -56.7692 0.919485
0.896523 -56.7578 0.919635
0.896673 -56.7465 0.919785
0.896823 -56.7351 0.919935
0.896973 -56.7238 0.919935
0.897124 -56.7124 0.920085
0.897274 -56.7011 0.920235
0.897424 -56.6897 0.920385
0.897574 -56.6784 0.920535
0.897724  -56.667 0.920685
0.897874 -56.6557 0.920835
0.898024 -56.6444 0.920985
0.898174 -56.6331 0.921136
0.898324 -56.6218 0.921286
0.898474 -56.6104 0.921436
0.898624 -56.5991 0.921586
0.898774 -56.5878 0.921736
0.898924 -56.5765 0.921886
0.899075 -56.5652 0.921886
0.899225 -56.5539 0.922036
0.899375 -56.5426 0.922186
0.899525 -56.5314 0.922336
0.899675 -56.5201 0.922486
0.899825 -56.5088 0.922636
0.899975 -56.4975 0.922786
0.900125 -56.4863 0.922936
0.900275  -56.475 0.923087
0.900425 -56.4637 0.923237
0.900575 -56.4525 0.923387
0.900725 -56.4412 0.923537
0.900875   -56.43 0.923687
0.901026 -56.4187 0.923837
0.901176 -56.4075 0.923987
0.901326 -56.3962 0.923987
0.901476  -56.385 0.924137
0.901626 -56.3738 0.924287
0.901776 -56.3625 0.924437
0.901926 -56.3513 0.924587
0.902076 -56.3401 0.924737
0.902226 -56.3289 0.924887
0.902376 -56.3177 0.925038
0.902526 -56.3065 0.925188
0.902676 -56.2953 0.925338
0.902826 -56.2841 0.925488
0.902976 -56.2729 0.925638
0.903127 -56.2617 0.925788
0.903277 -56.2505 0.925938
0.903427 -56.2393 0.926088
0.903577 -56.2281 0.926088
0.903727  -56.217 0.926238
0.903877 -56.2058 0.926388
0.904027 -56.1946 0.926538
0.904177 -56.1835 0.926688
0.904327 -56.1723 0.926838
0.904477 -56.1611 0.926988
0.904627   -56.15 0.927139
0.904777 -56.1388 0.927289
0.904927 -56.1277 0.927439
0.905078 -56.1166 0.927589
0.905228 -56.1054 0.927739
0.905378 -56.0943 0.927889
0.905528 -56.0832 0.928039
0.905678  -56.072 0.928189
0.905828 -56.0609 0.928339
0.905978 -56.0498 0.928339
0.906128 -56.0387 0.928489
0.906278 -56.0276 0.928639
0.906428 -56.0165 0.928789
0.906578 -56.0054 0.928939
0.906728 -55.9943  0.92909
0.906878 -55.9832  0.92924
0.907029 -55.9721  0.92939
0.907179  -55.961  0.92954
0.907329 -55.9499  0.92969
0.907479 -55.9388  0.92984
0.907629 -55.9277  0.92999
0.907779 -55.9167  0.93014
0.907929 -55.9056  0.93029
0.908079 -55.8945  0.93029
0.908229 -55.8835  0.93044
0.908379 -55.8724  0.93059
0.908529 -55.8614  0.93074
0.908679 -55.8503  0.93089
0.908829 -55.8393 0.931041
0.908979 -55.8282 0.931191
 0.90913 -55.8172 0.931341
 0.90928 -55.8062 0.931491
 0.90943 -55.7951 0.931641
 0.90958 -55.7841 0.931791
 0.90973 -55.7731 0.931941
 0.90988 -55.7621 0.932091
 0.91003  -55.751 0.932241
 0.91018   -55.74 0.932391
 0.91033  -55.729 0.932541
 0.91048  -55.718 0.932541
 0.91063  -55.707 0.932691
 0.91078  -55.696 0.932841
 0.91093  -55.685 0.932991
0.911081  -55.674 0.933142
0.911231 -55.6631 0.933292
0.911381 -55.6521 0.933442
0.911531 -55.6411 0.933592
0.911681 -55.6301 0.933742
0.911831 -55.6191 0.933892
0.911981 -55.6082 0.934042
0.912131 -55.5972 0.934192
0.912281 -55.5863 0.934342
0.912431 -55.5753 0.934492
0.912581 -55.5644 0.934642
0.912731 -55.5534 0.934792
0.912881 -55.5425 0.934792
0.913032 -55.5315 0.934942
0.913182 -55.5206 0.935093
0.913332 -55.5096 0.935243
0.913482 -55.4987 0.935393
0.913632 -55.4878 0.935543
0.913782 -55.4769 0.935693
0.913932 -55.4659 0.935843
0.914082  -55.455 0.935993
0.914232 -55.4441 0.936143
0.914382 -55.4332 0.936293
0.914532 -55.4223 0.936443
0.914682 -55.4114 0.936593
0.914832 -55.4005 0.936743
0.914982 -55.3896 0.936893
0.915133 -55.3787 0.937044
0.915283 -55.3678 0.937194
0.915433  -55.357 0.937194
0.915583 -55.3461 0.937344
0.915733 -55.3352 0.937494
0.915883 -55.3243 0.937644
0.916033 -55.3135 0.937794
0.916183 -55.3026 0.937944
0.916333 -55.2917 0.938094
0.916483 -55.2809 0.938244
0.916633   -55.27 0.938394
0.916783 -55.2592 0.938544
0.916933 -55.2483 0.938694
0.917084 -55.2375 0.938844
0.917234 -55.2266 0.938994
0.917384 -55.2158 0.939145
0.917534  -55.205 0.939295
0.917684 -55.1941 0.939445
0.917834 -55.1833 0.939595
0.917984 -55.1725 0.939595
0.918134 -55.1617 0.939745
0.918284 -55.1509 0.939895
0.918434   -55.14 0.940045
0.918584 -55.1292 0.940195
0.918734 -55.1184 0.940345
0.918884 -55.1076 0.940495
0.919035 -55.0968 0.940645
0.919185  -55.086 0.940795
0.919335 -55.0753 0.940945
0.919485 -55.0645 0.941096
0.919635 -55.0537 0.941246
0.919785 -55.0429 0.941396
0.919935 -55.0321 0.941546
0.920085 -55.0214 0.941696
0.920235 -55.0106 0.941846
0.920385 -54.9998 0.941996
0.920535 -54.9891 0.941996
0.920685 -54.9783 0.942146
0.920835 -54.9676 0.942296
0.920985 -54.9568 0.942446
0.921136 -54.9461 0.942596
0.921286 -54.9353 0.942746
0.921436 -54.9246 0.942896
0.921586 -54.9138 0.943047
0.921736 -54.9031 0.943197
0.921886 -54.8924 0.943347
0.922036 -54.8816 0.943497
0.922186 -54.8709 0.943647
0.922336 -54.8602 0.943797
0.922486 -54.8495 0.943947
0.922636 -54.8388 0.944097
0.922786 -54.8281 0.944247
0.922936 -54.8174 0.944397
0.923087 -54.8067 0.944397
0.923237  -54.796 0.944547
0.923387 -54.7853 0.944697
0.923537 -54.7746 0.944847
0.923687 -54.7639 0.944997
0.923837 -54.7532 0.945148
0.923987 -54.7425 0.945298
0.924137 -54.7318 0.945448
0.924287 -54.7212 0.945598
0.924437 -54.7105 0.945748
0.924587 -54.6998 0.945898
0.924737 -54.6892 0.946048
0.924887 -54.6785 0.946198
0.925038 -54.6679 0.946348
0.925188 -54.6572 0.946498
0.925338 -54.6466 0.946648
0.925488 -54.6359 0.946798
0.925638 -54.6253 0.946798
0.925788 -54.6146 0.946948
0.925938  -54.604 0.947099
0.926088 -54.5934 0.947249
0.926238 -54.5827 0.947399
0.926388 -54.5721 0.947549
0.926538 -54.5615 0.947699
0.926688 -54.5509 0.947849
0.926838 -54.5403 0.947999
0.926988 -54.5296 0.948149
0.927139  -54.519 0.948299
0.927289 -54.5084 0.948449
0.927439 -54.4978 0.948599
0.927589 -54.4872 0.948749
0.927739 -54.4766 0.948899
0.927889  -54.466  0.94905
0.928039 -54.4555   0.9492
0.928189 -54.4449   0.9492
0.928339 -54.4343  0.94935
0.928489 -54.4237   0.9495
0.928639 -54.4131  0.94965
0.928789 -54.4026   0.9498
0.928939  -54.392  0.94995
 0.92909 -54.3814   0.9501
 0.92924 -54.3709  0.95025
 0.92939 -54.3603   0.9504
 0.92954 -54.3498  0.95055
 0.92969 -54.3392   0.9507
 0.92984 -54.3287  0.95085
 0.92999 -54.3181 0.951001
 0.93014 -54.3076 0.951151
 0.93029 -54.2971 0.951301
 0.93044 -54.2865 0.951451
 0.93059  -54.276 0.951601
 0.93074 -54.2655 0.951751
 0.93089 -54.2549 0.951751
0.931041 -54.2444 0.951901
0.931191 -54.2339 0.952051
0.931341 -54.2234 0.952201
0.931491 -54.2129 0.952351
0.931641 -54.2024 0.952501
0.931791 -54.1919 0.952651
0.931941 -54.1814 0.952801
0.932091 -54.1709 0.952951
0.932241 -54.1604 0.953102
0.932391 -54.1499 0.953252
0.932541 -54.1394 0.953402
0.932691 -54.1289 0.953552
0.932841 -54.1185 0.953702
0.932991  -54.108 0.953852
0.933142 -54.0975 0.954002
0.933292  -54.087 0.954152
0.933442 -54.0766 0.954302
0.933592 -54.0661 0.954302
0.933742 -54.0557 0.954452
0.933892 -54.0452 0.954602
0.934042 -54.0348 0.954752
0.934192 -54.0243 0.954902
0.934342 -54.0139 0.955053
0.934492 -54.0034 0.955203
0.934642  -53.993 0.955353
0.934792 -53.9825 0.955503
0.934942 -53.9721 0.955653
0.935093 -53.9617 0.955803
0.935243 -53.9513 0.955953
0.935393 -53.9408 0.956103
0.935543 -53.9304 0.956253
0.935693   -53.92 0.956403
0.935843 -53.9096 0.956553
0.935993 -53.8992 0.956703
0.936143 -53.8888 0.956853
0.936293 -53.8784 0.956853
0.936443  -53.868 0.957004
0.936593 -53.8576 0.957154
0.936743 -53.8472 0.957304
0.936893 -53.8368 0.957454
0.937044 -53.8264 0.957604
0.937194  -53.816 0.957754
0.937344 -53.8056 0.957904
0.937494 -53.7953 0.958054
0.937644 -53.7849 0.958204
0.937794 -53.7745 0.958354
0.937944 -53.7642 0.958504
0.938094 -53.7538 0.958654
0.938244 -53.7434 0.958804
0.938394 -53.7331 0.958954
0.938544 -53.7227 0.959105
0.938694 -53.7124 0.959255
0.938844  -53.702 0.959405
0.938994 -53.6917 0.959405
0.939145 -53.6813 0.959555
0.939295  -53.671 0.959705
0.939445 -53.6607 0.959855
0.939595 -53.6503 0.960005
0.939745   -53.64 0.960155
0.939895 -53.6297 0.960305
0.940045 -53.6194 0.960455
0.940195 -53.6091 0.960605
0.940345 -53.5987 0.960755
0.940495 -53.5884 0.960905
0.940645 -53.5781 0.961056
0.940795 -53.5678 0.961206
0.940945 -53.5575 0.961356
0.941096 -53.5472 0.961506
0.941246 -53.5369 0.961656
0.941396 -53.5266 0.961806
0.941546 -53.5163 0.961956
0.941696 -53.5061 0.961956
0.941846 -53.4958 0.962106
0.941996 -53.4855 0.962256
0.942146 -53.4752 0.962406
0.942296  -53.465 0.962556
0.942446 -53.4547 0.962706
0.942596 -53.4444 0.962856
0.942746 -53.4342 0.963007
0.942896 -53.4239 0.963157
0.943047 -53.4136 0.963307
0.943197 -53.4034 0.963457
0.943347 -53.3931 0.963607
0.943497 -53.3829 0.963757
0.943647 -53.3727 0.963907
0.943797 -53.3624 0.964057
0.943947 -53.3522 0.964207
0.944097 -53.3419 0.964357
0.944247 -53.3317 0.964507
0.944397 -53.3215 0.964507
0.944547 -53.3113 0.964657
0.944697  -53.301 0.964807
0.944847 -53.2908 0.964957
0.944997 -53.2806 0.965108
0.945148 -53.2704 0.965258
0.945298 -53.2602 0.965408
0.945448   -53.25 0.965558
0.945598 -53.2398 0.965708
0.945748 -53.2296 0.965858
0.945898 -53.2194 0.966008
0.946048 -53.2092 0.966158
0.946198  -53.199 0.966308
0.946348 -53.1888 0.966458
0.946498 -53.1787 0.966608
0.946648 -53.1685 0.966758
0.946798 -53.1583 0.966908
0.946948 -53.1481 0.967059
0.947099  -53.138 0.967209
0.947249 -53.1278 0.967209
0.947399 -53.1176 0.967359
0.947549 -53.1075 0.967509
0.947699 -53.0973 0.967659
0.947849 -53.0872 0.967809
0.947999  -53.077 0.967959
0.948149 -53.0669 0.968109
0.948299 -53.0567 0.968259
0.948449 -53.0466 0.968409
0.948599 -53.0364 0.968559
0.948749 -53.0263 0.968709
0.948899 -53.0162 0.968859
 0.94905  -53.006  0.96901
  0.9492 -52.9959  0.96916
 0.94935 -52.9858  0.96931
  0.9495 -52.9757  0.96946
 0.94965 -52.9656  0.96961
  0.9498 -52.9555  0.96976
 0.94995 -52.9453  0.96976
  0.9501 -52.9352  0.96991
 0.95025 -52.9251  0.97006
  0.9504  -52.915  0.97021
 0.95055 -52.9049  0.97036
  0.9507 -52.8948  0.97051
 0.95085 -52.8848  0.97066
0.951001 -52.8747  0.97081
0.951151 -52.8646  0.97096
0.951301 -52.8545 0.971111
0.951451 -52.8444 0.971261
0.951601 -52.8343 0.971411
0.951751 -52.8243 0.971561
0.951901 -52.8142 0.971711
0.952051 -52.8041 0.971861
0.952201 -52.7941 0.972011
0.952351  -52.784 0.972161
0.952501  -52.774 0.972311
0.952651 -52.7639 0.972461
0.952801 -52.7539 0.972461
0.952951 -52.7438 0.972611
0.953102 -52.7338 0.972761
0.953252 -52.7237 0.972911
0.953402 -52.7137 0.973062
0.953552 -52.7037 0.973212
0.953702 -52.6936 0.973362
0.953852 -52.6836 0.973512
0.954002 -52.6736 0.973662
0.954152 -52.6635 0.973812
0.954302 -52.6535 0.973962
0.954452 -52.6435 0.974112
0.954602 -52.6335 0.974262
0.954752 -52.6235 0.974412
0.954902 -52.6135 0.974562
0.955053 -52.6035 0.974712
0.955203 -52.5935 0.974862
0.955353 -52.5835 0.975013
0.955503 -52.5735 0.975163
0.955653 -52.5635 0.975163
0.955803 -52.5535 0.975313
0.955953 -52.5435 0.975463
0.956103 -52.5335 0.975613
0.956253 -52.5236 0.975763
0.956403 -52.5136 0.975913
0.956553 -52.5036 0.976063
0.956703 -52.4936 0.976213
0.956853 -52.4837 0.976363
0.957004 -52.4737 0.976513
0.957154 -52.4638 0.976663
0.957304 -52.4538 0.976813
0.957454 -52.4438 0.976963
0.957604 -52.4339 0.977114
0.957754 -52.4239 0.977264
0.957904  -52.414 0.977414
0.958054 -52.4041 0.977564
0.958204 -52.3941 0.977714
0.958354 -52.3842 0.977864
0.958504 -52.3742 0.977864
0.958654 -52.3643 0.978014
0.958804 -52.3544 0.978164
0.958954 -52.3445 0.978314
0.959105 -52.3345 0.978464
0.959255 -52.3246 0.978614
0.959405 -52.3147 0.978764
0.959555 -52.3048 0.978914
0.959705 -52.2949 0.979065
0.959855  -52.285 0.979215
0.960005 -52.2751 0.979365
0.960155 -52.2652 0.979515
0.960305 -52.2553 0.979665
0.960455 -52.2454 0.979815
0.960605 -52.2355 0.979965
0.960755 -52.2256 0.980115
0.960905 -52.2157 0.980265
0.961056 -52.2058 0.980415
0.961206  -52.196 0.980565
0.961356 -52.1861 0.980565
0.961506 -52.1762 0.980715
0.961656 -52.1663 0.980865
0.961806 -52.1565 0.981016
0.961956 -52.1466 0.981166
0.962106 -52.1368 0.981316
0.962256 -52.1269 0.981466
0.962406  -52.117 0.981616
0.962556 -52.1072 0.981766
0.962706 -52.0973 0.981916
0.962856 -52.0875 0.982066
0.963007 -52.0777 0.982216
0.963157 -52.0678 0.982366
0.963307  -52.058 0.982516
0.963457 -52.0481 0.982666
0.963607 -52.0383 0.982816
0.963757 -52.0285 0.982966
0.963907 -52.0187 0.983117
0.964057 -52.0088 0.983267
0.964207  -51.999 0.983267
0.964357 -51.9892 0.983417
0.964507 -51.9794 0.983567
0.964657 -51.9696 0.983717
0.964807 -51.9598 0.983867
0.964957   -51.95 0.984017
0.965108 -51.9402 0.984167
0.965258 -51.9304 0.984317
0.965408 -51.9206 0.984467
0.965558 -51.9108 0.984617
0.965708  -51.901 0.984767
0.965858 -51.8912 0.984917
0.966008 -51.8814 0.985068
0.966158 -51.8716 0.985218
0.966308 -51.8619 0.985368
0.966458 -51.8521 0.985518
0.966608 -51.8423 0.985668
0.966758 -51.8326 0.985818
0.966908 -51.8228 0.985968
0.967059  -51.813 0.985968
0.967209 -51.8033 0.986118
0.967359 -51.7935 0.986268
0.967509 -51.7838 0.986418
0.967659  -51.774 0.986568
0.967809 -51.7643 0.986718
0.967959 -51.7545 0.986868
0.968109 -51.7448 0.987019
0.968259  -51.735 0.987169
0.968409 -51.7253 0.987319
0.968559 -51.7156 0.987469
0.968709 -51.7058 0.987619
0.968859 -51.6961 0.987769
 0.96901 -51.6864 0.987919
 0.96916 -51.6767 0.988069
 0.96931 -51.6669 0.988219
 0.96946 -51.6572 0.988369
 0.96961 -51.6475 0.988519
 0.96976 -51.6378 0.988669
 0.96991 -51.6281 0.988819
 0.97006 -51.6184 0.988819
 0.97021 -51.6087 0.988969
 0.97036  -51.599  0.98912
 0.97051 -51.5893  0.98927
 0.97066 -51.5796  0.98942
 0.97081 -51.5699  0.98957
 0.97096 -51.5602  0.98972
0.971111 -51.5505  0.98987
0.971261 -51.5409  0.99002
0.971411 -51.5312  0.99017
0.971561 -51.5215  0.99032
0.971711 -51.5118  0.99047
0.971861 -51.5022  0.99062
0.972011 -51.4925  0.99077
0.972161 -51.4828  0.99092
0.972311 -51.4732 0.991071
0.972461 -51.4635 0.991221
0.972611 -51.4539 0.991371
0.972761 -51.4442 0.991521
0.972911 -51.4346 0.991521
0.973062 -51.4249 0.991671
0.973212 -51.4153 0.991821
0.973362 -51.4056 0.991971
0.973512  -51.396 0.992121
0.973662 -51.3864 0.992271
0.973812 -51.3767 0.992421
0.973962 -51.3671 0.992571
0.974112 -51.3575 0.992721
0.974262 -51.3479 0.992871
0.974412 -51.3382 0.993022
0.974562 -51.3286 0.993172
0.974712  -51.319 0.993322
0.974862 -51.3094 0.993472
0.975013 -51.2998 0.993622
0.975163 -51.2902 0.993772
0.975313 -51.2806 0.993922
0.975463  -51.271 0.994072
0.975613 -51.2614 0.994222
0.975763 -51.2518 0.994222
0.975913 -51.2422 0.994372
0.976063 -51.2326 0.994522
0.976213  -51.223 0.994672
0.976363 -51.2135 0.994822
0.976513 -51.2039 0.994972
0.976663 -51.1943 0.995123
0.976813 -51.1847 0.995273
0.976963 -51.1752 0.995423
0.977114 -51.1656 0.995573
0.977264  -51.156 0.995723
0.977414 -51.1465 0.995873
0.977564 -51.1369 0.996023
0.977714 -51.1273 0.996173
0.977864 -51.1178 0.996323
0.978014 -51.1082 0.996473
0.978164 -51.0987 0.996623
0.978314 -51.0891 0.996773
0.978464 -51.0796 0.996923
0.978614 -51.0701 0.997074
0.978764 -51.0605 0.997074
0.978914  -51.051 0.997224
0.979065 -51.0415 0.997374
0.979215 -51.0319 0.997524
0.979365 -51.0224 0.997674
0.979515 -51.0129 0.997824
0.979665 -51.0034 0.997974
0.979815 -50.9939 0.998124
0.979965 -50.9843 0.998274
0.980115 -50.9748 0.998424
0.980265 -50.9653 0.998574
0.980415 -50.9558 0.998724
0.980565 -50.9463 0.998874
0.980715 -50.9368 0.999025
0.980865 -50.9273 0.999175
0.981016 -50.9178 0.999325
0.981166 -50.9083 0.999475
0.981316 -50.8988 0.999625
0.981466 -50.8894 0.999775
0.981616 -50.8799 0.999925
0.981766 -50.8704 0.999925
0.981916 -50.8609  1.00008
0.982066 -50.8514  1.00023
0.982216  -50.842  1.00038
0.982366 -50.8325  1.00053
0.982516  -50.823  1.00068
0.982666 -50.8136  1.00083
0.982816 -50.8041  1.00098
0.982966 -50.7947  1.00113
0.983117 -50.7852  1.00128
0.983267 -50.7757  1.00143
0.983417 -50.7663  1.00158
0.983567 -50.7568  1.00173
0.983717 -50.7474  1.00188
0.983867  -50.738  1.00203
0.984017 -50.7285  1.00218
0.984167 -50.7191  1.00233
0.984317 -50.7097  1.00248
0.984467 -50.7002  1.00263
0.984617 -50.6908  1.00278
0.984767 -50.6814  1.00278
0.984917  -50.672  1.00293
0.985068 -50.6625  1.00308
0.985218 -50.6531  1.00323
0.985368 -50.6437  1.00338
0.985518 -50.6343  1.00353
0.985668 -50.6249  1.00368
0.985818 -50.6155  1.00383
0.985968 -50.6061  1.00398
0.986118 -50.5967  1.00413
0.986268 -50.5873  1.00428
0.986418 -50.5779  1.00443
0.986568 -50.5685  1.00458
0.986718 -50.5591  1.00473
0.986868 -50.5497  1.00488
0.987019 -50.5404  1.00503
0.987169  -50.531  1.00518
0.987319 -50.5216  1.00533
0.987469 -50.5122  1.00548
0.987619 -50.5028  1.00548
0.987769 -50.4935  1.00563
0.987919 -50.4841  1.00578
0.988069 -50.4748  1.00593
0.988219 -50.4654  1.00608
0.988369  -50.456  1.00623
0.988519 -50.4467  1.00638
0.988669 -50.4373  1.00653
0.988819  -50.428  1.00668
0.988969 -50.4186  1.00683
 0.98912 -50.4093  1.00698
 0.98927 -50.3999  1.00713
 0.98942 -50.3906  1.00728
 0.98957 -50.3813  1.00743
 0.98972 -50.3719  1.00758
 0.98987 -50.3626  1.00773
 0.99002 -50.3533  1.00788
 0.99017  -50.344  1.00803
 0.99032 -50.3346  1.00818
 0.99047 -50.3253  1.00833
 0.99062  -50.316  1.00833
 0.99077 -50.3067  1.00848
 0.99092 -50.2974  1.00863
0.991071 -50.2881  1.00878
0.991221 -50.2788  1.00893
0.991371 -50.2695  1.00908
0.991521 -50.2602  1.00923
0.991671 -50.2509  1.00938
0.991821 -50.2416  1.00953
0.991971 -50.2323  1.00968
0.992121  -50.223  1.00983
0.992271 -50.2137  1.00998
0.992421 -50.2044  1.01013
0.992571 -50.1951  1.01028
0.992721 -50.1859  1.01043
0.992871 -50.1766  1.01058
0.993022 -50.1673  1.01073
0.993172  -50.158  1.01088
0.993322 -50.1488  1.01103
0.993472 -50.1395  1.01118
0.993622 -50.1302  1.01118
0.993772  -50.121  1.01133
0.993922 -50.1117  1.01148
0.994072 -50.1025  1.01163
0.994222 -50.0932  1.01178
0.994372  -50.084  1.01193
0.994522 -50.0747  1.01208
0.994672 -50.0655  1.01223
0.994822 -50.0562  1.01238
0.994972  -50.047  1.01253
0.995123 -50.0378  1.01268
0.995273 -50.0285  1.01283
0.995423 -50.0193  1.01298
0.995573 -50.0101  1.01313
0.995723 -50.0009  1.01328
0.995873 -49.9916  1.01343
0.996023 -49.9824  1.01358
0.996173 -49.9732  1.01373
0.996323  -49.964  1.01388
0.996473 -49.9548  1.01388
0.996623 -49.9456  1.01403
0.996773 -49.9364  1.01418
0.996923 -49.9272  1.01433
0.997074  -49.918  1.01448
0.997224 -49.9088  1.01463
0.997374 -49.8996  1.01478
0.997524 -49.8904  1.01493
0.997674 -49.8812  1.01508
0.997824  -49.872  1.01523
0.997974 -49.8628  1.01538
0.998124 -49.8536  1.01553
0.998274 -49.8445  1.01568
0.998424 -49.8353  1.01583
0.998574 -49.8261  1.01598
0.998724 -49.8169  1.01613
0.998874 -49.8078  1.01628
0.999025 -49.7986  1.01643
0.999175 -49.7895  1.01658
0.999325 -49.7803  1.01673
0.999475 -49.7711  1.01673
0.999625  -49.762  1.01688
0.999775 -49.7528  1.01703
0.999925 -49.7437  1.01718
 1.00008 -49.7345  1.01733
 1.00023 -49.7254  1.01748
 1.00038 -49.7163  1.01763
 1.00053 -49.7071  1.01778
 1.00068  -49.698  1.01793
 1.00083 -49.6888  1.01808
 1.00098 -49.6797  1.01823
 1.00113 -49.6706  1.01838
 1.00128 -49.6615  1.01853
 1.00143 -49.6523  1.01868
 1.00158 -49.6432  1.01883
 1.00173 -49.6341  1.01898
 1.00188  -49.625  1.01913
 1.00203 -49.6159  1.01928
 1.00218 -49.6068  1.01943
 1.00233 -49.5977  1.01958
 1.00248 -49.5886  1.01958
 1.00263 -49.5795  1.01973
 1.00278 -49.5704  1.01988
 1.00293 -49.5613  1.02004
 1.00308 -49.5522  1.02019
 1.00323 -49.5431  1.02034
 1.00338  -49.534  1.02049
 1.00353 -49.5249  1.02064
 1.00368 -49.5158  1.02079
 1.00383 -49.5067  1.02094
 1.00398 -49.4977  1.02109
 1.00413 -49.4886  1.02124
 1.00428 -49.4795  1.02139
 1.00443 -49.4704  1.02154
 1.00458 -49.4614  1.02169
 1.00473 -49.4523  1.02184
 1.00488 -49.4433  1.02199
 1.00503 -49.4342  1.02214
 1.00518 -49.4251  1.02229
 1.00533 -49.4161  1.02244
 1.00548  -49.407  1.02244
 1.00563  -49.398  1.02259
 1.00578 -49.3889  1.02274
 1.00593 -49.3799  1.02289
 1.00608 -49.3709  1.02304
 1.00623 -49.3618  1.02319
 1.00638 -49.3528  1.02334
 1.00653 -49.3437  1.02349
 1.00668 -49.3347  1.02364
 1.00683 -49.3257  1.02379
 1.00698 -49.3167  1.02394
 1.00713 -49.3076  1.02409
 1.00728 -49.2986  1.02424
 1.00743 -49.2896  1.02439
 1.00758 -49.2806  1.02454
 1.00773 -49.2716  1.02469
 1.00788 -49.2626  1.02484
 1.00803 -49.2536  1.02499
 1.00818 -49.2446  1.02514
 1.00833 -49.2356  1.02529
 1.00848 -49.2266  1.02529
 1.00863 -49.2176  1.02544
 1.00878 -49.2086  1.02559
 1.00893 -49.1996  1.02574
 1.00908 -49.1906  1.02589
 1.00923 -49.1816  1.02604
 1.00938 -49.1726  1.02619
 1.00953 -49.1636  1.02634
 1.00968 -49.1547  1.02649
 1.00983 -49.1457  1.02664
 1.00998 -49.1367  1.02679
 1.01013 -49.1277  1.02694
 1.01028 -49.1188  1.02709
 1.01043 -49.1098  1.02724
 1.01058 -49.1008  1.02739
 1.01073 -49.0919  1.02754
 1.01088 -49.0829  1.02769
 1.01103  -49.074  1.02784
 1.01118  -49.065  1.02799
 1.01133 -49.0561  1.02799
 1.01148 -49.0471  1.02814
 1.01163 -49.0382  1.02829
 1.01178 -49.0292  1.02844
 1.01193 -49.0203  1.02859
 1.01208 -49.0114  1.02874
 1.01223 -49.0024  1.02889
 1.01238 -48.9935  1.02904
 1.01253 -48.9846  1.02919
 1.01268 -48.9756  1.02934
 1.01283 -48.9667  1.02949
 1.01298 -48.9578  1.02964
 1.01313 -48.9489  1.02979
 1.01328 -48.9399  1.02994
 1.01343  -48.931  1.03009
 1.01358 -48.9221  1.03024
 1.01373 -48.9132  1.03039
 1.01388 -48.9043  1.03054
 1.01403 -48.8954  1.03069
 1.01418 -48.8865  1.03084
 1.01433 -48.8776  1.03084
 1.01448 -48.8687  1.03099
 1.01463 -48.8598  1.03114
 1.01478 -48.8509  1.03129
 1.01493  -48.842  1.03144
 1.01508 -48.8331  1.03159
 1.01523 -48.8243  1.03174
 1.01538 -48.8154  1.03189
 1.01553 -48.8065  1.03204
 1.01568 -48.7976  1.03219
 1.01583 -48.7888  1.03234
 1.01598 -48.7799  1.03249
 1.01613  -48.771  1.03264
 1.01628 -48.7621  1.03279
 1.01643 -48.7533  1.03294
 1.01658 -48.7444  1.03309
 1.01673 -48.7356  1.03324
 1.01688 -48.7267  1.03339
 1.01703 -48.7179  1.03354
 1.01718  -48.709  1.03369
 1.01733 -48.7002  1.03369
 1.01748 -48.6913  1.03384
 1.01763 -48.6825  1.03399
 1.01778 -48.6736  1.03414
 1.01793 -48.6648  1.03429
 1.01808  -48.656  1.03444
 1.01823 -48.6471  1.03459
 1.01838 -48.6383  1.03474
 1.01853 -48.6295  1.03489
 1.01868 -48.6206  1.03504
 1.01883 -48.6118  1.03519
 1.01898  -48.603  1.03534
 1.01913 -48.5942  1.03549
 1.01928 -48.5854  1.03564
 1.01943 -48.5766  1.03579
 1.01958 -48.5677  1.03594
 1.01973 -48.5589  1.03609
 1.01988 -48.5501  1.03624
 1.02004 -48.5413  1.03639
 1.02019 -48.5325  1.03654
 1.02034 -48.5237  1.03654
 1.02049 -48.5149  1.03669
 1.02064 -48.5061  1.03684
 1.02079 -48.4974  1.03699
 1.02094 -48.4886  1.03714
 1.02109 -48.4798  1.03729
 1.02124  -48.471  1.03744
 1.02139 -48.4622  1.03759
 1.02154 -48.4534  1.03774
 1.02169 -48.4447  1.03789
 1.02184 -48.4359  1.03804
 1.02199 -48.4271  1.03819
 1.02214 -48.4184  1.03834
 1.02229 -48.4096  1.03849
 1.02244 -48.4008  1.03864
 1.02259 -48.3921  1.03879
 1.02274 -48.3833  1.03894
 1.02289 -48.3746  1.03909
 1.02304 -48.3658  1.03924
 1.02319 -48.3571  1.03939
 1.02334 -48.3483  1.03939
 1.02349 -48.3396  1.03954
 1.02364 -48.3308  1.03969
 1.02379 -48.3221  1.03984
 1.02394 -48.3133  1.03999
 1.02409 -48.3046  1.04015
 1.02424 -48.2959   1.0403
 1.02439 -48.2872  1.04045
 1.02454 -48.2784   1.0406
 1.02469 -48.2697  1.04075
 1.02484  -48.261   1.0409
 1.02499 -48.2523  1.04105
 1.02514 -48.2435   1.0412
 1.02529 -48.2348  1.04135
 1.02544 -48.2261   1.0415
 1.02559 -48.2174  1.04165
 1.02574 -48.2087   1.0418
 1.02589    -48.2  1.04195
 1.02604 -48.1913   1.0421
 1.02619 -48.1826   1.0421
 1.02634 -48.1739  1.04225
 1.02649 -48.1652   1.0424
 1.02664 -48.1565  1.04255
 1.02679 -48.1478   1.0427
 1.02694 -48.1391  1.04285
 1.02709 -48.1304    1.043
 1.02724 -48.1218  1.04315
 1.02739 -48.1131   1.0433
 1.02754 -48.1044  1.04345
 1.02769 -48.0957   1.0436
 1.02784  -48.087  1.04375
 1.02799 -48.0784   1.0439
 1.02814 -48.0697  1.04405
 1.02829  -48.061   1.0442
 1.02844 -48.0524  1.04435
 1.02859 -48.0437   1.0445
 1.02874 -48.0351  1.04465
 1.02889 -48.0264   1.0448
 1.02904 -48.0178  1.04495
 1.02919 -48.0091  1.04495
 1.02934 -48.0005   1.0451
 1.02949 -47.9918  1.04525
 1.02964 -47.9832   1.0454
 1.02979 -47.9745  1.04555
 1.02994 -47.9659   1.0457
 1.03009 -47.9573  1.04585
 1.03024 -47.9486    1.046
 1.03039   -47.94  1.04615
 1.03054 -47.9314   1.0463
 1.03069 -47.9227  1.04645
 1.03084 -47.9141   1.0466
 1.03099 -47.9055  1.04675
 1.03114 -47.8969   1.0469
 1.03129 -47.8883  1.04705
 1.03144 -47.8796   1.0472
 1.03159  -47.871  1.04735
 1.03174 -47.8624   1.0475
 1.03189 -47.8538  1.04765
 1.03204 -47.8452   1.0478
 1.03219 -47.8366   1.0478
 1.03234  -47.828  1.04795
 1.03249 -47.8194   1.0481
 1.03264 -47.8108  1.04825
 1.03279 -47.8022   1.0484
 1.03294 -47.7936  1.04855
 1.03309  -47.785   1.0487
 1.03324 -47.7765  1.04885
 1.03339 -47.7679    1.049
 1.03354 -47.7593  1.04915
 1.03369 -47.7507   1.0493
 1.03384 -47.7421  1.04945
 1.03399 -47.7336   1.0496
 1.03414  -47.725  1.04975
 1.03429 -47.7164   1.0499
 1.03444 -47.7079  1.05005
 1.03459 -47.6993   1.0502
 1.03474 -47.6907  1.05035
 1.03489 -47.6822   1.0505
 1.03504 -47.6736   1.0505
 1.03519 -47.6651  1.05065
 1.03534 -47.6565   1.0508
 1.03549  -47.648  1.05095
 1.03564 -47.6394   1.0511
 1.03579 -47.6309  1.05125
 1.03594 -47.6223   1.0514
 1.03609 -47.6138  1.05155
 1.03624 -47.6053   1.0517
 1.03639 -47.5967  1.05185
 1.03654 -47.5882    1.052
 1.03669 -47.5797  1.05215
 1.03684 -47.5711   1.0523
 1.03699 -47.5626  1.05245
 1.03714 -47.5541   1.0526
 1.03729 -47.5456  1.05275
 1.03744 -47.5371   1.0529
 1.03759 -47.5286  1.05305
 1.03774   -47.52   1.0532
 1.03789 -47.5115  1.05335
 1.03804  -47.503  1.05335
 1.03819 -47.4945   1.0535
 1.03834  -47.486  1.05365
 1.03849 -47.4775   1.0538
 1.03864  -47.469  1.05395
 1.03879 -47.4605   1.0541
 1.03894  -47.452  1.05425
 1.03909 -47.4435   1.0544
 1.03924  -47.435  1.05455
 1.03939 -47.4266   1.0547
 1.03954 -47.4181  1.05485
 1.03969 -47.4096    1.055
 1.03984 -47.4011  1.05515
 1.03999 -47.3926   1.0553
 1.04015 -47.3842  1.05545
  1.0403 -47.3757   1.0556
 1.04045 -47.3672  1.05575
  1.0406 -47.3588   1.0559
 1.04075 -47.3503  1.05605
  1.0409 -47.3418  1.05605
 1.04105 -47.3334   1.0562
  1.0412 -47.3249  1.05635
 1.04135 -47.3165   1.0565
  1.0415  -47.308  1.05665
 1.04165 -47.2996   1.0568
  1.0418 -47.2911  1.05695
 1.04195 -47.2827   1.0571
  1.0421 -47.2742  1.05725
 1.04225 -47.2658   1.0574
  1.0424 -47.2573  1.05755
 1.04255 -47.2489   1.0577
  1.0427 -47.2405  1.05785
 1.04285  -47.232    1.058
   1.043 -47.2236  1.05815
 1.04315 -47.2152   1.0583
  1.0433 -47.2068  1.05845
 1.04345 -47.1983   1.0586
  1.0436 -47.1899  1.05875
 1.04375 -47.1815   1.0589
  1.0439 -47.1731   1.0589
 1.04405 -47.1647  1.05905
  1.0442 -47.1563   1.0592
 1.04435 -47.1479  1.05935
  1.0445 -47.1395   1.0595
 1.04465 -47.1311  1.05965
  1.0448 -47.1227   1.0598
 1.04495 -47.1143  1.05995
  1.0451 -47.1059  1.06011
 1.04525 -47.0975  1.06026
  1.0454 -47.0891  1.06041
 1.04555 -47.0807  1.06056
  1.0457 -47.0723  1.06071
 1.04585 -47.0639  1.06086
   1.046 -47.0555  1.06101
 1.04615 -47.0472  1.06116
  1.0463 -47.0388  1.06131
 1.04645 -47.0304  1.06146
  1.0466  -47.022  1.06161
 1.04675 -47.0137  1.06161
  1.0469 -47.0053  1.06176
 1.04705 -46.9969  1.06191
  1.0472 -46.9886  1.06206
 1.04735 -46.9802  1.06221
  1.0475 -46.9719  1.06236
 1.04765 -46.9635  1.06251
  1.0478 -46.9552  1.06266
 1.04795 -46.9468  1.06281
  1.0481 -46.9385  1.06296
 1.04825 -46.9301  1.06311
  1.0484 -46.9218  1.06326
 1.04855 -46.9134  1.06341
  1.0487 -46.9051  1.06356
 1.04885 -46.8967  1.06371
   1.049 -46.8884  1.06386
 1.04915 -46.8801  1.06401
  1.0493 -46.8718  1.06416
 1.04945 -46.8634  1.06431
  1.0496 -46.8551  1.06431
 1.04975 -46.8468  1.06446
  1.0499 -46.8385  1.06461
 1.05005 -46.8301  1.06476
  1.0502 -46.8218  1.06491
 1.05035 -46.8135  1.06506
  1.0505 -46.8052  1.06521
 1.05065 -46.7969  1.06536
  1.0508 -46.7886  1.06551
 1.05095 -46.7803  1.06566
  1.0511  -46.772  1.06581
 1.05125 -46.7637  1.06596
  1.0514 -46.7554  1.06611
 1.05155 -46.7471  1.06626
  1.0517 -46.7388  1.06641
 1.05185 -46.7305  1.06656
   1.052 -46.7222  1.06671
 1.05215 -46.7139  1.06686
  1.0523 -46.7057  1.06701
 1.05245 -46.6974  1.06701
  1.0526 -46.6891  1.06716
 1.05275 -46.6808  1.06731
  1.0529 -46.6725  1.06746
 1.05305 -46.6643  1.06761
  1.0532  -46.656  1.06776
 1.05335 -46.6477  1.06791
  1.0535 -46.6395  1.06806
 1.05365 -46.6312  1.06821
  1.0538  -46.623  1.06836
 1.05395 -46.6147  1.06851
  1.0541 -46.6064  1.06866
 1.05425 -46.5982  1.06881
  1.0544 -46.5899  1.06896
 1.05455 -46.5817  1.06911
  1.0547 -46.5735  1.06926
 1.05485 -46.5652  1.06941
   1.055  -46.557  1.06956
 1.05515 -46.5487  1.06956
  1.0553 -46.5405  1.06971
 1.05545 -46.5323  1.06986
  1.0556  -46.524  1.07001
 1.05575 -46.5158  1.07016
  1.0559 -46.5076  1.07031
 1.05605 -46.4994  1.07046
  1.0562 -46.4911  1.07061
 1.05635 -46.4829  1.07076
  1.0565 -46.4747  1.07091
 1.05665 -46.4665  1.07106
  1.0568 -46.4583  1.07121
 1.05695 -46.4501  1.07136
  1.0571 -46.4419  1.07151
 1.05725 -46.4336  1.07166
  1.0574 -46.4254  1.07181
 1.05755 -46.4172  1.07196
  1.0577  -46.409  1.07211
 1.05785 -46.4009  1.07211
   1.058 -46.3927  1.07226
 1.05815 -46.3845  1.07241
  1.0583 -46.3763  1.07256
 1.05845 -46.3681  1.07271
  1.0586 -46.3599  1.07286
 1.05875 -46.3517  1.07301
  1.0589 -46.3435  1.07316
 1.05905 -46.3354  1.07331
  1.0592 -46.3272  1.07346
 1.05935  -46.319  1.07361
  1.0595 -46.3108  1.07376
 1.05965 -46.3027  1.07391
  1.0598 -46.2945  1.07406
 1.05995 -46.2864  1.07421
 1.06011 -46.2782  1.07436
 1.06026   -46.27  1.07451
 1.06041 -46.2619  1.07466
 1.06056 -46.2537  1.07466
 1.06071 -46.2456  1.07481
 1.06086 -46.2374  1.07496
 1.06101 -46.2293  1.07511
 1.06116 -46.2211  1.07526
 1.06131  -46.213  1.07541
 1.06146 -46.2048  1.07556
 1.06161 -46.1967  1.07571
 1.06176 -46.1886  1.07586
 1.06191 -46.1804  1.07601
 1.06206 -46.1723  1.07616
 1.06221 -46.1642  1.07631
 1.06236  -46.156  1.07646
 1.06251 -46.1479  1.07661
 1.06266 -46.1398  1.07676
 1.06281 -46.1317  1.07691
 1.06296 -46.1236  1.07706
 1.06311 -46.1155  1.07721
 1.06326 -46.1073  1.07721
 1.06341 -46.0992  1.07736
 1.06356 -46.0911  1.07751
 1.06371  -46.083  1.07766
 1.06386 -46.0749  1.07781
 1.06401 -46.0668  1.07796
 1.06416 -46.0587  1.07811
 1.06431 -46.0506  1.07826
 1.06446 -46.0425  1.07841
 1.06461 -46.0344  1.07856
 1.06476 -46.0263  1.07871
 1.06491 -46.0182  1.07886
 1.06506 -46.0102  1.07901
 1.06521 -46.0021  1.07916
 1.06536  -45.994  1.07931
 1.06551 -45.9859  1.07946
 1.06566 -45.9778  1.07961
 1.06581 -45.9698  1.07976
 1.06596 -45.9617  1.07976
 1.06611 -45.9536  1.07991
 1.06626 -45.9456  1.08007
 1.06641 -45.9375  1.08022
 1.06656 -45.9294  1.08037
 1.06671 -45.9214  1.08052
 1.06686 -45.9133  1.08067
 1.06701 -45.9053  1.08082
 1.06716 -45.8972  1.08097
 1.06731 -45.8892  1.08112
 1.06746 -45.8811  1.08127
 1.06761 -45.8731  1.08142
 1.06776  -45.865  1.08157
 1.06791  -45.857  1.08172
 1.06806 -45.8489  1.08187
 1.06821 -45.8409  1.08202
 1.06836 -45.8329  1.08217
 1.06851 -45.8248  1.08217
 1.06866 -45.8168  1.08232
 1.06881 -45.8088  1.08247
 1.06896 -45.8008  1.08262
 1.06911 -45.7927  1.08277
 1.06926 -45.7847  1.08292
 1.06941 -45.7767  1.08307
 1.06956 -45.7687  1.08322
 1.06971 -45.7607  1.08337
 1.06986 -45.7526  1.08352
 1.07001 -45.7446  1.08367
 1.07016 -45.7366  1.08382
 1.07031 -45.7286  1.08397
 1.07046 -45.7206  1.08412
 1.07061 -45.7126  1.08427
 1.07076 -45.7046  1.08442
 1.07091 -45.6966  1.08457
 1.07106 -45.6886  1.08472
 1.07121 -45.6806  1.08472
 1.07136 -45.6726  1.08487
 1.07151 -45.6647  1.08502
 1.07166 -45.6567  1.08517
 1.07181 -45.6487  1.08532
 1.07196 -45.6407  1.08547
 1.07211 -45.6327  1.08562
 1.07226 -45.6248  1.08577
 1.07241 -45.6168  1.08592
 1.07256 -45.6088  1.08607
 1.07271 -45.6008  1.08622
 1.07286 -45.5929  1.08637
 1.07301 -45.5849  1.08652
 1.07316  -45.577  1.08667
 1.07331  -45.569  1.08682
 1.07346  -45.561  1.08697
 1.07361 -45.5531  1.08712
 1.07376 -45.5451  1.08712
 1.07391 -45.5372  1.08727
 1.07406 -45.5292  1.08742
 1.07421 -45.5213  1.08757
 1.07436 -45.5133  1.08772
 1.07451 -45.5054  1.08787
 1.07466 -45.4975  1.08802
 1.07481 -45.4895  1.08817
 1.07496 -45.4816  1.08832
 1.07511 -45.4737  1.08847
 1.07526 -45.4657  1.08862
 1.07541 -45.4578  1.08877
 1.07556 -45.4499  1.08892
 1.07571 -45.4419  1.08907
 1.07586  -45.434  1.08922
 1.07601 -45.4261  1.08937
 1.07616 -45.4182  1.08937
 1.07631 -45.4103  1.08952
 1.07646 -45.4024  1.08967
 1.07661 -45.3945  1.08982
 1.07676 -45.3865  1.08997
 1.07691 -45.3786  1.09012
 1.07706 -45.3707  1.09027
 1.07721 -45.3628  1.09042
 1.07736 -45.3549  1.09057
 1.07751  -45.347  1.09072
 1.07766 -45.3392  1.09087
 1.07781 -45.3313  1.09102
 1.07796 -45.3234  1.09117
 1.07811 -45.3155  1.09132
 1.07826 -45.3076  1.09147
 1.07841 -45.2997  1.09162
 1.07856 -45.2918  1.09177
 1.07871  -45.284  1.09177
 1.07886 -45.2761  1.09192
 1.07901 -45.2682  1.09207
 1.07916 -45.2603  1.09222
 1.07931 -45.2525  1.09237
 1.07946 -45.2446  1.09252
 1.07961 -45.2367  1.09267
 1.07976 -45.2289  1.09282
 1.07991  -45.221  1.09297
 1.08007 -45.2132  1.09312
 1.08022 -45.2053  1.09327
 1.08037 -45.1975  1.09342
 1.08052 -45.1896  1.09357
 1.08067 -45.1818  1.09372
 1.08082 -45.1739  1.09387
 1.08097 -45.1661  1.09402
 1.08112 -45.1582  1.09402
 1.08127 -45.1504  1.09417
 1.08142 -45.1426  1.09432
 1.08157 -45.1347  1.09447
 1.08172 -45.1269  1.09462
 1.08187 -45.1191  1.09477
 1.08202 -45.1112  1.09492
 1.08217 -45.1034  1.09507
 1.08232 -45.0956  1.09522
 1.08247 -45.0878  1.09537
 1.08262   -45.08  1.09552
 1.08277 -45.0721  1.09567
 1.08292 -45.0643  1.09582
 1.08307 -45.0565  1.09597
 1.08322 -45.0487  1.09612
 1.08337 -45.0409  1.09627
 1.08352 -45.0331  1.09627
 1.08367 -45.0253  1.09642
 1.08382 -45.0175  1.09657
 1.08397 -45.0097  1.09672
 1.08412 -45.0019  1.09687
 1.08427 -44.9941  1.09702
 1.08442 -44.9863  1.09717
 1.08457 -44.9785  1.09732
 1.08472 -44.9707  1.09747
 1.08487  -44.963  1.09762
 1.08502 -44.9552  1.09777
 1.08517 -44.9474  1.09792
 1.08532 -44.9396  1.09807
 1.08547 -44.9318  1.09807
 1.08562 -44.9241  1.09822
 1.08577 -44.9163  1.09837
 1.08592 -44.9085  1.09852
 1.08607 -44.9008  1.09867
 1.08622  -44.893  1.09882
 1.08637 -44.8853  1.09897
 1.08652 -44.8775  1.09912
 1.08667 -44.8697  1.09927
 1.08682  -44.862  1.09942
 1.08697 -44.8542  1.09957
 1.08712 -44.8465  1.09972
 1.08727 -44.8388  1.09987
 1.08742  -44.831  1.09987
 1.08757 -44.8233  1.10003
 1.08772 -44.8155  1.10018
 1.08787 -44.8078  1.10033
 1.08802 -44.8001  1.10048
 1.08817 -44.7923  1.10063
 1.08832 -44.7846  1.10078
 1.08847 -44.7769  1.10093
 1.08862 -44.7692  1.10108
 1.08877 -44.7614  1.10123
 1.08892 -44.7537  1.10138
 1.08907  -44.746  1.10153
 1.08922 -44.7383  1.10168
 1.08937 -44.7306  1.10168
 1.08952 -44.7229  1.10183
 1.08967 -44.7152  1.10198
 1.08982 -44.7075  1.10213
 1.08997 -44.6998  1.10228
 1.09012 -44.6921  1.10243
 1.09027 -44.6844  1.10258
 1.09042 -44.6767  1.10273
 1.09057  -44.669  1.10288
 1.09072 -44.6613  1.10303
 1.09087 -44.6536  1.10318
 1.09102 -44.6459  1.10333
 1.09117 -44.6382  1.10348
 1.09132 -44.6306  1.10348
 1.09147 -44.6229  1.10363
 1.09162 -44.6152  1.10378
 1.09177 -44.6075  1.10393
 1.09192 -44.5999  1.10408
 1.09207 -44.5922  1.10423
 1.09222 -44.5845  1.10438
 1.09237 -44.5769  1.10453
 1.09252 -44.5692  1.10468
 1.09267 -44.5616  1.10483
 1.09282 -44.5539  1.10498
 1.09297 -44.5463  1.10513
 1.09312 -44.5386  1.10528
 1.09327  -44.531  1.10543
 1.09342 -44.5233  1.10543
 1.09357 -44.5157  1.10558
 1.09372  -44.508  1.10573
 1.09387 -44.5004  1.10588
 1.09402 -44.4927  1.10603
 1.09417 -44.4851  1.10618
 1.09432 -44.4775  1.10633
 1.09447 -44.4698  1.10648
 1.09462 -44.4622  1.10663
 1.09477 -44.4546  1.10678
 1.09492  -44.447  1.10693
 1.09507 -44.4394  1.10708
 1.09522 -44.4317  1.10708
 1.09537 -44.4241  1.10723
 1.09552 -44.4165  1.10738
 1.09567 -44.4089  1.10753
 1.09582 -44.4013  1.10768
 1.09597 -44.3937  1.10783
 1.09612 -44.3861  1.10798
 1.09627 -44.3785  1.10813
 1.09642 -44.3709  1.10828
 1.09657 -44.3633  1.10843
 1.09672 -44.3557  1.10858
 1.09687 -44.3481  1.10873
 1.09702 -44.3405  1.10888
 1.09717 -44.3329  1.10888
 1.09732 -44.3253  1.10903
 1.09747 -44.3178  1.10918
 1.09762 -44.3102  1.10933
 1.09777 -44.3026  1.10948
 1.09792  -44.295  1.10963
 1.09807 -44.2875  1.10978
 1.09822 -44.2799  1.10993
 1.09837 -44.2723  1.11008
 1.09852 -44.2648  1.11023
 1.09867 -44.2572  1.11038
 1.09882 -44.2496  1.11053
 1.09897 -44.2421  1.11053
 1.09912 -44.2345  1.11068
 1.09927  -44.227  1.11083
 1.09942 -44.2194  1.11098
 1.09957 -44.2119  1.11113
 1.09972 -44.2043  1.11128
 1.09987 -44.1968  1.11143
 1.10003 -44.1892  1.11158
 1.10018 -44.1817  1.11173
 1.10033 -44.1742  1.11188
 1.10048 -44.1666  1.11203
 1.10063 -44.1591  1.11218
 1.10078 -44.1516  1.11218
 1.10093  -44.144  1.11233
 1.10108 -44.1365  1.11248
 1.10123  -44.129  1.11263
 1.10138 -44.1215  1.11278
 1.10153  -44.114  1.11293
 1.10168 -44.1064  1.11308
 1.10183 -44.0989  1.11323
 1.10198 -44.0914  1.11338
 1.10213 -44.0839  1.11353
 1.10228 -44.0764  1.11368
 1.10243 -44.0689  1.11383
 1.10258 -44.0614  1.11383
 1.10273 -44.0539  1.11398
 1.10288 -44.0464  1.11413
 1.10303 -44.0389  1.11428
 1.10318 -44.0314  1.11443
 1.10333 -44.0239  1.11458
 1.10348 -44.0164  1.11473
 1.10363  -44.009  1.11488
 1.10378 -44.0015  1.11503
 1.10393  -43.994  1.11518
 1.10408 -43.9865  1.11533
 1.10423  -43.979  1.11548
 1.10438 -43.9716  1.11548
 1.10453 -43.9641  1.11563
 1.10468 -43.9566  1.11578
 1.10483 -43.9492  1.11593
 1.10498 -43.9417  1.11608
 1.10513 -43.9343  1.11623
 1.10528 -43.9268  1.11638
 1.10543 -43.9193  1.11653
 1.10558 -43.9119  1.11668
 1.10573 -43.9044  1.11683
 1.10588  -43.897  1.11698
 1.10603 -43.8895  1.11713
 1.10618 -43.8821  1.11713
 1.10633 -43.8747  1.11728
 1.10648 -43.8672  1.11743
 1.10663 -43.8598  1.11758
 1.10678 -43.8523  1.11773
 1.10693 -43.8449  1.11788
 1.10708 -43.8375  1.11803
 1.10723 -43.8301  1.11818
 1.10738 -43.8226  1.11833
 1.10753 -43.8152  1.11848
 1.10768 -43.8078  1.11848
 1.10783 -43.8004  1.11863
 1.10798  -43.793  1.11878
 1.10813 -43.7856  1.11893
 1.10828 -43.7782  1.11908
 1.10843 -43.7707  1.11923
 1.10858 -43.7633  1.11938
 1.10873 -43.7559  1.11953
 1.10888 -43.7485  1.11968
 1.10903 -43.7412  1.11983
 1.10918 -43.7338  1.11998
 1.10933 -43.7264  1.11998
 1.10948  -43.719  1.12014
 1.10963 -43.7116  1.12029
 1.10978 -43.7042  1.12044
 1.10993 -43.6968  1.12059
 1.11008 -43.6895  1.12074
 1.11023 -43.6821  1.12089
 1.11038 -43.6747  1.12104
 1.11053 -43.6673  1.12119
 1.11068   -43.66  1.12134
 1.11083 -43.6526  1.12134
 1.11098 -43.6452  1.12149
 1.11113 -43.6379  1.12164
 1.11128 -43.6305  1.12179
 1.11143 -43.6232  1.12194
 1.11158 -43.6158  1.12209
 1.11173 -43.6085  1.12224
 1.11188 -43.6011  1.12239
 1.11203 -43.5938  1.12254
 1.11218 -43.5864  1.12269
 1.11233 -43.5791  1.12269
 1.11248 -43.5717  1.12284
 1.11263 -43.5644  1.12299
 1.11278 -43.5571  1.12314
 1.11293 -43.5497  1.12329
 1.11308 -43.5424  1.12344
 1.11323 -43.5351  1.12359
 1.11338 -43.5278  1.12374
 1.11353 -43.5205  1.12389
 1.11368 -43.5131  1.12389
 1.11383 -43.5058  1.12404
 1.11398 -43.4985  1.12419
 1.11413 -43.4912  1.12434
 1.11428 -43.4839  1.12449
 1.11443 -43.4766  1.12464
 1.11458 -43.4693  1.12479
 1.11473  -43.462  1.12494
 1.11488 -43.4547  1.12509
 1.11503 -43.4474  1.12509
 1.11518 -43.4401  1.12524
 1.11533 -43.4328  1.12539
 1.11548 -43.4255  1.12554
 1.11563 -43.4183  1.12569
 1.11578  -43.411  1.12584
 1.11593 -43.4037  1.12599
 1.11608 -43.3964  1.12614
 1.11623 -43.3892  1.12614
 1.11638 -43.3819  1.12629
 1.11653 -43.3746  1.12644
 1.11668 -43.3674  1.12659
 1.11683 -43.3601  1.12674
 1.11698 -43.3529  1.12674
 1.11713 -43.3456  1.12689
 1.11728 -43.3384  1.12704
 1.11743 -43.3311  1.12719
 1.11758 -43.3239  1.12734
 1.11773 -43.3166  1.12749
 1.11788 -43.3094  1.12749
 1.11803 -43.3022  1.12764
 1.11818 -43.2949  1.12779
 1.11833 -43.2877  1.12794
 1.11848 -43.2805  1.12809
 1.11863 -43.2733  1.12809
 1.11878 -43.2661  1.12824
 1.11893 -43.2589  1.12839
 1.11908 -43.2517  1.12854
 1.11923 -43.2445  1.12869
 1.11938 -43.2373  1.12869
 1.11953 -43.2301  1.12884
 1.11968 -43.2229  1.12899
 1.11983 -43.2157  1.12914
 1.11998 -43.2085  1.12929
 1.12014 -43.2013  1.12929
 1.12029 -43.1942  1.12944
 1.12044  -43.187  1.12959
 1.12059 -43.1798  1.12974
 1.12074 -43.1727  1.12989
 1.12089 -43.1655  1.13004
 1.12104 -43.1583  1.13004
 1.12119 -43.1512  1.13019
 1.12134  -43.144  1.13034
 1.12149 -43.1369  1.13049
 1.12164 -43.1297  1.13064
 1.12179 -43.1226  1.13064
 1.12194 -43.1154  1.13079
 1.12209 -43.1083  1.13094
 1.12224 -43.1012  1.13109
 1.12239 -43.0941  1.13124
 1.12254 -43.0869  1.13124
 1.12269 -43.0798  1.13139
 1.12284 -43.0727  1.13154
 1.12299 -43.0656  1.13169
 1.12314 -43.0585  1.13184
 1.12329 -43.0514  1.13184
 1.12344 -43.0443  1.13199
 1.12359 -43.0372  1.13214
 1.12374 -43.0301  1.13229
 1.12389  -43.023  1.13244
 1.12404 -43.0159  1.13259
 1.12419 -43.0088  1.13259
 1.12434 -43.0017  1.13274
 1.12449 -42.9946  1.13289
 1.12464 -42.9875  1.13304
 1.12479 -42.9805  1.13319
 1.12494 -42.9734  1.13319
 1.12509 -42.9663  1.13334
 1.12524 -42.9593  1.13349
 1.12539 -42.9522  1.13364
 1.12554 -42.9452  1.13379
 1.12569 -42.9381  1.13379
 1.12584 -42.9311  1.13394
 1.12599  -42.924  1.13409
 1.12614  -42.917  1.13424
 1.12629 -42.9099  1.13439
 1.12644 -42.9029  1.13439
 1.12659 -42.8959  1.13454
 1.12674 -42.8888  1.13469
 1.12689 -42.8818  1.13484
 1.12704 -42.8748  1.13499
 1.12719 -42.8678  1.13514
 1.12734 -42.8607  1.13514
 1.12749 -42.8537  1.13529
 1.12764 -42.8467  1.13544
 1.12779 -42.8397  1.13559
 1.12794 -42.8327  1.13574
 1.12809 -42.8257  1.13574
 1.12824 -42.8187  1.13589
 1.12839 -42.8117  1.13604
 1.12854 -42.8047  1.13619
 1.12869 -42.7978  1.13634
 1.12884 -42.7908  1.13634
 1.12899 -42.7838  1.13649
 1.12914 -42.7768  1.13664
 1.12929 -42.7698  1.13679
 1.12944 -42.7629  1.13694
 1.12959 -42.7559  1.13694
 1.12974  -42.749  1.13709
 1.12989  -42.742  1.13724
 1.13004  -42.735  1.13739
 1.13019 -42.7281  1.13754
 1.13034 -42.7211  1.13769
 1.13049 -42.7142  1.13769
 1.13064 -42.7072  1.13784
 1.13079 -42.7003  1.13799
 1.13094 -42.6934  1.13814
 1.13109 -42.6864  1.13829
 1.13124 -42.6795  1.13829
 1.13139 -42.6726  1.13844
 1.13154 -42.6657  1.13859
 1.13169 -42.6587  1.13874
 1.13184 -42.6518  1.13889
 1.13199 -42.6449  1.13889
 1.13214  -42.638  1.13904
 1.13229 -42.6311  1.13919
 1.13244 -42.6242  1.13934
 1.13259 -42.6173  1.13949
 1.13274 -42.6104  1.13949
 1.13289 -42.6035  1.13964
 1.13304 -42.5966  1.13979
 1.13319 -42.5897  1.13994
 1.13334 -42.5829   1.1401
 1.13349  -42.576   1.1401
 1.13364 -42.5691  1.14025
 1.13379 -42.5622   1.1404
 1.13394 -42.5554  1.14055
 1.13409 -42.5485   1.1407
 1.13424 -42.5417   1.1407
 1.13439 -42.5348  1.14085
 1.13454 -42.5279    1.141
 1.13469 -42.5211  1.14115
 1.13484 -42.5142   1.1413
 1.13499 -42.5074   1.1413
 1.13514 -42.5006  1.14145
 1.13529 -42.4937   1.1416
 1.13544 -42.4869  1.14175
 1.13559 -42.4801   1.1419
 1.13574 -42.4732   1.1419
 1.13589 -42.4664  1.14205
 1.13604 -42.4596   1.1422
 1.13619 -42.4528  1.14235
 1.13634 -42.4459   1.1425
 1.13649 -42.4391   1.1425
 1.13664 -42.4323  1.14265
 1.13679 -42.4255   1.1428
 1.13694 -42.4187  1.14295
 1.13709 -42.4119   1.1431
 1.13724 -42.4051   1.1431
 1.13739 -42.3983  1.14325
 1.13754 -42.3915   1.1434
 1.13769 -42.3848  1.14355
 1.13784  -42.378   1.1437
 1.13799 -42.3712   1.1437
 1.13814 -42.3644  1.14385
 1.13829 -42.3577    1.144
 1.13844 -42.3509  1.14415
 1.13859 -42.3441   1.1443
 1.13874 -42.3374   1.1443
 1.13889 -42.3306  1.14445
 1.13904 -42.3239   1.1446
 1.13919 -42.3171  1.14475
 1.13934 -42.3104   1.1449
 1.13949 -42.3036   1.1449
 1.13964 -42.2969  1.14505
 1.13979 -42.2901   1.1452
 1.13994 -42.2834  1.14535
  1.1401 -42.2767   1.1455
 1.14025 -42.2699   1.1455
  1.1404 -42.2632  1.14565
 1.14055 -42.2565   1.1458
  1.1407 -42.2498  1.14595
 1.14085 -42.2431   1.1461
   1.141 -42.2364   1.1461
 1.14115 -42.2297  1.14625
  1.1413 -42.2229   1.1464
 1.14145 -42.2162  1.14655
  1.1416 -42.2096   1.1467
 1.14175 -42.2029   1.1467
  1.1419 -42.1962  1.14685
 1.14205 -42.1895    1.147
  1.1422 -42.1828    1.147
 1.14235 -42.1761  1.14715
  1.1425 -42.1694   1.1473
 1.14265 -42.1628  1.14745
  1.1428 -42.1561  1.14745
 1.14295 -42.1495   1.1476
  1.1431 -42.1428  1.14775
 1.14325 -42.1361   1.1479
  1.1434 -42.1295   1.1479
 1.14355 -42.1228  1.14805
  1.1437 -42.1162   1.1482
 1.14385 -42.1096   1.1482
   1.144 -42.1029  1.14835
 1.14415 -42.0963   1.1485
  1.1443 -42.0897  1.14865
 1.14445 -42.0831  1.14865
  1.1446 -42.0764   1.1488
 1.14475 -42.0698  1.14895
  1.1449 -42.0632   1.1491
 1.14505 -42.0566   1.1491
  1.1452   -42.05  1.14925
 1.14535 -42.0434   1.1494
  1.1455 -42.0368   1.1494
 1.14565 -42.0302  1.14955
  1.1458 -42.0236   1.1497
 1.14595 -42.0171  1.14985
  1.1461 -42.0105  1.14985
 1.14625 -42.0039     1.15
  1.1464 -41.9974     1.15
 1.14655 -41.9908     1.15
  1.1467 -41.9843     1.15
 1.14685 -41.9777     1.15
   1.147 -41.9712     1.15
 1.14715 -41.9647     1.15
  1.1473 -41.9582     1.15
 1.14745 -41.9517     1.15
  1.1476 -41.9452     1.15
 1.14775 -41.9388     1.15
  1.1479 -41.9323     1.15
 1.14805 -41.9259     1.15
  1.1482 -41.9195     1.15
 1.14835  -41.913     1.15
  1.1485 -41.9066     1.15
 1.14865 -41.9002     1.15
  1.1488 -41.8939     1.15
 1.14895 -41.8875     1.15
  1.1491 -41.8811     1.15
 1.14925 -41.8748     1.15
  1.1494 -41.8684     1.15
 1.14955 -41.8621     1.15
  1.1497 -41.8558     1.15
 1.14985 -41.8495     1.15
    1.15 -41.8432     1.15