 kgrid  ValNew  Policy 
    0.85 -62.4689     0.85
 0.85015 -62.4536     0.85
  0.8503 -62.4383     0.85
 0.85045 -62.4231     0.85
  0.8506 -62.4078     0.85
 0.85075 -62.3927     0.85
  0.8509 -62.3775     0.85
0.851051 -62.3624     0.85
0.851201 -62.3473     0.85
0.851351 -62.3322     0.85
0.851501 -62.3172     0.85
0.851651 -62.3021     0.85
0.851801 -62.2872     0.85
0.851951 -62.2722     0.85
0.852101 -62.2573  0.85015
0.852251 -62.2424   0.8503
0.852401 -62.2275   0.8503
0.852551 -62.2126  0.85045
0.852701 -62.1977   0.8506
0.852851 -62.1828   0.8506
0.853002  -62.168  0.85075
0.853152 -62.1532   0.8509
0.853302 -62.1383   0.8509
0.853452 -62.1235 0.851051
0.853602 -62.1087 0.851201
0.853752 -62.0939 0.851201
0.853902 -62.0791 0.851351
0.854052 -62.0644 0.851351
0.854202 -62.0496 0.851501
0.854352 -62.0349 0.851651
0.854502 -62.0202 0.851651
0.854652 -62.0055 0.851801
0.854802 -61.9908 0.851951
0.854952 -61.9761 0.851951
0.855103 -61.9614 0.852101
0.855253 -61.9467 0.852251
0.855403 -61.9321 0.852401
0.855553 -61.9174 0.852401
0.855703 -61.9028 0.852551
0.855853 -61.8882 0.852701
0.856003 -61.8736 0.852701
0.856153  -61.859 0.852851
0.856303 -61.8444 0.853002
0.856453 -61.8298 0.853152
0.856603 -61.8152 0.853152
0.856753 -61.8007 0.853302
0.856903 -61.7862 0.853452
0.857054 -61.7716 0.853452
0.857204 -61.7571 0.853602
0.857354 -61.7426 0.853752
0.857504 -61.7281 0.853902
0.857654 -61.7136 0.853902
0.857804 -61.6991 0.854052
0.857954 -61.6847 0.854202
0.858104 -61.6702 0.854202
0.858254 -61.6558 0.854352
0.858404 -61.6413 0.854502
0.858554 -61.6269 0.854652
0.858704 -61.6125 0.854652
0.858854 -61.5981 0.854802
0.859005 -61.5837 0.854952
0.859155 -61.5693 0.854952
0.859305 -61.5549 0.855103
0.859455 -61.5406 0.855253
0.859605 -61.5262 0.855403
0.859755 -61.5119 0.855403
0.859905 -61.4976 0.855553
0.860055 -61.4833 0.855703
0.860205 -61.4689 0.855853
0.860355 -61.4547 0.855853
0.860505 -61.4404 0.856003
0.860655 -61.4261 0.856153
0.860805 -61.4118 0.856153
0.860955 -61.3976 0.856303
0.861106 -61.3833 0.856453
0.861256 -61.3691 0.856603
0.861406 -61.3549 0.856603
0.861556 -61.3407 0.856753
0.861706 -61.3265 0.856903
0.861856 -61.3123 0.857054
0.862006 -61.2981 0.857054
0.862156 -61.2839 0.857204
0.862306 -61.2698 0.857354
0.862456 -61.2556 0.857354
0.862606 -61.2415 0.857504
0.862756 -61.2273 0.857654
0.862906 -61.2132 0.857804
0.863057 -61.1991 0.857804
0.863207  -61.185 0.857954
0.863357 -61.1709 0.858104
0.863507 -61.1568 0.858104
0.863657 -61.1428 0.858254
0.863807 -61.1287 0.858404
0.863957 -61.1147 0.858554
0.864107 -61.1006 0.858554
0.864257 -61.0866 0.858704
0.864407 -61.0726 0.858854
0.864557 -61.0586 0.859005
0.864707 -61.0446 0.859005
0.864857 -61.0306 0.859155
0.865008 -61.0166 0.859305
0.865158 -61.0027 0.859305
0.865308 -60.9887 0.859455
0.865458 -60.9747 0.859605
0.865608 -60.9608 0.859755
0.865758 -60.9469 0.859755
0.865908  -60.933 0.859905
0.866058 -60.9191 0.860055
0.866208 -60.9052 0.860205
0.866358 -60.8913 0.860205
0.866508 -60.8774 0.860355
0.866658 -60.8635 0.860505
0.866808 -60.8497 0.860655
0.866958 -60.8358 0.860655
0.867109  -60.822 0.860805
0.867259 -60.8082 0.860955
0.867409 -60.7943 0.860955
0.867559 -60.7805 0.861106
0.867709 -60.7667 0.861256
0.867859 -60.7529 0.861406
0.868009 -60.7392 0.861406
0.868159 -60.7254 0.861556
0.868309 -60.7116 0.861706
0.868459 -60.6979 0.861856
0.868609 -60.6842 0.861856
0.868759 -60.6704 0.862006
0.868909 -60.6567 0.862156
 0.86906  -60.643 0.862306
 0.86921 -60.6293 0.862306
 0.86936 -60.6156 0.862456
 0.86951 -60.6019 0.862606
 0.86966 -60.5882 0.862756
 0.86981 -60.5746 0.862756
 0.86996 -60.5609 0.862906
 0.87011 -60.5473 0.863057
 0.87026 -60.5337 0.863057
 0.87041   -60.52 0.863207
 0.87056 -60.5064 0.863357
 0.87071 -60.4928 0.863507
 0.87086 -60.4792 0.863507
0.871011 -60.4656 0.863657
0.871161  -60.452 0.863807
0.871311 -60.4385 0.863957
0.871461 -60.4249 0.863957
0.871611 -60.4114 0.864107
0.871761 -60.3978 0.864257
0.871911 -60.3843 0.864407
0.872061 -60.3708 0.864407
0.872211 -60.3573 0.864557
0.872361 -60.3437 0.864707
0.872511 -60.3303 0.864857
0.872661 -60.3168 0.864857
0.872811 -60.3033 0.865008
0.872961 -60.2898 0.865158
0.873112 -60.2764 0.865308
0.873262 -60.2629 0.865308
0.873412 -60.2495 0.865458
0.873562  -60.236 0.865608
0.873712 -60.2226 0.865758
0.873862 -60.2092 0.865758
0.874012 -60.1958 0.865908
0.874162 -60.1824 0.866058
0.874312  -60.169 0.866208
0.874462 -60.1557 0.866208
0.874612 -60.1423 0.866358
0.874762 -60.1289 0.866508
0.874912 -60.1156 0.866658
0.875063 -60.1023 0.866658
0.875213 -60.0889 0.866808
0.875363 -60.0756 0.866958
0.875513 -60.0623 0.867109
0.875663  -60.049 0.867109
0.875813 -60.0357 0.867259
0.875963 -60.0224 0.867409
0.876113 -60.0091 0.867559
0.876263 -59.9959 0.867559
0.876413 -59.9826 0.867709
0.876563 -59.9694 0.867859
0.876713 -59.9561 0.868009
0.876863 -59.9429 0.868009
0.877014 -59.9297 0.868159
0.877164 -59.9164 0.868309
0.877314 -59.9032 0.868459
0.877464   -59.89 0.868459
0.877614 -59.8769 0.868609
0.877764 -59.8637 0.868759
0.877914 -59.8505 0.868909
0.878064 -59.8373 0.868909
0.878214 -59.8242  0.86906
0.878364 -59.8111  0.86921
0.878514 -59.7979  0.86936
0.878664 -59.7848  0.86936
0.878814 -59.7717  0.86951
0.878964 -59.7586  0.86966
0.879115 -59.7455  0.86981
0.879265 -59.7324  0.86981
0.879415 -59.7193  0.86996
0.879565 -59.7062  0.87011
0.879715 -59.6932  0.87026
0.879865 -59.6801  0.87026
0.880015 -59.6671  0.87041
0.880165  -59.654  0.87056
0.880315  -59.641  0.87071
0.880465  -59.628  0.87071
0.880615  -59.615  0.87086
0.880765 -59.6019 0.871011
0.880915  -59.589 0.871161
0.881066  -59.576 0.871161
0.881216  -59.563 0.871311
0.881366   -59.55 0.871461
0.881516  -59.537 0.871611
0.881666 -59.5241 0.871761
0.881816 -59.5111 0.871911
0.881966 -59.4982 0.871911
0.882116 -59.4852 0.872061
0.882266 -59.4723 0.872211
0.882416 -59.4594 0.872361
0.882566 -59.4465 0.872511
0.882716 -59.4335 0.872661
0.882866 -59.4206 0.872811
0.883017 -59.4077 0.872811
0.883167 -59.3948 0.872961
0.883317 -59.3819 0.873112
0.883467 -59.3691 0.873262
0.883617 -59.3562 0.873412
0.883767 -59.3433 0.873562
0.883917 -59.3305 0.873562
0.884067 -59.3176 0.873712
0.884217 -59.3047 0.873862
0.884367 -59.2919 0.874012
0.884517 -59.2791 0.874162
0.884667 -59.2662 0.874312
0.884817 -59.2534 0.874312
0.884967 -59.2406 0.874462
0.885118 -59.2278 0.874612
0.885268  -59.215 0.874762
0.885418 -59.2022 0.874912
0.885568 -59.1894 0.875063
0.885718 -59.1766 0.875213
0.885868 -59.1638 0.875213
0.886018  -59.151 0.875363
0.886168 -59.1383 0.875513
0.886318 -59.1255 0.875663
0.886468 -59.1127 0.875813
0.886618    -59.1 0.875963
0.886768 -59.0872 0.876113
0.886918 -59.0745 0.876113
0.887069 -59.0618 0.876263
0.887219  -59.049 0.876413
0.887369 -59.0363 0.876563
0.887519 -59.0236 0.876713
0.887669 -59.0109 0.876863
0.887819 -58.9982 0.877014
0.887969 -58.9855 0.877014
0.888119 -58.9728 0.877164
0.888269 -58.9601 0.877314
0.888419 -58.9474 0.877464
0.888569 -58.9348 0.877614
0.888719 -58.9221 0.877764
0.888869 -58.9094 0.877914
 0.88902 -58.8968 0.877914
 0.88917 -58.8841 0.878064
 0.88932 -58.8715 0.878214
 0.88947 -58.8589 0.878364
 0.88962 -58.8462 0.878514
 0.88977 -58.8336 0.878664
 0.88992  -58.821 0.878814
 0.89007 -58.8084 0.878814
 0.89022 -58.7958 0.878964
 0.89037 -58.7832 0.879115
 0.89052 -58.7706 0.879265
 0.89067  -58.758 0.879415
 0.89082 -58.7454 0.879565
 0.89097 -58.7328 0.879715
0.891121 -58.7202 0.879715
0.891271 -58.7077 0.879865
0.891421 -58.6951 0.880015
0.891571 -58.6826 0.880165
0.891721   -58.67 0.880315
0.891871 -58.6575 0.880465
0.892021 -58.6449 0.880615
0.892171 -58.6324 0.880765
0.892321 -58.6199 0.880765
0.892471 -58.6074 0.880915
0.892621 -58.5948 0.881066
0.892771 -58.5823 0.881216
0.892921 -58.5698 0.881366
0.893072 -58.5573 0.881516
0.893222 -58.5449 0.881516
0.893372 -58.5324 0.881666
0.893522 -58.5199 0.881816
0.893672 -58.5074 0.881966
0.893822 -58.4949 0.882116
0.893972 -58.4825 0.882266
0.894122   -58.47 0.882416
0.894272 -58.4576 0.882566
0.894422 -58.4451 0.882566
0.894572 -58.4327 0.882716
0.894722 -58.4203 0.882866
0.894872 -58.4078 0.883017
0.895023 -58.3954 0.883167
0.895173  -58.383 0.883317
0.895323 -58.3706 0.883467
0.895473 -58.3582 0.883617
0.895623 -58.3458 0.883617
0.895773 -58.3334 0.883767
0.895923  -58.321 0.883917
0.896073 -58.3086 0.884067
0.896223 -58.2962 0.884217
0.896373 -58.2838 0.884367
0.896523 -58.2715 0.884517
0.896673 -58.2591 0.884667
0.896823 -58.2467 0.884667
0.896973 -58.2344 0.884817
0.897124  -58.222 0.884967
0.897274 -58.2097 0.885118
0.897424 -58.1973 0.885268
0.897574  -58.185 0.885418
0.897724 -58.1727 0.885568
0.897874 -58.1604 0.885718
0.898024 -58.1481 0.885718
0.898174 -58.1357 0.885868
0.898324 -58.1234 0.886018
0.898474 -58.1111 0.886168
0.898624 -58.0988 0.886318
0.898774 -58.0866 0.886468
0.898924 -58.0743 0.886618
0.899075  -58.062 0.886768
0.899225 -58.0497 0.886918
0.899375 -58.0375 0.886918
0.899525 -58.0252 0.887069
0.899675 -58.0129 0.887219
0.899825 -58.0007 0.887369
0.899975 -57.9884 0.887519
0.900125 -57.9762 0.887669
0.900275  -57.964 0.887819
0.900425 -57.9517 0.887969
0.900575 -57.9395 0.887969
0.900725 -57.9273 0.888119
0.900875 -57.9151 0.888269
0.901026 -57.9029 0.888419
0.901176 -57.8907 0.888569
0.901326 -57.8785 0.888719
0.901476 -57.8663 0.888869
0.901626 -57.8541  0.88902
0.901776 -57.8419  0.88902
0.901926 -57.8297  0.88917
0.902076 -57.8175  0.88932
0.902226 -57.8054  0.88947
0.902376 -57.7932  0.88962
0.902526 -57.7811  0.88977
0.902676 -57.7689  0.88992
0.902826 -57.7568  0.89007
0.902976 -57.7446  0.89007
0.903127 -57.7325  0.89022
0.903277 -57.7203  0.89037
0.903427 -57.7082  0.89052
0.903577 -57.6961  0.89067
0.903727  -57.684  0.89082
0.903877 -57.6719  0.89097
0.904027 -57.6598 0.891121
0.904177 -57.6477 0.891271
0.904327 -57.6356 0.891271
0.904477 -57.6235 0.891421
0.904627 -57.6114 0.891571
0.904777 -57.5993 0.891721
0.904927 -57.5872 0.891871
0.905078 -57.5752 0.892021
0.905228 -57.5631 0.892171
0.905378 -57.5511 0.892321
0.905528  -57.539 0.892321
0.905678 -57.5269 0.892471
0.905828 -57.5149 0.892621
0.905978 -57.5029 0.892771
0.906128 -57.4908 0.892921
0.906278 -57.4788 0.893072
0.906428 -57.4668 0.893222
0.906578 -57.4548 0.893372
0.906728 -57.4427 0.893522
0.906878 -57.4307 0.893522
0.907029 -57.4187 0.893672
0.907179 -57.4067 0.893822
0.907329 -57.3947 0.893972
0.907479 -57.3828 0.894122
0.907629 -57.3708 0.894272
0.907779 -57.3588 0.894422
0.907929 -57.3468 0.894572
0.908079 -57.3349 0.894572
0.908229 -57.3229 0.894722
0.908379 -57.3109 0.894872
0.908529  -57.299 0.895023
0.908679  -57.287 0.895173
0.908829 -57.2751 0.895323
0.908979 -57.2631 0.895473
 0.90913 -57.2512 0.895623
 0.90928 -57.2393 0.895773
 0.90943 -57.2274 0.895773
 0.90958 -57.2154 0.895923
 0.90973 -57.2035 0.896073
 0.90988 -57.1916 0.896223
 0.91003 -57.1797 0.896373
 0.91018 -57.1678 0.896523
 0.91033 -57.1559 0.896673
 0.91048  -57.144 0.896823
 0.91063 -57.1321 0.896973
 0.91078 -57.1203 0.896973
 0.91093 -57.1084 0.897124
0.911081 -57.0965 0.897274
0.911231 -57.0847 0.897424
0.911381 -57.0728 0.897574
0.911531 -57.0609 0.897724
0.911681 -57.0491 0.897874
0.911831 -57.0372 0.898024
0.911981 -57.0254 0.898174
0.912131 -57.0136 0.898174
0.912281 -57.0017 0.898324
0.912431 -56.9899 0.898474
0.912581 -56.9781 0.898624
0.912731 -56.9663 0.898774
0.912881 -56.9545 0.898924
0.913032 -56.9426 0.899075
0.913182 -56.9308 0.899225
0.913332 -56.9191 0.899375
0.913482 -56.9073 0.899375
0.913632 -56.8955 0.899525
0.913782 -56.8837 0.899675
0.913932 -56.8719 0.899825
0.914082 -56.8601 0.899975
0.914232 -56.8484 0.900125
0.914382 -56.8366 0.900275
0.914532 -56.8248 0.900425
0.914682 -56.8131 0.900575
0.914832 -56.8013 0.900575
0.914982 -56.7896 0.900725
0.915133 -56.7778 0.900875
0.915283 -56.7661 0.901026
0.915433 -56.7544 0.901176
0.915583 -56.7427 0.901326
0.915733 -56.7309 0.901476
0.915883 -56.7192 0.901626
0.916033 -56.7075 0.901776
0.916183 -56.6958 0.901776
0.916333 -56.6841 0.901926
0.916483 -56.6724 0.902076
0.916633 -56.6607 0.902226
0.916783  -56.649 0.902376
0.916933 -56.6373 0.902526
0.917084 -56.6256 0.902676
0.917234 -56.6139 0.902826
0.917384 -56.6023 0.902976
0.917534 -56.5906 0.903127
0.917684 -56.5789 0.903277
0.917834 -56.5673 0.903277
0.917984 -56.5556 0.903427
0.918134  -56.544 0.903577
0.918284 -56.5323 0.903727
0.918434 -56.5207 0.903877
0.918584  -56.509 0.904027
0.918734 -56.4974 0.904177
0.918884 -56.4858 0.904327
0.919035 -56.4742 0.904477
0.919185 -56.4625 0.904627
0.919335 -56.4509 0.904627
0.919485 -56.4393 0.904777
0.919635 -56.4277 0.904927
0.919785 -56.4161 0.905078
0.919935 -56.4045 0.905228
0.920085 -56.3929 0.905378
0.920235 -56.3813 0.905528
0.920385 -56.3697 0.905678
0.920535 -56.3581 0.905828
0.920685 -56.3466 0.905978
0.920835  -56.335 0.906128
0.920985 -56.3234 0.906128
0.921136 -56.3118 0.906278
0.921286 -56.3003 0.906428
0.921436 -56.2887 0.906578
0.921586 -56.2772 0.906728
0.921736 -56.2656 0.906878
0.921886 -56.2541 0.907029
0.922036 -56.2425 0.907179
0.922186  -56.231 0.907329
0.922336 -56.2195 0.907479
0.922486  -56.208 0.907629
0.922636 -56.1964 0.907629
0.922786 -56.1849 0.907779
0.922936 -56.1734 0.907929
0.923087 -56.1619 0.908079
0.923237 -56.1504 0.908229
0.923387 -56.1389 0.908379
0.923537 -56.1274 0.908529
0.923687 -56.1159 0.908679
0.923837 -56.1044 0.908829
0.923987 -56.0929 0.908979
0.924137 -56.0814  0.90913
0.924287   -56.07  0.90913
0.924437 -56.0585  0.90928
0.924587  -56.047  0.90943
0.924737 -56.0356  0.90958
0.924887 -56.0241  0.90973
0.925038 -56.0127  0.90988
0.925188 -56.0012  0.91003
0.925338 -55.9898  0.91018
0.925488 -55.9783  0.91033
0.925638 -55.9669  0.91048
0.925788 -55.9554  0.91063
0.925938  -55.944  0.91063
0.926088 -55.9326  0.91078
0.926238 -55.9212  0.91093
0.926388 -55.9098 0.911081
0.926538 -55.8983 0.911231
0.926688 -55.8869 0.911381
0.926838 -55.8755 0.911531
0.926988 -55.8641 0.911681
0.927139 -55.8527 0.911831
0.927289 -55.8413 0.911981
0.927439   -55.83 0.912131
0.927589 -55.8186 0.912131
0.927739 -55.8072 0.912281
0.927889 -55.7958 0.912431
0.928039 -55.7844 0.912581
0.928189 -55.7731 0.912731
0.928339 -55.7617 0.912881
0.928489 -55.7504 0.913032
0.928639  -55.739 0.913182
0.928789 -55.7277 0.913332
0.928939 -55.7163 0.913482
 0.92909  -55.705 0.913632
 0.92924 -55.6936 0.913632
 0.92939 -55.6823 0.913782
 0.92954  -55.671 0.913932
 0.92969 -55.6596 0.914082
 0.92984 -55.6483 0.914232
 0.92999  -55.637 0.914382
 0.93014 -55.6257 0.914532
 0.93029 -55.6144 0.914682
 0.93044 -55.6031 0.914832
 0.93059 -55.5918 0.914982
 0.93074 -55.5805 0.915133
 0.93089 -55.5692 0.915283
0.931041 -55.5579 0.915283
0.931191 -55.5466 0.915433
0.931341 -55.5353 0.915583
0.931491  -55.524 0.915733
0.931641 -55.5128 0.915883
0.931791 -55.5015 0.916033
0.931941 -55.4902 0.916183
0.932091  -55.479 0.916333
0.932241 -55.4677 0.916483
0.932391 -55.4565 0.916633
0.932541 -55.4452 0.916783
0.932691  -55.434 0.916783
0.932841 -55.4227 0.916933
0.932991 -55.4115 0.917084
0.933142 -55.4003 0.917234
0.933292  -55.389 0.917384
0.933442 -55.3778 0.917534
0.933592 -55.3666 0.917684
0.933742 -55.3554 0.917834
0.933892 -55.3441 0.917984
0.934042 -55.3329 0.918134
0.934192 -55.3217 0.918284
0.934342 -55.3105 0.918434
0.934492 -55.2993 0.918434
0.934642 -55.2881 0.918584
0.934792 -55.2769 0.918734
0.934942 -55.2658 0.918884
0.935093 -55.2546 0.919035
0.935243 -55.2434 0.919185
0.935393 -55.2322 0.919335
0.935543 -55.2211 0.919485
0.935693 -55.2099 0.919635
0.935843 -55.1987 0.919785
0.935993 -55.1876 0.919935
0.936143 -55.1764 0.920085
0.936293 -55.1653 0.920085
0.936443 -55.1541 0.920235
0.936593  -55.143 0.920385
0.936743 -55.1318 0.920535
0.936893 -55.1207 0.920685
0.937044 -55.1096 0.920835
0.937194 -55.0984 0.920985
0.937344 -55.0873 0.921136
0.937494 -55.0762 0.921286
0.937644 -55.0651 0.921436
0.937794  -55.054 0.921586
0.937944 -55.0429 0.921736
0.938094 -55.0318 0.921886
0.938244 -55.0206 0.921886
0.938394 -55.0096 0.922036
0.938544 -54.9985 0.922186
0.938694 -54.9874 0.922336
0.938844 -54.9763 0.922486
0.938994 -54.9652 0.922636
0.939145 -54.9541 0.922786
0.939295 -54.9431 0.922936
0.939445  -54.932 0.923087
0.939595 -54.9209 0.923237
0.939745 -54.9099 0.923387
0.939895 -54.8988 0.923537
0.940045 -54.8877 0.923537
0.940195 -54.8767 0.923687
0.940345 -54.8656 0.923837
0.940495 -54.8546 0.923987
0.940645 -54.8436 0.924137
0.940795 -54.8325 0.924287
0.940945 -54.8215 0.924437
0.941096 -54.8105 0.924587
0.941246 -54.7994 0.924737
0.941396 -54.7884 0.924887
0.941546 -54.7774 0.925038
0.941696 -54.7664 0.925188
0.941846 -54.7554 0.925188
0.941996 -54.7444 0.925338
0.942146 -54.7334 0.925488
0.942296 -54.7224 0.925638
0.942446 -54.7114 0.925788
0.942596 -54.7004 0.925938
0.942746 -54.6894 0.926088
0.942896 -54.6784 0.926238
0.943047 -54.6674 0.926388
0.943197 -54.6565 0.926538
0.943347 -54.6455 0.926688
0.943497 -54.6345 0.926838
0.943647 -54.6236 0.926838
0.943797 -54.6126 0.926988
0.943947 -54.6017 0.927139
0.944097 -54.5907 0.927289
0.944247 -54.5797 0.927439
0.944397 -54.5688 0.927589
0.944547 -54.5579 0.927739
0.944697 -54.5469 0.927889
0.944847  -54.536 0.928039
0.944997 -54.5251 0.928189
0.945148 -54.5141 0.928339
0.945298 -54.5032 0.928489
0.945448 -54.4923 0.928489
0.945598 -54.4814 0.928639
0.945748 -54.4705 0.928789
0.945898 -54.4596 0.928939
0.946048 -54.4487  0.92909
0.946198 -54.4378  0.92924
0.946348 -54.4269  0.92939
0.946498  -54.416  0.92954
0.946648 -54.4051  0.92969
0.946798 -54.3942  0.92984
0.946948 -54.3833  0.92999
0.947099 -54.3724  0.93014
0.947249 -54.3616  0.93029
0.947399 -54.3507  0.93029
0.947549 -54.3398  0.93044
0.947699  -54.329  0.93059
0.947849 -54.3181  0.93074
0.947999 -54.3073  0.93089
0.948149 -54.2964 0.931041
0.948299 -54.2856 0.931191
0.948449 -54.2747 0.931341
0.948599 -54.2639 0.931491
0.948749  -54.253 0.931641
0.948899 -54.2422 0.931791
 0.94905 -54.2314 0.931941
  0.9492 -54.2205 0.931941
 0.94935 -54.2097 0.932091
  0.9495 -54.1989 0.932241
 0.94965 -54.1881 0.932391
  0.9498 -54.1773 0.932541
 0.94995 -54.1665 0.932691
  0.9501 -54.1557 0.932841
 0.95025 -54.1449 0.932991
  0.9504 -54.1341 0.933142
 0.95055 -54.1233 0.933292
  0.9507 -54.1125 0.933442
 0.95085 -54.1017 0.933592
0.951001 -54.0909 0.933742
0.951151 -54.0801 0.933742
0.951301 -54.0694 0.933892
0.951451 -54.0586 0.934042
0.951601 -54.0478 0.934192
0.951751 -54.0371 0.934342
0.951901 -54.0263 0.934492
0.952051 -54.0155 0.934642
0.952201 -54.0048 0.934792
0.952351  -53.994 0.934942
0.952501 -53.9833 0.935093
0.952651 -53.9725 0.935243
0.952801 -53.9618 0.935393
0.952951 -53.9511 0.935543
0.953102 -53.9403 0.935543
0.953252 -53.9296 0.935693
0.953402 -53.9189 0.935843
0.953552 -53.9082 0.935993
0.953702 -53.8974 0.936143
0.953852 -53.8867 0.936293
0.954002  -53.876 0.936443
0.954152 -53.8653 0.936593
0.954302 -53.8546 0.936743
0.954452 -53.8439 0.936893
0.954602 -53.8332 0.937044
0.954752 -53.8225 0.937194
0.954902 -53.8118 0.937344
0.955053 -53.8011 0.937344
0.955203 -53.7905 0.937494
0.955353 -53.7798 0.937644
0.955503 -53.7691 0.937794
0.955653 -53.7584 0.937944
0.955803 -53.7478 0.938094
0.955953 -53.7371 0.938244
0.956103 -53.7264 0.938394
0.956253 -53.7158 0.938544
0.956403 -53.7051 0.938694
0.956553 -53.6945 0.938844
0.956703 -53.6838 0.938994
0.956853 -53.6732 0.939145
0.957004 -53.6625 0.939295
0.957154 -53.6519 0.939295
0.957304 -53.6413 0.939445
0.957454 -53.6306 0.939595
0.957604   -53.62 0.939745
0.957754 -53.6094 0.939895
0.957904 -53.5988 0.940045
0.958054 -53.5882 0.940195
0.958204 -53.5775 0.940345
0.958354 -53.5669 0.940495
0.958504 -53.5563 0.940645
0.958654 -53.5457 0.940795
0.958804 -53.5351 0.940945
0.958954 -53.5245 0.941096
0.959105 -53.5139 0.941096
0.959255 -53.5033 0.941246
0.959405 -53.4928 0.941396
0.959555 -53.4822 0.941546
0.959705 -53.4716 0.941696
0.959855  -53.461 0.941846
0.960005 -53.4505 0.941996
0.960155 -53.4399 0.942146
0.960305 -53.4293 0.942296
0.960455 -53.4188 0.942446
0.960605 -53.4082 0.942596
0.960755 -53.3977 0.942746
0.960905 -53.3871 0.942896
0.961056 -53.3766 0.943047
0.961206  -53.366 0.943047
0.961356 -53.3555 0.943197
0.961506 -53.3449 0.943347
0.961656 -53.3344 0.943497
0.961806 -53.3239 0.943647
0.961956 -53.3133 0.943797
0.962106 -53.3028 0.943947
0.962256 -53.2923 0.944097
0.962406 -53.2818 0.944247
0.962556 -53.2713 0.944397
0.962706 -53.2608 0.944547
0.962856 -53.2503 0.944697
0.963007 -53.2398 0.944847
0.963157 -53.2293 0.944847
0.963307 -53.2188 0.944997
0.963457 -53.2083 0.945148
0.963607 -53.1978 0.945298
0.963757 -53.1873 0.945448
0.963907 -53.1768 0.945598
0.964057 -53.1663 0.945748
0.964207 -53.1559 0.945898
0.964357 -53.1454 0.946048
0.964507 -53.1349 0.946198
0.964657 -53.1244 0.946348
0.964807  -53.114 0.946498
0.964957 -53.1035 0.946648
0.965108 -53.0931 0.946798
0.965258 -53.0826 0.946798
0.965408 -53.0722 0.946948
0.965558 -53.0617 0.947099
0.965708 -53.0513 0.947249
0.965858 -53.0408 0.947399
0.966008 -53.0304 0.947549
0.966158   -53.02 0.947699
0.966308 -53.0095 0.947849
0.966458 -52.9991 0.947999
0.966608 -52.9887 0.948149
0.966758 -52.9783 0.948299
0.966908 -52.9679 0.948449
0.967059 -52.9575 0.948599
0.967209 -52.9471 0.948749
0.967359 -52.9366 0.948749
0.967509 -52.9262 0.948899
0.967659 -52.9158  0.94905
0.967809 -52.9054   0.9492
0.967959 -52.8951  0.94935
0.968109 -52.8847   0.9495
0.968259 -52.8743  0.94965
0.968409 -52.8639   0.9498
0.968559 -52.8535  0.94995
0.968709 -52.8432   0.9501
0.968859 -52.8328  0.95025
 0.96901 -52.8224   0.9504
 0.96916  -52.812  0.95055
 0.96931 -52.8017   0.9507
 0.96946 -52.7913   0.9507
 0.96961  -52.781  0.95085
 0.96976 -52.7706 0.951001
 0.96991 -52.7603 0.951151
 0.97006 -52.7499 0.951301
 0.97021 -52.7396 0.951451
 0.97036 -52.7292 0.951601
 0.97051 -52.7189 0.951751
 0.97066 -52.7086 0.951901
 0.97081 -52.6983 0.952051
 0.97096 -52.6879 0.952201
0.971111 -52.6776 0.952351
0.971261 -52.6673 0.952501
0.971411  -52.657 0.952651
0.971561 -52.6467 0.952651
0.971711 -52.6364 0.952801
0.971861  -52.626 0.952951
0.972011 -52.6157 0.953102
0.972161 -52.6054 0.953252
0.972311 -52.5951 0.953402
0.972461 -52.5849 0.953552
0.972611 -52.5746 0.953702
0.972761 -52.5643 0.953852
0.972911  -52.554 0.954002
0.973062 -52.5437 0.954152
0.973212 -52.5334 0.954302
0.973362 -52.5232 0.954452
0.973512 -52.5129 0.954602
0.973662 -52.5026 0.954602
0.973812 -52.4924 0.954752
0.973962 -52.4821 0.954902
0.974112 -52.4719 0.955053
0.974262 -52.4616 0.955203
0.974412 -52.4514 0.955353
0.974562 -52.4411 0.955503
0.974712 -52.4309 0.955653
0.974862 -52.4206 0.955803
0.975013 -52.4104 0.955953
0.975163 -52.4002 0.956103
0.975313 -52.3899 0.956253
0.975463 -52.3797 0.956403
0.975613 -52.3695 0.956553
0.975763 -52.3592 0.956553
0.975913  -52.349 0.956703
0.976063 -52.3388 0.956853
0.976213 -52.3286 0.957004
0.976363 -52.3184 0.957154
0.976513 -52.3082 0.957304
0.976663  -52.298 0.957454
0.976813 -52.2878 0.957604
0.976963 -52.2776 0.957754
0.977114 -52.2674 0.957904
0.977264 -52.2572 0.958054
0.977414  -52.247 0.958204
0.977564 -52.2368 0.958354
0.977714 -52.2267 0.958504
0.977864 -52.2165 0.958504
0.978014 -52.2063 0.958654
0.978164 -52.1961 0.958804
0.978314  -52.186 0.958954
0.978464 -52.1758 0.959105
0.978614 -52.1657 0.959255
0.978764 -52.1555 0.959405
0.978914 -52.1453 0.959555
0.979065 -52.1352 0.959705
0.979215  -52.125 0.959855
0.979365 -52.1149 0.960005
0.979515 -52.1048 0.960155
0.979665 -52.0946 0.960305
0.979815 -52.0845 0.960455
0.979965 -52.0744 0.960605
0.980115 -52.0642 0.960605
0.980265 -52.0541 0.960755
0.980415  -52.044 0.960905
0.980565 -52.0339 0.961056
0.980715 -52.0238 0.961206
0.980865 -52.0136 0.961356
0.981016 -52.0035 0.961506
0.981166 -51.9934 0.961656
0.981316 -51.9833 0.961806
0.981466 -51.9732 0.961956
0.981616 -51.9631 0.962106
0.981766  -51.953 0.962256
0.981916 -51.9429 0.962406
0.982066 -51.9329 0.962556
0.982216 -51.9228 0.962556
0.982366 -51.9127 0.962706
0.982516 -51.9026 0.962856
0.982666 -51.8925 0.963007
0.982816 -51.8825 0.963157
0.982966 -51.8724 0.963307
0.983117 -51.8623 0.963457
0.983267 -51.8523 0.963607
0.983417 -51.8422 0.963757
0.983567 -51.8322 0.963907
0.983717 -51.8221 0.964057
0.983867 -51.8121 0.964207
0.984017  -51.802 0.964357
0.984167  -51.792 0.964507
0.984317 -51.7819 0.964657
0.984467 -51.7719 0.964657
0.984617 -51.7618 0.964807
0.984767 -51.7518 0.964957
0.984917 -51.7418 0.965108
0.985068 -51.7318 0.965258
0.985218 -51.7217 0.965408
0.985368 -51.7117 0.965558
0.985518 -51.7017 0.965708
0.985668 -51.6917 0.965858
0.985818 -51.6817 0.966008
0.985968 -51.6717 0.966158
0.986118 -51.6617 0.966308
0.986268 -51.6517 0.966458
0.986418 -51.6417 0.966608
0.986568 -51.6317 0.966608
0.986718 -51.6217 0.966758
0.986868 -51.6117 0.966908
0.987019 -51.6017 0.967059
0.987169 -51.5917 0.967209
0.987319 -51.5818 0.967359
0.987469 -51.5718 0.967509
0.987619 -51.5618 0.967659
0.987769 -51.5519 0.967809
0.987919 -51.5419 0.967959
0.988069 -51.5319 0.968109
0.988219  -51.522 0.968259
0.988369  -51.512 0.968409
0.988519 -51.5021 0.968559
0.988669 -51.4921 0.968559
0.988819 -51.4822 0.968709
0.988969 -51.4722 0.968859
 0.98912 -51.4623  0.96901
 0.98927 -51.4523  0.96916
 0.98942 -51.4424  0.96931
 0.98957 -51.4325  0.96946
 0.98972 -51.4225  0.96961
 0.98987 -51.4126  0.96976
 0.99002 -51.4027  0.96991
 0.99017 -51.3928  0.97006
 0.99032 -51.3829  0.97021
 0.99047 -51.3729  0.97036
 0.99062  -51.363  0.97051
 0.99077 -51.3531  0.97066
 0.99092 -51.3432  0.97066
0.991071 -51.3333  0.97081
0.991221 -51.3234  0.97096
0.991371 -51.3135 0.971111
0.991521 -51.3036 0.971261
0.991671 -51.2937 0.971411
0.991821 -51.2839 0.971561
0.991971  -51.274 0.971711
0.992121 -51.2641 0.971861
0.992271 -51.2542 0.972011
0.992421 -51.2443 0.972161
0.992571 -51.2345 0.972311
0.992721 -51.2246 0.972461
0.992871 -51.2147 0.972611
0.993022 -51.2049 0.972761
0.993172  -51.195 0.972761
0.993322 -51.1852 0.972911
0.993472 -51.1753 0.973062
0.993622 -51.1655 0.973212
0.993772 -51.1556 0.973362
0.993922 -51.1458 0.973512
0.994072 -51.1359 0.973662
0.994222 -51.1261 0.973812
0.994372 -51.1163 0.973962
0.994522 -51.1064 0.974112
0.994672 -51.0966 0.974262
0.994822 -51.0868 0.974412
0.994972  -51.077 0.974562
0.995123 -51.0671 0.974712
0.995273 -51.0573 0.974712
0.995423 -51.0475 0.974862
0.995573 -51.0377 0.975013
0.995723 -51.0279 0.975163
0.995873 -51.0181 0.975313
0.996023 -51.0083 0.975463
0.996173 -50.9985 0.975613
0.996323 -50.9887 0.975763
0.996473 -50.9789 0.975913
0.996623 -50.9691 0.976063
0.996773 -50.9593 0.976213
0.996923 -50.9495 0.976363
0.997074 -50.9397 0.976513
0.997224   -50.93 0.976663
0.997374 -50.9202 0.976813
0.997524 -50.9104 0.976813
0.997674 -50.9007 0.976963
0.997824 -50.8909 0.977114
0.997974 -50.8811 0.977264
0.998124 -50.8714 0.977414
0.998274 -50.8616 0.977564
0.998424 -50.8519 0.977714
0.998574 -50.8421 0.977864
0.998724 -50.8324 0.978014
0.998874 -50.8226 0.978164
0.999025 -50.8129 0.978314
0.999175 -50.8031 0.978464
0.999325 -50.7934 0.978614
0.999475 -50.7837 0.978764
0.999625 -50.7739 0.978914
0.999775 -50.7642 0.978914
0.999925 -50.7545 0.979065
 1.00008 -50.7448 0.979215
 1.00023  -50.735 0.979365
 1.00038 -50.7253 0.979515
 1.00053 -50.7156 0.979665
 1.00068 -50.7059 0.979815
 1.00083 -50.6962 0.979965
 1.00098 -50.6865 0.980115
 1.00113 -50.6768 0.980265
 1.00128 -50.6671 0.980415
 1.00143 -50.6574 0.980565
 1.00158 -50.6477 0.980715
 1.00173  -50.638 0.980865
 1.00188 -50.6283 0.981016
 1.00203 -50.6186 0.981016
 1.00218  -50.609 0.981166
 1.00233 -50.5993 0.981316
 1.00248 -50.5896 0.981466
 1.00263 -50.5799 0.981616
 1.00278 -50.5703 0.981766
 1.00293 -50.5606 0.981916
 1.00308 -50.5509 0.982066
 1.00323 -50.5413 0.982216
 1.00338 -50.5316 0.982366
 1.00353  -50.522 0.982516
 1.00368 -50.5123 0.982666
 1.00383 -50.5027 0.982816
 1.00398  -50.493 0.982966
 1.00413 -50.4834 0.983117
 1.00428 -50.4737 0.983117
 1.00443 -50.4641 0.983267
 1.00458 -50.4545 0.983417
 1.00473 -50.4448 0.983567
 1.00488 -50.4352 0.983717
 1.00503 -50.4256 0.983867
 1.00518  -50.416 0.984017
 1.00533 -50.4064 0.984167
 1.00548 -50.3967 0.984317
 1.00563 -50.3871 0.984467
 1.00578 -50.3775 0.984617
 1.00593 -50.3679 0.984767
 1.00608 -50.3583 0.984917
 1.00623 -50.3487 0.985068
 1.00638 -50.3391 0.985218
 1.00653 -50.3295 0.985218
 1.00668 -50.3199 0.985368
 1.00683 -50.3103 0.985518
 1.00698 -50.3007 0.985668
 1.00713 -50.2911 0.985818
 1.00728 -50.2816 0.985968
 1.00743  -50.272 0.986118
 1.00758 -50.2624 0.986268
 1.00773 -50.2528 0.986418
 1.00788 -50.2433 0.986568
 1.00803 -50.2337 0.986718
 1.00818 -50.2241 0.986868
 1.00833 -50.2146 0.987019
 1.00848  -50.205 0.987169
 1.00863 -50.1955 0.987319
 1.00878 -50.1859 0.987319
 1.00893 -50.1764 0.987469
 1.00908 -50.1668 0.987619
 1.00923 -50.1573 0.987769
 1.00938 -50.1477 0.987919
 1.00953 -50.1382 0.988069
 1.00968 -50.1287 0.988219
 1.00983 -50.1191 0.988369
 1.00998 -50.1096 0.988519
 1.01013 -50.1001 0.988669
 1.01028 -50.0905 0.988819
 1.01043  -50.081 0.988969
 1.01058 -50.0715  0.98912
 1.01073  -50.062  0.98927
 1.01088 -50.0525  0.98942
 1.01103  -50.043  0.98942
 1.01118 -50.0335  0.98957
 1.01133 -50.0239  0.98972
 1.01148 -50.0144  0.98987
 1.01163 -50.0049  0.99002
 1.01178 -49.9954  0.99017
 1.01193  -49.986  0.99032
 1.01208 -49.9765  0.99047
 1.01223  -49.967  0.99062
 1.01238 -49.9575  0.99077
 1.01253  -49.948  0.99092
 1.01268 -49.9385 0.991071
 1.01283 -49.9291 0.991221
 1.01298 -49.9196 0.991371
 1.01313 -49.9101 0.991521
 1.01328 -49.9006 0.991521
 1.01343 -49.8912 0.991671
 1.01358 -49.8817 0.991821
 1.01373 -49.8723 0.991971
 1.01388 -49.8628 0.992121
 1.01403 -49.8534 0.992271
 1.01418 -49.8439 0.992421
 1.01433 -49.8345 0.992571
 1.01448  -49.825 0.992721
 1.01463 -49.8156 0.992871
 1.01478 -49.8061 0.993022
 1.01493 -49.7967 0.993172
 1.01508 -49.7873 0.993322
 1.01523 -49.7778 0.993472
 1.01538 -49.7684 0.993622
 1.01553  -49.759 0.993622
 1.01568 -49.7495 0.993772
 1.01583 -49.7401 0.993922
 1.01598 -49.7307 0.994072
 1.01613 -49.7213 0.994222
 1.01628 -49.7119 0.994372
 1.01643 -49.7025 0.994522
 1.01658 -49.6931 0.994672
 1.01673 -49.6837 0.994822
 1.01688 -49.6743 0.994972
 1.01703 -49.6649 0.995123
 1.01718 -49.6555 0.995273
 1.01733 -49.6461 0.995423
 1.01748 -49.6367 0.995573
 1.01763 -49.6273 0.995723
 1.01778 -49.6179 0.995723
 1.01793 -49.6085 0.995873
 1.01808 -49.5992 0.996023
 1.01823 -49.5898 0.996173
 1.01838 -49.5804 0.996323
 1.01853  -49.571 0.996473
 1.01868 -49.5617 0.996623
 1.01883 -49.5523 0.996773
 1.01898  -49.543 0.996923
 1.01913 -49.5336 0.997074
 1.01928 -49.5242 0.997224
 1.01943 -49.5149 0.997374
 1.01958 -49.5055 0.997524
 1.01973 -49.4962 0.997674
 1.01988 -49.4868 0.997824
 1.02004 -49.4775 0.997824
 1.02019 -49.4682 0.997974
 1.02034 -49.4588 0.998124
 1.02049 -49.4495 0.998274
 1.02064 -49.4402 0.998424
 1.02079 -49.4308 0.998574
 1.02094 -49.4215 0.998724
 1.02109 -49.4122 0.998874
 1.02124 -49.4029 0.999025
 1.02139 -49.3936 0.999175
 1.02154 -49.3842 0.999325
 1.02169 -49.3749 0.999475
 1.02184 -49.3656 0.999625
 1.02199 -49.3563 0.999775
 1.02214  -49.347 0.999925
 1.02229 -49.3377  1.00008
 1.02244 -49.3284  1.00008
 1.02259 -49.3191  1.00023
 1.02274 -49.3098  1.00038
 1.02289 -49.3005  1.00053
 1.02304 -49.2912  1.00068
 1.02319  -49.282  1.00083
 1.02334 -49.2727  1.00098
 1.02349 -49.2634  1.00113
 1.02364 -49.2541  1.00128
 1.02379 -49.2449  1.00143
 1.02394 -49.2356  1.00158
 1.02409 -49.2263  1.00173
 1.02424  -49.217  1.00188
 1.02439 -49.2078  1.00203
 1.02454 -49.1985  1.00218
 1.02469 -49.1893  1.00218
 1.02484   -49.18  1.00233
 1.02499 -49.1708  1.00248
 1.02514 -49.1615  1.00263
 1.02529 -49.1523  1.00278
 1.02544  -49.143  1.00293
 1.02559 -49.1338  1.00308
 1.02574 -49.1245  1.00323
 1.02589 -49.1153  1.00338
 1.02604 -49.1061  1.00353
 1.02619 -49.0968  1.00368
 1.02634 -49.0876  1.00383
 1.02649 -49.0784  1.00398
 1.02664 -49.0692  1.00413
 1.02679   -49.06  1.00428
 1.02694 -49.0507  1.00428
 1.02709 -49.0415  1.00443
 1.02724 -49.0323  1.00458
 1.02739 -49.0231  1.00473
 1.02754 -49.0139  1.00488
 1.02769 -49.0047  1.00503
 1.02784 -48.9955  1.00518
 1.02799 -48.9863  1.00533
 1.02814 -48.9771  1.00548
 1.02829 -48.9679  1.00563
 1.02844 -48.9587  1.00578
 1.02859 -48.9495  1.00593
 1.02874 -48.9404  1.00608
 1.02889 -48.9312  1.00623
 1.02904  -48.922  1.00638
 1.02919 -48.9128  1.00653
 1.02934 -48.9036  1.00653
 1.02949 -48.8945  1.00668
 1.02964 -48.8853  1.00683
 1.02979 -48.8761  1.00698
 1.02994  -48.867  1.00713
 1.03009 -48.8578  1.00728
 1.03024 -48.8487  1.00743
 1.03039 -48.8395  1.00758
 1.03054 -48.8304  1.00773
 1.03069 -48.8212  1.00788
 1.03084 -48.8121  1.00803
 1.03099 -48.8029  1.00818
 1.03114 -48.7938  1.00833
 1.03129 -48.7846  1.00848
 1.03144 -48.7755  1.00863
 1.03159 -48.7664  1.00863
 1.03174 -48.7572  1.00878
 1.03189 -48.7481  1.00893
 1.03204  -48.739  1.00908
 1.03219 -48.7299  1.00923
 1.03234 -48.7207  1.00938
 1.03249 -48.7116  1.00953
 1.03264 -48.7025  1.00968
 1.03279 -48.6934  1.00983
 1.03294 -48.6843  1.00998
 1.03309 -48.6752  1.01013
 1.03324 -48.6661  1.01028
 1.03339  -48.657  1.01043
 1.03354 -48.6479  1.01058
 1.03369 -48.6388  1.01073
 1.03384 -48.6297  1.01073
 1.03399 -48.6206  1.01088
 1.03414 -48.6115  1.01103
 1.03429 -48.6024  1.01118
 1.03444 -48.5933  1.01133
 1.03459 -48.5843  1.01148
 1.03474 -48.5752  1.01163
 1.03489 -48.5661  1.01178
 1.03504  -48.557  1.01193
 1.03519  -48.548  1.01208
 1.03534 -48.5389  1.01223
 1.03549 -48.5298  1.01238
 1.03564 -48.5208  1.01253
 1.03579 -48.5117  1.01268
 1.03594 -48.5027  1.01283
 1.03609 -48.4936  1.01298
 1.03624 -48.4846  1.01298
 1.03639 -48.4755  1.01313
 1.03654 -48.4665  1.01328
 1.03669 -48.4574  1.01343
 1.03684 -48.4484  1.01358
 1.03699 -48.4393  1.01373
 1.03714 -48.4303  1.01388
 1.03729 -48.4213  1.01403
 1.03744 -48.4122  1.01418
 1.03759 -48.4032  1.01433
 1.03774 -48.3942  1.01448
 1.03789 -48.3852  1.01463
 1.03804 -48.3762  1.01478
 1.03819 -48.3671  1.01493
 1.03834 -48.3581  1.01508
 1.03849 -48.3491  1.01508
 1.03864 -48.3401  1.01523
 1.03879 -48.3311  1.01538
 1.03894 -48.3221  1.01553
 1.03909 -48.3131  1.01568
 1.03924 -48.3041  1.01583
 1.03939 -48.2951  1.01598
 1.03954 -48.2861  1.01613
 1.03969 -48.2771  1.01628
 1.03984 -48.2681  1.01643
 1.03999 -48.2591  1.01658
 1.04015 -48.2502  1.01673
  1.0403 -48.2412  1.01688
 1.04045 -48.2322  1.01703
  1.0406 -48.2232  1.01718
 1.04075 -48.2143  1.01718
  1.0409 -48.2053  1.01733
 1.04105 -48.1963  1.01748
  1.0412 -48.1873  1.01763
 1.04135 -48.1784  1.01778
  1.0415 -48.1694  1.01793
 1.04165 -48.1605  1.01808
  1.0418 -48.1515  1.01823
 1.04195 -48.1426  1.01838
  1.0421 -48.1336  1.01853
 1.04225 -48.1247  1.01868
  1.0424 -48.1157  1.01883
 1.04255 -48.1068  1.01898
  1.0427 -48.0978  1.01913
 1.04285 -48.0889  1.01928
   1.043   -48.08  1.01943
 1.04315  -48.071  1.01943
  1.0433 -48.0621  1.01958
 1.04345 -48.0532  1.01973
  1.0436 -48.0443  1.01988
 1.04375 -48.0353  1.02004
  1.0439 -48.0264  1.02019
 1.04405 -48.0175  1.02034
  1.0442 -48.0086  1.02049
 1.04435 -47.9997  1.02064
  1.0445 -47.9908  1.02079
 1.04465 -47.9819  1.02094
  1.0448  -47.973  1.02109
 1.04495 -47.9641  1.02124
  1.0451 -47.9552  1.02139
 1.04525 -47.9463  1.02154
  1.0454 -47.9374  1.02154
 1.04555 -47.9285  1.02169
  1.0457 -47.9196  1.02184
 1.04585 -47.9107  1.02199
   1.046 -47.9018  1.02214
 1.04615  -47.893  1.02229
  1.0463 -47.8841  1.02244
 1.04645 -47.8752  1.02259
  1.0466 -47.8663  1.02274
 1.04675 -47.8575  1.02289
  1.0469 -47.8486  1.02304
 1.04705 -47.8397  1.02319
  1.0472 -47.8309  1.02334
 1.04735  -47.822  1.02349
  1.0475 -47.8131  1.02364
 1.04765 -47.8043  1.02379
  1.0478 -47.7954  1.02379
 1.04795 -47.7866  1.02394
  1.0481 -47.7777  1.02409
 1.04825 -47.7689  1.02424
  1.0484 -47.7601  1.02439
 1.04855 -47.7512  1.02454
  1.0487 -47.7424  1.02469
 1.04885 -47.7335  1.02484
   1.049 -47.7247  1.02499
 1.04915 -47.7159  1.02514
  1.0493 -47.7071  1.02529
 1.04945 -47.6982  1.02544
  1.0496 -47.6894  1.02559
 1.04975 -47.6806  1.02574
  1.0499 -47.6718  1.02589
 1.05005  -47.663  1.02589
  1.0502 -47.6542  1.02604
 1.05035 -47.6453  1.02619
  1.0505 -47.6365  1.02634
 1.05065 -47.6277  1.02649
  1.0508 -47.6189  1.02664
 1.05095 -47.6101  1.02679
  1.0511 -47.6013  1.02694
 1.05125 -47.5925  1.02709
  1.0514 -47.5838  1.02724
 1.05155  -47.575  1.02739
  1.0517 -47.5662  1.02754
 1.05185 -47.5574  1.02769
   1.052 -47.5486  1.02784
 1.05215 -47.5398  1.02799
  1.0523 -47.5311  1.02814
 1.05245 -47.5223  1.02814
  1.0526 -47.5135  1.02829
 1.05275 -47.5047  1.02844
  1.0529  -47.496  1.02859
 1.05305 -47.4872  1.02874
  1.0532 -47.4785  1.02889
 1.05335 -47.4697  1.02904
  1.0535 -47.4609  1.02919
 1.05365 -47.4522  1.02934
  1.0538 -47.4434  1.02949
 1.05395 -47.4347  1.02964
  1.0541 -47.4259  1.02979
 1.05425 -47.4172  1.02994
  1.0544 -47.4085  1.03009
 1.05455 -47.3997  1.03024
  1.0547  -47.391  1.03024
 1.05485 -47.3822  1.03039
   1.055 -47.3735  1.03054
 1.05515 -47.3648  1.03069
  1.0553 -47.3561  1.03084
 1.05545 -47.3473  1.03099
  1.0556 -47.3386  1.03114
 1.05575 -47.3299  1.03129
  1.0559 -47.3212  1.03144
 1.05605 -47.3125  1.03159
  1.0562 -47.3037  1.03174
 1.05635  -47.295  1.03189
  1.0565 -47.2863  1.03204
 1.05665 -47.2776  1.03219
  1.0568 -47.2689  1.03234
 1.05695 -47.2602  1.03249
  1.0571 -47.2515  1.03249
 1.05725 -47.2428  1.03264
  1.0574 -47.2341  1.03279
 1.05755 -47.2255  1.03294
  1.0577 -47.2168  1.03309
 1.05785 -47.2081  1.03324
   1.058 -47.1994  1.03339
 1.05815 -47.1907  1.03354
  1.0583  -47.182  1.03369
 1.05845 -47.1734  1.03384
  1.0586 -47.1647  1.03399
 1.05875  -47.156  1.03414
  1.0589 -47.1474  1.03429
 1.05905 -47.1387  1.03444
  1.0592   -47.13  1.03459
 1.05935 -47.1214  1.03459
  1.0595 -47.1127  1.03474
 1.05965 -47.1041  1.03489
  1.0598 -47.0954  1.03504
 1.05995 -47.0868  1.03519
 1.06011 -47.0781  1.03534
 1.06026 -47.0695  1.03549
 1.06041 -47.0608  1.03564
 1.06056 -47.0522  1.03579
 1.06071 -47.0436  1.03594
 1.06086 -47.0349  1.03609
 1.06101 -47.0263  1.03624
 1.06116 -47.0177  1.03639
 1.06131  -47.009  1.03654
 1.06146 -47.0004  1.03669
 1.06161 -46.9918  1.03684
 1.06176 -46.9832  1.03684
 1.06191 -46.9745  1.03699
 1.06206 -46.9659  1.03714
 1.06221 -46.9573  1.03729
 1.06236 -46.9487  1.03744
 1.06251 -46.9401  1.03759
 1.06266 -46.9315  1.03774
 1.06281 -46.9229  1.03789
 1.06296 -46.9143  1.03804
 1.06311 -46.9057  1.03819
 1.06326 -46.8971  1.03834
 1.06341 -46.8885  1.03849
 1.06356 -46.8799  1.03864
 1.06371 -46.8713  1.03879
 1.06386 -46.8627  1.03894
 1.06401 -46.8541  1.03894
 1.06416 -46.8456  1.03909
 1.06431  -46.837  1.03924
 1.06446 -46.8284  1.03939
 1.06461 -46.8198  1.03954
 1.06476 -46.8113  1.03969
 1.06491 -46.8027  1.03984
 1.06506 -46.7941  1.03999
 1.06521 -46.7856  1.04015
 1.06536  -46.777   1.0403
 1.06551 -46.7684  1.04045
 1.06566 -46.7599   1.0406
 1.06581 -46.7513  1.04075
 1.06596 -46.7428   1.0409
 1.06611 -46.7342  1.04105
 1.06626 -46.7257   1.0412
 1.06641 -46.7171   1.0412
 1.06656 -46.7086  1.04135
 1.06671 -46.7001   1.0415
 1.06686 -46.6915  1.04165
 1.06701  -46.683   1.0418
 1.06716 -46.6744  1.04195
 1.06731 -46.6659   1.0421
 1.06746 -46.6574  1.04225
 1.06761 -46.6489   1.0424
 1.06776 -46.6403  1.04255
 1.06791 -46.6318   1.0427
 1.06806 -46.6233  1.04285
 1.06821 -46.6148    1.043
 1.06836 -46.6063  1.04315
 1.06851 -46.5978   1.0433
 1.06866 -46.5893   1.0433
 1.06881 -46.5807  1.04345
 1.06896 -46.5722   1.0436
 1.06911 -46.5637  1.04375
 1.06926 -46.5552   1.0439
 1.06941 -46.5467  1.04405
 1.06956 -46.5382   1.0442
 1.06971 -46.5298  1.04435
 1.06986 -46.5213   1.0445
 1.07001 -46.5128  1.04465
 1.07016 -46.5043   1.0448
 1.07031 -46.4958  1.04495
 1.07046 -46.4873   1.0451
 1.07061 -46.4789  1.04525
 1.07076 -46.4704   1.0454
 1.07091 -46.4619  1.04555
 1.07106 -46.4534  1.04555
 1.07121  -46.445   1.0457
 1.07136 -46.4365  1.04585
 1.07151  -46.428    1.046
 1.07166 -46.4196  1.04615
 1.07181 -46.4111   1.0463
 1.07196 -46.4027  1.04645
 1.07211 -46.3942   1.0466
 1.07226 -46.3858  1.04675
 1.07241 -46.3773   1.0469
 1.07256 -46.3689  1.04705
 1.07271 -46.3604   1.0472
 1.07286  -46.352  1.04735
 1.07301 -46.3435   1.0475
 1.07316 -46.3351  1.04765
 1.07331 -46.3267  1.04765
 1.07346 -46.3182   1.0478
 1.07361 -46.3098  1.04795
 1.07376 -46.3014   1.0481
 1.07391 -46.2929  1.04825
 1.07406 -46.2845   1.0484
 1.07421 -46.2761  1.04855
 1.07436 -46.2677   1.0487
 1.07451 -46.2593  1.04885
 1.07466 -46.2509    1.049
 1.07481 -46.2424  1.04915
 1.07496  -46.234   1.0493
 1.07511 -46.2256  1.04945
 1.07526 -46.2172   1.0496
 1.07541 -46.2088  1.04975
 1.07556 -46.2004   1.0499
 1.07571  -46.192   1.0499
 1.07586 -46.1836  1.05005
 1.07601 -46.1752   1.0502
 1.07616 -46.1668  1.05035
 1.07631 -46.1585   1.0505
 1.07646 -46.1501  1.05065
 1.07661 -46.1417   1.0508
 1.07676 -46.1333  1.05095
 1.07691 -46.1249   1.0511
 1.07706 -46.1166  1.05125
 1.07721 -46.1082   1.0514
 1.07736 -46.0998  1.05155
 1.07751 -46.0914   1.0517
 1.07766 -46.0831  1.05185
 1.07781 -46.0747    1.052
 1.07796 -46.0664    1.052
 1.07811  -46.058  1.05215
 1.07826 -46.0496   1.0523
 1.07841 -46.0413  1.05245
 1.07856 -46.0329   1.0526
 1.07871 -46.0246  1.05275
 1.07886 -46.0162   1.0529
 1.07901 -46.0079  1.05305
 1.07916 -45.9995   1.0532
 1.07931 -45.9912  1.05335
 1.07946 -45.9829   1.0535
 1.07961 -45.9745  1.05365
 1.07976 -45.9662   1.0538
 1.07991 -45.9579  1.05395
 1.08007 -45.9495   1.0541
 1.08022 -45.9412   1.0541
 1.08037 -45.9329  1.05425
 1.08052 -45.9246   1.0544
 1.08067 -45.9162  1.05455
 1.08082 -45.9079   1.0547
 1.08097 -45.8996  1.05485
 1.08112 -45.8913    1.055
 1.08127  -45.883  1.05515
 1.08142 -45.8747   1.0553
 1.08157 -45.8664  1.05545
 1.08172 -45.8581   1.0556
 1.08187 -45.8498  1.05575
 1.08202 -45.8415   1.0559
 1.08217 -45.8332  1.05605
 1.08232 -45.8249   1.0562
 1.08247 -45.8166  1.05635
 1.08262 -45.8083  1.05635
 1.08277    -45.8   1.0565
 1.08292 -45.7917  1.05665
 1.08307 -45.7834   1.0568
 1.08322 -45.7752  1.05695
 1.08337 -45.7669   1.0571
 1.08352 -45.7586  1.05725
 1.08367 -45.7503   1.0574
 1.08382 -45.7421  1.05755
 1.08397 -45.7338   1.0577
 1.08412 -45.7255  1.05785
 1.08427 -45.7173    1.058
 1.08442  -45.709  1.05815
 1.08457 -45.7007   1.0583
 1.08472 -45.6925  1.05845
 1.08487 -45.6842  1.05845
 1.08502  -45.676   1.0586
 1.08517 -45.6677  1.05875
 1.08532 -45.6595   1.0589
 1.08547 -45.6512  1.05905
 1.08562  -45.643   1.0592
 1.08577 -45.6347  1.05935
 1.08592 -45.6265   1.0595
 1.08607 -45.6183  1.05965
 1.08622   -45.61   1.0598
 1.08637 -45.6018  1.05995
 1.08652 -45.5936  1.06011
 1.08667 -45.5853  1.06026
 1.08682 -45.5771  1.06041
 1.08697 -45.5689  1.06056
 1.08712 -45.5607  1.06071
 1.08727 -45.5525  1.06071
 1.08742 -45.5442  1.06086
 1.08757  -45.536  1.06101
 1.08772 -45.5278  1.06116
 1.08787 -45.5196  1.06131
 1.08802 -45.5114  1.06146
 1.08817 -45.5032  1.06161
 1.08832  -45.495  1.06176
 1.08847 -45.4868  1.06191
 1.08862 -45.4786  1.06206
 1.08877 -45.4704  1.06221
 1.08892 -45.4622  1.06236
 1.08907  -45.454  1.06251
 1.08922 -45.4458  1.06266
 1.08937 -45.4376  1.06281
 1.08952 -45.4295  1.06281
 1.08967 -45.4213  1.06296
 1.08982 -45.4131  1.06311
 1.08997 -45.4049  1.06326
 1.09012 -45.3967  1.06341
 1.09027 -45.3886  1.06356
 1.09042 -45.3804  1.06371
 1.09057 -45.3722  1.06386
 1.09072 -45.3641  1.06401
 1.09087 -45.3559  1.06416
 1.09102 -45.3477  1.06431
 1.09117 -45.3396  1.06446
 1.09132 -45.3314  1.06461
 1.09147 -45.3233  1.06476
 1.09162 -45.3151  1.06491
 1.09177  -45.307  1.06491
 1.09192 -45.2988  1.06506
 1.09207 -45.2907  1.06521
 1.09222 -45.2825  1.06536
 1.09237 -45.2744  1.06551
 1.09252 -45.2663  1.06566
 1.09267 -45.2581  1.06581
 1.09282   -45.25  1.06596
 1.09297 -45.2419  1.06611
 1.09312 -45.2337  1.06626
 1.09327 -45.2256  1.06641
 1.09342 -45.2175  1.06656
 1.09357 -45.2094  1.06671
 1.09372 -45.2012  1.06686
 1.09387 -45.1931  1.06701
 1.09402  -45.185  1.06701
 1.09417 -45.1769  1.06716
 1.09432 -45.1688  1.06731
 1.09447 -45.1607  1.06746
 1.09462 -45.1526  1.06761
 1.09477 -45.1445  1.06776
 1.09492 -45.1364  1.06791
 1.09507 -45.1283  1.06806
 1.09522 -45.1202  1.06821
 1.09537 -45.1121  1.06836
 1.09552  -45.104  1.06851
 1.09567 -45.0959  1.06866
 1.09582 -45.0878  1.06881
 1.09597 -45.0797  1.06896
 1.09612 -45.0716  1.06911
 1.09627 -45.0635  1.06911
 1.09642 -45.0555  1.06926
 1.09657 -45.0474  1.06941
 1.09672 -45.0393  1.06956
 1.09687 -45.0312  1.06971
 1.09702 -45.0232  1.06986
 1.09717 -45.0151  1.07001
 1.09732  -45.007  1.07016
 1.09747  -44.999  1.07031
 1.09762 -44.9909  1.07046
 1.09777 -44.9828  1.07061
 1.09792 -44.9748  1.07076
 1.09807 -44.9667  1.07091
 1.09822 -44.9587  1.07106
 1.09837 -44.9506  1.07121
 1.09852 -44.9426  1.07121
 1.09867 -44.9345  1.07136
 1.09882 -44.9265  1.07151
 1.09897 -44.9184  1.07166
 1.09912 -44.9104  1.07181
 1.09927 -44.9024  1.07196
 1.09942 -44.8943  1.07211
 1.09957 -44.8863  1.07226
 1.09972 -44.8783  1.07241
 1.09987 -44.8702  1.07256
 1.10003 -44.8622  1.07271
 1.10018 -44.8542  1.07286
 1.10033 -44.8462  1.07301
 1.10048 -44.8382  1.07316
 1.10063 -44.8301  1.07331
 1.10078 -44.8221  1.07331
 1.10093 -44.8141  1.07346
 1.10108 -44.8061  1.07361
 1.10123 -44.7981  1.07376
 1.10138 -44.7901  1.07391
 1.10153 -44.7821  1.07406
 1.10168 -44.7741  1.07421
 1.10183 -44.7661  1.07436
 1.10198 -44.7581  1.07451
 1.10213 -44.7501  1.07466
 1.10228 -44.7421  1.07481
 1.10243 -44.7341  1.07496
 1.10258 -44.7261  1.07511
 1.10273 -44.7182  1.07526
 1.10288 -44.7102  1.07526
 1.10303 -44.7022  1.07541
 1.10318 -44.6942  1.07556
 1.10333 -44.6862  1.07571
 1.10348 -44.6783  1.07586
 1.10363 -44.6703  1.07601
 1.10378 -44.6623  1.07616
 1.10393 -44.6544  1.07631
 1.10408 -44.6464  1.07646
 1.10423 -44.6384  1.07661
 1.10438 -44.6305  1.07676
 1.10453 -44.6225  1.07691
 1.10468 -44.6146  1.07706
 1.10483 -44.6066  1.07721
 1.10498 -44.5986  1.07736
 1.10513 -44.5907  1.07736
 1.10528 -44.5828  1.07751
 1.10543 -44.5748  1.07766
 1.10558 -44.5669  1.07781
 1.10573 -44.5589  1.07796
 1.10588  -44.551  1.07811
 1.10603  -44.543  1.07826
 1.10618 -44.5351  1.07841
 1.10633 -44.5272  1.07856
 1.10648 -44.5193  1.07871
 1.10663 -44.5113  1.07886
 1.10678 -44.5034  1.07901
 1.10693 -44.4955  1.07916
 1.10708 -44.4876  1.07931
 1.10723 -44.4796  1.07946
 1.10738 -44.4717  1.07946
 1.10753 -44.4638  1.07961
 1.10768 -44.4559  1.07976
 1.10783  -44.448  1.07991
 1.10798 -44.4401  1.08007
 1.10813 -44.4322  1.08022
 1.10828 -44.4243  1.08037
 1.10843 -44.4164  1.08052
 1.10858 -44.4085  1.08067
 1.10873 -44.4006  1.08082
 1.10888 -44.3927  1.08097
 1.10903 -44.3848  1.08112
 1.10918 -44.3769  1.08127
 1.10933  -44.369  1.08142
 1.10948 -44.3611  1.08142
 1.10963 -44.3533  1.08157
 1.10978 -44.3454  1.08172
 1.10993 -44.3375  1.08187
 1.11008 -44.3296  1.08202
 1.11023 -44.3217  1.08217
 1.11038 -44.3139  1.08232
 1.11053  -44.306  1.08247
 1.11068 -44.2981  1.08262
 1.11083 -44.2903  1.08277
 1.11098 -44.2824  1.08292
 1.11113 -44.2745  1.08307
 1.11128 -44.2667  1.08322
 1.11143 -44.2588  1.08337
 1.11158  -44.251  1.08352
 1.11173 -44.2431  1.08352
 1.11188 -44.2353  1.08367
 1.11203 -44.2274  1.08382
 1.11218 -44.2196  1.08397
 1.11233 -44.2117  1.08412
 1.11248 -44.2039  1.08427
 1.11263 -44.1961  1.08442
 1.11278 -44.1882  1.08457
 1.11293 -44.1804  1.08472
 1.11308 -44.1726  1.08487
 1.11323 -44.1647  1.08502
 1.11338 -44.1569  1.08517
 1.11353 -44.1491  1.08532
 1.11368 -44.1413  1.08547
 1.11383 -44.1334  1.08547
 1.11398 -44.1256  1.08562
 1.11413 -44.1178  1.08577
 1.11428   -44.11  1.08592
 1.11443 -44.1022  1.08607
 1.11458 -44.0944  1.08622
 1.11473 -44.0865  1.08637
 1.11488 -44.0787  1.08652
 1.11503 -44.0709  1.08667
 1.11518 -44.0631  1.08682
 1.11533 -44.0553  1.08697
 1.11548 -44.0475  1.08712
 1.11563 -44.0397  1.08727
 1.11578  -44.032  1.08742
 1.11593 -44.0242  1.08757
 1.11608 -44.0164  1.08757
 1.11623 -44.0086  1.08772
 1.11638 -44.0008  1.08787
 1.11653  -43.993  1.08802
 1.11668 -43.9852  1.08817
 1.11683 -43.9775  1.08832
 1.11698 -43.9697  1.08847
 1.11713 -43.9619  1.08862
 1.11728 -43.9541  1.08877
 1.11743 -43.9464  1.08892
 1.11758 -43.9386  1.08907
 1.11773 -43.9308  1.08922
 1.11788 -43.9231  1.08937
 1.11803 -43.9153  1.08937
 1.11818 -43.9076  1.08952
 1.11833 -43.8998  1.08967
 1.11848 -43.8921  1.08982
 1.11863 -43.8843  1.08997
 1.11878 -43.8766  1.09012
 1.11893 -43.8688  1.09027
 1.11908 -43.8611  1.09042
 1.11923 -43.8533  1.09057
 1.11938 -43.8456  1.09072
 1.11953 -43.8378  1.09087
 1.11968 -43.8301  1.09102
 1.11983 -43.8224  1.09117
 1.11998 -43.8146  1.09132
 1.12014 -43.8069  1.09132
 1.12029 -43.7992  1.09147
 1.12044 -43.7915  1.09162
 1.12059 -43.7837  1.09177
 1.12074  -43.776  1.09192
 1.12089 -43.7683  1.09207
 1.12104 -43.7606  1.09222
 1.12119 -43.7529  1.09237
 1.12134 -43.7452  1.09252
 1.12149 -43.7375  1.09267
 1.12164 -43.7297  1.09282
 1.12179  -43.722  1.09297
 1.12194 -43.7143  1.09312
 1.12209 -43.7066  1.09327
 1.12224 -43.6989  1.09327
 1.12239 -43.6912  1.09342
 1.12254 -43.6835  1.09357
 1.12269 -43.6759  1.09372
 1.12284 -43.6682  1.09387
 1.12299 -43.6605  1.09402
 1.12314 -43.6528  1.09417
 1.12329 -43.6451  1.09432
 1.12344 -43.6374  1.09447
 1.12359 -43.6298  1.09462
 1.12374 -43.6221  1.09477
 1.12389 -43.6144  1.09492
 1.12404 -43.6067  1.09507
 1.12419 -43.5991  1.09507
 1.12434 -43.5914  1.09522
 1.12449 -43.5837  1.09537
 1.12464 -43.5761  1.09552
 1.12479 -43.5684  1.09567
 1.12494 -43.5607  1.09582
 1.12509 -43.5531  1.09597
 1.12524 -43.5454  1.09612
 1.12539 -43.5378  1.09627
 1.12554 -43.5301  1.09642
 1.12569 -43.5225  1.09657
 1.12584 -43.5148  1.09672
 1.12599 -43.5072  1.09687
 1.12614 -43.4996  1.09687
 1.12629 -43.4919  1.09702
 1.12644 -43.4843  1.09717
 1.12659 -43.4766  1.09732
 1.12674  -43.469  1.09747
 1.12689 -43.4614  1.09762
 1.12704 -43.4538  1.09777
 1.12719 -43.4461  1.09792
 1.12734 -43.4385  1.09807
 1.12749 -43.4309  1.09822
 1.12764 -43.4233  1.09837
 1.12779 -43.4156  1.09852
 1.12794  -43.408  1.09867
 1.12809 -43.4004  1.09867
 1.12824 -43.3928  1.09882
 1.12839 -43.3852  1.09897
 1.12854 -43.3776  1.09912
 1.12869   -43.37  1.09927
 1.12884 -43.3624  1.09942
 1.12899 -43.3548  1.09957
 1.12914 -43.3472  1.09972
 1.12929 -43.3396  1.09987
 1.12944  -43.332  1.10003
 1.12959 -43.3244  1.10018
 1.12974 -43.3168  1.10018
 1.12989 -43.3093  1.10033
 1.13004 -43.3017  1.10048
 1.13019 -43.2941  1.10063
 1.13034 -43.2865  1.10078
 1.13049 -43.2789  1.10093
 1.13064 -43.2714  1.10108
 1.13079 -43.2638  1.10123
 1.13094 -43.2562  1.10138
 1.13109 -43.2487  1.10153
 1.13124 -43.2411  1.10168
 1.13139 -43.2335  1.10183
 1.13154  -43.226  1.10183
 1.13169 -43.2184  1.10198
 1.13184 -43.2109  1.10213
 1.13199 -43.2033  1.10228
 1.13214 -43.1958  1.10243
 1.13229 -43.1882  1.10258
 1.13244 -43.1807  1.10273
 1.13259 -43.1731  1.10288
 1.13274 -43.1656  1.10303
 1.13289 -43.1581  1.10318
 1.13304 -43.1505  1.10333
 1.13319  -43.143  1.10333
 1.13334 -43.1355  1.10348
 1.13349 -43.1279  1.10363
 1.13364 -43.1204  1.10378
 1.13379 -43.1129  1.10393
 1.13394 -43.1054  1.10408
 1.13409 -43.0978  1.10423
 1.13424 -43.0903  1.10438
 1.13439 -43.0828  1.10453
 1.13454 -43.0753  1.10468
 1.13469 -43.0678  1.10483
 1.13484 -43.0603  1.10483
 1.13499 -43.0528  1.10498
 1.13514 -43.0453  1.10513
 1.13529 -43.0378  1.10528
 1.13544 -43.0303  1.10543
 1.13559 -43.0228  1.10558
 1.13574 -43.0153  1.10573
 1.13589 -43.0078  1.10588
 1.13604 -43.0003  1.10603
 1.13619 -42.9928  1.10618
 1.13634 -42.9853  1.10633
 1.13649 -42.9778  1.10648
 1.13664 -42.9704  1.10648
 1.13679 -42.9629  1.10663
 1.13694 -42.9554  1.10678
 1.13709 -42.9479  1.10693
 1.13724 -42.9405  1.10708
 1.13739  -42.933  1.10723
 1.13754 -42.9255  1.10738
 1.13769 -42.9181  1.10753
 1.13784 -42.9106  1.10768
 1.13799 -42.9031  1.10783
 1.13814 -42.8957  1.10798
 1.13829 -42.8882  1.10798
 1.13844 -42.8808  1.10813
 1.13859 -42.8733  1.10828
 1.13874 -42.8659  1.10843
 1.13889 -42.8584  1.10858
 1.13904  -42.851  1.10873
 1.13919 -42.8435  1.10888
 1.13934 -42.8361  1.10903
 1.13949 -42.8287  1.10918
 1.13964 -42.8212  1.10933
 1.13979 -42.8138  1.10948
 1.13994 -42.8064  1.10948
  1.1401 -42.7989  1.10963
 1.14025 -42.7915  1.10978
  1.1404 -42.7841  1.10993
 1.14055 -42.7767  1.11008
  1.1407 -42.7692  1.11023
 1.14085 -42.7618  1.11038
   1.141 -42.7544  1.11053
 1.14115  -42.747  1.11068
  1.1413 -42.7396  1.11083
 1.14145 -42.7322  1.11098
  1.1416 -42.7248  1.11098
 1.14175 -42.7174  1.11113
  1.1419   -42.71  1.11128
 1.14205 -42.7026  1.11143
  1.1422 -42.6952  1.11158
 1.14235 -42.6878  1.11173
  1.1425 -42.6804  1.11188
 1.14265  -42.673  1.11203
  1.1428 -42.6656  1.11218
 1.14295 -42.6582  1.11233
  1.1431 -42.6509  1.11248
 1.14325 -42.6435  1.11248
  1.1434 -42.6361  1.11263
 1.14355 -42.6287  1.11278
  1.1437 -42.6214  1.11293
 1.14385  -42.614  1.11308
   1.144 -42.6066  1.11323
 1.14415 -42.5992  1.11338
  1.1443 -42.5919  1.11353
 1.14445 -42.5845  1.11368
  1.1446 -42.5772  1.11383
 1.14475 -42.5698  1.11398
  1.1449 -42.5625  1.11398
 1.14505 -42.5551  1.11413
  1.1452 -42.5477  1.11428
 1.14535 -42.5404  1.11443
  1.1455 -42.5331  1.11458
 1.14565 -42.5257  1.11473
  1.1458 -42.5184  1.11488
 1.14595  -42.511  1.11503
  1.1461 -42.5037  1.11518
 1.14625 -42.4964  1.11533
  1.1464  -42.489  1.11533
 1.14655 -42.4817  1.11548
  1.1467 -42.4744  1.11563
 1.14685  -42.467  1.11578
   1.147 -42.4597  1.11593
 1.14715 -42.4524  1.11608
  1.1473 -42.4451  1.11623
 1.14745 -42.4378  1.11638
  1.1476 -42.4305  1.11653
 1.14775 -42.4231  1.11668
  1.1479 -42.4158  1.11683
 1.14805 -42.4085  1.11683
  1.1482 -42.4012  1.11698
 1.14835 -42.3939  1.11713
  1.1485 -42.3866  1.11728
 1.14865 -42.3793  1.11743
  1.1488  -42.372  1.11758
 1.14895 -42.3647  1.11773
  1.1491 -42.3574  1.11788
 1.14925 -42.3502  1.11803
  1.1494 -42.3429  1.11818
 1.14955 -42.3356  1.11833
  1.1497 -42.3283  1.11833
 1.14985  -42.321  1.11848
    1.15 -42.3138  1.11863