 kgrid  ValNew  Policy 
    0.85 -57.3937 0.893972
 0.85015 -57.3815 0.894122
  0.8503 -57.3692 0.894272
 0.85045  -57.357 0.894422
  0.8506 -57.3447 0.894572
 0.85075 -57.3325 0.894722
  0.8509 -57.3203 0.894872
0.851051 -57.3081 0.894872
0.851201 -57.2959 0.895023
0.851351 -57.2836 0.895173
0.851501 -57.2714 0.895323
0.851651 -57.2592 0.895473
0.851801  -57.247 0.895623
0.851951 -57.2349 0.895773
0.852101 -57.2227 0.895923
0.852251 -57.2105 0.896073
0.852401 -57.1983 0.896223
0.852551 -57.1862 0.896223
0.852701  -57.174 0.896373
0.852851 -57.1618 0.896523
0.853002 -57.1497 0.896673
0.853152 -57.1375 0.896823
0.853302 -57.1254 0.896973
0.853452 -57.1132 0.897124
0.853602 -57.1011 0.897274
0.853752  -57.089 0.897424
0.853902 -57.0769 0.897574
0.854052 -57.0647 0.897724
0.854202 -57.0526 0.897724
0.854352 -57.0405 0.897874
0.854502 -57.0284 0.898024
0.854652 -57.0163 0.898174
0.854802 -57.0042 0.898324
0.854952 -56.9921 0.898474
0.855103 -56.9801 0.898624
0.855253  -56.968 0.898774
0.855403 -56.9559 0.898924
0.855553 -56.9439 0.899075
0.855703 -56.9318 0.899225
0.855853 -56.9197 0.899225
0.856003 -56.9077 0.899375
0.856153 -56.8956 0.899525
0.856303 -56.8836 0.899675
0.856453 -56.8716 0.899825
0.856603 -56.8595 0.899975
0.856753 -56.8475 0.900125
0.856903 -56.8355 0.900275
0.857054 -56.8235 0.900425
0.857204 -56.8115 0.900575
0.857354 -56.7995 0.900725
0.857504 -56.7874 0.900725
0.857654 -56.7755 0.900875
0.857804 -56.7635 0.901026
0.857954 -56.7515 0.901176
0.858104 -56.7395 0.901326
0.858254 -56.7275 0.901476
0.858404 -56.7155 0.901626
0.858554 -56.7036 0.901776
0.858704 -56.6916 0.901926
0.858854 -56.6796 0.902076
0.859005 -56.6677 0.902226
0.859155 -56.6557 0.902376
0.859305 -56.6438 0.902526
0.859455 -56.6319 0.902526
0.859605 -56.6199 0.902676
0.859755  -56.608 0.902826
0.859905 -56.5961 0.902976
0.860055 -56.5841 0.903127
0.860205 -56.5722 0.903277
0.860355 -56.5603 0.903427
0.860505 -56.5484 0.903577
0.860655 -56.5365 0.903727
0.860805 -56.5246 0.903877
0.860955 -56.5127 0.904027
0.861106 -56.5008 0.904177
0.861256 -56.4889 0.904327
0.861406 -56.4771 0.904327
0.861556 -56.4652 0.904477
0.861706 -56.4533 0.904627
0.861856 -56.4414 0.904777
0.862006 -56.4296 0.904927
0.862156 -56.4177 0.905078
0.862306 -56.4059 0.905228
0.862456  -56.394 0.905378
0.862606 -56.3822 0.905528
0.862756 -56.3703 0.905678
0.862906 -56.3585 0.905828
0.863057 -56.3467 0.905978
0.863207 -56.3349 0.906128
0.863357  -56.323 0.906128
0.863507 -56.3112 0.906278
0.863657 -56.2994 0.906428
0.863807 -56.2876 0.906578
0.863957 -56.2758 0.906728
0.864107  -56.264 0.906878
0.864257 -56.2522 0.907029
0.864407 -56.2404 0.907179
0.864557 -56.2286 0.907329
0.864707 -56.2168 0.907479
0.864857 -56.2051 0.907629
0.865008 -56.1933 0.907779
0.865158 -56.1815 0.907929
0.865308 -56.1698 0.908079
0.865458  -56.158 0.908079
0.865608 -56.1463 0.908229
0.865758 -56.1345 0.908379
0.865908 -56.1228 0.908529
0.866058  -56.111 0.908679
0.866208 -56.0993 0.908829
0.866358 -56.0876 0.908979
0.866508 -56.0758  0.90913
0.866658 -56.0641  0.90928
0.866808 -56.0524  0.90943
0.866958 -56.0407  0.90958
0.867109  -56.029  0.90973
0.867259 -56.0173  0.90988
0.867409 -56.0056  0.91003
0.867559 -55.9939  0.91003
0.867709 -55.9822  0.91018
0.867859 -55.9705  0.91033
0.868009 -55.9588  0.91048
0.868159 -55.9471  0.91063
0.868309 -55.9355  0.91078
0.868459 -55.9238  0.91093
0.868609 -55.9121 0.911081
0.868759 -55.9005 0.911231
0.868909 -55.8888 0.911381
 0.86906 -55.8772 0.911531
 0.86921 -55.8655 0.911681
 0.86936 -55.8539 0.911831
 0.86951 -55.8422 0.911981
 0.86966 -55.8306 0.911981
 0.86981  -55.819 0.912131
 0.86996 -55.8073 0.912281
 0.87011 -55.7957 0.912431
 0.87026 -55.7841 0.912581
 0.87041 -55.7725 0.912731
 0.87056 -55.7609 0.912881
 0.87071 -55.7493 0.913032
 0.87086 -55.7377 0.913182
0.871011 -55.7261 0.913332
0.871161 -55.7145 0.913482
0.871311 -55.7029 0.913632
0.871461 -55.6913 0.913782
0.871611 -55.6798 0.913932
0.871761 -55.6682 0.914082
0.871911 -55.6566 0.914082
0.872061 -55.6451 0.914232
0.872211 -55.6335 0.914382
0.872361 -55.6219 0.914532
0.872511 -55.6104 0.914682
0.872661 -55.5988 0.914832
0.872811 -55.5873 0.914982
0.872961 -55.5758 0.915133
0.873112 -55.5642 0.915283
0.873262 -55.5527 0.915433
0.873412 -55.5412 0.915583
0.873562 -55.5296 0.915733
0.873712 -55.5181 0.915883
0.873862 -55.5066 0.916033
0.874012 -55.4951 0.916183
0.874162 -55.4836 0.916183
0.874312 -55.4721 0.916333
0.874462 -55.4606 0.916483
0.874612 -55.4491 0.916633
0.874762 -55.4376 0.916783
0.874912 -55.4261 0.916933
0.875063 -55.4146 0.917084
0.875213 -55.4032 0.917234
0.875363 -55.3917 0.917384
0.875513 -55.3802 0.917534
0.875663 -55.3688 0.917684
0.875813 -55.3573 0.917834
0.875963 -55.3459 0.917984
0.876113 -55.3344 0.918134
0.876263  -55.323 0.918284
0.876413 -55.3115 0.918434
0.876563 -55.3001 0.918434
0.876713 -55.2886 0.918584
0.876863 -55.2772 0.918734
0.877014 -55.2658 0.918884
0.877164 -55.2544 0.919035
0.877314 -55.2429 0.919185
0.877464 -55.2315 0.919335
0.877614 -55.2201 0.919485
0.877764 -55.2087 0.919635
0.877914 -55.1973 0.919785
0.878064 -55.1859 0.919935
0.878214 -55.1745 0.920085
0.878364 -55.1631 0.920235
0.878514 -55.1517 0.920385
0.878664 -55.1404 0.920535
0.878814  -55.129 0.920535
0.878964 -55.1176 0.920685
0.879115 -55.1062 0.920835
0.879265 -55.0949 0.920985
0.879415 -55.0835 0.921136
0.879565 -55.0722 0.921286
0.879715 -55.0608 0.921436
0.879865 -55.0495 0.921586
0.880015 -55.0381 0.921736
0.880165 -55.0268 0.921886
0.880315 -55.0154 0.922036
0.880465 -55.0041 0.922186
0.880615 -54.9928 0.922336
0.880765 -54.9814 0.922486
0.880915 -54.9701 0.922636
0.881066 -54.9588 0.922786
0.881216 -54.9475 0.922786
0.881366 -54.9362 0.922936
0.881516 -54.9249 0.923087
0.881666 -54.9136 0.923237
0.881816 -54.9023 0.923387
0.881966  -54.891 0.923537
0.882116 -54.8797 0.923687
0.882266 -54.8684 0.923837
0.882416 -54.8571 0.923987
0.882566 -54.8459 0.924137
0.882716 -54.8346 0.924287
0.882866 -54.8233 0.924437
0.883017 -54.8121 0.924587
0.883167 -54.8008 0.924737
0.883317 -54.7895 0.924887
0.883467 -54.7783 0.925038
0.883617 -54.7671 0.925038
0.883767 -54.7558 0.925188
0.883917 -54.7446 0.925338
0.884067 -54.7333 0.925488
0.884217 -54.7221 0.925638
0.884367 -54.7109 0.925788
0.884517 -54.6996 0.925938
0.884667 -54.6884 0.926088
0.884817 -54.6772 0.926238
0.884967  -54.666 0.926388
0.885118 -54.6548 0.926538
0.885268 -54.6436 0.926688
0.885418 -54.6324 0.926838
0.885568 -54.6212 0.926988
0.885718   -54.61 0.927139
0.885868 -54.5988 0.927289
0.886018 -54.5876 0.927289
0.886168 -54.5764 0.927439
0.886318 -54.5653 0.927589
0.886468 -54.5541 0.927739
0.886618 -54.5429 0.927889
0.886768 -54.5318 0.928039
0.886918 -54.5206 0.928189
0.887069 -54.5094 0.928339
0.887219 -54.4983 0.928489
0.887369 -54.4871 0.928639
0.887519  -54.476 0.928789
0.887669 -54.4649 0.928939
0.887819 -54.4537  0.92909
0.887969 -54.4426  0.92924
0.888119 -54.4315  0.92939
0.888269 -54.4203  0.92954
0.888419 -54.4092  0.92969
0.888569 -54.3981  0.92969
0.888719  -54.387  0.92984
0.888869 -54.3759  0.92999
 0.88902 -54.3648  0.93014
 0.88917 -54.3537  0.93029
 0.88932 -54.3426  0.93044
 0.88947 -54.3315  0.93059
 0.88962 -54.3204  0.93074
 0.88977 -54.3093  0.93089
 0.88992 -54.2982 0.931041
 0.89007 -54.2871 0.931191
 0.89022 -54.2761 0.931341
 0.89037  -54.265 0.931491
 0.89052 -54.2539 0.931641
 0.89067 -54.2429 0.931791
 0.89082 -54.2318 0.931941
 0.89097 -54.2207 0.931941
0.891121 -54.2097 0.932091
0.891271 -54.1986 0.932241
0.891421 -54.1876 0.932391
0.891571 -54.1766 0.932541
0.891721 -54.1655 0.932691
0.891871 -54.1545 0.932841
0.892021 -54.1435 0.932991
0.892171 -54.1324 0.933142
0.892321 -54.1214 0.933292
0.892471 -54.1104 0.933442
0.892621 -54.0994 0.933592
0.892771 -54.0884 0.933742
0.892921 -54.0774 0.933892
0.893072 -54.0664 0.934042
0.893222 -54.0554 0.934192
0.893372 -54.0444 0.934342
0.893522 -54.0334 0.934342
0.893672 -54.0224 0.934492
0.893822 -54.0114 0.934642
0.893972 -54.0004 0.934792
0.894122 -53.9895 0.934942
0.894272 -53.9785 0.935093
0.894422 -53.9675 0.935243
0.894572 -53.9565 0.935393
0.894722 -53.9456 0.935543
0.894872 -53.9346 0.935693
0.895023 -53.9237 0.935843
0.895173 -53.9127 0.935993
0.895323 -53.9018 0.936143
0.895473 -53.8908 0.936293
0.895623 -53.8799 0.936443
0.895773  -53.869 0.936593
0.895923  -53.858 0.936743
0.896073 -53.8471 0.936893
0.896223 -53.8362 0.936893
0.896373 -53.8253 0.937044
0.896523 -53.8144 0.937194
0.896673 -53.8034 0.937344
0.896823 -53.7925 0.937494
0.896973 -53.7816 0.937644
0.897124 -53.7707 0.937794
0.897274 -53.7598 0.937944
0.897424 -53.7489 0.938094
0.897574  -53.738 0.938244
0.897724 -53.7272 0.938394
0.897874 -53.7163 0.938544
0.898024 -53.7054 0.938694
0.898174 -53.6945 0.938844
0.898324 -53.6836 0.938994
0.898474 -53.6728 0.939145
0.898624 -53.6619 0.939295
0.898774 -53.6511 0.939445
0.898924 -53.6402 0.939445
0.899075 -53.6293 0.939595
0.899225 -53.6185 0.939745
0.899375 -53.6077 0.939895
0.899525 -53.5968 0.940045
0.899675  -53.586 0.940195
0.899825 -53.5751 0.940345
0.899975 -53.5643 0.940495
0.900125 -53.5535 0.940645
0.900275 -53.5427 0.940795
0.900425 -53.5318 0.940945
0.900575  -53.521 0.941096
0.900725 -53.5102 0.941246
0.900875 -53.4994 0.941396
0.901026 -53.4886 0.941546
0.901176 -53.4778 0.941696
0.901326  -53.467 0.941846
0.901476 -53.4562 0.941996
0.901626 -53.4454 0.941996
0.901776 -53.4346 0.942146
0.901926 -53.4238 0.942296
0.902076  -53.413 0.942446
0.902226 -53.4023 0.942596
0.902376 -53.3915 0.942746
0.902526 -53.3807 0.942896
0.902676   -53.37 0.943047
0.902826 -53.3592 0.943197
0.902976 -53.3484 0.943347
0.903127 -53.3377 0.943497
0.903277 -53.3269 0.943647
0.903427 -53.3162 0.943797
0.903577 -53.3054 0.943947
0.903727 -53.2947 0.944097
0.903877  -53.284 0.944247
0.904027 -53.2732 0.944397
0.904177 -53.2625 0.944547
0.904327 -53.2518 0.944697
0.904477  -53.241 0.944697
0.904627 -53.2303 0.944847
0.904777 -53.2196 0.944997
0.904927 -53.2089 0.945148
0.905078 -53.1982 0.945298
0.905228 -53.1875 0.945448
0.905378 -53.1768 0.945598
0.905528 -53.1661 0.945748
0.905678 -53.1554 0.945898
0.905828 -53.1447 0.946048
0.905978  -53.134 0.946198
0.906128 -53.1233 0.946348
0.906278 -53.1126 0.946498
0.906428  -53.102 0.946648
0.906578 -53.0913 0.946798
0.906728 -53.0806 0.946948
0.906878   -53.07 0.947099
0.907029 -53.0593 0.947249
0.907179 -53.0486 0.947249
0.907329  -53.038 0.947399
0.907479 -53.0273 0.947549
0.907629 -53.0167 0.947699
0.907779  -53.006 0.947849
0.907929 -52.9954 0.947999
0.908079 -52.9848 0.948149
0.908229 -52.9741 0.948299
0.908379 -52.9635 0.948449
0.908529 -52.9529 0.948599
0.908679 -52.9422 0.948749
0.908829 -52.9316 0.948899
0.908979  -52.921  0.94905
 0.90913 -52.9104   0.9492
 0.90928 -52.8998  0.94935
 0.90943 -52.8892   0.9495
 0.90958 -52.8786  0.94965
 0.90973  -52.868   0.9498
 0.90988 -52.8574  0.94995
 0.91003 -52.8468  0.94995
 0.91018 -52.8362   0.9501
 0.91033 -52.8256  0.95025
 0.91048  -52.815   0.9504
 0.91063 -52.8045  0.95055
 0.91078 -52.7939   0.9507
 0.91093 -52.7833  0.95085
0.911081 -52.7727 0.951001
0.911231 -52.7622 0.951151
0.911381 -52.7516 0.951301
0.911531 -52.7411 0.951451
0.911681 -52.7305 0.951601
0.911831   -52.72 0.951751
0.911981 -52.7094 0.951901
0.912131 -52.6989 0.952051
0.912281 -52.6883 0.952201
0.912431 -52.6778 0.952351
0.912581 -52.6673 0.952501
0.912731 -52.6567 0.952651
0.912881 -52.6462 0.952651
0.913032 -52.6357 0.952801
0.913182 -52.6252 0.952951
0.913332 -52.6146 0.953102
0.913482 -52.6041 0.953252
0.913632 -52.5936 0.953402
0.913782 -52.5831 0.953552
0.913932 -52.5726 0.953702
0.914082 -52.5621 0.953852
0.914232 -52.5516 0.954002
0.914382 -52.5411 0.954152
0.914532 -52.5306 0.954302
0.914682 -52.5202 0.954452
0.914832 -52.5097 0.954602
0.914982 -52.4992 0.954752
0.915133 -52.4887 0.954902
0.915283 -52.4783 0.955053
0.915433 -52.4678 0.955203
0.915583 -52.4573 0.955353
0.915733 -52.4469 0.955503
0.915883 -52.4364 0.955503
0.916033  -52.426 0.955653
0.916183 -52.4155 0.955803
0.916333 -52.4051 0.955953
0.916483 -52.3946 0.956103
0.916633 -52.3842 0.956253
0.916783 -52.3737 0.956403
0.916933 -52.3633 0.956553
0.917084 -52.3529 0.956703
0.917234 -52.3424 0.956853
0.917384  -52.332 0.957004
0.917534 -52.3216 0.957154
0.917684 -52.3112 0.957304
0.917834 -52.3008 0.957454
0.917984 -52.2904 0.957604
0.918134 -52.2799 0.957754
0.918284 -52.2695 0.957904
0.918434 -52.2591 0.958054
0.918584 -52.2488 0.958204
0.918734 -52.2384 0.958204
0.918884  -52.228 0.958354
0.919035 -52.2176 0.958504
0.919185 -52.2072 0.958654
0.919335 -52.1968 0.958804
0.919485 -52.1864 0.958954
0.919635 -52.1761 0.959105
0.919785 -52.1657 0.959255
0.919935 -52.1553 0.959405
0.920085  -52.145 0.959555
0.920235 -52.1346 0.959705
0.920385 -52.1243 0.959855
0.920535 -52.1139 0.960005
0.920685 -52.1035 0.960155
0.920835 -52.0932 0.960305
0.920985 -52.0829 0.960455
0.921136 -52.0725 0.960605
0.921286 -52.0622 0.960755
0.921436 -52.0519 0.960905
0.921586 -52.0415 0.961056
0.921736 -52.0312 0.961056
0.921886 -52.0209 0.961206
0.922036 -52.0106 0.961356
0.922186 -52.0002 0.961506
0.922336 -51.9899 0.961656
0.922486 -51.9796 0.961806
0.922636 -51.9693 0.961956
0.922786  -51.959 0.962106
0.922936 -51.9487 0.962256
0.923087 -51.9384 0.962406
0.923237 -51.9281 0.962556
0.923387 -51.9178 0.962706
0.923537 -51.9075 0.962856
0.923687 -51.8973 0.963007
0.923837  -51.887 0.963157
0.923987 -51.8767 0.963307
0.924137 -51.8664 0.963457
0.924287 -51.8562 0.963607
0.924437 -51.8459 0.963757
0.924587 -51.8356 0.963907
0.924737 -51.8254 0.963907
0.924887 -51.8151 0.964057
0.925038 -51.8048 0.964207
0.925188 -51.7946 0.964357
0.925338 -51.7844 0.964507
0.925488 -51.7741 0.964657
0.925638 -51.7639 0.964807
0.925788 -51.7536 0.964957
0.925938 -51.7434 0.965108
0.926088 -51.7332 0.965258
0.926238 -51.7229 0.965408
0.926388 -51.7127 0.965558
0.926538 -51.7025 0.965708
0.926688 -51.6923 0.965858
0.926838 -51.6821 0.966008
0.926988 -51.6718 0.966158
0.927139 -51.6616 0.966308
0.927289 -51.6514 0.966458
0.927439 -51.6412 0.966608
0.927589  -51.631 0.966758
0.927739 -51.6208 0.966758
0.927889 -51.6106 0.966908
0.928039 -51.6005 0.967059
0.928189 -51.5903 0.967209
0.928339 -51.5801 0.967359
0.928489 -51.5699 0.967509
0.928639 -51.5597 0.967659
0.928789 -51.5496 0.967809
0.928939 -51.5394 0.967959
 0.92909 -51.5292 0.968109
 0.92924 -51.5191 0.968259
 0.92939 -51.5089 0.968409
 0.92954 -51.4988 0.968559
 0.92969 -51.4886 0.968709
 0.92984 -51.4785 0.968859
 0.92999 -51.4683  0.96901
 0.93014 -51.4582  0.96916
 0.93029  -51.448  0.96931
 0.93044 -51.4379  0.96946
 0.93059 -51.4278  0.96961
 0.93074 -51.4176  0.96961
 0.93089 -51.4075  0.96976
0.931041 -51.3974  0.96991
0.931191 -51.3873  0.97006
0.931341 -51.3771  0.97021
0.931491  -51.367  0.97036
0.931641 -51.3569  0.97051
0.931791 -51.3468  0.97066
0.931941 -51.3367  0.97081
0.932091 -51.3266  0.97096
0.932241 -51.3165 0.971111
0.932391 -51.3064 0.971261
0.932541 -51.2963 0.971411
0.932691 -51.2862 0.971561
0.932841 -51.2761 0.971711
0.932991 -51.2661 0.971861
0.933142  -51.256 0.972011
0.933292 -51.2459 0.972161
0.933442 -51.2358 0.972311
0.933592 -51.2258 0.972461
0.933742 -51.2157 0.972461
0.933892 -51.2056 0.972611
0.934042 -51.1956 0.972761
0.934192 -51.1855 0.972911
0.934342 -51.1755 0.973062
0.934492 -51.1654 0.973212
0.934642 -51.1554 0.973362
0.934792 -51.1453 0.973512
0.934942 -51.1353 0.973662
0.935093 -51.1252 0.973812
0.935243 -51.1152 0.973962
0.935393 -51.1052 0.974112
0.935543 -51.0951 0.974262
0.935693 -51.0851 0.974412
0.935843 -51.0751 0.974562
0.935993 -51.0651 0.974712
0.936143 -51.0551 0.974862
0.936293 -51.0451 0.975013
0.936443  -51.035 0.975163
0.936593  -51.025 0.975313
0.936743  -51.015 0.975463
0.936893  -51.005 0.975463
0.937044  -50.995 0.975613
0.937194  -50.985 0.975763
0.937344 -50.9751 0.975913
0.937494 -50.9651 0.976063
0.937644 -50.9551 0.976213
0.937794 -50.9451 0.976363
0.937944 -50.9351 0.976513
0.938094 -50.9251 0.976663
0.938244 -50.9152 0.976813
0.938394 -50.9052 0.976963
0.938544 -50.8952 0.977114
0.938694 -50.8853 0.977264
0.938844 -50.8753 0.977414
0.938994 -50.8654 0.977564
0.939145 -50.8554 0.977714
0.939295 -50.8455 0.977864
0.939445 -50.8355 0.978014
0.939595 -50.8256 0.978164
0.939745 -50.8156 0.978314
0.939895 -50.8057 0.978314
0.940045 -50.7958 0.978464
0.940195 -50.7858 0.978614
0.940345 -50.7759 0.978764
0.940495  -50.766 0.978914
0.940645 -50.7561 0.979065
0.940795 -50.7461 0.979215
0.940945 -50.7362 0.979365
0.941096 -50.7263 0.979515
0.941246 -50.7164 0.979665
0.941396 -50.7065 0.979815
0.941546 -50.6966 0.979965
0.941696 -50.6867 0.980115
0.941846 -50.6768 0.980265
0.941996 -50.6669 0.980415
0.942146  -50.657 0.980565
0.942296 -50.6471 0.980715
0.942446 -50.6372 0.980865
0.942596 -50.6273 0.981016
0.942746 -50.6175 0.981166
0.942896 -50.6076 0.981316
0.943047 -50.5977 0.981316
0.943197 -50.5879 0.981466
0.943347  -50.578 0.981616
0.943497 -50.5681 0.981766
0.943647 -50.5583 0.981916
0.943797 -50.5484 0.982066
0.943947 -50.5385 0.982216
0.944097 -50.5287 0.982366
0.944247 -50.5188 0.982516
0.944397  -50.509 0.982666
0.944547 -50.4992 0.982816
0.944697 -50.4893 0.982966
0.944847 -50.4795 0.983117
0.944997 -50.4697 0.983267
0.945148 -50.4598 0.983417
0.945298   -50.45 0.983567
0.945448 -50.4402 0.983717
0.945598 -50.4304 0.983867
0.945748 -50.4205 0.984017
0.945898 -50.4107 0.984167
0.946048 -50.4009 0.984317
0.946198 -50.3911 0.984317
0.946348 -50.3813 0.984467
0.946498 -50.3715 0.984617
0.946648 -50.3617 0.984767
0.946798 -50.3519 0.984917
0.946948 -50.3421 0.985068
0.947099 -50.3323 0.985218
0.947249 -50.3225 0.985368
0.947399 -50.3127 0.985518
0.947549  -50.303 0.985668
0.947699 -50.2932 0.985818
0.947849 -50.2834 0.985968
0.947999 -50.2736 0.986118
0.948149 -50.2639 0.986268
0.948299 -50.2541 0.986418
0.948449 -50.2443 0.986568
0.948599 -50.2346 0.986718
0.948749 -50.2248 0.986868
0.948899 -50.2151 0.987019
 0.94905 -50.2053 0.987169
  0.9492 -50.1956 0.987319
 0.94935 -50.1858 0.987319
  0.9495 -50.1761 0.987469
 0.94965 -50.1663 0.987619
  0.9498 -50.1566 0.987769
 0.94995 -50.1469 0.987919
  0.9501 -50.1371 0.988069
 0.95025 -50.1274 0.988219
  0.9504 -50.1177 0.988369
 0.95055  -50.108 0.988519
  0.9507 -50.0983 0.988669
 0.95085 -50.0885 0.988819
0.951001 -50.0788 0.988969
0.951151 -50.0691  0.98912
0.951301 -50.0594  0.98927
0.951451 -50.0497  0.98942
0.951601   -50.04  0.98957
0.951751 -50.0303  0.98972
0.951901 -50.0206  0.98987
0.952051 -50.0109  0.99002
0.952201 -50.0012  0.99017
0.952351 -49.9916  0.99032
0.952501 -49.9819  0.99032
0.952651 -49.9722  0.99047
0.952801 -49.9625  0.99062
0.952951 -49.9528  0.99077
0.953102 -49.9432  0.99092
0.953252 -49.9335 0.991071
0.953402 -49.9238 0.991221
0.953552 -49.9142 0.991371
0.953702 -49.9045 0.991521
0.953852 -49.8949 0.991671
0.954002 -49.8852 0.991821
0.954152 -49.8756 0.991971
0.954302 -49.8659 0.992121
0.954452 -49.8563 0.992271
0.954602 -49.8466 0.992421
0.954752  -49.837 0.992571
0.954902 -49.8274 0.992721
0.955053 -49.8177 0.992871
0.955203 -49.8081 0.993022
0.955353 -49.7985 0.993172
0.955503 -49.7888 0.993322
0.955653 -49.7792 0.993322
0.955803 -49.7696 0.993472
0.955953   -49.76 0.993622
0.956103 -49.7504 0.993772
0.956253 -49.7408 0.993922
0.956403 -49.7312 0.994072
0.956553 -49.7216 0.994222
0.956703  -49.712 0.994372
0.956853 -49.7024 0.994522
0.957004 -49.6928 0.994672
0.957154 -49.6832 0.994822
0.957304 -49.6736 0.994972
0.957454  -49.664 0.995123
0.957604 -49.6544 0.995273
0.957754 -49.6449 0.995423
0.957904 -49.6353 0.995573
0.958054 -49.6257 0.995723
0.958204 -49.6161 0.995873
0.958354 -49.6066 0.996023
0.958504  -49.597 0.996173
0.958654 -49.5874 0.996323
0.958804 -49.5779 0.996323
0.958954 -49.5683 0.996473
0.959105 -49.5588 0.996623
0.959255 -49.5492 0.996773
0.959405 -49.5397 0.996923
0.959555 -49.5301 0.997074
0.959705 -49.5206 0.997224
0.959855 -49.5111 0.997374
0.960005 -49.5015 0.997524
0.960155  -49.492 0.997674
0.960305 -49.4825 0.997824
0.960455 -49.4729 0.997974
0.960605 -49.4634 0.998124
0.960755 -49.4539 0.998274
0.960905 -49.4444 0.998424
0.961056 -49.4349 0.998574
0.961206 -49.4253 0.998724
0.961356 -49.4158 0.998874
0.961506 -49.4063 0.999025
0.961656 -49.3968 0.999175
0.961806 -49.3873 0.999325
0.961956 -49.3778 0.999325
0.962106 -49.3683 0.999475
0.962256 -49.3588 0.999625
0.962406 -49.3493 0.999775
0.962556 -49.3399 0.999925
0.962706 -49.3304  1.00008
0.962856 -49.3209  1.00023
0.963007 -49.3114  1.00038
0.963157 -49.3019  1.00053
0.963307 -49.2925  1.00068
0.963457  -49.283  1.00083
0.963607 -49.2735  1.00098
0.963757 -49.2641  1.00113
0.963907 -49.2546  1.00128
0.964057 -49.2452  1.00143
0.964207 -49.2357  1.00158
0.964357 -49.2263  1.00173
0.964507 -49.2168  1.00188
0.964657 -49.2074  1.00203
0.964807 -49.1979  1.00218
0.964957 -49.1885  1.00233
0.965108  -49.179  1.00233
0.965258 -49.1696  1.00248
0.965408 -49.1602  1.00263
0.965558 -49.1507  1.00278
0.965708 -49.1413  1.00293
0.965858 -49.1319  1.00308
0.966008 -49.1225  1.00323
0.966158 -49.1131  1.00338
0.966308 -49.1036  1.00353
0.966458 -49.0942  1.00368
0.966608 -49.0848  1.00383
0.966758 -49.0754  1.00398
0.966908  -49.066  1.00413
0.967059 -49.0566  1.00428
0.967209 -49.0472  1.00443
0.967359 -49.0378  1.00458
0.967509 -49.0284  1.00473
0.967659  -49.019  1.00488
0.967809 -49.0096  1.00503
0.967959 -49.0003  1.00518
0.968109 -48.9909  1.00533
0.968259 -48.9815  1.00548
0.968409 -48.9721  1.00548
0.968559 -48.9628  1.00563
0.968709 -48.9534  1.00578
0.968859  -48.944  1.00593
 0.96901 -48.9347  1.00608
 0.96916 -48.9253  1.00623
 0.96931 -48.9159  1.00638
 0.96946 -48.9066  1.00653
 0.96961 -48.8972  1.00668
 0.96976 -48.8879  1.00683
 0.96991 -48.8785  1.00698
 0.97006 -48.8692  1.00713
 0.97021 -48.8598  1.00728
 0.97036 -48.8505  1.00743
 0.97051 -48.8412  1.00758
 0.97066 -48.8318  1.00773
 0.97081 -48.8225  1.00788
 0.97096 -48.8132  1.00803
0.971111 -48.8039  1.00818
0.971261 -48.7945  1.00833
0.971411 -48.7852  1.00848
0.971561 -48.7759  1.00863
0.971711 -48.7666  1.00863
0.971861 -48.7573  1.00878
0.972011  -48.748  1.00893
0.972161 -48.7387  1.00908
0.972311 -48.7294  1.00923
0.972461 -48.7201  1.00938
0.972611 -48.7108  1.00953
0.972761 -48.7015  1.00968
0.972911 -48.6922  1.00983
0.973062 -48.6829  1.00998
0.973212 -48.6736  1.01013
0.973362 -48.6643  1.01028
0.973512  -48.655  1.01043
0.973662 -48.6458  1.01058
0.973812 -48.6365  1.01073
0.973962 -48.6272  1.01088
0.974112  -48.618  1.01103
0.974262 -48.6087  1.01118
0.974412 -48.5994  1.01133
0.974562 -48.5902  1.01148
0.974712 -48.5809  1.01148
0.974862 -48.5717  1.01163
0.975013 -48.5624  1.01178
0.975163 -48.5532  1.01193
0.975313 -48.5439  1.01208
0.975463 -48.5347  1.01223
0.975613 -48.5254  1.01238
0.975763 -48.5162  1.01253
0.975913 -48.5069  1.01268
0.976063 -48.4977  1.01283
0.976213 -48.4885  1.01298
0.976363 -48.4793  1.01313
0.976513   -48.47  1.01328
0.976663 -48.4608  1.01343
0.976813 -48.4516  1.01358
0.976963 -48.4424  1.01373
0.977114 -48.4332  1.01388
0.977264 -48.4239  1.01403
0.977414 -48.4147  1.01418
0.977564 -48.4055  1.01433
0.977714 -48.3963  1.01448
0.977864 -48.3871  1.01463
0.978014 -48.3779  1.01463
0.978164 -48.3687  1.01478
0.978314 -48.3596  1.01493
0.978464 -48.3504  1.01508
0.978614 -48.3412  1.01523
0.978764  -48.332  1.01538
0.978914 -48.3228  1.01553
0.979065 -48.3136  1.01568
0.979215 -48.3045  1.01583
0.979365 -48.2953  1.01598
0.979515 -48.2861  1.01613
0.979665 -48.2769  1.01628
0.979815 -48.2678  1.01643
0.979965 -48.2586  1.01658
0.980115 -48.2495  1.01673
0.980265 -48.2403  1.01688
0.980415 -48.2312  1.01703
0.980565  -48.222  1.01718
0.980715 -48.2129  1.01733
0.980865 -48.2037  1.01748
0.981016 -48.1946  1.01763
0.981166 -48.1854  1.01763
0.981316 -48.1763  1.01778
0.981466 -48.1672  1.01793
0.981616  -48.158  1.01808
0.981766 -48.1489  1.01823
0.981916 -48.1398  1.01838
0.982066 -48.1306  1.01853
0.982216 -48.1215  1.01868
0.982366 -48.1124  1.01883
0.982516 -48.1033  1.01898
0.982666 -48.0942  1.01913
0.982816 -48.0851  1.01928
0.982966  -48.076  1.01943
0.983117 -48.0669  1.01958
0.983267 -48.0578  1.01973
0.983417 -48.0487  1.01988
0.983567 -48.0396  1.02004
0.983717 -48.0305  1.02019
0.983867 -48.0214  1.02034
0.984017 -48.0123  1.02049
0.984167 -48.0032  1.02064
0.984317 -47.9941  1.02079
0.984467  -47.985  1.02079
0.984617  -47.976  1.02094
0.984767 -47.9669  1.02109
0.984917 -47.9578  1.02124
0.985068 -47.9487  1.02139
0.985218 -47.9397  1.02154
0.985368 -47.9306  1.02169
0.985518 -47.9216  1.02184
0.985668 -47.9125  1.02199
0.985818 -47.9034  1.02214
0.985968 -47.8944  1.02229
0.986118 -47.8853  1.02244
0.986268 -47.8763  1.02259
0.986418 -47.8672  1.02274
0.986568 -47.8582  1.02289
0.986718 -47.8492  1.02304
0.986868 -47.8401  1.02319
0.987019 -47.8311  1.02334
0.987169 -47.8221  1.02349
0.987319  -47.813  1.02364
0.987469  -47.804  1.02379
0.987619  -47.795  1.02379
0.987769 -47.7859  1.02394
0.987919 -47.7769  1.02409
0.988069 -47.7679  1.02424
0.988219 -47.7589  1.02439
0.988369 -47.7499  1.02454
0.988519 -47.7409  1.02469
0.988669 -47.7319  1.02484
0.988819 -47.7229  1.02499
0.988969 -47.7139  1.02514
 0.98912 -47.7049  1.02529
 0.98927 -47.6959  1.02544
 0.98942 -47.6869  1.02559
 0.98957 -47.6779  1.02574
 0.98972 -47.6689  1.02589
 0.98987 -47.6599  1.02604
 0.99002 -47.6509  1.02619
 0.99017  -47.642  1.02634
 0.99032  -47.633  1.02649
 0.99047  -47.624  1.02664
 0.99062  -47.615  1.02679
 0.99077 -47.6061  1.02694
 0.99092 -47.5971  1.02694
0.991071 -47.5881  1.02709
0.991221 -47.5792  1.02724
0.991371 -47.5702  1.02739
0.991521 -47.5613  1.02754
0.991671 -47.5523  1.02769
0.991821 -47.5434  1.02784
0.991971 -47.5344  1.02799
0.992121 -47.5255  1.02814
0.992271 -47.5165  1.02829
0.992421 -47.5076  1.02844
0.992571 -47.4987  1.02859
0.992721 -47.4897  1.02874
0.992871 -47.4808  1.02889
0.993022 -47.4719  1.02904
0.993172 -47.4629  1.02919
0.993322  -47.454  1.02934
0.993472 -47.4451  1.02949
0.993622 -47.4362  1.02964
0.993772 -47.4273  1.02979
0.993922 -47.4183  1.02994
0.994072 -47.4094  1.03009
0.994222 -47.4005  1.03009
0.994372 -47.3916  1.03024
0.994522 -47.3827  1.03039
0.994672 -47.3738  1.03054
0.994822 -47.3649  1.03069
0.994972  -47.356  1.03084
0.995123 -47.3471  1.03099
0.995273 -47.3382  1.03114
0.995423 -47.3293  1.03129
0.995573 -47.3205  1.03144
0.995723 -47.3116  1.03159
0.995873 -47.3027  1.03174
0.996023 -47.2938  1.03189
0.996173  -47.285  1.03204
0.996323 -47.2761  1.03219
0.996473 -47.2672  1.03234
0.996623 -47.2583  1.03249
0.996773 -47.2495  1.03264
0.996923 -47.2406  1.03279
0.997074 -47.2318  1.03294
0.997224 -47.2229  1.03309
0.997374 -47.2141  1.03309
0.997524 -47.2052  1.03324
0.997674 -47.1964  1.03339
0.997824 -47.1875  1.03354
0.997974 -47.1787  1.03369
0.998124 -47.1698  1.03384
0.998274  -47.161  1.03399
0.998424 -47.1521  1.03414
0.998574 -47.1433  1.03429
0.998724 -47.1345  1.03444
0.998874 -47.1257  1.03459
0.999025 -47.1168  1.03474
0.999175  -47.108  1.03489
0.999325 -47.0992  1.03504
0.999475 -47.0904  1.03519
0.999625 -47.0816  1.03534
0.999775 -47.0727  1.03549
0.999925 -47.0639  1.03564
 1.00008 -47.0551  1.03579
 1.00023 -47.0463  1.03594
 1.00038 -47.0375  1.03609
 1.00053 -47.0287  1.03624
 1.00068 -47.0199  1.03624
 1.00083 -47.0111  1.03639
 1.00098 -47.0023  1.03654
 1.00113 -46.9935  1.03669
 1.00128 -46.9848  1.03684
 1.00143  -46.976  1.03699
 1.00158 -46.9672  1.03714
 1.00173 -46.9584  1.03729
 1.00188 -46.9496  1.03744
 1.00203 -46.9409  1.03759
 1.00218 -46.9321  1.03774
 1.00233 -46.9233  1.03789
 1.00248 -46.9146  1.03804
 1.00263 -46.9058  1.03819
 1.00278  -46.897  1.03834
 1.00293 -46.8883  1.03849
 1.00308 -46.8795  1.03864
 1.00323 -46.8708  1.03879
 1.00338  -46.862  1.03894
 1.00353 -46.8533  1.03909
 1.00368 -46.8445  1.03924
 1.00383 -46.8358  1.03924
 1.00398  -46.827  1.03939
 1.00413 -46.8183  1.03954
 1.00428 -46.8096  1.03969
 1.00443 -46.8008  1.03984
 1.00458 -46.7921  1.03999
 1.00473 -46.7834  1.04015
 1.00488 -46.7746   1.0403
 1.00503 -46.7659  1.04045
 1.00518 -46.7572   1.0406
 1.00533 -46.7485  1.04075
 1.00548 -46.7398   1.0409
 1.00563 -46.7311  1.04105
 1.00578 -46.7223   1.0412
 1.00593 -46.7136  1.04135
 1.00608 -46.7049   1.0415
 1.00623 -46.6962  1.04165
 1.00638 -46.6875   1.0418
 1.00653 -46.6788  1.04195
 1.00668 -46.6701   1.0421
 1.00683 -46.6614  1.04225
 1.00698 -46.6528   1.0424
 1.00713 -46.6441   1.0424
 1.00728 -46.6354  1.04255
 1.00743 -46.6267   1.0427
 1.00758  -46.618  1.04285
 1.00773 -46.6093    1.043
 1.00788 -46.6007  1.04315
 1.00803  -46.592   1.0433
 1.00818 -46.5833  1.04345
 1.00833 -46.5747   1.0436
 1.00848  -46.566  1.04375
 1.00863 -46.5573   1.0439
 1.00878 -46.5487  1.04405
 1.00893   -46.54   1.0442
 1.00908 -46.5314  1.04435
 1.00923 -46.5227   1.0445
 1.00938 -46.5141  1.04465
 1.00953 -46.5054   1.0448
 1.00968 -46.4968  1.04495
 1.00983 -46.4881   1.0451
 1.00998 -46.4795  1.04525
 1.01013 -46.4708   1.0454
 1.01028 -46.4622   1.0454
 1.01043 -46.4536  1.04555
 1.01058 -46.4449   1.0457
 1.01073 -46.4363  1.04585
 1.01088 -46.4277    1.046
 1.01103 -46.4191  1.04615
 1.01118 -46.4104   1.0463
 1.01133 -46.4018  1.04645
 1.01148 -46.3932   1.0466
 1.01163 -46.3846  1.04675
 1.01178  -46.376   1.0469
 1.01193 -46.3674  1.04705
 1.01208 -46.3588   1.0472
 1.01223 -46.3502  1.04735
 1.01238 -46.3416   1.0475
 1.01253  -46.333  1.04765
 1.01268 -46.3244   1.0478
 1.01283 -46.3158  1.04795
 1.01298 -46.3072   1.0481
 1.01313 -46.2986  1.04825
 1.01328   -46.29   1.0484
 1.01343 -46.2814   1.0484
 1.01358 -46.2729  1.04855
 1.01373 -46.2643   1.0487
 1.01388 -46.2557  1.04885
 1.01403 -46.2471    1.049
 1.01418 -46.2386  1.04915
 1.01433   -46.23   1.0493
 1.01448 -46.2214  1.04945
 1.01463 -46.2129   1.0496
 1.01478 -46.2043  1.04975
 1.01493 -46.1958   1.0499
 1.01508 -46.1872  1.05005
 1.01523 -46.1786   1.0502
 1.01538 -46.1701  1.05035
 1.01553 -46.1615   1.0505
 1.01568  -46.153  1.05065
 1.01583 -46.1445   1.0508
 1.01598 -46.1359  1.05095
 1.01613 -46.1274   1.0511
 1.01628 -46.1188  1.05125
 1.01643 -46.1103   1.0514
 1.01658 -46.1018   1.0514
 1.01673 -46.0933  1.05155
 1.01688 -46.0847   1.0517
 1.01703 -46.0762  1.05185
 1.01718 -46.0677    1.052
 1.01733 -46.0592  1.05215
 1.01748 -46.0506   1.0523
 1.01763 -46.0421  1.05245
 1.01778 -46.0336   1.0526
 1.01793 -46.0251  1.05275
 1.01808 -46.0166   1.0529
 1.01823 -46.0081  1.05305
 1.01838 -45.9996   1.0532
 1.01853 -45.9911  1.05335
 1.01868 -45.9826   1.0535
 1.01883 -45.9741  1.05365
 1.01898 -45.9656   1.0538
 1.01913 -45.9571  1.05395
 1.01928 -45.9486   1.0541
 1.01943 -45.9402  1.05425
 1.01958 -45.9317   1.0544
 1.01973 -45.9232  1.05455
 1.01988 -45.9147  1.05455
 1.02004 -45.9062   1.0547
 1.02019 -45.8978  1.05485
 1.02034 -45.8893    1.055
 1.02049 -45.8808  1.05515
 1.02064 -45.8724   1.0553
 1.02079 -45.8639  1.05545
 1.02094 -45.8554   1.0556
 1.02109  -45.847  1.05575
 1.02124 -45.8385   1.0559
 1.02139 -45.8301  1.05605
 1.02154 -45.8216   1.0562
 1.02169 -45.8132  1.05635
 1.02184 -45.8047   1.0565
 1.02199 -45.7963  1.05665
 1.02214 -45.7879   1.0568
 1.02229 -45.7794  1.05695
 1.02244  -45.771   1.0571
 1.02259 -45.7625  1.05725
 1.02274 -45.7541   1.0574
 1.02289 -45.7457  1.05755
 1.02304 -45.7373  1.05755
 1.02319 -45.7288   1.0577
 1.02334 -45.7204  1.05785
 1.02349  -45.712    1.058
 1.02364 -45.7036  1.05815
 1.02379 -45.6952   1.0583
 1.02394 -45.6868  1.05845
 1.02409 -45.6783   1.0586
 1.02424 -45.6699  1.05875
 1.02439 -45.6615   1.0589
 1.02454 -45.6531  1.05905
 1.02469 -45.6447   1.0592
 1.02484 -45.6363  1.05935
 1.02499 -45.6279   1.0595
 1.02514 -45.6195  1.05965
 1.02529 -45.6112   1.0598
 1.02544 -45.6028  1.05995
 1.02559 -45.5944  1.06011
 1.02574  -45.586  1.06026
 1.02589 -45.5776  1.06041
 1.02604 -45.5692  1.06056
 1.02619 -45.5609  1.06056
 1.02634 -45.5525  1.06071
 1.02649 -45.5441  1.06086
 1.02664 -45.5358  1.06101
 1.02679 -45.5274  1.06116
 1.02694  -45.519  1.06131
 1.02709 -45.5107  1.06146
 1.02724 -45.5023  1.06161
 1.02739 -45.4939  1.06176
 1.02754 -45.4856  1.06191
 1.02769 -45.4772  1.06206
 1.02784 -45.4689  1.06221
 1.02799 -45.4605  1.06236
 1.02814 -45.4522  1.06251
 1.02829 -45.4439  1.06266
 1.02844 -45.4355  1.06281
 1.02859 -45.4272  1.06296
 1.02874 -45.4188  1.06311
 1.02889 -45.4105  1.06326
 1.02904 -45.4022  1.06341
 1.02919 -45.3939  1.06356
 1.02934 -45.3855  1.06356
 1.02949 -45.3772  1.06371
 1.02964 -45.3689  1.06386
 1.02979 -45.3606  1.06401
 1.02994 -45.3523  1.06416
 1.03009 -45.3439  1.06431
 1.03024 -45.3356  1.06446
 1.03039 -45.3273  1.06461
 1.03054  -45.319  1.06476
 1.03069 -45.3107  1.06491
 1.03084 -45.3024  1.06506
 1.03099 -45.2941  1.06521
 1.03114 -45.2858  1.06536
 1.03129 -45.2775  1.06551
 1.03144 -45.2692  1.06566
 1.03159 -45.2609  1.06581
 1.03174 -45.2526  1.06596
 1.03189 -45.2444  1.06611
 1.03204 -45.2361  1.06626
 1.03219 -45.2278  1.06641
 1.03234 -45.2195  1.06656
 1.03249 -45.2112  1.06656
 1.03264  -45.203  1.06671
 1.03279 -45.1947  1.06686
 1.03294 -45.1864  1.06701
 1.03309 -45.1782  1.06716
 1.03324 -45.1699  1.06731
 1.03339 -45.1616  1.06746
 1.03354 -45.1534  1.06761
 1.03369 -45.1451  1.06776
 1.03384 -45.1369  1.06791
 1.03399 -45.1286  1.06806
 1.03414 -45.1204  1.06821
 1.03429 -45.1121  1.06836
 1.03444 -45.1039  1.06851
 1.03459 -45.0956  1.06866
 1.03474 -45.0874  1.06881
 1.03489 -45.0792  1.06896
 1.03504 -45.0709  1.06911
 1.03519 -45.0627  1.06926
 1.03534 -45.0545  1.06941
 1.03549 -45.0462  1.06941
 1.03564  -45.038  1.06956
 1.03579 -45.0298  1.06971
 1.03594 -45.0216  1.06986
 1.03609 -45.0133  1.07001
 1.03624 -45.0051  1.07016
 1.03639 -44.9969  1.07031
 1.03654 -44.9887  1.07046
 1.03669 -44.9805  1.07061
 1.03684 -44.9723  1.07076
 1.03699 -44.9641  1.07091
 1.03714 -44.9559  1.07106
 1.03729 -44.9477  1.07121
 1.03744 -44.9395  1.07136
 1.03759 -44.9313  1.07151
 1.03774 -44.9231  1.07166
 1.03789 -44.9149  1.07181
 1.03804 -44.9067  1.07196
 1.03819 -44.8985  1.07211
 1.03834 -44.8903  1.07226
 1.03849 -44.8822  1.07226
 1.03864  -44.874  1.07241
 1.03879 -44.8658  1.07256
 1.03894 -44.8576  1.07271
 1.03909 -44.8495  1.07286
 1.03924 -44.8413  1.07301
 1.03939 -44.8331  1.07316
 1.03954  -44.825  1.07331
 1.03969 -44.8168  1.07346
 1.03984 -44.8086  1.07361
 1.03999 -44.8005  1.07376
 1.04015 -44.7923  1.07391
  1.0403 -44.7842  1.07406
 1.04045  -44.776  1.07421
  1.0406 -44.7679  1.07436
 1.04075 -44.7597  1.07451
  1.0409 -44.7516  1.07466
 1.04105 -44.7435  1.07481
  1.0412 -44.7353  1.07496
 1.04135 -44.7272  1.07511
  1.0415  -44.719  1.07511
 1.04165 -44.7109  1.07526
  1.0418 -44.7028  1.07541
 1.04195 -44.6947  1.07556
  1.0421 -44.6865  1.07571
 1.04225 -44.6784  1.07586
  1.0424 -44.6703  1.07601
 1.04255 -44.6622  1.07616
  1.0427 -44.6541  1.07631
 1.04285 -44.6459  1.07646
   1.043 -44.6378  1.07661
 1.04315 -44.6297  1.07676
  1.0433 -44.6216  1.07691
 1.04345 -44.6135  1.07706
  1.0436 -44.6054  1.07721
 1.04375 -44.5973  1.07736
  1.0439 -44.5892  1.07751
 1.04405 -44.5811  1.07766
  1.0442  -44.573  1.07781
 1.04435 -44.5649  1.07781
  1.0445 -44.5569  1.07796
 1.04465 -44.5488  1.07811
  1.0448 -44.5407  1.07826
 1.04495 -44.5326  1.07841
  1.0451 -44.5245  1.07856
 1.04525 -44.5165  1.07871
  1.0454 -44.5084  1.07886
 1.04555 -44.5003  1.07901
  1.0457 -44.4922  1.07916
 1.04585 -44.4842  1.07931
   1.046 -44.4761  1.07946
 1.04615  -44.468  1.07961
  1.0463   -44.46  1.07976
 1.04645 -44.4519  1.07991
  1.0466 -44.4439  1.08007
 1.04675 -44.4358  1.08022
  1.0469 -44.4278  1.08037
 1.04705 -44.4197  1.08052
  1.0472 -44.4117  1.08067
 1.04735 -44.4036  1.08067
  1.0475 -44.3956  1.08082
 1.04765 -44.3876  1.08097
  1.0478 -44.3795  1.08112
 1.04795 -44.3715  1.08127
  1.0481 -44.3634  1.08142
 1.04825 -44.3554  1.08157
  1.0484 -44.3474  1.08172
 1.04855 -44.3394  1.08187
  1.0487 -44.3313  1.08202
 1.04885 -44.3233  1.08217
   1.049 -44.3153  1.08232
 1.04915 -44.3073  1.08247
  1.0493 -44.2993  1.08262
 1.04945 -44.2913  1.08277
  1.0496 -44.2833  1.08292
 1.04975 -44.2753  1.08307
  1.0499 -44.2672  1.08322
 1.05005 -44.2592  1.08337
  1.0502 -44.2512  1.08352
 1.05035 -44.2432  1.08352
  1.0505 -44.2353  1.08367
 1.05065 -44.2273  1.08382
  1.0508 -44.2193  1.08397
 1.05095 -44.2113  1.08412
  1.0511 -44.2033  1.08427
 1.05125 -44.1953  1.08442
  1.0514 -44.1873  1.08457
 1.05155 -44.1794  1.08472
  1.0517 -44.1714  1.08487
 1.05185 -44.1634  1.08502
   1.052 -44.1554  1.08517
 1.05215 -44.1475  1.08532
  1.0523 -44.1395  1.08547
 1.05245 -44.1315  1.08562
  1.0526 -44.1236  1.08577
 1.05275 -44.1156  1.08592
  1.0529 -44.1076  1.08607
 1.05305 -44.0997  1.08607
  1.0532 -44.0917  1.08622
 1.05335 -44.0838  1.08637
  1.0535 -44.0758  1.08652
 1.05365 -44.0679  1.08667
  1.0538 -44.0599  1.08682
 1.05395  -44.052  1.08697
  1.0541 -44.0441  1.08712
 1.05425 -44.0361  1.08727
  1.0544 -44.0282  1.08742
 1.05455 -44.0203  1.08757
  1.0547 -44.0123  1.08772
 1.05485 -44.0044  1.08787
   1.055 -43.9965  1.08802
 1.05515 -43.9885  1.08817
  1.0553 -43.9806  1.08832
 1.05545 -43.9727  1.08847
  1.0556 -43.9648  1.08862
 1.05575 -43.9569  1.08877
  1.0559  -43.949  1.08877
 1.05605 -43.9411  1.08892
  1.0562 -43.9331  1.08907
 1.05635 -43.9252  1.08922
  1.0565 -43.9173  1.08937
 1.05665 -43.9094  1.08952
  1.0568 -43.9015  1.08967
 1.05695 -43.8936  1.08982
  1.0571 -43.8857  1.08997
 1.05725 -43.8778  1.09012
  1.0574   -43.87  1.09027
 1.05755 -43.8621  1.09042
  1.0577 -43.8542  1.09057
 1.05785 -43.8463  1.09072
   1.058 -43.8384  1.09087
 1.05815 -43.8305  1.09102
  1.0583 -43.8227  1.09117
 1.05845 -43.8148  1.09132
  1.0586 -43.8069  1.09132
 1.05875 -43.7991  1.09147
  1.0589 -43.7912  1.09162
 1.05905 -43.7833  1.09177
  1.0592 -43.7755  1.09192
 1.05935 -43.7676  1.09207
  1.0595 -43.7597  1.09222
 1.05965 -43.7519  1.09237
  1.0598  -43.744  1.09252
 1.05995 -43.7362  1.09267
 1.06011 -43.7283  1.09282
 1.06026 -43.7205  1.09297
 1.06041 -43.7126  1.09312
 1.06056 -43.7048  1.09327
 1.06071  -43.697  1.09342
 1.06086 -43.6891  1.09357
 1.06101 -43.6813  1.09372
 1.06116 -43.6735  1.09387
 1.06131 -43.6656  1.09387
 1.06146 -43.6578  1.09402
 1.06161   -43.65  1.09417
 1.06176 -43.6422  1.09432
 1.06191 -43.6343  1.09447
 1.06206 -43.6265  1.09462
 1.06221 -43.6187  1.09477
 1.06236 -43.6109  1.09492
 1.06251 -43.6031  1.09507
 1.06266 -43.5953  1.09522
 1.06281 -43.5875  1.09537
 1.06296 -43.5797  1.09552
 1.06311 -43.5719  1.09567
 1.06326 -43.5641  1.09582
 1.06341 -43.5563  1.09597
 1.06356 -43.5485  1.09612
 1.06371 -43.5407  1.09627
 1.06386 -43.5329  1.09627
 1.06401 -43.5251  1.09642
 1.06416 -43.5173  1.09657
 1.06431 -43.5095  1.09672
 1.06446 -43.5017  1.09687
 1.06461  -43.494  1.09702
 1.06476 -43.4862  1.09717
 1.06491 -43.4784  1.09732
 1.06506 -43.4706  1.09747
 1.06521 -43.4629  1.09762
 1.06536 -43.4551  1.09777
 1.06551 -43.4473  1.09792
 1.06566 -43.4396  1.09807
 1.06581 -43.4318  1.09822
 1.06596  -43.424  1.09837
 1.06611 -43.4163  1.09852
 1.06626 -43.4085  1.09852
 1.06641 -43.4008  1.09867
 1.06656  -43.393  1.09882
 1.06671 -43.3853  1.09897
 1.06686 -43.3775  1.09912
 1.06701 -43.3698  1.09927
 1.06716 -43.3621  1.09942
 1.06731 -43.3543  1.09957
 1.06746 -43.3466  1.09972
 1.06761 -43.3389  1.09987
 1.06776 -43.3311  1.10003
 1.06791 -43.3234  1.10018
 1.06806 -43.3157  1.10033
 1.06821  -43.308  1.10048
 1.06836 -43.3002  1.10048
 1.06851 -43.2925  1.10063
 1.06866 -43.2848  1.10078
 1.06881 -43.2771  1.10093
 1.06896 -43.2694  1.10108
 1.06911 -43.2617  1.10123
 1.06926  -43.254  1.10138
 1.06941 -43.2463  1.10153
 1.06956 -43.2386  1.10168
 1.06971 -43.2309  1.10183
 1.06986 -43.2232  1.10198
 1.07001 -43.2155  1.10213
 1.07016 -43.2078  1.10228
 1.07031 -43.2001  1.10243
 1.07046 -43.1924  1.10243
 1.07061 -43.1847  1.10258
 1.07076 -43.1771  1.10273
 1.07091 -43.1694  1.10288
 1.07106 -43.1617  1.10303
 1.07121  -43.154  1.10318
 1.07136 -43.1464  1.10333
 1.07151 -43.1387  1.10348
 1.07166  -43.131  1.10363
 1.07181 -43.1233  1.10378
 1.07196 -43.1157  1.10393
 1.07211  -43.108  1.10408
 1.07226 -43.1004  1.10423
 1.07241 -43.0927  1.10438
 1.07256 -43.0851  1.10438
 1.07271 -43.0774  1.10453
 1.07286 -43.0698  1.10468
 1.07301 -43.0621  1.10483
 1.07316 -43.0545  1.10498
 1.07331 -43.0468  1.10513
 1.07346 -43.0392  1.10528
 1.07361 -43.0316  1.10543
 1.07376 -43.0239  1.10558
 1.07391 -43.0163  1.10573
 1.07406 -43.0087  1.10588
 1.07421  -43.001  1.10603
 1.07436 -42.9934  1.10618
 1.07451 -42.9858  1.10633
 1.07466 -42.9782  1.10633
 1.07481 -42.9706  1.10648
 1.07496  -42.963  1.10663
 1.07511 -42.9553  1.10678
 1.07526 -42.9477  1.10693
 1.07541 -42.9401  1.10708
 1.07556 -42.9325  1.10723
 1.07571 -42.9249  1.10738
 1.07586 -42.9173  1.10753
 1.07601 -42.9097  1.10768
 1.07616 -42.9021  1.10783
 1.07631 -42.8945  1.10798
 1.07646 -42.8869  1.10813
 1.07661 -42.8794  1.10828
 1.07676 -42.8718  1.10828
 1.07691 -42.8642  1.10843
 1.07706 -42.8566  1.10858
 1.07721  -42.849  1.10873
 1.07736 -42.8415  1.10888
 1.07751 -42.8339  1.10903
 1.07766 -42.8263  1.10918
 1.07781 -42.8187  1.10933
 1.07796 -42.8112  1.10948
 1.07811 -42.8036  1.10963
 1.07826 -42.7961  1.10978
 1.07841 -42.7885  1.10993
 1.07856 -42.7809  1.11008
 1.07871 -42.7734  1.11023
 1.07886 -42.7658  1.11023
 1.07901 -42.7583  1.11038
 1.07916 -42.7507  1.11053
 1.07931 -42.7432  1.11068
 1.07946 -42.7356  1.11083
 1.07961 -42.7281  1.11098
 1.07976 -42.7206  1.11113
 1.07991  -42.713  1.11128
 1.08007 -42.7055  1.11143
 1.08022  -42.698  1.11158
 1.08037 -42.6904  1.11173
 1.08052 -42.6829  1.11188
 1.08067 -42.6754  1.11203
 1.08082 -42.6679  1.11203
 1.08097 -42.6604  1.11218
 1.08112 -42.6528  1.11233
 1.08127 -42.6453  1.11248
 1.08142 -42.6378  1.11263
 1.08157 -42.6303  1.11278
 1.08172 -42.6228  1.11293
 1.08187 -42.6153  1.11308
 1.08202 -42.6078  1.11323
 1.08217 -42.6003  1.11338
 1.08232 -42.5928  1.11353
 1.08247 -42.5853  1.11368
 1.08262 -42.5778  1.11383
 1.08277 -42.5703  1.11383
 1.08292 -42.5628  1.11398
 1.08307 -42.5553  1.11413
 1.08322 -42.5479  1.11428
 1.08337 -42.5404  1.11443
 1.08352 -42.5329  1.11458
 1.08367 -42.5254  1.11473
 1.08382  -42.518  1.11488
 1.08397 -42.5105  1.11503
 1.08412  -42.503  1.11518
 1.08427 -42.4955  1.11533
 1.08442 -42.4881  1.11548
 1.08457 -42.4806  1.11563
 1.08472 -42.4732  1.11563
 1.08487 -42.4657  1.11578
 1.08502 -42.4583  1.11593
 1.08517 -42.4508  1.11608
 1.08532 -42.4433  1.11623
 1.08547 -42.4359  1.11638
 1.08562 -42.4285  1.11653
 1.08577  -42.421  1.11668
 1.08592 -42.4136  1.11683
 1.08607 -42.4061  1.11698
 1.08622 -42.3987  1.11713
 1.08637 -42.3913  1.11728
 1.08652 -42.3838  1.11743
 1.08667 -42.3764  1.11743
 1.08682  -42.369  1.11758
 1.08697 -42.3616  1.11773
 1.08712 -42.3541  1.11788
 1.08727 -42.3467  1.11803
 1.08742 -42.3393  1.11818
 1.08757 -42.3319  1.11833
 1.08772 -42.3245  1.11848
 1.08787 -42.3171  1.11863
 1.08802 -42.3097  1.11878
 1.08817 -42.3023  1.11893
 1.08832 -42.2949  1.11908
 1.08847 -42.2875  1.11908
 1.08862 -42.2801  1.11923
 1.08877 -42.2727  1.11938
 1.08892 -42.2653  1.11953
 1.08907 -42.2579  1.11968
 1.08922 -42.2505  1.11983
 1.08937 -42.2431  1.11998
 1.08952 -42.2357  1.12014
 1.08967 -42.2284  1.12029
 1.08982  -42.221  1.12044
 1.08997 -42.2136  1.12059
 1.09012 -42.2062  1.12059
 1.09027 -42.1989  1.12074
 1.09042 -42.1915  1.12089
 1.09057 -42.1841  1.12104
 1.09072 -42.1768  1.12119
 1.09087 -42.1694  1.12134
 1.09102 -42.1621  1.12149
 1.09117 -42.1547  1.12164
 1.09132 -42.1474  1.12179
 1.09147   -42.14  1.12194
 1.09162 -42.1327  1.12209
 1.09177 -42.1253  1.12209
 1.09192  -42.118  1.12224
 1.09207 -42.1106  1.12239
 1.09222 -42.1033  1.12254
 1.09237  -42.096  1.12269
 1.09252 -42.0886  1.12284
 1.09267 -42.0813  1.12299
 1.09282  -42.074  1.12314
 1.09297 -42.0667  1.12329
 1.09312 -42.0593  1.12344
 1.09327  -42.052  1.12344
 1.09342 -42.0447  1.12359
 1.09357 -42.0374  1.12374
 1.09372 -42.0301  1.12389
 1.09387 -42.0228  1.12404
 1.09402 -42.0155  1.12419
 1.09417 -42.0082  1.12434
 1.09432 -42.0009  1.12449
 1.09447 -41.9936  1.12464
 1.09462 -41.9863  1.12479
 1.09477  -41.979  1.12479
 1.09492 -41.9717  1.12494
 1.09507 -41.9644  1.12509
 1.09522 -41.9571  1.12524
 1.09537 -41.9498  1.12539
 1.09552 -41.9426  1.12554
 1.09567 -41.9353  1.12569
 1.09582  -41.928  1.12584
 1.09597 -41.9207  1.12599
 1.09612 -41.9135  1.12614
 1.09627 -41.9062  1.12614
 1.09642 -41.8989  1.12629
 1.09657 -41.8917  1.12644
 1.09672 -41.8844  1.12659
 1.09687 -41.8772  1.12674
 1.09702 -41.8699  1.12689
 1.09717 -41.8627  1.12704
 1.09732 -41.8554  1.12704
 1.09747 -41.8482  1.12719
 1.09762 -41.8409  1.12734
 1.09777 -41.8337  1.12749
 1.09792 -41.8265  1.12764
 1.09807 -41.8193  1.12764
 1.09822  -41.812  1.12779
 1.09837 -41.8048  1.12794
 1.09852 -41.7976  1.12809
 1.09867 -41.7904  1.12824
 1.09882 -41.7832  1.12824
 1.09897  -41.776  1.12839
 1.09912 -41.7688  1.12854
 1.09927 -41.7616  1.12869
 1.09942 -41.7544  1.12884
 1.09957 -41.7472  1.12899
 1.09972   -41.74  1.12899
 1.09987 -41.7328  1.12914
 1.10003 -41.7256  1.12929
 1.10018 -41.7185  1.12944
 1.10033 -41.7113  1.12959
 1.10048 -41.7041  1.12959
 1.10063 -41.6969  1.12974
 1.10078 -41.6898  1.12989
 1.10093 -41.6826  1.13004
 1.10108 -41.6755  1.13019
 1.10123 -41.6683  1.13034
 1.10138 -41.6612  1.13034
 1.10153  -41.654  1.13049
 1.10168 -41.6469  1.13064
 1.10183 -41.6397  1.13079
 1.10198 -41.6326  1.13094
 1.10213 -41.6255  1.13094
 1.10228 -41.6183  1.13109
 1.10243 -41.6112  1.13124
 1.10258 -41.6041  1.13139
 1.10273  -41.597  1.13154
 1.10288 -41.5899  1.13154
 1.10303 -41.5827  1.13169
 1.10318 -41.5756  1.13184
 1.10333 -41.5685  1.13199
 1.10348 -41.5614  1.13214
 1.10363 -41.5543  1.13229
 1.10378 -41.5472  1.13229
 1.10393 -41.5401  1.13244
 1.10408 -41.5331  1.13259
 1.10423  -41.526  1.13274
 1.10438 -41.5189  1.13289
 1.10453 -41.5118  1.13289
 1.10468 -41.5047  1.13304
 1.10483 -41.4977  1.13319
 1.10498 -41.4906  1.13334
 1.10513 -41.4835  1.13349
 1.10528 -41.4765  1.13349
 1.10543 -41.4694  1.13364
 1.10558 -41.4624  1.13379
 1.10573 -41.4553  1.13394
 1.10588 -41.4483  1.13409
 1.10603 -41.4412  1.13424
 1.10618 -41.4342  1.13424
 1.10633 -41.4272  1.13439
 1.10648 -41.4201  1.13454
 1.10663 -41.4131  1.13469
 1.10678 -41.4061  1.13484
 1.10693 -41.3991  1.13484
 1.10708  -41.392  1.13499
 1.10723  -41.385  1.13514
 1.10738  -41.378  1.13529
 1.10753  -41.371  1.13544
 1.10768  -41.364  1.13559
 1.10783  -41.357  1.13559
 1.10798   -41.35  1.13574
 1.10813  -41.343  1.13589
 1.10828  -41.336  1.13604
 1.10843  -41.329  1.13619
 1.10858  -41.322  1.13619
 1.10873  -41.315  1.13634
 1.10888 -41.3081  1.13649
 1.10903 -41.3011  1.13664
 1.10918 -41.2941  1.13679
 1.10933 -41.2872  1.13694
 1.10948 -41.2802  1.13694
 1.10963 -41.2732  1.13709
 1.10978 -41.2663  1.13724
 1.10993 -41.2593  1.13739
 1.11008 -41.2524  1.13754
 1.11023 -41.2454  1.13754
 1.11038 -41.2385  1.13769
 1.11053 -41.2315  1.13784
 1.11068 -41.2246  1.13799
 1.11083 -41.2176  1.13814
 1.11098 -41.2107  1.13814
 1.11113 -41.2038  1.13829
 1.11128 -41.1969  1.13844
 1.11143 -41.1899  1.13859
 1.11158  -41.183  1.13874
 1.11173 -41.1761  1.13889
 1.11188 -41.1692  1.13889
 1.11203 -41.1623  1.13904
 1.11218 -41.1554  1.13919
 1.11233 -41.1485  1.13934
 1.11248 -41.1416  1.13949
 1.11263 -41.1347  1.13949
 1.11278 -41.1278  1.13964
 1.11293 -41.1209  1.13979
 1.11308  -41.114  1.13994
 1.11323 -41.1071   1.1401
 1.11338 -41.1003   1.1401
 1.11353 -41.0934  1.14025
 1.11368 -41.0865   1.1404
 1.11383 -41.0796  1.14055
 1.11398 -41.0728   1.1407
 1.11413 -41.0659  1.14085
 1.11428 -41.0591  1.14085
 1.11443 -41.0522    1.141
 1.11458 -41.0453  1.14115
 1.11473 -41.0385   1.1413
 1.11488 -41.0317  1.14145
 1.11503 -41.0248  1.14145
 1.11518  -41.018   1.1416
 1.11533 -41.0111  1.14175
 1.11548 -41.0043   1.1419
 1.11563 -40.9975  1.14205
 1.11578 -40.9907  1.14205
 1.11593 -40.9838   1.1422
 1.11608  -40.977  1.14235
 1.11623 -40.9702   1.1425
 1.11638 -40.9634  1.14265
 1.11653 -40.9566  1.14265
 1.11668 -40.9498   1.1428
 1.11683  -40.943  1.14295
 1.11698 -40.9362   1.1431
 1.11713 -40.9294  1.14325
 1.11728 -40.9226   1.1434
 1.11743 -40.9158   1.1434
 1.11758  -40.909  1.14355
 1.11773 -40.9022   1.1437
 1.11788 -40.8955  1.14385
 1.11803 -40.8887    1.144
 1.11818 -40.8819    1.144
 1.11833 -40.8751  1.14415
 1.11848 -40.8684   1.1443
 1.11863 -40.8616  1.14445
 1.11878 -40.8549   1.1446
 1.11893 -40.8481   1.1446
 1.11908 -40.8413  1.14475
 1.11923 -40.8346   1.1449
 1.11938 -40.8279  1.14505
 1.11953 -40.8211   1.1452
 1.11968 -40.8144   1.1452
 1.11983 -40.8076  1.14535
 1.11998 -40.8009   1.1455
 1.12014 -40.7942  1.14565
 1.12029 -40.7875   1.1458
 1.12044 -40.7807   1.1458
 1.12059  -40.774  1.14595
 1.12074 -40.7673   1.1461
 1.12089 -40.7606  1.14625
 1.12104 -40.7539   1.1464
 1.12119 -40.7472   1.1464
 1.12134 -40.7405  1.14655
 1.12149 -40.7338   1.1467
 1.12164 -40.7271  1.14685
 1.12179 -40.7204    1.147
 1.12194 -40.7137    1.147
 1.12209  -40.707  1.14715
 1.12224 -40.7003   1.1473
 1.12239 -40.6937  1.14745
 1.12254  -40.687  1.14745
 1.12269 -40.6803   1.1476
 1.12284 -40.6737  1.14775
 1.12299  -40.667   1.1479
 1.12314 -40.6603   1.1479
 1.12329 -40.6537  1.14805
 1.12344  -40.647   1.1482
 1.12359 -40.6404  1.14835
 1.12374 -40.6338  1.14835
 1.12389 -40.6271   1.1485
 1.12404 -40.6205  1.14865
 1.12419 -40.6139  1.14865
 1.12434 -40.6072   1.1488
 1.12449 -40.6006  1.14895
 1.12464  -40.594   1.1491
 1.12479 -40.5874   1.1491
 1.12494 -40.5808  1.14925
 1.12509 -40.5742   1.1494
 1.12524 -40.5676  1.14955
 1.12539  -40.561  1.14955
 1.12554 -40.5544   1.1497
 1.12569 -40.5478  1.14985
 1.12584 -40.5412  1.14985
 1.12599 -40.5346     1.15
 1.12614 -40.5281     1.15
 1.12629 -40.5215     1.15
 1.12644  -40.515     1.15
 1.12659 -40.5084     1.15
 1.12674 -40.5019     1.15
 1.12689 -40.4954     1.15
 1.12704 -40.4889     1.15
 1.12719 -40.4824     1.15
 1.12734 -40.4759     1.15
 1.12749 -40.4694     1.15
 1.12764  -40.463     1.15
 1.12779 -40.4565     1.15
 1.12794 -40.4501     1.15
 1.12809 -40.4437     1.15
 1.12824 -40.4373     1.15
 1.12839 -40.4309     1.15
 1.12854 -40.4245     1.15
 1.12869 -40.4181     1.15
 1.12884 -40.4117     1.15
 1.12899 -40.4054     1.15
 1.12914  -40.399     1.15
 1.12929 -40.3927     1.15
 1.12944 -40.3864     1.15
 1.12959 -40.3801     1.15
 1.12974 -40.3738     1.15
 1.12989 -40.3675     1.15
 1.13004 -40.3612     1.15
 1.13019 -40.3549     1.15
 1.13034 -40.3487     1.15
 1.13049 -40.3424     1.15
 1.13064 -40.3362     1.15
 1.13079   -40.33     1.15
 1.13094 -40.3237     1.15
 1.13109 -40.3175     1.15
 1.13124 -40.3114     1.15
 1.13139 -40.3052     1.15
 1.13154  -40.299     1.15
 1.13169 -40.2928     1.15
 1.13184 -40.2867     1.15
 1.13199 -40.2805     1.15
 1.13214 -40.2744     1.15
 1.13229 -40.2683     1.15
 1.13244 -40.2622     1.15
 1.13259 -40.2561     1.15
 1.13274   -40.25     1.15
 1.13289 -40.2439     1.15
 1.13304 -40.2379     1.15
 1.13319 -40.2318     1.15
 1.13334 -40.2258     1.15
 1.13349 -40.2197     1.15
 1.13364 -40.2137     1.15
 1.13379 -40.2077     1.15
 1.13394 -40.2017     1.15
 1.13409 -40.1957     1.15
 1.13424 -40.1897     1.15
 1.13439 -40.1837     1.15
 1.13454 -40.1778     1.15
 1.13469 -40.1718     1.15
 1.13484 -40.1659     1.15
 1.13499 -40.1599     1.15
 1.13514  -40.154     1.15
 1.13529 -40.1481     1.15
 1.13544 -40.1422     1.15
 1.13559 -40.1363     1.15
 1.13574 -40.1304     1.15
 1.13589 -40.1246     1.15
 1.13604 -40.1187     1.15
 1.13619 -40.1128     1.15
 1.13634  -40.107     1.15
 1.13649 -40.1012     1.15
 1.13664 -40.0954     1.15
 1.13679 -40.0895     1.15
 1.13694 -40.0837     1.15
 1.13709 -40.0779     1.15
 1.13724 -40.0722     1.15
 1.13739 -40.0664     1.15
 1.13754 -40.0606     1.15
 1.13769 -40.0549     1.15
 1.13784 -40.0491     1.15
 1.13799 -40.0434     1.15
 1.13814 -40.0377     1.15
 1.13829  -40.032     1.15
 1.13844 -40.0263     1.15
 1.13859 -40.0206     1.15
 1.13874 -40.0149     1.15
 1.13889 -40.0092     1.15
 1.13904 -40.0035     1.15
 1.13919 -39.9979     1.15
 1.13934 -39.9922     1.15
 1.13949 -39.9866     1.15
 1.13964  -39.981     1.15
 1.13979 -39.9754     1.15
 1.13994 -39.9698     1.15
  1.1401 -39.9642     1.15
 1.14025 -39.9586     1.15
  1.1404  -39.953     1.15
 1.14055 -39.9474     1.15
  1.1407 -39.9419     1.15
 1.14085 -39.9363     1.15
   1.141 -39.9308     1.15
 1.14115 -39.9252     1.15
  1.1413 -39.9197     1.15
 1.14145 -39.9142     1.15
  1.1416 -39.9087     1.15
 1.14175 -39.9032     1.15
  1.1419 -39.8977     1.15
 1.14205 -39.8922     1.15
  1.1422 -39.8868     1.15
 1.14235 -39.8813     1.15
  1.1425 -39.8759     1.15
 1.14265 -39.8704     1.15
  1.1428  -39.865     1.15
 1.14295 -39.8596     1.15
  1.1431 -39.8541     1.15
 1.14325 -39.8487     1.15
  1.1434 -39.8433     1.15
 1.14355  -39.838     1.15
  1.1437 -39.8326     1.15
 1.14385 -39.8272     1.15
   1.144 -39.8219     1.15
 1.14415 -39.8165     1.15
  1.1443 -39.8112     1.15
 1.14445 -39.8058     1.15
  1.1446 -39.8005     1.15
 1.14475 -39.7952     1.15
  1.1449 -39.7899     1.15
 1.14505 -39.7846     1.15
  1.1452 -39.7793     1.15
 1.14535  -39.774     1.15
  1.1455 -39.7688     1.15
 1.14565 -39.7635     1.15
  1.1458 -39.7583     1.15
 1.14595  -39.753     1.15
  1.1461 -39.7478     1.15
 1.14625 -39.7425     1.15
  1.1464 -39.7373     1.15
 1.14655 -39.7321     1.15
  1.1467 -39.7269     1.15
 1.14685 -39.7217     1.15
   1.147 -39.7166     1.15
 1.14715 -39.7114     1.15
  1.1473 -39.7062     1.15
 1.14745 -39.7011     1.15
  1.1476 -39.6959     1.15
 1.14775 -39.6908     1.15
  1.1479 -39.6856     1.15
 1.14805 -39.6805     1.15
  1.1482 -39.6754     1.15
 1.14835 -39.6703     1.15
  1.1485 -39.6652     1.15
 1.14865 -39.6601     1.15
  1.1488  -39.655     1.15
 1.14895   -39.65     1.15
  1.1491 -39.6449     1.15
 1.14925 -39.6398     1.15
  1.1494 -39.6348     1.15
 1.14955 -39.6298     1.15
  1.1497 -39.6247     1.15
 1.14985 -39.6197     1.15
    1.15 -39.6147     1.15