 kgrid  ValNew  Policy 
    0.85 -62.6496 0.894572
 0.85015 -62.6373 0.894722
  0.8503  -62.625 0.894872
 0.85045 -62.6126 0.895023
  0.8506 -62.6003 0.895023
 0.85075  -62.588 0.895173
  0.8509 -62.5757 0.895323
0.851051 -62.5634 0.895473
0.851201 -62.5511 0.895623
0.851351 -62.5388 0.895773
0.851501 -62.5265 0.895923
0.851651 -62.5142 0.896073
0.851801  -62.502 0.896223
0.851951 -62.4897 0.896373
0.852101 -62.4774 0.896523
0.852251 -62.4652 0.896673
0.852401 -62.4529 0.896673
0.852551 -62.4407 0.896823
0.852701 -62.4284 0.896973
0.852851 -62.4162 0.897124
0.853002 -62.4039 0.897274
0.853152 -62.3917 0.897424
0.853302 -62.3795 0.897574
0.853452 -62.3673 0.897724
0.853602  -62.355 0.897874
0.853752 -62.3428 0.898024
0.853902 -62.3306 0.898174
0.854052 -62.3184 0.898174
0.854202 -62.3062 0.898324
0.854352  -62.294 0.898474
0.854502 -62.2819 0.898624
0.854652 -62.2697 0.898774
0.854802 -62.2575 0.898924
0.854952 -62.2453 0.899075
0.855103 -62.2332 0.899225
0.855253  -62.221 0.899375
0.855403 -62.2088 0.899525
0.855553 -62.1967 0.899675
0.855703 -62.1845 0.899675
0.855853 -62.1724 0.899825
0.856003 -62.1603 0.899975
0.856153 -62.1481 0.900125
0.856303  -62.136 0.900275
0.856453 -62.1239 0.900425
0.856603 -62.1118 0.900575
0.856753 -62.0997 0.900725
0.856903 -62.0875 0.900875
0.857054 -62.0754 0.901026
0.857204 -62.0633 0.901176
0.857354 -62.0512 0.901326
0.857504 -62.0392 0.901476
0.857654 -62.0271 0.901626
0.857804  -62.015 0.901776
0.857954 -62.0029 0.901776
0.858104 -61.9908 0.901926
0.858254 -61.9788 0.902076
0.858404 -61.9667 0.902226
0.858554 -61.9546 0.902376
0.858704 -61.9426 0.902526
0.858854 -61.9305 0.902676
0.859005 -61.9185 0.902826
0.859155 -61.9065 0.902976
0.859305 -61.8944 0.903127
0.859455 -61.8824 0.903277
0.859605 -61.8704 0.903427
0.859755 -61.8583 0.903577
0.859905 -61.8463 0.903727
0.860055 -61.8343 0.903727
0.860205 -61.8223 0.903877
0.860355 -61.8103 0.904027
0.860505 -61.7983 0.904177
0.860655 -61.7863 0.904327
0.860805 -61.7743 0.904477
0.860955 -61.7623 0.904627
0.861106 -61.7504 0.904777
0.861256 -61.7384 0.904927
0.861406 -61.7264 0.905078
0.861556 -61.7144 0.905228
0.861706 -61.7025 0.905378
0.861856 -61.6905 0.905528
0.862006 -61.6786 0.905678
0.862156 -61.6666 0.905828
0.862306 -61.6547 0.905828
0.862456 -61.6427 0.905978
0.862606 -61.6308 0.906128
0.862756 -61.6189 0.906278
0.862906 -61.6069 0.906428
0.863057  -61.595 0.906578
0.863207 -61.5831 0.906728
0.863357 -61.5712 0.906878
0.863507 -61.5593 0.907029
0.863657 -61.5474 0.907179
0.863807 -61.5355 0.907329
0.863957 -61.5236 0.907479
0.864107 -61.5117 0.907629
0.864257 -61.4998 0.907779
0.864407 -61.4879 0.907929
0.864557  -61.476 0.907929
0.864707 -61.4641 0.908079
0.864857 -61.4523 0.908229
0.865008 -61.4404 0.908379
0.865158 -61.4285 0.908529
0.865308 -61.4167 0.908679
0.865458 -61.4048 0.908829
0.865608  -61.393 0.908979
0.865758 -61.3811  0.90913
0.865908 -61.3693  0.90928
0.866058 -61.3575  0.90943
0.866208 -61.3456  0.90958
0.866358 -61.3338  0.90973
0.866508  -61.322  0.90988
0.866658 -61.3102  0.91003
0.866808 -61.2984  0.91018
0.866958 -61.2866  0.91018
0.867109 -61.2747  0.91033
0.867259 -61.2629  0.91048
0.867409 -61.2511  0.91063
0.867559 -61.2394  0.91078
0.867709 -61.2276  0.91093
0.867859 -61.2158 0.911081
0.868009  -61.204 0.911231
0.868159 -61.1922 0.911381
0.868309 -61.1805 0.911531
0.868459 -61.1687 0.911681
0.868609 -61.1569 0.911831
0.868759 -61.1452 0.911981
0.868909 -61.1334 0.912131
 0.86906 -61.1217 0.912281
 0.86921 -61.1099 0.912431
 0.86936 -61.0982 0.912431
 0.86951 -61.0864 0.912581
 0.86966 -61.0747 0.912731
 0.86981  -61.063 0.912881
 0.86996 -61.0513 0.913032
 0.87011 -61.0395 0.913182
 0.87026 -61.0278 0.913332
 0.87041 -61.0161 0.913482
 0.87056 -61.0044 0.913632
 0.87071 -60.9927 0.913782
 0.87086  -60.981 0.913932
0.871011 -60.9693 0.914082
0.871161 -60.9576 0.914232
0.871311 -60.9459 0.914382
0.871461 -60.9343 0.914532
0.871611 -60.9226 0.914682
0.871761 -60.9109 0.914682
0.871911 -60.8992 0.914832
0.872061 -60.8876 0.914982
0.872211 -60.8759 0.915133
0.872361 -60.8642 0.915283
0.872511 -60.8526 0.915433
0.872661 -60.8409 0.915583
0.872811 -60.8293 0.915733
0.872961 -60.8177 0.915883
0.873112  -60.806 0.916033
0.873262 -60.7944 0.916183
0.873412 -60.7828 0.916333
0.873562 -60.7711 0.916483
0.873712 -60.7595 0.916633
0.873862 -60.7479 0.916783
0.874012 -60.7363 0.916933
0.874162 -60.7247 0.917084
0.874312 -60.7131 0.917234
0.874462 -60.7015 0.917234
0.874612 -60.6899 0.917384
0.874762 -60.6783 0.917534
0.874912 -60.6667 0.917684
0.875063 -60.6551 0.917834
0.875213 -60.6435 0.917984
0.875363  -60.632 0.918134
0.875513 -60.6204 0.918284
0.875663 -60.6088 0.918434
0.875813 -60.5973 0.918584
0.875963 -60.5857 0.918734
0.876113 -60.5741 0.918884
0.876263 -60.5626 0.919035
0.876413  -60.551 0.919185
0.876563 -60.5395 0.919335
0.876713  -60.528 0.919485
0.876863 -60.5164 0.919635
0.877014 -60.5049 0.919635
0.877164 -60.4934 0.919785
0.877314 -60.4818 0.919935
0.877464 -60.4703 0.920085
0.877614 -60.4588 0.920235
0.877764 -60.4473 0.920385
0.877914 -60.4358 0.920535
0.878064 -60.4243 0.920685
0.878214 -60.4128 0.920835
0.878364 -60.4013 0.920985
0.878514 -60.3898 0.921136
0.878664 -60.3783 0.921286
0.878814 -60.3668 0.921436
0.878964 -60.3554 0.921586
0.879115 -60.3439 0.921736
0.879265 -60.3324 0.921886
0.879415 -60.3209 0.922036
0.879565 -60.3095 0.922186
0.879715  -60.298 0.922186
0.879865 -60.2866 0.922336
0.880015 -60.2751 0.922486
0.880165 -60.2637 0.922636
0.880315 -60.2522 0.922786
0.880465 -60.2408 0.922936
0.880615 -60.2294 0.923087
0.880765 -60.2179 0.923237
0.880915 -60.2065 0.923387
0.881066 -60.1951 0.923537
0.881216 -60.1836 0.923687
0.881366 -60.1722 0.923837
0.881516 -60.1608 0.923987
0.881666 -60.1494 0.924137
0.881816  -60.138 0.924287
0.881966 -60.1266 0.924437
0.882116 -60.1152 0.924587
0.882266 -60.1038 0.924737
0.882416 -60.0924 0.924737
0.882566 -60.0811 0.924887
0.882716 -60.0697 0.925038
0.882866 -60.0583 0.925188
0.883017 -60.0469 0.925338
0.883167 -60.0356 0.925488
0.883317 -60.0242 0.925638
0.883467 -60.0128 0.925788
0.883617 -60.0015 0.925938
0.883767 -59.9901 0.926088
0.883917 -59.9788 0.926238
0.884067 -59.9674 0.926388
0.884217 -59.9561 0.926538
0.884367 -59.9447 0.926688
0.884517 -59.9334 0.926838
0.884667 -59.9221 0.926988
0.884817 -59.9108 0.927139
0.884967 -59.8994 0.927289
0.885118 -59.8881 0.927289
0.885268 -59.8768 0.927439
0.885418 -59.8655 0.927589
0.885568 -59.8542 0.927739
0.885718 -59.8429 0.927889
0.885868 -59.8316 0.928039
0.886018 -59.8203 0.928189
0.886168  -59.809 0.928339
0.886318 -59.7977 0.928489
0.886468 -59.7864 0.928639
0.886618 -59.7752 0.928789
0.886768 -59.7639 0.928939
0.886918 -59.7526  0.92909
0.887069 -59.7413  0.92924
0.887219 -59.7301  0.92939
0.887369 -59.7188  0.92954
0.887519 -59.7076  0.92969
0.887669 -59.6963  0.92984
0.887819 -59.6851  0.92999
0.887969 -59.6738  0.92999
0.888119 -59.6626  0.93014
0.888269 -59.6513  0.93029
0.888419 -59.6401  0.93044
0.888569 -59.6289  0.93059
0.888719 -59.6176  0.93074
0.888869 -59.6064  0.93089
 0.88902 -59.5952 0.931041
 0.88917  -59.584 0.931191
 0.88932 -59.5728 0.931341
 0.88947 -59.5616 0.931491
 0.88962 -59.5504 0.931641
 0.88977 -59.5392 0.931791
 0.88992  -59.528 0.931941
 0.89007 -59.5168 0.932091
 0.89022 -59.5056 0.932241
 0.89037 -59.4944 0.932391
 0.89052 -59.4832 0.932541
 0.89067  -59.472 0.932691
 0.89082 -59.4609 0.932691
 0.89097 -59.4497 0.932841
0.891121 -59.4385 0.932991
0.891271 -59.4274 0.933142
0.891421 -59.4162 0.933292
0.891571 -59.4051 0.933442
0.891721 -59.3939 0.933592
0.891871 -59.3828 0.933742
0.892021 -59.3716 0.933892
0.892171 -59.3605 0.934042
0.892321 -59.3493 0.934192
0.892471 -59.3382 0.934342
0.892621 -59.3271 0.934492
0.892771  -59.316 0.934642
0.892921 -59.3048 0.934792
0.893072 -59.2937 0.934942
0.893222 -59.2826 0.935093
0.893372 -59.2715 0.935243
0.893522 -59.2604 0.935393
0.893672 -59.2493 0.935543
0.893822 -59.2382 0.935543
0.893972 -59.2271 0.935693
0.894122  -59.216 0.935843
0.894272 -59.2049 0.935993
0.894422 -59.1938 0.936143
0.894572 -59.1827 0.936293
0.894722 -59.1717 0.936443
0.894872 -59.1606 0.936593
0.895023 -59.1495 0.936743
0.895173 -59.1384 0.936893
0.895323 -59.1274 0.937044
0.895473 -59.1163 0.937194
0.895623 -59.1053 0.937344
0.895773 -59.0942 0.937494
0.895923 -59.0832 0.937644
0.896073 -59.0721 0.937794
0.896223 -59.0611 0.937944
0.896373   -59.05 0.938094
0.896523  -59.039 0.938244
0.896673  -59.028 0.938394
0.896823  -59.017 0.938544
0.896973 -59.0059 0.938544
0.897124 -58.9949 0.938694
0.897274 -58.9839 0.938844
0.897424 -58.9729 0.938994
0.897574 -58.9619 0.939145
0.897724 -58.9509 0.939295
0.897874 -58.9399 0.939445
0.898024 -58.9289 0.939595
0.898174 -58.9179 0.939745
0.898324 -58.9069 0.939895
0.898474 -58.8959 0.940045
0.898624 -58.8849 0.940195
0.898774 -58.8739 0.940345
0.898924 -58.8629 0.940495
0.899075  -58.852 0.940645
0.899225  -58.841 0.940795
0.899375   -58.83 0.940945
0.899525 -58.8191 0.941096
0.899675 -58.8081 0.941246
0.899825 -58.7972 0.941396
0.899975 -58.7862 0.941546
0.900125 -58.7753 0.941546
0.900275 -58.7643 0.941696
0.900425 -58.7534 0.941846
0.900575 -58.7424 0.941996
0.900725 -58.7315 0.942146
0.900875 -58.7206 0.942296
0.901026 -58.7096 0.942446
0.901176 -58.6987 0.942596
0.901326 -58.6878 0.942746
0.901476 -58.6769 0.942896
0.901626  -58.666 0.943047
0.901776 -58.6551 0.943197
0.901926 -58.6442 0.943347
0.902076 -58.6333 0.943497
0.902226 -58.6224 0.943647
0.902376 -58.6115 0.943797
0.902526 -58.6006 0.943947
0.902676 -58.5897 0.944097
0.902826 -58.5788 0.944247
0.902976 -58.5679 0.944397
0.903127  -58.557 0.944547
0.903277 -58.5462 0.944547
0.903427 -58.5353 0.944697
0.903577 -58.5244 0.944847
0.903727 -58.5136 0.944997
0.903877 -58.5027 0.945148
0.904027 -58.4918 0.945298
0.904177  -58.481 0.945448
0.904327 -58.4701 0.945598
0.904477 -58.4593 0.945748
0.904627 -58.4485 0.945898
0.904777 -58.4376 0.946048
0.904927 -58.4268 0.946198
0.905078 -58.4159 0.946348
0.905228 -58.4051 0.946498
0.905378 -58.3943 0.946648
0.905528 -58.3835 0.946798
0.905678 -58.3727 0.946948
0.905828 -58.3618 0.947099
0.905978  -58.351 0.947249
0.906128 -58.3402 0.947399
0.906278 -58.3294 0.947549
0.906428 -58.3186 0.947549
0.906578 -58.3078 0.947699
0.906728  -58.297 0.947849
0.906878 -58.2862 0.947999
0.907029 -58.2754 0.948149
0.907179 -58.2647 0.948299
0.907329 -58.2539 0.948449
0.907479 -58.2431 0.948599
0.907629 -58.2323 0.948749
0.907779 -58.2216 0.948899
0.907929 -58.2108  0.94905
0.908079    -58.2   0.9492
0.908229 -58.1893  0.94935
0.908379 -58.1785   0.9495
0.908529 -58.1678  0.94965
0.908679  -58.157   0.9498
0.908829 -58.1463  0.94995
0.908979 -58.1355   0.9501
 0.90913 -58.1248  0.95025
 0.90928  -58.114   0.9504
 0.90943 -58.1033  0.95055
 0.90958 -58.0926   0.9507
 0.90973 -58.0819  0.95085
 0.90988 -58.0711  0.95085
 0.91003 -58.0604 0.951001
 0.91018 -58.0497 0.951151
 0.91033  -58.039 0.951301
 0.91048 -58.0283 0.951451
 0.91063 -58.0176 0.951601
 0.91078 -58.0069 0.951751
 0.91093 -57.9962 0.951901
0.911081 -57.9855 0.952051
0.911231 -57.9748 0.952201
0.911381 -57.9641 0.952351
0.911531 -57.9534 0.952501
0.911681 -57.9427 0.952651
0.911831 -57.9321 0.952801
0.911981 -57.9214 0.952951
0.912131 -57.9107 0.953102
0.912281    -57.9 0.953252
0.912431 -57.8894 0.953402
0.912581 -57.8787 0.953552
0.912731 -57.8681 0.953702
0.912881 -57.8574 0.953852
0.913032 -57.8468 0.954002
0.913182 -57.8361 0.954002
0.913332 -57.8255 0.954152
0.913482 -57.8148 0.954302
0.913632 -57.8042 0.954452
0.913782 -57.7935 0.954602
0.913932 -57.7829 0.954752
0.914082 -57.7723 0.954902
0.914232 -57.7617 0.955053
0.914382  -57.751 0.955203
0.914532 -57.7404 0.955353
0.914682 -57.7298 0.955503
0.914832 -57.7192 0.955653
0.914982 -57.7086 0.955803
0.915133  -57.698 0.955953
0.915283 -57.6874 0.956103
0.915433 -57.6768 0.956253
0.915583 -57.6662 0.956403
0.915733 -57.6556 0.956553
0.915883  -57.645 0.956703
0.916033 -57.6344 0.956853
0.916183 -57.6238 0.957004
0.916333 -57.6133 0.957154
0.916483 -57.6027 0.957304
0.916633 -57.5921 0.957304
0.916783 -57.5816 0.957454
0.916933  -57.571 0.957604
0.917084 -57.5604 0.957754
0.917234 -57.5499 0.957904
0.917384 -57.5393 0.958054
0.917534 -57.5288 0.958204
0.917684 -57.5182 0.958354
0.917834 -57.5077 0.958504
0.917984 -57.4971 0.958654
0.918134 -57.4866 0.958804
0.918284  -57.476 0.958954
0.918434 -57.4655 0.959105
0.918584  -57.455 0.959255
0.918734 -57.4445 0.959405
0.918884 -57.4339 0.959555
0.919035 -57.4234 0.959705
0.919185 -57.4129 0.959855
0.919335 -57.4024 0.960005
0.919485 -57.3919 0.960155
0.919635 -57.3814 0.960305
0.919785 -57.3709 0.960455
0.919935 -57.3604 0.960605
0.920085 -57.3499 0.960605
0.920235 -57.3394 0.960755
0.920385 -57.3289 0.960905
0.920535 -57.3184 0.961056
0.920685 -57.3079 0.961206
0.920835 -57.2975 0.961356
0.920985  -57.287 0.961506
0.921136 -57.2765 0.961656
0.921286  -57.266 0.961806
0.921436 -57.2556 0.961956
0.921586 -57.2451 0.962106
0.921736 -57.2346 0.962256
0.921886 -57.2242 0.962406
0.922036 -57.2137 0.962556
0.922186 -57.2033 0.962706
0.922336 -57.1928 0.962856
0.922486 -57.1824 0.963007
0.922636  -57.172 0.963157
0.922786 -57.1615 0.963307
0.922936 -57.1511 0.963457
0.923087 -57.1407 0.963607
0.923237 -57.1302 0.963757
0.923387 -57.1198 0.963907
0.923537 -57.1094 0.963907
0.923687  -57.099 0.964057
0.923837 -57.0885 0.964207
0.923987 -57.0781 0.964357
0.924137 -57.0677 0.964507
0.924287 -57.0573 0.964657
0.924437 -57.0469 0.964807
0.924587 -57.0365 0.964957
0.924737 -57.0261 0.965108
0.924887 -57.0157 0.965258
0.925038 -57.0053 0.965408
0.925188  -56.995 0.965558
0.925338 -56.9846 0.965708
0.925488 -56.9742 0.965858
0.925638 -56.9638 0.966008
0.925788 -56.9534 0.966158
0.925938 -56.9431 0.966308
0.926088 -56.9327 0.966458
0.926238 -56.9223 0.966608
0.926388  -56.912 0.966758
0.926538 -56.9016 0.966908
0.926688 -56.8913 0.967059
0.926838 -56.8809 0.967209
0.926988 -56.8706 0.967359
0.927139 -56.8602 0.967359
0.927289 -56.8499 0.967509
0.927439 -56.8395 0.967659
0.927589 -56.8292 0.967809
0.927739 -56.8189 0.967959
0.927889 -56.8086 0.968109
0.928039 -56.7982 0.968259
0.928189 -56.7879 0.968409
0.928339 -56.7776 0.968559
0.928489 -56.7673 0.968709
0.928639  -56.757 0.968859
0.928789 -56.7466  0.96901
0.928939 -56.7363  0.96916
 0.92909  -56.726  0.96931
 0.92924 -56.7157  0.96946
 0.92939 -56.7054  0.96961
 0.92954 -56.6951  0.96976
 0.92969 -56.6849  0.96991
 0.92984 -56.6746  0.97006
 0.92999 -56.6643  0.97021
 0.93014  -56.654  0.97036
 0.93029 -56.6437  0.97051
 0.93044 -56.6335  0.97066
 0.93059 -56.6232  0.97066
 0.93074 -56.6129  0.97081
 0.93089 -56.6026  0.97096
0.931041 -56.5924 0.971111
0.931191 -56.5821 0.971261
0.931341 -56.5719 0.971411
0.931491 -56.5616 0.971561
0.931641 -56.5514 0.971711
0.931791 -56.5411 0.971861
0.931941 -56.5309 0.972011
0.932091 -56.5206 0.972161
0.932241 -56.5104 0.972311
0.932391 -56.5002 0.972461
0.932541 -56.4899 0.972611
0.932691 -56.4797 0.972761
0.932841 -56.4695 0.972911
0.932991 -56.4593 0.973062
0.933142  -56.449 0.973212
0.933292 -56.4388 0.973362
0.933442 -56.4286 0.973512
0.933592 -56.4184 0.973662
0.933742 -56.4082 0.973812
0.933892  -56.398 0.973962
0.934042 -56.3878 0.974112
0.934192 -56.3776 0.974112
0.934342 -56.3674 0.974262
0.934492 -56.3572 0.974412
0.934642  -56.347 0.974562
0.934792 -56.3368 0.974712
0.934942 -56.3267 0.974862
0.935093 -56.3165 0.975013
0.935243 -56.3063 0.975163
0.935393 -56.2961 0.975313
0.935543  -56.286 0.975463
0.935693 -56.2758 0.975613
0.935843 -56.2656 0.975763
0.935993 -56.2555 0.975913
0.936143 -56.2453 0.976063
0.936293 -56.2352 0.976213
0.936443  -56.225 0.976363
0.936593 -56.2149 0.976513
0.936743 -56.2047 0.976663
0.936893 -56.1946 0.976813
0.937044 -56.1844 0.976963
0.937194 -56.1743 0.977114
0.937344 -56.1642 0.977264
0.937494  -56.154 0.977414
0.937644 -56.1439 0.977564
0.937794 -56.1338 0.977714
0.937944 -56.1237 0.977714
0.938094 -56.1135 0.977864
0.938244 -56.1034 0.978014
0.938394 -56.0933 0.978164
0.938544 -56.0832 0.978314
0.938694 -56.0731 0.978464
0.938844  -56.063 0.978614
0.938994 -56.0529 0.978764
0.939145 -56.0428 0.978914
0.939295 -56.0327 0.979065
0.939445 -56.0226 0.979215
0.939595 -56.0125 0.979365
0.939745 -56.0025 0.979515
0.939895 -55.9924 0.979665
0.940045 -55.9823 0.979815
0.940195 -55.9722 0.979965
0.940345 -55.9621 0.980115
0.940495 -55.9521 0.980265
0.940645  -55.942 0.980415
0.940795  -55.932 0.980565
0.940945 -55.9219 0.980715
0.941096 -55.9118 0.980865
0.941246 -55.9018 0.981016
0.941396 -55.8917 0.981166
0.941546 -55.8817 0.981166
0.941696 -55.8716 0.981316
0.941846 -55.8616 0.981466
0.941996 -55.8516 0.981616
0.942146 -55.8415 0.981766
0.942296 -55.8315 0.981916
0.942446 -55.8215 0.982066
0.942596 -55.8114 0.982216
0.942746 -55.8014 0.982366
0.942896 -55.7914 0.982516
0.943047 -55.7814 0.982666
0.943197 -55.7714 0.982816
0.943347 -55.7613 0.982966
0.943497 -55.7513 0.983117
0.943647 -55.7413 0.983267
0.943797 -55.7313 0.983417
0.943947 -55.7213 0.983567
0.944097 -55.7113 0.983717
0.944247 -55.7013 0.983867
0.944397 -55.6914 0.984017
0.944547 -55.6814 0.984167
0.944697 -55.6714 0.984317
0.944847 -55.6614 0.984467
0.944997 -55.6514 0.984617
0.945148 -55.6414 0.984617
0.945298 -55.6315 0.984767
0.945448 -55.6215 0.984917
0.945598 -55.6115 0.985068
0.945748 -55.6016 0.985218
0.945898 -55.5916 0.985368
0.946048 -55.5817 0.985518
0.946198 -55.5717 0.985668
0.946348 -55.5617 0.985818
0.946498 -55.5518 0.985968
0.946648 -55.5418 0.986118
0.946798 -55.5319 0.986268
0.946948  -55.522 0.986418
0.947099  -55.512 0.986568
0.947249 -55.5021 0.986718
0.947399 -55.4922 0.986868
0.947549 -55.4822 0.987019
0.947699 -55.4723 0.987169
0.947849 -55.4624 0.987319
0.947999 -55.4525 0.987469
0.948149 -55.4426 0.987619
0.948299 -55.4326 0.987769
0.948449 -55.4227 0.987919
0.948599 -55.4128 0.988069
0.948749 -55.4029 0.988219
0.948899  -55.393 0.988369
 0.94905 -55.3831 0.988369
  0.9492 -55.3732 0.988519
 0.94935 -55.3633 0.988669
  0.9495 -55.3534 0.988819
 0.94965 -55.3436 0.988969
  0.9498 -55.3337  0.98912
 0.94995 -55.3238  0.98927
  0.9501 -55.3139  0.98942
 0.95025  -55.304  0.98957
  0.9504 -55.2942  0.98972
 0.95055 -55.2843  0.98987
  0.9507 -55.2744  0.99002
 0.95085 -55.2646  0.99017
0.951001 -55.2547  0.99032
0.951151 -55.2448  0.99047
0.951301  -55.235  0.99062
0.951451 -55.2251  0.99077
0.951601 -55.2153  0.99092
0.951751 -55.2054 0.991071
0.951901 -55.1956 0.991221
0.952051 -55.1858 0.991371
0.952201 -55.1759 0.991521
0.952351 -55.1661 0.991671
0.952501 -55.1563 0.991821
0.952651 -55.1464 0.991821
0.952801 -55.1366 0.991971
0.952951 -55.1268 0.992121
0.953102  -55.117 0.992271
0.953252 -55.1071 0.992421
0.953402 -55.0973 0.992571
0.953552 -55.0875 0.992721
0.953702 -55.0777 0.992871
0.953852 -55.0679 0.993022
0.954002 -55.0581 0.993172
0.954152 -55.0483 0.993322
0.954302 -55.0385 0.993472
0.954452 -55.0287 0.993622
0.954602 -55.0189 0.993772
0.954752 -55.0091 0.993922
0.954902 -54.9993 0.994072
0.955053 -54.9896 0.994222
0.955203 -54.9798 0.994372
0.955353   -54.97 0.994522
0.955503 -54.9602 0.994672
0.955653 -54.9505 0.994822
0.955803 -54.9407 0.994972
0.955953 -54.9309 0.995123
0.956103 -54.9212 0.995273
0.956253 -54.9114 0.995423
0.956403 -54.9017 0.995423
0.956553 -54.8919 0.995573
0.956703 -54.8822 0.995723
0.956853 -54.8724 0.995873
0.957004 -54.8627 0.996023
0.957154 -54.8529 0.996173
0.957304 -54.8432 0.996323
0.957454 -54.8334 0.996473
0.957604 -54.8237 0.996623
0.957754  -54.814 0.996773
0.957904 -54.8042 0.996923
0.958054 -54.7945 0.997074
0.958204 -54.7848 0.997224
0.958354 -54.7751 0.997374
0.958504 -54.7654 0.997524
0.958654 -54.7557 0.997674
0.958804 -54.7459 0.997824
0.958954 -54.7362 0.997974
0.959105 -54.7265 0.998124
0.959255 -54.7168 0.998274
0.959405 -54.7071 0.998424
0.959555 -54.6974 0.998574
0.959705 -54.6877 0.998724
0.959855  -54.678 0.998874
0.960005 -54.6684 0.999025
0.960155 -54.6587 0.999025
0.960305  -54.649 0.999175
0.960455 -54.6393 0.999325
0.960605 -54.6296 0.999475
0.960755   -54.62 0.999625
0.960905 -54.6103 0.999775
0.961056 -54.6006 0.999925
0.961206  -54.591  1.00008
0.961356 -54.5813  1.00023
0.961506 -54.5716  1.00038
0.961656  -54.562  1.00053
0.961806 -54.5523  1.00068
0.961956 -54.5427  1.00083
0.962106  -54.533  1.00098
0.962256 -54.5234  1.00113
0.962406 -54.5137  1.00128
0.962556 -54.5041  1.00143
0.962706 -54.4945  1.00158
0.962856 -54.4848  1.00173
0.963007 -54.4752  1.00188
0.963157 -54.4656  1.00203
0.963307 -54.4559  1.00218
0.963457 -54.4463  1.00233
0.963607 -54.4367  1.00248
0.963757 -54.4271  1.00263
0.963907 -54.4175  1.00263
0.964057 -54.4079  1.00278
0.964207 -54.3982  1.00293
0.964357 -54.3886  1.00308
0.964507  -54.379  1.00323
0.964657 -54.3694  1.00338
0.964807 -54.3598  1.00353
0.964957 -54.3502  1.00368
0.965108 -54.3406  1.00383
0.965258 -54.3311  1.00398
0.965408 -54.3215  1.00413
0.965558 -54.3119  1.00428
0.965708 -54.3023  1.00443
0.965858 -54.2927  1.00458
0.966008 -54.2832  1.00473
0.966158 -54.2736  1.00488
0.966308  -54.264  1.00503
0.966458 -54.2544  1.00518
0.966608 -54.2449  1.00533
0.966758 -54.2353  1.00548
0.966908 -54.2258  1.00563
0.967059 -54.2162  1.00578
0.967209 -54.2067  1.00593
0.967359 -54.1971  1.00608
0.967509 -54.1876  1.00623
0.967659  -54.178  1.00623
0.967809 -54.1685  1.00638
0.967959 -54.1589  1.00653
0.968109 -54.1494  1.00668
0.968259 -54.1399  1.00683
0.968409 -54.1303  1.00698
0.968559 -54.1208  1.00713
0.968709 -54.1113  1.00728
0.968859 -54.1018  1.00743
 0.96901 -54.0922  1.00758
 0.96916 -54.0827  1.00773
 0.96931 -54.0732  1.00788
 0.96946 -54.0637  1.00803
 0.96961 -54.0542  1.00818
 0.96976 -54.0447  1.00833
 0.96991 -54.0352  1.00848
 0.97006 -54.0257  1.00863
 0.97021 -54.0162  1.00878
 0.97036 -54.0067  1.00893
 0.97051 -53.9972  1.00908
 0.97066 -53.9877  1.00923
 0.97081 -53.9782  1.00938
 0.97096 -53.9687  1.00953
0.971111 -53.9592  1.00968
0.971261 -53.9498  1.00983
0.971411 -53.9403  1.00998
0.971561 -53.9308  1.00998
0.971711 -53.9213  1.01013
0.971861 -53.9119  1.01028
0.972011 -53.9024  1.01043
0.972161 -53.8929  1.01058
0.972311 -53.8835  1.01073
0.972461  -53.874  1.01088
0.972611 -53.8646  1.01103
0.972761 -53.8551  1.01118
0.972911 -53.8457  1.01133
0.973062 -53.8362  1.01148
0.973212 -53.8268  1.01163
0.973362 -53.8173  1.01178
0.973512 -53.8079  1.01193
0.973662 -53.7985  1.01208
0.973812  -53.789  1.01223
0.973962 -53.7796  1.01238
0.974112 -53.7702  1.01253
0.974262 -53.7608  1.01268
0.974412 -53.7513  1.01283
0.974562 -53.7419  1.01298
0.974712 -53.7325  1.01313
0.974862 -53.7231  1.01328
0.975013 -53.7137  1.01343
0.975163 -53.7043  1.01358
0.975313 -53.6949  1.01358
0.975463 -53.6855  1.01373
0.975613 -53.6761  1.01388
0.975763 -53.6667  1.01403
0.975913 -53.6573  1.01418
0.976063 -53.6479  1.01433
0.976213 -53.6385  1.01448
0.976363 -53.6291  1.01463
0.976513 -53.6197  1.01478
0.976663 -53.6103  1.01493
0.976813  -53.601  1.01508
0.976963 -53.5916  1.01523
0.977114 -53.5822  1.01538
0.977264 -53.5729  1.01553
0.977414 -53.5635  1.01568
0.977564 -53.5541  1.01583
0.977714 -53.5448  1.01598
0.977864 -53.5354  1.01613
0.978014  -53.526  1.01628
0.978164 -53.5167  1.01643
0.978314 -53.5073  1.01658
0.978464  -53.498  1.01673
0.978614 -53.4886  1.01688
0.978764 -53.4793  1.01703
0.978914   -53.47  1.01718
0.979065 -53.4606  1.01718
0.979215 -53.4513  1.01733
0.979365  -53.442  1.01748
0.979515 -53.4326  1.01763
0.979665 -53.4233  1.01778
0.979815  -53.414  1.01793
0.979965 -53.4047  1.01808
0.980115 -53.3953  1.01823
0.980265  -53.386  1.01838
0.980415 -53.3767  1.01853
0.980565 -53.3674  1.01868
0.980715 -53.3581  1.01883
0.980865 -53.3488  1.01898
0.981016 -53.3395  1.01913
0.981166 -53.3302  1.01928
0.981316 -53.3209  1.01943
0.981466 -53.3116  1.01958
0.981616 -53.3023  1.01973
0.981766  -53.293  1.01988
0.981916 -53.2837  1.02004
0.982066 -53.2744  1.02019
0.982216 -53.2652  1.02034
0.982366 -53.2559  1.02049
0.982516 -53.2466  1.02064
0.982666 -53.2373  1.02079
0.982816 -53.2281  1.02079
0.982966 -53.2188  1.02094
0.983117 -53.2095  1.02109
0.983267 -53.2003  1.02124
0.983417  -53.191  1.02139
0.983567 -53.1817  1.02154
0.983717 -53.1725  1.02169
0.983867 -53.1632  1.02184
0.984017  -53.154  1.02199
0.984167 -53.1447  1.02214
0.984317 -53.1355  1.02229
0.984467 -53.1262  1.02244
0.984617  -53.117  1.02259
0.984767 -53.1078  1.02274
0.984917 -53.0985  1.02289
0.985068 -53.0893  1.02304
0.985218 -53.0801  1.02319
0.985368 -53.0708  1.02334
0.985518 -53.0616  1.02349
0.985668 -53.0524  1.02364
0.985818 -53.0432  1.02379
0.985968  -53.034  1.02394
0.986118 -53.0248  1.02409
0.986268 -53.0156  1.02424
0.986418 -53.0063  1.02439
0.986568 -52.9971  1.02439
0.986718 -52.9879  1.02454
0.986868 -52.9787  1.02469
0.987019 -52.9695  1.02484
0.987169 -52.9603  1.02499
0.987319 -52.9512  1.02514
0.987469  -52.942  1.02529
0.987619 -52.9328  1.02544
0.987769 -52.9236  1.02559
0.987919 -52.9144  1.02574
0.988069 -52.9052  1.02589
0.988219 -52.8961  1.02604
0.988369 -52.8869  1.02619
0.988519 -52.8777  1.02634
0.988669 -52.8685  1.02649
0.988819 -52.8594  1.02664
0.988969 -52.8502  1.02679
 0.98912 -52.8411  1.02694
 0.98927 -52.8319  1.02709
 0.98942 -52.8227  1.02724
 0.98957 -52.8136  1.02739
 0.98972 -52.8044  1.02754
 0.98987 -52.7953  1.02769
 0.99002 -52.7861  1.02784
 0.99017  -52.777  1.02799
 0.99032 -52.7679  1.02799
 0.99047 -52.7587  1.02814
 0.99062 -52.7496  1.02829
 0.99077 -52.7405  1.02844
 0.99092 -52.7313  1.02859
0.991071 -52.7222  1.02874
0.991221 -52.7131  1.02889
0.991371  -52.704  1.02904
0.991521 -52.6948  1.02919
0.991671 -52.6857  1.02934
0.991821 -52.6766  1.02949
0.991971 -52.6675  1.02964
0.992121 -52.6584  1.02979
0.992271 -52.6493  1.02994
0.992421 -52.6402  1.03009
0.992571 -52.6311  1.03024
0.992721  -52.622  1.03039
0.992871 -52.6129  1.03054
0.993022 -52.6038  1.03069
0.993172 -52.5947  1.03084
0.993322 -52.5856  1.03099
0.993472 -52.5765  1.03114
0.993622 -52.5675  1.03129
0.993772 -52.5584  1.03144
0.993922 -52.5493  1.03159
0.994072 -52.5402  1.03159
0.994222 -52.5311  1.03174
0.994372 -52.5221  1.03189
0.994522  -52.513  1.03204
0.994672 -52.5039  1.03219
0.994822 -52.4949  1.03234
0.994972 -52.4858  1.03249
0.995123 -52.4768  1.03264
0.995273 -52.4677  1.03279
0.995423 -52.4587  1.03294
0.995573 -52.4496  1.03309
0.995723 -52.4406  1.03324
0.995873 -52.4315  1.03339
0.996023 -52.4225  1.03354
0.996173 -52.4134  1.03369
0.996323 -52.4044  1.03384
0.996473 -52.3954  1.03399
0.996623 -52.3863  1.03414
0.996773 -52.3773  1.03429
0.996923 -52.3683  1.03444
0.997074 -52.3593  1.03459
0.997224 -52.3502  1.03474
0.997374 -52.3412  1.03489
0.997524 -52.3322  1.03504
0.997674 -52.3232  1.03519
0.997824 -52.3142  1.03519
0.997974 -52.3052  1.03534
0.998124 -52.2962  1.03549
0.998274 -52.2872  1.03564
0.998424 -52.2782  1.03579
0.998574 -52.2692  1.03594
0.998724 -52.2602  1.03609
0.998874 -52.2512  1.03624
0.999025 -52.2422  1.03639
0.999175 -52.2332  1.03654
0.999325 -52.2242  1.03669
0.999475 -52.2152  1.03684
0.999625 -52.2063  1.03699
0.999775 -52.1973  1.03714
0.999925 -52.1883  1.03729
 1.00008 -52.1793  1.03744
 1.00023 -52.1704  1.03759
 1.00038 -52.1614  1.03774
 1.00053 -52.1524  1.03789
 1.00068 -52.1435  1.03804
 1.00083 -52.1345  1.03819
 1.00098 -52.1255  1.03834
 1.00113 -52.1166  1.03849
 1.00128 -52.1076  1.03864
 1.00143 -52.0987  1.03864
 1.00158 -52.0897  1.03879
 1.00173 -52.0808  1.03894
 1.00188 -52.0719  1.03909
 1.00203 -52.0629  1.03924
 1.00218  -52.054  1.03939
 1.00233  -52.045  1.03954
 1.00248 -52.0361  1.03969
 1.00263 -52.0272  1.03984
 1.00278 -52.0183  1.03999
 1.00293 -52.0093  1.04015
 1.00308 -52.0004   1.0403
 1.00323 -51.9915  1.04045
 1.00338 -51.9826   1.0406
 1.00353 -51.9737  1.04075
 1.00368 -51.9647   1.0409
 1.00383 -51.9558  1.04105
 1.00398 -51.9469   1.0412
 1.00413  -51.938  1.04135
 1.00428 -51.9291   1.0415
 1.00443 -51.9202  1.04165
 1.00458 -51.9113   1.0418
 1.00473 -51.9024  1.04195
 1.00488 -51.8935   1.0421
 1.00503 -51.8847  1.04225
 1.00518 -51.8758  1.04225
 1.00533 -51.8669   1.0424
 1.00548  -51.858  1.04255
 1.00563 -51.8491   1.0427
 1.00578 -51.8402  1.04285
 1.00593 -51.8314    1.043
 1.00608 -51.8225  1.04315
 1.00623 -51.8136   1.0433
 1.00638 -51.8048  1.04345
 1.00653 -51.7959   1.0436
 1.00668  -51.787  1.04375
 1.00683 -51.7782   1.0439
 1.00698 -51.7693  1.04405
 1.00713 -51.7605   1.0442
 1.00728 -51.7516  1.04435
 1.00743 -51.7428   1.0445
 1.00758 -51.7339  1.04465
 1.00773 -51.7251   1.0448
 1.00788 -51.7162  1.04495
 1.00803 -51.7074   1.0451
 1.00818 -51.6986  1.04525
 1.00833 -51.6897   1.0454
 1.00848 -51.6809  1.04555
 1.00863 -51.6721   1.0457
 1.00878 -51.6632   1.0457
 1.00893 -51.6544  1.04585
 1.00908 -51.6456    1.046
 1.00923 -51.6368  1.04615
 1.00938  -51.628   1.0463
 1.00953 -51.6191  1.04645
 1.00968 -51.6103   1.0466
 1.00983 -51.6015  1.04675
 1.00998 -51.5927   1.0469
 1.01013 -51.5839  1.04705
 1.01028 -51.5751   1.0472
 1.01043 -51.5663  1.04735
 1.01058 -51.5575   1.0475
 1.01073 -51.5487  1.04765
 1.01088 -51.5399   1.0478
 1.01103 -51.5311  1.04795
 1.01118 -51.5223   1.0481
 1.01133 -51.5136  1.04825
 1.01148 -51.5048   1.0484
 1.01163  -51.496  1.04855
 1.01178 -51.4872   1.0487
 1.01193 -51.4784  1.04885
 1.01208 -51.4697    1.049
 1.01223 -51.4609  1.04915
 1.01238 -51.4521  1.04915
 1.01253 -51.4434   1.0493
 1.01268 -51.4346  1.04945
 1.01283 -51.4258   1.0496
 1.01298 -51.4171  1.04975
 1.01313 -51.4083   1.0499
 1.01328 -51.3996  1.05005
 1.01343 -51.3908   1.0502
 1.01358 -51.3821  1.05035
 1.01373 -51.3733   1.0505
 1.01388 -51.3646  1.05065
 1.01403 -51.3559   1.0508
 1.01418 -51.3471  1.05095
 1.01433 -51.3384   1.0511
 1.01448 -51.3296  1.05125
 1.01463 -51.3209   1.0514
 1.01478 -51.3122  1.05155
 1.01493 -51.3035   1.0517
 1.01508 -51.2947  1.05185
 1.01523  -51.286    1.052
 1.01538 -51.2773  1.05215
 1.01553 -51.2686   1.0523
 1.01568 -51.2599  1.05245
 1.01583 -51.2512   1.0526
 1.01598 -51.2425   1.0526
 1.01613 -51.2338  1.05275
 1.01628  -51.225   1.0529
 1.01643 -51.2163  1.05305
 1.01658 -51.2076   1.0532
 1.01673  -51.199  1.05335
 1.01688 -51.1903   1.0535
 1.01703 -51.1816  1.05365
 1.01718 -51.1729   1.0538
 1.01733 -51.1642  1.05395
 1.01748 -51.1555   1.0541
 1.01763 -51.1468  1.05425
 1.01778 -51.1381   1.0544
 1.01793 -51.1295  1.05455
 1.01808 -51.1208   1.0547
 1.01823 -51.1121  1.05485
 1.01838 -51.1035    1.055
 1.01853 -51.0948  1.05515
 1.01868 -51.0861   1.0553
 1.01883 -51.0775  1.05545
 1.01898 -51.0688   1.0556
 1.01913 -51.0601  1.05575
 1.01928 -51.0515   1.0559
 1.01943 -51.0428   1.0559
 1.01958 -51.0342  1.05605
 1.01973 -51.0255   1.0562
 1.01988 -51.0169  1.05635
 1.02004 -51.0083   1.0565
 1.02019 -50.9996  1.05665
 1.02034  -50.991   1.0568
 1.02049 -50.9823  1.05695
 1.02064 -50.9737   1.0571
 1.02079 -50.9651  1.05725
 1.02094 -50.9565   1.0574
 1.02109 -50.9478  1.05755
 1.02124 -50.9392   1.0577
 1.02139 -50.9306  1.05785
 1.02154  -50.922    1.058
 1.02169 -50.9134  1.05815
 1.02184 -50.9047   1.0583
 1.02199 -50.8961  1.05845
 1.02214 -50.8875   1.0586
 1.02229 -50.8789  1.05875
 1.02244 -50.8703   1.0589
 1.02259 -50.8617  1.05905
 1.02274 -50.8531   1.0592
 1.02289 -50.8445   1.0592
 1.02304 -50.8359  1.05935
 1.02319 -50.8273   1.0595
 1.02334 -50.8187  1.05965
 1.02349 -50.8102   1.0598
 1.02364 -50.8016  1.05995
 1.02379  -50.793  1.06011
 1.02394 -50.7844  1.06026
 1.02409 -50.7758  1.06041
 1.02424 -50.7673  1.06056
 1.02439 -50.7587  1.06071
 1.02454 -50.7501  1.06086
 1.02469 -50.7415  1.06101
 1.02484  -50.733  1.06116
 1.02499 -50.7244  1.06131
 1.02514 -50.7159  1.06146
 1.02529 -50.7073  1.06161
 1.02544 -50.6987  1.06176
 1.02559 -50.6902  1.06191
 1.02574 -50.6816  1.06206
 1.02589 -50.6731  1.06221
 1.02604 -50.6646  1.06236
 1.02619  -50.656  1.06251
 1.02634 -50.6475  1.06251
 1.02649 -50.6389  1.06266
 1.02664 -50.6304  1.06281
 1.02679 -50.6219  1.06296
 1.02694 -50.6133  1.06311
 1.02709 -50.6048  1.06326
 1.02724 -50.5963  1.06341
 1.02739 -50.5878  1.06356
 1.02754 -50.5792  1.06371
 1.02769 -50.5707  1.06386
 1.02784 -50.5622  1.06401
 1.02799 -50.5537  1.06416
 1.02814 -50.5452  1.06431
 1.02829 -50.5367  1.06446
 1.02844 -50.5282  1.06461
 1.02859 -50.5197  1.06476
 1.02874 -50.5112  1.06491
 1.02889 -50.5027  1.06506
 1.02904 -50.4942  1.06521
 1.02919 -50.4857  1.06536
 1.02934 -50.4772  1.06551
 1.02949 -50.4687  1.06566
 1.02964 -50.4602  1.06566
 1.02979 -50.4517  1.06581
 1.02994 -50.4432  1.06596
 1.03009 -50.4347  1.06611
 1.03024 -50.4263  1.06626
 1.03039 -50.4178  1.06641
 1.03054 -50.4093  1.06656
 1.03069 -50.4008  1.06671
 1.03084 -50.3924  1.06686
 1.03099 -50.3839  1.06701
 1.03114 -50.3754  1.06716
 1.03129  -50.367  1.06731
 1.03144 -50.3585  1.06746
 1.03159 -50.3501  1.06761
 1.03174 -50.3416  1.06776
 1.03189 -50.3332  1.06791
 1.03204 -50.3247  1.06806
 1.03219 -50.3163  1.06821
 1.03234 -50.3078  1.06836
 1.03249 -50.2994  1.06851
 1.03264  -50.291  1.06866
 1.03279 -50.2825  1.06881
 1.03294 -50.2741  1.06881
 1.03309 -50.2656  1.06896
 1.03324 -50.2572  1.06911
 1.03339 -50.2488  1.06926
 1.03354 -50.2404  1.06941
 1.03369 -50.2319  1.06956
 1.03384 -50.2235  1.06971
 1.03399 -50.2151  1.06986
 1.03414 -50.2067  1.07001
 1.03429 -50.1983  1.07016
 1.03444 -50.1899  1.07031
 1.03459 -50.1815  1.07046
 1.03474 -50.1731  1.07061
 1.03489 -50.1646  1.07076
 1.03504 -50.1562  1.07091
 1.03519 -50.1478  1.07106
 1.03534 -50.1395  1.07121
 1.03549 -50.1311  1.07136
 1.03564 -50.1227  1.07151
 1.03579 -50.1143  1.07166
 1.03594 -50.1059  1.07181
 1.03609 -50.0975  1.07181
 1.03624 -50.0891  1.07196
 1.03639 -50.0807  1.07211
 1.03654 -50.0724  1.07226
 1.03669  -50.064  1.07241
 1.03684 -50.0556  1.07256
 1.03699 -50.0473  1.07271
 1.03714 -50.0389  1.07286
 1.03729 -50.0305  1.07301
 1.03744 -50.0222  1.07316
 1.03759 -50.0138  1.07331
 1.03774 -50.0054  1.07346
 1.03789 -49.9971  1.07361
 1.03804 -49.9887  1.07376
 1.03819 -49.9804  1.07391
 1.03834  -49.972  1.07406
 1.03849 -49.9637  1.07421
 1.03864 -49.9553  1.07436
 1.03879  -49.947  1.07451
 1.03894 -49.9387  1.07466
 1.03909 -49.9303  1.07481
 1.03924  -49.922  1.07481
 1.03939 -49.9137  1.07496
 1.03954 -49.9053  1.07511
 1.03969  -49.897  1.07526
 1.03984 -49.8887  1.07541
 1.03999 -49.8804  1.07556
 1.04015  -49.872  1.07571
  1.0403 -49.8637  1.07586
 1.04045 -49.8554  1.07601
  1.0406 -49.8471  1.07616
 1.04075 -49.8388  1.07631
  1.0409 -49.8305  1.07646
 1.04105 -49.8222  1.07661
  1.0412 -49.8139  1.07676
 1.04135 -49.8056  1.07691
  1.0415 -49.7973  1.07706
 1.04165  -49.789  1.07721
  1.0418 -49.7807  1.07736
 1.04195 -49.7724  1.07751
  1.0421 -49.7641  1.07766
 1.04225 -49.7558  1.07766
  1.0424 -49.7475  1.07781
 1.04255 -49.7392  1.07796
  1.0427  -49.731  1.07811
 1.04285 -49.7227  1.07826
   1.043 -49.7144  1.07841
 1.04315 -49.7061  1.07856
  1.0433 -49.6979  1.07871
 1.04345 -49.6896  1.07886
  1.0436 -49.6813  1.07901
 1.04375 -49.6731  1.07916
  1.0439 -49.6648  1.07931
 1.04405 -49.6565  1.07946
  1.0442 -49.6483  1.07961
 1.04435   -49.64  1.07976
  1.0445 -49.6318  1.07991
 1.04465 -49.6235  1.08007
  1.0448 -49.6153  1.08022
 1.04495  -49.607  1.08037
  1.0451 -49.5988  1.08052
 1.04525 -49.5906  1.08052
  1.0454 -49.5823  1.08067
 1.04555 -49.5741  1.08082
  1.0457 -49.5659  1.08097
 1.04585 -49.5576  1.08112
   1.046 -49.5494  1.08127
 1.04615 -49.5412  1.08142
  1.0463  -49.533  1.08157
 1.04645 -49.5247  1.08172
  1.0466 -49.5165  1.08187
 1.04675 -49.5083  1.08202
  1.0469 -49.5001  1.08217
 1.04705 -49.4919  1.08232
  1.0472 -49.4837  1.08247
 1.04735 -49.4755  1.08262
  1.0475 -49.4673  1.08277
 1.04765 -49.4591  1.08292
  1.0478 -49.4509  1.08307
 1.04795 -49.4427  1.08322
  1.0481 -49.4345  1.08337
 1.04825 -49.4263  1.08337
  1.0484 -49.4181  1.08352
 1.04855 -49.4099  1.08367
  1.0487 -49.4017  1.08382
 1.04885 -49.3935  1.08397
   1.049 -49.3853  1.08412
 1.04915 -49.3772  1.08427
  1.0493  -49.369  1.08442
 1.04945 -49.3608  1.08457
  1.0496 -49.3526  1.08472
 1.04975 -49.3445  1.08487
  1.0499 -49.3363  1.08502
 1.05005 -49.3281  1.08517
  1.0502   -49.32  1.08532
 1.05035 -49.3118  1.08547
  1.0505 -49.3037  1.08562
 1.05065 -49.2955  1.08577
  1.0508 -49.2874  1.08592
 1.05095 -49.2792  1.08592
  1.0511 -49.2711  1.08607
 1.05125 -49.2629  1.08622
  1.0514 -49.2548  1.08637
 1.05155 -49.2466  1.08652
  1.0517 -49.2385  1.08667
 1.05185 -49.2304  1.08682
   1.052 -49.2222  1.08697
 1.05215 -49.2141  1.08712
  1.0523  -49.206  1.08727
 1.05245 -49.1979  1.08742
  1.0526 -49.1897  1.08757
 1.05275 -49.1816  1.08772
  1.0529 -49.1735  1.08787
 1.05305 -49.1654  1.08802
  1.0532 -49.1573  1.08817
 1.05335 -49.1491  1.08832
  1.0535  -49.141  1.08847
 1.05365 -49.1329  1.08862
  1.0538 -49.1248  1.08862
 1.05395 -49.1167  1.08877
  1.0541 -49.1086  1.08892
 1.05425 -49.1005  1.08907
  1.0544 -49.0924  1.08922
 1.05455 -49.0843  1.08937
  1.0547 -49.0763  1.08952
 1.05485 -49.0682  1.08967
   1.055 -49.0601  1.08982
 1.05515  -49.052  1.08997
  1.0553 -49.0439  1.09012
 1.05545 -49.0358  1.09027
  1.0556 -49.0278  1.09042
 1.05575 -49.0197  1.09057
  1.0559 -49.0116  1.09072
 1.05605 -49.0036  1.09087
  1.0562 -48.9955  1.09102
 1.05635 -48.9874  1.09117
  1.0565 -48.9794  1.09117
 1.05665 -48.9713  1.09132
  1.0568 -48.9632  1.09147
 1.05695 -48.9552  1.09162
  1.0571 -48.9471  1.09177
 1.05725 -48.9391  1.09192
  1.0574  -48.931  1.09207
 1.05755  -48.923  1.09222
  1.0577  -48.915  1.09237
 1.05785 -48.9069  1.09252
   1.058 -48.8989  1.09267
 1.05815 -48.8908  1.09282
  1.0583 -48.8828  1.09297
 1.05845 -48.8748  1.09312
  1.0586 -48.8667  1.09327
 1.05875 -48.8587  1.09342
  1.0589 -48.8507  1.09357
 1.05905 -48.8427  1.09357
  1.0592 -48.8347  1.09372
 1.05935 -48.8266  1.09387
  1.0595 -48.8186  1.09402
 1.05965 -48.8106  1.09417
  1.0598 -48.8026  1.09432
 1.05995 -48.7946  1.09447
 1.06011 -48.7866  1.09462
 1.06026 -48.7786  1.09477
 1.06041 -48.7706  1.09492
 1.06056 -48.7626  1.09507
 1.06071 -48.7546  1.09522
 1.06086 -48.7466  1.09537
 1.06101 -48.7386  1.09552
 1.06116 -48.7306  1.09567
 1.06131 -48.7227  1.09567
 1.06146 -48.7147  1.09582
 1.06161 -48.7067  1.09597
 1.06176 -48.6987  1.09612
 1.06191 -48.6908  1.09627
 1.06206 -48.6828  1.09642
 1.06221 -48.6748  1.09657
 1.06236 -48.6668  1.09672
 1.06251 -48.6589  1.09687
 1.06266 -48.6509  1.09702
 1.06281  -48.643  1.09717
 1.06296  -48.635  1.09732
 1.06311 -48.6271  1.09747
 1.06326 -48.6191  1.09762
 1.06341 -48.6112  1.09762
 1.06356 -48.6032  1.09777
 1.06371 -48.5953  1.09792
 1.06386 -48.5873  1.09807
 1.06401 -48.5794  1.09822
 1.06416 -48.5714  1.09837
 1.06431 -48.5635  1.09852
 1.06446 -48.5556  1.09867
 1.06461 -48.5477  1.09882
 1.06476 -48.5397  1.09897
 1.06491 -48.5318  1.09912
 1.06506 -48.5239  1.09927
 1.06521  -48.516  1.09942
 1.06536  -48.508  1.09957
 1.06551 -48.5001  1.09957
 1.06566 -48.4922  1.09972
 1.06581 -48.4843  1.09987
 1.06596 -48.4764  1.10003
 1.06611 -48.4685  1.10018
 1.06626 -48.4606  1.10033
 1.06641 -48.4527  1.10048
 1.06656 -48.4448  1.10063
 1.06671 -48.4369  1.10078
 1.06686  -48.429  1.10093
 1.06701 -48.4211  1.10108
 1.06716 -48.4132  1.10123
 1.06731 -48.4054  1.10138
 1.06746 -48.3975  1.10153
 1.06761 -48.3896  1.10153
 1.06776 -48.3817  1.10168
 1.06791 -48.3739  1.10183
 1.06806  -48.366  1.10198
 1.06821 -48.3581  1.10213
 1.06836 -48.3502  1.10228
 1.06851 -48.3424  1.10243
 1.06866 -48.3345  1.10258
 1.06881 -48.3267  1.10273
 1.06896 -48.3188  1.10288
 1.06911  -48.311  1.10303
 1.06926 -48.3031  1.10318
 1.06941 -48.2953  1.10333
 1.06956 -48.2874  1.10348
 1.06971 -48.2796  1.10348
 1.06986 -48.2717  1.10363
 1.07001 -48.2639  1.10378
 1.07016  -48.256  1.10393
 1.07031 -48.2482  1.10408
 1.07046 -48.2404  1.10423
 1.07061 -48.2326  1.10438
 1.07076 -48.2247  1.10453
 1.07091 -48.2169  1.10468
 1.07106 -48.2091  1.10483
 1.07121 -48.2013  1.10498
 1.07136 -48.1934  1.10513
 1.07151 -48.1856  1.10528
 1.07166 -48.1778  1.10528
 1.07181   -48.17  1.10543
 1.07196 -48.1622  1.10558
 1.07211 -48.1544  1.10573
 1.07226 -48.1466  1.10588
 1.07241 -48.1388  1.10603
 1.07256  -48.131  1.10618
 1.07271 -48.1232  1.10633
 1.07286 -48.1154  1.10648
 1.07301 -48.1076  1.10663
 1.07316 -48.0998  1.10678
 1.07331 -48.0921  1.10693
 1.07346 -48.0843  1.10708
 1.07361 -48.0765  1.10708
 1.07376 -48.0687  1.10723
 1.07391  -48.061  1.10738
 1.07406 -48.0532  1.10753
 1.07421 -48.0454  1.10768
 1.07436 -48.0376  1.10783
 1.07451 -48.0299  1.10798
 1.07466 -48.0221  1.10813
 1.07481 -48.0144  1.10828
 1.07496 -48.0066  1.10843
 1.07511 -47.9989  1.10858
 1.07526 -47.9911  1.10873
 1.07541 -47.9834  1.10888
 1.07556 -47.9756  1.10888
 1.07571 -47.9679  1.10903
 1.07586 -47.9601  1.10918
 1.07601 -47.9524  1.10933
 1.07616 -47.9446  1.10948
 1.07631 -47.9369  1.10963
 1.07646 -47.9292  1.10978
 1.07661 -47.9214  1.10993
 1.07676 -47.9137  1.11008
 1.07691  -47.906  1.11023
 1.07706 -47.8983  1.11038
 1.07721 -47.8906  1.11053
 1.07736 -47.8828  1.11068
 1.07751 -47.8751  1.11068
 1.07766 -47.8674  1.11083
 1.07781 -47.8597  1.11098
 1.07796  -47.852  1.11113
 1.07811 -47.8443  1.11128
 1.07826 -47.8366  1.11143
 1.07841 -47.8289  1.11158
 1.07856 -47.8212  1.11173
 1.07871 -47.8135  1.11188
 1.07886 -47.8058  1.11203
 1.07901 -47.7981  1.11218
 1.07916 -47.7904  1.11233
 1.07931 -47.7828  1.11248
 1.07946 -47.7751  1.11248
 1.07961 -47.7674  1.11263
 1.07976 -47.7597  1.11278
 1.07991  -47.752  1.11293
 1.08007 -47.7444  1.11308
 1.08022 -47.7367  1.11323
 1.08037  -47.729  1.11338
 1.08052 -47.7214  1.11353
 1.08067 -47.7137  1.11368
 1.08082 -47.7061  1.11383
 1.08097 -47.6984  1.11398
 1.08112 -47.6907  1.11413
 1.08127 -47.6831  1.11428
 1.08142 -47.6754  1.11428
 1.08157 -47.6678  1.11443
 1.08172 -47.6602  1.11458
 1.08187 -47.6525  1.11473
 1.08202 -47.6449  1.11488
 1.08217 -47.6372  1.11503
 1.08232 -47.6296  1.11518
 1.08247  -47.622  1.11533
 1.08262 -47.6143  1.11548
 1.08277 -47.6067  1.11563
 1.08292 -47.5991  1.11563
 1.08307 -47.5915  1.11578
 1.08322 -47.5839  1.11593
 1.08337 -47.5762  1.11608
 1.08352 -47.5686  1.11623
 1.08367  -47.561  1.11638
 1.08382 -47.5534  1.11653
 1.08397 -47.5458  1.11668
 1.08412 -47.5382  1.11683
 1.08427 -47.5306  1.11698
 1.08442  -47.523  1.11713
 1.08457 -47.5154  1.11713
 1.08472 -47.5078  1.11728
 1.08487 -47.5002  1.11743
 1.08502 -47.4927  1.11758
 1.08517 -47.4851  1.11773
 1.08532 -47.4775  1.11788
 1.08547 -47.4699  1.11803
 1.08562 -47.4623  1.11818
 1.08577 -47.4548  1.11833
 1.08592 -47.4472  1.11848
 1.08607 -47.4396  1.11863
 1.08622 -47.4321  1.11863
 1.08637 -47.4245  1.11878
 1.08652 -47.4169  1.11893
 1.08667 -47.4094  1.11908
 1.08682 -47.4018  1.11923
 1.08697 -47.3943  1.11938
 1.08712 -47.3867  1.11953
 1.08727 -47.3792  1.11968
 1.08742 -47.3716  1.11983
 1.08757 -47.3641  1.11998
 1.08772 -47.3566  1.11998
 1.08787  -47.349  1.12014
 1.08802 -47.3415  1.12029
 1.08817  -47.334  1.12044
 1.08832 -47.3264  1.12059
 1.08847 -47.3189  1.12074
 1.08862 -47.3114  1.12089
 1.08877 -47.3039  1.12104
 1.08892 -47.2963  1.12119
 1.08907 -47.2888  1.12134
 1.08922 -47.2813  1.12134
 1.08937 -47.2738  1.12149
 1.08952 -47.2663  1.12164
 1.08967 -47.2588  1.12179
 1.08982 -47.2513  1.12194
 1.08997 -47.2438  1.12209
 1.09012 -47.2363  1.12224
 1.09027 -47.2288  1.12239
 1.09042 -47.2213  1.12254
 1.09057 -47.2138  1.12269
 1.09072 -47.2064  1.12269
 1.09087 -47.1989  1.12284
 1.09102 -47.1914  1.12299
 1.09117 -47.1839  1.12314
 1.09132 -47.1764  1.12329
 1.09147  -47.169  1.12344
 1.09162 -47.1615  1.12359
 1.09177  -47.154  1.12374
 1.09192 -47.1466  1.12389
 1.09207 -47.1391  1.12389
 1.09222 -47.1317  1.12404
 1.09237 -47.1242  1.12419
 1.09252 -47.1167  1.12434
 1.09267 -47.1093  1.12449
 1.09282 -47.1019  1.12464
 1.09297 -47.0944  1.12479
 1.09312  -47.087  1.12494
 1.09327 -47.0795  1.12509
 1.09342 -47.0721  1.12509
 1.09357 -47.0647  1.12524
 1.09372 -47.0572  1.12539
 1.09387 -47.0498  1.12554
 1.09402 -47.0424  1.12569
 1.09417  -47.035  1.12569
 1.09432 -47.0276  1.12584
 1.09447 -47.0202  1.12599
 1.09462 -47.0127  1.12614
 1.09477 -47.0053  1.12629
 1.09492 -46.9979  1.12644
 1.09507 -46.9906  1.12644
 1.09522 -46.9832  1.12659
 1.09537 -46.9758  1.12674
 1.09552 -46.9684  1.12689
 1.09567  -46.961  1.12704
 1.09582 -46.9536  1.12704
 1.09597 -46.9463  1.12719
 1.09612 -46.9389  1.12734
 1.09627 -46.9315  1.12749
 1.09642 -46.9242  1.12764
 1.09657 -46.9168  1.12764
 1.09672 -46.9095  1.12779
 1.09687 -46.9021  1.12794
 1.09702 -46.8948  1.12809
 1.09717 -46.8874  1.12824
 1.09732 -46.8801  1.12839
 1.09747 -46.8727  1.12839
 1.09762 -46.8654  1.12854
 1.09777 -46.8581  1.12869
 1.09792 -46.8507  1.12884
 1.09807 -46.8434  1.12899
 1.09822 -46.8361  1.12899
 1.09837 -46.8288  1.12914
 1.09852 -46.8215  1.12929
 1.09867 -46.8142  1.12944
 1.09882 -46.8069  1.12959
 1.09897 -46.7996  1.12959
 1.09912 -46.7923  1.12974
 1.09927  -46.785  1.12989
 1.09942 -46.7777  1.13004
 1.09957 -46.7704  1.13019
 1.09972 -46.7631  1.13034
 1.09987 -46.7558  1.13034
 1.10003 -46.7486  1.13049
 1.10018 -46.7413  1.13064
 1.10033  -46.734  1.13079
 1.10048 -46.7268  1.13094
 1.10063 -46.7195  1.13094
 1.10078 -46.7122  1.13109
 1.10093  -46.705  1.13124
 1.10108 -46.6977  1.13139
 1.10123 -46.6905  1.13154
 1.10138 -46.6833  1.13154
 1.10153  -46.676  1.13169
 1.10168 -46.6688  1.13184
 1.10183 -46.6615  1.13199
 1.10198 -46.6543  1.13214
 1.10213 -46.6471  1.13229
 1.10228 -46.6399  1.13229
 1.10243 -46.6326  1.13244
 1.10258 -46.6254  1.13259
 1.10273 -46.6182  1.13274
 1.10288  -46.611  1.13289
 1.10303 -46.6038  1.13289
 1.10318 -46.5966  1.13304
 1.10333 -46.5894  1.13319
 1.10348 -46.5822  1.13334
 1.10363  -46.575  1.13349
 1.10378 -46.5678  1.13349
 1.10393 -46.5607  1.13364
 1.10408 -46.5535  1.13379
 1.10423 -46.5463  1.13394
 1.10438 -46.5391  1.13409
 1.10453  -46.532  1.13424
 1.10468 -46.5248  1.13424
 1.10483 -46.5176  1.13439
 1.10498 -46.5105  1.13454
 1.10513 -46.5033  1.13469
 1.10528 -46.4962  1.13484
 1.10543  -46.489  1.13484
 1.10558 -46.4819  1.13499
 1.10573 -46.4747  1.13514
 1.10588 -46.4676  1.13529
 1.10603 -46.4605  1.13544
 1.10618 -46.4533  1.13559
 1.10633 -46.4462  1.13559
 1.10648 -46.4391  1.13574
 1.10663  -46.432  1.13589
 1.10678 -46.4248  1.13604
 1.10693 -46.4177  1.13619
 1.10708 -46.4106  1.13619
 1.10723 -46.4035  1.13634
 1.10738 -46.3964  1.13649
 1.10753 -46.3893  1.13664
 1.10768 -46.3822  1.13679
 1.10783 -46.3751  1.13679
 1.10798  -46.368  1.13694
 1.10813 -46.3609  1.13709
 1.10828 -46.3539  1.13724
 1.10843 -46.3468  1.13739
 1.10858 -46.3397  1.13739
 1.10873 -46.3326  1.13754
 1.10888 -46.3256  1.13769
 1.10903 -46.3185  1.13784
 1.10918 -46.3115  1.13799
 1.10933 -46.3044  1.13799
 1.10948 -46.2973  1.13814
 1.10963 -46.2903  1.13829
 1.10978 -46.2833  1.13844
 1.10993 -46.2762  1.13859
 1.11008 -46.2692  1.13859
 1.11023 -46.2621  1.13874
 1.11038 -46.2551  1.13889
 1.11053 -46.2481  1.13904
 1.11068  -46.241  1.13919
 1.11083  -46.234  1.13919
 1.11098  -46.227  1.13934
 1.11113   -46.22  1.13949
 1.11128  -46.213  1.13964
 1.11143  -46.206  1.13979
 1.11158  -46.199  1.13994
 1.11173  -46.192  1.13994
 1.11188  -46.185   1.1401
 1.11203  -46.178  1.14025
 1.11218  -46.171   1.1404
 1.11233  -46.164  1.14055
 1.11248  -46.157  1.14055
 1.11263   -46.15   1.1407
 1.11278 -46.1431  1.14085
 1.11293 -46.1361    1.141
 1.11308 -46.1291  1.14115
 1.11323 -46.1222  1.14115
 1.11338 -46.1152   1.1413
 1.11353 -46.1082  1.14145
 1.11368 -46.1013   1.1416
 1.11383 -46.0943  1.14175
 1.11398 -46.0874  1.14175
 1.11413 -46.0804   1.1419
 1.11428 -46.0735  1.14205
 1.11443 -46.0666   1.1422
 1.11458 -46.0596  1.14235
 1.11473 -46.0527  1.14235
 1.11488 -46.0458   1.1425
 1.11503 -46.0388  1.14265
 1.11518 -46.0319   1.1428
 1.11533  -46.025  1.14295
 1.11548 -46.0181  1.14295
 1.11563 -46.0112   1.1431
 1.11578 -46.0043  1.14325
 1.11593 -45.9974   1.1434
 1.11608 -45.9905   1.1434
 1.11623 -45.9836  1.14355
 1.11638 -45.9767   1.1437
 1.11653 -45.9698  1.14385
 1.11668 -45.9629    1.144
 1.11683  -45.956  1.14415
 1.11698 -45.9492  1.14415
 1.11713 -45.9423   1.1443
 1.11728 -45.9354  1.14445
 1.11743 -45.9285   1.1446
 1.11758 -45.9217  1.14475
 1.11773 -45.9148  1.14475
 1.11788  -45.908   1.1449
 1.11803 -45.9011  1.14505
 1.11818 -45.8943   1.1452
 1.11833 -45.8874  1.14535
 1.11848 -45.8806  1.14535
 1.11863 -45.8737   1.1455
 1.11878 -45.8669  1.14565
 1.11893 -45.8601   1.1458
 1.11908 -45.8532   1.1458
 1.11923 -45.8464  1.14595
 1.11938 -45.8396   1.1461
 1.11953 -45.8328  1.14625
 1.11968  -45.826  1.14625
 1.11983 -45.8191   1.1464
 1.11998 -45.8123  1.14655
 1.12014 -45.8055  1.14655
 1.12029 -45.7987   1.1467
 1.12044  -45.792  1.14685
 1.12059 -45.7852    1.147
 1.12074 -45.7784    1.147
 1.12089 -45.7716  1.14715
 1.12104 -45.7648   1.1473
 1.12119 -45.7581  1.14745
 1.12134 -45.7513  1.14745
 1.12149 -45.7445   1.1476
 1.12164 -45.7378  1.14775
 1.12179  -45.731  1.14775
 1.12194 -45.7243   1.1479
 1.12209 -45.7175  1.14805
 1.12224 -45.7108   1.1482
 1.12239 -45.7041   1.1482
 1.12254 -45.6973  1.14835
 1.12269 -45.6906   1.1485
 1.12284 -45.6839  1.14865
 1.12299 -45.6771  1.14865
 1.12314 -45.6704   1.1488
 1.12329 -45.6637  1.14895
 1.12344  -45.657   1.1491
 1.12359 -45.6503   1.1491
 1.12374 -45.6436  1.14925
 1.12389 -45.6369   1.1494
 1.12404 -45.6302   1.1494
 1.12419 -45.6235  1.14955
 1.12434 -45.6168   1.1497
 1.12449 -45.6102  1.14985
 1.12464 -45.6035  1.14985
 1.12479 -45.5968     1.15
 1.12494 -45.5902     1.15
 1.12509 -45.5835     1.15
 1.12524 -45.5769     1.15
 1.12539 -45.5702     1.15
 1.12554 -45.5636     1.15
 1.12569  -45.557     1.15
 1.12584 -45.5504     1.15
 1.12599 -45.5438     1.15
 1.12614 -45.5373     1.15
 1.12629 -45.5307     1.15
 1.12644 -45.5242     1.15
 1.12659 -45.5176     1.15
 1.12674 -45.5111     1.15
 1.12689 -45.5046     1.15
 1.12704 -45.4981     1.15
 1.12719 -45.4916     1.15
 1.12734 -45.4851     1.15
 1.12749 -45.4786     1.15
 1.12764 -45.4722     1.15
 1.12779 -45.4657     1.15
 1.12794 -45.4593     1.15
 1.12809 -45.4529     1.15
 1.12824 -45.4465     1.15
 1.12839 -45.4401     1.15
 1.12854 -45.4337     1.15
 1.12869 -45.4273     1.15
 1.12884 -45.4209     1.15
 1.12899 -45.4146     1.15
 1.12914 -45.4082     1.15
 1.12929 -45.4019     1.15
 1.12944 -45.3956     1.15
 1.12959 -45.3893     1.15
 1.12974  -45.383     1.15
 1.12989 -45.3767     1.15
 1.13004 -45.3704     1.15
 1.13019 -45.3641     1.15
 1.13034 -45.3579     1.15
 1.13049 -45.3516     1.15
 1.13064 -45.3454     1.15
 1.13079 -45.3392     1.15
 1.13094  -45.333     1.15
 1.13109 -45.3268     1.15
 1.13124 -45.3206     1.15
 1.13139 -45.3144     1.15
 1.13154 -45.3082     1.15
 1.13169  -45.302     1.15
 1.13184 -45.2959     1.15
 1.13199 -45.2898     1.15
 1.13214 -45.2836     1.15
 1.13229 -45.2775     1.15
 1.13244 -45.2714     1.15
 1.13259 -45.2653     1.15
 1.13274 -45.2592     1.15
 1.13289 -45.2531     1.15
 1.13304 -45.2471     1.15
 1.13319  -45.241     1.15
 1.13334  -45.235     1.15
 1.13349 -45.2289     1.15
 1.13364 -45.2229     1.15
 1.13379 -45.2169     1.15
 1.13394 -45.2109     1.15
 1.13409 -45.2049     1.15
 1.13424 -45.1989     1.15
 1.13439 -45.1929     1.15
 1.13454  -45.187     1.15
 1.13469  -45.181     1.15
 1.13484 -45.1751     1.15
 1.13499 -45.1691     1.15
 1.13514 -45.1632     1.15
 1.13529 -45.1573     1.15
 1.13544 -45.1514     1.15
 1.13559 -45.1455     1.15
 1.13574 -45.1396     1.15
 1.13589 -45.1338     1.15
 1.13604 -45.1279     1.15
 1.13619 -45.1221     1.15
 1.13634 -45.1162     1.15
 1.13649 -45.1104     1.15
 1.13664 -45.1046     1.15
 1.13679 -45.0987     1.15
 1.13694 -45.0929     1.15
 1.13709 -45.0872     1.15
 1.13724 -45.0814     1.15
 1.13739 -45.0756     1.15
 1.13754 -45.0698     1.15
 1.13769 -45.0641     1.15
 1.13784 -45.0583     1.15
 1.13799 -45.0526     1.15
 1.13814 -45.0469     1.15
 1.13829 -45.0412     1.15
 1.13844 -45.0355     1.15
 1.13859 -45.0298     1.15
 1.13874 -45.0241     1.15
 1.13889 -45.0184     1.15
 1.13904 -45.0127     1.15
 1.13919 -45.0071     1.15
 1.13934 -45.0014     1.15
 1.13949 -44.9958     1.15
 1.13964 -44.9902     1.15
 1.13979 -44.9846     1.15
 1.13994  -44.979     1.15
  1.1401 -44.9734     1.15
 1.14025 -44.9678     1.15
  1.1404 -44.9622     1.15
 1.14055 -44.9566     1.15
  1.1407 -44.9511     1.15
 1.14085 -44.9455     1.15
   1.141   -44.94     1.15
 1.14115 -44.9344     1.15
  1.1413 -44.9289     1.15
 1.14145 -44.9234     1.15
  1.1416 -44.9179     1.15
 1.14175 -44.9124     1.15
  1.1419 -44.9069     1.15
 1.14205 -44.9014     1.15
  1.1422  -44.896     1.15
 1.14235 -44.8905     1.15
  1.1425 -44.8851     1.15
 1.14265 -44.8796     1.15
  1.1428 -44.8742     1.15
 1.14295 -44.8688     1.15
  1.1431 -44.8634     1.15
 1.14325 -44.8579     1.15
  1.1434 -44.8526     1.15
 1.14355 -44.8472     1.15
  1.1437 -44.8418     1.15
 1.14385 -44.8364     1.15
   1.144 -44.8311     1.15
 1.14415 -44.8257     1.15
  1.1443 -44.8204     1.15
 1.14445  -44.815     1.15
  1.1446 -44.8097     1.15
 1.14475 -44.8044     1.15
  1.1449 -44.7991     1.15
 1.14505 -44.7938     1.15
  1.1452 -44.7885     1.15
 1.14535 -44.7832     1.15
  1.1455  -44.778     1.15
 1.14565 -44.7727     1.15
  1.1458 -44.7675     1.15
 1.14595 -44.7622     1.15
  1.1461  -44.757     1.15
 1.14625 -44.7518     1.15
  1.1464 -44.7465     1.15
 1.14655 -44.7413     1.15
  1.1467 -44.7361     1.15
 1.14685 -44.7309     1.15
   1.147 -44.7258     1.15
 1.14715 -44.7206     1.15
  1.1473 -44.7154     1.15
 1.14745 -44.7103     1.15
  1.1476 -44.7051     1.15
 1.14775    -44.7     1.15
  1.1479 -44.6948     1.15
 1.14805 -44.6897     1.15
  1.1482 -44.6846     1.15
 1.14835 -44.6795     1.15
  1.1485 -44.6744     1.15
 1.14865 -44.6693     1.15
  1.1488 -44.6642     1.15
 1.14895 -44.6592     1.15
  1.1491 -44.6541     1.15
 1.14925  -44.649     1.15
  1.1494  -44.644     1.15
 1.14955  -44.639     1.15
  1.1497 -44.6339     1.15
 1.14985 -44.6289     1.15
    1.15 -44.6239     1.15