 kgrid  ValNew  Policy 
    0.85 -54.3793     0.85
 0.85015  -54.364     0.85
  0.8503 -54.3487     0.85
 0.85045 -54.3334     0.85
  0.8506 -54.3182     0.85
 0.85075  -54.303     0.85
  0.8509 -54.2878     0.85
0.851051 -54.2727     0.85
0.851201 -54.2576     0.85
0.851351 -54.2425     0.85
0.851501 -54.2275     0.85
0.851651 -54.2125     0.85
0.851801 -54.1975     0.85
0.851951 -54.1826     0.85
0.852101 -54.1677     0.85
0.852251 -54.1528     0.85
0.852401 -54.1379     0.85
0.852551 -54.1231  0.85015
0.852701 -54.1083   0.8503
0.852851 -54.0935   0.8503
0.853002 -54.0787  0.85045
0.853152 -54.0639   0.8506
0.853302 -54.0491   0.8506
0.853452 -54.0343  0.85075
0.853602 -54.0196   0.8509
0.853752 -54.0049   0.8509
0.853902 -53.9901 0.851051
0.854052 -53.9754 0.851051
0.854202 -53.9607 0.851201
0.854352  -53.946 0.851351
0.854502 -53.9314 0.851351
0.854652 -53.9167 0.851501
0.854802 -53.9021 0.851651
0.854952 -53.8874 0.851651
0.855103 -53.8728 0.851801
0.855253 -53.8582 0.851951
0.855403 -53.8436 0.851951
0.855553  -53.829 0.852101
0.855703 -53.8145 0.852251
0.855853 -53.7999 0.852251
0.856003 -53.7854 0.852401
0.856153 -53.7708 0.852551
0.856303 -53.7563 0.852551
0.856453 -53.7418 0.852701
0.856603 -53.7273 0.852851
0.856753 -53.7128 0.852851
0.856903 -53.6984 0.853002
0.857054 -53.6839 0.853152
0.857204 -53.6694 0.853302
0.857354  -53.655 0.853302
0.857504 -53.6406 0.853452
0.857654 -53.6261 0.853602
0.857804 -53.6117 0.853602
0.857954 -53.5973 0.853752
0.858104  -53.583 0.853902
0.858254 -53.5686 0.854052
0.858404 -53.5542 0.854052
0.858554 -53.5399 0.854202
0.858704 -53.5255 0.854352
0.858854 -53.5112 0.854352
0.859005 -53.4969 0.854502
0.859155 -53.4826 0.854652
0.859305 -53.4683 0.854652
0.859455  -53.454 0.854802
0.859605 -53.4397 0.854952
0.859755 -53.4254 0.855103
0.859905 -53.4112 0.855103
0.860055 -53.3969 0.855253
0.860205 -53.3827 0.855403
0.860355 -53.3685 0.855553
0.860505 -53.3543 0.855553
0.860655 -53.3401 0.855703
0.860805 -53.3259 0.855853
0.860955 -53.3117 0.855853
0.861106 -53.2975 0.856003
0.861256 -53.2834 0.856153
0.861406 -53.2692 0.856153
0.861556 -53.2551 0.856303
0.861706 -53.2409 0.856453
0.861856 -53.2268 0.856603
0.862006 -53.2127 0.856603
0.862156 -53.1986 0.856753
0.862306 -53.1845 0.856903
0.862456 -53.1705 0.856903
0.862606 -53.1564 0.857054
0.862756 -53.1423 0.857204
0.862906 -53.1283 0.857354
0.863057 -53.1143 0.857354
0.863207 -53.1002 0.857504
0.863357 -53.0862 0.857654
0.863507 -53.0722 0.857804
0.863657 -53.0582 0.857804
0.863807 -53.0442 0.857954
0.863957 -53.0303 0.858104
0.864107 -53.0163 0.858104
0.864257 -53.0024 0.858254
0.864407 -52.9884 0.858404
0.864557 -52.9745 0.858554
0.864707 -52.9606 0.858554
0.864857 -52.9467 0.858704
0.865008 -52.9328 0.858854
0.865158 -52.9189 0.858854
0.865308  -52.905 0.859005
0.865458 -52.8911 0.859155
0.865608 -52.8773 0.859305
0.865758 -52.8634 0.859305
0.865908 -52.8496 0.859455
0.866058 -52.8358 0.859605
0.866208 -52.8219 0.859605
0.866358 -52.8081 0.859755
0.866508 -52.7943 0.859905
0.866658 -52.7805 0.860055
0.866808 -52.7668 0.860055
0.866958  -52.753 0.860205
0.867109 -52.7392 0.860355
0.867259 -52.7255 0.860505
0.867409 -52.7117 0.860505
0.867559  -52.698 0.860655
0.867709 -52.6843 0.860805
0.867859 -52.6706 0.860805
0.868009 -52.6569 0.860955
0.868159 -52.6432 0.861106
0.868309 -52.6295 0.861256
0.868459 -52.6159 0.861256
0.868609 -52.6022 0.861406
0.868759 -52.5885 0.861556
0.868909 -52.5749 0.861556
 0.86906 -52.5613 0.861706
 0.86921 -52.5477 0.861856
 0.86936 -52.5341 0.862006
 0.86951 -52.5205 0.862006
 0.86966 -52.5069 0.862156
 0.86981 -52.4933 0.862306
 0.86996 -52.4797 0.862456
 0.87011 -52.4662 0.862456
 0.87026 -52.4526 0.862606
 0.87041 -52.4391 0.862756
 0.87056 -52.4255 0.862756
 0.87071  -52.412 0.862906
 0.87086 -52.3985 0.863057
0.871011  -52.385 0.863207
0.871161 -52.3715 0.863207
0.871311  -52.358 0.863357
0.871461 -52.3445 0.863507
0.871611 -52.3311 0.863657
0.871761 -52.3176 0.863657
0.871911 -52.3042 0.863807
0.872061 -52.2907 0.863957
0.872211 -52.2773 0.864107
0.872361 -52.2639 0.864107
0.872511 -52.2505 0.864257
0.872661 -52.2371 0.864407
0.872811 -52.2237 0.864407
0.872961 -52.2103 0.864557
0.873112  -52.197 0.864707
0.873262 -52.1836 0.864857
0.873412 -52.1703 0.864857
0.873562 -52.1569 0.865008
0.873712 -52.1436 0.865158
0.873862 -52.1303 0.865308
0.874012 -52.1169 0.865308
0.874162 -52.1036 0.865458
0.874312 -52.0903 0.865608
0.874462 -52.0771 0.865758
0.874612 -52.0638 0.865758
0.874762 -52.0505 0.865908
0.874912 -52.0372 0.866058
0.875063  -52.024 0.866208
0.875213 -52.0108 0.866208
0.875363 -51.9975 0.866358
0.875513 -51.9843 0.866508
0.875663 -51.9711 0.866658
0.875813 -51.9579 0.866658
0.875963 -51.9447 0.866808
0.876113 -51.9315 0.866958
0.876263 -51.9183 0.866958
0.876413 -51.9052 0.867109
0.876563  -51.892 0.867259
0.876713 -51.8789 0.867409
0.876863 -51.8657 0.867409
0.877014 -51.8526 0.867559
0.877164 -51.8395 0.867709
0.877314 -51.8263 0.867859
0.877464 -51.8132 0.867859
0.877614 -51.8001 0.868009
0.877764 -51.7871 0.868159
0.877914  -51.774 0.868309
0.878064 -51.7609 0.868309
0.878214 -51.7479 0.868459
0.878364 -51.7348 0.868609
0.878514 -51.7218 0.868759
0.878664 -51.7087 0.868759
0.878814 -51.6957 0.868909
0.878964 -51.6827  0.86906
0.879115 -51.6697  0.86921
0.879265 -51.6567  0.86921
0.879415 -51.6437  0.86936
0.879565 -51.6307  0.86951
0.879715 -51.6178  0.86966
0.879865 -51.6048  0.86966
0.880015 -51.5918  0.86981
0.880165 -51.5789  0.86996
0.880315  -51.566  0.87011
0.880465  -51.553  0.87011
0.880615 -51.5401  0.87026
0.880765 -51.5272  0.87041
0.880915 -51.5143  0.87056
0.881066 -51.5014  0.87056
0.881216 -51.4885  0.87071
0.881366 -51.4756  0.87086
0.881516 -51.4628 0.871011
0.881666 -51.4499 0.871011
0.881816 -51.4371 0.871161
0.881966 -51.4242 0.871311
0.882116 -51.4114 0.871311
0.882266 -51.3986 0.871461
0.882416 -51.3858 0.871611
0.882566  -51.373 0.871761
0.882716 -51.3602 0.871911
0.882866 -51.3474 0.871911
0.883017 -51.3346 0.872061
0.883167 -51.3218 0.872211
0.883317  -51.309 0.872361
0.883467 -51.2963 0.872511
0.883617 -51.2835 0.872661
0.883767 -51.2708 0.872661
0.883917  -51.258 0.872811
0.884067 -51.2453 0.872961
0.884217 -51.2325 0.873112
0.884367 -51.2198 0.873262
0.884517 -51.2071 0.873412
0.884667 -51.1944 0.873412
0.884817 -51.1817 0.873562
0.884967  -51.169 0.873712
0.885118 -51.1563 0.873862
0.885268 -51.1436 0.874012
0.885418 -51.1309 0.874162
0.885568 -51.1183 0.874162
0.885718 -51.1056 0.874312
0.885868 -51.0929 0.874462
0.886018 -51.0803 0.874612
0.886168 -51.0676 0.874762
0.886318  -51.055 0.874912
0.886468 -51.0424 0.874912
0.886618 -51.0297 0.875063
0.886768 -51.0171 0.875213
0.886918 -51.0045 0.875363
0.887069 -50.9919 0.875513
0.887219 -50.9793 0.875663
0.887369 -50.9667 0.875663
0.887519 -50.9541 0.875813
0.887669 -50.9415 0.875963
0.887819 -50.9289 0.876113
0.887969 -50.9164 0.876263
0.888119 -50.9038 0.876413
0.888269 -50.8913 0.876413
0.888419 -50.8787 0.876563
0.888569 -50.8662 0.876713
0.888719 -50.8536 0.876863
0.888869 -50.8411 0.877014
 0.88902 -50.8286 0.877164
 0.88917  -50.816 0.877314
 0.88932 -50.8035 0.877314
 0.88947  -50.791 0.877464
 0.88962 -50.7785 0.877614
 0.88977  -50.766 0.877764
 0.88992 -50.7535 0.877914
 0.89007 -50.7411 0.878064
 0.89022 -50.7286 0.878064
 0.89037 -50.7161 0.878214
 0.89052 -50.7036 0.878364
 0.89067 -50.6912 0.878514
 0.89082 -50.6787 0.878664
 0.89097 -50.6663 0.878814
0.891121 -50.6538 0.878964
0.891271 -50.6414 0.878964
0.891421  -50.629 0.879115
0.891571 -50.6166 0.879265
0.891721 -50.6041 0.879415
0.891871 -50.5917 0.879565
0.892021 -50.5793 0.879715
0.892171 -50.5669 0.879715
0.892321 -50.5545 0.879865
0.892471 -50.5422 0.880015
0.892621 -50.5298 0.880165
0.892771 -50.5174 0.880315
0.892921  -50.505 0.880465
0.893072 -50.4927 0.880615
0.893222 -50.4803 0.880615
0.893372  -50.468 0.880765
0.893522 -50.4556 0.880915
0.893672 -50.4433 0.881066
0.893822  -50.431 0.881216
0.893972 -50.4186 0.881366
0.894122 -50.4063 0.881366
0.894272  -50.394 0.881516
0.894422 -50.3817 0.881666
0.894572 -50.3694 0.881816
0.894722 -50.3571 0.881966
0.894872 -50.3448 0.882116
0.895023 -50.3325 0.882266
0.895173 -50.3203 0.882266
0.895323  -50.308 0.882416
0.895473 -50.2957 0.882566
0.895623 -50.2835 0.882716
0.895773 -50.2712 0.882866
0.895923  -50.259 0.883017
0.896073 -50.2467 0.883167
0.896223 -50.2345 0.883167
0.896373 -50.2222 0.883317
0.896523   -50.21 0.883467
0.896673 -50.1978 0.883617
0.896823 -50.1856 0.883767
0.896973 -50.1734 0.883917
0.897124 -50.1612 0.884067
0.897274  -50.149 0.884067
0.897424 -50.1368 0.884217
0.897574 -50.1246 0.884367
0.897724 -50.1124 0.884517
0.897874 -50.1002 0.884667
0.898024 -50.0881 0.884817
0.898174 -50.0759 0.884967
0.898324 -50.0638 0.884967
0.898474 -50.0516 0.885118
0.898624 -50.0395 0.885268
0.898774 -50.0273 0.885418
0.898924 -50.0152 0.885568
0.899075  -50.003 0.885718
0.899225 -49.9909 0.885868
0.899375 -49.9788 0.885868
0.899525 -49.9667 0.886018
0.899675 -49.9546 0.886168
0.899825 -49.9425 0.886318
0.899975 -49.9304 0.886468
0.900125 -49.9183 0.886618
0.900275 -49.9062 0.886768
0.900425 -49.8941 0.886918
0.900575  -49.882 0.886918
0.900725   -49.87 0.887069
0.900875 -49.8579 0.887219
0.901026 -49.8458 0.887369
0.901176 -49.8338 0.887519
0.901326 -49.8217 0.887669
0.901476 -49.8097 0.887819
0.901626 -49.7977 0.887819
0.901776 -49.7856 0.887969
0.901926 -49.7736 0.888119
0.902076 -49.7616 0.888269
0.902226 -49.7496 0.888419
0.902376 -49.7376 0.888569
0.902526 -49.7256 0.888719
0.902676 -49.7136 0.888869
0.902826 -49.7016 0.888869
0.902976 -49.6896  0.88902
0.903127 -49.6776  0.88917
0.903277 -49.6656  0.88932
0.903427 -49.6536  0.88947
0.903577 -49.6417  0.88962
0.903727 -49.6297  0.88977
0.903877 -49.6178  0.88977
0.904027 -49.6058  0.88992
0.904177 -49.5939  0.89007
0.904327 -49.5819  0.89022
0.904477   -49.57  0.89037
0.904627 -49.5581  0.89052
0.904777 -49.5461  0.89067
0.904927 -49.5342  0.89082
0.905078 -49.5223  0.89082
0.905228 -49.5104  0.89097
0.905378 -49.4985 0.891121
0.905528 -49.4866 0.891271
0.905678 -49.4747 0.891421
0.905828 -49.4628 0.891571
0.905978 -49.4509 0.891721
0.906128 -49.4391 0.891721
0.906278 -49.4272 0.891871
0.906428 -49.4153 0.892021
0.906578 -49.4034 0.892171
0.906728 -49.3916 0.892321
0.906878 -49.3797 0.892471
0.907029 -49.3679 0.892621
0.907179 -49.3561 0.892771
0.907329 -49.3442 0.892771
0.907479 -49.3324 0.892921
0.907629 -49.3206 0.893072
0.907779 -49.3088 0.893222
0.907929 -49.2969 0.893372
0.908079 -49.2851 0.893522
0.908229 -49.2733 0.893672
0.908379 -49.2615 0.893822
0.908529 -49.2497 0.893822
0.908679 -49.2379 0.893972
0.908829 -49.2262 0.894122
0.908979 -49.2144 0.894272
 0.90913 -49.2026 0.894422
 0.90928 -49.1908 0.894572
 0.90943 -49.1791 0.894722
 0.90958 -49.1673 0.894872
 0.90973 -49.1556 0.894872
 0.90988 -49.1438 0.895023
 0.91003 -49.1321 0.895173
 0.91018 -49.1204 0.895323
 0.91033 -49.1086 0.895473
 0.91048 -49.0969 0.895623
 0.91063 -49.0852 0.895773
 0.91078 -49.0735 0.895773
 0.91093 -49.0618 0.895923
0.911081   -49.05 0.896073
0.911231 -49.0383 0.896223
0.911381 -49.0267 0.896373
0.911531  -49.015 0.896523
0.911681 -49.0033 0.896673
0.911831 -48.9916 0.896823
0.911981 -48.9799 0.896823
0.912131 -48.9683 0.896973
0.912281 -48.9566 0.897124
0.912431 -48.9449 0.897274
0.912581 -48.9333 0.897424
0.912731 -48.9216 0.897574
0.912881   -48.91 0.897724
0.913032 -48.8983 0.897874
0.913182 -48.8867 0.897874
0.913332 -48.8751 0.898024
0.913482 -48.8635 0.898174
0.913632 -48.8518 0.898324
0.913782 -48.8402 0.898474
0.913932 -48.8286 0.898624
0.914082  -48.817 0.898774
0.914232 -48.8054 0.898924
0.914382 -48.7938 0.898924
0.914532 -48.7822 0.899075
0.914682 -48.7706 0.899225
0.914832 -48.7591 0.899375
0.914982 -48.7475 0.899525
0.915133 -48.7359 0.899675
0.915283 -48.7244 0.899825
0.915433 -48.7128 0.899975
0.915583 -48.7012 0.899975
0.915733 -48.6897 0.900125
0.915883 -48.6781 0.900275
0.916033 -48.6666 0.900425
0.916183 -48.6551 0.900575
0.916333 -48.6435 0.900725
0.916483  -48.632 0.900875
0.916633 -48.6205 0.901026
0.916783  -48.609 0.901026
0.916933 -48.5975 0.901176
0.917084  -48.586 0.901326
0.917234 -48.5745 0.901476
0.917384  -48.563 0.901626
0.917534 -48.5515 0.901776
0.917684   -48.54 0.901926
0.917834 -48.5285 0.902076
0.917984  -48.517 0.902076
0.918134 -48.5056 0.902226
0.918284 -48.4941 0.902376
0.918434 -48.4826 0.902526
0.918584 -48.4712 0.902676
0.918734 -48.4597 0.902826
0.918884 -48.4483 0.902976
0.919035 -48.4368 0.903127
0.919185 -48.4254 0.903127
0.919335  -48.414 0.903277
0.919485 -48.4025 0.903427
0.919635 -48.3911 0.903577
0.919785 -48.3797 0.903727
0.919935 -48.3683 0.903877
0.920085 -48.3569 0.904027
0.920235 -48.3455 0.904177
0.920385 -48.3341 0.904327
0.920535 -48.3227 0.904477
0.920685 -48.3113 0.904477
0.920835 -48.2999 0.904627
0.920985 -48.2885 0.904777
0.921136 -48.2771 0.904927
0.921286 -48.2658 0.905078
0.921436 -48.2544 0.905228
0.921586  -48.243 0.905378
0.921736 -48.2317 0.905528
0.921886 -48.2203 0.905678
0.922036  -48.209 0.905678
0.922186 -48.1976 0.905828
0.922336 -48.1863 0.905978
0.922486 -48.1749 0.906128
0.922636 -48.1636 0.906278
0.922786 -48.1523 0.906428
0.922936 -48.1409 0.906578
0.923087 -48.1296 0.906728
0.923237 -48.1183 0.906878
0.923387  -48.107 0.907029
0.923537 -48.0957 0.907029
0.923687 -48.0844 0.907179
0.923837 -48.0731 0.907329
0.923987 -48.0618 0.907479
0.924137 -48.0505 0.907629
0.924287 -48.0392 0.907779
0.924437 -48.0279 0.907929
0.924587 -48.0166 0.908079
0.924737 -48.0054 0.908229
0.924887 -47.9941 0.908229
0.925038 -47.9828 0.908379
0.925188 -47.9716 0.908529
0.925338 -47.9603 0.908679
0.925488 -47.9491 0.908829
0.925638 -47.9378 0.908979
0.925788 -47.9266  0.90913
0.925938 -47.9154  0.90928
0.926088 -47.9041  0.90943
0.926238 -47.8929  0.90943
0.926388 -47.8817  0.90958
0.926538 -47.8705  0.90973
0.926688 -47.8592  0.90988
0.926838  -47.848  0.91003
0.926988 -47.8368  0.91018
0.927139 -47.8256  0.91033
0.927289 -47.8144  0.91048
0.927439 -47.8032  0.91063
0.927589 -47.7921  0.91078
0.927739 -47.7809  0.91078
0.927889 -47.7697  0.91093
0.928039 -47.7585 0.911081
0.928189 -47.7473 0.911231
0.928339 -47.7362 0.911381
0.928489  -47.725 0.911531
0.928639 -47.7139 0.911681
0.928789 -47.7027 0.911831
0.928939 -47.6915 0.911981
 0.92909 -47.6804 0.911981
 0.92924 -47.6693 0.912131
 0.92939 -47.6581 0.912281
 0.92954  -47.647 0.912431
 0.92969 -47.6359 0.912581
 0.92984 -47.6247 0.912731
 0.92999 -47.6136 0.912881
 0.93014 -47.6025 0.913032
 0.93029 -47.5914 0.913182
 0.93044 -47.5803 0.913332
 0.93059 -47.5692 0.913332
 0.93074 -47.5581 0.913482
 0.93089  -47.547 0.913632
0.931041 -47.5359 0.913782
0.931191 -47.5248 0.913932
0.931341 -47.5137 0.914082
0.931491 -47.5027 0.914232
0.931641 -47.4916 0.914382
0.931791 -47.4805 0.914532
0.931941 -47.4695 0.914682
0.932091 -47.4584 0.914682
0.932241 -47.4473 0.914832
0.932391 -47.4363 0.914982
0.932541 -47.4253 0.915133
0.932691 -47.4142 0.915283
0.932841 -47.4032 0.915433
0.932991 -47.3921 0.915583
0.933142 -47.3811 0.915733
0.933292 -47.3701 0.915883
0.933442 -47.3591 0.915883
0.933592  -47.348 0.916033
0.933742  -47.337 0.916183
0.933892  -47.326 0.916333
0.934042  -47.315 0.916483
0.934192  -47.304 0.916633
0.934342  -47.293 0.916783
0.934492  -47.282 0.916933
0.934642  -47.271 0.917084
0.934792 -47.2601 0.917234
0.934942 -47.2491 0.917234
0.935093 -47.2381 0.917384
0.935243 -47.2271 0.917534
0.935393 -47.2162 0.917684
0.935543 -47.2052 0.917834
0.935693 -47.1942 0.917984
0.935843 -47.1833 0.918134
0.935993 -47.1723 0.918284
0.936143 -47.1614 0.918434
0.936293 -47.1505 0.918584
0.936443 -47.1395 0.918584
0.936593 -47.1286 0.918734
0.936743 -47.1177 0.918884
0.936893 -47.1067 0.919035
0.937044 -47.0958 0.919185
0.937194 -47.0849 0.919335
0.937344  -47.074 0.919485
0.937494 -47.0631 0.919635
0.937644 -47.0522 0.919785
0.937794 -47.0413 0.919935
0.937944 -47.0304 0.919935
0.938094 -47.0195 0.920085
0.938244 -47.0086 0.920235
0.938394 -46.9977 0.920385
0.938544 -46.9868 0.920535
0.938694 -46.9759 0.920685
0.938844 -46.9651 0.920835
0.938994 -46.9542 0.920985
0.939145 -46.9433 0.921136
0.939295 -46.9325 0.921286
0.939445 -46.9216 0.921286
0.939595 -46.9108 0.921436
0.939745 -46.8999 0.921586
0.939895 -46.8891 0.921736
0.940045 -46.8782 0.921886
0.940195 -46.8674 0.922036
0.940345 -46.8566 0.922186
0.940495 -46.8457 0.922336
0.940645 -46.8349 0.922486
0.940795 -46.8241 0.922636
0.940945 -46.8133 0.922636
0.941096 -46.8025 0.922786
0.941246 -46.7917 0.922936
0.941396 -46.7809 0.923087
0.941546 -46.7701 0.923237
0.941696 -46.7593 0.923387
0.941846 -46.7485 0.923537
0.941996 -46.7377 0.923687
0.942146 -46.7269 0.923837
0.942296 -46.7161 0.923987
0.942446 -46.7054 0.924137
0.942596 -46.6946 0.924137
0.942746 -46.6838 0.924287
0.942896  -46.673 0.924437
0.943047 -46.6623 0.924587
0.943197 -46.6515 0.924737
0.943347 -46.6408 0.924887
0.943497   -46.63 0.925038
0.943647 -46.6193 0.925188
0.943797 -46.6085 0.925338
0.943947 -46.5978 0.925488
0.944097 -46.5871 0.925488
0.944247 -46.5764 0.925638
0.944397 -46.5656 0.925788
0.944547 -46.5549 0.925938
0.944697 -46.5442 0.926088
0.944847 -46.5335 0.926238
0.944997 -46.5228 0.926388
0.945148 -46.5121 0.926538
0.945298 -46.5014 0.926688
0.945448 -46.4907 0.926838
0.945598   -46.48 0.926988
0.945748 -46.4693 0.926988
0.945898 -46.4586 0.927139
0.946048 -46.4479 0.927289
0.946198 -46.4372 0.927439
0.946348 -46.4266 0.927589
0.946498 -46.4159 0.927739
0.946648 -46.4052 0.927889
0.946798 -46.3946 0.928039
0.946948 -46.3839 0.928189
0.947099 -46.3733 0.928339
0.947249 -46.3626 0.928339
0.947399  -46.352 0.928489
0.947549 -46.3413 0.928639
0.947699 -46.3307 0.928789
0.947849   -46.32 0.928939
0.947999 -46.3094  0.92909
0.948149 -46.2988  0.92924
0.948299 -46.2882  0.92939
0.948449 -46.2775  0.92954
0.948599 -46.2669  0.92969
0.948749 -46.2563  0.92984
0.948899 -46.2457  0.92984
 0.94905 -46.2351  0.92999
  0.9492 -46.2245  0.93014
 0.94935 -46.2139  0.93029
  0.9495 -46.2033  0.93044
 0.94965 -46.1927  0.93059
  0.9498 -46.1821  0.93074
 0.94995 -46.1716  0.93089
  0.9501  -46.161 0.931041
 0.95025 -46.1504 0.931191
  0.9504 -46.1398 0.931191
 0.95055 -46.1293 0.931341
  0.9507 -46.1187 0.931491
 0.95085 -46.1082 0.931641
0.951001 -46.0976 0.931791
0.951151 -46.0871 0.931941
0.951301 -46.0765 0.932091
0.951451  -46.066 0.932241
0.951601 -46.0554 0.932391
0.951751 -46.0449 0.932541
0.951901 -46.0344 0.932691
0.952051 -46.0238 0.932691
0.952201 -46.0133 0.932841
0.952351 -46.0028 0.932991
0.952501 -45.9923 0.933142
0.952651 -45.9818 0.933292
0.952801 -45.9713 0.933442
0.952951 -45.9608 0.933592
0.953102 -45.9503 0.933742
0.953252 -45.9398 0.933892
0.953402 -45.9293 0.934042
0.953552 -45.9188 0.934192
0.953702 -45.9083 0.934192
0.953852 -45.8978 0.934342
0.954002 -45.8873 0.934492
0.954152 -45.8769 0.934642
0.954302 -45.8664 0.934792
0.954452 -45.8559 0.934942
0.954602 -45.8455 0.935093
0.954752  -45.835 0.935243
0.954902 -45.8245 0.935393
0.955053 -45.8141 0.935543
0.955203 -45.8037 0.935543
0.955353 -45.7932 0.935693
0.955503 -45.7828 0.935843
0.955653 -45.7723 0.935993
0.955803 -45.7619 0.936143
0.955953 -45.7515 0.936293
0.956103  -45.741 0.936443
0.956253 -45.7306 0.936593
0.956403 -45.7202 0.936743
0.956553 -45.7098 0.936893
0.956703 -45.6994 0.937044
0.956853  -45.689 0.937044
0.957004 -45.6786 0.937194
0.957154 -45.6682 0.937344
0.957304 -45.6578 0.937494
0.957454 -45.6474 0.937644
0.957604  -45.637 0.937794
0.957754 -45.6266 0.937944
0.957904 -45.6162 0.938094
0.958054 -45.6059 0.938244
0.958204 -45.5955 0.938394
0.958354 -45.5851 0.938544
0.958504 -45.5747 0.938544
0.958654 -45.5644 0.938694
0.958804  -45.554 0.938844
0.958954 -45.5437 0.938994
0.959105 -45.5333 0.939145
0.959255  -45.523 0.939295
0.959405 -45.5126 0.939445
0.959555 -45.5023 0.939595
0.959705  -45.492 0.939745
0.959855 -45.4816 0.939895
0.960005 -45.4713 0.940045
0.960155  -45.461 0.940045
0.960305 -45.4506 0.940195
0.960455 -45.4403 0.940345
0.960605   -45.43 0.940495
0.960755 -45.4197 0.940645
0.960905 -45.4094 0.940795
0.961056 -45.3991 0.940945
0.961206 -45.3888 0.941096
0.961356 -45.3785 0.941246
0.961506 -45.3682 0.941396
0.961656 -45.3579 0.941546
0.961806 -45.3476 0.941546
0.961956 -45.3374 0.941696
0.962106 -45.3271 0.941846
0.962256 -45.3168 0.941996
0.962406 -45.3065 0.942146
0.962556 -45.2963 0.942296
0.962706  -45.286 0.942446
0.962856 -45.2757 0.942596
0.963007 -45.2655 0.942746
0.963157 -45.2552 0.942896
0.963307  -45.245 0.943047
0.963457 -45.2347 0.943047
0.963607 -45.2245 0.943197
0.963757 -45.2143 0.943347
0.963907  -45.204 0.943497
0.964057 -45.1938 0.943647
0.964207 -45.1836 0.943797
0.964357 -45.1733 0.943947
0.964507 -45.1631 0.944097
0.964657 -45.1529 0.944247
0.964807 -45.1427 0.944397
0.964957 -45.1325 0.944547
0.965108 -45.1223 0.944697
0.965258 -45.1121 0.944697
0.965408 -45.1019 0.944847
0.965558 -45.0917 0.944997
0.965708 -45.0815 0.945148
0.965858 -45.0713 0.945298
0.966008 -45.0611 0.945448
0.966158 -45.0509 0.945598
0.966308 -45.0407 0.945748
0.966458 -45.0306 0.945898
0.966608 -45.0204 0.946048
0.966758 -45.0102 0.946198
0.966908 -45.0001 0.946198
0.967059 -44.9899 0.946348
0.967209 -44.9797 0.946498
0.967359 -44.9696 0.946648
0.967509 -44.9594 0.946798
0.967659 -44.9493 0.946948
0.967809 -44.9392 0.947099
0.967959  -44.929 0.947249
0.968109 -44.9189 0.947399
0.968259 -44.9087 0.947549
0.968409 -44.8986 0.947699
0.968559 -44.8885 0.947699
0.968709 -44.8784 0.947849
0.968859 -44.8683 0.947999
 0.96901 -44.8581 0.948149
 0.96916  -44.848 0.948299
 0.96931 -44.8379 0.948449
 0.96946 -44.8278 0.948599
 0.96961 -44.8177 0.948749
 0.96976 -44.8076 0.948899
 0.96991 -44.7975  0.94905
 0.97006 -44.7874   0.9492
 0.97021 -44.7773  0.94935
 0.97036 -44.7673  0.94935
 0.97051 -44.7572   0.9495
 0.97066 -44.7471  0.94965
 0.97081  -44.737   0.9498
 0.97096  -44.727  0.94995
0.971111 -44.7169   0.9501
0.971261 -44.7068  0.95025
0.971411 -44.6968   0.9504
0.971561 -44.6867  0.95055
0.971711 -44.6767   0.9507
0.971861 -44.6666  0.95085
0.972011 -44.6566  0.95085
0.972161 -44.6465 0.951001
0.972311 -44.6365 0.951151
0.972461 -44.6265 0.951301
0.972611 -44.6164 0.951451
0.972761 -44.6064 0.951601
0.972911 -44.5964 0.951751
0.973062 -44.5863 0.951901
0.973212 -44.5763 0.952051
0.973362 -44.5663 0.952201
0.973512 -44.5563 0.952351
0.973662 -44.5463 0.952351
0.973812 -44.5363 0.952501
0.973962 -44.5263 0.952651
0.974112 -44.5163 0.952801
0.974262 -44.5063 0.952951
0.974412 -44.4963 0.953102
0.974562 -44.4863 0.953252
0.974712 -44.4763 0.953402
0.974862 -44.4664 0.953552
0.975013 -44.4564 0.953702
0.975163 -44.4464 0.953852
0.975313 -44.4364 0.954002
0.975463 -44.4265 0.954002
0.975613 -44.4165 0.954152
0.975763 -44.4066 0.954302
0.975913 -44.3966 0.954452
0.976063 -44.3866 0.954602
0.976213 -44.3767 0.954752
0.976363 -44.3667 0.954902
0.976513 -44.3568 0.955053
0.976663 -44.3469 0.955203
0.976813 -44.3369 0.955353
0.976963  -44.327 0.955503
0.977114 -44.3171 0.955503
0.977264 -44.3071 0.955653
0.977414 -44.2972 0.955803
0.977564 -44.2873 0.955953
0.977714 -44.2774 0.956103
0.977864 -44.2675 0.956253
0.978014 -44.2576 0.956403
0.978164 -44.2477 0.956553
0.978314 -44.2378 0.956703
0.978464 -44.2279 0.956853
0.978614  -44.218 0.957004
0.978764 -44.2081 0.957154
0.978914 -44.1982 0.957154
0.979065 -44.1883 0.957304
0.979215 -44.1784 0.957454
0.979365 -44.1685 0.957604
0.979515 -44.1587 0.957754
0.979665 -44.1488 0.957904
0.979815 -44.1389 0.958054
0.979965 -44.1291 0.958204
0.980115 -44.1192 0.958354
0.980265 -44.1093 0.958504
0.980415 -44.0995 0.958654
0.980565 -44.0896 0.958654
0.980715 -44.0798 0.958804
0.980865 -44.0699 0.958954
0.981016 -44.0601 0.959105
0.981166 -44.0503 0.959255
0.981316 -44.0404 0.959405
0.981466 -44.0306 0.959555
0.981616 -44.0208 0.959705
0.981766 -44.0109 0.959855
0.981916 -44.0011 0.960005
0.982066 -43.9913 0.960155
0.982216 -43.9815 0.960305
0.982366 -43.9717 0.960305
0.982516 -43.9619 0.960455
0.982666 -43.9521 0.960605
0.982816 -43.9423 0.960755
0.982966 -43.9325 0.960905
0.983117 -43.9227 0.961056
0.983267 -43.9129 0.961206
0.983417 -43.9031 0.961356
0.983567 -43.8933 0.961506
0.983717 -43.8835 0.961656
0.983867 -43.8737 0.961806
0.984017  -43.864 0.961956
0.984167 -43.8542 0.961956
0.984317 -43.8444 0.962106
0.984467 -43.8347 0.962256
0.984617 -43.8249 0.962406
0.984767 -43.8151 0.962556
0.984917 -43.8054 0.962706
0.985068 -43.7956 0.962856
0.985218 -43.7859 0.963007
0.985368 -43.7761 0.963157
0.985518 -43.7664 0.963307
0.985668 -43.7567 0.963457
0.985818 -43.7469 0.963457
0.985968 -43.7372 0.963607
0.986118 -43.7275 0.963757
0.986268 -43.7177 0.963907
0.986418  -43.708 0.964057
0.986568 -43.6983 0.964207
0.986718 -43.6886 0.964357
0.986868 -43.6789 0.964507
0.987019 -43.6692 0.964657
0.987169 -43.6595 0.964807
0.987319 -43.6498 0.964957
0.987469 -43.6401 0.965108
0.987619 -43.6304 0.965108
0.987769 -43.6207 0.965258
0.987919  -43.611 0.965408
0.988069 -43.6013 0.965558
0.988219 -43.5916 0.965708
0.988369 -43.5819 0.965858
0.988519 -43.5722 0.966008
0.988669 -43.5626 0.966158
0.988819 -43.5529 0.966308
0.988969 -43.5432 0.966458
 0.98912 -43.5336 0.966608
 0.98927 -43.5239 0.966758
 0.98942 -43.5142 0.966758
 0.98957 -43.5046 0.966908
 0.98972 -43.4949 0.967059
 0.98987 -43.4853 0.967209
 0.99002 -43.4756 0.967359
 0.99017  -43.466 0.967509
 0.99032 -43.4564 0.967659
 0.99047 -43.4467 0.967809
 0.99062 -43.4371 0.967959
 0.99077 -43.4275 0.968109
 0.99092 -43.4178 0.968259
0.991071 -43.4082 0.968409
0.991221 -43.3986 0.968409
0.991371  -43.389 0.968559
0.991521 -43.3794 0.968709
0.991671 -43.3698 0.968859
0.991821 -43.3602  0.96901
0.991971 -43.3506  0.96916
0.992121  -43.341  0.96931
0.992271 -43.3314  0.96946
0.992421 -43.3218  0.96961
0.992571 -43.3122  0.96976
0.992721 -43.3026  0.96991
0.992871  -43.293  0.97006
0.993022 -43.2834  0.97006
0.993172 -43.2738  0.97021
0.993322 -43.2643  0.97036
0.993472 -43.2547  0.97051
0.993622 -43.2451  0.97066
0.993772 -43.2356  0.97081
0.993922  -43.226  0.97096
0.994072 -43.2164 0.971111
0.994222 -43.2069 0.971261
0.994372 -43.1973 0.971411
0.994522 -43.1878 0.971561
0.994672 -43.1782 0.971711
0.994822 -43.1687 0.971711
0.994972 -43.1592 0.971861
0.995123 -43.1496 0.972011
0.995273 -43.1401 0.972161
0.995423 -43.1306 0.972311
0.995573  -43.121 0.972461
0.995723 -43.1115 0.972611
0.995873  -43.102 0.972761
0.996023 -43.0925 0.972911
0.996173  -43.083 0.973062
0.996323 -43.0734 0.973212
0.996473 -43.0639 0.973212
0.996623 -43.0544 0.973362
0.996773 -43.0449 0.973512
0.996923 -43.0354 0.973662
0.997074 -43.0259 0.973812
0.997224 -43.0164 0.973962
0.997374  -43.007 0.974112
0.997524 -42.9975 0.974262
0.997674  -42.988 0.974412
0.997824 -42.9785 0.974562
0.997974  -42.969 0.974712
0.998124 -42.9596 0.974862
0.998274 -42.9501 0.974862
0.998424 -42.9406 0.975013
0.998574 -42.9312 0.975163
0.998724 -42.9217 0.975313
0.998874 -42.9122 0.975463
0.999025 -42.9028 0.975613
0.999175 -42.8933 0.975763
0.999325 -42.8839 0.975913
0.999475 -42.8744 0.976063
0.999625  -42.865 0.976213
0.999775 -42.8556 0.976363
0.999925 -42.8461 0.976513
 1.00008 -42.8367 0.976513
 1.00023 -42.8273 0.976663
 1.00038 -42.8178 0.976813
 1.00053 -42.8084 0.976963
 1.00068  -42.799 0.977114
 1.00083 -42.7896 0.977264
 1.00098 -42.7802 0.977414
 1.00113 -42.7707 0.977564
 1.00128 -42.7613 0.977714
 1.00143 -42.7519 0.977864
 1.00158 -42.7425 0.978014
 1.00173 -42.7331 0.978164
 1.00188 -42.7237 0.978164
 1.00203 -42.7143 0.978314
 1.00218  -42.705 0.978464
 1.00233 -42.6956 0.978614
 1.00248 -42.6862 0.978764
 1.00263 -42.6768 0.978914
 1.00278 -42.6674 0.979065
 1.00293  -42.658 0.979215
 1.00308 -42.6487 0.979365
 1.00323 -42.6393 0.979515
 1.00338 -42.6299 0.979665
 1.00353 -42.6206 0.979815
 1.00368 -42.6112 0.979815
 1.00383 -42.6019 0.979965
 1.00398 -42.5925 0.980115
 1.00413 -42.5832 0.980265
 1.00428 -42.5738 0.980415
 1.00443 -42.5645 0.980565
 1.00458 -42.5551 0.980715
 1.00473 -42.5458 0.980865
 1.00488 -42.5365 0.981016
 1.00503 -42.5271 0.981166
 1.00518 -42.5178 0.981316
 1.00533 -42.5085 0.981466
 1.00548 -42.4992 0.981466
 1.00563 -42.4898 0.981616
 1.00578 -42.4805 0.981766
 1.00593 -42.4712 0.981916
 1.00608 -42.4619 0.982066
 1.00623 -42.4526 0.982216
 1.00638 -42.4433 0.982366
 1.00653  -42.434 0.982516
 1.00668 -42.4247 0.982666
 1.00683 -42.4154 0.982816
 1.00698 -42.4061 0.982966
 1.00713 -42.3968 0.983117
 1.00728 -42.3875 0.983117
 1.00743 -42.3782 0.983267
 1.00758  -42.369 0.983417
 1.00773 -42.3597 0.983567
 1.00788 -42.3504 0.983717
 1.00803 -42.3411 0.983867
 1.00818 -42.3319 0.984017
 1.00833 -42.3226 0.984167
 1.00848 -42.3134 0.984317
 1.00863 -42.3041 0.984467
 1.00878 -42.2948 0.984617
 1.00893 -42.2856 0.984767
 1.00908 -42.2763 0.984767
 1.00923 -42.2671 0.984917
 1.00938 -42.2578 0.985068
 1.00953 -42.2486 0.985218
 1.00968 -42.2394 0.985368
 1.00983 -42.2301 0.985518
 1.00998 -42.2209 0.985668
 1.01013 -42.2117 0.985818
 1.01028 -42.2024 0.985968
 1.01043 -42.1932 0.986118
 1.01058  -42.184 0.986268
 1.01073 -42.1748 0.986418
 1.01088 -42.1656 0.986418
 1.01103 -42.1564 0.986568
 1.01118 -42.1472 0.986718
 1.01133  -42.138 0.986868
 1.01148 -42.1288 0.987019
 1.01163 -42.1196 0.987169
 1.01178 -42.1104 0.987319
 1.01193 -42.1012 0.987469
 1.01208  -42.092 0.987619
 1.01223 -42.0828 0.987769
 1.01238 -42.0736 0.987919
 1.01253 -42.0644 0.988069
 1.01268 -42.0553 0.988069
 1.01283 -42.0461 0.988219
 1.01298 -42.0369 0.988369
 1.01313 -42.0277 0.988519
 1.01328 -42.0186 0.988669
 1.01343 -42.0094 0.988819
 1.01358 -42.0002 0.988969
 1.01373 -41.9911  0.98912
 1.01388 -41.9819  0.98927
 1.01403 -41.9728  0.98942
 1.01418 -41.9636  0.98957
 1.01433 -41.9545  0.98972
 1.01448 -41.9453  0.98987
 1.01463 -41.9362  0.98987
 1.01478 -41.9271  0.99002
 1.01493 -41.9179  0.99017
 1.01508 -41.9088  0.99032
 1.01523 -41.8997  0.99047
 1.01538 -41.8906  0.99062
 1.01553 -41.8814  0.99077
 1.01568 -41.8723  0.99092
 1.01583 -41.8632 0.991071
 1.01598 -41.8541 0.991221
 1.01613  -41.845 0.991371
 1.01628 -41.8359 0.991521
 1.01643 -41.8268 0.991521
 1.01658 -41.8177 0.991671
 1.01673 -41.8086 0.991821
 1.01688 -41.7995 0.991971
 1.01703 -41.7904 0.992121
 1.01718 -41.7813 0.992271
 1.01733 -41.7722 0.992421
 1.01748 -41.7631 0.992571
 1.01763  -41.754 0.992721
 1.01778  -41.745 0.992871
 1.01793 -41.7359 0.993022
 1.01808 -41.7268 0.993172
 1.01823 -41.7178 0.993172
 1.01838 -41.7087 0.993322
 1.01853 -41.6996 0.993472
 1.01868 -41.6906 0.993622
 1.01883 -41.6815 0.993772
 1.01898 -41.6724 0.993922
 1.01913 -41.6634 0.994072
 1.01928 -41.6544 0.994222
 1.01943 -41.6453 0.994372
 1.01958 -41.6363 0.994522
 1.01973 -41.6272 0.994672
 1.01988 -41.6182 0.994822
 1.02004 -41.6092 0.994822
 1.02019 -41.6001 0.994972
 1.02034 -41.5911 0.995123
 1.02049 -41.5821 0.995273
 1.02064  -41.573 0.995423
 1.02079  -41.564 0.995573
 1.02094  -41.555 0.995723
 1.02109  -41.546 0.995873
 1.02124  -41.537 0.996023
 1.02139  -41.528 0.996173
 1.02154  -41.519 0.996323
 1.02169   -41.51 0.996473
 1.02184  -41.501 0.996623
 1.02199  -41.492 0.996623
 1.02214  -41.483 0.996773
 1.02229  -41.474 0.996923
 1.02244  -41.465 0.997074
 1.02259  -41.456 0.997224
 1.02274  -41.447 0.997374
 1.02289 -41.4381 0.997524
 1.02304 -41.4291 0.997674
 1.02319 -41.4201 0.997824
 1.02334 -41.4111 0.997974
 1.02349 -41.4022 0.998124
 1.02364 -41.3932 0.998274
 1.02379 -41.3842 0.998274
 1.02394 -41.3753 0.998424
 1.02409 -41.3663 0.998574
 1.02424 -41.3574 0.998724
 1.02439 -41.3484 0.998874
 1.02454 -41.3395 0.999025
 1.02469 -41.3305 0.999175
 1.02484 -41.3216 0.999325
 1.02499 -41.3127 0.999475
 1.02514 -41.3037 0.999625
 1.02529 -41.2948 0.999775
 1.02544 -41.2859 0.999925
 1.02559 -41.2769 0.999925
 1.02574  -41.268  1.00008
 1.02589 -41.2591  1.00023
 1.02604 -41.2502  1.00038
 1.02619 -41.2412  1.00053
 1.02634 -41.2323  1.00068
 1.02649 -41.2234  1.00083
 1.02664 -41.2145  1.00098
 1.02679 -41.2056  1.00113
 1.02694 -41.1967  1.00128
 1.02709 -41.1878  1.00143
 1.02724 -41.1789  1.00158
 1.02739   -41.17  1.00158
 1.02754 -41.1611  1.00173
 1.02769 -41.1522  1.00188
 1.02784 -41.1434  1.00203
 1.02799 -41.1345  1.00218
 1.02814 -41.1256  1.00233
 1.02829 -41.1167  1.00248
 1.02844 -41.1078  1.00263
 1.02859  -41.099  1.00278
 1.02874 -41.0901  1.00293
 1.02889 -41.0812  1.00308
 1.02904 -41.0724  1.00323
 1.02919 -41.0635  1.00323
 1.02934 -41.0547  1.00338
 1.02949 -41.0458  1.00353
 1.02964  -41.037  1.00368
 1.02979 -41.0281  1.00383
 1.02994 -41.0193  1.00398
 1.03009 -41.0104  1.00413
 1.03024 -41.0016  1.00428
 1.03039 -40.9927  1.00443
 1.03054 -40.9839  1.00458
 1.03069 -40.9751  1.00473
 1.03084 -40.9662  1.00488
 1.03099 -40.9574  1.00503
 1.03114 -40.9486  1.00503
 1.03129 -40.9398  1.00518
 1.03144  -40.931  1.00533
 1.03159 -40.9221  1.00548
 1.03174 -40.9133  1.00563
 1.03189 -40.9045  1.00578
 1.03204 -40.8957  1.00593
 1.03219 -40.8869  1.00608
 1.03234 -40.8781  1.00623
 1.03249 -40.8693  1.00638
 1.03264 -40.8605  1.00653
 1.03279 -40.8517  1.00668
 1.03294 -40.8429  1.00668
 1.03309 -40.8342  1.00683
 1.03324 -40.8254  1.00698
 1.03339 -40.8166  1.00713
 1.03354 -40.8078  1.00728
 1.03369  -40.799  1.00743
 1.03384 -40.7903  1.00758
 1.03399 -40.7815  1.00773
 1.03414 -40.7727  1.00788
 1.03429  -40.764  1.00803
 1.03444 -40.7552  1.00818
 1.03459 -40.7464  1.00833
 1.03474 -40.7377  1.00833
 1.03489 -40.7289  1.00848
 1.03504 -40.7202  1.00863
 1.03519 -40.7114  1.00878
 1.03534 -40.7027  1.00893
 1.03549 -40.6939  1.00908
 1.03564 -40.6852  1.00923
 1.03579 -40.6765  1.00938
 1.03594 -40.6677  1.00953
 1.03609  -40.659  1.00968
 1.03624 -40.6503  1.00983
 1.03639 -40.6415  1.00998
 1.03654 -40.6328  1.00998
 1.03669 -40.6241  1.01013
 1.03684 -40.6154  1.01028
 1.03699 -40.6067  1.01043
 1.03714  -40.598  1.01058
 1.03729 -40.5892  1.01073
 1.03744 -40.5805  1.01088
 1.03759 -40.5718  1.01103
 1.03774 -40.5631  1.01118
 1.03789 -40.5544  1.01133
 1.03804 -40.5457  1.01148
 1.03819 -40.5371  1.01163
 1.03834 -40.5284  1.01163
 1.03849 -40.5197  1.01178
 1.03864  -40.511  1.01193
 1.03879 -40.5023  1.01208
 1.03894 -40.4936  1.01223
 1.03909 -40.4849  1.01238
 1.03924 -40.4763  1.01253
 1.03939 -40.4676  1.01268
 1.03954 -40.4589  1.01283
 1.03969 -40.4503  1.01298
 1.03984 -40.4416  1.01313
 1.03999 -40.4329  1.01328
 1.04015 -40.4243  1.01343
  1.0403 -40.4156  1.01343
 1.04045  -40.407  1.01358
  1.0406 -40.3983  1.01373
 1.04075 -40.3897  1.01388
  1.0409  -40.381  1.01403
 1.04105 -40.3724  1.01418
  1.0412 -40.3638  1.01433
 1.04135 -40.3551  1.01448
  1.0415 -40.3465  1.01463
 1.04165 -40.3379  1.01478
  1.0418 -40.3292  1.01493
 1.04195 -40.3206  1.01508
  1.0421  -40.312  1.01508
 1.04225 -40.3034  1.01523
  1.0424 -40.2948  1.01538
 1.04255 -40.2861  1.01553
  1.0427 -40.2775  1.01568
 1.04285 -40.2689  1.01583
   1.043 -40.2603  1.01598
 1.04315 -40.2517  1.01613
  1.0433 -40.2431  1.01628
 1.04345 -40.2345  1.01643
  1.0436 -40.2259  1.01658
 1.04375 -40.2173  1.01673
  1.0439 -40.2087  1.01688
 1.04405 -40.2001  1.01688
  1.0442 -40.1916  1.01703
 1.04435  -40.183  1.01718
  1.0445 -40.1744  1.01733
 1.04465 -40.1658  1.01748
  1.0448 -40.1573  1.01763
 1.04495 -40.1487  1.01778
  1.0451 -40.1401  1.01793
 1.04525 -40.1315  1.01808
  1.0454  -40.123  1.01823
 1.04555 -40.1144  1.01838
  1.0457 -40.1059  1.01853
 1.04585 -40.0973  1.01853
   1.046 -40.0888  1.01868
 1.04615 -40.0802  1.01883
  1.0463 -40.0717  1.01898
 1.04645 -40.0631  1.01913
  1.0466 -40.0546  1.01928
 1.04675  -40.046  1.01943
  1.0469 -40.0375  1.01958
 1.04705  -40.029  1.01973
  1.0472 -40.0204  1.01988
 1.04735 -40.0119  1.02004
  1.0475 -40.0034  1.02019
 1.04765 -39.9949  1.02019
  1.0478 -39.9863  1.02034
 1.04795 -39.9778  1.02049
  1.0481 -39.9693  1.02064
 1.04825 -39.9608  1.02079
  1.0484 -39.9523  1.02094
 1.04855 -39.9438  1.02109
  1.0487 -39.9353  1.02124
 1.04885 -39.9268  1.02139
   1.049 -39.9183  1.02154
 1.04915 -39.9098  1.02169
  1.0493 -39.9013  1.02184
 1.04945 -39.8928  1.02199
  1.0496 -39.8843  1.02199
 1.04975 -39.8758  1.02214
  1.0499 -39.8673  1.02229
 1.05005 -39.8589  1.02244
  1.0502 -39.8504  1.02259
 1.05035 -39.8419  1.02274
  1.0505 -39.8334  1.02289
 1.05065  -39.825  1.02304
  1.0508 -39.8165  1.02319
 1.05095  -39.808  1.02334
  1.0511 -39.7996  1.02349
 1.05125 -39.7911  1.02364
  1.0514 -39.7826  1.02364
 1.05155 -39.7742  1.02379
  1.0517 -39.7657  1.02394
 1.05185 -39.7573  1.02409
   1.052 -39.7488  1.02424
 1.05215 -39.7404  1.02439
  1.0523  -39.732  1.02454
 1.05245 -39.7235  1.02469
  1.0526 -39.7151  1.02484
 1.05275 -39.7067  1.02499
  1.0529 -39.6982  1.02514
 1.05305 -39.6898  1.02529
  1.0532 -39.6814  1.02529
 1.05335 -39.6729  1.02544
  1.0535 -39.6645  1.02559
 1.05365 -39.6561  1.02574
  1.0538 -39.6477  1.02589
 1.05395 -39.6393  1.02604
  1.0541 -39.6309  1.02619
 1.05425 -39.6225  1.02634
  1.0544 -39.6141  1.02649
 1.05455 -39.6057  1.02664
  1.0547 -39.5973  1.02679
 1.05485 -39.5889  1.02694
   1.055 -39.5805  1.02709
 1.05515 -39.5721  1.02709
  1.0553 -39.5637  1.02724
 1.05545 -39.5553  1.02739
  1.0556 -39.5469  1.02754
 1.05575 -39.5385  1.02769
  1.0559 -39.5302  1.02784
 1.05605 -39.5218  1.02799
  1.0562 -39.5134  1.02814
 1.05635  -39.505  1.02829
  1.0565 -39.4967  1.02844
 1.05665 -39.4883  1.02859
  1.0568 -39.4799  1.02874
 1.05695 -39.4716  1.02874
  1.0571 -39.4632  1.02889
 1.05725 -39.4549  1.02904
  1.0574 -39.4465  1.02919
 1.05755 -39.4382  1.02934
  1.0577 -39.4298  1.02949
 1.05785 -39.4215  1.02964
   1.058 -39.4131  1.02979
 1.05815 -39.4048  1.02994
  1.0583 -39.3964  1.03009
 1.05845 -39.3881  1.03024
  1.0586 -39.3798  1.03039
 1.05875 -39.3715  1.03039
  1.0589 -39.3631  1.03054
 1.05905 -39.3548  1.03069
  1.0592 -39.3465  1.03084
 1.05935 -39.3382  1.03099
  1.0595 -39.3298  1.03114
 1.05965 -39.3215  1.03129
  1.0598 -39.3132  1.03144
 1.05995 -39.3049  1.03159
 1.06011 -39.2966  1.03174
 1.06026 -39.2883  1.03189
 1.06041   -39.28  1.03204
 1.06056 -39.2717  1.03219
 1.06071 -39.2634  1.03219
 1.06086 -39.2551  1.03234
 1.06101 -39.2468  1.03249
 1.06116 -39.2385  1.03264
 1.06131 -39.2302  1.03279
 1.06146  -39.222  1.03294
 1.06161 -39.2137  1.03309
 1.06176 -39.2054  1.03324
 1.06191 -39.1971  1.03339
 1.06206 -39.1889  1.03354
 1.06221 -39.1806  1.03369
 1.06236 -39.1723  1.03384
 1.06251 -39.1641  1.03384
 1.06266 -39.1558  1.03399
 1.06281 -39.1475  1.03414
 1.06296 -39.1393  1.03429
 1.06311  -39.131  1.03444
 1.06326 -39.1228  1.03459
 1.06341 -39.1145  1.03474
 1.06356 -39.1063  1.03489
 1.06371  -39.098  1.03504
 1.06386 -39.0898  1.03519
 1.06401 -39.0815  1.03534
 1.06416 -39.0733  1.03549
 1.06431 -39.0651  1.03549
 1.06446 -39.0568  1.03564
 1.06461 -39.0486  1.03579
 1.06476 -39.0404  1.03594
 1.06491 -39.0321  1.03609
 1.06506 -39.0239  1.03624
 1.06521 -39.0157  1.03639
 1.06536 -39.0075  1.03654
 1.06551 -38.9993  1.03669
 1.06566 -38.9911  1.03684
 1.06581 -38.9828  1.03699
 1.06596 -38.9746  1.03714
 1.06611 -38.9664  1.03729
 1.06626 -38.9582  1.03729
 1.06641   -38.95  1.03744
 1.06656 -38.9418  1.03759
 1.06671 -38.9336  1.03774
 1.06686 -38.9254  1.03789
 1.06701 -38.9173  1.03804
 1.06716 -38.9091  1.03819
 1.06731 -38.9009  1.03834
 1.06746 -38.8927  1.03849
 1.06761 -38.8845  1.03864
 1.06776 -38.8763  1.03879
 1.06791 -38.8682  1.03894
 1.06806   -38.86  1.03894
 1.06821 -38.8518  1.03909
 1.06836 -38.8437  1.03924
 1.06851 -38.8355  1.03939
 1.06866 -38.8273  1.03954
 1.06881 -38.8192  1.03969
 1.06896  -38.811  1.03984
 1.06911 -38.8029  1.03999
 1.06926 -38.7947  1.04015
 1.06941 -38.7866   1.0403
 1.06956 -38.7784  1.04045
 1.06971 -38.7703   1.0406
 1.06986 -38.7621  1.04075
 1.07001  -38.754  1.04075
 1.07016 -38.7459   1.0409
 1.07031 -38.7377  1.04105
 1.07046 -38.7296   1.0412
 1.07061 -38.7215  1.04135
 1.07076 -38.7133   1.0415
 1.07091 -38.7052  1.04165
 1.07106 -38.6971   1.0418
 1.07121  -38.689  1.04195
 1.07136 -38.6808   1.0421
 1.07151 -38.6727  1.04225
 1.07166 -38.6646   1.0424
 1.07181 -38.6565   1.0424
 1.07196 -38.6484  1.04255
 1.07211 -38.6403   1.0427
 1.07226 -38.6322  1.04285
 1.07241 -38.6241    1.043
 1.07256  -38.616  1.04315
 1.07271 -38.6079   1.0433
 1.07286 -38.5998  1.04345
 1.07301 -38.5917   1.0436
 1.07316 -38.5836  1.04375
 1.07331 -38.5755   1.0439
 1.07346 -38.5675  1.04405
 1.07361 -38.5594   1.0442
 1.07376 -38.5513   1.0442
 1.07391 -38.5432  1.04435
 1.07406 -38.5352   1.0445
 1.07421 -38.5271  1.04465
 1.07436  -38.519   1.0448
 1.07451 -38.5109  1.04495
 1.07466 -38.5029   1.0451
 1.07481 -38.4948  1.04525
 1.07496 -38.4868   1.0454
 1.07511 -38.4787  1.04555
 1.07526 -38.4707   1.0457
 1.07541 -38.4626  1.04585
 1.07556 -38.4546  1.04585
 1.07571 -38.4465    1.046
 1.07586 -38.4385  1.04615
 1.07601 -38.4304   1.0463
 1.07616 -38.4224  1.04645
 1.07631 -38.4143   1.0466
 1.07646 -38.4063  1.04675
 1.07661 -38.3983   1.0469
 1.07676 -38.3903  1.04705
 1.07691 -38.3822   1.0472
 1.07706 -38.3742  1.04735
 1.07721 -38.3662   1.0475
 1.07736 -38.3582   1.0475
 1.07751 -38.3501  1.04765
 1.07766 -38.3421   1.0478
 1.07781 -38.3341  1.04795
 1.07796 -38.3261   1.0481
 1.07811 -38.3181  1.04825
 1.07826 -38.3101   1.0484
 1.07841 -38.3021  1.04855
 1.07856 -38.2941   1.0487
 1.07871 -38.2861  1.04885
 1.07886 -38.2781    1.049
 1.07901 -38.2701  1.04915
 1.07916 -38.2621   1.0493
 1.07931 -38.2541   1.0493
 1.07946 -38.2462  1.04945
 1.07961 -38.2382   1.0496
 1.07976 -38.2302  1.04975
 1.07991 -38.2222   1.0499
 1.08007 -38.2142  1.05005
 1.08022 -38.2063   1.0502
 1.08037 -38.1983  1.05035
 1.08052 -38.1903   1.0505
 1.08067 -38.1824  1.05065
 1.08082 -38.1744   1.0508
 1.08097 -38.1664  1.05095
 1.08112 -38.1585  1.05095
 1.08127 -38.1505   1.0511
 1.08142 -38.1426  1.05125
 1.08157 -38.1346   1.0514
 1.08172 -38.1267  1.05155
 1.08187 -38.1187   1.0517
 1.08202 -38.1108  1.05185
 1.08217 -38.1028    1.052
 1.08232 -38.0949  1.05215
 1.08247  -38.087   1.0523
 1.08262  -38.079  1.05245
 1.08277 -38.0711   1.0526
 1.08292 -38.0632  1.05275
 1.08307 -38.0552  1.05275
 1.08322 -38.0473   1.0529
 1.08337 -38.0394  1.05305
 1.08352 -38.0315   1.0532
 1.08367 -38.0235  1.05335
 1.08382 -38.0156   1.0535
 1.08397 -38.0077  1.05365
 1.08412 -37.9998   1.0538
 1.08427 -37.9919  1.05395
 1.08442  -37.984   1.0541
 1.08457 -37.9761  1.05425
 1.08472 -37.9682   1.0544
 1.08487 -37.9603   1.0544
 1.08502 -37.9524  1.05455
 1.08517 -37.9445   1.0547
 1.08532 -37.9366  1.05485
 1.08547 -37.9287    1.055
 1.08562 -37.9208  1.05515
 1.08577 -37.9129   1.0553
 1.08592 -37.9051  1.05545
 1.08607 -37.8972   1.0556
 1.08622 -37.8893  1.05575
 1.08637 -37.8814   1.0559
 1.08652 -37.8736  1.05605
 1.08667 -37.8657   1.0562
 1.08682 -37.8578   1.0562
 1.08697   -37.85  1.05635
 1.08712 -37.8421   1.0565
 1.08727 -37.8342  1.05665
 1.08742 -37.8264   1.0568
 1.08757 -37.8185  1.05695
 1.08772 -37.8107   1.0571
 1.08787 -37.8028  1.05725
 1.08802  -37.795   1.0574
 1.08817 -37.7871  1.05755
 1.08832 -37.7793   1.0577
 1.08847 -37.7714  1.05785
 1.08862 -37.7636  1.05785
 1.08877 -37.7558    1.058
 1.08892 -37.7479  1.05815
 1.08907 -37.7401   1.0583
 1.08922 -37.7323  1.05845
 1.08937 -37.7244   1.0586
 1.08952 -37.7166  1.05875
 1.08967 -37.7088   1.0589
 1.08982  -37.701  1.05905
 1.08997 -37.6931   1.0592
 1.09012 -37.6853  1.05935
 1.09027 -37.6775   1.0595
 1.09042 -37.6697   1.0595
 1.09057 -37.6619  1.05965
 1.09072 -37.6541   1.0598
 1.09087 -37.6463  1.05995
 1.09102 -37.6385  1.06011
 1.09117 -37.6307  1.06026
 1.09132 -37.6229  1.06041
 1.09147 -37.6151  1.06056
 1.09162 -37.6073  1.06071
 1.09177 -37.5995  1.06086
 1.09192 -37.5917  1.06101
 1.09207 -37.5839  1.06116
 1.09222 -37.5762  1.06131
 1.09237 -37.5684  1.06131
 1.09252 -37.5606  1.06146
 1.09267 -37.5528  1.06161
 1.09282  -37.545  1.06176
 1.09297 -37.5373  1.06191
 1.09312 -37.5295  1.06206
 1.09327 -37.5217  1.06221
 1.09342  -37.514  1.06236
 1.09357 -37.5062  1.06251
 1.09372 -37.4984  1.06266
 1.09387 -37.4907  1.06281
 1.09402 -37.4829  1.06296
 1.09417 -37.4752  1.06296
 1.09432 -37.4674  1.06311
 1.09447 -37.4597  1.06326
 1.09462 -37.4519  1.06341
 1.09477 -37.4442  1.06356
 1.09492 -37.4365  1.06371
 1.09507 -37.4287  1.06386
 1.09522  -37.421  1.06401
 1.09537 -37.4132  1.06416
 1.09552 -37.4055  1.06431
 1.09567 -37.3978  1.06446
 1.09582 -37.3901  1.06461
 1.09597 -37.3823  1.06476
 1.09612 -37.3746  1.06476
 1.09627 -37.3669  1.06491
 1.09642 -37.3592  1.06506
 1.09657 -37.3515  1.06521
 1.09672 -37.3437  1.06536
 1.09687  -37.336  1.06551
 1.09702 -37.3283  1.06566
 1.09717 -37.3206  1.06581
 1.09732 -37.3129  1.06596
 1.09747 -37.3052  1.06611
 1.09762 -37.2975  1.06626
 1.09777 -37.2898  1.06641
 1.09792 -37.2821  1.06641
 1.09807 -37.2744  1.06656
 1.09822 -37.2667  1.06671
 1.09837  -37.259  1.06686
 1.09852 -37.2514  1.06701
 1.09867 -37.2437  1.06716
 1.09882  -37.236  1.06731
 1.09897 -37.2283  1.06746
 1.09912 -37.2206  1.06761
 1.09927  -37.213  1.06776
 1.09942 -37.2053  1.06791
 1.09957 -37.1976  1.06806
 1.09972   -37.19  1.06821
 1.09987 -37.1823  1.06821
 1.10003 -37.1746  1.06836
 1.10018  -37.167  1.06851
 1.10033 -37.1593  1.06866
 1.10048 -37.1517  1.06881
 1.10063  -37.144  1.06896
 1.10078 -37.1363  1.06911
 1.10093 -37.1287  1.06926
 1.10108  -37.121  1.06941
 1.10123 -37.1134  1.06956
 1.10138 -37.1058  1.06971
 1.10153 -37.0981  1.06986
 1.10168 -37.0905  1.06986
 1.10183 -37.0828  1.07001
 1.10198 -37.0752  1.07016
 1.10213 -37.0676  1.07031
 1.10228   -37.06  1.07046
 1.10243 -37.0523  1.07061
 1.10258 -37.0447  1.07076
 1.10273 -37.0371  1.07091
 1.10288 -37.0295  1.07106
 1.10303 -37.0218  1.07121
 1.10318 -37.0142  1.07136
 1.10333 -37.0066  1.07151
 1.10348  -36.999  1.07151
 1.10363 -36.9914  1.07166
 1.10378 -36.9838  1.07181
 1.10393 -36.9762  1.07196
 1.10408 -36.9686  1.07211
 1.10423  -36.961  1.07226
 1.10438 -36.9534  1.07241
 1.10453 -36.9458  1.07256
 1.10468 -36.9382  1.07271
 1.10483 -36.9306  1.07286
 1.10498  -36.923  1.07301
 1.10513 -36.9154  1.07316
 1.10528 -36.9079  1.07331
 1.10543 -36.9003  1.07331
 1.10558 -36.8927  1.07346
 1.10573 -36.8851  1.07361
 1.10588 -36.8775  1.07376
 1.10603   -36.87  1.07391
 1.10618 -36.8624  1.07406
 1.10633 -36.8548  1.07421
 1.10648 -36.8473  1.07436
 1.10663 -36.8397  1.07451
 1.10678 -36.8321  1.07466
 1.10693 -36.8246  1.07481
 1.10708  -36.817  1.07496
 1.10723 -36.8095  1.07496
 1.10738 -36.8019  1.07511
 1.10753 -36.7944  1.07526
 1.10768 -36.7868  1.07541
 1.10783 -36.7793  1.07556
 1.10798 -36.7717  1.07571
 1.10813 -36.7642  1.07586
 1.10828 -36.7567  1.07601
 1.10843 -36.7491  1.07616
 1.10858 -36.7416  1.07631
 1.10873 -36.7341  1.07646
 1.10888 -36.7265  1.07661
 1.10903  -36.719  1.07676
 1.10918 -36.7115  1.07676
 1.10933 -36.7039  1.07691
 1.10948 -36.6964  1.07706
 1.10963 -36.6889  1.07721
 1.10978 -36.6814  1.07736
 1.10993 -36.6739  1.07751
 1.11008 -36.6664  1.07766
 1.11023 -36.6589  1.07781
 1.11038 -36.6513  1.07796
 1.11053 -36.6438  1.07811
 1.11068 -36.6363  1.07826
 1.11083 -36.6288  1.07841
 1.11098 -36.6213  1.07841
 1.11113 -36.6138  1.07856
 1.11128 -36.6063  1.07871
 1.11143 -36.5989  1.07886
 1.11158 -36.5914  1.07901
 1.11173 -36.5839  1.07916
 1.11188 -36.5764  1.07931
 1.11203 -36.5689  1.07946
 1.11218 -36.5614  1.07961
 1.11233  -36.554  1.07976
 1.11248 -36.5465  1.07991
 1.11263  -36.539  1.08007
 1.11278 -36.5315  1.08022
 1.11293 -36.5241  1.08022
 1.11308 -36.5166  1.08037
 1.11323 -36.5091  1.08052
 1.11338 -36.5017  1.08067
 1.11353 -36.4942  1.08082
 1.11368 -36.4867  1.08097
 1.11383 -36.4793  1.08112
 1.11398 -36.4718  1.08127
 1.11413 -36.4644  1.08142
 1.11428 -36.4569  1.08157
 1.11443 -36.4495  1.08172
 1.11458  -36.442  1.08187
 1.11473 -36.4346  1.08187
 1.11488 -36.4271  1.08202
 1.11503 -36.4197  1.08217
 1.11518 -36.4123  1.08232
 1.11533 -36.4048  1.08247
 1.11548 -36.3974  1.08262
 1.11563   -36.39  1.08277
 1.11578 -36.3825  1.08292
 1.11593 -36.3751  1.08307
 1.11608 -36.3677  1.08322
 1.11623 -36.3603  1.08337
 1.11638 -36.3529  1.08352
 1.11653 -36.3454  1.08352
 1.11668  -36.338  1.08367
 1.11683 -36.3306  1.08382
 1.11698 -36.3232  1.08397
 1.11713 -36.3158  1.08412
 1.11728 -36.3084  1.08427
 1.11743  -36.301  1.08442
 1.11758 -36.2936  1.08457
 1.11773 -36.2862  1.08472
 1.11788 -36.2788  1.08487
 1.11803 -36.2714  1.08502
 1.11818  -36.264  1.08517
 1.11833 -36.2566  1.08532
 1.11848 -36.2492  1.08532
 1.11863 -36.2418  1.08547
 1.11878 -36.2344  1.08562
 1.11893 -36.2271  1.08577
 1.11908 -36.2197  1.08592
 1.11923 -36.2123  1.08607
 1.11938 -36.2049  1.08622
 1.11953 -36.1976  1.08637
 1.11968 -36.1902  1.08652
 1.11983 -36.1828  1.08667
 1.11998 -36.1754  1.08682
 1.12014 -36.1681  1.08697
 1.12029 -36.1607  1.08697
 1.12044 -36.1534  1.08712
 1.12059  -36.146  1.08727
 1.12074 -36.1386  1.08742
 1.12089 -36.1313  1.08757
 1.12104 -36.1239  1.08772
 1.12119 -36.1166  1.08787
 1.12134 -36.1092  1.08802
 1.12149 -36.1019  1.08817
 1.12164 -36.0945  1.08832
 1.12179 -36.0872  1.08847
 1.12194 -36.0799  1.08862
 1.12209 -36.0725  1.08862
 1.12224 -36.0652  1.08877
 1.12239 -36.0579  1.08892
 1.12254 -36.0505  1.08907
 1.12269 -36.0432  1.08922
 1.12284 -36.0359  1.08937
 1.12299 -36.0286  1.08952
 1.12314 -36.0212  1.08967
 1.12329 -36.0139  1.08982
 1.12344 -36.0066  1.08997
 1.12359 -35.9993  1.09012
 1.12374  -35.992  1.09027
 1.12389 -35.9847  1.09042
 1.12404 -35.9773  1.09042
 1.12419   -35.97  1.09057
 1.12434 -35.9627  1.09072
 1.12449 -35.9554  1.09087
 1.12464 -35.9481  1.09102
 1.12479 -35.9408  1.09117
 1.12494 -35.9335  1.09132
 1.12509 -35.9262  1.09147
 1.12524 -35.9189  1.09162
 1.12539 -35.9117  1.09177
 1.12554 -35.9044  1.09192
 1.12569 -35.8971  1.09207
 1.12584 -35.8898  1.09207
 1.12599 -35.8825  1.09222
 1.12614 -35.8752  1.09237
 1.12629  -35.868  1.09252
 1.12644 -35.8607  1.09267
 1.12659 -35.8534  1.09282
 1.12674 -35.8461  1.09297
 1.12689 -35.8389  1.09312
 1.12704 -35.8316  1.09327
 1.12719 -35.8243  1.09342
 1.12734 -35.8171  1.09357
 1.12749 -35.8098  1.09372
 1.12764 -35.8026  1.09387
 1.12779 -35.7953  1.09387
 1.12794 -35.7881  1.09402
 1.12809 -35.7808  1.09417
 1.12824 -35.7736  1.09432
 1.12839 -35.7663  1.09447
 1.12854 -35.7591  1.09462
 1.12869 -35.7518  1.09477
 1.12884 -35.7446  1.09492
 1.12899 -35.7373  1.09507
 1.12914 -35.7301  1.09522
 1.12929 -35.7229  1.09537
 1.12944 -35.7156  1.09552
 1.12959 -35.7084  1.09552
 1.12974 -35.7012  1.09567
 1.12989  -35.694  1.09582
 1.13004 -35.6867  1.09597
 1.13019 -35.6795  1.09612
 1.13034 -35.6723  1.09627
 1.13049 -35.6651  1.09642
 1.13064 -35.6579  1.09657
 1.13079 -35.6506  1.09672
 1.13094 -35.6434  1.09687
 1.13109 -35.6362  1.09702
 1.13124  -35.629  1.09717
 1.13139 -35.6218  1.09717
 1.13154 -35.6146  1.09732
 1.13169 -35.6074  1.09747
 1.13184 -35.6002  1.09762
 1.13199  -35.593  1.09777
 1.13214 -35.5858  1.09792
 1.13229 -35.5786  1.09807
 1.13244 -35.5714  1.09822
 1.13259 -35.5643  1.09837
 1.13274 -35.5571  1.09852
 1.13289 -35.5499  1.09867
 1.13304 -35.5427  1.09882
 1.13319 -35.5355  1.09882
 1.13334 -35.5283  1.09897
 1.13349 -35.5212  1.09912
 1.13364  -35.514  1.09927
 1.13379 -35.5068  1.09942
 1.13394 -35.4997  1.09957
 1.13409 -35.4925  1.09972
 1.13424 -35.4853  1.09987
 1.13439 -35.4782  1.10003
 1.13454  -35.471  1.10018
 1.13469 -35.4638  1.10033
 1.13484 -35.4567  1.10048
 1.13499 -35.4495  1.10048
 1.13514 -35.4424  1.10063
 1.13529 -35.4352  1.10078
 1.13544 -35.4281  1.10093
 1.13559 -35.4209  1.10108
 1.13574 -35.4138  1.10123
 1.13589 -35.4067  1.10138
 1.13604 -35.3995  1.10153
 1.13619 -35.3924  1.10168
 1.13634 -35.3852  1.10183
 1.13649 -35.3781  1.10198
 1.13664  -35.371  1.10213
 1.13679 -35.3639  1.10213
 1.13694 -35.3567  1.10228
 1.13709 -35.3496  1.10243
 1.13724 -35.3425  1.10258
 1.13739 -35.3354  1.10273
 1.13754 -35.3282  1.10288
 1.13769 -35.3211  1.10303
 1.13784  -35.314  1.10318
 1.13799 -35.3069  1.10333
 1.13814 -35.2998  1.10348
 1.13829 -35.2927  1.10363
 1.13844 -35.2856  1.10378
 1.13859 -35.2785  1.10393
 1.13874 -35.2714  1.10393
 1.13889 -35.2643  1.10408
 1.13904 -35.2572  1.10423
 1.13919 -35.2501  1.10438
 1.13934  -35.243  1.10453
 1.13949 -35.2359  1.10468
 1.13964 -35.2288  1.10483
 1.13979 -35.2217  1.10498
 1.13994 -35.2146  1.10513
  1.1401 -35.2075  1.10528
 1.14025 -35.2005  1.10543
  1.1404 -35.1934  1.10558
 1.14055 -35.1863  1.10558
  1.1407 -35.1792  1.10573
 1.14085 -35.1722  1.10588
   1.141 -35.1651  1.10603
 1.14115  -35.158  1.10618
  1.1413  -35.151  1.10633
 1.14145 -35.1439  1.10648
  1.1416 -35.1368  1.10663
 1.14175 -35.1298  1.10678
  1.1419 -35.1227  1.10693
 1.14205 -35.1157  1.10708
  1.1422 -35.1086  1.10723
 1.14235 -35.1015  1.10723
  1.1425 -35.0945  1.10738
 1.14265 -35.0875  1.10753
  1.1428 -35.0804  1.10768
 1.14295 -35.0734  1.10783
  1.1431 -35.0663  1.10798
 1.14325 -35.0593  1.10813
  1.1434 -35.0522  1.10828
 1.14355 -35.0452  1.10843
  1.1437 -35.0382  1.10858
 1.14385 -35.0311  1.10873
   1.144 -35.0241  1.10888
 1.14415 -35.0171  1.10888
  1.1443 -35.0101  1.10903
 1.14445  -35.003  1.10918
  1.1446  -34.996  1.10933
 1.14475  -34.989  1.10948
  1.1449  -34.982  1.10963
 1.14505  -34.975  1.10978
  1.1452  -34.968  1.10993
 1.14535 -34.9609  1.11008
  1.1455 -34.9539  1.11023
 1.14565 -34.9469  1.11038
  1.1458 -34.9399  1.11053
 1.14595 -34.9329  1.11053
  1.1461 -34.9259  1.11068
 1.14625 -34.9189  1.11083
  1.1464 -34.9119  1.11098
 1.14655 -34.9049  1.11113
  1.1467 -34.8979  1.11128
 1.14685 -34.8909  1.11143
   1.147  -34.884  1.11158
 1.14715  -34.877  1.11173
  1.1473   -34.87  1.11188
 1.14745  -34.863  1.11203
  1.1476  -34.856  1.11203
 1.14775  -34.849  1.11218
  1.1479 -34.8421  1.11233
 1.14805 -34.8351  1.11248
  1.1482 -34.8281  1.11263
 1.14835 -34.8212  1.11278
  1.1485 -34.8142  1.11293
 1.14865 -34.8072  1.11308
  1.1488 -34.8003  1.11323
 1.14895 -34.7933  1.11338
  1.1491 -34.7863  1.11353
 1.14925 -34.7794  1.11353
  1.1494 -34.7724  1.11368
 1.14955 -34.7655  1.11383
  1.1497 -34.7585  1.11398
 1.14985 -34.7516  1.11413
    1.15 -34.7446  1.11428