 kgrid  ValNew  Policy 
    0.85 -75.2985 0.862756
 0.85015 -75.2846 0.862906
  0.8503 -75.2707 0.863057
 0.85045 -75.2568 0.863057
  0.8506  -75.243 0.863207
 0.85075 -75.2291 0.863357
  0.8509 -75.2153 0.863507
0.851051 -75.2015 0.863507
0.851201 -75.1876 0.863657
0.851351 -75.1738 0.863807
0.851501   -75.16 0.863957
0.851651 -75.1462 0.863957
0.851801 -75.1324 0.864107
0.851951 -75.1187 0.864257
0.852101 -75.1049 0.864407
0.852251 -75.0911 0.864407
0.852401 -75.0774 0.864557
0.852551 -75.0637 0.864707
0.852701 -75.0499 0.864857
0.852851 -75.0362 0.864857
0.853002 -75.0225 0.865008
0.853152 -75.0088 0.865158
0.853302 -74.9951 0.865308
0.853452 -74.9814 0.865458
0.853602 -74.9678 0.865458
0.853752 -74.9541 0.865608
0.853902 -74.9404 0.865758
0.854052 -74.9268 0.865908
0.854202 -74.9132 0.865908
0.854352 -74.8995 0.866058
0.854502 -74.8859 0.866208
0.854652 -74.8723 0.866358
0.854802 -74.8587 0.866358
0.854952 -74.8451 0.866508
0.855103 -74.8316 0.866658
0.855253  -74.818 0.866808
0.855403 -74.8044 0.866808
0.855553 -74.7909 0.866958
0.855703 -74.7773 0.867109
0.855853 -74.7638 0.867259
0.856003 -74.7503 0.867259
0.856153 -74.7367 0.867409
0.856303 -74.7232 0.867559
0.856453 -74.7097 0.867709
0.856603 -74.6963 0.867859
0.856753 -74.6828 0.867859
0.856903 -74.6693 0.868009
0.857054 -74.6558 0.868159
0.857204 -74.6424 0.868309
0.857354 -74.6289 0.868309
0.857504 -74.6155 0.868459
0.857654 -74.6021 0.868609
0.857804 -74.5887 0.868759
0.857954 -74.5752 0.868759
0.858104 -74.5618 0.868909
0.858254 -74.5485  0.86906
0.858404 -74.5351  0.86921
0.858554 -74.5217  0.86921
0.858704 -74.5083  0.86936
0.858854  -74.495  0.86951
0.859005 -74.4816  0.86966
0.859155 -74.4683  0.86966
0.859305  -74.455  0.86981
0.859455 -74.4416  0.86996
0.859605 -74.4283  0.87011
0.859755  -74.415  0.87026
0.859905 -74.4017  0.87026
0.860055 -74.3884  0.87041
0.860205 -74.3752  0.87056
0.860355 -74.3619  0.87071
0.860505 -74.3486  0.87086
0.860655 -74.3354  0.87086
0.860805 -74.3221 0.871011
0.860955 -74.3089 0.871161
0.861106 -74.2957 0.871311
0.861256 -74.2824 0.871461
0.861406 -74.2692 0.871611
0.861556  -74.256 0.871761
0.861706 -74.2428 0.871761
0.861856 -74.2296 0.871911
0.862006 -74.2164 0.872061
0.862156 -74.2032 0.872211
0.862306   -74.19 0.872361
0.862456 -74.1768 0.872511
0.862606 -74.1637 0.872661
0.862756 -74.1505 0.872661
0.862906 -74.1373 0.872811
0.863057 -74.1242 0.872961
0.863207  -74.111 0.873112
0.863357 -74.0979 0.873262
0.863507 -74.0848 0.873412
0.863657 -74.0716 0.873562
0.863807 -74.0585 0.873562
0.863957 -74.0454 0.873712
0.864107 -74.0323 0.873862
0.864257 -74.0192 0.874012
0.864407 -74.0061 0.874162
0.864557  -73.993 0.874312
0.864707 -73.9799 0.874462
0.864857 -73.9669 0.874612
0.865008 -73.9538 0.874612
0.865158 -73.9407 0.874762
0.865308 -73.9277 0.874912
0.865458 -73.9146 0.875063
0.865608 -73.9016 0.875213
0.865758 -73.8885 0.875363
0.865908 -73.8755 0.875513
0.866058 -73.8625 0.875663
0.866208 -73.8494 0.875663
0.866358 -73.8364 0.875813
0.866508 -73.8234 0.875963
0.866658 -73.8104 0.876113
0.866808 -73.7974 0.876263
0.866958 -73.7844 0.876413
0.867109 -73.7714 0.876563
0.867259 -73.7584 0.876713
0.867409 -73.7455 0.876713
0.867559 -73.7325 0.876863
0.867709 -73.7195 0.877014
0.867859 -73.7066 0.877164
0.868009 -73.6936 0.877314
0.868159 -73.6807 0.877464
0.868309 -73.6677 0.877614
0.868459 -73.6548 0.877764
0.868609 -73.6419 0.877764
0.868759  -73.629 0.877914
0.868909 -73.6161 0.878064
 0.86906 -73.6031 0.878214
 0.86921 -73.5902 0.878364
 0.86936 -73.5773 0.878514
 0.86951 -73.5645 0.878664
 0.86966 -73.5516 0.878814
 0.86981 -73.5387 0.878814
 0.86996 -73.5258 0.878964
 0.87011 -73.5129 0.879115
 0.87026 -73.5001 0.879265
 0.87041 -73.4872 0.879415
 0.87056 -73.4744 0.879565
 0.87071 -73.4615 0.879715
 0.87086 -73.4487 0.879865
0.871011 -73.4359 0.879865
0.871161  -73.423 0.880015
0.871311 -73.4102 0.880165
0.871461 -73.3974 0.880315
0.871611 -73.3846 0.880465
0.871761 -73.3718 0.880615
0.871911  -73.359 0.880765
0.872061 -73.3462 0.880915
0.872211 -73.3334 0.881066
0.872361 -73.3206 0.881066
0.872511 -73.3078 0.881216
0.872661 -73.2951 0.881366
0.872811 -73.2823 0.881516
0.872961 -73.2695 0.881666
0.873112 -73.2568 0.881816
0.873262  -73.244 0.881966
0.873412 -73.2313 0.882116
0.873562 -73.2186 0.882266
0.873712 -73.2058 0.882266
0.873862 -73.1931 0.882416
0.874012 -73.1804 0.882566
0.874162 -73.1676 0.882716
0.874312 -73.1549 0.882866
0.874462 -73.1422 0.883017
0.874612 -73.1295 0.883167
0.874762 -73.1168 0.883317
0.874912 -73.1041 0.883467
0.875063 -73.0915 0.883467
0.875213 -73.0788 0.883617
0.875363 -73.0661 0.883767
0.875513 -73.0534 0.883917
0.875663 -73.0408 0.884067
0.875813 -73.0281 0.884217
0.875963 -73.0155 0.884367
0.876113 -73.0028 0.884517
0.876263 -72.9902 0.884667
0.876413 -72.9775 0.884667
0.876563 -72.9649 0.884817
0.876713 -72.9523 0.884967
0.876863 -72.9397 0.885118
0.877014  -72.927 0.885268
0.877164 -72.9144 0.885418
0.877314 -72.9018 0.885568
0.877464 -72.8892 0.885718
0.877614 -72.8766 0.885868
0.877764  -72.864 0.886018
0.877914 -72.8515 0.886018
0.878064 -72.8389 0.886168
0.878214 -72.8263 0.886318
0.878364 -72.8137 0.886468
0.878514 -72.8012 0.886618
0.878664 -72.7886 0.886768
0.878814 -72.7761 0.886918
0.878964 -72.7635 0.887069
0.879115  -72.751 0.887219
0.879265 -72.7384 0.887219
0.879415 -72.7259 0.887369
0.879565 -72.7134 0.887519
0.879715 -72.7009 0.887669
0.879865 -72.6883 0.887819
0.880015 -72.6758 0.887969
0.880165 -72.6633 0.888119
0.880315 -72.6508 0.888269
0.880465 -72.6383 0.888419
0.880615 -72.6258 0.888569
0.880765 -72.6134 0.888569
0.880915 -72.6009 0.888719
0.881066 -72.5884 0.888869
0.881216 -72.5759  0.88902
0.881366 -72.5635  0.88917
0.881516  -72.551  0.88932
0.881666 -72.5386  0.88947
0.881816 -72.5261  0.88962
0.881966 -72.5137  0.88977
0.882116 -72.5012  0.88992
0.882266 -72.4888  0.88992
0.882416 -72.4764  0.89007
0.882566 -72.4639  0.89022
0.882716 -72.4515  0.89037
0.882866 -72.4391  0.89052
0.883017 -72.4267  0.89067
0.883167 -72.4143  0.89082
0.883317 -72.4019  0.89097
0.883467 -72.3895 0.891121
0.883617 -72.3771 0.891271
0.883767 -72.3647 0.891271
0.883917 -72.3524 0.891421
0.884067   -72.34 0.891571
0.884217 -72.3276 0.891721
0.884367 -72.3153 0.891871
0.884517 -72.3029 0.892021
0.884667 -72.2906 0.892171
0.884817 -72.2782 0.892321
0.884967 -72.2659 0.892471
0.885118 -72.2535 0.892621
0.885268 -72.2412 0.892621
0.885418 -72.2289 0.892771
0.885568 -72.2165 0.892921
0.885718 -72.2042 0.893072
0.885868 -72.1919 0.893222
0.886018 -72.1796 0.893372
0.886168 -72.1673 0.893522
0.886318  -72.155 0.893672
0.886468 -72.1427 0.893822
0.886618 -72.1304 0.893972
0.886768 -72.1181 0.893972
0.886918 -72.1059 0.894122
0.887069 -72.0936 0.894272
0.887219 -72.0813 0.894422
0.887369 -72.0691 0.894572
0.887519 -72.0568 0.894722
0.887669 -72.0445 0.894872
0.887819 -72.0323 0.895023
0.887969   -72.02 0.895173
0.888119 -72.0078 0.895323
0.888269 -71.9956 0.895473
0.888419 -71.9833 0.895473
0.888569 -71.9711 0.895623
0.888719 -71.9589 0.895773
0.888869 -71.9467 0.895923
 0.88902 -71.9345 0.896073
 0.88917 -71.9223 0.896223
 0.88932 -71.9101 0.896373
 0.88947 -71.8979 0.896523
 0.88962 -71.8857 0.896673
 0.88977 -71.8735 0.896823
 0.88992 -71.8613 0.896823
 0.89007 -71.8491 0.896973
 0.89022  -71.837 0.897124
 0.89037 -71.8248 0.897274
 0.89052 -71.8126 0.897424
 0.89067 -71.8005 0.897574
 0.89082 -71.7883 0.897724
 0.89097 -71.7762 0.897874
0.891121  -71.764 0.898024
0.891271 -71.7519 0.898174
0.891421 -71.7398 0.898324
0.891571 -71.7276 0.898324
0.891721 -71.7155 0.898474
0.891871 -71.7034 0.898624
0.892021 -71.6913 0.898774
0.892171 -71.6792 0.898924
0.892321 -71.6671 0.899075
0.892471  -71.655 0.899225
0.892621 -71.6429 0.899375
0.892771 -71.6308 0.899525
0.892921 -71.6187 0.899675
0.893072 -71.6066 0.899825
0.893222 -71.5945 0.899975
0.893372 -71.5825 0.899975
0.893522 -71.5704 0.900125
0.893672 -71.5583 0.900275
0.893822 -71.5463 0.900425
0.893972 -71.5342 0.900575
0.894122 -71.5221 0.900725
0.894272 -71.5101 0.900875
0.894422 -71.4981 0.901026
0.894572  -71.486 0.901176
0.894722  -71.474 0.901326
0.894872  -71.462 0.901476
0.895023 -71.4499 0.901626
0.895173 -71.4379 0.901626
0.895323 -71.4259 0.901776
0.895473 -71.4139 0.901926
0.895623 -71.4019 0.902076
0.895773 -71.3899 0.902226
0.895923 -71.3779 0.902376
0.896073 -71.3659 0.902526
0.896223 -71.3539 0.902676
0.896373 -71.3419 0.902826
0.896523 -71.3299 0.902976
0.896673 -71.3179 0.903127
0.896823  -71.306 0.903277
0.896973  -71.294 0.903427
0.897124  -71.282 0.903577
0.897274 -71.2701 0.903577
0.897424 -71.2581 0.903727
0.897574 -71.2461 0.903877
0.897724 -71.2342 0.904027
0.897874 -71.2223 0.904177
0.898024 -71.2103 0.904327
0.898174 -71.1984 0.904477
0.898324 -71.1864 0.904627
0.898474 -71.1745 0.904777
0.898624 -71.1626 0.904927
0.898774 -71.1507 0.905078
0.898924 -71.1388 0.905228
0.899075 -71.1269 0.905378
0.899225 -71.1149 0.905378
0.899375  -71.103 0.905528
0.899525 -71.0911 0.905678
0.899675 -71.0793 0.905828
0.899825 -71.0674 0.905978
0.899975 -71.0555 0.906128
0.900125 -71.0436 0.906278
0.900275 -71.0317 0.906428
0.900425 -71.0198 0.906578
0.900575  -71.008 0.906728
0.900725 -70.9961 0.906878
0.900875 -70.9843 0.907029
0.901026 -70.9724 0.907179
0.901176 -70.9606 0.907329
0.901326 -70.9487 0.907329
0.901476 -70.9369 0.907479
0.901626  -70.925 0.907629
0.901776 -70.9132 0.907779
0.901926 -70.9014 0.907929
0.902076 -70.8895 0.908079
0.902226 -70.8777 0.908229
0.902376 -70.8659 0.908379
0.902526 -70.8541 0.908529
0.902676 -70.8423 0.908679
0.902826 -70.8305 0.908829
0.902976 -70.8187 0.908979
0.903127 -70.8069  0.90913
0.903277 -70.7951  0.90928
0.903427 -70.7833  0.90928
0.903577 -70.7715  0.90943
0.903727 -70.7597  0.90958
0.903877 -70.7479  0.90973
0.904027 -70.7362  0.90988
0.904177 -70.7244  0.91003
0.904327 -70.7126  0.91018
0.904477 -70.7009  0.91033
0.904627 -70.6891  0.91048
0.904777 -70.6774  0.91063
0.904927 -70.6656  0.91078
0.905078 -70.6539  0.91093
0.905228 -70.6421 0.911081
0.905378 -70.6304 0.911231
0.905528 -70.6187 0.911231
0.905678 -70.6069 0.911381
0.905828 -70.5952 0.911531
0.905978 -70.5835 0.911681
0.906128 -70.5718 0.911831
0.906278 -70.5601 0.911981
0.906428 -70.5483 0.912131
0.906578 -70.5366 0.912281
0.906728 -70.5249 0.912431
0.906878 -70.5132 0.912581
0.907029 -70.5016 0.912731
0.907179 -70.4899 0.912881
0.907329 -70.4782 0.913032
0.907479 -70.4665 0.913182
0.907629 -70.4548 0.913332
0.907779 -70.4432 0.913332
0.907929 -70.4315 0.913482
0.908079 -70.4198 0.913632
0.908229 -70.4082 0.913782
0.908379 -70.3965 0.913932
0.908529 -70.3848 0.914082
0.908679 -70.3732 0.914232
0.908829 -70.3616 0.914382
0.908979 -70.3499 0.914532
 0.90913 -70.3383 0.914682
 0.90928 -70.3266 0.914832
 0.90943  -70.315 0.914982
 0.90958 -70.3034 0.915133
 0.90973 -70.2918 0.915283
 0.90988 -70.2801 0.915433
 0.91003 -70.2685 0.915433
 0.91018 -70.2569 0.915583
 0.91033 -70.2453 0.915733
 0.91048 -70.2337 0.915883
 0.91063 -70.2221 0.916033
 0.91078 -70.2105 0.916183
 0.91093 -70.1989 0.916333
0.911081 -70.1873 0.916483
0.911231 -70.1758 0.916633
0.911381 -70.1642 0.916783
0.911531 -70.1526 0.916933
0.911681  -70.141 0.917084
0.911831 -70.1295 0.917234
0.911981 -70.1179 0.917384
0.912131 -70.1063 0.917534
0.912281 -70.0948 0.917684
0.912431 -70.0832 0.917684
0.912581 -70.0717 0.917834
0.912731 -70.0601 0.917984
0.912881 -70.0486 0.918134
0.913032 -70.0371 0.918284
0.913182 -70.0255 0.918434
0.913332  -70.014 0.918584
0.913482 -70.0025 0.918734
0.913632  -69.991 0.918884
0.913782 -69.9794 0.919035
0.913932 -69.9679 0.919185
0.914082 -69.9564 0.919335
0.914232 -69.9449 0.919485
0.914382 -69.9334 0.919635
0.914532 -69.9219 0.919785
0.914682 -69.9104 0.919935
0.914832 -69.8989 0.919935
0.914982 -69.8874 0.920085
0.915133  -69.876 0.920235
0.915283 -69.8645 0.920385
0.915433  -69.853 0.920535
0.915583 -69.8415 0.920685
0.915733 -69.8301 0.920835
0.915883 -69.8186 0.920985
0.916033 -69.8071 0.921136
0.916183 -69.7957 0.921286
0.916333 -69.7842 0.921436
0.916483 -69.7728 0.921586
0.916633 -69.7613 0.921736
0.916783 -69.7499 0.921886
0.916933 -69.7385 0.922036
0.917084  -69.727 0.922036
0.917234 -69.7156 0.922186
0.917384 -69.7042 0.922336
0.917534 -69.6928 0.922486
0.917684 -69.6813 0.922636
0.917834 -69.6699 0.922786
0.917984 -69.6585 0.922936
0.918134 -69.6471 0.923087
0.918284 -69.6357 0.923237
0.918434 -69.6243 0.923387
0.918584 -69.6129 0.923537
0.918734 -69.6015 0.923687
0.918884 -69.5901 0.923837
0.919035 -69.5787 0.923987
0.919185 -69.5674 0.924137
0.919335  -69.556 0.924287
0.919485 -69.5446 0.924287
0.919635 -69.5332 0.924437
0.919785 -69.5219 0.924587
0.919935 -69.5105 0.924737
0.920085 -69.4991 0.924887
0.920235 -69.4878 0.925038
0.920385 -69.4764 0.925188
0.920535 -69.4651 0.925338
0.920685 -69.4537 0.925488
0.920835 -69.4424 0.925638
0.920985 -69.4311 0.925788
0.921136 -69.4197 0.925938
0.921286 -69.4084 0.926088
0.921436 -69.3971 0.926238
0.921586 -69.3858 0.926388
0.921736 -69.3744 0.926538
0.921886 -69.3631 0.926688
0.922036 -69.3518 0.926688
0.922186 -69.3405 0.926838
0.922336 -69.3292 0.926988
0.922486 -69.3179 0.927139
0.922636 -69.3066 0.927289
0.922786 -69.2953 0.927439
0.922936  -69.284 0.927589
0.923087 -69.2727 0.927739
0.923237 -69.2615 0.927889
0.923387 -69.2502 0.928039
0.923537 -69.2389 0.928189
0.923687 -69.2276 0.928339
0.923837 -69.2164 0.928489
0.923987 -69.2051 0.928639
0.924137 -69.1938 0.928789
0.924287 -69.1826 0.928939
0.924437 -69.1713 0.928939
0.924587 -69.1601  0.92909
0.924737 -69.1488  0.92924
0.924887 -69.1376  0.92939
0.925038 -69.1264  0.92954
0.925188 -69.1151  0.92969
0.925338 -69.1039  0.92984
0.925488 -69.0927  0.92999
0.925638 -69.0814  0.93014
0.925788 -69.0702  0.93029
0.925938  -69.059  0.93044
0.926088 -69.0478  0.93059
0.926238 -69.0366  0.93074
0.926388 -69.0254  0.93089
0.926538 -69.0142 0.931041
0.926688  -69.003 0.931191
0.926838 -68.9918 0.931341
0.926988 -68.9806 0.931491
0.927139 -68.9694 0.931491
0.927289 -68.9582 0.931641
0.927439  -68.947 0.931791
0.927589 -68.9359 0.931941
0.927739 -68.9247 0.932091
0.927889 -68.9135 0.932241
0.928039 -68.9023 0.932391
0.928189 -68.8912 0.932541
0.928339   -68.88 0.932691
0.928489 -68.8689 0.932841
0.928639 -68.8577 0.932991
0.928789 -68.8466 0.933142
0.928939 -68.8354 0.933292
 0.92909 -68.8243 0.933442
 0.92924 -68.8131 0.933592
 0.92939  -68.802 0.933742
 0.92954 -68.7909 0.933892
 0.92969 -68.7797 0.934042
 0.92984 -68.7686 0.934042
 0.92999 -68.7575 0.934192
 0.93014 -68.7464 0.934342
 0.93029 -68.7353 0.934492
 0.93044 -68.7241 0.934642
 0.93059  -68.713 0.934792
 0.93074 -68.7019 0.934942
 0.93089 -68.6908 0.935093
0.931041 -68.6797 0.935243
0.931191 -68.6686 0.935393
0.931341 -68.6576 0.935543
0.931491 -68.6465 0.935693
0.931641 -68.6354 0.935843
0.931791 -68.6243 0.935993
0.931941 -68.6132 0.936143
0.932091 -68.6022 0.936293
0.932241 -68.5911 0.936443
0.932391   -68.58 0.936443
0.932541  -68.569 0.936593
0.932691 -68.5579 0.936743
0.932841 -68.5468 0.936893
0.932991 -68.5358 0.937044
0.933142 -68.5247 0.937194
0.933292 -68.5137 0.937344
0.933442 -68.5026 0.937494
0.933592 -68.4916 0.937644
0.933742 -68.4806 0.937794
0.933892 -68.4695 0.937944
0.934042 -68.4585 0.938094
0.934192 -68.4475 0.938244
0.934342 -68.4365 0.938394
0.934492 -68.4255 0.938544
0.934642 -68.4144 0.938694
0.934792 -68.4034 0.938844
0.934942 -68.3924 0.938994
0.935093 -68.3814 0.939145
0.935243 -68.3704 0.939145
0.935393 -68.3594 0.939295
0.935543 -68.3484 0.939445
0.935693 -68.3374 0.939595
0.935843 -68.3264 0.939745
0.935993 -68.3155 0.939895
0.936143 -68.3045 0.940045
0.936293 -68.2935 0.940195
0.936443 -68.2825 0.940345
0.936593 -68.2716 0.940495
0.936743 -68.2606 0.940645
0.936893 -68.2496 0.940795
0.937044 -68.2387 0.940945
0.937194 -68.2277 0.941096
0.937344 -68.2168 0.941246
0.937494 -68.2058 0.941396
0.937644 -68.1949 0.941546
0.937794 -68.1839 0.941696
0.937944  -68.173 0.941696
0.938094  -68.162 0.941846
0.938244 -68.1511 0.941996
0.938394 -68.1402 0.942146
0.938544 -68.1292 0.942296
0.938694 -68.1183 0.942446
0.938844 -68.1074 0.942596
0.938994 -68.0965 0.942746
0.939145 -68.0856 0.942896
0.939295 -68.0747 0.943047
0.939445 -68.0638 0.943197
0.939595 -68.0529 0.943347
0.939745  -68.042 0.943497
0.939895 -68.0311 0.943647
0.940045 -68.0202 0.943797
0.940195 -68.0093 0.943947
0.940345 -67.9984 0.944097
0.940495 -67.9875 0.944247
0.940645 -67.9766 0.944397
0.940795 -67.9658 0.944397
0.940945 -67.9549 0.944547
0.941096  -67.944 0.944697
0.941246 -67.9331 0.944847
0.941396 -67.9223 0.944997
0.941546 -67.9114 0.945148
0.941696 -67.9006 0.945298
0.941846 -67.8897 0.945448
0.941996 -67.8789 0.945598
0.942146  -67.868 0.945748
0.942296 -67.8572 0.945898
0.942446 -67.8463 0.946048
0.942596 -67.8355 0.946198
0.942746 -67.8247 0.946348
0.942896 -67.8138 0.946498
0.943047  -67.803 0.946648
0.943197 -67.7922 0.946798
0.943347 -67.7814 0.946948
0.943497 -67.7705 0.947099
0.943647 -67.7597 0.947099
0.943797 -67.7489 0.947249
0.943947 -67.7381 0.947399
0.944097 -67.7273 0.947549
0.944247 -67.7165 0.947699
0.944397 -67.7057 0.947849
0.944547 -67.6949 0.947999
0.944697 -67.6841 0.948149
0.944847 -67.6733 0.948299
0.944997 -67.6625 0.948449
0.945148 -67.6518 0.948599
0.945298  -67.641 0.948749
0.945448 -67.6302 0.948899
0.945598 -67.6194  0.94905
0.945748 -67.6087   0.9492
0.945898 -67.5979  0.94935
0.946048 -67.5871   0.9495
0.946198 -67.5764  0.94965
0.946348 -67.5656   0.9498
0.946498 -67.5549   0.9498
0.946648 -67.5441  0.94995
0.946798 -67.5334   0.9501
0.946948 -67.5226  0.95025
0.947099 -67.5119   0.9504
0.947249 -67.5012  0.95055
0.947399 -67.4904   0.9507
0.947549 -67.4797  0.95085
0.947699  -67.469 0.951001
0.947849 -67.4583 0.951151
0.947999 -67.4475 0.951301
0.948149 -67.4368 0.951451
0.948299 -67.4261 0.951601
0.948449 -67.4154 0.951751
0.948599 -67.4047 0.951901
0.948749  -67.394 0.952051
0.948899 -67.3833 0.952201
 0.94905 -67.3726 0.952351
  0.9492 -67.3619 0.952501
 0.94935 -67.3512 0.952651
  0.9495 -67.3405 0.952651
 0.94965 -67.3298 0.952801
  0.9498 -67.3192 0.952951
 0.94995 -67.3085 0.953102
  0.9501 -67.2978 0.953252
 0.95025 -67.2871 0.953402
  0.9504 -67.2765 0.953552
 0.95055 -67.2658 0.953702
  0.9507 -67.2551 0.953852
 0.95085 -67.2445 0.954002
0.951001 -67.2338 0.954152
0.951151 -67.2232 0.954302
0.951301 -67.2125 0.954452
0.951451 -67.2019 0.954602
0.951601 -67.1912 0.954752
0.951751 -67.1806 0.954902
0.951901   -67.17 0.955053
0.952051 -67.1593 0.955203
0.952201 -67.1487 0.955353
0.952351 -67.1381 0.955353
0.952501 -67.1274 0.955503
0.952651 -67.1168 0.955653
0.952801 -67.1062 0.955803
0.952951 -67.0956 0.955953
0.953102  -67.085 0.956103
0.953252 -67.0744 0.956253
0.953402 -67.0638 0.956403
0.953552 -67.0532 0.956553
0.953702 -67.0426 0.956703
0.953852  -67.032 0.956853
0.954002 -67.0214 0.957004
0.954152 -67.0108 0.957154
0.954302 -67.0002 0.957304
0.954452 -66.9896 0.957454
0.954602  -66.979 0.957604
0.954752 -66.9685 0.957754
0.954902 -66.9579 0.957904
0.955053 -66.9473 0.958054
0.955203 -66.9367 0.958204
0.955353 -66.9262 0.958204
0.955503 -66.9156 0.958354
0.955653 -66.9051 0.958504
0.955803 -66.8945 0.958654
0.955953  -66.884 0.958804
0.956103 -66.8734 0.958954
0.956253 -66.8629 0.959105
0.956403 -66.8523 0.959255
0.956553 -66.8418 0.959405
0.956703 -66.8312 0.959555
0.956853 -66.8207 0.959705
0.957004 -66.8102 0.959855
0.957154 -66.7997 0.960005
0.957304 -66.7891 0.960155
0.957454 -66.7786 0.960305
0.957604 -66.7681 0.960455
0.957754 -66.7576 0.960605
0.957904 -66.7471 0.960755
0.958054 -66.7366 0.960905
0.958204 -66.7261 0.960905
0.958354 -66.7156 0.961056
0.958504 -66.7051 0.961206
0.958654 -66.6946 0.961356
0.958804 -66.6841 0.961506
0.958954 -66.6736 0.961656
0.959105 -66.6631 0.961806
0.959255 -66.6526 0.961956
0.959405 -66.6421 0.962106
0.959555 -66.6317 0.962256
0.959705 -66.6212 0.962406
0.959855 -66.6107 0.962556
0.960005 -66.6002 0.962706
0.960155 -66.5898 0.962856
0.960305 -66.5793 0.963007
0.960455 -66.5689 0.963157
0.960605 -66.5584 0.963307
0.960755  -66.548 0.963457
0.960905 -66.5375 0.963607
0.961056 -66.5271 0.963757
0.961206 -66.5166 0.963757
0.961356 -66.5062 0.963907
0.961506 -66.4957 0.964057
0.961656 -66.4853 0.964207
0.961806 -66.4749 0.964357
0.961956 -66.4644 0.964507
0.962106  -66.454 0.964657
0.962256 -66.4436 0.964807
0.962406 -66.4332 0.964957
0.962556 -66.4228 0.965108
0.962706 -66.4123 0.965258
0.962856 -66.4019 0.965408
0.963007 -66.3915 0.965558
0.963157 -66.3811 0.965708
0.963307 -66.3707 0.965858
0.963457 -66.3603 0.966008
0.963607 -66.3499 0.966158
0.963757 -66.3395 0.966308
0.963907 -66.3292 0.966458
0.964057 -66.3188 0.966608
0.964207 -66.3084 0.966758
0.964357  -66.298 0.966758
0.964507 -66.2876 0.966908
0.964657 -66.2773 0.967059
0.964807 -66.2669 0.967209
0.964957 -66.2565 0.967359
0.965108 -66.2462 0.967509
0.965258 -66.2358 0.967659
0.965408 -66.2254 0.967809
0.965558 -66.2151 0.967959
0.965708 -66.2047 0.968109
0.965858 -66.1944 0.968259
0.966008  -66.184 0.968409
0.966158 -66.1737 0.968559
0.966308 -66.1634 0.968709
0.966458  -66.153 0.968859
0.966608 -66.1427  0.96901
0.966758 -66.1324  0.96916
0.966908  -66.122  0.96931
0.967059 -66.1117  0.96946
0.967209 -66.1014  0.96961
0.967359 -66.0911  0.96961
0.967509 -66.0807  0.96976
0.967659 -66.0704  0.96991
0.967809 -66.0601  0.97006
0.967959 -66.0498  0.97021
0.968109 -66.0395  0.97036
0.968259 -66.0292  0.97051
0.968409 -66.0189  0.97066
0.968559 -66.0086  0.97081
0.968709 -65.9983  0.97096
0.968859  -65.988 0.971111
 0.96901 -65.9778 0.971261
 0.96916 -65.9675 0.971411
 0.96931 -65.9572 0.971561
 0.96946 -65.9469 0.971711
 0.96961 -65.9366 0.971861
 0.96976 -65.9264 0.972011
 0.96991 -65.9161 0.972161
 0.97006 -65.9058 0.972311
 0.97021 -65.8956 0.972461
 0.97036 -65.8853 0.972611
 0.97051 -65.8751 0.972611
 0.97066 -65.8648 0.972761
 0.97081 -65.8546 0.972911
 0.97096 -65.8443 0.973062
0.971111 -65.8341 0.973212
0.971261 -65.8238 0.973362
0.971411 -65.8136 0.973512
0.971561 -65.8033 0.973662
0.971711 -65.7931 0.973812
0.971861 -65.7829 0.973962
0.972011 -65.7727 0.974112
0.972161 -65.7624 0.974262
0.972311 -65.7522 0.974412
0.972461  -65.742 0.974562
0.972611 -65.7318 0.974712
0.972761 -65.7216 0.974862
0.972911 -65.7114 0.975013
0.973062 -65.7012 0.975163
0.973212 -65.6909 0.975313
0.973362 -65.6807 0.975463
0.973512 -65.6706 0.975613
0.973662 -65.6604 0.975613
0.973812 -65.6502 0.975763
0.973962   -65.64 0.975913
0.974112 -65.6298 0.976063
0.974262 -65.6196 0.976213
0.974412 -65.6094 0.976363
0.974562 -65.5993 0.976513
0.974712 -65.5891 0.976663
0.974862 -65.5789 0.976813
0.975013 -65.5687 0.976963
0.975163 -65.5586 0.977114
0.975313 -65.5484 0.977264
0.975463 -65.5383 0.977414
0.975613 -65.5281 0.977564
0.975763 -65.5179 0.977714
0.975913 -65.5078 0.977864
0.976063 -65.4976 0.978014
0.976213 -65.4875 0.978164
0.976363 -65.4774 0.978314
0.976513 -65.4672 0.978464
0.976663 -65.4571 0.978464
0.976813  -65.447 0.978614
0.976963 -65.4368 0.978764
0.977114 -65.4267 0.978914
0.977264 -65.4166 0.979065
0.977414 -65.4064 0.979215
0.977564 -65.3963 0.979365
0.977714 -65.3862 0.979515
0.977864 -65.3761 0.979665
0.978014  -65.366 0.979815
0.978164 -65.3559 0.979965
0.978314 -65.3458 0.980115
0.978464 -65.3357 0.980265
0.978614 -65.3256 0.980415
0.978764 -65.3155 0.980565
0.978914 -65.3054 0.980715
0.979065 -65.2953 0.980865
0.979215 -65.2852 0.981016
0.979365 -65.2751 0.981166
0.979515 -65.2651 0.981316
0.979665  -65.255 0.981466
0.979815 -65.2449 0.981466
0.979965 -65.2348 0.981616
0.980115 -65.2248 0.981766
0.980265 -65.2147 0.981916
0.980415 -65.2046 0.982066
0.980565 -65.1946 0.982216
0.980715 -65.1845 0.982366
0.980865 -65.1745 0.982516
0.981016 -65.1644 0.982666
0.981166 -65.1544 0.982816
0.981316 -65.1443 0.982966
0.981466 -65.1343 0.983117
0.981616 -65.1242 0.983267
0.981766 -65.1142 0.983417
0.981916 -65.1041 0.983567
0.982066 -65.0941 0.983717
0.982216 -65.0841 0.983867
0.982366 -65.0741 0.984017
0.982516  -65.064 0.984167
0.982666  -65.054 0.984317
0.982816  -65.044 0.984467
0.982966  -65.034 0.984467
0.983117  -65.024 0.984617
0.983267  -65.014 0.984767
0.983417  -65.004 0.984917
0.983567  -64.994 0.985068
0.983717  -64.984 0.985218
0.983867  -64.974 0.985368
0.984017  -64.964 0.985518
0.984167  -64.954 0.985668
0.984317  -64.944 0.985818
0.984467  -64.934 0.985968
0.984617  -64.924 0.986118
0.984767  -64.914 0.986268
0.984917  -64.904 0.986418
0.985068 -64.8941 0.986568
0.985218 -64.8841 0.986718
0.985368 -64.8741 0.986868
0.985518 -64.8642 0.987019
0.985668 -64.8542 0.987169
0.985818 -64.8442 0.987319
0.985968 -64.8343 0.987469
0.986118 -64.8243 0.987469
0.986268 -64.8144 0.987619
0.986418 -64.8044 0.987769
0.986568 -64.7945 0.987919
0.986718 -64.7845 0.988069
0.986868 -64.7746 0.988219
0.987019 -64.7647 0.988369
0.987169 -64.7547 0.988519
0.987319 -64.7448 0.988669
0.987469 -64.7349 0.988819
0.987619 -64.7249 0.988969
0.987769  -64.715  0.98912
0.987919 -64.7051  0.98927
0.988069 -64.6952  0.98942
0.988219 -64.6852  0.98957
0.988369 -64.6753  0.98972
0.988519 -64.6654  0.98987
0.988669 -64.6555  0.99002
0.988819 -64.6456  0.99017
0.988969 -64.6357  0.99032
 0.98912 -64.6258  0.99032
 0.98927 -64.6159  0.99047
 0.98942  -64.606  0.99062
 0.98957 -64.5961  0.99077
 0.98972 -64.5862  0.99092
 0.98987 -64.5764 0.991071
 0.99002 -64.5665 0.991221
 0.99017 -64.5566 0.991371
 0.99032 -64.5467 0.991521
 0.99047 -64.5368 0.991671
 0.99062  -64.527 0.991821
 0.99077 -64.5171 0.991971
 0.99092 -64.5072 0.992121
0.991071 -64.4974 0.992271
0.991221 -64.4875 0.992421
0.991371 -64.4777 0.992571
0.991521 -64.4678 0.992721
0.991671  -64.458 0.992871
0.991821 -64.4481 0.993022
0.991971 -64.4383 0.993172
0.992121 -64.4284 0.993322
0.992271 -64.4186 0.993322
0.992421 -64.4087 0.993472
0.992571 -64.3989 0.993622
0.992721 -64.3891 0.993772
0.992871 -64.3792 0.993922
0.993022 -64.3694 0.994072
0.993172 -64.3596 0.994222
0.993322 -64.3498 0.994372
0.993472 -64.3399 0.994522
0.993622 -64.3301 0.994672
0.993772 -64.3203 0.994822
0.993922 -64.3105 0.994972
0.994072 -64.3007 0.995123
0.994222 -64.2909 0.995273
0.994372 -64.2811 0.995423
0.994522 -64.2713 0.995573
0.994672 -64.2615 0.995723
0.994822 -64.2517 0.995873
0.994972 -64.2419 0.996023
0.995123 -64.2321 0.996173
0.995273 -64.2223 0.996323
0.995423 -64.2126 0.996473
0.995573 -64.2028 0.996473
0.995723  -64.193 0.996623
0.995873 -64.1832 0.996773
0.996023 -64.1735 0.996923
0.996173 -64.1637 0.997074
0.996323 -64.1539 0.997224
0.996473 -64.1442 0.997374
0.996623 -64.1344 0.997524
0.996773 -64.1246 0.997674
0.996923 -64.1149 0.997824
0.997074 -64.1051 0.997974
0.997224 -64.0954 0.998124
0.997374 -64.0856 0.998274
0.997524 -64.0759 0.998424
0.997674 -64.0661 0.998574
0.997824 -64.0564 0.998724
0.997974 -64.0467 0.998874
0.998124 -64.0369 0.999025
0.998274 -64.0272 0.999175
0.998424 -64.0175 0.999325
0.998574 -64.0078 0.999475
0.998724  -63.998 0.999475
0.998874 -63.9883 0.999625
0.999025 -63.9786 0.999775
0.999175 -63.9689 0.999925
0.999325 -63.9592  1.00008
0.999475 -63.9495  1.00023
0.999625 -63.9398  1.00038
0.999775 -63.9301  1.00053
0.999925 -63.9203  1.00068
 1.00008 -63.9107  1.00083
 1.00023  -63.901  1.00098
 1.00038 -63.8913  1.00113
 1.00053 -63.8816  1.00128
 1.00068 -63.8719  1.00143
 1.00083 -63.8622  1.00158
 1.00098 -63.8525  1.00173
 1.00113 -63.8428  1.00188
 1.00128 -63.8332  1.00203
 1.00143 -63.8235  1.00218
 1.00158 -63.8138  1.00233
 1.00173 -63.8042  1.00248
 1.00188 -63.7945  1.00248
 1.00203 -63.7848  1.00263
 1.00218 -63.7752  1.00278
 1.00233 -63.7655  1.00293
 1.00248 -63.7559  1.00308
 1.00263 -63.7462  1.00323
 1.00278 -63.7366  1.00338
 1.00293 -63.7269  1.00353
 1.00308 -63.7173  1.00368
 1.00323 -63.7076  1.00383
 1.00338  -63.698  1.00398
 1.00353 -63.6883  1.00413
 1.00368 -63.6787  1.00428
 1.00383 -63.6691  1.00443
 1.00398 -63.6595  1.00458
 1.00413 -63.6498  1.00473
 1.00428 -63.6402  1.00488
 1.00443 -63.6306  1.00503
 1.00458  -63.621  1.00518
 1.00473 -63.6114  1.00533
 1.00488 -63.6017  1.00533
 1.00503 -63.5921  1.00548
 1.00518 -63.5825  1.00563
 1.00533 -63.5729  1.00578
 1.00548 -63.5633  1.00593
 1.00563 -63.5537  1.00608
 1.00578 -63.5441  1.00623
 1.00593 -63.5345  1.00638
 1.00608 -63.5249  1.00653
 1.00623 -63.5154  1.00668
 1.00638 -63.5058  1.00683
 1.00653 -63.4962  1.00698
 1.00668 -63.4866  1.00713
 1.00683  -63.477  1.00728
 1.00698 -63.4675  1.00743
 1.00713 -63.4579  1.00758
 1.00728 -63.4483  1.00773
 1.00743 -63.4388  1.00788
 1.00758 -63.4292  1.00803
 1.00773 -63.4196  1.00818
 1.00788 -63.4101  1.00833
 1.00803 -63.4005  1.00833
 1.00818  -63.391  1.00848
 1.00833 -63.3814  1.00863
 1.00848 -63.3719  1.00878
 1.00863 -63.3623  1.00893
 1.00878 -63.3528  1.00908
 1.00893 -63.3432  1.00923
 1.00908 -63.3337  1.00938
 1.00923 -63.3242  1.00953
 1.00938 -63.3146  1.00968
 1.00953 -63.3051  1.00983
 1.00968 -63.2956  1.00998
 1.00983 -63.2861  1.01013
 1.00998 -63.2765  1.01028
 1.01013  -63.267  1.01043
 1.01028 -63.2575  1.01058
 1.01043  -63.248  1.01073
 1.01058 -63.2385  1.01088
 1.01073  -63.229  1.01103
 1.01088 -63.2195  1.01118
 1.01103   -63.21  1.01133
 1.01118 -63.2005  1.01133
 1.01133  -63.191  1.01148
 1.01148 -63.1815  1.01163
 1.01163  -63.172  1.01178
 1.01178 -63.1625  1.01193
 1.01193  -63.153  1.01208
 1.01208 -63.1435  1.01223
 1.01223  -63.134  1.01238
 1.01238 -63.1246  1.01253
 1.01253 -63.1151  1.01268
 1.01268 -63.1056  1.01283
 1.01283 -63.0961  1.01298
 1.01298 -63.0867  1.01313
 1.01313 -63.0772  1.01328
 1.01328 -63.0677  1.01343
 1.01343 -63.0583  1.01358
 1.01358 -63.0488  1.01373
 1.01373 -63.0394  1.01388
 1.01388 -63.0299  1.01403
 1.01403 -63.0205  1.01418
 1.01418  -63.011  1.01433
 1.01433 -63.0016  1.01433
 1.01448 -62.9921  1.01448
 1.01463 -62.9827  1.01463
 1.01478 -62.9732  1.01478
 1.01493 -62.9638  1.01493
 1.01508 -62.9544  1.01508
 1.01523  -62.945  1.01523
 1.01538 -62.9355  1.01538
 1.01553 -62.9261  1.01553
 1.01568 -62.9167  1.01568
 1.01583 -62.9073  1.01583
 1.01598 -62.8978  1.01598
 1.01613 -62.8884  1.01613
 1.01628  -62.879  1.01628
 1.01643 -62.8696  1.01643
 1.01658 -62.8602  1.01658
 1.01673 -62.8508  1.01673
 1.01688 -62.8414  1.01688
 1.01703  -62.832  1.01703
 1.01718 -62.8226  1.01718
 1.01733 -62.8132  1.01718
 1.01748 -62.8038  1.01733
 1.01763 -62.7944  1.01748
 1.01778 -62.7851  1.01763
 1.01793 -62.7757  1.01778
 1.01808 -62.7663  1.01793
 1.01823 -62.7569  1.01808
 1.01838 -62.7475  1.01823
 1.01853 -62.7382  1.01838
 1.01868 -62.7288  1.01853
 1.01883 -62.7194  1.01868
 1.01898 -62.7101  1.01883
 1.01913 -62.7007  1.01898
 1.01928 -62.6913  1.01913
 1.01943  -62.682  1.01928
 1.01958 -62.6726  1.01943
 1.01973 -62.6633  1.01958
 1.01988 -62.6539  1.01973
 1.02004 -62.6446  1.01988
 1.02019 -62.6353  1.02004
 1.02034 -62.6259  1.02019
 1.02049 -62.6166  1.02019
 1.02064 -62.6072  1.02034
 1.02079 -62.5979  1.02049
 1.02094 -62.5886  1.02064
 1.02109 -62.5792  1.02079
 1.02124 -62.5699  1.02094
 1.02139 -62.5606  1.02109
 1.02154 -62.5513  1.02124
 1.02169  -62.542  1.02139
 1.02184 -62.5326  1.02154
 1.02199 -62.5233  1.02169
 1.02214  -62.514  1.02184
 1.02229 -62.5047  1.02199
 1.02244 -62.4954  1.02214
 1.02259 -62.4861  1.02229
 1.02274 -62.4768  1.02244
 1.02289 -62.4675  1.02259
 1.02304 -62.4582  1.02274
 1.02319 -62.4489  1.02289
 1.02334 -62.4396  1.02304
 1.02349 -62.4303  1.02319
 1.02364 -62.4211  1.02319
 1.02379 -62.4118  1.02334
 1.02394 -62.4025  1.02349
 1.02409 -62.3932  1.02364
 1.02424 -62.3839  1.02379
 1.02439 -62.3747  1.02394
 1.02454 -62.3654  1.02409
 1.02469 -62.3561  1.02424
 1.02484 -62.3469  1.02439
 1.02499 -62.3376  1.02454
 1.02514 -62.3284  1.02469
 1.02529 -62.3191  1.02484
 1.02544 -62.3098  1.02499
 1.02559 -62.3006  1.02514
 1.02574 -62.2914  1.02529
 1.02589 -62.2821  1.02544
 1.02604 -62.2729  1.02559
 1.02619 -62.2636  1.02574
 1.02634 -62.2544  1.02589
 1.02649 -62.2451  1.02604
 1.02664 -62.2359  1.02604
 1.02679 -62.2267  1.02619
 1.02694 -62.2175  1.02634
 1.02709 -62.2082  1.02649
 1.02724  -62.199  1.02664
 1.02739 -62.1898  1.02679
 1.02754 -62.1806  1.02694
 1.02769 -62.1714  1.02709
 1.02784 -62.1621  1.02724
 1.02799 -62.1529  1.02739
 1.02814 -62.1437  1.02754
 1.02829 -62.1345  1.02769
 1.02844 -62.1253  1.02784
 1.02859 -62.1161  1.02799
 1.02874 -62.1069  1.02814
 1.02889 -62.0977  1.02829
 1.02904 -62.0885  1.02844
 1.02919 -62.0793  1.02859
 1.02934 -62.0702  1.02874
 1.02949  -62.061  1.02889
 1.02964 -62.0518  1.02889
 1.02979 -62.0426  1.02904
 1.02994 -62.0334  1.02919
 1.03009 -62.0243  1.02934
 1.03024 -62.0151  1.02949
 1.03039 -62.0059  1.02964
 1.03054 -61.9967  1.02979
 1.03069 -61.9876  1.02994
 1.03084 -61.9784  1.03009
 1.03099 -61.9693  1.03024
 1.03114 -61.9601  1.03039
 1.03129 -61.9509  1.03054
 1.03144 -61.9418  1.03069
 1.03159 -61.9326  1.03084
 1.03174 -61.9235  1.03099
 1.03189 -61.9144  1.03114
 1.03204 -61.9052  1.03129
 1.03219 -61.8961  1.03144
 1.03234 -61.8869  1.03159
 1.03249 -61.8778  1.03174
 1.03264 -61.8687  1.03174
 1.03279 -61.8595  1.03189
 1.03294 -61.8504  1.03204
 1.03309 -61.8413  1.03219
 1.03324 -61.8322  1.03234
 1.03339  -61.823  1.03249
 1.03354 -61.8139  1.03264
 1.03369 -61.8048  1.03279
 1.03384 -61.7957  1.03294
 1.03399 -61.7866  1.03309
 1.03414 -61.7775  1.03324
 1.03429 -61.7684  1.03339
 1.03444 -61.7593  1.03354
 1.03459 -61.7502  1.03369
 1.03474 -61.7411  1.03384
 1.03489  -61.732  1.03399
 1.03504 -61.7229  1.03414
 1.03519 -61.7138  1.03429
 1.03534 -61.7047  1.03444
 1.03549 -61.6956  1.03459
 1.03564 -61.6866  1.03459
 1.03579 -61.6775  1.03474
 1.03594 -61.6684  1.03489
 1.03609 -61.6593  1.03504
 1.03624 -61.6503  1.03519
 1.03639 -61.6412  1.03534
 1.03654 -61.6321  1.03549
 1.03669 -61.6231  1.03564
 1.03684  -61.614  1.03579
 1.03699 -61.6049  1.03594
 1.03714 -61.5959  1.03609
 1.03729 -61.5868  1.03624
 1.03744 -61.5778  1.03639
 1.03759 -61.5687  1.03654
 1.03774 -61.5597  1.03669
 1.03789 -61.5506  1.03684
 1.03804 -61.5416  1.03699
 1.03819 -61.5325  1.03714
 1.03834 -61.5235  1.03729
 1.03849 -61.5145  1.03744
 1.03864 -61.5054  1.03744
 1.03879 -61.4964  1.03759
 1.03894 -61.4874  1.03774
 1.03909 -61.4784  1.03789
 1.03924 -61.4693  1.03804
 1.03939 -61.4603  1.03819
 1.03954 -61.4513  1.03834
 1.03969 -61.4423  1.03849
 1.03984 -61.4333  1.03864
 1.03999 -61.4243  1.03879
 1.04015 -61.4153  1.03894
  1.0403 -61.4062  1.03909
 1.04045 -61.3972  1.03924
  1.0406 -61.3882  1.03939
 1.04075 -61.3792  1.03954
  1.0409 -61.3703  1.03969
 1.04105 -61.3613  1.03984
  1.0412 -61.3523  1.03999
 1.04135 -61.3433  1.04015
  1.0415 -61.3343   1.0403
 1.04165 -61.3253   1.0403
  1.0418 -61.3163  1.04045
 1.04195 -61.3074   1.0406
  1.0421 -61.2984  1.04075
 1.04225 -61.2894   1.0409
  1.0424 -61.2804  1.04105
 1.04255 -61.2715   1.0412
  1.0427 -61.2625  1.04135
 1.04285 -61.2535   1.0415
   1.043 -61.2446  1.04165
 1.04315 -61.2356   1.0418
  1.0433 -61.2267  1.04195
 1.04345 -61.2177   1.0421
  1.0436 -61.2088  1.04225
 1.04375 -61.1998   1.0424
  1.0439 -61.1909  1.04255
 1.04405 -61.1819   1.0427
  1.0442  -61.173  1.04285
 1.04435 -61.1641    1.043
  1.0445 -61.1551    1.043
 1.04465 -61.1462  1.04315
  1.0448 -61.1373   1.0433
 1.04495 -61.1283  1.04345
  1.0451 -61.1194   1.0436
 1.04525 -61.1105  1.04375
  1.0454 -61.1016   1.0439
 1.04555 -61.0926  1.04405
  1.0457 -61.0837   1.0442
 1.04585 -61.0748  1.04435
   1.046 -61.0659   1.0445
 1.04615  -61.057  1.04465
  1.0463 -61.0481   1.0448
 1.04645 -61.0392  1.04495
  1.0466 -61.0303   1.0451
 1.04675 -61.0214  1.04525
  1.0469 -61.0125   1.0454
 1.04705 -61.0036  1.04555
  1.0472 -60.9947   1.0457
 1.04735 -60.9858  1.04585
  1.0475 -60.9769  1.04585
 1.04765  -60.968    1.046
  1.0478 -60.9592  1.04615
 1.04795 -60.9503   1.0463
  1.0481 -60.9414  1.04645
 1.04825 -60.9325   1.0466
  1.0484 -60.9237  1.04675
 1.04855 -60.9148   1.0469
  1.0487 -60.9059  1.04705
 1.04885 -60.8971   1.0472
   1.049 -60.8882  1.04735
 1.04915 -60.8793   1.0475
  1.0493 -60.8705  1.04765
 1.04945 -60.8616   1.0478
  1.0496 -60.8528  1.04795
 1.04975 -60.8439   1.0481
  1.0499 -60.8351  1.04825
 1.05005 -60.8262   1.0484
  1.0502 -60.8174  1.04855
 1.05035 -60.8086  1.04855
  1.0505 -60.7997   1.0487
 1.05065 -60.7909  1.04885
  1.0508  -60.782    1.049
 1.05095 -60.7732  1.04915
  1.0511 -60.7644   1.0493
 1.05125 -60.7556  1.04945
  1.0514 -60.7467   1.0496
 1.05155 -60.7379  1.04975
  1.0517 -60.7291   1.0499
 1.05185 -60.7203  1.05005
   1.052 -60.7115   1.0502
 1.05215 -60.7027  1.05035
  1.0523 -60.6939   1.0505
 1.05245  -60.685  1.05065
  1.0526 -60.6762   1.0508
 1.05275 -60.6674  1.05095
  1.0529 -60.6586   1.0511
 1.05305 -60.6498   1.0511
  1.0532 -60.6411  1.05125
 1.05335 -60.6323   1.0514
  1.0535 -60.6235  1.05155
 1.05365 -60.6147   1.0517
  1.0538 -60.6059  1.05185
 1.05395 -60.5971    1.052
  1.0541 -60.5883  1.05215
 1.05425 -60.5796   1.0523
  1.0544 -60.5708  1.05245
 1.05455  -60.562   1.0526
  1.0547 -60.5533  1.05275
 1.05485 -60.5445   1.0529
   1.055 -60.5357  1.05305
 1.05515  -60.527   1.0532
  1.0553 -60.5182  1.05335
 1.05545 -60.5094   1.0535
  1.0556 -60.5007  1.05365
 1.05575 -60.4919   1.0538
  1.0559 -60.4832   1.0538
 1.05605 -60.4744  1.05395
  1.0562 -60.4657   1.0541
 1.05635 -60.4569  1.05425
  1.0565 -60.4482   1.0544
 1.05665 -60.4395  1.05455
  1.0568 -60.4307   1.0547
 1.05695  -60.422  1.05485
  1.0571 -60.4133    1.055
 1.05725 -60.4045  1.05515
  1.0574 -60.3958   1.0553
 1.05755 -60.3871  1.05545
  1.0577 -60.3784   1.0556
 1.05785 -60.3697  1.05575
   1.058 -60.3609   1.0559
 1.05815 -60.3522  1.05605
  1.0583 -60.3435   1.0562
 1.05845 -60.3348  1.05635
  1.0586 -60.3261  1.05635
 1.05875 -60.3174   1.0565
  1.0589 -60.3087  1.05665
 1.05905    -60.3   1.0568
  1.0592 -60.2913  1.05695
 1.05935 -60.2826   1.0571
  1.0595 -60.2739  1.05725
 1.05965 -60.2652   1.0574
  1.0598 -60.2565  1.05755
 1.05995 -60.2478   1.0577
 1.06011 -60.2392  1.05785
 1.06026 -60.2305    1.058
 1.06041 -60.2218  1.05815
 1.06056 -60.2131   1.0583
 1.06071 -60.2045  1.05845
 1.06086 -60.1958   1.0586
 1.06101 -60.1871  1.05875
 1.06116 -60.1785   1.0589
 1.06131 -60.1698   1.0589
 1.06146 -60.1611  1.05905
 1.06161 -60.1525   1.0592
 1.06176 -60.1438  1.05935
 1.06191 -60.1352   1.0595
 1.06206 -60.1265  1.05965
 1.06221 -60.1179   1.0598
 1.06236 -60.1092  1.05995
 1.06251 -60.1006  1.06011
 1.06266 -60.0919  1.06026
 1.06281 -60.0833  1.06041
 1.06296 -60.0747  1.06056
 1.06311  -60.066  1.06071
 1.06326 -60.0574  1.06086
 1.06341 -60.0488  1.06101
 1.06356 -60.0401  1.06116
 1.06371 -60.0315  1.06131
 1.06386 -60.0229  1.06146
 1.06401 -60.0143  1.06146
 1.06416 -60.0057  1.06161
 1.06431  -59.997  1.06176
 1.06446 -59.9884  1.06191
 1.06461 -59.9798  1.06206
 1.06476 -59.9712  1.06221
 1.06491 -59.9626  1.06236
 1.06506  -59.954  1.06251
 1.06521 -59.9454  1.06266
 1.06536 -59.9368  1.06281
 1.06551 -59.9282  1.06296
 1.06566 -59.9196  1.06311
 1.06581  -59.911  1.06326
 1.06596 -59.9024  1.06341
 1.06611 -59.8939  1.06356
 1.06626 -59.8853  1.06371
 1.06641 -59.8767  1.06386
 1.06656 -59.8681  1.06386
 1.06671 -59.8595  1.06401
 1.06686  -59.851  1.06416
 1.06701 -59.8424  1.06431
 1.06716 -59.8338  1.06446
 1.06731 -59.8253  1.06461
 1.06746 -59.8167  1.06476
 1.06761 -59.8081  1.06491
 1.06776 -59.7996  1.06506
 1.06791  -59.791  1.06521
 1.06806 -59.7825  1.06536
 1.06821 -59.7739  1.06551
 1.06836 -59.7654  1.06566
 1.06851 -59.7568  1.06581
 1.06866 -59.7483  1.06596
 1.06881 -59.7397  1.06611
 1.06896 -59.7312  1.06626
 1.06911 -59.7227  1.06626
 1.06926 -59.7141  1.06641
 1.06941 -59.7056  1.06656
 1.06956 -59.6971  1.06671
 1.06971 -59.6885  1.06686
 1.06986   -59.68  1.06701
 1.07001 -59.6715  1.06716
 1.07016  -59.663  1.06731
 1.07031 -59.6544  1.06746
 1.07046 -59.6459  1.06761
 1.07061 -59.6374  1.06776
 1.07076 -59.6289  1.06791
 1.07091 -59.6204  1.06806
 1.07106 -59.6119  1.06821
 1.07121 -59.6034  1.06836
 1.07136 -59.5949  1.06851
 1.07151 -59.5864  1.06866
 1.07166 -59.5779  1.06866
 1.07181 -59.5694  1.06881
 1.07196 -59.5609  1.06896
 1.07211 -59.5524  1.06911
 1.07226 -59.5439  1.06926
 1.07241 -59.5354  1.06941
 1.07256  -59.527  1.06956
 1.07271 -59.5185  1.06971
 1.07286   -59.51  1.06986
 1.07301 -59.5015  1.07001
 1.07316 -59.4931  1.07016
 1.07331 -59.4846  1.07031
 1.07346 -59.4761  1.07046
 1.07361 -59.4677  1.07061
 1.07376 -59.4592  1.07076
 1.07391 -59.4507  1.07091
 1.07406 -59.4423  1.07106
 1.07421 -59.4338  1.07106
 1.07436 -59.4254  1.07121
 1.07451 -59.4169  1.07136
 1.07466 -59.4085  1.07151
 1.07481    -59.4  1.07166
 1.07496 -59.3916  1.07181
 1.07511 -59.3831  1.07196
 1.07526 -59.3747  1.07211
 1.07541 -59.3662  1.07226
 1.07556 -59.3578  1.07241
 1.07571 -59.3494  1.07256
 1.07586  -59.341  1.07271
 1.07601 -59.3325  1.07286
 1.07616 -59.3241  1.07301
 1.07631 -59.3157  1.07316
 1.07646 -59.3073  1.07331
 1.07661 -59.2988  1.07346
 1.07676 -59.2904  1.07346
 1.07691  -59.282  1.07361
 1.07706 -59.2736  1.07376
 1.07721 -59.2652  1.07391
 1.07736 -59.2568  1.07406
 1.07751 -59.2484  1.07421
 1.07766   -59.24  1.07436
 1.07781 -59.2316  1.07451
 1.07796 -59.2232  1.07466
 1.07811 -59.2148  1.07481
 1.07826 -59.2064  1.07496
 1.07841  -59.198  1.07511
 1.07856 -59.1896  1.07526
 1.07871 -59.1812  1.07541
 1.07886 -59.1729  1.07556
 1.07901 -59.1645  1.07571
 1.07916 -59.1561  1.07571
 1.07931 -59.1477  1.07586
 1.07946 -59.1394  1.07601
 1.07961  -59.131  1.07616
 1.07976 -59.1226  1.07631
 1.07991 -59.1142  1.07646
 1.08007 -59.1059  1.07661
 1.08022 -59.0975  1.07676
 1.08037 -59.0892  1.07691
 1.08052 -59.0808  1.07706
 1.08067 -59.0725  1.07721
 1.08082 -59.0641  1.07736
 1.08097 -59.0558  1.07751
 1.08112 -59.0474  1.07766
 1.08127 -59.0391  1.07781
 1.08142 -59.0307  1.07796
 1.08157 -59.0224  1.07796
 1.08172 -59.0141  1.07811
 1.08187 -59.0057  1.07826
 1.08202 -58.9974  1.07841
 1.08217 -58.9891  1.07856
 1.08232 -58.9807  1.07871
 1.08247 -58.9724  1.07886
 1.08262 -58.9641  1.07901
 1.08277 -58.9558  1.07916
 1.08292 -58.9474  1.07931
 1.08307 -58.9391  1.07946
 1.08322 -58.9308  1.07961
 1.08337 -58.9225  1.07976
 1.08352 -58.9142  1.07991
 1.08367 -58.9059  1.08007
 1.08382 -58.8976  1.08007
 1.08397 -58.8893  1.08022
 1.08412  -58.881  1.08037
 1.08427 -58.8727  1.08052
 1.08442 -58.8644  1.08067
 1.08457 -58.8561  1.08082
 1.08472 -58.8478  1.08097
 1.08487 -58.8395  1.08112
 1.08502 -58.8313  1.08127
 1.08517  -58.823  1.08142
 1.08532 -58.8147  1.08157
 1.08547 -58.8064  1.08172
 1.08562 -58.7981  1.08187
 1.08577 -58.7899  1.08202
 1.08592 -58.7816  1.08217
 1.08607 -58.7733  1.08217
 1.08622 -58.7651  1.08232
 1.08637 -58.7568  1.08247
 1.08652 -58.7485  1.08262
 1.08667 -58.7403  1.08277
 1.08682  -58.732  1.08292
 1.08697 -58.7238  1.08307
 1.08712 -58.7155  1.08322
 1.08727 -58.7073  1.08337
 1.08742  -58.699  1.08352
 1.08757 -58.6908  1.08367
 1.08772 -58.6826  1.08382
 1.08787 -58.6743  1.08397
 1.08802 -58.6661  1.08412
 1.08817 -58.6578  1.08427
 1.08832 -58.6496  1.08427
 1.08847 -58.6414  1.08442
 1.08862 -58.6332  1.08457
 1.08877 -58.6249  1.08472
 1.08892 -58.6167  1.08487
 1.08907 -58.6085  1.08502
 1.08922 -58.6003  1.08517
 1.08937 -58.5921  1.08532
 1.08952 -58.5839  1.08547
 1.08967 -58.5756  1.08562
 1.08982 -58.5674  1.08577
 1.08997 -58.5592  1.08592
 1.09012  -58.551  1.08607
 1.09027 -58.5428  1.08622
 1.09042 -58.5346  1.08622
 1.09057 -58.5264  1.08637
 1.09072 -58.5182  1.08652
 1.09087 -58.5101  1.08667
 1.09102 -58.5019  1.08682
 1.09117 -58.4937  1.08697
 1.09132 -58.4855  1.08712
 1.09147 -58.4773  1.08727
 1.09162 -58.4691  1.08742
 1.09177  -58.461  1.08757
 1.09192 -58.4528  1.08772
 1.09207 -58.4446  1.08787
 1.09222 -58.4365  1.08802
 1.09237 -58.4283  1.08817
 1.09252 -58.4201  1.08832
 1.09267  -58.412  1.08832
 1.09282 -58.4038  1.08847
 1.09297 -58.3957  1.08862
 1.09312 -58.3875  1.08877
 1.09327 -58.3793  1.08892
 1.09342 -58.3712  1.08907
 1.09357  -58.363  1.08922
 1.09372 -58.3549  1.08937
 1.09387 -58.3468  1.08952
 1.09402 -58.3386  1.08967
 1.09417 -58.3305  1.08982
 1.09432 -58.3224  1.08997
 1.09447 -58.3142  1.09012
 1.09462 -58.3061  1.09027
 1.09477  -58.298  1.09027
 1.09492 -58.2898  1.09042
 1.09507 -58.2817  1.09057
 1.09522 -58.2736  1.09072
 1.09537 -58.2655  1.09087
 1.09552 -58.2574  1.09102
 1.09567 -58.2492  1.09117
 1.09582 -58.2411  1.09132
 1.09597  -58.233  1.09147
 1.09612 -58.2249  1.09162
 1.09627 -58.2168  1.09177
 1.09642 -58.2087  1.09192
 1.09657 -58.2006  1.09207
 1.09672 -58.1925  1.09207
 1.09687 -58.1844  1.09222
 1.09702 -58.1763  1.09237
 1.09717 -58.1683  1.09252
 1.09732 -58.1602  1.09267
 1.09747 -58.1521  1.09282
 1.09762  -58.144  1.09297
 1.09777 -58.1359  1.09312
 1.09792 -58.1279  1.09327
 1.09807 -58.1198  1.09342
 1.09822 -58.1117  1.09357
 1.09837 -58.1037  1.09372
 1.09852 -58.0956  1.09372
 1.09867 -58.0875  1.09387
 1.09882 -58.0795  1.09402
 1.09897 -58.0714  1.09417
 1.09912 -58.0634  1.09432
 1.09927 -58.0553  1.09447
 1.09942 -58.0472  1.09462
 1.09957 -58.0392  1.09477
 1.09972 -58.0312  1.09492
 1.09987 -58.0231  1.09507
 1.10003 -58.0151  1.09522
 1.10018  -58.007  1.09537
 1.10033  -57.999  1.09537
 1.10048  -57.991  1.09552
 1.10063 -57.9829  1.09567
 1.10078 -57.9749  1.09582
 1.10093 -57.9669  1.09597
 1.10108 -57.9589  1.09612
 1.10123 -57.9509  1.09627
 1.10138 -57.9428  1.09642
 1.10153 -57.9348  1.09657
 1.10168 -57.9268  1.09672
 1.10183 -57.9188  1.09687
 1.10198 -57.9108  1.09702
 1.10213 -57.9028  1.09702
 1.10228 -57.8948  1.09717
 1.10243 -57.8868  1.09732
 1.10258 -57.8788  1.09747
 1.10273 -57.8708  1.09762
 1.10288 -57.8628  1.09777
 1.10303 -57.8548  1.09792
 1.10318 -57.8468  1.09807
 1.10333 -57.8388  1.09822
 1.10348 -57.8309  1.09837
 1.10363 -57.8229  1.09852
 1.10378 -57.8149  1.09852
 1.10393 -57.8069  1.09867
 1.10408  -57.799  1.09882
 1.10423  -57.791  1.09897
 1.10438  -57.783  1.09912
 1.10453 -57.7751  1.09927
 1.10468 -57.7671  1.09942
 1.10483 -57.7591  1.09957
 1.10498 -57.7512  1.09972
 1.10513 -57.7432  1.09987
 1.10528 -57.7353  1.10003
 1.10543 -57.7273  1.10018
 1.10558 -57.7194  1.10018
 1.10573 -57.7115  1.10033
 1.10588 -57.7035  1.10048
 1.10603 -57.6956  1.10063
 1.10618 -57.6876  1.10078
 1.10633 -57.6797  1.10093
 1.10648 -57.6718  1.10108
 1.10663 -57.6638  1.10123
 1.10678 -57.6559  1.10138
 1.10693  -57.648  1.10153
 1.10708 -57.6401  1.10168
 1.10723 -57.6322  1.10168
 1.10738 -57.6242  1.10183
 1.10753 -57.6163  1.10198
 1.10768 -57.6084  1.10213
 1.10783 -57.6005  1.10228
 1.10798 -57.5926  1.10243
 1.10813 -57.5847  1.10258
 1.10828 -57.5768  1.10273
 1.10843 -57.5689  1.10288
 1.10858  -57.561  1.10303
 1.10873 -57.5531  1.10318
 1.10888 -57.5452  1.10333
 1.10903 -57.5373  1.10333
 1.10918 -57.5295  1.10348
 1.10933 -57.5216  1.10363
 1.10948 -57.5137  1.10378
 1.10963 -57.5058  1.10393
 1.10978 -57.4979  1.10408
 1.10993 -57.4901  1.10423
 1.11008 -57.4822  1.10438
 1.11023 -57.4743  1.10453
 1.11038 -57.4665  1.10468
 1.11053 -57.4586  1.10483
 1.11068 -57.4508  1.10483
 1.11083 -57.4429  1.10498
 1.11098  -57.435  1.10513
 1.11113 -57.4272  1.10528
 1.11128 -57.4193  1.10543
 1.11143 -57.4115  1.10558
 1.11158 -57.4037  1.10573
 1.11173 -57.3958  1.10588
 1.11188  -57.388  1.10603
 1.11203 -57.3801  1.10618
 1.11218 -57.3723  1.10633
 1.11233 -57.3645  1.10633
 1.11248 -57.3566  1.10648
 1.11263 -57.3488  1.10663
 1.11278  -57.341  1.10678
 1.11293 -57.3332  1.10693
 1.11308 -57.3254  1.10708
 1.11323 -57.3175  1.10723
 1.11338 -57.3097  1.10738
 1.11353 -57.3019  1.10753
 1.11368 -57.2941  1.10768
 1.11383 -57.2863  1.10783
 1.11398 -57.2785  1.10783
 1.11413 -57.2707  1.10798
 1.11428 -57.2629  1.10813
 1.11443 -57.2551  1.10828
 1.11458 -57.2473  1.10843
 1.11473 -57.2395  1.10858
 1.11488 -57.2317  1.10873
 1.11503 -57.2239  1.10888
 1.11518 -57.2162  1.10903
 1.11533 -57.2084  1.10918
 1.11548 -57.2006  1.10918
 1.11563 -57.1928  1.10933
 1.11578 -57.1851  1.10948
 1.11593 -57.1773  1.10963
 1.11608 -57.1695  1.10978
 1.11623 -57.1617  1.10993
 1.11638  -57.154  1.11008
 1.11653 -57.1462  1.11023
 1.11668 -57.1385  1.11038
 1.11683 -57.1307  1.11053
 1.11698  -57.123  1.11068
 1.11713 -57.1152  1.11068
 1.11728 -57.1075  1.11083
 1.11743 -57.0997  1.11098
 1.11758  -57.092  1.11113
 1.11773 -57.0842  1.11128
 1.11788 -57.0765  1.11143
 1.11803 -57.0688  1.11158
 1.11818  -57.061  1.11173
 1.11833 -57.0533  1.11188
 1.11848 -57.0456  1.11203
 1.11863 -57.0379  1.11203
 1.11878 -57.0301  1.11218
 1.11893 -57.0224  1.11233
 1.11908 -57.0147  1.11248
 1.11923  -57.007  1.11263
 1.11938 -56.9993  1.11278
 1.11953 -56.9916  1.11293
 1.11968 -56.9839  1.11308
 1.11983 -56.9762  1.11323
 1.11998 -56.9685  1.11323
 1.12014 -56.9608  1.11338
 1.12029 -56.9531  1.11353
 1.12044 -56.9454  1.11368
 1.12059 -56.9377  1.11383
 1.12074   -56.93  1.11398
 1.12089 -56.9223  1.11413
 1.12104 -56.9146  1.11428
 1.12119 -56.9069  1.11443
 1.12134 -56.8993  1.11458
 1.12149 -56.8916  1.11458
 1.12164 -56.8839  1.11473
 1.12179 -56.8763  1.11488
 1.12194 -56.8686  1.11503
 1.12209 -56.8609  1.11518
 1.12224 -56.8533  1.11533
 1.12239 -56.8456  1.11548
 1.12254  -56.838  1.11563
 1.12269 -56.8303  1.11578
 1.12284 -56.8227  1.11593
 1.12299  -56.815  1.11593
 1.12314 -56.8074  1.11608
 1.12329 -56.7997  1.11623
 1.12344 -56.7921  1.11638
 1.12359 -56.7844  1.11653
 1.12374 -56.7768  1.11668
 1.12389 -56.7692  1.11683
 1.12404 -56.7615  1.11698
 1.12419 -56.7539  1.11713
 1.12434 -56.7463  1.11713
 1.12449 -56.7387  1.11728
 1.12464 -56.7311  1.11743
 1.12479 -56.7234  1.11758
 1.12494 -56.7158  1.11773
 1.12509 -56.7082  1.11788
 1.12524 -56.7006  1.11803
 1.12539  -56.693  1.11818
 1.12554 -56.6854  1.11818
 1.12569 -56.6778  1.11833
 1.12584 -56.6702  1.11848
 1.12599 -56.6626  1.11863
 1.12614  -56.655  1.11878
 1.12629 -56.6474  1.11893
 1.12644 -56.6399  1.11908
 1.12659 -56.6323  1.11923
 1.12674 -56.6247  1.11938
 1.12689 -56.6171  1.11938
 1.12704 -56.6096  1.11953
 1.12719  -56.602  1.11968
 1.12734 -56.5944  1.11983
 1.12749 -56.5869  1.11998
 1.12764 -56.5793  1.12014
 1.12779 -56.5717  1.12029
 1.12794 -56.5642  1.12044
 1.12809 -56.5566  1.12044
 1.12824 -56.5491  1.12059
 1.12839 -56.5415  1.12074
 1.12854  -56.534  1.12089
 1.12869 -56.5264  1.12104
 1.12884 -56.5189  1.12119
 1.12899 -56.5113  1.12134
 1.12914 -56.5038  1.12149
 1.12929 -56.4963  1.12164
 1.12944 -56.4888  1.12164
 1.12959 -56.4812  1.12179
 1.12974 -56.4737  1.12194
 1.12989 -56.4662  1.12209
 1.13004 -56.4587  1.12224
 1.13019 -56.4511  1.12239
 1.13034 -56.4436  1.12254
 1.13049 -56.4361  1.12269
 1.13064 -56.4286  1.12269
 1.13079 -56.4211  1.12284
 1.13094 -56.4136  1.12299
 1.13109 -56.4061  1.12314
 1.13124 -56.3986  1.12329
 1.13139 -56.3911  1.12344
 1.13154 -56.3836  1.12359
 1.13169 -56.3761  1.12374
 1.13184 -56.3687  1.12374
 1.13199 -56.3612  1.12389
 1.13214 -56.3537  1.12404
 1.13229 -56.3462  1.12419
 1.13244 -56.3387  1.12434
 1.13259 -56.3313  1.12449
 1.13274 -56.3238  1.12449
 1.13289 -56.3163  1.12464
 1.13304 -56.3089  1.12479
 1.13319 -56.3014  1.12494
 1.13334  -56.294  1.12509
 1.13349 -56.2865  1.12509
 1.13364 -56.2791  1.12524
 1.13379 -56.2717  1.12539
 1.13394 -56.2642  1.12554
 1.13409 -56.2568  1.12569
 1.13424 -56.2494  1.12569
 1.13439 -56.2419  1.12584
 1.13454 -56.2345  1.12599
 1.13469 -56.2271  1.12614
 1.13484 -56.2197  1.12629
 1.13499 -56.2123  1.12629
 1.13514 -56.2049  1.12644
 1.13529 -56.1975  1.12659
 1.13544 -56.1901  1.12674
 1.13559 -56.1827  1.12689
 1.13574 -56.1753  1.12689
 1.13589 -56.1679  1.12704
 1.13604 -56.1605  1.12719
 1.13619 -56.1531  1.12734
 1.13634 -56.1457  1.12749
 1.13649 -56.1384  1.12749
 1.13664  -56.131  1.12764
 1.13679 -56.1236  1.12779
 1.13694 -56.1163  1.12794
 1.13709 -56.1089  1.12809
 1.13724 -56.1016  1.12809
 1.13739 -56.0942  1.12824
 1.13754 -56.0869  1.12839
 1.13769 -56.0795  1.12854
 1.13784 -56.0722  1.12869
 1.13799 -56.0648  1.12869
 1.13814 -56.0575  1.12884
 1.13829 -56.0502  1.12899
 1.13844 -56.0428  1.12914
 1.13859 -56.0355  1.12929
 1.13874 -56.0282  1.12929
 1.13889 -56.0209  1.12944
 1.13904 -56.0136  1.12959
 1.13919 -56.0063  1.12974
 1.13934  -55.999  1.12989
 1.13949 -55.9917  1.12989
 1.13964 -55.9844  1.13004
 1.13979 -55.9771  1.13019
 1.13994 -55.9698  1.13034
  1.1401 -55.9625  1.13049
 1.14025 -55.9552  1.13049
  1.1404 -55.9479  1.13064
 1.14055 -55.9407  1.13079
  1.1407 -55.9334  1.13094
 1.14085 -55.9261  1.13109
   1.141 -55.9188  1.13109
 1.14115 -55.9116  1.13124
  1.1413 -55.9043  1.13139
 1.14145 -55.8971  1.13154
  1.1416 -55.8898  1.13169
 1.14175 -55.8826  1.13169
  1.1419 -55.8753  1.13184
 1.14205 -55.8681  1.13199
  1.1422 -55.8608  1.13214
 1.14235 -55.8536  1.13229
  1.1425 -55.8464  1.13229
 1.14265 -55.8392  1.13244
  1.1428 -55.8319  1.13259
 1.14295 -55.8247  1.13274
  1.1431 -55.8175  1.13289
 1.14325 -55.8103  1.13289
  1.1434 -55.8031  1.13304
 1.14355 -55.7959  1.13319
  1.1437 -55.7887  1.13334
 1.14385 -55.7815  1.13334
   1.144 -55.7743  1.13349
 1.14415 -55.7671  1.13364
  1.1443 -55.7599  1.13379
 1.14445 -55.7527  1.13394
  1.1446 -55.7455  1.13394
 1.14475 -55.7384  1.13409
  1.1449 -55.7312  1.13424
 1.14505  -55.724  1.13439
  1.1452 -55.7168  1.13454
 1.14535 -55.7097  1.13454
  1.1455 -55.7025  1.13469
 1.14565 -55.6954  1.13484
  1.1458 -55.6882  1.13499
 1.14595 -55.6811  1.13514
  1.1461 -55.6739  1.13514
 1.14625 -55.6668  1.13529
  1.1464 -55.6597  1.13544
 1.14655 -55.6525  1.13559
  1.1467 -55.6454  1.13574
 1.14685 -55.6383  1.13574
   1.147 -55.6311  1.13589
 1.14715  -55.624  1.13604
  1.1473 -55.6169  1.13619
 1.14745 -55.6098  1.13634
  1.1476 -55.6027  1.13634
 1.14775 -55.5956  1.13649
  1.1479 -55.5885  1.13664
 1.14805 -55.5814  1.13679
  1.1482 -55.5743  1.13694
 1.14835 -55.5672  1.13694
  1.1485 -55.5601  1.13709
 1.14865  -55.553  1.13724
  1.1488 -55.5459  1.13739
 1.14895 -55.5389  1.13739
  1.1491 -55.5318  1.13754
 1.14925 -55.5247  1.13769
  1.1494 -55.5176  1.13784
 1.14955 -55.5106  1.13799
  1.1497 -55.5035  1.13799
 1.14985 -55.4965  1.13814
    1.15 -55.4894  1.13829