 kgrid  ValNew  Policy 
    0.85 -53.7964 0.893522
 0.85015 -53.7842 0.893672
  0.8503 -53.7721 0.893822
 0.85045 -53.7599 0.893972
  0.8506 -53.7477 0.894122
 0.85075 -53.7356 0.894272
  0.8509 -53.7234 0.894272
0.851051 -53.7112 0.894422
0.851201 -53.6991 0.894572
0.851351  -53.687 0.894722
0.851501 -53.6748 0.894872
0.851651 -53.6627 0.895023
0.851801 -53.6506 0.895173
0.851951 -53.6384 0.895323
0.852101 -53.6263 0.895473
0.852251 -53.6142 0.895473
0.852401 -53.6021 0.895623
0.852551   -53.59 0.895773
0.852701 -53.5779 0.895923
0.852851 -53.5658 0.896073
0.853002 -53.5537 0.896223
0.853152 -53.5417 0.896373
0.853302 -53.5296 0.896523
0.853452 -53.5175 0.896673
0.853602 -53.5054 0.896823
0.853752 -53.4934 0.896823
0.853902 -53.4813 0.896973
0.854052 -53.4693 0.897124
0.854202 -53.4572 0.897274
0.854352 -53.4452 0.897424
0.854502 -53.4332 0.897574
0.854652 -53.4211 0.897724
0.854802 -53.4091 0.897874
0.854952 -53.3971 0.898024
0.855103 -53.3851 0.898174
0.855253 -53.3731 0.898174
0.855403 -53.3611 0.898324
0.855553 -53.3491 0.898474
0.855703 -53.3371 0.898624
0.855853 -53.3251 0.898774
0.856003 -53.3131 0.898924
0.856153 -53.3012 0.899075
0.856303 -53.2892 0.899225
0.856453 -53.2772 0.899375
0.856603 -53.2653 0.899525
0.856753 -53.2533 0.899675
0.856903 -53.2414 0.899675
0.857054 -53.2294 0.899825
0.857204 -53.2175 0.899975
0.857354 -53.2055 0.900125
0.857504 -53.1936 0.900275
0.857654 -53.1817 0.900425
0.857804 -53.1698 0.900575
0.857954 -53.1579 0.900725
0.858104 -53.1459 0.900875
0.858254  -53.134 0.901026
0.858404 -53.1221 0.901026
0.858554 -53.1102 0.901176
0.858704 -53.0984 0.901326
0.858854 -53.0865 0.901476
0.859005 -53.0746 0.901626
0.859155 -53.0627 0.901776
0.859305 -53.0508 0.901926
0.859455  -53.039 0.902076
0.859605 -53.0271 0.902226
0.859755 -53.0153 0.902376
0.859905 -53.0034 0.902526
0.860055 -52.9916 0.902676
0.860205 -52.9797 0.902676
0.860355 -52.9679 0.902826
0.860505 -52.9561 0.902976
0.860655 -52.9442 0.903127
0.860805 -52.9324 0.903277
0.860955 -52.9206 0.903427
0.861106 -52.9088 0.903577
0.861256  -52.897 0.903727
0.861406 -52.8852 0.903877
0.861556 -52.8734 0.904027
0.861706 -52.8616 0.904177
0.861856 -52.8498 0.904327
0.862006  -52.838 0.904327
0.862156 -52.8262 0.904477
0.862306 -52.8144 0.904627
0.862456 -52.8027 0.904777
0.862606 -52.7909 0.904927
0.862756 -52.7791 0.905078
0.862906 -52.7674 0.905228
0.863057 -52.7556 0.905378
0.863207 -52.7439 0.905528
0.863357 -52.7321 0.905678
0.863507 -52.7204 0.905828
0.863657 -52.7087 0.905978
0.863807 -52.6969 0.906128
0.863957 -52.6852 0.906128
0.864107 -52.6735 0.906278
0.864257 -52.6618 0.906428
0.864407 -52.6501 0.906578
0.864557 -52.6384 0.906728
0.864707 -52.6267 0.906878
0.864857  -52.615 0.907029
0.865008 -52.6033 0.907179
0.865158 -52.5916 0.907329
0.865308 -52.5799 0.907479
0.865458 -52.5682 0.907629
0.865608 -52.5565 0.907779
0.865758 -52.5449 0.907779
0.865908 -52.5332 0.907929
0.866058 -52.5215 0.908079
0.866208 -52.5099 0.908229
0.866358 -52.4982 0.908379
0.866508 -52.4866 0.908529
0.866658 -52.4749 0.908679
0.866808 -52.4633 0.908829
0.866958 -52.4517 0.908979
0.867109   -52.44  0.90913
0.867259 -52.4284  0.90928
0.867409 -52.4168  0.90943
0.867559 -52.4052  0.90958
0.867709 -52.3936  0.90958
0.867859  -52.382  0.90973
0.868009 -52.3704  0.90988
0.868159 -52.3588  0.91003
0.868309 -52.3472  0.91018
0.868459 -52.3356  0.91033
0.868609  -52.324  0.91048
0.868759 -52.3124  0.91063
0.868909 -52.3008  0.91078
 0.86906 -52.2893  0.91093
 0.86921 -52.2777 0.911081
 0.86936 -52.2661 0.911231
 0.86951 -52.2546 0.911381
 0.86966  -52.243 0.911381
 0.86981 -52.2315 0.911531
 0.86996 -52.2199 0.911681
 0.87011 -52.2084 0.911831
 0.87026 -52.1969 0.911981
 0.87041 -52.1853 0.912131
 0.87056 -52.1738 0.912281
 0.87071 -52.1623 0.912431
 0.87086 -52.1508 0.912581
0.871011 -52.1393 0.912731
0.871161 -52.1278 0.912881
0.871311 -52.1162 0.913032
0.871461 -52.1047 0.913182
0.871611 -52.0933 0.913182
0.871761 -52.0818 0.913332
0.871911 -52.0703 0.913482
0.872061 -52.0588 0.913632
0.872211 -52.0473 0.913782
0.872361 -52.0358 0.913932
0.872511 -52.0244 0.914082
0.872661 -52.0129 0.914232
0.872811 -52.0014 0.914382
0.872961   -51.99 0.914532
0.873112 -51.9785 0.914682
0.873262 -51.9671 0.914832
0.873412 -51.9557 0.914982
0.873562 -51.9442 0.914982
0.873712 -51.9328 0.915133
0.873862 -51.9214 0.915283
0.874012 -51.9099 0.915433
0.874162 -51.8985 0.915583
0.874312 -51.8871 0.915733
0.874462 -51.8757 0.915883
0.874612 -51.8643 0.916033
0.874762 -51.8529 0.916183
0.874912 -51.8415 0.916333
0.875063 -51.8301 0.916483
0.875213 -51.8187 0.916633
0.875363 -51.8073 0.916783
0.875513 -51.7959 0.916933
0.875663 -51.7845 0.916933
0.875813 -51.7732 0.917084
0.875963 -51.7618 0.917234
0.876113 -51.7504 0.917384
0.876263 -51.7391 0.917534
0.876413 -51.7277 0.917684
0.876563 -51.7164 0.917834
0.876713  -51.705 0.917984
0.876863 -51.6937 0.918134
0.877014 -51.6823 0.918284
0.877164  -51.671 0.918434
0.877314 -51.6597 0.918584
0.877464 -51.6483 0.918734
0.877614  -51.637 0.918884
0.877764 -51.6257 0.918884
0.877914 -51.6144 0.919035
0.878064 -51.6031 0.919185
0.878214 -51.5918 0.919335
0.878364 -51.5805 0.919485
0.878514 -51.5692 0.919635
0.878664 -51.5579 0.919785
0.878814 -51.5466 0.919935
0.878964 -51.5353 0.920085
0.879115  -51.524 0.920235
0.879265 -51.5127 0.920385
0.879415 -51.5015 0.920535
0.879565 -51.4902 0.920685
0.879715 -51.4789 0.920835
0.879865 -51.4677 0.920985
0.880015 -51.4564 0.920985
0.880165 -51.4452 0.921136
0.880315 -51.4339 0.921286
0.880465 -51.4227 0.921436
0.880615 -51.4114 0.921586
0.880765 -51.4002 0.921736
0.880915  -51.389 0.921886
0.881066 -51.3777 0.922036
0.881216 -51.3665 0.922186
0.881366 -51.3553 0.922336
0.881516 -51.3441 0.922486
0.881666 -51.3329 0.922636
0.881816 -51.3217 0.922786
0.881966 -51.3105 0.922936
0.882116 -51.2993 0.922936
0.882266 -51.2881 0.923087
0.882416 -51.2769 0.923237
0.882566 -51.2657 0.923387
0.882716 -51.2545 0.923537
0.882866 -51.2433 0.923687
0.883017 -51.2321 0.923837
0.883167  -51.221 0.923987
0.883317 -51.2098 0.924137
0.883467 -51.1986 0.924287
0.883617 -51.1875 0.924437
0.883767 -51.1763 0.924587
0.883917 -51.1652 0.924737
0.884067  -51.154 0.924887
0.884217 -51.1429 0.925038
0.884367 -51.1318 0.925038
0.884517 -51.1206 0.925188
0.884667 -51.1095 0.925338
0.884817 -51.0984 0.925488
0.884967 -51.0873 0.925638
0.885118 -51.0761 0.925788
0.885268  -51.065 0.925938
0.885418 -51.0539 0.926088
0.885568 -51.0428 0.926238
0.885718 -51.0317 0.926388
0.885868 -51.0206 0.926538
0.886018 -51.0095 0.926688
0.886168 -50.9984 0.926838
0.886318 -50.9873 0.926988
0.886468 -50.9763 0.927139
0.886618 -50.9652 0.927139
0.886768 -50.9541 0.927289
0.886918  -50.943 0.927439
0.887069  -50.932 0.927589
0.887219 -50.9209 0.927739
0.887369 -50.9099 0.927889
0.887519 -50.8988 0.928039
0.887669 -50.8878 0.928189
0.887819 -50.8767 0.928339
0.887969 -50.8657 0.928489
0.888119 -50.8546 0.928639
0.888269 -50.8436 0.928789
0.888419 -50.8326 0.928939
0.888569 -50.8216  0.92909
0.888719 -50.8105  0.92924
0.888869 -50.7995  0.92924
 0.88902 -50.7885  0.92939
 0.88917 -50.7775  0.92954
 0.88932 -50.7665  0.92969
 0.88947 -50.7555  0.92984
 0.88962 -50.7445  0.92999
 0.88977 -50.7335  0.93014
 0.88992 -50.7225  0.93029
 0.89007 -50.7115  0.93044
 0.89022 -50.7005  0.93059
 0.89037 -50.6896  0.93074
 0.89052 -50.6786  0.93089
 0.89067 -50.6676 0.931041
 0.89082 -50.6567 0.931191
 0.89097 -50.6457 0.931341
0.891121 -50.6347 0.931341
0.891271 -50.6238 0.931491
0.891421 -50.6128 0.931641
0.891571 -50.6019 0.931791
0.891721 -50.5909 0.931941
0.891871   -50.58 0.932091
0.892021 -50.5691 0.932241
0.892171 -50.5581 0.932391
0.892321 -50.5472 0.932541
0.892471 -50.5363 0.932691
0.892621 -50.5254 0.932841
0.892771 -50.5145 0.932991
0.892921 -50.5036 0.933142
0.893072 -50.4927 0.933292
0.893222 -50.4817 0.933442
0.893372 -50.4708 0.933442
0.893522   -50.46 0.933592
0.893672 -50.4491 0.933742
0.893822 -50.4382 0.933892
0.893972 -50.4273 0.934042
0.894122 -50.4164 0.934192
0.894272 -50.4055 0.934342
0.894422 -50.3947 0.934492
0.894572 -50.3838 0.934642
0.894722 -50.3729 0.934792
0.894872 -50.3621 0.934942
0.895023 -50.3512 0.935093
0.895173 -50.3404 0.935243
0.895323 -50.3295 0.935393
0.895473 -50.3187 0.935543
0.895623 -50.3078 0.935693
0.895773  -50.297 0.935693
0.895923 -50.2862 0.935843
0.896073 -50.2753 0.935993
0.896223 -50.2645 0.936143
0.896373 -50.2537 0.936293
0.896523 -50.2429 0.936443
0.896673 -50.2321 0.936593
0.896823 -50.2212 0.936743
0.896973 -50.2104 0.936893
0.897124 -50.1996 0.937044
0.897274 -50.1888 0.937194
0.897424  -50.178 0.937344
0.897574 -50.1673 0.937494
0.897724 -50.1565 0.937644
0.897874 -50.1457 0.937794
0.898024 -50.1349 0.937794
0.898174 -50.1241 0.937944
0.898324 -50.1134 0.938094
0.898474 -50.1026 0.938244
0.898624 -50.0918 0.938394
0.898774 -50.0811 0.938544
0.898924 -50.0703 0.938694
0.899075 -50.0595 0.938844
0.899225 -50.0488 0.938994
0.899375  -50.038 0.939145
0.899525 -50.0273 0.939295
0.899675 -50.0166 0.939445
0.899825 -50.0058 0.939595
0.899975 -49.9951 0.939745
0.900125 -49.9844 0.939895
0.900275 -49.9737 0.940045
0.900425 -49.9629 0.940195
0.900575 -49.9522 0.940195
0.900725 -49.9415 0.940345
0.900875 -49.9308 0.940495
0.901026 -49.9201 0.940645
0.901176 -49.9094 0.940795
0.901326 -49.8987 0.940945
0.901476  -49.888 0.941096
0.901626 -49.8773 0.941246
0.901776 -49.8666 0.941396
0.901926 -49.8559 0.941546
0.902076 -49.8453 0.941696
0.902226 -49.8346 0.941846
0.902376 -49.8239 0.941996
0.902526 -49.8132 0.942146
0.902676 -49.8026 0.942296
0.902826 -49.7919 0.942446
0.902976 -49.7813 0.942446
0.903127 -49.7706 0.942596
0.903277   -49.76 0.942746
0.903427 -49.7493 0.942896
0.903577 -49.7387 0.943047
0.903727  -49.728 0.943197
0.903877 -49.7174 0.943347
0.904027 -49.7068 0.943497
0.904177 -49.6961 0.943647
0.904327 -49.6855 0.943797
0.904477 -49.6749 0.943947
0.904627 -49.6643 0.944097
0.904777 -49.6537 0.944247
0.904927  -49.643 0.944397
0.905078 -49.6324 0.944547
0.905228 -49.6218 0.944697
0.905378 -49.6112 0.944847
0.905528 -49.6006 0.944847
0.905678 -49.5901 0.944997
0.905828 -49.5795 0.945148
0.905978 -49.5689 0.945298
0.906128 -49.5583 0.945448
0.906278 -49.5477 0.945598
0.906428 -49.5372 0.945748
0.906578 -49.5266 0.945898
0.906728  -49.516 0.946048
0.906878 -49.5055 0.946198
0.907029 -49.4949 0.946348
0.907179 -49.4843 0.946498
0.907329 -49.4738 0.946648
0.907479 -49.4632 0.946798
0.907629 -49.4527 0.946948
0.907779 -49.4422 0.947099
0.907929 -49.4316 0.947249
0.908079 -49.4211 0.947249
0.908229 -49.4106 0.947399
0.908379    -49.4 0.947549
0.908529 -49.3895 0.947699
0.908679  -49.379 0.947849
0.908829 -49.3685 0.947999
0.908979  -49.358 0.948149
 0.90913 -49.3474 0.948299
 0.90928 -49.3369 0.948449
 0.90943 -49.3264 0.948599
 0.90958 -49.3159 0.948749
 0.90973 -49.3055 0.948899
 0.90988  -49.295  0.94905
 0.91003 -49.2845   0.9492
 0.91018  -49.274  0.94935
 0.91033 -49.2635   0.9495
 0.91048  -49.253   0.9495
 0.91063 -49.2426  0.94965
 0.91078 -49.2321   0.9498
 0.91093 -49.2216  0.94995
0.911081 -49.2112   0.9501
0.911231 -49.2007  0.95025
0.911381 -49.1903   0.9504
0.911531 -49.1798  0.95055
0.911681 -49.1694   0.9507
0.911831 -49.1589  0.95085
0.911981 -49.1485 0.951001
0.912131  -49.138 0.951151
0.912281 -49.1276 0.951301
0.912431 -49.1172 0.951451
0.912581 -49.1067 0.951601
0.912731 -49.0963 0.951751
0.912881 -49.0859 0.951901
0.913032 -49.0755 0.951901
0.913182 -49.0651 0.952051
0.913332 -49.0547 0.952201
0.913482 -49.0443 0.952351
0.913632 -49.0339 0.952501
0.913782 -49.0235 0.952651
0.913932 -49.0131 0.952801
0.914082 -49.0027 0.952951
0.914232 -48.9923 0.953102
0.914382 -48.9819 0.953252
0.914532 -48.9715 0.953402
0.914682 -48.9611 0.953552
0.914832 -48.9508 0.953702
0.914982 -48.9404 0.953852
0.915133   -48.93 0.954002
0.915283 -48.9197 0.954152
0.915433 -48.9093 0.954302
0.915583  -48.899 0.954302
0.915733 -48.8886 0.954452
0.915883 -48.8782 0.954602
0.916033 -48.8679 0.954752
0.916183 -48.8576 0.954902
0.916333 -48.8472 0.955053
0.916483 -48.8369 0.955203
0.916633 -48.8266 0.955353
0.916783 -48.8162 0.955503
0.916933 -48.8059 0.955653
0.917084 -48.7956 0.955803
0.917234 -48.7853 0.955953
0.917384 -48.7749 0.956103
0.917534 -48.7646 0.956253
0.917684 -48.7543 0.956403
0.917834  -48.744 0.956553
0.917984 -48.7337 0.956703
0.918134 -48.7234 0.956703
0.918284 -48.7131 0.956853
0.918434 -48.7028 0.957004
0.918584 -48.6926 0.957154
0.918734 -48.6823 0.957304
0.918884  -48.672 0.957454
0.919035 -48.6617 0.957604
0.919185 -48.6514 0.957754
0.919335 -48.6412 0.957904
0.919485 -48.6309 0.958054
0.919635 -48.6206 0.958204
0.919785 -48.6104 0.958354
0.919935 -48.6001 0.958504
0.920085 -48.5899 0.958654
0.920235 -48.5796 0.958804
0.920385 -48.5694 0.958954
0.920535 -48.5591 0.959105
0.920685 -48.5489 0.959255
0.920835 -48.5387 0.959255
0.920985 -48.5284 0.959405
0.921136 -48.5182 0.959555
0.921286  -48.508 0.959705
0.921436 -48.4978 0.959855
0.921586 -48.4875 0.960005
0.921736 -48.4773 0.960155
0.921886 -48.4671 0.960305
0.922036 -48.4569 0.960455
0.922186 -48.4467 0.960605
0.922336 -48.4365 0.960755
0.922486 -48.4263 0.960905
0.922636 -48.4161 0.961056
0.922786 -48.4059 0.961206
0.922936 -48.3957 0.961356
0.923087 -48.3855 0.961506
0.923237 -48.3754 0.961656
0.923387 -48.3652 0.961656
0.923537  -48.355 0.961806
0.923687 -48.3448 0.961956
0.923837 -48.3347 0.962106
0.923987 -48.3245 0.962256
0.924137 -48.3143 0.962406
0.924287 -48.3042 0.962556
0.924437  -48.294 0.962706
0.924587 -48.2839 0.962856
0.924737 -48.2737 0.963007
0.924887 -48.2636 0.963157
0.925038 -48.2534 0.963307
0.925188 -48.2433 0.963457
0.925338 -48.2332 0.963607
0.925488  -48.223 0.963757
0.925638 -48.2129 0.963907
0.925788 -48.2028 0.964057
0.925938 -48.1927 0.964207
0.926088 -48.1826 0.964207
0.926238 -48.1724 0.964357
0.926388 -48.1623 0.964507
0.926538 -48.1522 0.964657
0.926688 -48.1421 0.964807
0.926838  -48.132 0.964957
0.926988 -48.1219 0.965108
0.927139 -48.1118 0.965258
0.927289 -48.1017 0.965408
0.927439 -48.0916 0.965558
0.927589 -48.0816 0.965708
0.927739 -48.0715 0.965858
0.927889 -48.0614 0.966008
0.928039 -48.0513 0.966158
0.928189 -48.0413 0.966308
0.928339 -48.0312 0.966458
0.928489 -48.0211 0.966608
0.928639 -48.0111 0.966758
0.928789  -48.001 0.966758
0.928939  -47.991 0.966908
 0.92909 -47.9809 0.967059
 0.92924 -47.9709 0.967209
 0.92939 -47.9608 0.967359
 0.92954 -47.9508 0.967509
 0.92969 -47.9407 0.967659
 0.92984 -47.9307 0.967809
 0.92999 -47.9207 0.967959
 0.93014 -47.9106 0.968109
 0.93029 -47.9006 0.968259
 0.93044 -47.8906 0.968409
 0.93059 -47.8806 0.968559
 0.93074 -47.8706 0.968709
 0.93089 -47.8605 0.968859
0.931041 -47.8505  0.96901
0.931191 -47.8405  0.96916
0.931341 -47.8305  0.96916
0.931491 -47.8205  0.96931
0.931641 -47.8105  0.96946
0.931791 -47.8005  0.96961
0.931941 -47.7906  0.96976
0.932091 -47.7806  0.96991
0.932241 -47.7706  0.97006
0.932391 -47.7606  0.97021
0.932541 -47.7506  0.97036
0.932691 -47.7407  0.97051
0.932841 -47.7307  0.97066
0.932991 -47.7207  0.97081
0.933142 -47.7108  0.97096
0.933292 -47.7008 0.971111
0.933442 -47.6908 0.971261
0.933592 -47.6809 0.971411
0.933742 -47.6709 0.971561
0.933892  -47.661 0.971711
0.934042 -47.6511 0.971861
0.934192 -47.6411 0.971861
0.934342 -47.6312 0.972011
0.934492 -47.6212 0.972161
0.934642 -47.6113 0.972311
0.934792 -47.6014 0.972461
0.934942 -47.5915 0.972611
0.935093 -47.5815 0.972761
0.935243 -47.5716 0.972911
0.935393 -47.5617 0.973062
0.935543 -47.5518 0.973212
0.935693 -47.5419 0.973362
0.935843  -47.532 0.973512
0.935993 -47.5221 0.973662
0.936143 -47.5122 0.973812
0.936293 -47.5023 0.973962
0.936443 -47.4924 0.974112
0.936593 -47.4825 0.974262
0.936743 -47.4726 0.974412
0.936893 -47.4628 0.974412
0.937044 -47.4529 0.974562
0.937194  -47.443 0.974712
0.937344 -47.4331 0.974862
0.937494 -47.4233 0.975013
0.937644 -47.4134 0.975163
0.937794 -47.4035 0.975313
0.937944 -47.3937 0.975463
0.938094 -47.3838 0.975613
0.938244  -47.374 0.975763
0.938394 -47.3641 0.975913
0.938544 -47.3543 0.976063
0.938694 -47.3444 0.976213
0.938844 -47.3346 0.976363
0.938994 -47.3247 0.976513
0.939145 -47.3149 0.976663
0.939295 -47.3051 0.976813
0.939445 -47.2953 0.976813
0.939595 -47.2854 0.976963
0.939745 -47.2756 0.977114
0.939895 -47.2658 0.977264
0.940045  -47.256 0.977414
0.940195 -47.2462 0.977564
0.940345 -47.2364 0.977714
0.940495 -47.2265 0.977864
0.940645 -47.2167 0.978014
0.940795 -47.2069 0.978164
0.940945 -47.1972 0.978314
0.941096 -47.1874 0.978464
0.941246 -47.1776 0.978614
0.941396 -47.1678 0.978764
0.941546  -47.158 0.978914
0.941696 -47.1482 0.979065
0.941846 -47.1384 0.979215
0.941996 -47.1287 0.979365
0.942146 -47.1189 0.979515
0.942296 -47.1091 0.979515
0.942446 -47.0994 0.979665
0.942596 -47.0896 0.979815
0.942746 -47.0798 0.979965
0.942896 -47.0701 0.980115
0.943047 -47.0603 0.980265
0.943197 -47.0506 0.980415
0.943347 -47.0408 0.980565
0.943497 -47.0311 0.980715
0.943647 -47.0214 0.980865
0.943797 -47.0116 0.981016
0.943947 -47.0019 0.981166
0.944097 -46.9922 0.981316
0.944247 -46.9824 0.981466
0.944397 -46.9727 0.981616
0.944547  -46.963 0.981766
0.944697 -46.9533 0.981916
0.944847 -46.9436 0.982066
0.944997 -46.9339 0.982066
0.945148 -46.9241 0.982216
0.945298 -46.9144 0.982366
0.945448 -46.9047 0.982516
0.945598  -46.895 0.982666
0.945748 -46.8853 0.982816
0.945898 -46.8757 0.982966
0.946048  -46.866 0.983117
0.946198 -46.8563 0.983267
0.946348 -46.8466 0.983417
0.946498 -46.8369 0.983567
0.946648 -46.8272 0.983717
0.946798 -46.8176 0.983867
0.946948 -46.8079 0.984017
0.947099 -46.7982 0.984167
0.947249 -46.7886 0.984317
0.947399 -46.7789 0.984467
0.947549 -46.7692 0.984617
0.947699 -46.7596 0.984617
0.947849 -46.7499 0.984767
0.947999 -46.7403 0.984917
0.948149 -46.7306 0.985068
0.948299  -46.721 0.985218
0.948449 -46.7114 0.985368
0.948599 -46.7017 0.985518
0.948749 -46.6921 0.985668
0.948899 -46.6825 0.985818
 0.94905 -46.6728 0.985968
  0.9492 -46.6632 0.986118
 0.94935 -46.6536 0.986268
  0.9495  -46.644 0.986418
 0.94965 -46.6343 0.986568
  0.9498 -46.6247 0.986718
 0.94995 -46.6151 0.986868
  0.9501 -46.6055 0.987019
 0.95025 -46.5959 0.987169
  0.9504 -46.5863 0.987319
 0.95055 -46.5767 0.987319
  0.9507 -46.5671 0.987469
 0.95085 -46.5575 0.987619
0.951001 -46.5479 0.987769
0.951151 -46.5384 0.987919
0.951301 -46.5288 0.988069
0.951451 -46.5192 0.988219
0.951601 -46.5096 0.988369
0.951751 -46.5001 0.988519
0.951901 -46.4905 0.988669
0.952051 -46.4809 0.988819
0.952201 -46.4714 0.988969
0.952351 -46.4618  0.98912
0.952501 -46.4522  0.98927
0.952651 -46.4427  0.98942
0.952801 -46.4331  0.98957
0.952951 -46.4236  0.98972
0.953102  -46.414  0.98987
0.953252 -46.4045  0.98987
0.953402  -46.395  0.99002
0.953552 -46.3854  0.99017
0.953702 -46.3759  0.99032
0.953852 -46.3664  0.99047
0.954002 -46.3568  0.99062
0.954152 -46.3473  0.99077
0.954302 -46.3378  0.99092
0.954452 -46.3283 0.991071
0.954602 -46.3188 0.991221
0.954752 -46.3092 0.991371
0.954902 -46.2997 0.991521
0.955053 -46.2902 0.991671
0.955203 -46.2807 0.991821
0.955353 -46.2712 0.991971
0.955503 -46.2617 0.992121
0.955653 -46.2522 0.992271
0.955803 -46.2427 0.992421
0.955953 -46.2333 0.992571
0.956103 -46.2238 0.992571
0.956253 -46.2143 0.992721
0.956403 -46.2048 0.992871
0.956553 -46.1953 0.993022
0.956703 -46.1859 0.993172
0.956853 -46.1764 0.993322
0.957004 -46.1669 0.993472
0.957154 -46.1575 0.993622
0.957304  -46.148 0.993772
0.957454 -46.1385 0.993922
0.957604 -46.1291 0.994072
0.957754 -46.1196 0.994222
0.957904 -46.1102 0.994372
0.958054 -46.1007 0.994522
0.958204 -46.0913 0.994672
0.958354 -46.0819 0.994822
0.958504 -46.0724 0.994972
0.958654  -46.063 0.995123
0.958804 -46.0535 0.995123
0.958954 -46.0441 0.995273
0.959105 -46.0347 0.995423
0.959255 -46.0253 0.995573
0.959405 -46.0159 0.995723
0.959555 -46.0064 0.995873
0.959705  -45.997 0.996023
0.959855 -45.9876 0.996173
0.960005 -45.9782 0.996323
0.960155 -45.9688 0.996473
0.960305 -45.9594 0.996623
0.960455   -45.95 0.996773
0.960605 -45.9406 0.996923
0.960755 -45.9312 0.997074
0.960905 -45.9218 0.997224
0.961056 -45.9124 0.997374
0.961206 -45.9031 0.997524
0.961356 -45.8937 0.997674
0.961506 -45.8843 0.997824
0.961656 -45.8749 0.997824
0.961806 -45.8655 0.997974
0.961956 -45.8562 0.998124
0.962106 -45.8468 0.998274
0.962256 -45.8374 0.998424
0.962406 -45.8281 0.998574
0.962556 -45.8187 0.998724
0.962706 -45.8094 0.998874
0.962856    -45.8 0.999025
0.963007 -45.7907 0.999175
0.963157 -45.7813 0.999325
0.963307  -45.772 0.999475
0.963457 -45.7626 0.999625
0.963607 -45.7533 0.999775
0.963757  -45.744 0.999925
0.963907 -45.7346  1.00008
0.964057 -45.7253  1.00023
0.964207  -45.716  1.00038
0.964357 -45.7067  1.00038
0.964507 -45.6973  1.00053
0.964657  -45.688  1.00068
0.964807 -45.6787  1.00083
0.964957 -45.6694  1.00098
0.965108 -45.6601  1.00113
0.965258 -45.6508  1.00128
0.965408 -45.6415  1.00143
0.965558 -45.6322  1.00158
0.965708 -45.6229  1.00173
0.965858 -45.6136  1.00188
0.966008 -45.6043  1.00203
0.966158  -45.595  1.00218
0.966308 -45.5857  1.00233
0.966458 -45.5765  1.00248
0.966608 -45.5672  1.00263
0.966758 -45.5579  1.00278
0.966908 -45.5486  1.00293
0.967059 -45.5394  1.00308
0.967209 -45.5301  1.00308
0.967359 -45.5208  1.00323
0.967509 -45.5116  1.00338
0.967659 -45.5023  1.00353
0.967809 -45.4931  1.00368
0.967959 -45.4838  1.00383
0.968109 -45.4746  1.00398
0.968259 -45.4653  1.00413
0.968409 -45.4561  1.00428
0.968559 -45.4468  1.00443
0.968709 -45.4376  1.00458
0.968859 -45.4283  1.00473
 0.96901 -45.4191  1.00488
 0.96916 -45.4099  1.00503
 0.96931 -45.4007  1.00518
 0.96946 -45.3914  1.00533
 0.96961 -45.3822  1.00548
 0.96976  -45.373  1.00563
 0.96991 -45.3638  1.00578
 0.97006 -45.3546  1.00578
 0.97021 -45.3454  1.00593
 0.97036 -45.3362  1.00608
 0.97051 -45.3269  1.00623
 0.97066 -45.3177  1.00638
 0.97081 -45.3085  1.00653
 0.97096 -45.2994  1.00668
0.971111 -45.2902  1.00683
0.971261  -45.281  1.00698
0.971411 -45.2718  1.00713
0.971561 -45.2626  1.00728
0.971711 -45.2534  1.00743
0.971861 -45.2442  1.00758
0.972011 -45.2351  1.00773
0.972161 -45.2259  1.00788
0.972311 -45.2167  1.00803
0.972461 -45.2076  1.00818
0.972611 -45.1984  1.00833
0.972761 -45.1892  1.00848
0.972911 -45.1801  1.00848
0.973062 -45.1709  1.00863
0.973212 -45.1618  1.00878
0.973362 -45.1526  1.00893
0.973512 -45.1435  1.00908
0.973662 -45.1343  1.00923
0.973812 -45.1252  1.00938
0.973962  -45.116  1.00953
0.974112 -45.1069  1.00968
0.974262 -45.0978  1.00983
0.974412 -45.0886  1.00998
0.974562 -45.0795  1.01013
0.974712 -45.0704  1.01028
0.974862 -45.0613  1.01043
0.975013 -45.0522  1.01058
0.975163  -45.043  1.01073
0.975313 -45.0339  1.01088
0.975463 -45.0248  1.01103
0.975613 -45.0157  1.01103
0.975763 -45.0066  1.01118
0.975913 -44.9975  1.01133
0.976063 -44.9884  1.01148
0.976213 -44.9793  1.01163
0.976363 -44.9702  1.01178
0.976513 -44.9611  1.01193
0.976663  -44.952  1.01208
0.976813 -44.9429  1.01223
0.976963 -44.9339  1.01238
0.977114 -44.9248  1.01253
0.977264 -44.9157  1.01268
0.977414 -44.9066  1.01283
0.977564 -44.8976  1.01298
0.977714 -44.8885  1.01313
0.977864 -44.8794  1.01328
0.978014 -44.8704  1.01343
0.978164 -44.8613  1.01358
0.978314 -44.8523  1.01373
0.978464 -44.8432  1.01373
0.978614 -44.8341  1.01388
0.978764 -44.8251  1.01403
0.978914  -44.816  1.01418
0.979065  -44.807  1.01433
0.979215  -44.798  1.01448
0.979365 -44.7889  1.01463
0.979515 -44.7799  1.01478
0.979665 -44.7709  1.01493
0.979815 -44.7618  1.01508
0.979965 -44.7528  1.01523
0.980115 -44.7438  1.01538
0.980265 -44.7348  1.01553
0.980415 -44.7257  1.01568
0.980565 -44.7167  1.01583
0.980715 -44.7077  1.01598
0.980865 -44.6987  1.01613
0.981016 -44.6897  1.01628
0.981166 -44.6807  1.01643
0.981316 -44.6717  1.01643
0.981466 -44.6627  1.01658
0.981616 -44.6537  1.01673
0.981766 -44.6447  1.01688
0.981916 -44.6357  1.01703
0.982066 -44.6267  1.01718
0.982216 -44.6177  1.01733
0.982366 -44.6088  1.01748
0.982516 -44.5998  1.01763
0.982666 -44.5908  1.01778
0.982816 -44.5818  1.01793
0.982966 -44.5729  1.01808
0.983117 -44.5639  1.01823
0.983267 -44.5549  1.01838
0.983417  -44.546  1.01853
0.983567  -44.537  1.01868
0.983717  -44.528  1.01883
0.983867 -44.5191  1.01898
0.984017 -44.5101  1.01913
0.984167 -44.5012  1.01913
0.984317 -44.4922  1.01928
0.984467 -44.4833  1.01943
0.984617 -44.4744  1.01958
0.984767 -44.4654  1.01973
0.984917 -44.4565  1.01988
0.985068 -44.4475  1.02004
0.985218 -44.4386  1.02019
0.985368 -44.4297  1.02034
0.985518 -44.4208  1.02049
0.985668 -44.4118  1.02064
0.985818 -44.4029  1.02079
0.985968  -44.394  1.02094
0.986118 -44.3851  1.02109
0.986268 -44.3762  1.02124
0.986418 -44.3673  1.02139
0.986568 -44.3584  1.02154
0.986718 -44.3495  1.02169
0.986868 -44.3406  1.02184
0.987019 -44.3317  1.02184
0.987169 -44.3228  1.02199
0.987319 -44.3139  1.02214
0.987469  -44.305  1.02229
0.987619 -44.2961  1.02244
0.987769 -44.2872  1.02259
0.987919 -44.2783  1.02274
0.988069 -44.2695  1.02289
0.988219 -44.2606  1.02304
0.988369 -44.2517  1.02319
0.988519 -44.2428  1.02334
0.988669  -44.234  1.02349
0.988819 -44.2251  1.02364
0.988969 -44.2162  1.02379
 0.98912 -44.2074  1.02394
 0.98927 -44.1985  1.02409
 0.98942 -44.1897  1.02424
 0.98957 -44.1808  1.02439
 0.98972  -44.172  1.02439
 0.98987 -44.1631  1.02454
 0.99002 -44.1543  1.02469
 0.99017 -44.1454  1.02484
 0.99032 -44.1366  1.02499
 0.99047 -44.1278  1.02514
 0.99062 -44.1189  1.02529
 0.99077 -44.1101  1.02544
 0.99092 -44.1013  1.02559
0.991071 -44.0925  1.02574
0.991221 -44.0836  1.02589
0.991371 -44.0748  1.02604
0.991521  -44.066  1.02619
0.991671 -44.0572  1.02634
0.991821 -44.0484  1.02649
0.991971 -44.0396  1.02664
0.992121 -44.0308  1.02679
0.992271  -44.022  1.02694
0.992421 -44.0132  1.02709
0.992571 -44.0044  1.02724
0.992721 -43.9956  1.02724
0.992871 -43.9868  1.02739
0.993022  -43.978  1.02754
0.993172 -43.9692  1.02769
0.993322 -43.9604  1.02784
0.993472 -43.9516  1.02799
0.993622 -43.9428  1.02814
0.993772 -43.9341  1.02829
0.993922 -43.9253  1.02844
0.994072 -43.9165  1.02859
0.994222 -43.9078  1.02874
0.994372  -43.899  1.02889
0.994522 -43.8902  1.02904
0.994672 -43.8815  1.02919
0.994822 -43.8727  1.02934
0.994972  -43.864  1.02949
0.995123 -43.8552  1.02964
0.995273 -43.8465  1.02979
0.995423 -43.8377  1.02994
0.995573  -43.829  1.02994
0.995723 -43.8202  1.03009
0.995873 -43.8115  1.03024
0.996023 -43.8027  1.03039
0.996173  -43.794  1.03054
0.996323 -43.7853  1.03069
0.996473 -43.7765  1.03084
0.996623 -43.7678  1.03099
0.996773 -43.7591  1.03114
0.996923 -43.7504  1.03129
0.997074 -43.7417  1.03144
0.997224 -43.7329  1.03159
0.997374 -43.7242  1.03174
0.997524 -43.7155  1.03189
0.997674 -43.7068  1.03204
0.997824 -43.6981  1.03219
0.997974 -43.6894  1.03234
0.998124 -43.6807  1.03249
0.998274  -43.672  1.03249
0.998424 -43.6633  1.03264
0.998574 -43.6546  1.03279
0.998724 -43.6459  1.03294
0.998874 -43.6372  1.03309
0.999025 -43.6286  1.03324
0.999175 -43.6199  1.03339
0.999325 -43.6112  1.03354
0.999475 -43.6025  1.03369
0.999625 -43.5938  1.03384
0.999775 -43.5852  1.03399
0.999925 -43.5765  1.03414
 1.00008 -43.5678  1.03429
 1.00023 -43.5592  1.03444
 1.00038 -43.5505  1.03459
 1.00053 -43.5419  1.03474
 1.00068 -43.5332  1.03489
 1.00083 -43.5246  1.03504
 1.00098 -43.5159  1.03519
 1.00113 -43.5073  1.03519
 1.00128 -43.4986  1.03534
 1.00143   -43.49  1.03549
 1.00158 -43.4813  1.03564
 1.00173 -43.4727  1.03579
 1.00188 -43.4641  1.03594
 1.00203 -43.4554  1.03609
 1.00218 -43.4468  1.03624
 1.00233 -43.4382  1.03639
 1.00248 -43.4295  1.03654
 1.00263 -43.4209  1.03669
 1.00278 -43.4123  1.03684
 1.00293 -43.4037  1.03699
 1.00308 -43.3951  1.03714
 1.00323 -43.3865  1.03729
 1.00338 -43.3778  1.03744
 1.00353 -43.3692  1.03759
 1.00368 -43.3606  1.03774
 1.00383  -43.352  1.03789
 1.00398 -43.3434  1.03789
 1.00413 -43.3348  1.03804
 1.00428 -43.3263  1.03819
 1.00443 -43.3177  1.03834
 1.00458 -43.3091  1.03849
 1.00473 -43.3005  1.03864
 1.00488 -43.2919  1.03879
 1.00503 -43.2833  1.03894
 1.00518 -43.2747  1.03909
 1.00533 -43.2662  1.03924
 1.00548 -43.2576  1.03939
 1.00563  -43.249  1.03954
 1.00578 -43.2405  1.03969
 1.00593 -43.2319  1.03984
 1.00608 -43.2233  1.03999
 1.00623 -43.2148  1.04015
 1.00638 -43.2062   1.0403
 1.00653 -43.1977  1.04045
 1.00668 -43.1891   1.0406
 1.00683 -43.1806   1.0406
 1.00698  -43.172  1.04075
 1.00713 -43.1635   1.0409
 1.00728 -43.1549  1.04105
 1.00743 -43.1464   1.0412
 1.00758 -43.1378  1.04135
 1.00773 -43.1293   1.0415
 1.00788 -43.1208  1.04165
 1.00803 -43.1123   1.0418
 1.00818 -43.1037  1.04195
 1.00833 -43.0952   1.0421
 1.00848 -43.0867  1.04225
 1.00863 -43.0782   1.0424
 1.00878 -43.0696  1.04255
 1.00893 -43.0611   1.0427
 1.00908 -43.0526  1.04285
 1.00923 -43.0441    1.043
 1.00938 -43.0356  1.04315
 1.00953 -43.0271   1.0433
 1.00968 -43.0186   1.0433
 1.00983 -43.0101  1.04345
 1.00998 -43.0016   1.0436
 1.01013 -42.9931  1.04375
 1.01028 -42.9846   1.0439
 1.01043 -42.9761  1.04405
 1.01058 -42.9676   1.0442
 1.01073 -42.9592  1.04435
 1.01088 -42.9507   1.0445
 1.01103 -42.9422  1.04465
 1.01118 -42.9337   1.0448
 1.01133 -42.9253  1.04495
 1.01148 -42.9168   1.0451
 1.01163 -42.9083  1.04525
 1.01178 -42.8999   1.0454
 1.01193 -42.8914  1.04555
 1.01208 -42.8829   1.0457
 1.01223 -42.8745  1.04585
 1.01238  -42.866    1.046
 1.01253 -42.8576    1.046
 1.01268 -42.8491  1.04615
 1.01283 -42.8407   1.0463
 1.01298 -42.8322  1.04645
 1.01313 -42.8238   1.0466
 1.01328 -42.8153  1.04675
 1.01343 -42.8069   1.0469
 1.01358 -42.7985  1.04705
 1.01373   -42.79   1.0472
 1.01388 -42.7816  1.04735
 1.01403 -42.7732   1.0475
 1.01418 -42.7647  1.04765
 1.01433 -42.7563   1.0478
 1.01448 -42.7479  1.04795
 1.01463 -42.7395   1.0481
 1.01478 -42.7311  1.04825
 1.01493 -42.7227   1.0484
 1.01508 -42.7142  1.04855
 1.01523 -42.7058   1.0487
 1.01538 -42.6974   1.0487
 1.01553  -42.689  1.04885
 1.01568 -42.6806    1.049
 1.01583 -42.6722  1.04915
 1.01598 -42.6638   1.0493
 1.01613 -42.6554  1.04945
 1.01628  -42.647   1.0496
 1.01643 -42.6387  1.04975
 1.01658 -42.6303   1.0499
 1.01673 -42.6219  1.05005
 1.01688 -42.6135   1.0502
 1.01703 -42.6051  1.05035
 1.01718 -42.5968   1.0505
 1.01733 -42.5884  1.05065
 1.01748   -42.58   1.0508
 1.01763 -42.5716  1.05095
 1.01778 -42.5633   1.0511
 1.01793 -42.5549  1.05125
 1.01808 -42.5466   1.0514
 1.01823 -42.5382   1.0514
 1.01838 -42.5298  1.05155
 1.01853 -42.5215   1.0517
 1.01868 -42.5131  1.05185
 1.01883 -42.5048    1.052
 1.01898 -42.4964  1.05215
 1.01913 -42.4881   1.0523
 1.01928 -42.4798  1.05245
 1.01943 -42.4714   1.0526
 1.01958 -42.4631  1.05275
 1.01973 -42.4547   1.0529
 1.01988 -42.4464  1.05305
 1.02004 -42.4381   1.0532
 1.02019 -42.4298  1.05335
 1.02034 -42.4214   1.0535
 1.02049 -42.4131  1.05365
 1.02064 -42.4048   1.0538
 1.02079 -42.3965  1.05395
 1.02094 -42.3882  1.05395
 1.02109 -42.3799   1.0541
 1.02124 -42.3715  1.05425
 1.02139 -42.3632   1.0544
 1.02154 -42.3549  1.05455
 1.02169 -42.3466   1.0547
 1.02184 -42.3383  1.05485
 1.02199   -42.33    1.055
 1.02214 -42.3217  1.05515
 1.02229 -42.3135   1.0553
 1.02244 -42.3052  1.05545
 1.02259 -42.2969   1.0556
 1.02274 -42.2886  1.05575
 1.02289 -42.2803   1.0559
 1.02304  -42.272  1.05605
 1.02319 -42.2638   1.0562
 1.02334 -42.2555  1.05635
 1.02349 -42.2472   1.0565
 1.02364 -42.2389  1.05665
 1.02379 -42.2307  1.05665
 1.02394 -42.2224   1.0568
 1.02409 -42.2141  1.05695
 1.02424 -42.2059   1.0571
 1.02439 -42.1976  1.05725
 1.02454 -42.1894   1.0574
 1.02469 -42.1811  1.05755
 1.02484 -42.1729   1.0577
 1.02499 -42.1646  1.05785
 1.02514 -42.1564    1.058
 1.02529 -42.1481  1.05815
 1.02544 -42.1399   1.0583
 1.02559 -42.1316  1.05845
 1.02574 -42.1234   1.0586
 1.02589 -42.1152  1.05875
 1.02604  -42.107   1.0589
 1.02619 -42.0987  1.05905
 1.02634 -42.0905   1.0592
 1.02649 -42.0823  1.05935
 1.02664 -42.0741  1.05935
 1.02679 -42.0658   1.0595
 1.02694 -42.0576  1.05965
 1.02709 -42.0494   1.0598
 1.02724 -42.0412  1.05995
 1.02739  -42.033  1.06011
 1.02754 -42.0248  1.06026
 1.02769 -42.0166  1.06041
 1.02784 -42.0084  1.06056
 1.02799 -42.0002  1.06071
 1.02814  -41.992  1.06086
 1.02829 -41.9838  1.06101
 1.02844 -41.9756  1.06116
 1.02859 -41.9674  1.06131
 1.02874 -41.9592  1.06146
 1.02889  -41.951  1.06161
 1.02904 -41.9428  1.06176
 1.02919 -41.9347  1.06191
 1.02934 -41.9265  1.06206
 1.02949 -41.9183  1.06206
 1.02964 -41.9101  1.06221
 1.02979  -41.902  1.06236
 1.02994 -41.8938  1.06251
 1.03009 -41.8856  1.06266
 1.03024 -41.8775  1.06281
 1.03039 -41.8693  1.06296
 1.03054 -41.8611  1.06311
 1.03069  -41.853  1.06326
 1.03084 -41.8448  1.06341
 1.03099 -41.8367  1.06356
 1.03114 -41.8285  1.06371
 1.03129 -41.8204  1.06386
 1.03144 -41.8122  1.06401
 1.03159 -41.8041  1.06416
 1.03174  -41.796  1.06431
 1.03189 -41.7878  1.06446
 1.03204 -41.7797  1.06461
 1.03219 -41.7716  1.06476
 1.03234 -41.7634  1.06476
 1.03249 -41.7553  1.06491
 1.03264 -41.7472  1.06506
 1.03279 -41.7391  1.06521
 1.03294 -41.7309  1.06536
 1.03309 -41.7228  1.06551
 1.03324 -41.7147  1.06566
 1.03339 -41.7066  1.06581
 1.03354 -41.6985  1.06596
 1.03369 -41.6904  1.06611
 1.03384 -41.6823  1.06626
 1.03399 -41.6742  1.06641
 1.03414 -41.6661  1.06656
 1.03429  -41.658  1.06671
 1.03444 -41.6499  1.06686
 1.03459 -41.6418  1.06701
 1.03474 -41.6337  1.06716
 1.03489 -41.6256  1.06731
 1.03504 -41.6175  1.06731
 1.03519 -41.6094  1.06746
 1.03534 -41.6013  1.06761
 1.03549 -41.5933  1.06776
 1.03564 -41.5852  1.06791
 1.03579 -41.5771  1.06806
 1.03594  -41.569  1.06821
 1.03609  -41.561  1.06836
 1.03624 -41.5529  1.06851
 1.03639 -41.5448  1.06866
 1.03654 -41.5368  1.06881
 1.03669 -41.5287  1.06896
 1.03684 -41.5206  1.06911
 1.03699 -41.5126  1.06926
 1.03714 -41.5045  1.06941
 1.03729 -41.4965  1.06956
 1.03744 -41.4884  1.06971
 1.03759 -41.4804  1.06986
 1.03774 -41.4723  1.07001
 1.03789 -41.4643  1.07001
 1.03804 -41.4563  1.07016
 1.03819 -41.4482  1.07031
 1.03834 -41.4402  1.07046
 1.03849 -41.4321  1.07061
 1.03864 -41.4241  1.07076
 1.03879 -41.4161  1.07091
 1.03894 -41.4081  1.07106
 1.03909    -41.4  1.07121
 1.03924  -41.392  1.07136
 1.03939  -41.384  1.07151
 1.03954  -41.376  1.07166
 1.03969  -41.368  1.07181
 1.03984   -41.36  1.07196
 1.03999 -41.3519  1.07211
 1.04015 -41.3439  1.07226
  1.0403 -41.3359  1.07241
 1.04045 -41.3279  1.07256
  1.0406 -41.3199  1.07271
 1.04075 -41.3119  1.07271
  1.0409 -41.3039  1.07286
 1.04105 -41.2959  1.07301
  1.0412  -41.288  1.07316
 1.04135   -41.28  1.07331
  1.0415  -41.272  1.07346
 1.04165  -41.264  1.07361
  1.0418  -41.256  1.07376
 1.04195  -41.248  1.07391
  1.0421 -41.2401  1.07406
 1.04225 -41.2321  1.07421
  1.0424 -41.2241  1.07436
 1.04255 -41.2161  1.07451
  1.0427 -41.2082  1.07466
 1.04285 -41.2002  1.07481
   1.043 -41.1922  1.07496
 1.04315 -41.1843  1.07511
  1.0433 -41.1763  1.07526
 1.04345 -41.1684  1.07541
  1.0436 -41.1604  1.07541
 1.04375 -41.1525  1.07556
  1.0439 -41.1445  1.07571
 1.04405 -41.1366  1.07586
  1.0442 -41.1286  1.07601
 1.04435 -41.1207  1.07616
  1.0445 -41.1127  1.07631
 1.04465 -41.1048  1.07646
  1.0448 -41.0969  1.07661
 1.04495 -41.0889  1.07676
  1.0451  -41.081  1.07691
 1.04525 -41.0731  1.07706
  1.0454 -41.0651  1.07721
 1.04555 -41.0572  1.07736
  1.0457 -41.0493  1.07751
 1.04585 -41.0414  1.07766
   1.046 -41.0335  1.07781
 1.04615 -41.0256  1.07796
  1.0463 -41.0176  1.07796
 1.04645 -41.0097  1.07811
  1.0466 -41.0018  1.07826
 1.04675 -40.9939  1.07841
  1.0469  -40.986  1.07856
 1.04705 -40.9781  1.07871
  1.0472 -40.9702  1.07886
 1.04735 -40.9623  1.07901
  1.0475 -40.9544  1.07916
 1.04765 -40.9465  1.07931
  1.0478 -40.9386  1.07946
 1.04795 -40.9308  1.07961
  1.0481 -40.9229  1.07976
 1.04825  -40.915  1.07991
  1.0484 -40.9071  1.08007
 1.04855 -40.8992  1.08022
  1.0487 -40.8914  1.08037
 1.04885 -40.8835  1.08052
   1.049 -40.8756  1.08052
 1.04915 -40.8678  1.08067
  1.0493 -40.8599  1.08082
 1.04945  -40.852  1.08097
  1.0496 -40.8442  1.08112
 1.04975 -40.8363  1.08127
  1.0499 -40.8284  1.08142
 1.05005 -40.8206  1.08157
  1.0502 -40.8127  1.08172
 1.05035 -40.8049  1.08187
  1.0505  -40.797  1.08202
 1.05065 -40.7892  1.08217
  1.0508 -40.7814  1.08232
 1.05095 -40.7735  1.08247
  1.0511 -40.7657  1.08262
 1.05125 -40.7578  1.08277
  1.0514   -40.75  1.08292
 1.05155 -40.7422  1.08307
  1.0517 -40.7343  1.08307
 1.05185 -40.7265  1.08322
   1.052 -40.7187  1.08337
 1.05215 -40.7109  1.08352
  1.0523 -40.7031  1.08367
 1.05245 -40.6952  1.08382
  1.0526 -40.6874  1.08397
 1.05275 -40.6796  1.08412
  1.0529 -40.6718  1.08427
 1.05305  -40.664  1.08442
  1.0532 -40.6562  1.08457
 1.05335 -40.6484  1.08472
  1.0535 -40.6406  1.08487
 1.05365 -40.6328  1.08502
  1.0538  -40.625  1.08517
 1.05395 -40.6172  1.08532
  1.0541 -40.6094  1.08547
 1.05425 -40.6016  1.08547
  1.0544 -40.5938  1.08562
 1.05455  -40.586  1.08577
  1.0547 -40.5782  1.08592
 1.05485 -40.5705  1.08607
   1.055 -40.5627  1.08622
 1.05515 -40.5549  1.08637
  1.0553 -40.5471  1.08652
 1.05545 -40.5394  1.08667
  1.0556 -40.5316  1.08682
 1.05575 -40.5238  1.08697
  1.0559 -40.5161  1.08712
 1.05605 -40.5083  1.08727
  1.0562 -40.5005  1.08742
 1.05635 -40.4928  1.08757
  1.0565  -40.485  1.08772
 1.05665 -40.4773  1.08787
  1.0568 -40.4695  1.08787
 1.05695 -40.4618  1.08802
  1.0571  -40.454  1.08817
 1.05725 -40.4463  1.08832
  1.0574 -40.4385  1.08847
 1.05755 -40.4308  1.08862
  1.0577 -40.4231  1.08877
 1.05785 -40.4153  1.08892
   1.058 -40.4076  1.08907
 1.05815 -40.3999  1.08922
  1.0583 -40.3921  1.08937
 1.05845 -40.3844  1.08952
  1.0586 -40.3767  1.08967
 1.05875  -40.369  1.08982
  1.0589 -40.3612  1.08997
 1.05905 -40.3535  1.09012
  1.0592 -40.3458  1.09027
 1.05935 -40.3381  1.09042
  1.0595 -40.3304  1.09042
 1.05965 -40.3227  1.09057
  1.0598  -40.315  1.09072
 1.05995 -40.3073  1.09087
 1.06011 -40.2996  1.09102
 1.06026 -40.2919  1.09117
 1.06041 -40.2842  1.09132
 1.06056 -40.2765  1.09147
 1.06071 -40.2688  1.09162
 1.06086 -40.2611  1.09177
 1.06101 -40.2534  1.09192
 1.06116 -40.2457  1.09207
 1.06131  -40.238  1.09222
 1.06146 -40.2303  1.09237
 1.06161 -40.2227  1.09252
 1.06176  -40.215  1.09267
 1.06191 -40.2073  1.09282
 1.06206 -40.1996  1.09297
 1.06221  -40.192  1.09297
 1.06236 -40.1843  1.09312
 1.06251 -40.1766  1.09327
 1.06266  -40.169  1.09342
 1.06281 -40.1613  1.09357
 1.06296 -40.1536  1.09372
 1.06311  -40.146  1.09387
 1.06326 -40.1383  1.09402
 1.06341 -40.1307  1.09417
 1.06356  -40.123  1.09432
 1.06371 -40.1154  1.09447
 1.06386 -40.1077  1.09462
 1.06401 -40.1001  1.09477
 1.06416 -40.0925  1.09492
 1.06431 -40.0848  1.09507
 1.06446 -40.0772  1.09522
 1.06461 -40.0695  1.09537
 1.06476 -40.0619  1.09537
 1.06491 -40.0543  1.09552
 1.06506 -40.0467  1.09567
 1.06521  -40.039  1.09582
 1.06536 -40.0314  1.09597
 1.06551 -40.0238  1.09612
 1.06566 -40.0162  1.09627
 1.06581 -40.0085  1.09642
 1.06596 -40.0009  1.09657
 1.06611 -39.9933  1.09672
 1.06626 -39.9857  1.09687
 1.06641 -39.9781  1.09702
 1.06656 -39.9705  1.09717
 1.06671 -39.9629  1.09732
 1.06686 -39.9553  1.09747
 1.06701 -39.9477  1.09762
 1.06716 -39.9401  1.09777
 1.06731 -39.9325  1.09792
 1.06746 -39.9249  1.09792
 1.06761 -39.9173  1.09807
 1.06776 -39.9097  1.09822
 1.06791 -39.9021  1.09837
 1.06806 -39.8946  1.09852
 1.06821  -39.887  1.09867
 1.06836 -39.8794  1.09882
 1.06851 -39.8718  1.09897
 1.06866 -39.8642  1.09912
 1.06881 -39.8567  1.09927
 1.06896 -39.8491  1.09942
 1.06911 -39.8415  1.09957
 1.06926  -39.834  1.09972
 1.06941 -39.8264  1.09987
 1.06956 -39.8188  1.10003
 1.06971 -39.8113  1.10018
 1.06986 -39.8037  1.10033
 1.07001 -39.7962  1.10033
 1.07016 -39.7886  1.10048
 1.07031 -39.7811  1.10063
 1.07046 -39.7735  1.10078
 1.07061  -39.766  1.10093
 1.07076 -39.7584  1.10108
 1.07091 -39.7509  1.10123
 1.07106 -39.7433  1.10138
 1.07121 -39.7358  1.10153
 1.07136 -39.7283  1.10168
 1.07151 -39.7207  1.10183
 1.07166 -39.7132  1.10198
 1.07181 -39.7057  1.10213
 1.07196 -39.6981  1.10228
 1.07211 -39.6906  1.10243
 1.07226 -39.6831  1.10258
 1.07241 -39.6756  1.10258
 1.07256 -39.6681  1.10273
 1.07271 -39.6606  1.10288
 1.07286  -39.653  1.10303
 1.07301 -39.6455  1.10318
 1.07316  -39.638  1.10333
 1.07331 -39.6305  1.10348
 1.07346  -39.623  1.10363
 1.07361 -39.6155  1.10378
 1.07376  -39.608  1.10393
 1.07391 -39.6005  1.10408
 1.07406  -39.593  1.10423
 1.07421 -39.5855  1.10438
 1.07436 -39.5781  1.10438
 1.07451 -39.5706  1.10453
 1.07466 -39.5631  1.10468
 1.07481 -39.5556  1.10483
 1.07496 -39.5481  1.10498
 1.07511 -39.5406  1.10513
 1.07526 -39.5332  1.10528
 1.07541 -39.5257  1.10543
 1.07556 -39.5182  1.10558
 1.07571 -39.5108  1.10573
 1.07586 -39.5033  1.10588
 1.07601 -39.4958  1.10603
 1.07616 -39.4884  1.10618
 1.07631 -39.4809  1.10633
 1.07646 -39.4735  1.10633
 1.07661  -39.466  1.10648
 1.07676 -39.4586  1.10663
 1.07691 -39.4511  1.10678
 1.07706 -39.4437  1.10693
 1.07721 -39.4362  1.10708
 1.07736 -39.4288  1.10723
 1.07751 -39.4213  1.10738
 1.07766 -39.4139  1.10753
 1.07781 -39.4065  1.10768
 1.07796  -39.399  1.10783
 1.07811 -39.3916  1.10798
 1.07826 -39.3842  1.10813
 1.07841 -39.3768  1.10813
 1.07856 -39.3693  1.10828
 1.07871 -39.3619  1.10843
 1.07886 -39.3545  1.10858
 1.07901 -39.3471  1.10873
 1.07916 -39.3397  1.10888
 1.07931 -39.3323  1.10903
 1.07946 -39.3249  1.10918
 1.07961 -39.3175  1.10933
 1.07976   -39.31  1.10948
 1.07991 -39.3026  1.10963
 1.08007 -39.2952  1.10978
 1.08022 -39.2879  1.10993
 1.08037 -39.2805  1.10993
 1.08052 -39.2731  1.11008
 1.08067 -39.2657  1.11023
 1.08082 -39.2583  1.11038
 1.08097 -39.2509  1.11053
 1.08112 -39.2435  1.11068
 1.08127 -39.2361  1.11083
 1.08142 -39.2288  1.11098
 1.08157 -39.2214  1.11113
 1.08172  -39.214  1.11128
 1.08187 -39.2066  1.11143
 1.08202 -39.1993  1.11158
 1.08217 -39.1919  1.11173
 1.08232 -39.1846  1.11173
 1.08247 -39.1772  1.11188
 1.08262 -39.1698  1.11203
 1.08277 -39.1625  1.11218
 1.08292 -39.1551  1.11233
 1.08307 -39.1478  1.11248
 1.08322 -39.1404  1.11263
 1.08337 -39.1331  1.11278
 1.08352 -39.1257  1.11293
 1.08367 -39.1184  1.11308
 1.08382  -39.111  1.11323
 1.08397 -39.1037  1.11338
 1.08412 -39.0964  1.11353
 1.08427  -39.089  1.11353
 1.08442 -39.0817  1.11368
 1.08457 -39.0744  1.11383
 1.08472  -39.067  1.11398
 1.08487 -39.0597  1.11413
 1.08502 -39.0524  1.11428
 1.08517 -39.0451  1.11443
 1.08532 -39.0378  1.11458
 1.08547 -39.0304  1.11473
 1.08562 -39.0231  1.11488
 1.08577 -39.0158  1.11503
 1.08592 -39.0085  1.11518
 1.08607 -39.0012  1.11533
 1.08622 -38.9939  1.11548
 1.08637 -38.9866  1.11548
 1.08652 -38.9793  1.11563
 1.08667  -38.972  1.11578
 1.08682 -38.9647  1.11593
 1.08697 -38.9574  1.11608
 1.08712 -38.9501  1.11623
 1.08727 -38.9428  1.11638
 1.08742 -38.9356  1.11653
 1.08757 -38.9283  1.11668
 1.08772  -38.921  1.11683
 1.08787 -38.9137  1.11698
 1.08802 -38.9064  1.11713
 1.08817 -38.8992  1.11728
 1.08832 -38.8919  1.11728
 1.08847 -38.8846  1.11743
 1.08862 -38.8774  1.11758
 1.08877 -38.8701  1.11773
 1.08892 -38.8628  1.11788
 1.08907 -38.8556  1.11803
 1.08922 -38.8483  1.11818
 1.08937 -38.8411  1.11833
 1.08952 -38.8338  1.11848
 1.08967 -38.8266  1.11863
 1.08982 -38.8193  1.11878
 1.08997 -38.8121  1.11893
 1.09012 -38.8048  1.11908
 1.09027 -38.7976  1.11923
 1.09042 -38.7903  1.11923
 1.09057 -38.7831  1.11938
 1.09072 -38.7759  1.11953
 1.09087 -38.7686  1.11968
 1.09102 -38.7614  1.11983
 1.09117 -38.7542  1.11998
 1.09132 -38.7469  1.12014
 1.09147 -38.7397  1.12029
 1.09162 -38.7325  1.12044
 1.09177 -38.7253  1.12059
 1.09192 -38.7181  1.12074
 1.09207 -38.7108  1.12089
 1.09222 -38.7036  1.12104
 1.09237 -38.6964  1.12104
 1.09252 -38.6892  1.12119
 1.09267  -38.682  1.12134
 1.09282 -38.6748  1.12149
 1.09297 -38.6676  1.12164
 1.09312 -38.6604  1.12179
 1.09327 -38.6532  1.12194
 1.09342  -38.646  1.12209
 1.09357 -38.6388  1.12224
 1.09372 -38.6316  1.12239
 1.09387 -38.6245  1.12254
 1.09402 -38.6173  1.12269
 1.09417 -38.6101  1.12269
 1.09432 -38.6029  1.12284
 1.09447 -38.5957  1.12299
 1.09462 -38.5885  1.12314
 1.09477 -38.5814  1.12329
 1.09492 -38.5742  1.12344
 1.09507  -38.567  1.12359
 1.09522 -38.5599  1.12374
 1.09537 -38.5527  1.12389
 1.09552 -38.5455  1.12404
 1.09567 -38.5384  1.12419
 1.09582 -38.5312  1.12434
 1.09597 -38.5241  1.12434
 1.09612 -38.5169  1.12449
 1.09627 -38.5098  1.12464
 1.09642 -38.5026  1.12479
 1.09657 -38.4955  1.12494
 1.09672 -38.4883  1.12509
 1.09687 -38.4812  1.12524
 1.09702 -38.4741  1.12539
 1.09717 -38.4669  1.12554
 1.09732 -38.4598  1.12569
 1.09747 -38.4527  1.12569
 1.09762 -38.4455  1.12584
 1.09777 -38.4384  1.12599
 1.09792 -38.4313  1.12614
 1.09807 -38.4242  1.12629
 1.09822 -38.4171  1.12644
 1.09837 -38.4099  1.12659
 1.09852 -38.4028  1.12674
 1.09867 -38.3957  1.12689
 1.09882 -38.3886  1.12704
 1.09897 -38.3815  1.12704
 1.09912 -38.3744  1.12719
 1.09927 -38.3673  1.12734
 1.09942 -38.3602  1.12749
 1.09957 -38.3531  1.12764
 1.09972  -38.346  1.12779
 1.09987 -38.3389  1.12794
 1.10003 -38.3318  1.12809
 1.10018 -38.3248  1.12824
 1.10033 -38.3177  1.12824
 1.10048 -38.3106  1.12839
 1.10063 -38.3035  1.12854
 1.10078 -38.2965  1.12869
 1.10093 -38.2894  1.12884
 1.10108 -38.2823  1.12884
 1.10123 -38.2753  1.12899
 1.10138 -38.2682  1.12914
 1.10153 -38.2612  1.12929
 1.10168 -38.2541  1.12944
 1.10183 -38.2471  1.12959
 1.10198   -38.24  1.12959
 1.10213  -38.233  1.12974
 1.10228 -38.2259  1.12989
 1.10243 -38.2189  1.13004
 1.10258 -38.2119  1.13019
 1.10273 -38.2048  1.13019
 1.10288 -38.1978  1.13034
 1.10303 -38.1908  1.13049
 1.10318 -38.1838  1.13064
 1.10333 -38.1768  1.13079
 1.10348 -38.1698  1.13079
 1.10363 -38.1628  1.13094
 1.10378 -38.1558  1.13109
 1.10393 -38.1488  1.13124
 1.10408 -38.1418  1.13139
 1.10423 -38.1348  1.13154
 1.10438 -38.1278  1.13154
 1.10453 -38.1208  1.13169
 1.10468 -38.1138  1.13184
 1.10483 -38.1068  1.13199
 1.10498 -38.0999  1.13214
 1.10513 -38.0929  1.13214
 1.10528 -38.0859  1.13229
 1.10543  -38.079  1.13244
 1.10558  -38.072  1.13259
 1.10573  -38.065  1.13274
 1.10588 -38.0581  1.13289
 1.10603 -38.0511  1.13289
 1.10618 -38.0442  1.13304
 1.10633 -38.0372  1.13319
 1.10648 -38.0303  1.13334
 1.10663 -38.0234  1.13349
 1.10678 -38.0164  1.13349
 1.10693 -38.0095  1.13364
 1.10708 -38.0026  1.13379
 1.10723 -37.9956  1.13394
 1.10738 -37.9887  1.13409
 1.10753 -37.9818  1.13409
 1.10768 -37.9749  1.13424
 1.10783  -37.968  1.13439
 1.10798 -37.9611  1.13454
 1.10813 -37.9542  1.13469
 1.10828 -37.9473  1.13484
 1.10843 -37.9404  1.13484
 1.10858 -37.9335  1.13499
 1.10873 -37.9266  1.13514
 1.10888 -37.9197  1.13529
 1.10903 -37.9128  1.13544
 1.10918 -37.9059  1.13544
 1.10933  -37.899  1.13559
 1.10948 -37.8922  1.13574
 1.10963 -37.8853  1.13589
 1.10978 -37.8784  1.13604
 1.10993 -37.8716  1.13619
 1.11008 -37.8647  1.13619
 1.11023 -37.8578  1.13634
 1.11038  -37.851  1.13649
 1.11053 -37.8441  1.13664
 1.11068 -37.8373  1.13679
 1.11083 -37.8304  1.13679
 1.11098 -37.8236  1.13694
 1.11113 -37.8168  1.13709
 1.11128 -37.8099  1.13724
 1.11143 -37.8031  1.13739
 1.11158 -37.7963  1.13754
 1.11173 -37.7894  1.13754
 1.11188 -37.7826  1.13769
 1.11203 -37.7758  1.13784
 1.11218  -37.769  1.13799
 1.11233 -37.7622  1.13814
 1.11248 -37.7554  1.13814
 1.11263 -37.7485  1.13829
 1.11278 -37.7417  1.13844
 1.11293 -37.7349  1.13859
 1.11308 -37.7281  1.13874
 1.11323 -37.7214  1.13889
 1.11338 -37.7146  1.13889
 1.11353 -37.7078  1.13904
 1.11368  -37.701  1.13919
 1.11383 -37.6942  1.13934
 1.11398 -37.6874  1.13949
 1.11413 -37.6807  1.13949
 1.11428 -37.6739  1.13964
 1.11443 -37.6671  1.13979
 1.11458 -37.6603  1.13994
 1.11473 -37.6536   1.1401
 1.11488 -37.6468  1.14025
 1.11503 -37.6401  1.14025
 1.11518 -37.6333   1.1404
 1.11533 -37.6266  1.14055
 1.11548 -37.6198   1.1407
 1.11563 -37.6131  1.14085
 1.11578 -37.6063  1.14085
 1.11593 -37.5996    1.141
 1.11608 -37.5929  1.14115
 1.11623 -37.5861   1.1413
 1.11638 -37.5794  1.14145
 1.11653 -37.5727   1.1416
 1.11668  -37.566   1.1416
 1.11683 -37.5592  1.14175
 1.11698 -37.5525   1.1419
 1.11713 -37.5458  1.14205
 1.11728 -37.5391   1.1422
 1.11743 -37.5324   1.1422
 1.11758 -37.5257  1.14235
 1.11773  -37.519   1.1425
 1.11788 -37.5123  1.14265
 1.11803 -37.5056   1.1428
 1.11818 -37.4989  1.14295
 1.11833 -37.4922  1.14295
 1.11848 -37.4856   1.1431
 1.11863 -37.4789  1.14325
 1.11878 -37.4722   1.1434
 1.11893 -37.4655  1.14355
 1.11908 -37.4589  1.14355
 1.11923 -37.4522   1.1437
 1.11938 -37.4455  1.14385
 1.11953 -37.4389    1.144
 1.11968 -37.4322  1.14415
 1.11983 -37.4256   1.1443
 1.11998 -37.4189   1.1443
 1.12014 -37.4123  1.14445
 1.12029 -37.4056   1.1446
 1.12044  -37.399  1.14475
 1.12059 -37.3923   1.1449
 1.12074 -37.3857   1.1449
 1.12089 -37.3791  1.14505
 1.12104 -37.3724   1.1452
 1.12119 -37.3658  1.14535
 1.12134 -37.3592   1.1455
 1.12149 -37.3526   1.1455
 1.12164  -37.346  1.14565
 1.12179 -37.3393   1.1458
 1.12194 -37.3327  1.14595
 1.12209 -37.3261   1.1461
 1.12224 -37.3195  1.14625
 1.12239 -37.3129  1.14625
 1.12254 -37.3063   1.1464
 1.12269 -37.2997  1.14655
 1.12284 -37.2931   1.1467
 1.12299 -37.2866  1.14685
 1.12314   -37.28  1.14685
 1.12329 -37.2734    1.147
 1.12344 -37.2668  1.14715
 1.12359 -37.2602   1.1473
 1.12374 -37.2537  1.14745
 1.12389 -37.2471  1.14745
 1.12404 -37.2405   1.1476
 1.12419  -37.234  1.14775
 1.12434 -37.2274   1.1479
 1.12449 -37.2209  1.14805
 1.12464 -37.2143  1.14805
 1.12479 -37.2078   1.1482
 1.12494 -37.2012  1.14835
 1.12509 -37.1947   1.1485
 1.12524 -37.1881  1.14865
 1.12539 -37.1816  1.14865
 1.12554 -37.1751   1.1488
 1.12569 -37.1685  1.14895
 1.12584  -37.162   1.1491
 1.12599 -37.1555   1.1491
 1.12614  -37.149  1.14925
 1.12629 -37.1425   1.1494
 1.12644  -37.136  1.14955
 1.12659 -37.1294  1.14955
 1.12674 -37.1229   1.1497
 1.12689 -37.1164  1.14985
 1.12704   -37.11     1.15
 1.12719 -37.1035     1.15
 1.12734  -37.097     1.15
 1.12749 -37.0905     1.15
 1.12764 -37.0841     1.15
 1.12779 -37.0776     1.15
 1.12794 -37.0712     1.15
 1.12809 -37.0648     1.15
 1.12824 -37.0583     1.15
 1.12839 -37.0519     1.15
 1.12854 -37.0456     1.15
 1.12869 -37.0392     1.15
 1.12884 -37.0328     1.15
 1.12899 -37.0265     1.15
 1.12914 -37.0201     1.15
 1.12929 -37.0138     1.15
 1.12944 -37.0075     1.15
 1.12959 -37.0011     1.15
 1.12974 -36.9948     1.15
 1.12989 -36.9886     1.15
 1.13004 -36.9823     1.15
 1.13019  -36.976     1.15
 1.13034 -36.9697     1.15
 1.13049 -36.9635     1.15
 1.13064 -36.9573     1.15
 1.13079  -36.951     1.15
 1.13094 -36.9448     1.15
 1.13109 -36.9386     1.15
 1.13124 -36.9324     1.15
 1.13139 -36.9262     1.15
 1.13154 -36.9201     1.15
 1.13169 -36.9139     1.15
 1.13184 -36.9078     1.15
 1.13199 -36.9016     1.15
 1.13214 -36.8955     1.15
 1.13229 -36.8894     1.15
 1.13244 -36.8833     1.15
 1.13259 -36.8772     1.15
 1.13274 -36.8711     1.15
 1.13289  -36.865     1.15
 1.13304 -36.8589     1.15
 1.13319 -36.8529     1.15
 1.13334 -36.8468     1.15
 1.13349 -36.8408     1.15
 1.13364 -36.8348     1.15
 1.13379 -36.8288     1.15
 1.13394 -36.8228     1.15
 1.13409 -36.8168     1.15
 1.13424 -36.8108     1.15
 1.13439 -36.8048     1.15
 1.13454 -36.7988     1.15
 1.13469 -36.7929     1.15
 1.13484  -36.787     1.15
 1.13499  -36.781     1.15
 1.13514 -36.7751     1.15
 1.13529 -36.7692     1.15
 1.13544 -36.7633     1.15
 1.13559 -36.7574     1.15
 1.13574 -36.7515     1.15
 1.13589 -36.7456     1.15
 1.13604 -36.7398     1.15
 1.13619 -36.7339     1.15
 1.13634 -36.7281     1.15
 1.13649 -36.7223     1.15
 1.13664 -36.7164     1.15
 1.13679 -36.7106     1.15
 1.13694 -36.7048     1.15
 1.13709  -36.699     1.15
 1.13724 -36.6932     1.15
 1.13739 -36.6875     1.15
 1.13754 -36.6817     1.15
 1.13769  -36.676     1.15
 1.13784 -36.6702     1.15
 1.13799 -36.6645     1.15
 1.13814 -36.6588     1.15
 1.13829  -36.653     1.15
 1.13844 -36.6473     1.15
 1.13859 -36.6416     1.15
 1.13874  -36.636     1.15
 1.13889 -36.6303     1.15
 1.13904 -36.6246     1.15
 1.13919  -36.619     1.15
 1.13934 -36.6133     1.15
 1.13949 -36.6077     1.15
 1.13964 -36.6021     1.15
 1.13979 -36.5964     1.15
 1.13994 -36.5908     1.15
  1.1401 -36.5852     1.15
 1.14025 -36.5796     1.15
  1.1404 -36.5741     1.15
 1.14055 -36.5685     1.15
  1.1407 -36.5629     1.15
 1.14085 -36.5574     1.15
   1.141 -36.5518     1.15
 1.14115 -36.5463     1.15
  1.1413 -36.5408     1.15
 1.14145 -36.5353     1.15
  1.1416 -36.5298     1.15
 1.14175 -36.5243     1.15
  1.1419 -36.5188     1.15
 1.14205 -36.5133     1.15
  1.1422 -36.5078     1.15
 1.14235 -36.5024     1.15
  1.1425 -36.4969     1.15
 1.14265 -36.4915     1.15
  1.1428 -36.4861     1.15
 1.14295 -36.4806     1.15
  1.1431 -36.4752     1.15
 1.14325 -36.4698     1.15
  1.1434 -36.4644     1.15
 1.14355  -36.459     1.15
  1.1437 -36.4537     1.15
 1.14385 -36.4483     1.15
   1.144 -36.4429     1.15
 1.14415 -36.4376     1.15
  1.1443 -36.4322     1.15
 1.14445 -36.4269     1.15
  1.1446 -36.4216     1.15
 1.14475 -36.4163     1.15
  1.1449  -36.411     1.15
 1.14505 -36.4057     1.15
  1.1452 -36.4004     1.15
 1.14535 -36.3951     1.15
  1.1455 -36.3898     1.15
 1.14565 -36.3846     1.15
  1.1458 -36.3793     1.15
 1.14595 -36.3741     1.15
  1.1461 -36.3689     1.15
 1.14625 -36.3636     1.15
  1.1464 -36.3584     1.15
 1.14655 -36.3532     1.15
  1.1467  -36.348     1.15
 1.14685 -36.3428     1.15
   1.147 -36.3376     1.15
 1.14715 -36.3325     1.15
  1.1473 -36.3273     1.15
 1.14745 -36.3221     1.15
  1.1476  -36.317     1.15
 1.14775 -36.3118     1.15
  1.1479 -36.3067     1.15
 1.14805 -36.3016     1.15
  1.1482 -36.2965     1.15
 1.14835 -36.2914     1.15
  1.1485 -36.2863     1.15
 1.14865 -36.2812     1.15
  1.1488 -36.2761     1.15
 1.14895  -36.271     1.15
  1.1491  -36.266     1.15
 1.14925 -36.2609     1.15
  1.1494 -36.2559     1.15
 1.14955 -36.2508     1.15
  1.1497 -36.2458     1.15
 1.14985 -36.2408     1.15
    1.15 -36.2358     1.15