 kgrid  ValNew  Policy 
    0.85 -58.9324 0.862156
 0.85015 -58.9186 0.862306
  0.8503 -58.9048 0.862456
 0.85045  -58.891 0.862456
  0.8506 -58.8773 0.862606
 0.85075 -58.8635 0.862756
  0.8509 -58.8498 0.862756
0.851051 -58.8361 0.862906
0.851201 -58.8224 0.863057
0.851351 -58.8087 0.863207
0.851501  -58.795 0.863207
0.851651 -58.7813 0.863357
0.851801 -58.7676 0.863507
0.851951 -58.7539 0.863657
0.852101 -58.7403 0.863657
0.852251 -58.7266 0.863807
0.852401  -58.713 0.863957
0.852551 -58.6993 0.864107
0.852701 -58.6857 0.864107
0.852851 -58.6721 0.864257
0.853002 -58.6585 0.864407
0.853152 -58.6449 0.864557
0.853302 -58.6313 0.864557
0.853452 -58.6177 0.864707
0.853602 -58.6042 0.864857
0.853752 -58.5906 0.865008
0.853902 -58.5771 0.865008
0.854052 -58.5635 0.865158
0.854202   -58.55 0.865308
0.854352 -58.5365 0.865458
0.854502  -58.523 0.865458
0.854652 -58.5095 0.865608
0.854802  -58.496 0.865758
0.854952 -58.4825 0.865908
0.855103  -58.469 0.865908
0.855253 -58.4556 0.866058
0.855403 -58.4421 0.866208
0.855553 -58.4287 0.866358
0.855703 -58.4152 0.866358
0.855853 -58.4018 0.866508
0.856003 -58.3884 0.866658
0.856153  -58.375 0.866808
0.856303 -58.3616 0.866808
0.856453 -58.3482 0.866958
0.856603 -58.3348 0.867109
0.856753 -58.3215 0.867259
0.856903 -58.3081 0.867259
0.857054 -58.2947 0.867409
0.857204 -58.2814 0.867559
0.857354 -58.2681 0.867709
0.857504 -58.2547 0.867709
0.857654 -58.2414 0.867859
0.857804 -58.2281 0.868009
0.857954 -58.2148 0.868159
0.858104 -58.2015 0.868159
0.858254 -58.1883 0.868309
0.858404  -58.175 0.868459
0.858554 -58.1617 0.868609
0.858704 -58.1485 0.868759
0.858854 -58.1352 0.868759
0.859005  -58.122 0.868909
0.859155 -58.1088  0.86906
0.859305 -58.0956  0.86921
0.859455 -58.0823  0.86921
0.859605 -58.0691  0.86936
0.859755  -58.056  0.86951
0.859905 -58.0428  0.86966
0.860055 -58.0296  0.86966
0.860205 -58.0164  0.86981
0.860355 -58.0033  0.86996
0.860505 -57.9901  0.87011
0.860655  -57.977  0.87011
0.860805 -57.9639  0.87026
0.860955 -57.9508  0.87041
0.861106 -57.9376  0.87056
0.861256 -57.9245  0.87056
0.861406 -57.9114  0.87071
0.861556 -57.8984  0.87086
0.861706 -57.8853 0.871011
0.861856 -57.8722 0.871011
0.862006 -57.8592 0.871161
0.862156 -57.8461 0.871311
0.862306 -57.8331 0.871461
0.862456   -57.82 0.871611
0.862606  -57.807 0.871761
0.862756  -57.794 0.871761
0.862906  -57.781 0.871911
0.863057  -57.768 0.872061
0.863207  -57.755 0.872211
0.863357  -57.742 0.872361
0.863507  -57.729 0.872511
0.863657  -57.716 0.872511
0.863807  -57.703 0.872661
0.863957 -57.6901 0.872811
0.864107 -57.6771 0.872961
0.864257 -57.6641 0.873112
0.864407 -57.6512 0.873262
0.864557 -57.6382 0.873262
0.864707 -57.6253 0.873412
0.864857 -57.6124 0.873562
0.865008 -57.5995 0.873712
0.865158 -57.5865 0.873862
0.865308 -57.5736 0.874012
0.865458 -57.5607 0.874162
0.865608 -57.5478 0.874162
0.865758 -57.5349 0.874312
0.865908 -57.5221 0.874462
0.866058 -57.5092 0.874612
0.866208 -57.4963 0.874762
0.866358 -57.4834 0.874912
0.866508 -57.4706 0.875063
0.866658 -57.4577 0.875063
0.866808 -57.4449 0.875213
0.866958 -57.4321 0.875363
0.867109 -57.4192 0.875513
0.867259 -57.4064 0.875663
0.867409 -57.3936 0.875813
0.867559 -57.3808 0.875963
0.867709 -57.3679 0.875963
0.867859 -57.3551 0.876113
0.868009 -57.3423 0.876263
0.868159 -57.3296 0.876413
0.868309 -57.3168 0.876563
0.868459  -57.304 0.876713
0.868609 -57.2912 0.876863
0.868759 -57.2785 0.876863
0.868909 -57.2657 0.877014
 0.86906  -57.253 0.877164
 0.86921 -57.2402 0.877314
 0.86936 -57.2275 0.877464
 0.86951 -57.2147 0.877614
 0.86966  -57.202 0.877764
 0.86981 -57.1893 0.877764
 0.86996 -57.1766 0.877914
 0.87011 -57.1639 0.878064
 0.87026 -57.1512 0.878214
 0.87041 -57.1385 0.878364
 0.87056 -57.1258 0.878514
 0.87071 -57.1131 0.878664
 0.87086 -57.1004 0.878814
0.871011 -57.0877 0.878814
0.871161 -57.0751 0.878964
0.871311 -57.0624 0.879115
0.871461 -57.0497 0.879265
0.871611 -57.0371 0.879415
0.871761 -57.0245 0.879565
0.871911 -57.0118 0.879715
0.872061 -56.9992 0.879715
0.872211 -56.9866 0.879865
0.872361 -56.9739 0.880015
0.872511 -56.9613 0.880165
0.872661 -56.9487 0.880315
0.872811 -56.9361 0.880465
0.872961 -56.9235 0.880615
0.873112 -56.9109 0.880615
0.873262 -56.8984 0.880765
0.873412 -56.8858 0.880915
0.873562 -56.8732 0.881066
0.873712 -56.8606 0.881216
0.873862 -56.8481 0.881366
0.874012 -56.8355 0.881516
0.874162  -56.823 0.881516
0.874312 -56.8105 0.881666
0.874462 -56.7979 0.881816
0.874612 -56.7854 0.881966
0.874762 -56.7729 0.882116
0.874912 -56.7603 0.882266
0.875063 -56.7478 0.882416
0.875213 -56.7353 0.882566
0.875363 -56.7228 0.882716
0.875513 -56.7103 0.882716
0.875663 -56.6978 0.882866
0.875813 -56.6853 0.883017
0.875963 -56.6729 0.883167
0.876113 -56.6604 0.883317
0.876263 -56.6479 0.883467
0.876413 -56.6355 0.883617
0.876563  -56.623 0.883767
0.876713 -56.6106 0.883767
0.876863 -56.5981 0.883917
0.877014 -56.5857 0.884067
0.877164 -56.5732 0.884217
0.877314 -56.5608 0.884367
0.877464 -56.5484 0.884517
0.877614  -56.536 0.884667
0.877764 -56.5236 0.884817
0.877914 -56.5111 0.884817
0.878064 -56.4987 0.884967
0.878214 -56.4863 0.885118
0.878364  -56.474 0.885268
0.878514 -56.4616 0.885418
0.878664 -56.4492 0.885568
0.878814 -56.4368 0.885718
0.878964 -56.4245 0.885868
0.879115 -56.4121 0.885868
0.879265 -56.3997 0.886018
0.879415 -56.3874 0.886168
0.879565  -56.375 0.886318
0.879715 -56.3627 0.886468
0.879865 -56.3504 0.886618
0.880015  -56.338 0.886768
0.880165 -56.3257 0.886918
0.880315 -56.3134 0.887069
0.880465 -56.3011 0.887069
0.880615 -56.2888 0.887219
0.880765 -56.2765 0.887369
0.880915 -56.2642 0.887519
0.881066 -56.2519 0.887669
0.881216 -56.2396 0.887819
0.881366 -56.2273 0.887969
0.881516  -56.215 0.888119
0.881666 -56.2028 0.888119
0.881816 -56.1905 0.888269
0.881966 -56.1782 0.888419
0.882116  -56.166 0.888569
0.882266 -56.1537 0.888719
0.882416 -56.1415 0.888869
0.882566 -56.1292  0.88902
0.882716  -56.117  0.88917
0.882866 -56.1048  0.88932
0.883017 -56.0926  0.88932
0.883167 -56.0803  0.88947
0.883317 -56.0681  0.88962
0.883467 -56.0559  0.88977
0.883617 -56.0437  0.88992
0.883767 -56.0315  0.89007
0.883917 -56.0193  0.89022
0.884067 -56.0072  0.89037
0.884217  -55.995  0.89037
0.884367 -55.9828  0.89052
0.884517 -55.9706  0.89067
0.884667 -55.9585  0.89082
0.884817 -55.9463  0.89097
0.884967 -55.9342 0.891121
0.885118  -55.922 0.891271
0.885268 -55.9099 0.891421
0.885418 -55.8977 0.891571
0.885568 -55.8856 0.891571
0.885718 -55.8735 0.891721
0.885868 -55.8613 0.891871
0.886018 -55.8492 0.892021
0.886168 -55.8371 0.892171
0.886318  -55.825 0.892321
0.886468 -55.8129 0.892471
0.886618 -55.8008 0.892621
0.886768 -55.7887 0.892771
0.886918 -55.7766 0.892771
0.887069 -55.7646 0.892921
0.887219 -55.7525 0.893072
0.887369 -55.7404 0.893222
0.887519 -55.7283 0.893372
0.887669 -55.7163 0.893522
0.887819 -55.7042 0.893672
0.887969 -55.6922 0.893822
0.888119 -55.6801 0.893822
0.888269 -55.6681 0.893972
0.888419 -55.6561 0.894122
0.888569  -55.644 0.894272
0.888719  -55.632 0.894422
0.888869   -55.62 0.894572
 0.88902  -55.608 0.894722
 0.88917  -55.596 0.894872
 0.88932  -55.584 0.895023
 0.88947  -55.572 0.895023
 0.88962   -55.56 0.895173
 0.88977  -55.548 0.895323
 0.88992  -55.536 0.895473
 0.89007  -55.524 0.895623
 0.89022 -55.5121 0.895773
 0.89037 -55.5001 0.895923
 0.89052 -55.4881 0.896073
 0.89067 -55.4762 0.896223
 0.89082 -55.4642 0.896223
 0.89097 -55.4523 0.896373
0.891121 -55.4403 0.896523
0.891271 -55.4284 0.896673
0.891421 -55.4165 0.896823
0.891571 -55.4045 0.896973
0.891721 -55.3926 0.897124
0.891871 -55.3807 0.897274
0.892021 -55.3688 0.897424
0.892171 -55.3569 0.897574
0.892321  -55.345 0.897574
0.892471 -55.3331 0.897724
0.892621 -55.3212 0.897874
0.892771 -55.3093 0.898024
0.892921 -55.2974 0.898174
0.893072 -55.2855 0.898324
0.893222 -55.2737 0.898474
0.893372 -55.2618 0.898624
0.893522 -55.2499 0.898774
0.893672 -55.2381 0.898774
0.893822 -55.2262 0.898924
0.893972 -55.2144 0.899075
0.894122 -55.2025 0.899225
0.894272 -55.1907 0.899375
0.894422 -55.1789 0.899525
0.894572  -55.167 0.899675
0.894722 -55.1552 0.899825
0.894872 -55.1434 0.899975
0.895023 -55.1316 0.899975
0.895173 -55.1198 0.900125
0.895323  -55.108 0.900275
0.895473 -55.0962 0.900425
0.895623 -55.0844 0.900575
0.895773 -55.0726 0.900725
0.895923 -55.0608 0.900875
0.896073  -55.049 0.901026
0.896223 -55.0372 0.901176
0.896373 -55.0255 0.901326
0.896523 -55.0137 0.901326
0.896673 -55.0019 0.901476
0.896823 -54.9902 0.901626
0.896973 -54.9784 0.901776
0.897124 -54.9667 0.901926
0.897274 -54.9549 0.902076
0.897424 -54.9432 0.902226
0.897574 -54.9315 0.902376
0.897724 -54.9197 0.902526
0.897874  -54.908 0.902676
0.898024 -54.8963 0.902826
0.898174 -54.8846 0.902826
0.898324 -54.8729 0.902976
0.898474 -54.8612 0.903127
0.898624 -54.8494 0.903277
0.898774 -54.8378 0.903427
0.898924 -54.8261 0.903577
0.899075 -54.8144 0.903727
0.899225 -54.8027 0.903877
0.899375  -54.791 0.904027
0.899525 -54.7793 0.904177
0.899675 -54.7677 0.904177
0.899825  -54.756 0.904327
0.899975 -54.7443 0.904477
0.900125 -54.7327 0.904627
0.900275  -54.721 0.904777
0.900425 -54.7094 0.904927
0.900575 -54.6977 0.905078
0.900725 -54.6861 0.905228
0.900875 -54.6745 0.905378
0.901026 -54.6628 0.905528
0.901176 -54.6512 0.905678
0.901326 -54.6396 0.905828
0.901476  -54.628 0.905828
0.901626 -54.6163 0.905978
0.901776 -54.6047 0.906128
0.901926 -54.5931 0.906278
0.902076 -54.5815 0.906428
0.902226 -54.5699 0.906578
0.902376 -54.5583 0.906728
0.902526 -54.5468 0.906878
0.902676 -54.5352 0.907029
0.902826 -54.5236 0.907179
0.902976  -54.512 0.907329
0.903127 -54.5005 0.907329
0.903277 -54.4889 0.907479
0.903427 -54.4773 0.907629
0.903577 -54.4658 0.907779
0.903727 -54.4542 0.907929
0.903877 -54.4427 0.908079
0.904027 -54.4311 0.908229
0.904177 -54.4196 0.908379
0.904327 -54.4081 0.908529
0.904477 -54.3965 0.908679
0.904627  -54.385 0.908829
0.904777 -54.3735 0.908829
0.904927  -54.362 0.908979
0.905078 -54.3504  0.90913
0.905228 -54.3389  0.90928
0.905378 -54.3274  0.90943
0.905528 -54.3159  0.90958
0.905678 -54.3044  0.90973
0.905828 -54.2929  0.90988
0.905978 -54.2815  0.91003
0.906128   -54.27  0.91018
0.906278 -54.2585  0.91033
0.906428  -54.247  0.91048
0.906578 -54.2356  0.91048
0.906728 -54.2241  0.91063
0.906878 -54.2126  0.91078
0.907029 -54.2012  0.91093
0.907179 -54.1897 0.911081
0.907329 -54.1783 0.911231
0.907479 -54.1668 0.911381
0.907629 -54.1554 0.911531
0.907779  -54.144 0.911681
0.907929 -54.1325 0.911831
0.908079 -54.1211 0.911981
0.908229 -54.1097 0.911981
0.908379 -54.0983 0.912131
0.908529 -54.0868 0.912281
0.908679 -54.0754 0.912431
0.908829  -54.064 0.912581
0.908979 -54.0526 0.912731
 0.90913 -54.0412 0.912881
 0.90928 -54.0298 0.913032
 0.90943 -54.0185 0.913182
 0.90958 -54.0071 0.913332
 0.90973 -53.9957 0.913482
 0.90988 -53.9843 0.913632
 0.91003 -53.9729 0.913632
 0.91018 -53.9616 0.913782
 0.91033 -53.9502 0.913932
 0.91048 -53.9388 0.914082
 0.91063 -53.9275 0.914232
 0.91078 -53.9161 0.914382
 0.91093 -53.9048 0.914532
0.911081 -53.8935 0.914682
0.911231 -53.8821 0.914832
0.911381 -53.8708 0.914982
0.911531 -53.8595 0.915133
0.911681 -53.8481 0.915133
0.911831 -53.8368 0.915283
0.911981 -53.8255 0.915433
0.912131 -53.8142 0.915583
0.912281 -53.8029 0.915733
0.912431 -53.7916 0.915883
0.912581 -53.7803 0.916033
0.912731  -53.769 0.916183
0.912881 -53.7577 0.916333
0.913032 -53.7464 0.916483
0.913182 -53.7351 0.916633
0.913332 -53.7238 0.916783
0.913482 -53.7125 0.916933
0.913632 -53.7013 0.916933
0.913782   -53.69 0.917084
0.913932 -53.6787 0.917234
0.914082 -53.6675 0.917384
0.914232 -53.6562 0.917534
0.914382  -53.645 0.917684
0.914532 -53.6337 0.917834
0.914682 -53.6225 0.917984
0.914832 -53.6112 0.918134
0.914982    -53.6 0.918284
0.915133 -53.5888 0.918434
0.915283 -53.5775 0.918584
0.915433 -53.5663 0.918584
0.915583 -53.5551 0.918734
0.915733 -53.5439 0.918884
0.915883 -53.5327 0.919035
0.916033 -53.5215 0.919185
0.916183 -53.5102 0.919335
0.916333  -53.499 0.919485
0.916483 -53.4879 0.919635
0.916633 -53.4767 0.919785
0.916783 -53.4655 0.919935
0.916933 -53.4543 0.920085
0.917084 -53.4431 0.920235
0.917234 -53.4319 0.920385
0.917384 -53.4208 0.920385
0.917534 -53.4096 0.920535
0.917684 -53.3984 0.920685
0.917834 -53.3873 0.920835
0.917984 -53.3761 0.920985
0.918134  -53.365 0.921136
0.918284 -53.3538 0.921286
0.918434 -53.3427 0.921436
0.918584 -53.3315 0.921586
0.918734 -53.3204 0.921736
0.918884 -53.3093 0.921886
0.919035 -53.2981 0.922036
0.919185  -53.287 0.922186
0.919335 -53.2759 0.922186
0.919485 -53.2648 0.922336
0.919635 -53.2537 0.922486
0.919785 -53.2425 0.922636
0.919935 -53.2314 0.922786
0.920085 -53.2203 0.922936
0.920235 -53.2092 0.923087
0.920385 -53.1982 0.923237
0.920535 -53.1871 0.923387
0.920685  -53.176 0.923537
0.920835 -53.1649 0.923687
0.920985 -53.1538 0.923837
0.921136 -53.1427 0.923837
0.921286 -53.1317 0.923987
0.921436 -53.1206 0.924137
0.921586 -53.1096 0.924287
0.921736 -53.0985 0.924437
0.921886 -53.0874 0.924587
0.922036 -53.0764 0.924737
0.922186 -53.0653 0.924887
0.922336 -53.0543 0.925038
0.922486 -53.0433 0.925188
0.922636 -53.0322 0.925338
0.922786 -53.0212 0.925488
0.922936 -53.0102 0.925638
0.923087 -52.9992 0.925638
0.923237 -52.9881 0.925788
0.923387 -52.9771 0.925938
0.923537 -52.9661 0.926088
0.923687 -52.9551 0.926238
0.923837 -52.9441 0.926388
0.923987 -52.9331 0.926538
0.924137 -52.9221 0.926688
0.924287 -52.9111 0.926838
0.924437 -52.9001 0.926988
0.924587 -52.8891 0.927139
0.924737 -52.8782 0.927289
0.924887 -52.8672 0.927439
0.925038 -52.8562 0.927439
0.925188 -52.8452 0.927589
0.925338 -52.8343 0.927739
0.925488 -52.8233 0.927889
0.925638 -52.8124 0.928039
0.925788 -52.8014 0.928189
0.925938 -52.7904 0.928339
0.926088 -52.7795 0.928489
0.926238 -52.7686 0.928639
0.926388 -52.7576 0.928789
0.926538 -52.7467 0.928939
0.926688 -52.7358  0.92909
0.926838 -52.7248  0.92924
0.926988 -52.7139  0.92924
0.927139  -52.703  0.92939
0.927289 -52.6921  0.92954
0.927439 -52.6812  0.92969
0.927589 -52.6703  0.92984
0.927739 -52.6594  0.92999
0.927889 -52.6485  0.93014
0.928039 -52.6376  0.93029
0.928189 -52.6267  0.93044
0.928339 -52.6158  0.93059
0.928489 -52.6049  0.93074
0.928639  -52.594  0.93089
0.928789 -52.5831 0.931041
0.928939 -52.5723 0.931041
 0.92909 -52.5614 0.931191
 0.92924 -52.5505 0.931341
 0.92939 -52.5397 0.931491
 0.92954 -52.5288 0.931641
 0.92969 -52.5179 0.931791
 0.92984 -52.5071 0.931941
 0.92999 -52.4963 0.932091
 0.93014 -52.4854 0.932241
 0.93029 -52.4746 0.932391
 0.93044 -52.4637 0.932541
 0.93059 -52.4529 0.932691
 0.93074 -52.4421 0.932841
 0.93089 -52.4312 0.932991
0.931041 -52.4204 0.932991
0.931191 -52.4096 0.933142
0.931341 -52.3988 0.933292
0.931491  -52.388 0.933442
0.931641 -52.3772 0.933592
0.931791 -52.3664 0.933742
0.931941 -52.3556 0.933892
0.932091 -52.3448 0.934042
0.932241  -52.334 0.934192
0.932391 -52.3232 0.934342
0.932541 -52.3124 0.934492
0.932691 -52.3016 0.934642
0.932841 -52.2909 0.934792
0.932991 -52.2801 0.934792
0.933142 -52.2693 0.934942
0.933292 -52.2586 0.935093
0.933442 -52.2478 0.935243
0.933592  -52.237 0.935393
0.933742 -52.2263 0.935543
0.933892 -52.2155 0.935693
0.934042 -52.2048 0.935843
0.934192  -52.194 0.935993
0.934342 -52.1833 0.936143
0.934492 -52.1726 0.936293
0.934642 -52.1618 0.936443
0.934792 -52.1511 0.936593
0.934942 -52.1404 0.936593
0.935093 -52.1297 0.936743
0.935243 -52.1189 0.936893
0.935393 -52.1082 0.937044
0.935543 -52.0975 0.937194
0.935693 -52.0868 0.937344
0.935843 -52.0761 0.937494
0.935993 -52.0654 0.937644
0.936143 -52.0547 0.937794
0.936293  -52.044 0.937944
0.936443 -52.0333 0.938094
0.936593 -52.0226 0.938244
0.936743  -52.012 0.938394
0.936893 -52.0013 0.938544
0.937044 -51.9906 0.938544
0.937194 -51.9799 0.938694
0.937344 -51.9693 0.938844
0.937494 -51.9586 0.938994
0.937644  -51.948 0.939145
0.937794 -51.9373 0.939295
0.937944 -51.9266 0.939445
0.938094  -51.916 0.939595
0.938244 -51.9053 0.939745
0.938394 -51.8947 0.939895
0.938544 -51.8841 0.940045
0.938694 -51.8734 0.940195
0.938844 -51.8628 0.940345
0.938994 -51.8522 0.940495
0.939145 -51.8415 0.940495
0.939295 -51.8309 0.940645
0.939445 -51.8203 0.940795
0.939595 -51.8097 0.940945
0.939745 -51.7991 0.941096
0.939895 -51.7885 0.941246
0.940045 -51.7779 0.941396
0.940195 -51.7673 0.941546
0.940345 -51.7567 0.941696
0.940495 -51.7461 0.941846
0.940645 -51.7355 0.941996
0.940795 -51.7249 0.942146
0.940945 -51.7143 0.942296
0.941096 -51.7037 0.942446
0.941246 -51.6932 0.942596
0.941396 -51.6826 0.942596
0.941546  -51.672 0.942746
0.941696 -51.6615 0.942896
0.941846 -51.6509 0.943047
0.941996 -51.6403 0.943197
0.942146 -51.6298 0.943347
0.942296 -51.6192 0.943497
0.942446 -51.6087 0.943647
0.942596 -51.5982 0.943797
0.942746 -51.5876 0.943947
0.942896 -51.5771 0.944097
0.943047 -51.5665 0.944247
0.943197  -51.556 0.944397
0.943347 -51.5455 0.944547
0.943497  -51.535 0.944547
0.943647 -51.5244 0.944697
0.943797 -51.5139 0.944847
0.943947 -51.5034 0.944997
0.944097 -51.4929 0.945148
0.944247 -51.4824 0.945298
0.944397 -51.4719 0.945448
0.944547 -51.4614 0.945598
0.944697 -51.4509 0.945748
0.944847 -51.4404 0.945898
0.944997 -51.4299 0.946048
0.945148 -51.4194 0.946198
0.945298  -51.409 0.946348
0.945448 -51.3985 0.946498
0.945598  -51.388 0.946498
0.945748 -51.3775 0.946648
0.945898 -51.3671 0.946798
0.946048 -51.3566 0.946948
0.946198 -51.3462 0.947099
0.946348 -51.3357 0.947249
0.946498 -51.3252 0.947399
0.946648 -51.3148 0.947549
0.946798 -51.3043 0.947699
0.946948 -51.2939 0.947849
0.947099 -51.2835 0.947999
0.947249  -51.273 0.948149
0.947399 -51.2626 0.948299
0.947549 -51.2522 0.948449
0.947699 -51.2417 0.948599
0.947849 -51.2313 0.948599
0.947999 -51.2209 0.948749
0.948149 -51.2105 0.948899
0.948299 -51.2001  0.94905
0.948449 -51.1897   0.9492
0.948599 -51.1793  0.94935
0.948749 -51.1689   0.9495
0.948899 -51.1585  0.94965
 0.94905 -51.1481   0.9498
  0.9492 -51.1377  0.94995
 0.94935 -51.1273   0.9501
  0.9495 -51.1169  0.95025
 0.94965 -51.1065   0.9504
  0.9498 -51.0961  0.95055
 0.94995 -51.0858  0.95055
  0.9501 -51.0754   0.9507
 0.95025  -51.065  0.95085
  0.9504 -51.0547 0.951001
 0.95055 -51.0443 0.951151
  0.9507 -51.0339 0.951301
 0.95085 -51.0236 0.951451
0.951001 -51.0132 0.951601
0.951151 -51.0029 0.951751
0.951301 -50.9925 0.951901
0.951451 -50.9822 0.952051
0.951601 -50.9719 0.952201
0.951751 -50.9615 0.952351
0.951901 -50.9512 0.952501
0.952051 -50.9409 0.952651
0.952201 -50.9306 0.952651
0.952351 -50.9202 0.952801
0.952501 -50.9099 0.952951
0.952651 -50.8996 0.953102
0.952801 -50.8893 0.953252
0.952951  -50.879 0.953402
0.953102 -50.8687 0.953552
0.953252 -50.8584 0.953702
0.953402 -50.8481 0.953852
0.953552 -50.8378 0.954002
0.953702 -50.8275 0.954152
0.953852 -50.8172 0.954302
0.954002 -50.8069 0.954452
0.954152 -50.7967 0.954602
0.954302 -50.7864 0.954752
0.954452 -50.7761 0.954752
0.954602 -50.7658 0.954902
0.954752 -50.7556 0.955053
0.954902 -50.7453 0.955203
0.955053  -50.735 0.955353
0.955203 -50.7248 0.955503
0.955353 -50.7145 0.955653
0.955503 -50.7043 0.955803
0.955653  -50.694 0.955953
0.955803 -50.6838 0.956103
0.955953 -50.6736 0.956253
0.956103 -50.6633 0.956403
0.956253 -50.6531 0.956553
0.956403 -50.6429 0.956703
0.956553 -50.6326 0.956853
0.956703 -50.6224 0.956853
0.956853 -50.6122 0.957004
0.957004  -50.602 0.957154
0.957154 -50.5918 0.957304
0.957304 -50.5815 0.957454
0.957454 -50.5713 0.957604
0.957604 -50.5611 0.957754
0.957754 -50.5509 0.957904
0.957904 -50.5407 0.958054
0.958054 -50.5305 0.958204
0.958204 -50.5203 0.958354
0.958354 -50.5102 0.958504
0.958504    -50.5 0.958654
0.958654 -50.4898 0.958804
0.958804 -50.4796 0.958954
0.958954 -50.4694 0.958954
0.959105 -50.4593 0.959105
0.959255 -50.4491 0.959255
0.959405 -50.4389 0.959405
0.959555 -50.4288 0.959555
0.959705 -50.4186 0.959705
0.959855 -50.4085 0.959855
0.960005 -50.3983 0.960005
0.960155 -50.3882 0.960155
0.960305  -50.378 0.960305
0.960455 -50.3679 0.960455
0.960605 -50.3577 0.960605
0.960755 -50.3476 0.960755
0.960905 -50.3375 0.960905
0.961056 -50.3273 0.961056
0.961206 -50.3172 0.961056
0.961356 -50.3071 0.961206
0.961506  -50.297 0.961356
0.961656 -50.2869 0.961506
0.961806 -50.2767 0.961656
0.961956 -50.2666 0.961806
0.962106 -50.2565 0.961956
0.962256 -50.2464 0.962106
0.962406 -50.2363 0.962256
0.962556 -50.2262 0.962406
0.962706 -50.2161 0.962556
0.962856 -50.2061 0.962706
0.963007  -50.196 0.962856
0.963157 -50.1859 0.963007
0.963307 -50.1758 0.963157
0.963457 -50.1657 0.963157
0.963607 -50.1556 0.963307
0.963757 -50.1456 0.963457
0.963907 -50.1355 0.963607
0.964057 -50.1254 0.963757
0.964207 -50.1154 0.963907
0.964357 -50.1053 0.964057
0.964507 -50.0953 0.964207
0.964657 -50.0852 0.964357
0.964807 -50.0752 0.964507
0.964957 -50.0651 0.964657
0.965108 -50.0551 0.964807
0.965258  -50.045 0.964957
0.965408  -50.035 0.965108
0.965558  -50.025 0.965258
0.965708  -50.015 0.965258
0.965858 -50.0049 0.965408
0.966008 -49.9949 0.965558
0.966158 -49.9849 0.965708
0.966308 -49.9749 0.965858
0.966458 -49.9649 0.966008
0.966608 -49.9548 0.966158
0.966758 -49.9448 0.966308
0.966908 -49.9348 0.966458
0.967059 -49.9248 0.966608
0.967209 -49.9148 0.966758
0.967359 -49.9048 0.966908
0.967509 -49.8948 0.967059
0.967659 -49.8849 0.967209
0.967809 -49.8749 0.967359
0.967959 -49.8649 0.967359
0.968109 -49.8549 0.967509
0.968259 -49.8449 0.967659
0.968409  -49.835 0.967809
0.968559  -49.825 0.967959
0.968709  -49.815 0.968109
0.968859 -49.8051 0.968259
 0.96901 -49.7951 0.968409
 0.96916 -49.7852 0.968559
 0.96931 -49.7752 0.968709
 0.96946 -49.7653 0.968859
 0.96961 -49.7553  0.96901
 0.96976 -49.7454  0.96916
 0.96991 -49.7354  0.96931
 0.97006 -49.7255  0.96946
 0.97021 -49.7156  0.96946
 0.97036 -49.7056  0.96961
 0.97051 -49.6957  0.96976
 0.97066 -49.6858  0.96991
 0.97081 -49.6758  0.97006
 0.97096 -49.6659  0.97021
0.971111  -49.656  0.97036
0.971261 -49.6461  0.97051
0.971411 -49.6362  0.97066
0.971561 -49.6263  0.97081
0.971711 -49.6164  0.97096
0.971861 -49.6065 0.971111
0.972011 -49.5966 0.971261
0.972161 -49.5867 0.971411
0.972311 -49.5768 0.971561
0.972461 -49.5669 0.971711
0.972611  -49.557 0.971711
0.972761 -49.5471 0.971861
0.972911 -49.5373 0.972011
0.973062 -49.5274 0.972161
0.973212 -49.5175 0.972311
0.973362 -49.5077 0.972461
0.973512 -49.4978 0.972611
0.973662 -49.4879 0.972761
0.973812 -49.4781 0.972911
0.973962 -49.4682 0.973062
0.974112 -49.4584 0.973212
0.974262 -49.4485 0.973362
0.974412 -49.4387 0.973512
0.974562 -49.4288 0.973662
0.974712  -49.419 0.973812
0.974862 -49.4091 0.973812
0.975013 -49.3993 0.973962
0.975163 -49.3895 0.974112
0.975313 -49.3796 0.974262
0.975463 -49.3698 0.974412
0.975613   -49.36 0.974562
0.975763 -49.3502 0.974712
0.975913 -49.3404 0.974862
0.976063 -49.3305 0.975013
0.976213 -49.3207 0.975163
0.976363 -49.3109 0.975313
0.976513 -49.3011 0.975463
0.976663 -49.2913 0.975613
0.976813 -49.2815 0.975763
0.976963 -49.2717 0.975913
0.977114 -49.2619 0.976063
0.977264 -49.2522 0.976063
0.977414 -49.2424 0.976213
0.977564 -49.2326 0.976363
0.977714 -49.2228 0.976513
0.977864  -49.213 0.976663
0.978014 -49.2033 0.976813
0.978164 -49.1935 0.976963
0.978314 -49.1837 0.977114
0.978464  -49.174 0.977264
0.978614 -49.1642 0.977414
0.978764 -49.1544 0.977564
0.978914 -49.1447 0.977714
0.979065 -49.1349 0.977864
0.979215 -49.1252 0.978014
0.979365 -49.1154 0.978164
0.979515 -49.1057 0.978164
0.979665 -49.0959 0.978314
0.979815 -49.0862 0.978464
0.979965 -49.0765 0.978614
0.980115 -49.0667 0.978764
0.980265  -49.057 0.978914
0.980415 -49.0473 0.979065
0.980565 -49.0376 0.979215
0.980715 -49.0279 0.979365
0.980865 -49.0181 0.979515
0.981016 -49.0084 0.979665
0.981166 -48.9987 0.979815
0.981316  -48.989 0.979965
0.981466 -48.9793 0.980115
0.981616 -48.9696 0.980265
0.981766 -48.9599 0.980415
0.981916 -48.9502 0.980415
0.982066 -48.9405 0.980565
0.982216 -48.9308 0.980715
0.982366 -48.9211 0.980865
0.982516 -48.9115 0.981016
0.982666 -48.9018 0.981166
0.982816 -48.8921 0.981316
0.982966 -48.8824 0.981466
0.983117 -48.8728 0.981616
0.983267 -48.8631 0.981766
0.983417 -48.8534 0.981916
0.983567 -48.8438 0.982066
0.983717 -48.8341 0.982216
0.983867 -48.8245 0.982366
0.984017 -48.8148 0.982516
0.984167 -48.8052 0.982516
0.984317 -48.7955 0.982666
0.984467 -48.7859 0.982816
0.984617 -48.7762 0.982966
0.984767 -48.7666 0.983117
0.984917 -48.7569 0.983267
0.985068 -48.7473 0.983417
0.985218 -48.7377 0.983567
0.985368 -48.7281 0.983717
0.985518 -48.7184 0.983867
0.985668 -48.7088 0.984017
0.985818 -48.6992 0.984167
0.985968 -48.6896 0.984317
0.986118   -48.68 0.984467
0.986268 -48.6704 0.984617
0.986418 -48.6608 0.984767
0.986568 -48.6512 0.984767
0.986718 -48.6416 0.984917
0.986868  -48.632 0.985068
0.987019 -48.6224 0.985218
0.987169 -48.6128 0.985368
0.987319 -48.6032 0.985518
0.987469 -48.5936 0.985668
0.987619  -48.584 0.985818
0.987769 -48.5744 0.985968
0.987919 -48.5649 0.986118
0.988069 -48.5553 0.986268
0.988219 -48.5457 0.986418
0.988369 -48.5362 0.986568
0.988519 -48.5266 0.986718
0.988669  -48.517 0.986868
0.988819 -48.5075 0.987019
0.988969 -48.4979 0.987019
 0.98912 -48.4884 0.987169
 0.98927 -48.4788 0.987319
 0.98942 -48.4693 0.987469
 0.98957 -48.4597 0.987619
 0.98972 -48.4502 0.987769
 0.98987 -48.4407 0.987919
 0.99002 -48.4311 0.988069
 0.99017 -48.4216 0.988219
 0.99032 -48.4121 0.988369
 0.99047 -48.4025 0.988519
 0.99062  -48.393 0.988669
 0.99077 -48.3835 0.988819
 0.99092  -48.374 0.988969
0.991071 -48.3645  0.98912
0.991221 -48.3549  0.98927
0.991371 -48.3454  0.98927
0.991521 -48.3359  0.98942
0.991671 -48.3264  0.98957
0.991821 -48.3169  0.98972
0.991971 -48.3074  0.98987
0.992121 -48.2979  0.99002
0.992271 -48.2884  0.99017
0.992421  -48.279  0.99032
0.992571 -48.2695  0.99047
0.992721   -48.26  0.99062
0.992871 -48.2505  0.99077
0.993022  -48.241  0.99092
0.993172 -48.2316 0.991071
0.993322 -48.2221 0.991221
0.993472 -48.2126 0.991371
0.993622 -48.2032 0.991521
0.993772 -48.1937 0.991521
0.993922 -48.1842 0.991671
0.994072 -48.1748 0.991821
0.994222 -48.1653 0.991971
0.994372 -48.1559 0.992121
0.994522 -48.1464 0.992271
0.994672  -48.137 0.992421
0.994822 -48.1275 0.992571
0.994972 -48.1181 0.992721
0.995123 -48.1087 0.992871
0.995273 -48.0992 0.993022
0.995423 -48.0898 0.993172
0.995573 -48.0804 0.993322
0.995723  -48.071 0.993472
0.995873 -48.0615 0.993622
0.996023 -48.0521 0.993772
0.996173 -48.0427 0.993772
0.996323 -48.0333 0.993922
0.996473 -48.0239 0.994072
0.996623 -48.0145 0.994222
0.996773 -48.0051 0.994372
0.996923 -47.9957 0.994522
0.997074 -47.9863 0.994672
0.997224 -47.9769 0.994822
0.997374 -47.9675 0.994972
0.997524 -47.9581 0.995123
0.997674 -47.9487 0.995273
0.997824 -47.9393 0.995423
0.997974 -47.9299 0.995573
0.998124 -47.9206 0.995723
0.998274 -47.9112 0.995873
0.998424 -47.9018 0.996023
0.998574 -47.8924 0.996023
0.998724 -47.8831 0.996173
0.998874 -47.8737 0.996323
0.999025 -47.8643 0.996473
0.999175  -47.855 0.996623
0.999325 -47.8456 0.996773
0.999475 -47.8363 0.996923
0.999625 -47.8269 0.997074
0.999775 -47.8176 0.997224
0.999925 -47.8082 0.997374
 1.00008 -47.7989 0.997524
 1.00023 -47.7895 0.997674
 1.00038 -47.7802 0.997824
 1.00053 -47.7709 0.997974
 1.00068 -47.7615 0.998124
 1.00083 -47.7522 0.998274
 1.00098 -47.7429 0.998274
 1.00113 -47.7336 0.998424
 1.00128 -47.7243 0.998574
 1.00143 -47.7149 0.998724
 1.00158 -47.7056 0.998874
 1.00173 -47.6963 0.999025
 1.00188  -47.687 0.999175
 1.00203 -47.6777 0.999325
 1.00218 -47.6684 0.999475
 1.00233 -47.6591 0.999625
 1.00248 -47.6498 0.999775
 1.00263 -47.6405 0.999925
 1.00278 -47.6312  1.00008
 1.00293 -47.6219  1.00023
 1.00308 -47.6126  1.00038
 1.00323 -47.6034  1.00038
 1.00338 -47.5941  1.00053
 1.00353 -47.5848  1.00068
 1.00368 -47.5755  1.00083
 1.00383 -47.5663  1.00098
 1.00398  -47.557  1.00113
 1.00413 -47.5477  1.00128
 1.00428 -47.5385  1.00143
 1.00443 -47.5292  1.00158
 1.00458 -47.5199  1.00173
 1.00473 -47.5107  1.00188
 1.00488 -47.5014  1.00203
 1.00503 -47.4922  1.00218
 1.00518 -47.4829  1.00233
 1.00533 -47.4737  1.00248
 1.00548 -47.4645  1.00263
 1.00563 -47.4552  1.00263
 1.00578  -47.446  1.00278
 1.00593 -47.4367  1.00293
 1.00608 -47.4275  1.00308
 1.00623 -47.4183  1.00323
 1.00638 -47.4091  1.00338
 1.00653 -47.3998  1.00353
 1.00668 -47.3906  1.00368
 1.00683 -47.3814  1.00383
 1.00698 -47.3722  1.00398
 1.00713  -47.363  1.00413
 1.00728 -47.3538  1.00428
 1.00743 -47.3446  1.00443
 1.00758 -47.3354  1.00458
 1.00773 -47.3262  1.00473
 1.00788  -47.317  1.00488
 1.00803 -47.3078  1.00503
 1.00818 -47.2986  1.00503
 1.00833 -47.2894  1.00518
 1.00848 -47.2802  1.00533
 1.00863  -47.271  1.00548
 1.00878 -47.2619  1.00563
 1.00893 -47.2527  1.00578
 1.00908 -47.2435  1.00593
 1.00923 -47.2343  1.00608
 1.00938 -47.2252  1.00623
 1.00953  -47.216  1.00638
 1.00968 -47.2068  1.00653
 1.00983 -47.1977  1.00668
 1.00998 -47.1885  1.00683
 1.01013 -47.1794  1.00698
 1.01028 -47.1702  1.00713
 1.01043 -47.1611  1.00728
 1.01058 -47.1519  1.00728
 1.01073 -47.1428  1.00743
 1.01088 -47.1336  1.00758
 1.01103 -47.1245  1.00773
 1.01118 -47.1153  1.00788
 1.01133 -47.1062  1.00803
 1.01148 -47.0971  1.00818
 1.01163  -47.088  1.00833
 1.01178 -47.0788  1.00848
 1.01193 -47.0697  1.00863
 1.01208 -47.0606  1.00878
 1.01223 -47.0515  1.00893
 1.01238 -47.0424  1.00908
 1.01253 -47.0332  1.00923
 1.01268 -47.0241  1.00938
 1.01283  -47.015  1.00953
 1.01298 -47.0059  1.00953
 1.01313 -46.9968  1.00968
 1.01328 -46.9877  1.00983
 1.01343 -46.9786  1.00998
 1.01358 -46.9695  1.01013
 1.01373 -46.9604  1.01028
 1.01388 -46.9514  1.01043
 1.01403 -46.9423  1.01058
 1.01418 -46.9332  1.01073
 1.01433 -46.9241  1.01088
 1.01448  -46.915  1.01103
 1.01463  -46.906  1.01118
 1.01478 -46.8969  1.01133
 1.01493 -46.8878  1.01148
 1.01508 -46.8788  1.01163
 1.01523 -46.8697  1.01178
 1.01538 -46.8606  1.01178
 1.01553 -46.8516  1.01193
 1.01568 -46.8425  1.01208
 1.01583 -46.8335  1.01223
 1.01598 -46.8244  1.01238
 1.01613 -46.8154  1.01253
 1.01628 -46.8063  1.01268
 1.01643 -46.7973  1.01283
 1.01658 -46.7883  1.01298
 1.01673 -46.7792  1.01313
 1.01688 -46.7702  1.01328
 1.01703 -46.7612  1.01343
 1.01718 -46.7521  1.01358
 1.01733 -46.7431  1.01373
 1.01748 -46.7341  1.01388
 1.01763 -46.7251  1.01403
 1.01778  -46.716  1.01403
 1.01793  -46.707  1.01418
 1.01808  -46.698  1.01433
 1.01823  -46.689  1.01448
 1.01838   -46.68  1.01463
 1.01853  -46.671  1.01478
 1.01868  -46.662  1.01493
 1.01883  -46.653  1.01508
 1.01898  -46.644  1.01523
 1.01913  -46.635  1.01538
 1.01928  -46.626  1.01553
 1.01943  -46.617  1.01568
 1.01958  -46.608  1.01583
 1.01973 -46.5991  1.01598
 1.01988 -46.5901  1.01613
 1.02004 -46.5811  1.01628
 1.02019 -46.5721  1.01628
 1.02034 -46.5632  1.01643
 1.02049 -46.5542  1.01658
 1.02064 -46.5452  1.01673
 1.02079 -46.5363  1.01688
 1.02094 -46.5273  1.01703
 1.02109 -46.5183  1.01718
 1.02124 -46.5094  1.01733
 1.02139 -46.5004  1.01748
 1.02154 -46.4915  1.01763
 1.02169 -46.4825  1.01778
 1.02184 -46.4736  1.01793
 1.02199 -46.4646  1.01808
 1.02214 -46.4557  1.01823
 1.02229 -46.4468  1.01838
 1.02244 -46.4378  1.01853
 1.02259 -46.4289  1.01868
 1.02274   -46.42  1.01868
 1.02289  -46.411  1.01883
 1.02304 -46.4021  1.01898
 1.02319 -46.3932  1.01913
 1.02334 -46.3843  1.01928
 1.02349 -46.3754  1.01943
 1.02364 -46.3664  1.01958
 1.02379 -46.3575  1.01973
 1.02394 -46.3486  1.01988
 1.02409 -46.3397  1.02004
 1.02424 -46.3308  1.02019
 1.02439 -46.3219  1.02034
 1.02454  -46.313  1.02049
 1.02469 -46.3041  1.02064
 1.02484 -46.2952  1.02079
 1.02499 -46.2863  1.02094
 1.02514 -46.2775  1.02094
 1.02529 -46.2686  1.02109
 1.02544 -46.2597  1.02124
 1.02559 -46.2508  1.02139
 1.02574 -46.2419  1.02154
 1.02589 -46.2331  1.02169
 1.02604 -46.2242  1.02184
 1.02619 -46.2153  1.02199
 1.02634 -46.2065  1.02214
 1.02649 -46.1976  1.02229
 1.02664 -46.1887  1.02244
 1.02679 -46.1799  1.02259
 1.02694  -46.171  1.02274
 1.02709 -46.1622  1.02289
 1.02724 -46.1533  1.02304
 1.02739 -46.1445  1.02319
 1.02754 -46.1356  1.02319
 1.02769 -46.1268  1.02334
 1.02784 -46.1179  1.02349
 1.02799 -46.1091  1.02364
 1.02814 -46.1003  1.02379
 1.02829 -46.0914  1.02394
 1.02844 -46.0826  1.02409
 1.02859 -46.0738  1.02424
 1.02874 -46.0649  1.02439
 1.02889 -46.0561  1.02454
 1.02904 -46.0473  1.02469
 1.02919 -46.0385  1.02484
 1.02934 -46.0297  1.02499
 1.02949 -46.0209  1.02514
 1.02964  -46.012  1.02529
 1.02979 -46.0032  1.02544
 1.02994 -45.9944  1.02544
 1.03009 -45.9856  1.02559
 1.03024 -45.9768  1.02574
 1.03039  -45.968  1.02589
 1.03054 -45.9592  1.02604
 1.03069 -45.9505  1.02619
 1.03084 -45.9417  1.02634
 1.03099 -45.9329  1.02649
 1.03114 -45.9241  1.02664
 1.03129 -45.9153  1.02679
 1.03144 -45.9065  1.02694
 1.03159 -45.8978  1.02709
 1.03174  -45.889  1.02724
 1.03189 -45.8802  1.02739
 1.03204 -45.8714  1.02754
 1.03219 -45.8627  1.02769
 1.03234 -45.8539  1.02769
 1.03249 -45.8452  1.02784
 1.03264 -45.8364  1.02799
 1.03279 -45.8276  1.02814
 1.03294 -45.8189  1.02829
 1.03309 -45.8101  1.02844
 1.03324 -45.8014  1.02859
 1.03339 -45.7926  1.02874
 1.03354 -45.7839  1.02889
 1.03369 -45.7752  1.02904
 1.03384 -45.7664  1.02919
 1.03399 -45.7577  1.02934
 1.03414  -45.749  1.02949
 1.03429 -45.7402  1.02964
 1.03444 -45.7315  1.02979
 1.03459 -45.7228  1.02994
 1.03474 -45.7141  1.03009
 1.03489 -45.7053  1.03009
 1.03504 -45.6966  1.03024
 1.03519 -45.6879  1.03039
 1.03534 -45.6792  1.03054
 1.03549 -45.6705  1.03069
 1.03564 -45.6618  1.03084
 1.03579 -45.6531  1.03099
 1.03594 -45.6444  1.03114
 1.03609 -45.6357  1.03129
 1.03624  -45.627  1.03144
 1.03639 -45.6183  1.03159
 1.03654 -45.6096  1.03174
 1.03669 -45.6009  1.03189
 1.03684 -45.5922  1.03204
 1.03699 -45.5835  1.03219
 1.03714 -45.5749  1.03234
 1.03729 -45.5662  1.03234
 1.03744 -45.5575  1.03249
 1.03759 -45.5488  1.03264
 1.03774 -45.5401  1.03279
 1.03789 -45.5315  1.03294
 1.03804 -45.5228  1.03309
 1.03819 -45.5141  1.03324
 1.03834 -45.5055  1.03339
 1.03849 -45.4968  1.03354
 1.03864 -45.4882  1.03369
 1.03879 -45.4795  1.03384
 1.03894 -45.4709  1.03399
 1.03909 -45.4622  1.03414
 1.03924 -45.4536  1.03429
 1.03939 -45.4449  1.03444
 1.03954 -45.4363  1.03459
 1.03969 -45.4277  1.03459
 1.03984  -45.419  1.03474
 1.03999 -45.4104  1.03489
 1.04015 -45.4017  1.03504
  1.0403 -45.3931  1.03519
 1.04045 -45.3845  1.03534
  1.0406 -45.3759  1.03549
 1.04075 -45.3672  1.03564
  1.0409 -45.3586  1.03579
 1.04105   -45.35  1.03594
  1.0412 -45.3414  1.03609
 1.04135 -45.3328  1.03624
  1.0415 -45.3242  1.03639
 1.04165 -45.3156  1.03654
  1.0418  -45.307  1.03669
 1.04195 -45.2984  1.03684
  1.0421 -45.2898  1.03684
 1.04225 -45.2812  1.03699
  1.0424 -45.2726  1.03714
 1.04255  -45.264  1.03729
  1.0427 -45.2554  1.03744
 1.04285 -45.2468  1.03759
   1.043 -45.2382  1.03774
 1.04315 -45.2296  1.03789
  1.0433 -45.2211  1.03804
 1.04345 -45.2125  1.03819
  1.0436 -45.2039  1.03834
 1.04375 -45.1953  1.03849
  1.0439 -45.1868  1.03864
 1.04405 -45.1782  1.03879
  1.0442 -45.1696  1.03894
 1.04435 -45.1611  1.03909
  1.0445 -45.1525  1.03924
 1.04465  -45.144  1.03924
  1.0448 -45.1354  1.03939
 1.04495 -45.1269  1.03954
  1.0451 -45.1183  1.03969
 1.04525 -45.1098  1.03984
  1.0454 -45.1012  1.03999
 1.04555 -45.0927  1.04015
  1.0457 -45.0841   1.0403
 1.04585 -45.0756  1.04045
   1.046 -45.0671   1.0406
 1.04615 -45.0585  1.04075
  1.0463   -45.05   1.0409
 1.04645 -45.0415  1.04105
  1.0466  -45.033   1.0412
 1.04675 -45.0244  1.04135
  1.0469 -45.0159   1.0415
 1.04705 -45.0074   1.0415
  1.0472 -44.9989  1.04165
 1.04735 -44.9904   1.0418
  1.0475 -44.9819  1.04195
 1.04765 -44.9734   1.0421
  1.0478 -44.9649  1.04225
 1.04795 -44.9564   1.0424
  1.0481 -44.9479  1.04255
 1.04825 -44.9394   1.0427
  1.0484 -44.9309  1.04285
 1.04855 -44.9224    1.043
  1.0487 -44.9139  1.04315
 1.04885 -44.9054   1.0433
   1.049 -44.8969  1.04345
 1.04915 -44.8884   1.0436
  1.0493 -44.8799  1.04375
 1.04945 -44.8715  1.04375
  1.0496  -44.863   1.0439
 1.04975 -44.8545  1.04405
  1.0499  -44.846   1.0442
 1.05005 -44.8376  1.04435
  1.0502 -44.8291   1.0445
 1.05035 -44.8206  1.04465
  1.0505 -44.8122   1.0448
 1.05065 -44.8037  1.04495
  1.0508 -44.7953   1.0451
 1.05095 -44.7868  1.04525
  1.0511 -44.7784   1.0454
 1.05125 -44.7699  1.04555
  1.0514 -44.7615   1.0457
 1.05155  -44.753  1.04585
  1.0517 -44.7446    1.046
 1.05185 -44.7362  1.04615
   1.052 -44.7277  1.04615
 1.05215 -44.7193   1.0463
  1.0523 -44.7108  1.04645
 1.05245 -44.7024   1.0466
  1.0526  -44.694  1.04675
 1.05275 -44.6856   1.0469
  1.0529 -44.6771  1.04705
 1.05305 -44.6687   1.0472
  1.0532 -44.6603  1.04735
 1.05335 -44.6519   1.0475
  1.0535 -44.6435  1.04765
 1.05365 -44.6351   1.0478
  1.0538 -44.6267  1.04795
 1.05395 -44.6183   1.0481
  1.0541 -44.6099  1.04825
 1.05425 -44.6015   1.0484
  1.0544 -44.5931   1.0484
 1.05455 -44.5847  1.04855
  1.0547 -44.5763   1.0487
 1.05485 -44.5679  1.04885
   1.055 -44.5595    1.049
 1.05515 -44.5511  1.04915
  1.0553 -44.5427   1.0493
 1.05545 -44.5343  1.04945
  1.0556  -44.526   1.0496
 1.05575 -44.5176  1.04975
  1.0559 -44.5092   1.0499
 1.05605 -44.5008  1.05005
  1.0562 -44.4925   1.0502
 1.05635 -44.4841  1.05035
  1.0565 -44.4757   1.0505
 1.05665 -44.4674  1.05065
  1.0568  -44.459  1.05065
 1.05695 -44.4507   1.0508
  1.0571 -44.4423  1.05095
 1.05725  -44.434   1.0511
  1.0574 -44.4256  1.05125
 1.05755 -44.4173   1.0514
  1.0577 -44.4089  1.05155
 1.05785 -44.4006   1.0517
   1.058 -44.3922  1.05185
 1.05815 -44.3839    1.052
  1.0583 -44.3756  1.05215
 1.05845 -44.3672   1.0523
  1.0586 -44.3589  1.05245
 1.05875 -44.3506   1.0526
  1.0589 -44.3422  1.05275
 1.05905 -44.3339   1.0529
  1.0592 -44.3256   1.0529
 1.05935 -44.3173  1.05305
  1.0595  -44.309   1.0532
 1.05965 -44.3007  1.05335
  1.0598 -44.2923   1.0535
 1.05995  -44.284  1.05365
 1.06011 -44.2757   1.0538
 1.06026 -44.2674  1.05395
 1.06041 -44.2591   1.0541
 1.06056 -44.2508  1.05425
 1.06071 -44.2425   1.0544
 1.06086 -44.2342  1.05455
 1.06101 -44.2259   1.0547
 1.06116 -44.2176  1.05485
 1.06131 -44.2094    1.055
 1.06146 -44.2011  1.05515
 1.06161 -44.1928  1.05515
 1.06176 -44.1845   1.0553
 1.06191 -44.1762  1.05545
 1.06206  -44.168   1.0556
 1.06221 -44.1597  1.05575
 1.06236 -44.1514   1.0559
 1.06251 -44.1431  1.05605
 1.06266 -44.1349   1.0562
 1.06281 -44.1266  1.05635
 1.06296 -44.1183   1.0565
 1.06311 -44.1101  1.05665
 1.06326 -44.1018   1.0568
 1.06341 -44.0936  1.05695
 1.06356 -44.0853   1.0571
 1.06371 -44.0771  1.05725
 1.06386 -44.0688   1.0574
 1.06401 -44.0606  1.05755
 1.06416 -44.0523  1.05755
 1.06431 -44.0441   1.0577
 1.06446 -44.0359  1.05785
 1.06461 -44.0276    1.058
 1.06476 -44.0194  1.05815
 1.06491 -44.0112   1.0583
 1.06506 -44.0029  1.05845
 1.06521 -43.9947   1.0586
 1.06536 -43.9865  1.05875
 1.06551 -43.9783   1.0589
 1.06566   -43.97  1.05905
 1.06581 -43.9618   1.0592
 1.06596 -43.9536  1.05935
 1.06611 -43.9454   1.0595
 1.06626 -43.9372  1.05965
 1.06641  -43.929   1.0598
 1.06656 -43.9208   1.0598
 1.06671 -43.9126  1.05995
 1.06686 -43.9044  1.06011
 1.06701 -43.8962  1.06026
 1.06716  -43.888  1.06041
 1.06731 -43.8798  1.06056
 1.06746 -43.8716  1.06071
 1.06761 -43.8634  1.06086
 1.06776 -43.8552  1.06101
 1.06791  -43.847  1.06116
 1.06806 -43.8388  1.06131
 1.06821 -43.8307  1.06146
 1.06836 -43.8225  1.06161
 1.06851 -43.8143  1.06176
 1.06866 -43.8061  1.06191
 1.06881  -43.798  1.06206
 1.06896 -43.7898  1.06206
 1.06911 -43.7816  1.06221
 1.06926 -43.7735  1.06236
 1.06941 -43.7653  1.06251
 1.06956 -43.7571  1.06266
 1.06971  -43.749  1.06281
 1.06986 -43.7408  1.06296
 1.07001 -43.7327  1.06311
 1.07016 -43.7245  1.06326
 1.07031 -43.7164  1.06341
 1.07046 -43.7082  1.06356
 1.07061 -43.7001  1.06371
 1.07076  -43.692  1.06386
 1.07091 -43.6838  1.06401
 1.07106 -43.6757  1.06416
 1.07121 -43.6676  1.06431
 1.07136 -43.6594  1.06431
 1.07151 -43.6513  1.06446
 1.07166 -43.6432  1.06461
 1.07181  -43.635  1.06476
 1.07196 -43.6269  1.06491
 1.07211 -43.6188  1.06506
 1.07226 -43.6107  1.06521
 1.07241 -43.6026  1.06536
 1.07256 -43.5945  1.06551
 1.07271 -43.5863  1.06566
 1.07286 -43.5782  1.06581
 1.07301 -43.5701  1.06596
 1.07316  -43.562  1.06611
 1.07331 -43.5539  1.06626
 1.07346 -43.5458  1.06641
 1.07361 -43.5377  1.06656
 1.07376 -43.5296  1.06671
 1.07391 -43.5215  1.06671
 1.07406 -43.5135  1.06686
 1.07421 -43.5054  1.06701
 1.07436 -43.4973  1.06716
 1.07451 -43.4892  1.06731
 1.07466 -43.4811  1.06746
 1.07481  -43.473  1.06761
 1.07496  -43.465  1.06776
 1.07511 -43.4569  1.06791
 1.07526 -43.4488  1.06806
 1.07541 -43.4407  1.06821
 1.07556 -43.4327  1.06836
 1.07571 -43.4246  1.06851
 1.07586 -43.4166  1.06866
 1.07601 -43.4085  1.06881
 1.07616 -43.4004  1.06896
 1.07631 -43.3924  1.06896
 1.07646 -43.3843  1.06911
 1.07661 -43.3763  1.06926
 1.07676 -43.3682  1.06941
 1.07691 -43.3602  1.06956
 1.07706 -43.3521  1.06971
 1.07721 -43.3441  1.06986
 1.07736 -43.3361  1.07001
 1.07751  -43.328  1.07016
 1.07766   -43.32  1.07031
 1.07781 -43.3119  1.07046
 1.07796 -43.3039  1.07061
 1.07811 -43.2959  1.07076
 1.07826 -43.2879  1.07091
 1.07841 -43.2798  1.07106
 1.07856 -43.2718  1.07106
 1.07871 -43.2638  1.07121
 1.07886 -43.2558  1.07136
 1.07901 -43.2478  1.07151
 1.07916 -43.2398  1.07166
 1.07931 -43.2317  1.07181
 1.07946 -43.2237  1.07196
 1.07961 -43.2157  1.07211
 1.07976 -43.2077  1.07226
 1.07991 -43.1997  1.07241
 1.08007 -43.1917  1.07256
 1.08022 -43.1837  1.07271
 1.08037 -43.1757  1.07286
 1.08052 -43.1677  1.07301
 1.08067 -43.1598  1.07316
 1.08082 -43.1518  1.07331
 1.08097 -43.1438  1.07331
 1.08112 -43.1358  1.07346
 1.08127 -43.1278  1.07361
 1.08142 -43.1198  1.07376
 1.08157 -43.1119  1.07391
 1.08172 -43.1039  1.07406
 1.08187 -43.0959  1.07421
 1.08202  -43.088  1.07436
 1.08217   -43.08  1.07451
 1.08232  -43.072  1.07466
 1.08247 -43.0641  1.07481
 1.08262 -43.0561  1.07496
 1.08277 -43.0481  1.07511
 1.08292 -43.0402  1.07526
 1.08307 -43.0322  1.07541
 1.08322 -43.0243  1.07541
 1.08337 -43.0163  1.07556
 1.08352 -43.0084  1.07571
 1.08367 -43.0004  1.07586
 1.08382 -42.9925  1.07601
 1.08397 -42.9846  1.07616
 1.08412 -42.9766  1.07631
 1.08427 -42.9687  1.07646
 1.08442 -42.9608  1.07661
 1.08457 -42.9528  1.07676
 1.08472 -42.9449  1.07691
 1.08487  -42.937  1.07706
 1.08502 -42.9291  1.07721
 1.08517 -42.9211  1.07736
 1.08532 -42.9132  1.07751
 1.08547 -42.9053  1.07766
 1.08562 -42.8974  1.07766
 1.08577 -42.8895  1.07781
 1.08592 -42.8816  1.07796
 1.08607 -42.8737  1.07811
 1.08622 -42.8657  1.07826
 1.08637 -42.8578  1.07841
 1.08652 -42.8499  1.07856
 1.08667  -42.842  1.07871
 1.08682 -42.8341  1.07886
 1.08697 -42.8263  1.07901
 1.08712 -42.8184  1.07916
 1.08727 -42.8105  1.07931
 1.08742 -42.8026  1.07946
 1.08757 -42.7947  1.07961
 1.08772 -42.7868  1.07976
 1.08787 -42.7789  1.07976
 1.08802 -42.7711  1.07991
 1.08817 -42.7632  1.08007
 1.08832 -42.7553  1.08022
 1.08847 -42.7474  1.08037
 1.08862 -42.7396  1.08052
 1.08877 -42.7317  1.08067
 1.08892 -42.7238  1.08082
 1.08907  -42.716  1.08097
 1.08922 -42.7081  1.08112
 1.08937 -42.7002  1.08127
 1.08952 -42.6924  1.08142
 1.08967 -42.6845  1.08157
 1.08982 -42.6767  1.08172
 1.08997 -42.6688  1.08187
 1.09012  -42.661  1.08202
 1.09027 -42.6531  1.08202
 1.09042 -42.6453  1.08217
 1.09057 -42.6375  1.08232
 1.09072 -42.6296  1.08247
 1.09087 -42.6218  1.08262
 1.09102  -42.614  1.08277
 1.09117 -42.6061  1.08292
 1.09132 -42.5983  1.08307
 1.09147 -42.5905  1.08322
 1.09162 -42.5826  1.08337
 1.09177 -42.5748  1.08352
 1.09192  -42.567  1.08367
 1.09207 -42.5592  1.08382
 1.09222 -42.5514  1.08397
 1.09237 -42.5435  1.08412
 1.09252 -42.5357  1.08412
 1.09267 -42.5279  1.08427
 1.09282 -42.5201  1.08442
 1.09297 -42.5123  1.08457
 1.09312 -42.5045  1.08472
 1.09327 -42.4967  1.08487
 1.09342 -42.4889  1.08502
 1.09357 -42.4811  1.08517
 1.09372 -42.4733  1.08532
 1.09387 -42.4655  1.08547
 1.09402 -42.4577  1.08562
 1.09417   -42.45  1.08577
 1.09432 -42.4422  1.08592
 1.09447 -42.4344  1.08607
 1.09462 -42.4266  1.08622
 1.09477 -42.4188  1.08637
 1.09492 -42.4111  1.08637
 1.09507 -42.4033  1.08652
 1.09522 -42.3955  1.08667
 1.09537 -42.3877  1.08682
 1.09552   -42.38  1.08697
 1.09567 -42.3722  1.08712
 1.09582 -42.3644  1.08727
 1.09597 -42.3567  1.08742
 1.09612 -42.3489  1.08757
 1.09627 -42.3412  1.08772
 1.09642 -42.3334  1.08787
 1.09657 -42.3257  1.08802
 1.09672 -42.3179  1.08817
 1.09687 -42.3102  1.08832
 1.09702 -42.3024  1.08847
 1.09717 -42.2947  1.08847
 1.09732 -42.2869  1.08862
 1.09747 -42.2792  1.08877
 1.09762 -42.2715  1.08892
 1.09777 -42.2637  1.08907
 1.09792  -42.256  1.08922
 1.09807 -42.2483  1.08937
 1.09822 -42.2405  1.08952
 1.09837 -42.2328  1.08967
 1.09852 -42.2251  1.08982
 1.09867 -42.2174  1.08997
 1.09882 -42.2096  1.09012
 1.09897 -42.2019  1.09027
 1.09912 -42.1942  1.09042
 1.09927 -42.1865  1.09057
 1.09942 -42.1788  1.09057
 1.09957 -42.1711  1.09072
 1.09972 -42.1634  1.09087
 1.09987 -42.1557  1.09102
 1.10003  -42.148  1.09117
 1.10018 -42.1403  1.09132
 1.10033 -42.1326  1.09147
 1.10048 -42.1249  1.09162
 1.10063 -42.1172  1.09177
 1.10078 -42.1095  1.09192
 1.10093 -42.1018  1.09207
 1.10108 -42.0941  1.09222
 1.10123 -42.0864  1.09237
 1.10138 -42.0787  1.09252
 1.10153 -42.0711  1.09267
 1.10168 -42.0634  1.09267
 1.10183 -42.0557  1.09282
 1.10198  -42.048  1.09297
 1.10213 -42.0404  1.09312
 1.10228 -42.0327  1.09327
 1.10243  -42.025  1.09342
 1.10258 -42.0174  1.09357
 1.10273 -42.0097  1.09372
 1.10288  -42.002  1.09387
 1.10303 -41.9944  1.09402
 1.10318 -41.9867  1.09417
 1.10333 -41.9791  1.09432
 1.10348 -41.9714  1.09447
 1.10363 -41.9638  1.09462
 1.10378 -41.9561  1.09477
 1.10393 -41.9485  1.09477
 1.10408 -41.9408  1.09492
 1.10423 -41.9332  1.09507
 1.10438 -41.9256  1.09522
 1.10453 -41.9179  1.09537
 1.10468 -41.9103  1.09552
 1.10483 -41.9027  1.09567
 1.10498  -41.895  1.09582
 1.10513 -41.8874  1.09597
 1.10528 -41.8798  1.09612
 1.10543 -41.8722  1.09627
 1.10558 -41.8645  1.09642
 1.10573 -41.8569  1.09657
 1.10588 -41.8493  1.09672
 1.10603 -41.8417  1.09672
 1.10618 -41.8341  1.09687
 1.10633 -41.8265  1.09702
 1.10648 -41.8189  1.09717
 1.10663 -41.8113  1.09732
 1.10678 -41.8037  1.09747
 1.10693 -41.7961  1.09762
 1.10708 -41.7885  1.09777
 1.10723 -41.7809  1.09792
 1.10738 -41.7733  1.09807
 1.10753 -41.7657  1.09822
 1.10768 -41.7581  1.09837
 1.10783 -41.7505  1.09852
 1.10798 -41.7429  1.09867
 1.10813 -41.7353  1.09867
 1.10828 -41.7278  1.09882
 1.10843 -41.7202  1.09897
 1.10858 -41.7126  1.09912
 1.10873  -41.705  1.09927
 1.10888 -41.6975  1.09942
 1.10903 -41.6899  1.09957
 1.10918 -41.6823  1.09972
 1.10933 -41.6748  1.09987
 1.10948 -41.6672  1.10003
 1.10963 -41.6596  1.10018
 1.10978 -41.6521  1.10033
 1.10993 -41.6445  1.10048
 1.11008  -41.637  1.10048
 1.11023 -41.6294  1.10063
 1.11038 -41.6219  1.10078
 1.11053 -41.6143  1.10093
 1.11068 -41.6068  1.10108
 1.11083 -41.5992  1.10123
 1.11098 -41.5917  1.10138
 1.11113 -41.5842  1.10153
 1.11128 -41.5766  1.10168
 1.11143 -41.5691  1.10183
 1.11158 -41.5616  1.10198
 1.11173  -41.554  1.10213
 1.11188 -41.5465  1.10213
 1.11203  -41.539  1.10228
 1.11218 -41.5315  1.10243
 1.11233 -41.5239  1.10258
 1.11248 -41.5164  1.10273
 1.11263 -41.5089  1.10288
 1.11278 -41.5014  1.10303
 1.11293 -41.4939  1.10318
 1.11308 -41.4864  1.10333
 1.11323 -41.4789  1.10348
 1.11338 -41.4714  1.10363
 1.11353 -41.4639  1.10378
 1.11368 -41.4564  1.10378
 1.11383 -41.4489  1.10393
 1.11398 -41.4414  1.10408
 1.11413 -41.4339  1.10423
 1.11428 -41.4264  1.10438
 1.11443 -41.4189  1.10453
 1.11458 -41.4114  1.10468
 1.11473  -41.404  1.10483
 1.11488 -41.3965  1.10498
 1.11503  -41.389  1.10513
 1.11518 -41.3815  1.10528
 1.11533 -41.3741  1.10543
 1.11548 -41.3666  1.10543
 1.11563 -41.3591  1.10558
 1.11578 -41.3517  1.10573
 1.11593 -41.3442  1.10588
 1.11608 -41.3367  1.10603
 1.11623 -41.3293  1.10618
 1.11638 -41.3218  1.10633
 1.11653 -41.3144  1.10648
 1.11668 -41.3069  1.10663
 1.11683 -41.2995  1.10678
 1.11698  -41.292  1.10693
 1.11713 -41.2846  1.10708
 1.11728 -41.2771  1.10708
 1.11743 -41.2697  1.10723
 1.11758 -41.2622  1.10738
 1.11773 -41.2548  1.10753
 1.11788 -41.2474  1.10768
 1.11803 -41.2399  1.10783
 1.11818 -41.2325  1.10798
 1.11833 -41.2251  1.10813
 1.11848 -41.2177  1.10828
 1.11863 -41.2102  1.10843
 1.11878 -41.2028  1.10858
 1.11893 -41.1954  1.10873
 1.11908  -41.188  1.10873
 1.11923 -41.1806  1.10888
 1.11938 -41.1732  1.10903
 1.11953 -41.1658  1.10918
 1.11968 -41.1584  1.10933
 1.11983  -41.151  1.10948
 1.11998 -41.1436  1.10963
 1.12014 -41.1362  1.10978
 1.12029 -41.1288  1.10993
 1.12044 -41.1214  1.11008
 1.12059  -41.114  1.11023
 1.12074 -41.1066  1.11038
 1.12089 -41.0992  1.11038
 1.12104 -41.0918  1.11053
 1.12119 -41.0844  1.11068
 1.12134  -41.077  1.11083
 1.12149 -41.0697  1.11098
 1.12164 -41.0623  1.11113
 1.12179 -41.0549  1.11128
 1.12194 -41.0475  1.11143
 1.12209 -41.0402  1.11158
 1.12224 -41.0328  1.11173
 1.12239 -41.0254  1.11188
 1.12254 -41.0181  1.11203
 1.12269 -41.0107  1.11203
 1.12284 -41.0034  1.11218
 1.12299  -40.996  1.11233
 1.12314 -40.9887  1.11248
 1.12329 -40.9813  1.11263
 1.12344  -40.974  1.11278
 1.12359 -40.9666  1.11293
 1.12374 -40.9593  1.11308
 1.12389 -40.9519  1.11323
 1.12404 -40.9446  1.11338
 1.12419 -40.9372  1.11353
 1.12434 -40.9299  1.11368
 1.12449 -40.9226  1.11368
 1.12464 -40.9152  1.11383
 1.12479 -40.9079  1.11398
 1.12494 -40.9006  1.11413
 1.12509 -40.8933  1.11428
 1.12524 -40.8859  1.11443
 1.12539 -40.8786  1.11458
 1.12554 -40.8713  1.11473
 1.12569  -40.864  1.11488
 1.12584 -40.8567  1.11503
 1.12599 -40.8494  1.11518
 1.12614 -40.8421  1.11518
 1.12629 -40.8348  1.11533
 1.12644 -40.8275  1.11548
 1.12659 -40.8202  1.11563
 1.12674 -40.8129  1.11578
 1.12689 -40.8056  1.11593
 1.12704 -40.7983  1.11608
 1.12719  -40.791  1.11623
 1.12734 -40.7837  1.11638
 1.12749 -40.7764  1.11653
 1.12764 -40.7691  1.11668
 1.12779 -40.7618  1.11668
 1.12794 -40.7546  1.11683
 1.12809 -40.7473  1.11698
 1.12824   -40.74  1.11713
 1.12839 -40.7327  1.11728
 1.12854 -40.7255  1.11743
 1.12869 -40.7182  1.11758
 1.12884 -40.7109  1.11773
 1.12899 -40.7037  1.11788
 1.12914 -40.6964  1.11803
 1.12929 -40.6891  1.11818
 1.12944 -40.6819  1.11818
 1.12959 -40.6746  1.11833
 1.12974 -40.6674  1.11848
 1.12989 -40.6601  1.11863
 1.13004 -40.6529  1.11878
 1.13019 -40.6456  1.11893
 1.13034 -40.6384  1.11908
 1.13049 -40.6311  1.11923
 1.13064 -40.6239  1.11938
 1.13079 -40.6167  1.11953
 1.13094 -40.6094  1.11968
 1.13109 -40.6022  1.11968
 1.13124  -40.595  1.11983
 1.13139 -40.5877  1.11998
 1.13154 -40.5805  1.12014
 1.13169 -40.5733  1.12029
 1.13184 -40.5661  1.12044
 1.13199 -40.5588  1.12059
 1.13214 -40.5516  1.12074
 1.13229 -40.5444  1.12089
 1.13244 -40.5372  1.12104
 1.13259   -40.53  1.12119
 1.13274 -40.5228  1.12119
 1.13289 -40.5156  1.12134
 1.13304 -40.5084  1.12149
 1.13319 -40.5012  1.12164
 1.13334  -40.494  1.12179
 1.13349 -40.4868  1.12194
 1.13364 -40.4796  1.12209
 1.13379 -40.4724  1.12224
 1.13394 -40.4652  1.12239
 1.13409  -40.458  1.12254
 1.13424 -40.4508  1.12254
 1.13439 -40.4437  1.12269
 1.13454 -40.4365  1.12284
 1.13469 -40.4293  1.12299
 1.13484 -40.4221  1.12314
 1.13499  -40.415  1.12329
 1.13514 -40.4078  1.12344
 1.13529 -40.4006  1.12359
 1.13544 -40.3935  1.12374
 1.13559 -40.3863  1.12374
 1.13574 -40.3792  1.12389
 1.13589  -40.372  1.12404
 1.13604 -40.3648  1.12419
 1.13619 -40.3577  1.12434
 1.13634 -40.3505  1.12449
 1.13649 -40.3434  1.12464
 1.13664 -40.3363  1.12479
 1.13679 -40.3291  1.12494
 1.13694  -40.322  1.12509
 1.13709 -40.3148  1.12509
 1.13724 -40.3077  1.12524
 1.13739 -40.3006  1.12539
 1.13754 -40.2934  1.12554
 1.13769 -40.2863  1.12569
 1.13784 -40.2792  1.12584
 1.13799 -40.2721  1.12599
 1.13814 -40.2649  1.12614
 1.13829 -40.2578  1.12629
 1.13844 -40.2507  1.12629
 1.13859 -40.2436  1.12644
 1.13874 -40.2365  1.12659
 1.13889 -40.2294  1.12674
 1.13904 -40.2223  1.12689
 1.13919 -40.2152  1.12704
 1.13934 -40.2081  1.12719
 1.13949  -40.201  1.12734
 1.13964 -40.1939  1.12734
 1.13979 -40.1868  1.12749
 1.13994 -40.1797  1.12764
  1.1401 -40.1726  1.12779
 1.14025 -40.1655  1.12794
  1.1404 -40.1585  1.12794
 1.14055 -40.1514  1.12809
  1.1407 -40.1443  1.12824
 1.14085 -40.1373  1.12839
   1.141 -40.1302  1.12854
 1.14115 -40.1231  1.12854
  1.1413 -40.1161  1.12869
 1.14145  -40.109  1.12884
  1.1416  -40.102  1.12899
 1.14175 -40.0949  1.12914
  1.1419 -40.0879  1.12914
 1.14205 -40.0809  1.12929
  1.1422 -40.0738  1.12944
 1.14235 -40.0668  1.12959
  1.1425 -40.0598  1.12974
 1.14265 -40.0527  1.12974
  1.1428 -40.0457  1.12989
 1.14295 -40.0387  1.13004
  1.1431 -40.0317  1.13019
 1.14325 -40.0247  1.13034
  1.1434 -40.0177  1.13034
 1.14355 -40.0106  1.13049
  1.1437 -40.0036  1.13064
 1.14385 -39.9966  1.13079
   1.144 -39.9897  1.13094
 1.14415 -39.9827  1.13094
  1.1443 -39.9757  1.13109
 1.14445 -39.9687  1.13124
  1.1446 -39.9617  1.13139
 1.14475 -39.9547  1.13154
  1.1449 -39.9477  1.13169
 1.14505 -39.9408  1.13169
  1.1452 -39.9338  1.13184
 1.14535 -39.9268  1.13199
  1.1455 -39.9199  1.13214
 1.14565 -39.9129  1.13229
  1.1458  -39.906  1.13229
 1.14595  -39.899  1.13244
  1.1461 -39.8921  1.13259
 1.14625 -39.8851  1.13274
  1.1464 -39.8782  1.13289
 1.14655 -39.8712  1.13289
  1.1467 -39.8643  1.13304
 1.14685 -39.8574  1.13319
   1.147 -39.8504  1.13334
 1.14715 -39.8435  1.13349
  1.1473 -39.8366  1.13349
 1.14745 -39.8297  1.13364
  1.1476 -39.8228  1.13379
 1.14775 -39.8158  1.13394
  1.1479 -39.8089  1.13409
 1.14805  -39.802  1.13409
  1.1482 -39.7951  1.13424
 1.14835 -39.7882  1.13439
  1.1485 -39.7813  1.13454
 1.14865 -39.7744  1.13469
  1.1488 -39.7675  1.13469
 1.14895 -39.7607  1.13484
  1.1491 -39.7538  1.13499
 1.14925 -39.7469  1.13514
  1.1494   -39.74  1.13529
 1.14955 -39.7331  1.13544
  1.1497 -39.7263  1.13544
 1.14985 -39.7194  1.13559
    1.15 -39.7125  1.13574