 kgrid  ValNew  Policy 
    0.85 -70.9454 0.895173
 0.85015  -70.933 0.895323
  0.8503 -70.9206 0.895323
 0.85045 -70.9082 0.895473
  0.8506 -70.8958 0.895623
 0.85075 -70.8834 0.895773
  0.8509  -70.871 0.895923
0.851051 -70.8586 0.896073
0.851201 -70.8463 0.896223
0.851351 -70.8339 0.896373
0.851501 -70.8215 0.896523
0.851651 -70.8091 0.896673
0.851801 -70.7968 0.896823
0.851951 -70.7844 0.896973
0.852101 -70.7721 0.896973
0.852251 -70.7597 0.897124
0.852401 -70.7474 0.897274
0.852551 -70.7351 0.897424
0.852701 -70.7227 0.897574
0.852851 -70.7104 0.897724
0.853002 -70.6981 0.897874
0.853152 -70.6858 0.898024
0.853302 -70.6735 0.898174
0.853452 -70.6611 0.898324
0.853602 -70.6488 0.898474
0.853752 -70.6366 0.898624
0.853902 -70.6243 0.898624
0.854052  -70.612 0.898774
0.854202 -70.5997 0.898924
0.854352 -70.5874 0.899075
0.854502 -70.5751 0.899225
0.854652 -70.5629 0.899375
0.854802 -70.5506 0.899525
0.854952 -70.5384 0.899675
0.855103 -70.5261 0.899825
0.855253 -70.5138 0.899975
0.855403 -70.5016 0.900125
0.855553 -70.4894 0.900275
0.855703 -70.4771 0.900425
0.855853 -70.4649 0.900575
0.856003 -70.4527 0.900725
0.856153 -70.4405 0.900725
0.856303 -70.4282 0.900875
0.856453  -70.416 0.901026
0.856603 -70.4038 0.901176
0.856753 -70.3916 0.901326
0.856903 -70.3794 0.901476
0.857054 -70.3672 0.901626
0.857204  -70.355 0.901776
0.857354 -70.3428 0.901926
0.857504 -70.3307 0.902076
0.857654 -70.3185 0.902226
0.857804 -70.3063 0.902376
0.857954 -70.2941 0.902526
0.858104  -70.282 0.902676
0.858254 -70.2698 0.902826
0.858404 -70.2577 0.902976
0.858554 -70.2455 0.903127
0.858704 -70.2334 0.903127
0.858854 -70.2212 0.903277
0.859005 -70.2091 0.903427
0.859155  -70.197 0.903577
0.859305 -70.1848 0.903727
0.859455 -70.1727 0.903877
0.859605 -70.1606 0.904027
0.859755 -70.1485 0.904177
0.859905 -70.1364 0.904327
0.860055 -70.1243 0.904477
0.860205 -70.1122 0.904627
0.860355 -70.1001 0.904777
0.860505  -70.088 0.904927
0.860655 -70.0759 0.905078
0.860805 -70.0638 0.905228
0.860955 -70.0517 0.905378
0.861106 -70.0396 0.905378
0.861256 -70.0276 0.905528
0.861406 -70.0155 0.905678
0.861556 -70.0034 0.905828
0.861706 -69.9914 0.905978
0.861856 -69.9793 0.906128
0.862006 -69.9673 0.906278
0.862156 -69.9552 0.906428
0.862306 -69.9432 0.906578
0.862456 -69.9312 0.906728
0.862606 -69.9191 0.906878
0.862756 -69.9071 0.907029
0.862906 -69.8951 0.907179
0.863057 -69.8831 0.907329
0.863207 -69.8711 0.907479
0.863357  -69.859 0.907629
0.863507  -69.847 0.907779
0.863657  -69.835 0.907779
0.863807  -69.823 0.907929
0.863957  -69.811 0.908079
0.864107 -69.7991 0.908229
0.864257 -69.7871 0.908379
0.864407 -69.7751 0.908529
0.864557 -69.7631 0.908679
0.864707 -69.7511 0.908829
0.864857 -69.7392 0.908979
0.865008 -69.7272  0.90913
0.865158 -69.7153  0.90928
0.865308 -69.7033  0.90943
0.865458 -69.6914  0.90958
0.865608 -69.6794  0.90973
0.865758 -69.6675  0.90988
0.865908 -69.6555  0.91003
0.866058 -69.6436  0.91003
0.866208 -69.6317  0.91018
0.866358 -69.6198  0.91033
0.866508 -69.6078  0.91048
0.866658 -69.5959  0.91063
0.866808  -69.584  0.91078
0.866958 -69.5721  0.91093
0.867109 -69.5602 0.911081
0.867259 -69.5483 0.911231
0.867409 -69.5364 0.911381
0.867559 -69.5245 0.911531
0.867709 -69.5126 0.911681
0.867859 -69.5007 0.911831
0.868009 -69.4889 0.911981
0.868159  -69.477 0.912131
0.868309 -69.4651 0.912281
0.868459 -69.4533 0.912431
0.868609 -69.4414 0.912581
0.868759 -69.4295 0.912731
0.868909 -69.4177 0.912731
 0.86906 -69.4058 0.912881
 0.86921  -69.394 0.913032
 0.86936 -69.3821 0.913182
 0.86951 -69.3703 0.913332
 0.86966 -69.3585 0.913482
 0.86981 -69.3466 0.913632
 0.86996 -69.3348 0.913782
 0.87011  -69.323 0.913932
 0.87026 -69.3112 0.914082
 0.87041 -69.2994 0.914232
 0.87056 -69.2876 0.914382
 0.87071 -69.2758 0.914532
 0.87086  -69.264 0.914682
0.871011 -69.2522 0.914832
0.871161 -69.2404 0.914982
0.871311 -69.2286 0.915133
0.871461 -69.2168 0.915283
0.871611  -69.205 0.915433
0.871761 -69.1932 0.915433
0.871911 -69.1815 0.915583
0.872061 -69.1697 0.915733
0.872211 -69.1579 0.915883
0.872361 -69.1462 0.916033
0.872511 -69.1344 0.916183
0.872661 -69.1227 0.916333
0.872811 -69.1109 0.916483
0.872961 -69.0992 0.916633
0.873112 -69.0874 0.916783
0.873262 -69.0757 0.916933
0.873412  -69.064 0.917084
0.873562 -69.0522 0.917234
0.873712 -69.0405 0.917384
0.873862 -69.0288 0.917534
0.874012 -69.0171 0.917684
0.874162 -69.0054 0.917834
0.874312 -68.9937 0.917984
0.874462  -68.982 0.918134
0.874612 -68.9703 0.918134
0.874762 -68.9586 0.918284
0.874912 -68.9469 0.918434
0.875063 -68.9352 0.918584
0.875213 -68.9235 0.918734
0.875363 -68.9118 0.918884
0.875513 -68.9001 0.919035
0.875663 -68.8885 0.919185
0.875813 -68.8768 0.919335
0.875963 -68.8651 0.919485
0.876113 -68.8535 0.919635
0.876263 -68.8418 0.919785
0.876413 -68.8302 0.919935
0.876563 -68.8185 0.920085
0.876713 -68.8069 0.920235
0.876863 -68.7952 0.920385
0.877014 -68.7836 0.920535
0.877164  -68.772 0.920685
0.877314 -68.7603 0.920835
0.877464 -68.7487 0.920985
0.877614 -68.7371 0.920985
0.877764 -68.7255 0.921136
0.877914 -68.7139 0.921286
0.878064 -68.7022 0.921436
0.878214 -68.6906 0.921586
0.878364  -68.679 0.921736
0.878514 -68.6674 0.921886
0.878664 -68.6559 0.922036
0.878814 -68.6443 0.922186
0.878964 -68.6327 0.922336
0.879115 -68.6211 0.922486
0.879265 -68.6095 0.922636
0.879415 -68.5979 0.922786
0.879565 -68.5864 0.922936
0.879715 -68.5748 0.923087
0.879865 -68.5632 0.923237
0.880015 -68.5517 0.923387
0.880165 -68.5401 0.923537
0.880315 -68.5286 0.923687
0.880465  -68.517 0.923837
0.880615 -68.5055 0.923987
0.880765  -68.494 0.923987
0.880915 -68.4824 0.924137
0.881066 -68.4709 0.924287
0.881216 -68.4594 0.924437
0.881366 -68.4478 0.924587
0.881516 -68.4363 0.924737
0.881666 -68.4248 0.924887
0.881816 -68.4133 0.925038
0.881966 -68.4018 0.925188
0.882116 -68.3903 0.925338
0.882266 -68.3788 0.925488
0.882416 -68.3673 0.925638
0.882566 -68.3558 0.925788
0.882716 -68.3443 0.925938
0.882866 -68.3328 0.926088
0.883017 -68.3213 0.926238
0.883167 -68.3098 0.926388
0.883317 -68.2984 0.926538
0.883467 -68.2869 0.926688
0.883617 -68.2754 0.926838
0.883767  -68.264 0.926988
0.883917 -68.2525 0.926988
0.884067 -68.2411 0.927139
0.884217 -68.2296 0.927289
0.884367 -68.2182 0.927439
0.884517 -68.2067 0.927589
0.884667 -68.1953 0.927739
0.884817 -68.1838 0.927889
0.884967 -68.1724 0.928039
0.885118  -68.161 0.928189
0.885268 -68.1496 0.928339
0.885418 -68.1381 0.928489
0.885568 -68.1267 0.928639
0.885718 -68.1153 0.928789
0.885868 -68.1039 0.928939
0.886018 -68.0925  0.92909
0.886168 -68.0811  0.92924
0.886318 -68.0697  0.92939
0.886468 -68.0583  0.92954
0.886618 -68.0469  0.92969
0.886768 -68.0355  0.92984
0.886918 -68.0241  0.92999
0.887069 -68.0127  0.92999
0.887219 -68.0014  0.93014
0.887369   -67.99  0.93029
0.887519 -67.9786  0.93044
0.887669 -67.9673  0.93059
0.887819 -67.9559  0.93074
0.887969 -67.9445  0.93089
0.888119 -67.9332 0.931041
0.888269 -67.9218 0.931191
0.888419 -67.9105 0.931341
0.888569 -67.8991 0.931491
0.888719 -67.8878 0.931641
0.888869 -67.8765 0.931791
 0.88902 -67.8651 0.931941
 0.88917 -67.8538 0.932091
 0.88932 -67.8425 0.932241
 0.88947 -67.8312 0.932391
 0.88962 -67.8199 0.932541
 0.88977 -67.8085 0.932691
 0.88992 -67.7972 0.932841
 0.89007 -67.7859 0.932991
 0.89022 -67.7746 0.933142
 0.89037 -67.7633 0.933142
 0.89052  -67.752 0.933292
 0.89067 -67.7407 0.933442
 0.89082 -67.7294 0.933592
 0.89097 -67.7182 0.933742
0.891121 -67.7069 0.933892
0.891271 -67.6956 0.934042
0.891421 -67.6843 0.934192
0.891571 -67.6731 0.934342
0.891721 -67.6618 0.934492
0.891871 -67.6505 0.934642
0.892021 -67.6393 0.934792
0.892171  -67.628 0.934942
0.892321 -67.6168 0.935093
0.892471 -67.6055 0.935243
0.892621 -67.5943 0.935393
0.892771  -67.583 0.935543
0.892921 -67.5718 0.935693
0.893072 -67.5606 0.935843
0.893222 -67.5493 0.935993
0.893372 -67.5381 0.936143
0.893522 -67.5269 0.936293
0.893672 -67.5157 0.936443
0.893822 -67.5044 0.936593
0.893972 -67.4932 0.936593
0.894122  -67.482 0.936743
0.894272 -67.4708 0.936893
0.894422 -67.4596 0.937044
0.894572 -67.4484 0.937194
0.894722 -67.4372 0.937344
0.894872  -67.426 0.937494
0.895023 -67.4148 0.937644
0.895173 -67.4036 0.937794
0.895323 -67.3925 0.937944
0.895473 -67.3813 0.938094
0.895623 -67.3701 0.938244
0.895773 -67.3589 0.938394
0.895923 -67.3478 0.938544
0.896073 -67.3366 0.938694
0.896223 -67.3255 0.938844
0.896373 -67.3143 0.938994
0.896523 -67.3031 0.939145
0.896673  -67.292 0.939295
0.896823 -67.2809 0.939445
0.896973 -67.2697 0.939595
0.897124 -67.2586 0.939745
0.897274 -67.2474 0.939895
0.897424 -67.2363 0.940045
0.897574 -67.2252 0.940045
0.897724 -67.2141 0.940195
0.897874 -67.2029 0.940345
0.898024 -67.1918 0.940495
0.898174 -67.1807 0.940645
0.898324 -67.1696 0.940795
0.898474 -67.1585 0.940945
0.898624 -67.1474 0.941096
0.898774 -67.1363 0.941246
0.898924 -67.1252 0.941396
0.899075 -67.1141 0.941546
0.899225  -67.103 0.941696
0.899375 -67.0919 0.941846
0.899525 -67.0808 0.941996
0.899675 -67.0698 0.942146
0.899825 -67.0587 0.942296
0.899975 -67.0476 0.942446
0.900125 -67.0365 0.942596
0.900275 -67.0255 0.942746
0.900425 -67.0144 0.942896
0.900575 -67.0034 0.943047
0.900725 -66.9923 0.943197
0.900875 -66.9812 0.943347
0.901026 -66.9702 0.943497
0.901176 -66.9592 0.943497
0.901326 -66.9481 0.943647
0.901476 -66.9371 0.943797
0.901626  -66.926 0.943947
0.901776  -66.915 0.944097
0.901926  -66.904 0.944247
0.902076  -66.893 0.944397
0.902226 -66.8819 0.944547
0.902376 -66.8709 0.944697
0.902526 -66.8599 0.944847
0.902676 -66.8489 0.944997
0.902826 -66.8379 0.945148
0.902976 -66.8269 0.945298
0.903127 -66.8159 0.945448
0.903277 -66.8049 0.945598
0.903427 -66.7939 0.945748
0.903577 -66.7829 0.945898
0.903727 -66.7719 0.946048
0.903877 -66.7609 0.946198
0.904027   -66.75 0.946348
0.904177  -66.739 0.946498
0.904327  -66.728 0.946648
0.904477 -66.7171 0.946798
0.904627 -66.7061 0.946948
0.904777 -66.6951 0.947099
0.904927 -66.6842 0.947249
0.905078 -66.6732 0.947249
0.905228 -66.6623 0.947399
0.905378 -66.6513 0.947549
0.905528 -66.6404 0.947699
0.905678 -66.6294 0.947849
0.905828 -66.6185 0.947999
0.905978 -66.6075 0.948149
0.906128 -66.5966 0.948299
0.906278 -66.5857 0.948449
0.906428 -66.5748 0.948599
0.906578 -66.5638 0.948749
0.906728 -66.5529 0.948899
0.906878  -66.542  0.94905
0.907029 -66.5311   0.9492
0.907179 -66.5202  0.94935
0.907329 -66.5093   0.9495
0.907479 -66.4984  0.94965
0.907629 -66.4875   0.9498
0.907779 -66.4766  0.94995
0.907929 -66.4657   0.9501
0.908079 -66.4548  0.95025
0.908229 -66.4439   0.9504
0.908379  -66.433  0.95055
0.908529 -66.4222   0.9507
0.908679 -66.4113  0.95085
0.908829 -66.4004 0.951001
0.908979 -66.3896 0.951001
 0.90913 -66.3787 0.951151
 0.90928 -66.3678 0.951301
 0.90943  -66.357 0.951451
 0.90958 -66.3461 0.951601
 0.90973 -66.3353 0.951751
 0.90988 -66.3244 0.951901
 0.91003 -66.3136 0.952051
 0.91018 -66.3027 0.952201
 0.91033 -66.2919 0.952351
 0.91048 -66.2811 0.952501
 0.91063 -66.2702 0.952651
 0.91078 -66.2594 0.952801
 0.91093 -66.2486 0.952951
0.911081 -66.2378 0.953102
0.911231 -66.2269 0.953252
0.911381 -66.2161 0.953402
0.911531 -66.2053 0.953552
0.911681 -66.1945 0.953702
0.911831 -66.1837 0.953852
0.911981 -66.1729 0.954002
0.912131 -66.1621 0.954152
0.912281 -66.1513 0.954302
0.912431 -66.1405 0.954452
0.912581 -66.1297 0.954602
0.912731 -66.1189 0.954752
0.912881 -66.1082 0.954752
0.913032 -66.0974 0.954902
0.913182 -66.0866 0.955053
0.913332 -66.0758 0.955203
0.913482 -66.0651 0.955353
0.913632 -66.0543 0.955503
0.913782 -66.0435 0.955653
0.913932 -66.0328 0.955803
0.914082  -66.022 0.955953
0.914232 -66.0113 0.956103
0.914382 -66.0005 0.956253
0.914532 -65.9898 0.956403
0.914682  -65.979 0.956553
0.914832 -65.9683 0.956703
0.914982 -65.9576 0.956853
0.915133 -65.9468 0.957004
0.915283 -65.9361 0.957154
0.915433 -65.9254 0.957304
0.915583 -65.9146 0.957454
0.915733 -65.9039 0.957604
0.915883 -65.8932 0.957754
0.916033 -65.8825 0.957904
0.916183 -65.8718 0.958054
0.916333 -65.8611 0.958204
0.916483 -65.8504 0.958354
0.916633 -65.8397 0.958504
0.916783  -65.829 0.958654
0.916933 -65.8183 0.958654
0.917084 -65.8076 0.958804
0.917234 -65.7969 0.958954
0.917384 -65.7862 0.959105
0.917534 -65.7755 0.959255
0.917684 -65.7649 0.959405
0.917834 -65.7542 0.959555
0.917984 -65.7435 0.959705
0.918134 -65.7328 0.959855
0.918284 -65.7222 0.960005
0.918434 -65.7115 0.960155
0.918584 -65.7009 0.960305
0.918734 -65.6902 0.960455
0.918884 -65.6796 0.960605
0.919035 -65.6689 0.960755
0.919185 -65.6583 0.960905
0.919335 -65.6476 0.961056
0.919485  -65.637 0.961206
0.919635 -65.6263 0.961356
0.919785 -65.6157 0.961506
0.919935 -65.6051 0.961656
0.920085 -65.5945 0.961806
0.920235 -65.5838 0.961956
0.920385 -65.5732 0.962106
0.920535 -65.5626 0.962256
0.920685  -65.552 0.962406
0.920835 -65.5414 0.962406
0.920985 -65.5308 0.962556
0.921136 -65.5202 0.962706
0.921286 -65.5096 0.962856
0.921436  -65.499 0.963007
0.921586 -65.4884 0.963157
0.921736 -65.4778 0.963307
0.921886 -65.4672 0.963457
0.922036 -65.4566 0.963607
0.922186  -65.446 0.963757
0.922336 -65.4354 0.963907
0.922486 -65.4249 0.964057
0.922636 -65.4143 0.964207
0.922786 -65.4037 0.964357
0.922936 -65.3932 0.964507
0.923087 -65.3826 0.964657
0.923237  -65.372 0.964807
0.923387 -65.3615 0.964957
0.923537 -65.3509 0.965108
0.923687 -65.3404 0.965258
0.923837 -65.3298 0.965408
0.923987 -65.3193 0.965558
0.924137 -65.3088 0.965708
0.924287 -65.2982 0.965858
0.924437 -65.2877 0.966008
0.924587 -65.2771 0.966158
0.924737 -65.2666 0.966308
0.924887 -65.2561 0.966458
0.925038 -65.2456 0.966458
0.925188 -65.2351 0.966608
0.925338 -65.2245 0.966758
0.925488  -65.214 0.966908
0.925638 -65.2035 0.967059
0.925788  -65.193 0.967209
0.925938 -65.1825 0.967359
0.926088  -65.172 0.967509
0.926238 -65.1615 0.967659
0.926388  -65.151 0.967809
0.926538 -65.1405 0.967959
0.926688   -65.13 0.968109
0.926838 -65.1196 0.968259
0.926988 -65.1091 0.968409
0.927139 -65.0986 0.968559
0.927289 -65.0881 0.968709
0.927439 -65.0777 0.968859
0.927589 -65.0672  0.96901
0.927739 -65.0567  0.96916
0.927889 -65.0463  0.96931
0.928039 -65.0358  0.96946
0.928189 -65.0253  0.96961
0.928339 -65.0149  0.96976
0.928489 -65.0044  0.96991
0.928639  -64.994  0.97006
0.928789 -64.9835  0.97021
0.928939 -64.9731  0.97036
 0.92909 -64.9627  0.97036
 0.92924 -64.9522  0.97051
 0.92939 -64.9418  0.97066
 0.92954 -64.9314  0.97081
 0.92969 -64.9209  0.97096
 0.92984 -64.9105 0.971111
 0.92999 -64.9001 0.971261
 0.93014 -64.8897 0.971411
 0.93029 -64.8793 0.971561
 0.93044 -64.8689 0.971711
 0.93059 -64.8585 0.971861
 0.93074 -64.8481 0.972011
 0.93089 -64.8377 0.972161
0.931041 -64.8273 0.972311
0.931191 -64.8169 0.972461
0.931341 -64.8065 0.972611
0.931491 -64.7961 0.972761
0.931641 -64.7857 0.972911
0.931791 -64.7753 0.973062
0.931941 -64.7649 0.973212
0.932091 -64.7546 0.973362
0.932241 -64.7442 0.973512
0.932391 -64.7338 0.973662
0.932541 -64.7235 0.973812
0.932691 -64.7131 0.973962
0.932841 -64.7027 0.974112
0.932991 -64.6924 0.974262
0.933142  -64.682 0.974412
0.933292 -64.6717 0.974412
0.933442 -64.6613 0.974562
0.933592  -64.651 0.974712
0.933742 -64.6406 0.974862
0.933892 -64.6303 0.975013
0.934042   -64.62 0.975163
0.934192 -64.6096 0.975313
0.934342 -64.5993 0.975463
0.934492  -64.589 0.975613
0.934642 -64.5786 0.975763
0.934792 -64.5683 0.975913
0.934942  -64.558 0.976063
0.935093 -64.5477 0.976213
0.935243 -64.5374 0.976363
0.935393 -64.5271 0.976513
0.935543 -64.5168 0.976663
0.935693 -64.5065 0.976813
0.935843 -64.4962 0.976963
0.935993 -64.4859 0.977114
0.936143 -64.4756 0.977264
0.936293 -64.4653 0.977414
0.936443  -64.455 0.977564
0.936593 -64.4447 0.977714
0.936743 -64.4344 0.977864
0.936893 -64.4241 0.978014
0.937044 -64.4139 0.978164
0.937194 -64.4036 0.978314
0.937344 -64.3933 0.978464
0.937494 -64.3831 0.978464
0.937644 -64.3728 0.978614
0.937794 -64.3625 0.978764
0.937944 -64.3523 0.978914
0.938094  -64.342 0.979065
0.938244 -64.3318 0.979215
0.938394 -64.3215 0.979365
0.938544 -64.3113 0.979515
0.938694  -64.301 0.979665
0.938844 -64.2908 0.979815
0.938994 -64.2805 0.979965
0.939145 -64.2703 0.980115
0.939295 -64.2601 0.980265
0.939445 -64.2499 0.980415
0.939595 -64.2396 0.980565
0.939745 -64.2294 0.980715
0.939895 -64.2192 0.980865
0.940045  -64.209 0.981016
0.940195 -64.1988 0.981166
0.940345 -64.1885 0.981316
0.940495 -64.1783 0.981466
0.940645 -64.1681 0.981616
0.940795 -64.1579 0.981766
0.940945 -64.1477 0.981916
0.941096 -64.1375 0.982066
0.941246 -64.1274 0.982216
0.941396 -64.1172 0.982366
0.941546  -64.107 0.982516
0.941696 -64.0968 0.982666
0.941846 -64.0866 0.982666
0.941996 -64.0764 0.982816
0.942146 -64.0663 0.982966
0.942296 -64.0561 0.983117
0.942446 -64.0459 0.983267
0.942596 -64.0358 0.983417
0.942746 -64.0256 0.983567
0.942896 -64.0154 0.983717
0.943047 -64.0053 0.983867
0.943197 -63.9951 0.984017
0.943347  -63.985 0.984167
0.943497 -63.9748 0.984317
0.943647 -63.9647 0.984467
0.943797 -63.9545 0.984617
0.943947 -63.9444 0.984767
0.944097 -63.9343 0.984917
0.944247 -63.9241 0.985068
0.944397  -63.914 0.985218
0.944547 -63.9039 0.985368
0.944697 -63.8937 0.985518
0.944847 -63.8836 0.985668
0.944997 -63.8735 0.985818
0.945148 -63.8634 0.985968
0.945298 -63.8533 0.986118
0.945448 -63.8432 0.986268
0.945598 -63.8331 0.986418
0.945748  -63.823 0.986568
0.945898 -63.8129 0.986718
0.946048 -63.8028 0.986718
0.946198 -63.7927 0.986868
0.946348 -63.7826 0.987019
0.946498 -63.7725 0.987169
0.946648 -63.7624 0.987319
0.946798 -63.7523 0.987469
0.946948 -63.7422 0.987619
0.947099 -63.7322 0.987769
0.947249 -63.7221 0.987919
0.947399  -63.712 0.988069
0.947549 -63.7019 0.988219
0.947699 -63.6919 0.988369
0.947849 -63.6818 0.988519
0.947999 -63.6718 0.988669
0.948149 -63.6617 0.988819
0.948299 -63.6516 0.988969
0.948449 -63.6416  0.98912
0.948599 -63.6315  0.98927
0.948749 -63.6215  0.98942
0.948899 -63.6115  0.98957
 0.94905 -63.6014  0.98972
  0.9492 -63.5914  0.98987
 0.94935 -63.5813  0.99002
  0.9495 -63.5713  0.99017
 0.94965 -63.5613  0.99032
  0.9498 -63.5513  0.99047
 0.94995 -63.5412  0.99062
  0.9501 -63.5312  0.99077
 0.95025 -63.5212  0.99092
  0.9504 -63.5112  0.99092
 0.95055 -63.5012 0.991071
  0.9507 -63.4912 0.991221
 0.95085 -63.4812 0.991371
0.951001 -63.4712 0.991521
0.951151 -63.4612 0.991671
0.951301 -63.4512 0.991821
0.951451 -63.4412 0.991971
0.951601 -63.4312 0.992121
0.951751 -63.4212 0.992271
0.951901 -63.4112 0.992421
0.952051 -63.4012 0.992571
0.952201 -63.3913 0.992721
0.952351 -63.3813 0.992871
0.952501 -63.3713 0.993022
0.952651 -63.3613 0.993172
0.952801 -63.3514 0.993322
0.952951 -63.3414 0.993472
0.953102 -63.3314 0.993622
0.953252 -63.3215 0.993772
0.953402 -63.3115 0.993922
0.953552 -63.3016 0.994072
0.953702 -63.2916 0.994222
0.953852 -63.2817 0.994372
0.954002 -63.2717 0.994522
0.954152 -63.2618 0.994672
0.954302 -63.2518 0.994822
0.954452 -63.2419 0.994972
0.954602  -63.232 0.994972
0.954752  -63.222 0.995123
0.954902 -63.2121 0.995273
0.955053 -63.2022 0.995423
0.955203 -63.1923 0.995573
0.955353 -63.1824 0.995723
0.955503 -63.1724 0.995873
0.955653 -63.1625 0.996023
0.955803 -63.1526 0.996173
0.955953 -63.1427 0.996323
0.956103 -63.1328 0.996473
0.956253 -63.1229 0.996623
0.956403  -63.113 0.996773
0.956553 -63.1031 0.996923
0.956703 -63.0932 0.997074
0.956853 -63.0833 0.997224
0.957004 -63.0734 0.997374
0.957154 -63.0635 0.997524
0.957304 -63.0537 0.997674
0.957454 -63.0438 0.997824
0.957604 -63.0339 0.997974
0.957754  -63.024 0.998124
0.957904 -63.0142 0.998274
0.958054 -63.0043 0.998424
0.958204 -62.9944 0.998574
0.958354 -62.9846 0.998724
0.958504 -62.9747 0.998874
0.958654 -62.9649 0.999025
0.958804  -62.955 0.999175
0.958954 -62.9451 0.999175
0.959105 -62.9353 0.999325
0.959255 -62.9255 0.999475
0.959405 -62.9156 0.999625
0.959555 -62.9058 0.999775
0.959705 -62.8959 0.999925
0.959855 -62.8861  1.00008
0.960005 -62.8763  1.00023
0.960155 -62.8664  1.00038
0.960305 -62.8566  1.00053
0.960455 -62.8468  1.00068
0.960605  -62.837  1.00083
0.960755 -62.8272  1.00098
0.960905 -62.8173  1.00113
0.961056 -62.8075  1.00128
0.961206 -62.7977  1.00143
0.961356 -62.7879  1.00158
0.961506 -62.7781  1.00173
0.961656 -62.7683  1.00188
0.961806 -62.7585  1.00203
0.961956 -62.7487  1.00218
0.962106 -62.7389  1.00233
0.962256 -62.7291  1.00248
0.962406 -62.7193  1.00263
0.962556 -62.7096  1.00278
0.962706 -62.6998  1.00293
0.962856   -62.69  1.00308
0.963007 -62.6802  1.00323
0.963157 -62.6705  1.00323
0.963307 -62.6607  1.00338
0.963457 -62.6509  1.00353
0.963607 -62.6412  1.00368
0.963757 -62.6314  1.00383
0.963907 -62.6216  1.00398
0.964057 -62.6119  1.00413
0.964207 -62.6021  1.00428
0.964357 -62.5924  1.00443
0.964507 -62.5826  1.00458
0.964657 -62.5729  1.00473
0.964807 -62.5631  1.00488
0.964957 -62.5534  1.00503
0.965108 -62.5437  1.00518
0.965258 -62.5339  1.00533
0.965408 -62.5242  1.00548
0.965558 -62.5145  1.00563
0.965708 -62.5047  1.00578
0.965858  -62.495  1.00593
0.966008 -62.4853  1.00608
0.966158 -62.4756  1.00623
0.966308 -62.4659  1.00638
0.966458 -62.4562  1.00653
0.966608 -62.4464  1.00668
0.966758 -62.4367  1.00683
0.966908  -62.427  1.00698
0.967059 -62.4173  1.00713
0.967209 -62.4076  1.00728
0.967359 -62.3979  1.00743
0.967509 -62.3883  1.00743
0.967659 -62.3786  1.00758
0.967809 -62.3689  1.00773
0.967959 -62.3592  1.00788
0.968109 -62.3495  1.00803
0.968259 -62.3398  1.00818
0.968409 -62.3302  1.00833
0.968559 -62.3205  1.00848
0.968709 -62.3108  1.00863
0.968859 -62.3011  1.00878
 0.96901 -62.2915  1.00893
 0.96916 -62.2818  1.00908
 0.96931 -62.2722  1.00923
 0.96946 -62.2625  1.00938
 0.96961 -62.2528  1.00953
 0.96976 -62.2432  1.00968
 0.96991 -62.2335  1.00983
 0.97006 -62.2239  1.00998
 0.97021 -62.2143  1.01013
 0.97036 -62.2046  1.01028
 0.97051  -62.195  1.01043
 0.97066 -62.1853  1.01058
 0.97081 -62.1757  1.01073
 0.97096 -62.1661  1.01088
0.971111 -62.1565  1.01103
0.971261 -62.1468  1.01118
0.971411 -62.1372  1.01133
0.971561 -62.1276  1.01148
0.971711  -62.118  1.01148
0.971861 -62.1084  1.01163
0.972011 -62.0988  1.01178
0.972161 -62.0891  1.01193
0.972311 -62.0795  1.01208
0.972461 -62.0699  1.01223
0.972611 -62.0603  1.01238
0.972761 -62.0507  1.01253
0.972911 -62.0411  1.01268
0.973062 -62.0316  1.01283
0.973212  -62.022  1.01298
0.973362 -62.0124  1.01313
0.973512 -62.0028  1.01328
0.973662 -61.9932  1.01343
0.973812 -61.9836  1.01358
0.973962 -61.9741  1.01373
0.974112 -61.9645  1.01388
0.974262 -61.9549  1.01403
0.974412 -61.9454  1.01418
0.974562 -61.9358  1.01433
0.974712 -61.9262  1.01448
0.974862 -61.9167  1.01463
0.975013 -61.9071  1.01478
0.975163 -61.8976  1.01493
0.975313  -61.888  1.01508
0.975463 -61.8785  1.01523
0.975613 -61.8689  1.01538
0.975763 -61.8594  1.01553
0.975913 -61.8498  1.01553
0.976063 -61.8403  1.01568
0.976213 -61.8308  1.01583
0.976363 -61.8212  1.01598
0.976513 -61.8117  1.01613
0.976663 -61.8022  1.01628
0.976813 -61.7926  1.01643
0.976963 -61.7831  1.01658
0.977114 -61.7736  1.01673
0.977264 -61.7641  1.01688
0.977414 -61.7546  1.01703
0.977564 -61.7451  1.01718
0.977714 -61.7356  1.01733
0.977864 -61.7261  1.01748
0.978014 -61.7166  1.01763
0.978164 -61.7071  1.01778
0.978314 -61.6976  1.01793
0.978464 -61.6881  1.01808
0.978614 -61.6786  1.01823
0.978764 -61.6691  1.01838
0.978914 -61.6596  1.01853
0.979065 -61.6501  1.01868
0.979215 -61.6406  1.01883
0.979365 -61.6311  1.01898
0.979515 -61.6217  1.01913
0.979665 -61.6122  1.01928
0.979815 -61.6027  1.01943
0.979965 -61.5933  1.01958
0.980115 -61.5838  1.01958
0.980265 -61.5743  1.01973
0.980415 -61.5649  1.01988
0.980565 -61.5554  1.02004
0.980715  -61.546  1.02019
0.980865 -61.5365  1.02034
0.981016 -61.5271  1.02049
0.981166 -61.5176  1.02064
0.981316 -61.5082  1.02079
0.981466 -61.4987  1.02094
0.981616 -61.4893  1.02109
0.981766 -61.4799  1.02124
0.981916 -61.4704  1.02139
0.982066  -61.461  1.02154
0.982216 -61.4516  1.02169
0.982366 -61.4421  1.02184
0.982516 -61.4327  1.02199
0.982666 -61.4233  1.02214
0.982816 -61.4139  1.02229
0.982966 -61.4045  1.02244
0.983117 -61.3951  1.02259
0.983267 -61.3856  1.02274
0.983417 -61.3762  1.02289
0.983567 -61.3668  1.02304
0.983717 -61.3574  1.02319
0.983867  -61.348  1.02334
0.984017 -61.3386  1.02349
0.984167 -61.3292  1.02349
0.984317 -61.3199  1.02364
0.984467 -61.3105  1.02379
0.984617 -61.3011  1.02394
0.984767 -61.2917  1.02409
0.984917 -61.2823  1.02424
0.985068 -61.2729  1.02439
0.985218 -61.2636  1.02454
0.985368 -61.2542  1.02469
0.985518 -61.2448  1.02484
0.985668 -61.2355  1.02499
0.985818 -61.2261  1.02514
0.985968 -61.2167  1.02529
0.986118 -61.2074  1.02544
0.986268  -61.198  1.02559
0.986418 -61.1887  1.02574
0.986568 -61.1793  1.02589
0.986718   -61.17  1.02604
0.986868 -61.1606  1.02619
0.987019 -61.1513  1.02634
0.987169 -61.1419  1.02649
0.987319 -61.1326  1.02664
0.987469 -61.1233  1.02679
0.987619 -61.1139  1.02694
0.987769 -61.1046  1.02709
0.987919 -61.0953  1.02724
0.988069 -61.0859  1.02739
0.988219 -61.0766  1.02754
0.988369 -61.0673  1.02754
0.988519  -61.058  1.02769
0.988669 -61.0487  1.02784
0.988819 -61.0394  1.02799
0.988969   -61.03  1.02814
 0.98912 -61.0207  1.02829
 0.98927 -61.0114  1.02844
 0.98942 -61.0021  1.02859
 0.98957 -60.9928  1.02874
 0.98972 -60.9835  1.02889
 0.98987 -60.9742  1.02904
 0.99002  -60.965  1.02919
 0.99017 -60.9557  1.02934
 0.99032 -60.9464  1.02949
 0.99047 -60.9371  1.02964
 0.99062 -60.9278  1.02979
 0.99077 -60.9185  1.02994
 0.99092 -60.9093  1.03009
0.991071    -60.9  1.03024
0.991221 -60.8907  1.03039
0.991371 -60.8815  1.03054
0.991521 -60.8722  1.03069
0.991671 -60.8629  1.03084
0.991821 -60.8537  1.03099
0.991971 -60.8444  1.03114
0.992121 -60.8352  1.03129
0.992271 -60.8259  1.03129
0.992421 -60.8167  1.03144
0.992571 -60.8074  1.03159
0.992721 -60.7982  1.03174
0.992871 -60.7889  1.03189
0.993022 -60.7797  1.03204
0.993172 -60.7704  1.03219
0.993322 -60.7612  1.03234
0.993472  -60.752  1.03249
0.993622 -60.7428  1.03264
0.993772 -60.7335  1.03279
0.993922 -60.7243  1.03294
0.994072 -60.7151  1.03309
0.994222 -60.7059  1.03324
0.994372 -60.6966  1.03339
0.994522 -60.6874  1.03354
0.994672 -60.6782  1.03369
0.994822  -60.669  1.03384
0.994972 -60.6598  1.03399
0.995123 -60.6506  1.03414
0.995273 -60.6414  1.03429
0.995423 -60.6322  1.03444
0.995573  -60.623  1.03459
0.995723 -60.6138  1.03474
0.995873 -60.6046  1.03489
0.996023 -60.5954  1.03504
0.996173 -60.5863  1.03519
0.996323 -60.5771  1.03519
0.996473 -60.5679  1.03534
0.996623 -60.5587  1.03549
0.996773 -60.5495  1.03564
0.996923 -60.5404  1.03579
0.997074 -60.5312  1.03594
0.997224  -60.522  1.03609
0.997374 -60.5129  1.03624
0.997524 -60.5037  1.03639
0.997674 -60.4946  1.03654
0.997824 -60.4854  1.03669
0.997974 -60.4762  1.03684
0.998124 -60.4671  1.03699
0.998274 -60.4579  1.03714
0.998424 -60.4488  1.03729
0.998574 -60.4397  1.03744
0.998724 -60.4305  1.03759
0.998874 -60.4214  1.03774
0.999025 -60.4122  1.03789
0.999175 -60.4031  1.03804
0.999325  -60.394  1.03819
0.999475 -60.3848  1.03834
0.999625 -60.3757  1.03849
0.999775 -60.3666  1.03864
0.999925 -60.3575  1.03879
 1.00008 -60.3484  1.03894
 1.00023 -60.3392  1.03894
 1.00038 -60.3301  1.03909
 1.00053  -60.321  1.03924
 1.00068 -60.3119  1.03939
 1.00083 -60.3028  1.03954
 1.00098 -60.2937  1.03969
 1.00113 -60.2846  1.03984
 1.00128 -60.2755  1.03999
 1.00143 -60.2664  1.04015
 1.00158 -60.2573   1.0403
 1.00173 -60.2482  1.04045
 1.00188 -60.2391   1.0406
 1.00203 -60.2301  1.04075
 1.00218  -60.221   1.0409
 1.00233 -60.2119  1.04105
 1.00248 -60.2028   1.0412
 1.00263 -60.1937  1.04135
 1.00278 -60.1847   1.0415
 1.00293 -60.1756  1.04165
 1.00308 -60.1665   1.0418
 1.00323 -60.1575  1.04195
 1.00338 -60.1484   1.0421
 1.00353 -60.1393  1.04225
 1.00368 -60.1303   1.0424
 1.00383 -60.1212  1.04255
 1.00398 -60.1122   1.0427
 1.00413 -60.1031   1.0427
 1.00428 -60.0941  1.04285
 1.00443  -60.085    1.043
 1.00458  -60.076  1.04315
 1.00473  -60.067   1.0433
 1.00488 -60.0579  1.04345
 1.00503 -60.0489   1.0436
 1.00518 -60.0399  1.04375
 1.00533 -60.0308   1.0439
 1.00548 -60.0218  1.04405
 1.00563 -60.0128   1.0442
 1.00578 -60.0038  1.04435
 1.00593 -59.9947   1.0445
 1.00608 -59.9857  1.04465
 1.00623 -59.9767   1.0448
 1.00638 -59.9677  1.04495
 1.00653 -59.9587   1.0451
 1.00668 -59.9497  1.04525
 1.00683 -59.9407   1.0454
 1.00698 -59.9317  1.04555
 1.00713 -59.9227   1.0457
 1.00728 -59.9137  1.04585
 1.00743 -59.9047    1.046
 1.00758 -59.8957  1.04615
 1.00773 -59.8867   1.0463
 1.00788 -59.8777   1.0463
 1.00803 -59.8687  1.04645
 1.00818 -59.8598   1.0466
 1.00833 -59.8508  1.04675
 1.00848 -59.8418   1.0469
 1.00863 -59.8328  1.04705
 1.00878 -59.8239   1.0472
 1.00893 -59.8149  1.04735
 1.00908 -59.8059   1.0475
 1.00923  -59.797  1.04765
 1.00938  -59.788   1.0478
 1.00953  -59.779  1.04795
 1.00968 -59.7701   1.0481
 1.00983 -59.7611  1.04825
 1.00998 -59.7522   1.0484
 1.01013 -59.7432  1.04855
 1.01028 -59.7343   1.0487
 1.01043 -59.7253  1.04885
 1.01058 -59.7164    1.049
 1.01073 -59.7075  1.04915
 1.01088 -59.6985   1.0493
 1.01103 -59.6896  1.04945
 1.01118 -59.6807   1.0496
 1.01133 -59.6717  1.04975
 1.01148 -59.6628   1.0499
 1.01163 -59.6539   1.0499
 1.01178  -59.645  1.05005
 1.01193  -59.636   1.0502
 1.01208 -59.6271  1.05035
 1.01223 -59.6182   1.0505
 1.01238 -59.6093  1.05065
 1.01253 -59.6004   1.0508
 1.01268 -59.5915  1.05095
 1.01283 -59.5826   1.0511
 1.01298 -59.5737  1.05125
 1.01313 -59.5648   1.0514
 1.01328 -59.5559  1.05155
 1.01343  -59.547   1.0517
 1.01358 -59.5381  1.05185
 1.01373 -59.5292    1.052
 1.01388 -59.5203  1.05215
 1.01403 -59.5115   1.0523
 1.01418 -59.5026  1.05245
 1.01433 -59.4937   1.0526
 1.01448 -59.4848  1.05275
 1.01463  -59.476   1.0529
 1.01478 -59.4671  1.05305
 1.01493 -59.4582   1.0532
 1.01508 -59.4493  1.05335
 1.01523 -59.4405  1.05335
 1.01538 -59.4316   1.0535
 1.01553 -59.4228  1.05365
 1.01568 -59.4139   1.0538
 1.01583 -59.4051  1.05395
 1.01598 -59.3962   1.0541
 1.01613 -59.3874  1.05425
 1.01628 -59.3785   1.0544
 1.01643 -59.3697  1.05455
 1.01658 -59.3608   1.0547
 1.01673  -59.352  1.05485
 1.01688 -59.3432    1.055
 1.01703 -59.3343  1.05515
 1.01718 -59.3255   1.0553
 1.01733 -59.3167  1.05545
 1.01748 -59.3078   1.0556
 1.01763  -59.299  1.05575
 1.01778 -59.2902   1.0559
 1.01793 -59.2814  1.05605
 1.01808 -59.2726   1.0562
 1.01823 -59.2637  1.05635
 1.01838 -59.2549   1.0565
 1.01853 -59.2461  1.05665
 1.01868 -59.2373   1.0568
 1.01883 -59.2285   1.0568
 1.01898 -59.2197  1.05695
 1.01913 -59.2109   1.0571
 1.01928 -59.2021  1.05725
 1.01943 -59.1933   1.0574
 1.01958 -59.1845  1.05755
 1.01973 -59.1757   1.0577
 1.01988  -59.167  1.05785
 1.02004 -59.1582    1.058
 1.02019 -59.1494  1.05815
 1.02034 -59.1406   1.0583
 1.02049 -59.1318  1.05845
 1.02064 -59.1231   1.0586
 1.02079 -59.1143  1.05875
 1.02094 -59.1055   1.0589
 1.02109 -59.0968  1.05905
 1.02124  -59.088   1.0592
 1.02139 -59.0792  1.05935
 1.02154 -59.0705   1.0595
 1.02169 -59.0617  1.05965
 1.02184  -59.053   1.0598
 1.02199 -59.0442  1.05995
 1.02214 -59.0355  1.05995
 1.02229 -59.0267  1.06011
 1.02244  -59.018  1.06026
 1.02259 -59.0092  1.06041
 1.02274 -59.0005  1.06056
 1.02289 -58.9918  1.06071
 1.02304  -58.983  1.06086
 1.02319 -58.9743  1.06101
 1.02334 -58.9656  1.06116
 1.02349 -58.9568  1.06131
 1.02364 -58.9481  1.06146
 1.02379 -58.9394  1.06161
 1.02394 -58.9307  1.06176
 1.02409  -58.922  1.06191
 1.02424 -58.9133  1.06206
 1.02439 -58.9045  1.06221
 1.02454 -58.8958  1.06236
 1.02469 -58.8871  1.06251
 1.02484 -58.8784  1.06266
 1.02499 -58.8697  1.06281
 1.02514  -58.861  1.06296
 1.02529 -58.8523  1.06311
 1.02544 -58.8436  1.06311
 1.02559 -58.8349  1.06326
 1.02574 -58.8263  1.06341
 1.02589 -58.8176  1.06356
 1.02604 -58.8089  1.06371
 1.02619 -58.8002  1.06386
 1.02634 -58.7915  1.06401
 1.02649 -58.7828  1.06416
 1.02664 -58.7742  1.06431
 1.02679 -58.7655  1.06446
 1.02694 -58.7568  1.06461
 1.02709 -58.7482  1.06476
 1.02724 -58.7395  1.06491
 1.02739 -58.7308  1.06506
 1.02754 -58.7222  1.06521
 1.02769 -58.7135  1.06536
 1.02784 -58.7049  1.06551
 1.02799 -58.6962  1.06566
 1.02814 -58.6876  1.06581
 1.02829 -58.6789  1.06596
 1.02844 -58.6703  1.06611
 1.02859 -58.6616  1.06626
 1.02874  -58.653  1.06626
 1.02889 -58.6444  1.06641
 1.02904 -58.6357  1.06656
 1.02919 -58.6271  1.06671
 1.02934 -58.6185  1.06686
 1.02949 -58.6098  1.06701
 1.02964 -58.6012  1.06716
 1.02979 -58.5926  1.06731
 1.02994  -58.584  1.06746
 1.03009 -58.5754  1.06761
 1.03024 -58.5667  1.06776
 1.03039 -58.5581  1.06791
 1.03054 -58.5495  1.06806
 1.03069 -58.5409  1.06821
 1.03084 -58.5323  1.06836
 1.03099 -58.5237  1.06851
 1.03114 -58.5151  1.06866
 1.03129 -58.5065  1.06881
 1.03144 -58.4979  1.06896
 1.03159 -58.4893  1.06911
 1.03174 -58.4807  1.06926
 1.03189 -58.4721  1.06926
 1.03204 -58.4636  1.06941
 1.03219  -58.455  1.06956
 1.03234 -58.4464  1.06971
 1.03249 -58.4378  1.06986
 1.03264 -58.4292  1.07001
 1.03279 -58.4207  1.07016
 1.03294 -58.4121  1.07031
 1.03309 -58.4035  1.07046
 1.03324  -58.395  1.07061
 1.03339 -58.3864  1.07076
 1.03354 -58.3778  1.07091
 1.03369 -58.3693  1.07106
 1.03384 -58.3607  1.07121
 1.03399 -58.3522  1.07136
 1.03414 -58.3436  1.07151
 1.03429 -58.3351  1.07166
 1.03444 -58.3265  1.07181
 1.03459  -58.318  1.07196
 1.03474 -58.3095  1.07211
 1.03489 -58.3009  1.07226
 1.03504 -58.2924  1.07226
 1.03519 -58.2838  1.07241
 1.03534 -58.2753  1.07256
 1.03549 -58.2668  1.07271
 1.03564 -58.2583  1.07286
 1.03579 -58.2497  1.07301
 1.03594 -58.2412  1.07316
 1.03609 -58.2327  1.07331
 1.03624 -58.2242  1.07346
 1.03639 -58.2157  1.07361
 1.03654 -58.2072  1.07376
 1.03669 -58.1986  1.07391
 1.03684 -58.1901  1.07406
 1.03699 -58.1816  1.07421
 1.03714 -58.1731  1.07436
 1.03729 -58.1646  1.07451
 1.03744 -58.1561  1.07466
 1.03759 -58.1476  1.07481
 1.03774 -58.1392  1.07496
 1.03789 -58.1307  1.07511
 1.03804 -58.1222  1.07526
 1.03819 -58.1137  1.07526
 1.03834 -58.1052  1.07541
 1.03849 -58.0967  1.07556
 1.03864 -58.0883  1.07571
 1.03879 -58.0798  1.07586
 1.03894 -58.0713  1.07601
 1.03909 -58.0628  1.07616
 1.03924 -58.0544  1.07631
 1.03939 -58.0459  1.07646
 1.03954 -58.0374  1.07661
 1.03969  -58.029  1.07676
 1.03984 -58.0205  1.07691
 1.03999 -58.0121  1.07706
 1.04015 -58.0036  1.07721
  1.0403 -57.9952  1.07736
 1.04045 -57.9867  1.07751
  1.0406 -57.9783  1.07766
 1.04075 -57.9698  1.07781
  1.0409 -57.9614  1.07796
 1.04105  -57.953  1.07796
  1.0412 -57.9445  1.07811
 1.04135 -57.9361  1.07826
  1.0415 -57.9277  1.07841
 1.04165 -57.9192  1.07856
  1.0418 -57.9108  1.07871
 1.04195 -57.9024  1.07886
  1.0421  -57.894  1.07901
 1.04225 -57.8855  1.07916
  1.0424 -57.8771  1.07931
 1.04255 -57.8687  1.07946
  1.0427 -57.8603  1.07961
 1.04285 -57.8519  1.07976
   1.043 -57.8435  1.07991
 1.04315 -57.8351  1.08007
  1.0433 -57.8267  1.08022
 1.04345 -57.8183  1.08037
  1.0436 -57.8099  1.08052
 1.04375 -57.8015  1.08067
  1.0439 -57.7931  1.08067
 1.04405 -57.7847  1.08082
  1.0442 -57.7763  1.08097
 1.04435  -57.768  1.08112
  1.0445 -57.7596  1.08127
 1.04465 -57.7512  1.08142
  1.0448 -57.7428  1.08157
 1.04495 -57.7344  1.08172
  1.0451 -57.7261  1.08187
 1.04525 -57.7177  1.08202
  1.0454 -57.7093  1.08217
 1.04555  -57.701  1.08232
  1.0457 -57.6926  1.08247
 1.04585 -57.6843  1.08262
   1.046 -57.6759  1.08277
 1.04615 -57.6675  1.08292
  1.0463 -57.6592  1.08307
 1.04645 -57.6508  1.08322
  1.0466 -57.6425  1.08322
 1.04675 -57.6342  1.08337
  1.0469 -57.6258  1.08352
 1.04705 -57.6175  1.08367
  1.0472 -57.6091  1.08382
 1.04735 -57.6008  1.08397
  1.0475 -57.5925  1.08412
 1.04765 -57.5841  1.08427
  1.0478 -57.5758  1.08442
 1.04795 -57.5675  1.08457
  1.0481 -57.5592  1.08472
 1.04825 -57.5508  1.08487
  1.0484 -57.5425  1.08502
 1.04855 -57.5342  1.08517
  1.0487 -57.5259  1.08532
 1.04885 -57.5176  1.08547
   1.049 -57.5093  1.08562
 1.04915  -57.501  1.08577
  1.0493 -57.4927  1.08577
 1.04945 -57.4844  1.08592
  1.0496 -57.4761  1.08607
 1.04975 -57.4678  1.08622
  1.0499 -57.4595  1.08637
 1.05005 -57.4512  1.08652
  1.0502 -57.4429  1.08667
 1.05035 -57.4346  1.08682
  1.0505 -57.4264  1.08697
 1.05065 -57.4181  1.08712
  1.0508 -57.4098  1.08727
 1.05095 -57.4015  1.08742
  1.0511 -57.3933  1.08757
 1.05125  -57.385  1.08772
  1.0514 -57.3767  1.08787
 1.05155 -57.3685  1.08802
  1.0517 -57.3602  1.08817
 1.05185 -57.3519  1.08817
   1.052 -57.3437  1.08832
 1.05215 -57.3354  1.08847
  1.0523 -57.3272  1.08862
 1.05245 -57.3189  1.08877
  1.0526 -57.3107  1.08892
 1.05275 -57.3024  1.08907
  1.0529 -57.2942  1.08922
 1.05305 -57.2859  1.08937
  1.0532 -57.2777  1.08952
 1.05335 -57.2695  1.08967
  1.0535 -57.2612  1.08982
 1.05365  -57.253  1.08997
  1.0538 -57.2448  1.09012
 1.05395 -57.2366  1.09027
  1.0541 -57.2283  1.09042
 1.05425 -57.2201  1.09057
  1.0544 -57.2119  1.09057
 1.05455 -57.2037  1.09072
  1.0547 -57.1955  1.09087
 1.05485 -57.1873  1.09102
   1.055 -57.1791  1.09117
 1.05515 -57.1708  1.09132
  1.0553 -57.1626  1.09147
 1.05545 -57.1544  1.09162
  1.0556 -57.1462  1.09177
 1.05575 -57.1381  1.09192
  1.0559 -57.1299  1.09207
 1.05605 -57.1217  1.09222
  1.0562 -57.1135  1.09237
 1.05635 -57.1053  1.09252
  1.0565 -57.0971  1.09267
 1.05665 -57.0889  1.09267
  1.0568 -57.0808  1.09282
 1.05695 -57.0726  1.09297
  1.0571 -57.0644  1.09312
 1.05725 -57.0563  1.09327
  1.0574 -57.0481  1.09342
 1.05755 -57.0399  1.09357
  1.0577 -57.0318  1.09372
 1.05785 -57.0236  1.09387
   1.058 -57.0154  1.09402
 1.05815 -57.0073  1.09417
  1.0583 -56.9991  1.09432
 1.05845  -56.991  1.09447
  1.0586 -56.9829  1.09462
 1.05875 -56.9747  1.09462
  1.0589 -56.9666  1.09477
 1.05905 -56.9584  1.09492
  1.0592 -56.9503  1.09507
 1.05935 -56.9422  1.09522
  1.0595  -56.934  1.09537
 1.05965 -56.9259  1.09552
  1.0598 -56.9178  1.09567
 1.05995 -56.9097  1.09582
 1.06011 -56.9015  1.09597
 1.06026 -56.8934  1.09612
 1.06041 -56.8853  1.09627
 1.06056 -56.8772  1.09642
 1.06071 -56.8691  1.09657
 1.06086  -56.861  1.09657
 1.06101 -56.8529  1.09672
 1.06116 -56.8448  1.09687
 1.06131 -56.8367  1.09702
 1.06146 -56.8286  1.09717
 1.06161 -56.8205  1.09732
 1.06176 -56.8124  1.09747
 1.06191 -56.8043  1.09762
 1.06206 -56.7962  1.09777
 1.06221 -56.7881  1.09792
 1.06236 -56.7801  1.09807
 1.06251  -56.772  1.09822
 1.06266 -56.7639  1.09837
 1.06281 -56.7558  1.09837
 1.06296 -56.7478  1.09852
 1.06311 -56.7397  1.09867
 1.06326 -56.7316  1.09882
 1.06341 -56.7236  1.09897
 1.06356 -56.7155  1.09912
 1.06371 -56.7075  1.09927
 1.06386 -56.6994  1.09942
 1.06401 -56.6914  1.09957
 1.06416 -56.6833  1.09972
 1.06431 -56.6753  1.09987
 1.06446 -56.6672  1.10003
 1.06461 -56.6592  1.10018
 1.06476 -56.6511  1.10018
 1.06491 -56.6431  1.10033
 1.06506 -56.6351  1.10048
 1.06521  -56.627  1.10063
 1.06536  -56.619  1.10078
 1.06551  -56.611  1.10093
 1.06566  -56.603  1.10108
 1.06581 -56.5949  1.10123
 1.06596 -56.5869  1.10138
 1.06611 -56.5789  1.10153
 1.06626 -56.5709  1.10168
 1.06641 -56.5629  1.10183
 1.06656 -56.5549  1.10198
 1.06671 -56.5469  1.10198
 1.06686 -56.5389  1.10213
 1.06701 -56.5309  1.10228
 1.06716 -56.5229  1.10243
 1.06731 -56.5149  1.10258
 1.06746 -56.5069  1.10273
 1.06761 -56.4989  1.10288
 1.06776 -56.4909  1.10303
 1.06791 -56.4829  1.10318
 1.06806 -56.4749  1.10333
 1.06821  -56.467  1.10348
 1.06836  -56.459  1.10363
 1.06851  -56.451  1.10378
 1.06866 -56.4431  1.10378
 1.06881 -56.4351  1.10393
 1.06896 -56.4271  1.10408
 1.06911 -56.4192  1.10423
 1.06926 -56.4112  1.10438
 1.06941 -56.4032  1.10453
 1.06956 -56.3953  1.10468
 1.06971 -56.3873  1.10483
 1.06986 -56.3794  1.10498
 1.07001 -56.3714  1.10513
 1.07016 -56.3635  1.10528
 1.07031 -56.3555  1.10543
 1.07046 -56.3476  1.10558
 1.07061 -56.3397  1.10558
 1.07076 -56.3317  1.10573
 1.07091 -56.3238  1.10588
 1.07106 -56.3159  1.10603
 1.07121  -56.308  1.10618
 1.07136    -56.3  1.10633
 1.07151 -56.2921  1.10648
 1.07166 -56.2842  1.10663
 1.07181 -56.2763  1.10678
 1.07196 -56.2684  1.10693
 1.07211 -56.2604  1.10708
 1.07226 -56.2525  1.10723
 1.07241 -56.2446  1.10738
 1.07256 -56.2367  1.10738
 1.07271 -56.2288  1.10753
 1.07286 -56.2209  1.10768
 1.07301  -56.213  1.10783
 1.07316 -56.2051  1.10798
 1.07331 -56.1973  1.10813
 1.07346 -56.1894  1.10828
 1.07361 -56.1815  1.10843
 1.07376 -56.1736  1.10858
 1.07391 -56.1657  1.10873
 1.07406 -56.1578  1.10888
 1.07421   -56.15  1.10903
 1.07436 -56.1421  1.10903
 1.07451 -56.1342  1.10918
 1.07466 -56.1264  1.10933
 1.07481 -56.1185  1.10948
 1.07496 -56.1106  1.10963
 1.07511 -56.1028  1.10978
 1.07526 -56.0949  1.10993
 1.07541 -56.0871  1.11008
 1.07556 -56.0792  1.11023
 1.07571 -56.0714  1.11038
 1.07586 -56.0635  1.11053
 1.07601 -56.0557  1.11068
 1.07616 -56.0479  1.11068
 1.07631   -56.04  1.11083
 1.07646 -56.0322  1.11098
 1.07661 -56.0243  1.11113
 1.07676 -56.0165  1.11128
 1.07691 -56.0087  1.11143
 1.07706 -56.0009  1.11158
 1.07721  -55.993  1.11173
 1.07736 -55.9852  1.11188
 1.07751 -55.9774  1.11203
 1.07766 -55.9696  1.11218
 1.07781 -55.9618  1.11218
 1.07796  -55.954  1.11233
 1.07811 -55.9462  1.11248
 1.07826 -55.9384  1.11263
 1.07841 -55.9306  1.11278
 1.07856 -55.9228  1.11293
 1.07871  -55.915  1.11308
 1.07886 -55.9072  1.11323
 1.07901 -55.8994  1.11338
 1.07916 -55.8916  1.11353
 1.07931 -55.8838  1.11368
 1.07946  -55.876  1.11368
 1.07961 -55.8683  1.11383
 1.07976 -55.8605  1.11398
 1.07991 -55.8527  1.11413
 1.08007 -55.8449  1.11428
 1.08022 -55.8372  1.11443
 1.08037 -55.8294  1.11458
 1.08052 -55.8217  1.11473
 1.08067 -55.8139  1.11488
 1.08082 -55.8061  1.11503
 1.08097 -55.7984  1.11503
 1.08112 -55.7906  1.11518
 1.08127 -55.7829  1.11533
 1.08142 -55.7751  1.11548
 1.08157 -55.7674  1.11563
 1.08172 -55.7597  1.11578
 1.08187 -55.7519  1.11593
 1.08202 -55.7442  1.11608
 1.08217 -55.7365  1.11623
 1.08232 -55.7287  1.11638
 1.08247  -55.721  1.11653
 1.08262 -55.7133  1.11653
 1.08277 -55.7056  1.11668
 1.08292 -55.6978  1.11683
 1.08307 -55.6901  1.11698
 1.08322 -55.6824  1.11713
 1.08337 -55.6747  1.11728
 1.08352  -55.667  1.11743
 1.08367 -55.6593  1.11758
 1.08382 -55.6516  1.11773
 1.08397 -55.6439  1.11773
 1.08412 -55.6362  1.11788
 1.08427 -55.6285  1.11803
 1.08442 -55.6208  1.11818
 1.08457 -55.6131  1.11833
 1.08472 -55.6054  1.11848
 1.08487 -55.5978  1.11863
 1.08502 -55.5901  1.11878
 1.08517 -55.5824  1.11893
 1.08532 -55.5747  1.11908
 1.08547 -55.5671  1.11908
 1.08562 -55.5594  1.11923
 1.08577 -55.5517  1.11938
 1.08592 -55.5441  1.11953
 1.08607 -55.5364  1.11968
 1.08622 -55.5287  1.11983
 1.08637 -55.5211  1.11998
 1.08652 -55.5134  1.12014
 1.08667 -55.5058  1.12029
 1.08682 -55.4982  1.12029
 1.08697 -55.4905  1.12044
 1.08712 -55.4829  1.12059
 1.08727 -55.4752  1.12074
 1.08742 -55.4676  1.12089
 1.08757   -55.46  1.12104
 1.08772 -55.4523  1.12119
 1.08787 -55.4447  1.12134
 1.08802 -55.4371  1.12149
 1.08817 -55.4295  1.12149
 1.08832 -55.4219  1.12164
 1.08847 -55.4142  1.12179
 1.08862 -55.4066  1.12194
 1.08877  -55.399  1.12209
 1.08892 -55.3914  1.12224
 1.08907 -55.3838  1.12239
 1.08922 -55.3762  1.12254
 1.08937 -55.3686  1.12269
 1.08952  -55.361  1.12284
 1.08967 -55.3534  1.12284
 1.08982 -55.3458  1.12299
 1.08997 -55.3383  1.12314
 1.09012 -55.3307  1.12329
 1.09027 -55.3231  1.12344
 1.09042 -55.3155  1.12359
 1.09057 -55.3079  1.12374
 1.09072 -55.3004  1.12389
 1.09087 -55.2928  1.12404
 1.09102 -55.2852  1.12404
 1.09117 -55.2777  1.12419
 1.09132 -55.2701  1.12434
 1.09147 -55.2626  1.12449
 1.09162  -55.255  1.12464
 1.09177 -55.2475  1.12464
 1.09192 -55.2399  1.12479
 1.09207 -55.2324  1.12494
 1.09222 -55.2248  1.12509
 1.09237 -55.2173  1.12524
 1.09252 -55.2098  1.12524
 1.09267 -55.2023  1.12539
 1.09282 -55.1947  1.12554
 1.09297 -55.1872  1.12569
 1.09312 -55.1797  1.12584
 1.09327 -55.1722  1.12584
 1.09342 -55.1647  1.12599
 1.09357 -55.1572  1.12614
 1.09372 -55.1497  1.12629
 1.09387 -55.1422  1.12644
 1.09402 -55.1347  1.12659
 1.09417 -55.1272  1.12659
 1.09432 -55.1197  1.12674
 1.09447 -55.1123  1.12689
 1.09462 -55.1048  1.12704
 1.09477 -55.0973  1.12719
 1.09492 -55.0899  1.12719
 1.09507 -55.0824  1.12734
 1.09522 -55.0749  1.12749
 1.09537 -55.0675  1.12764
 1.09552   -55.06  1.12779
 1.09567 -55.0526  1.12779
 1.09582 -55.0451  1.12794
 1.09597 -55.0377  1.12809
 1.09612 -55.0302  1.12824
 1.09627 -55.0228  1.12839
 1.09642 -55.0154  1.12839
 1.09657  -55.008  1.12854
 1.09672 -55.0005  1.12869
 1.09687 -54.9931  1.12884
 1.09702 -54.9857  1.12899
 1.09717 -54.9783  1.12914
 1.09732 -54.9709  1.12914
 1.09747 -54.9635  1.12929
 1.09762 -54.9561  1.12944
 1.09777 -54.9487  1.12959
 1.09792 -54.9413  1.12974
 1.09807 -54.9339  1.12974
 1.09822 -54.9265  1.12989
 1.09837 -54.9191  1.13004
 1.09852 -54.9117  1.13019
 1.09867 -54.9044  1.13034
 1.09882  -54.897  1.13034
 1.09897 -54.8896  1.13049
 1.09912 -54.8823  1.13064
 1.09927 -54.8749  1.13079
 1.09942 -54.8675  1.13094
 1.09957 -54.8602  1.13094
 1.09972 -54.8528  1.13109
 1.09987 -54.8455  1.13124
 1.10003 -54.8382  1.13139
 1.10018 -54.8308  1.13154
 1.10033 -54.8235  1.13169
 1.10048 -54.8161  1.13169
 1.10063 -54.8088  1.13184
 1.10078 -54.8015  1.13199
 1.10093 -54.7942  1.13214
 1.10108 -54.7869  1.13229
 1.10123 -54.7795  1.13229
 1.10138 -54.7722  1.13244
 1.10153 -54.7649  1.13259
 1.10168 -54.7576  1.13274
 1.10183 -54.7503  1.13289
 1.10198  -54.743  1.13289
 1.10213 -54.7357  1.13304
 1.10228 -54.7284  1.13319
 1.10243 -54.7212  1.13334
 1.10258 -54.7139  1.13349
 1.10273 -54.7066  1.13349
 1.10288 -54.6993  1.13364
 1.10303 -54.6921  1.13379
 1.10318 -54.6848  1.13394
 1.10333 -54.6775  1.13409
 1.10348 -54.6703  1.13409
 1.10363  -54.663  1.13424
 1.10378 -54.6558  1.13439
 1.10393 -54.6485  1.13454
 1.10408 -54.6413  1.13469
 1.10423  -54.634  1.13469
 1.10438 -54.6268  1.13484
 1.10453 -54.6196  1.13499
 1.10468 -54.6123  1.13514
 1.10483 -54.6051  1.13529
 1.10498 -54.5979  1.13529
 1.10513 -54.5907  1.13544
 1.10528 -54.5835  1.13559
 1.10543 -54.5763  1.13574
 1.10558  -54.569  1.13589
 1.10573 -54.5618  1.13604
 1.10588 -54.5546  1.13604
 1.10603 -54.5474  1.13619
 1.10618 -54.5403  1.13634
 1.10633 -54.5331  1.13649
 1.10648 -54.5259  1.13664
 1.10663 -54.5187  1.13664
 1.10678 -54.5115  1.13679
 1.10693 -54.5043  1.13694
 1.10708 -54.4972  1.13709
 1.10723   -54.49  1.13724
 1.10738 -54.4828  1.13724
 1.10753 -54.4757  1.13739
 1.10768 -54.4685  1.13754
 1.10783 -54.4614  1.13769
 1.10798 -54.4542  1.13784
 1.10813 -54.4471  1.13784
 1.10828 -54.4399  1.13799
 1.10843 -54.4328  1.13814
 1.10858 -54.4257  1.13829
 1.10873 -54.4185  1.13844
 1.10888 -54.4114  1.13844
 1.10903 -54.4043  1.13859
 1.10918 -54.3972  1.13874
 1.10933   -54.39  1.13889
 1.10948 -54.3829  1.13904
 1.10963 -54.3758  1.13904
 1.10978 -54.3687  1.13919
 1.10993 -54.3616  1.13934
 1.11008 -54.3545  1.13949
 1.11023 -54.3474  1.13949
 1.11038 -54.3403  1.13964
 1.11053 -54.3333  1.13979
 1.11068 -54.3262  1.13994
 1.11083 -54.3191   1.1401
 1.11098  -54.312   1.1401
 1.11113 -54.3049  1.14025
 1.11128 -54.2979   1.1404
 1.11143 -54.2908  1.14055
 1.11158 -54.2837   1.1407
 1.11173 -54.2767   1.1407
 1.11188 -54.2696  1.14085
 1.11203 -54.2626    1.141
 1.11218 -54.2555  1.14115
 1.11233 -54.2485   1.1413
 1.11248 -54.2415   1.1413
 1.11263 -54.2344  1.14145
 1.11278 -54.2274   1.1416
 1.11293 -54.2204  1.14175
 1.11308 -54.2133   1.1419
 1.11323 -54.2063   1.1419
 1.11338 -54.1993  1.14205
 1.11353 -54.1923   1.1422
 1.11368 -54.1853  1.14235
 1.11383 -54.1783   1.1425
 1.11398 -54.1712   1.1425
 1.11413 -54.1642  1.14265
 1.11428 -54.1572   1.1428
 1.11443 -54.1503  1.14295
 1.11458 -54.1433   1.1431
 1.11473 -54.1363   1.1431
 1.11488 -54.1293  1.14325
 1.11503 -54.1223   1.1434
 1.11518 -54.1153  1.14355
 1.11533 -54.1084   1.1437
 1.11548 -54.1014   1.1437
 1.11563 -54.0944  1.14385
 1.11578 -54.0875    1.144
 1.11593 -54.0805  1.14415
 1.11608 -54.0736   1.1443
 1.11623 -54.0666   1.1443
 1.11638 -54.0597  1.14445
 1.11653 -54.0527   1.1446
 1.11668 -54.0458  1.14475
 1.11683 -54.0388  1.14475
 1.11698 -54.0319   1.1449
 1.11713  -54.025  1.14505
 1.11728 -54.0181   1.1452
 1.11743 -54.0111   1.1452
 1.11758 -54.0042  1.14535
 1.11773 -53.9973   1.1455
 1.11788 -53.9904  1.14565
 1.11803 -53.9835  1.14565
 1.11818 -53.9766   1.1458
 1.11833 -53.9697  1.14595
 1.11848 -53.9628  1.14595
 1.11863  -53.956   1.1461
 1.11878 -53.9491  1.14625
 1.11893 -53.9422   1.1464
 1.11908 -53.9353   1.1464
 1.11923 -53.9285  1.14655
 1.11938 -53.9216   1.1467
 1.11953 -53.9147  1.14685
 1.11968 -53.9079  1.14685
 1.11983  -53.901    1.147
 1.11998 -53.8942  1.14715
 1.12014 -53.8873  1.14715
 1.12029 -53.8805   1.1473
 1.12044 -53.8737  1.14745
 1.12059 -53.8668   1.1476
 1.12074   -53.86   1.1476
 1.12089 -53.8532  1.14775
 1.12104 -53.8464   1.1479
 1.12119 -53.8396   1.1479
 1.12134 -53.8328  1.14805
 1.12149  -53.826   1.1482
 1.12164 -53.8192  1.14835
 1.12179 -53.8124  1.14835
 1.12194 -53.8056   1.1485
 1.12209 -53.7988  1.14865
 1.12224  -53.792   1.1488
 1.12239 -53.7852   1.1488
 1.12254 -53.7784  1.14895
 1.12269 -53.7717   1.1491
 1.12284 -53.7649   1.1491
 1.12299 -53.7581  1.14925
 1.12314 -53.7514   1.1494
 1.12329 -53.7446  1.14955
 1.12344 -53.7379  1.14955
 1.12359 -53.7311   1.1497
 1.12374 -53.7244  1.14985
 1.12389 -53.7177     1.15
 1.12404 -53.7109     1.15
 1.12419 -53.7042     1.15
 1.12434 -53.6975     1.15
 1.12449 -53.6908     1.15
 1.12464 -53.6841     1.15
 1.12479 -53.6774     1.15
 1.12494 -53.6708     1.15
 1.12509 -53.6641     1.15
 1.12524 -53.6575     1.15
 1.12539 -53.6509     1.15
 1.12554 -53.6442     1.15
 1.12569 -53.6376     1.15
 1.12584  -53.631     1.15
 1.12599 -53.6245     1.15
 1.12614 -53.6179     1.15
 1.12629 -53.6113     1.15
 1.12644 -53.6048     1.15
 1.12659 -53.5982     1.15
 1.12674 -53.5917     1.15
 1.12689 -53.5852     1.15
 1.12704 -53.5787     1.15
 1.12719 -53.5722     1.15
 1.12734 -53.5657     1.15
 1.12749 -53.5593     1.15
 1.12764 -53.5528     1.15
 1.12779 -53.5464     1.15
 1.12794 -53.5399     1.15
 1.12809 -53.5335     1.15
 1.12824 -53.5271     1.15
 1.12839 -53.5207     1.15
 1.12854 -53.5143     1.15
 1.12869 -53.5079     1.15
 1.12884 -53.5016     1.15
 1.12899 -53.4952     1.15
 1.12914 -53.4889     1.15
 1.12929 -53.4825     1.15
 1.12944 -53.4762     1.15
 1.12959 -53.4699     1.15
 1.12974 -53.4636     1.15
 1.12989 -53.4573     1.15
 1.13004  -53.451     1.15
 1.13019 -53.4448     1.15
 1.13034 -53.4385     1.15
 1.13049 -53.4322     1.15
 1.13064  -53.426     1.15
 1.13079 -53.4198     1.15
 1.13094 -53.4136     1.15
 1.13109 -53.4074     1.15
 1.13124 -53.4012     1.15
 1.13139  -53.395     1.15
 1.13154 -53.3888     1.15
 1.13169 -53.3827     1.15
 1.13184 -53.3765     1.15
 1.13199 -53.3704     1.15
 1.13214 -53.3642     1.15
 1.13229 -53.3581     1.15
 1.13244  -53.352     1.15
 1.13259 -53.3459     1.15
 1.13274 -53.3398     1.15
 1.13289 -53.3338     1.15
 1.13304 -53.3277     1.15
 1.13319 -53.3216     1.15
 1.13334 -53.3156     1.15
 1.13349 -53.3096     1.15
 1.13364 -53.3035     1.15
 1.13379 -53.2975     1.15
 1.13394 -53.2915     1.15
 1.13409 -53.2855     1.15
 1.13424 -53.2795     1.15
 1.13439 -53.2736     1.15
 1.13454 -53.2676     1.15
 1.13469 -53.2616     1.15
 1.13484 -53.2557     1.15
 1.13499 -53.2498     1.15
 1.13514 -53.2438     1.15
 1.13529 -53.2379     1.15
 1.13544  -53.232     1.15
 1.13559 -53.2261     1.15
 1.13574 -53.2203     1.15
 1.13589 -53.2144     1.15
 1.13604 -53.2085     1.15
 1.13619 -53.2027     1.15
 1.13634 -53.1968     1.15
 1.13649  -53.191     1.15
 1.13664 -53.1852     1.15
 1.13679 -53.1794     1.15
 1.13694 -53.1736     1.15
 1.13709 -53.1678     1.15
 1.13724  -53.162     1.15
 1.13739 -53.1562     1.15
 1.13754 -53.1505     1.15
 1.13769 -53.1447     1.15
 1.13784  -53.139     1.15
 1.13799 -53.1332     1.15
 1.13814 -53.1275     1.15
 1.13829 -53.1218     1.15
 1.13844 -53.1161     1.15
 1.13859 -53.1104     1.15
 1.13874 -53.1047     1.15
 1.13889  -53.099     1.15
 1.13904 -53.0934     1.15
 1.13919 -53.0877     1.15
 1.13934 -53.0821     1.15
 1.13949 -53.0764     1.15
 1.13964 -53.0708     1.15
 1.13979 -53.0652     1.15
 1.13994 -53.0596     1.15
  1.1401  -53.054     1.15
 1.14025 -53.0484     1.15
  1.1404 -53.0428     1.15
 1.14055 -53.0372     1.15
  1.1407 -53.0317     1.15
 1.14085 -53.0261     1.15
   1.141 -53.0206     1.15
 1.14115 -53.0151     1.15
  1.1413 -53.0095     1.15
 1.14145  -53.004     1.15
  1.1416 -52.9985     1.15
 1.14175  -52.993     1.15
  1.1419 -52.9875     1.15
 1.14205 -52.9821     1.15
  1.1422 -52.9766     1.15
 1.14235 -52.9711     1.15
  1.1425 -52.9657     1.15
 1.14265 -52.9602     1.15
  1.1428 -52.9548     1.15
 1.14295 -52.9494     1.15
  1.1431  -52.944     1.15
 1.14325 -52.9386     1.15
  1.1434 -52.9332     1.15
 1.14355 -52.9278     1.15
  1.1437 -52.9224     1.15
 1.14385  -52.917     1.15
   1.144 -52.9117     1.15
 1.14415 -52.9063     1.15
  1.1443  -52.901     1.15
 1.14445 -52.8957     1.15
  1.1446 -52.8903     1.15
 1.14475  -52.885     1.15
  1.1449 -52.8797     1.15
 1.14505 -52.8744     1.15
  1.1452 -52.8691     1.15
 1.14535 -52.8639     1.15
  1.1455 -52.8586     1.15
 1.14565 -52.8533     1.15
  1.1458 -52.8481     1.15
 1.14595 -52.8428     1.15
  1.1461 -52.8376     1.15
 1.14625 -52.8324     1.15
  1.1464 -52.8272     1.15
 1.14655 -52.8219     1.15
  1.1467 -52.8167     1.15
 1.14685 -52.8116     1.15
   1.147 -52.8064     1.15
 1.14715 -52.8012     1.15
  1.1473  -52.796     1.15
 1.14745 -52.7909     1.15
  1.1476 -52.7857     1.15
 1.14775 -52.7806     1.15
  1.1479 -52.7755     1.15
 1.14805 -52.7703     1.15
  1.1482 -52.7652     1.15
 1.14835 -52.7601     1.15
  1.1485  -52.755     1.15
 1.14865 -52.7499     1.15
  1.1488 -52.7449     1.15
 1.14895 -52.7398     1.15
  1.1491 -52.7347     1.15
 1.14925 -52.7297     1.15
  1.1494 -52.7246     1.15
 1.14955 -52.7196     1.15
  1.1497 -52.7146     1.15
 1.14985 -52.7095     1.15
    1.15 -52.7045     1.15