 kgrid  ValNew  Policy 
    0.85 -64.0058     0.85
 0.85015 -63.9905     0.85
  0.8503 -63.9752     0.85
 0.85045 -63.9599     0.85
  0.8506 -63.9447     0.85
 0.85075 -63.9295     0.85
  0.8509 -63.9143     0.85
0.851051 -63.8992     0.85
0.851201 -63.8841     0.85
0.851351  -63.869     0.85
0.851501  -63.854     0.85
0.851651  -63.839     0.85
0.851801  -63.824     0.85
0.851951 -63.8091  0.85015
0.852101 -63.7941  0.85015
0.852251 -63.7792   0.8503
0.852401 -63.7643  0.85045
0.852551 -63.7494  0.85045
0.852701 -63.7345   0.8506
0.852851 -63.7196  0.85075
0.853002 -63.7048  0.85075
0.853152 -63.6899   0.8509
0.853302 -63.6751 0.851051
0.853452 -63.6603 0.851051
0.853602 -63.6455 0.851201
0.853752 -63.6307 0.851201
0.853902 -63.6159 0.851351
0.854052 -63.6011 0.851501
0.854202 -63.5863 0.851501
0.854352 -63.5716 0.851651
0.854502 -63.5569 0.851801
0.854652 -63.5421 0.851801
0.854802 -63.5274 0.851951
0.854952 -63.5127 0.852101
0.855103 -63.4981 0.852251
0.855253 -63.4834 0.852251
0.855403 -63.4687 0.852401
0.855553 -63.4541 0.852551
0.855703 -63.4394 0.852551
0.855853 -63.4248 0.852701
0.856003 -63.4102 0.852851
0.856153 -63.3956 0.853002
0.856303  -63.381 0.853002
0.856453 -63.3664 0.853152
0.856603 -63.3518 0.853302
0.856753 -63.3372 0.853302
0.856903 -63.3227 0.853452
0.857054 -63.3081 0.853602
0.857204 -63.2936 0.853752
0.857354 -63.2791 0.853752
0.857504 -63.2646 0.853902
0.857654 -63.2501 0.854052
0.857804 -63.2356 0.854052
0.857954 -63.2211 0.854202
0.858104 -63.2066 0.854352
0.858254 -63.1922 0.854502
0.858404 -63.1777 0.854502
0.858554 -63.1633 0.854652
0.858704 -63.1489 0.854802
0.858854 -63.1345 0.854802
0.859005 -63.1201 0.854952
0.859155 -63.1057 0.855103
0.859305 -63.0913 0.855253
0.859455 -63.0769 0.855253
0.859605 -63.0626 0.855403
0.859755 -63.0482 0.855553
0.859905 -63.0339 0.855703
0.860055 -63.0196 0.855703
0.860205 -63.0052 0.855853
0.860355 -62.9909 0.856003
0.860505 -62.9766 0.856003
0.860655 -62.9623 0.856153
0.860805 -62.9481 0.856303
0.860955 -62.9338 0.856453
0.861106 -62.9196 0.856453
0.861256 -62.9053 0.856603
0.861406 -62.8911 0.856753
0.861556 -62.8769 0.856753
0.861706 -62.8626 0.856903
0.861856 -62.8484 0.857054
0.862006 -62.8342 0.857204
0.862156 -62.8201 0.857204
0.862306 -62.8059 0.857354
0.862456 -62.7917 0.857504
0.862606 -62.7776 0.857654
0.862756 -62.7634 0.857654
0.862906 -62.7493 0.857804
0.863057 -62.7352 0.857954
0.863207 -62.7211 0.857954
0.863357  -62.707 0.858104
0.863507 -62.6929 0.858254
0.863657 -62.6788 0.858404
0.863807 -62.6647 0.858404
0.863957 -62.6507 0.858554
0.864107 -62.6366 0.858704
0.864257 -62.6226 0.858854
0.864407 -62.6086 0.858854
0.864557 -62.5945 0.859005
0.864707 -62.5805 0.859155
0.864857 -62.5665 0.859305
0.865008 -62.5525 0.859305
0.865158 -62.5386 0.859455
0.865308 -62.5246 0.859605
0.865458 -62.5106 0.859605
0.865608 -62.4967 0.859755
0.865758 -62.4827 0.859905
0.865908 -62.4688 0.860055
0.866058 -62.4549 0.860055
0.866208  -62.441 0.860205
0.866358 -62.4271 0.860355
0.866508 -62.4132 0.860505
0.866658 -62.3993 0.860505
0.866808 -62.3854 0.860655
0.866958 -62.3716 0.860805
0.867109 -62.3577 0.860805
0.867259 -62.3439 0.860955
0.867409 -62.3301 0.861106
0.867559 -62.3162 0.861256
0.867709 -62.3024 0.861256
0.867859 -62.2886 0.861406
0.868009 -62.2748 0.861556
0.868159 -62.2611 0.861706
0.868309 -62.2473 0.861706
0.868459 -62.2335 0.861856
0.868609 -62.2198 0.862006
0.868759  -62.206 0.862156
0.868909 -62.1923 0.862156
 0.86906 -62.1786 0.862306
 0.86921 -62.1649 0.862456
 0.86936 -62.1512 0.862606
 0.86951 -62.1375 0.862606
 0.86966 -62.1238 0.862756
 0.86981 -62.1101 0.862906
 0.86996 -62.0964 0.863057
 0.87011 -62.0828 0.863057
 0.87026 -62.0691 0.863207
 0.87041 -62.0555 0.863357
 0.87056 -62.0419 0.863357
 0.87071 -62.0282 0.863507
 0.87086 -62.0146 0.863657
0.871011  -62.001 0.863807
0.871161 -61.9874 0.863807
0.871311 -61.9739 0.863957
0.871461 -61.9603 0.864107
0.871611 -61.9467 0.864257
0.871761 -61.9332 0.864257
0.871911 -61.9196 0.864407
0.872061 -61.9061 0.864557
0.872211 -61.8926 0.864707
0.872361  -61.879 0.864707
0.872511 -61.8655 0.864857
0.872661  -61.852 0.865008
0.872811 -61.8385 0.865158
0.872961 -61.8251 0.865158
0.873112 -61.8116 0.865308
0.873262 -61.7981 0.865458
0.873412 -61.7847 0.865608
0.873562 -61.7712 0.865608
0.873712 -61.7578 0.865758
0.873862 -61.7444 0.865908
0.874012  -61.731 0.866058
0.874162 -61.7175 0.866058
0.874312 -61.7041 0.866208
0.874462 -61.6908 0.866358
0.874612 -61.6774 0.866508
0.874762  -61.664 0.866508
0.874912 -61.6506 0.866658
0.875063 -61.6373 0.866808
0.875213 -61.6239 0.866958
0.875363 -61.6106 0.866958
0.875513 -61.5973 0.867109
0.875663  -61.584 0.867259
0.875813 -61.5707 0.867409
0.875963 -61.5574 0.867409
0.876113 -61.5441 0.867559
0.876263 -61.5308 0.867709
0.876413 -61.5175 0.867859
0.876563 -61.5043 0.867859
0.876713  -61.491 0.868009
0.876863 -61.4777 0.868159
0.877014 -61.4645 0.868309
0.877164 -61.4513 0.868309
0.877314 -61.4381 0.868459
0.877464 -61.4249 0.868609
0.877614 -61.4117 0.868759
0.877764 -61.3985 0.868759
0.877914 -61.3853 0.868909
0.878064 -61.3721  0.86906
0.878214 -61.3589  0.86921
0.878364 -61.3458  0.86921
0.878514 -61.3326  0.86936
0.878664 -61.3195  0.86951
0.878814 -61.3064  0.86966
0.878964 -61.2932  0.86966
0.879115 -61.2801  0.86981
0.879265  -61.267  0.86996
0.879415 -61.2539  0.87011
0.879565 -61.2408  0.87011
0.879715 -61.2278  0.87026
0.879865 -61.2147  0.87041
0.880015 -61.2016  0.87056
0.880165 -61.1886  0.87056
0.880315 -61.1755  0.87071
0.880465 -61.1625  0.87086
0.880615 -61.1495 0.871011
0.880765 -61.1364 0.871011
0.880915 -61.1234 0.871161
0.881066 -61.1104 0.871311
0.881216 -61.0974 0.871461
0.881366 -61.0844 0.871611
0.881516 -61.0714 0.871761
0.881666 -61.0585 0.871911
0.881816 -61.0455 0.871911
0.881966 -61.0325 0.872061
0.882116 -61.0196 0.872211
0.882266 -61.0066 0.872361
0.882416 -60.9937 0.872511
0.882566 -60.9807 0.872661
0.882716 -60.9678 0.872661
0.882866 -60.9549 0.872811
0.883017  -60.942 0.872961
0.883167  -60.929 0.873112
0.883317 -60.9161 0.873262
0.883467 -60.9032 0.873412
0.883617 -60.8903 0.873562
0.883767 -60.8774 0.873562
0.883917 -60.8646 0.873712
0.884067 -60.8517 0.873862
0.884217 -60.8388 0.874012
0.884367  -60.826 0.874162
0.884517 -60.8131 0.874312
0.884667 -60.8003 0.874312
0.884817 -60.7874 0.874462
0.884967 -60.7746 0.874612
0.885118 -60.7617 0.874762
0.885268 -60.7489 0.874912
0.885418 -60.7361 0.875063
0.885568 -60.7233 0.875213
0.885718 -60.7105 0.875213
0.885868 -60.6977 0.875363
0.886018 -60.6849 0.875513
0.886168 -60.6721 0.875663
0.886318 -60.6593 0.875813
0.886468 -60.6465 0.875963
0.886618 -60.6337 0.876113
0.886768  -60.621 0.876113
0.886918 -60.6082 0.876263
0.887069 -60.5955 0.876413
0.887219 -60.5827 0.876563
0.887369   -60.57 0.876713
0.887519 -60.5572 0.876863
0.887669 -60.5445 0.877014
0.887819 -60.5318 0.877014
0.887969 -60.5191 0.877164
0.888119 -60.5064 0.877314
0.888269 -60.4937 0.877464
0.888419  -60.481 0.877614
0.888569 -60.4683 0.877764
0.888719 -60.4556 0.877914
0.888869 -60.4429 0.877914
 0.88902 -60.4302 0.878064
 0.88917 -60.4176 0.878214
 0.88932 -60.4049 0.878364
 0.88947 -60.3922 0.878514
 0.88962 -60.3796 0.878664
 0.88977 -60.3669 0.878814
 0.88992 -60.3543 0.878964
 0.89007 -60.3417 0.878964
 0.89022  -60.329 0.879115
 0.89037 -60.3164 0.879265
 0.89052 -60.3038 0.879415
 0.89067 -60.2912 0.879565
 0.89082 -60.2786 0.879715
 0.89097  -60.266 0.879865
0.891121 -60.2534 0.879865
0.891271 -60.2408 0.880015
0.891421 -60.2282 0.880165
0.891571 -60.2157 0.880315
0.891721 -60.2031 0.880465
0.891871 -60.1905 0.880615
0.892021  -60.178 0.880765
0.892171 -60.1654 0.880765
0.892321 -60.1529 0.880915
0.892471 -60.1403 0.881066
0.892621 -60.1278 0.881216
0.892771 -60.1153 0.881366
0.892921 -60.1027 0.881516
0.893072 -60.0902 0.881666
0.893222 -60.0777 0.881666
0.893372 -60.0652 0.881816
0.893522 -60.0527 0.881966
0.893672 -60.0402 0.882116
0.893822 -60.0277 0.882266
0.893972 -60.0152 0.882416
0.894122 -60.0028 0.882566
0.894272 -59.9903 0.882716
0.894422 -59.9778 0.882716
0.894572 -59.9654 0.882866
0.894722 -59.9529 0.883017
0.894872 -59.9404 0.883167
0.895023  -59.928 0.883317
0.895173 -59.9156 0.883467
0.895323 -59.9031 0.883617
0.895473 -59.8907 0.883767
0.895623 -59.8783 0.883917
0.895773 -59.8658 0.883917
0.895923 -59.8534 0.884067
0.896073  -59.841 0.884217
0.896223 -59.8286 0.884367
0.896373 -59.8162 0.884517
0.896523 -59.8038 0.884667
0.896673 -59.7914 0.884817
0.896823 -59.7791 0.884967
0.896973 -59.7667 0.884967
0.897124 -59.7543 0.885118
0.897274  -59.742 0.885268
0.897424 -59.7296 0.885418
0.897574 -59.7172 0.885568
0.897724 -59.7049 0.885718
0.897874 -59.6925 0.885868
0.898024 -59.6802 0.886018
0.898174 -59.6679 0.886018
0.898324 -59.6555 0.886168
0.898474 -59.6432 0.886318
0.898624 -59.6309 0.886468
0.898774 -59.6186 0.886618
0.898924 -59.6063 0.886768
0.899075  -59.594 0.886918
0.899225 -59.5817 0.887069
0.899375 -59.5694 0.887069
0.899525 -59.5571 0.887219
0.899675 -59.5448 0.887369
0.899825 -59.5326 0.887519
0.899975 -59.5203 0.887669
0.900125  -59.508 0.887819
0.900275 -59.4958 0.887969
0.900425 -59.4835 0.888119
0.900575 -59.4713 0.888119
0.900725  -59.459 0.888269
0.900875 -59.4468 0.888419
0.901026 -59.4346 0.888569
0.901176 -59.4223 0.888719
0.901326 -59.4101 0.888869
0.901476 -59.3979  0.88902
0.901626 -59.3857  0.88917
0.901776 -59.3735  0.88932
0.901926 -59.3613  0.88932
0.902076 -59.3491  0.88947
0.902226 -59.3369  0.88962
0.902376 -59.3247  0.88977
0.902526 -59.3125  0.88992
0.902676 -59.3003  0.89007
0.902826 -59.2882  0.89022
0.902976  -59.276  0.89037
0.903127 -59.2638  0.89037
0.903277 -59.2517  0.89052
0.903427 -59.2395  0.89067
0.903577 -59.2274  0.89082
0.903727 -59.2152  0.89097
0.903877 -59.2031 0.891121
0.904027  -59.191 0.891271
0.904177 -59.1789 0.891421
0.904327 -59.1667 0.891571
0.904477 -59.1546 0.891571
0.904627 -59.1425 0.891721
0.904777 -59.1304 0.891871
0.904927 -59.1183 0.892021
0.905078 -59.1062 0.892171
0.905228 -59.0941 0.892321
0.905378  -59.082 0.892471
0.905528   -59.07 0.892621
0.905678 -59.0579 0.892621
0.905828 -59.0458 0.892771
0.905978 -59.0338 0.892921
0.906128 -59.0217 0.893072
0.906278 -59.0097 0.893222
0.906428 -58.9976 0.893372
0.906578 -58.9856 0.893522
0.906728 -58.9735 0.893672
0.906878 -58.9615 0.893822
0.907029 -58.9495 0.893822
0.907179 -58.9374 0.893972
0.907329 -58.9254 0.894122
0.907479 -58.9134 0.894272
0.907629 -58.9014 0.894422
0.907779 -58.8894 0.894572
0.907929 -58.8774 0.894722
0.908079 -58.8654 0.894872
0.908229 -58.8534 0.895023
0.908379 -58.8414 0.895023
0.908529 -58.8295 0.895173
0.908679 -58.8175 0.895323
0.908829 -58.8055 0.895473
0.908979 -58.7935 0.895623
 0.90913 -58.7816 0.895773
 0.90928 -58.7696 0.895923
 0.90943 -58.7577 0.896073
 0.90958 -58.7457 0.896223
 0.90973 -58.7338 0.896223
 0.90988 -58.7219 0.896373
 0.91003 -58.7099 0.896523
 0.91018  -58.698 0.896673
 0.91033 -58.6861 0.896823
 0.91048 -58.6742 0.896973
 0.91063 -58.6623 0.897124
 0.91078 -58.6504 0.897274
 0.91093 -58.6385 0.897424
0.911081 -58.6266 0.897424
0.911231 -58.6147 0.897574
0.911381 -58.6028 0.897724
0.911531 -58.5909 0.897874
0.911681  -58.579 0.898024
0.911831 -58.5672 0.898174
0.911981 -58.5553 0.898324
0.912131 -58.5434 0.898474
0.912281 -58.5316 0.898624
0.912431 -58.5197 0.898624
0.912581 -58.5079 0.898774
0.912731  -58.496 0.898924
0.912881 -58.4842 0.899075
0.913032 -58.4723 0.899225
0.913182 -58.4605 0.899375
0.913332 -58.4487 0.899525
0.913482 -58.4369 0.899675
0.913632 -58.4251 0.899825
0.913782 -58.4133 0.899825
0.913932 -58.4014 0.899975
0.914082 -58.3896 0.900125
0.914232 -58.3779 0.900275
0.914382 -58.3661 0.900425
0.914532 -58.3543 0.900575
0.914682 -58.3425 0.900725
0.914832 -58.3307 0.900875
0.914982 -58.3189 0.901026
0.915133 -58.3072 0.901176
0.915283 -58.2954 0.901176
0.915433 -58.2837 0.901326
0.915583 -58.2719 0.901476
0.915733 -58.2601 0.901626
0.915883 -58.2484 0.901776
0.916033 -58.2367 0.901926
0.916183 -58.2249 0.902076
0.916333 -58.2132 0.902226
0.916483 -58.2015 0.902376
0.916633 -58.1897 0.902526
0.916783  -58.178 0.902526
0.916933 -58.1663 0.902676
0.917084 -58.1546 0.902826
0.917234 -58.1429 0.902976
0.917384 -58.1312 0.903127
0.917534 -58.1195 0.903277
0.917684 -58.1078 0.903427
0.917834 -58.0961 0.903577
0.917984 -58.0844 0.903727
0.918134 -58.0727 0.903877
0.918284 -58.0611 0.904027
0.918434 -58.0494 0.904027
0.918584 -58.0377 0.904177
0.918734 -58.0261 0.904327
0.918884 -58.0144 0.904477
0.919035 -58.0027 0.904627
0.919185 -57.9911 0.904777
0.919335 -57.9795 0.904927
0.919485 -57.9678 0.905078
0.919635 -57.9562 0.905228
0.919785 -57.9445 0.905378
0.919935 -57.9329 0.905528
0.920085 -57.9213 0.905528
0.920235 -57.9097 0.905678
0.920385 -57.8981 0.905828
0.920535 -57.8864 0.905978
0.920685 -57.8748 0.906128
0.920835 -57.8632 0.906278
0.920985 -57.8516 0.906428
0.921136   -57.84 0.906578
0.921286 -57.8285 0.906728
0.921436 -57.8169 0.906878
0.921586 -57.8053 0.907029
0.921736 -57.7937 0.907029
0.921886 -57.7821 0.907179
0.922036 -57.7706 0.907329
0.922186  -57.759 0.907479
0.922336 -57.7474 0.907629
0.922486 -57.7359 0.907779
0.922636 -57.7243 0.907929
0.922786 -57.7128 0.908079
0.922936 -57.7012 0.908229
0.923087 -57.6897 0.908379
0.923237 -57.6782 0.908529
0.923387 -57.6666 0.908529
0.923537 -57.6551 0.908679
0.923687 -57.6436 0.908829
0.923837 -57.6321 0.908979
0.923987 -57.6206  0.90913
0.924137 -57.6091  0.90928
0.924287 -57.5975  0.90943
0.924437  -57.586  0.90958
0.924587 -57.5746  0.90973
0.924737 -57.5631  0.90988
0.924887 -57.5516  0.91003
0.925038 -57.5401  0.91003
0.925188 -57.5286  0.91018
0.925338 -57.5171  0.91033
0.925488 -57.5057  0.91048
0.925638 -57.4942  0.91063
0.925788 -57.4827  0.91078
0.925938 -57.4713  0.91093
0.926088 -57.4598 0.911081
0.926238 -57.4484 0.911231
0.926388 -57.4369 0.911381
0.926538 -57.4255 0.911531
0.926688  -57.414 0.911531
0.926838 -57.4026 0.911681
0.926988 -57.3912 0.911831
0.927139 -57.3797 0.911981
0.927289 -57.3683 0.912131
0.927439 -57.3569 0.912281
0.927589 -57.3455 0.912431
0.927739 -57.3341 0.912581
0.927889 -57.3227 0.912731
0.928039 -57.3113 0.912881
0.928189 -57.2999 0.913032
0.928339 -57.2885 0.913182
0.928489 -57.2771 0.913182
0.928639 -57.2657 0.913332
0.928789 -57.2543 0.913482
0.928939  -57.243 0.913632
 0.92909 -57.2316 0.913782
 0.92924 -57.2202 0.913932
 0.92939 -57.2088 0.914082
 0.92954 -57.1975 0.914232
 0.92969 -57.1861 0.914382
 0.92984 -57.1748 0.914532
 0.92999 -57.1634 0.914682
 0.93014 -57.1521 0.914832
 0.93029 -57.1407 0.914832
 0.93044 -57.1294 0.914982
 0.93059 -57.1181 0.915133
 0.93074 -57.1067 0.915283
 0.93089 -57.0954 0.915433
0.931041 -57.0841 0.915583
0.931191 -57.0728 0.915733
0.931341 -57.0615 0.915883
0.931491 -57.0502 0.916033
0.931641 -57.0389 0.916183
0.931791 -57.0276 0.916333
0.931941 -57.0163 0.916483
0.932091  -57.005 0.916483
0.932241 -56.9937 0.916633
0.932391 -56.9824 0.916783
0.932541 -56.9711 0.916933
0.932691 -56.9598 0.917084
0.932841 -56.9486 0.917234
0.932991 -56.9373 0.917384
0.933142  -56.926 0.917534
0.933292 -56.9148 0.917684
0.933442 -56.9035 0.917834
0.933592 -56.8922 0.917984
0.933742  -56.881 0.918134
0.933892 -56.8697 0.918134
0.934042 -56.8585 0.918284
0.934192 -56.8473 0.918434
0.934342  -56.836 0.918584
0.934492 -56.8248 0.918734
0.934642 -56.8136 0.918884
0.934792 -56.8024 0.919035
0.934942 -56.7911 0.919185
0.935093 -56.7799 0.919335
0.935243 -56.7687 0.919485
0.935393 -56.7575 0.919635
0.935543 -56.7463 0.919785
0.935693 -56.7351 0.919935
0.935843 -56.7239 0.919935
0.935993 -56.7127 0.920085
0.936143 -56.7015 0.920235
0.936293 -56.6903 0.920385
0.936443 -56.6792 0.920535
0.936593  -56.668 0.920685
0.936743 -56.6568 0.920835
0.936893 -56.6456 0.920985
0.937044 -56.6345 0.921136
0.937194 -56.6233 0.921286
0.937344 -56.6122 0.921436
0.937494  -56.601 0.921586
0.937644 -56.5899 0.921586
0.937794 -56.5787 0.921736
0.937944 -56.5676 0.921886
0.938094 -56.5564 0.922036
0.938244 -56.5453 0.922186
0.938394 -56.5342 0.922336
0.938544  -56.523 0.922486
0.938694 -56.5119 0.922636
0.938844 -56.5008 0.922786
0.938994 -56.4897 0.922936
0.939145 -56.4786 0.923087
0.939295 -56.4675 0.923237
0.939445 -56.4564 0.923237
0.939595 -56.4453 0.923387
0.939745 -56.4342 0.923537
0.939895 -56.4231 0.923687
0.940045  -56.412 0.923837
0.940195 -56.4009 0.923987
0.940345 -56.3898 0.924137
0.940495 -56.3787 0.924287
0.940645 -56.3677 0.924437
0.940795 -56.3566 0.924587
0.940945 -56.3455 0.924737
0.941096 -56.3345 0.924887
0.941246 -56.3234 0.925038
0.941396 -56.3124 0.925038
0.941546 -56.3013 0.925188
0.941696 -56.2903 0.925338
0.941846 -56.2792 0.925488
0.941996 -56.2682 0.925638
0.942146 -56.2572 0.925788
0.942296 -56.2461 0.925938
0.942446 -56.2351 0.926088
0.942596 -56.2241 0.926238
0.942746  -56.213 0.926388
0.942896  -56.202 0.926538
0.943047  -56.191 0.926688
0.943197   -56.18 0.926688
0.943347  -56.169 0.926838
0.943497  -56.158 0.926988
0.943647  -56.147 0.927139
0.943797  -56.136 0.927289
0.943947  -56.125 0.927439
0.944097  -56.114 0.927589
0.944247 -56.1031 0.927739
0.944397 -56.0921 0.927889
0.944547 -56.0811 0.928039
0.944697 -56.0701 0.928189
0.944847 -56.0592 0.928339
0.944997 -56.0482 0.928489
0.945148 -56.0372 0.928489
0.945298 -56.0263 0.928639
0.945448 -56.0153 0.928789
0.945598 -56.0044 0.928939
0.945748 -55.9934  0.92909
0.945898 -55.9825  0.92924
0.946048 -55.9716  0.92939
0.946198 -55.9606  0.92954
0.946348 -55.9497  0.92969
0.946498 -55.9388  0.92984
0.946648 -55.9278  0.92999
0.946798 -55.9169  0.93014
0.946948  -55.906  0.93029
0.947099 -55.8951  0.93029
0.947249 -55.8842  0.93044
0.947399 -55.8733  0.93059
0.947549 -55.8624  0.93074
0.947699 -55.8515  0.93089
0.947849 -55.8406 0.931041
0.947999 -55.8297 0.931191
0.948149 -55.8188 0.931341
0.948299 -55.8079 0.931491
0.948449  -55.797 0.931641
0.948599 -55.7862 0.931791
0.948749 -55.7753 0.931941
0.948899 -55.7644 0.932091
 0.94905 -55.7536 0.932091
  0.9492 -55.7427 0.932241
 0.94935 -55.7318 0.932391
  0.9495  -55.721 0.932541
 0.94965 -55.7101 0.932691
  0.9498 -55.6993 0.932841
 0.94995 -55.6884 0.932991
  0.9501 -55.6776 0.933142
 0.95025 -55.6668 0.933292
  0.9504 -55.6559 0.933442
 0.95055 -55.6451 0.933592
  0.9507 -55.6343 0.933742
 0.95085 -55.6235 0.933892
0.951001 -55.6126 0.933892
0.951151 -55.6018 0.934042
0.951301  -55.591 0.934192
0.951451 -55.5802 0.934342
0.951601 -55.5694 0.934492
0.951751 -55.5586 0.934642
0.951901 -55.5478 0.934792
0.952051  -55.537 0.934942
0.952201 -55.5262 0.935093
0.952351 -55.5154 0.935243
0.952501 -55.5047 0.935393
0.952651 -55.4939 0.935543
0.952801 -55.4831 0.935693
0.952951 -55.4723 0.935843
0.953102 -55.4616 0.935843
0.953252 -55.4508 0.935993
0.953402   -55.44 0.936143
0.953552 -55.4293 0.936293
0.953702 -55.4185 0.936443
0.953852 -55.4078 0.936593
0.954002  -55.397 0.936743
0.954152 -55.3863 0.936893
0.954302 -55.3755 0.937044
0.954452 -55.3648 0.937194
0.954602 -55.3541 0.937344
0.954752 -55.3433 0.937494
0.954902 -55.3326 0.937644
0.955053 -55.3219 0.937644
0.955203 -55.3112 0.937794
0.955353 -55.3005 0.937944
0.955503 -55.2897 0.938094
0.955653  -55.279 0.938244
0.955803 -55.2683 0.938394
0.955953 -55.2576 0.938544
0.956103 -55.2469 0.938694
0.956253 -55.2362 0.938844
0.956403 -55.2255 0.938994
0.956553 -55.2148 0.939145
0.956703 -55.2042 0.939295
0.956853 -55.1935 0.939445
0.957004 -55.1828 0.939595
0.957154 -55.1721 0.939595
0.957304 -55.1615 0.939745
0.957454 -55.1508 0.939895
0.957604 -55.1401 0.940045
0.957754 -55.1295 0.940195
0.957904 -55.1188 0.940345
0.958054 -55.1082 0.940495
0.958204 -55.0975 0.940645
0.958354 -55.0869 0.940795
0.958504 -55.0762 0.940945
0.958654 -55.0656 0.941096
0.958804 -55.0549 0.941246
0.958954 -55.0443 0.941396
0.959105 -55.0337 0.941546
0.959255 -55.0231 0.941546
0.959405 -55.0124 0.941696
0.959555 -55.0018 0.941846
0.959705 -54.9912 0.941996
0.959855 -54.9806 0.942146
0.960005   -54.97 0.942296
0.960155 -54.9594 0.942446
0.960305 -54.9488 0.942596
0.960455 -54.9382 0.942746
0.960605 -54.9276 0.942896
0.960755  -54.917 0.943047
0.960905 -54.9064 0.943197
0.961056 -54.8958 0.943347
0.961206 -54.8852 0.943497
0.961356 -54.8746 0.943497
0.961506 -54.8641 0.943647
0.961656 -54.8535 0.943797
0.961806 -54.8429 0.943947
0.961956 -54.8324 0.944097
0.962106 -54.8218 0.944247
0.962256 -54.8112 0.944397
0.962406 -54.8007 0.944547
0.962556 -54.7901 0.944697
0.962706 -54.7796 0.944847
0.962856  -54.769 0.944997
0.963007 -54.7585 0.945148
0.963157  -54.748 0.945298
0.963307 -54.7374 0.945448
0.963457 -54.7269 0.945448
0.963607 -54.7164 0.945598
0.963757 -54.7059 0.945748
0.963907 -54.6953 0.945898
0.964057 -54.6848 0.946048
0.964207 -54.6743 0.946198
0.964357 -54.6638 0.946348
0.964507 -54.6533 0.946498
0.964657 -54.6428 0.946648
0.964807 -54.6323 0.946798
0.964957 -54.6218 0.946948
0.965108 -54.6113 0.947099
0.965258 -54.6008 0.947249
0.965408 -54.5903 0.947399
0.965558 -54.5798 0.947399
0.965708 -54.5693 0.947549
0.965858 -54.5589 0.947699
0.966008 -54.5484 0.947849
0.966158 -54.5379 0.947999
0.966308 -54.5275 0.948149
0.966458  -54.517 0.948299
0.966608 -54.5065 0.948449
0.966758 -54.4961 0.948599
0.966908 -54.4856 0.948749
0.967059 -54.4752 0.948899
0.967209 -54.4647  0.94905
0.967359 -54.4543   0.9492
0.967509 -54.4438  0.94935
0.967659 -54.4334   0.9495
0.967809  -54.423   0.9495
0.967959 -54.4125  0.94965
0.968109 -54.4021   0.9498
0.968259 -54.3917  0.94995
0.968409 -54.3813   0.9501
0.968559 -54.3708  0.95025
0.968709 -54.3604   0.9504
0.968859   -54.35  0.95055
 0.96901 -54.3396   0.9507
 0.96916 -54.3292  0.95085
 0.96931 -54.3188 0.951001
 0.96946 -54.3084 0.951151
 0.96961  -54.298 0.951301
 0.96976 -54.2876 0.951451
 0.96991 -54.2772 0.951451
 0.97006 -54.2669 0.951601
 0.97021 -54.2565 0.951751
 0.97036 -54.2461 0.951901
 0.97051 -54.2357 0.952051
 0.97066 -54.2253 0.952201
 0.97081  -54.215 0.952351
 0.97096 -54.2046 0.952501
0.971111 -54.1943 0.952651
0.971261 -54.1839 0.952801
0.971411 -54.1735 0.952951
0.971561 -54.1632 0.953102
0.971711 -54.1528 0.953252
0.971861 -54.1425 0.953402
0.972011 -54.1322 0.953402
0.972161 -54.1218 0.953552
0.972311 -54.1115 0.953702
0.972461 -54.1011 0.953852
0.972611 -54.0908 0.954002
0.972761 -54.0805 0.954152
0.972911 -54.0702 0.954302
0.973062 -54.0598 0.954452
0.973212 -54.0495 0.954602
0.973362 -54.0392 0.954752
0.973512 -54.0289 0.954902
0.973662 -54.0186 0.955053
0.973812 -54.0083 0.955203
0.973962  -53.998 0.955353
0.974112 -53.9877 0.955503
0.974262 -53.9774 0.955503
0.974412 -53.9671 0.955653
0.974562 -53.9568 0.955803
0.974712 -53.9465 0.955953
0.974862 -53.9363 0.956103
0.975013  -53.926 0.956253
0.975163 -53.9157 0.956403
0.975313 -53.9054 0.956553
0.975463 -53.8952 0.956703
0.975613 -53.8849 0.956853
0.975763 -53.8746 0.957004
0.975913 -53.8644 0.957154
0.976063 -53.8541 0.957304
0.976213 -53.8439 0.957454
0.976363 -53.8336 0.957604
0.976513 -53.8234 0.957604
0.976663 -53.8131 0.957754
0.976813 -53.8029 0.957904
0.976963 -53.7927 0.958054
0.977114 -53.7824 0.958204
0.977264 -53.7722 0.958354
0.977414  -53.762 0.958504
0.977564 -53.7518 0.958654
0.977714 -53.7415 0.958804
0.977864 -53.7313 0.958954
0.978014 -53.7211 0.959105
0.978164 -53.7109 0.959255
0.978314 -53.7007 0.959405
0.978464 -53.6905 0.959555
0.978614 -53.6803 0.959705
0.978764 -53.6701 0.959705
0.978914 -53.6599 0.959855
0.979065 -53.6497 0.960005
0.979215 -53.6395 0.960155
0.979365 -53.6293 0.960305
0.979515 -53.6191 0.960455
0.979665  -53.609 0.960605
0.979815 -53.5988 0.960755
0.979965 -53.5886 0.960905
0.980115 -53.5784 0.961056
0.980265 -53.5683 0.961206
0.980415 -53.5581 0.961356
0.980565 -53.5479 0.961506
0.980715 -53.5378 0.961656
0.980865 -53.5276 0.961806
0.981016 -53.5175 0.961806
0.981166 -53.5073 0.961956
0.981316 -53.4972 0.962106
0.981466  -53.487 0.962256
0.981616 -53.4769 0.962406
0.981766 -53.4668 0.962556
0.981916 -53.4566 0.962706
0.982066 -53.4465 0.962856
0.982216 -53.4364 0.963007
0.982366 -53.4263 0.963157
0.982516 -53.4161 0.963307
0.982666  -53.406 0.963457
0.982816 -53.3959 0.963607
0.982966 -53.3858 0.963757
0.983117 -53.3757 0.963757
0.983267 -53.3656 0.963907
0.983417 -53.3555 0.964057
0.983567 -53.3454 0.964207
0.983717 -53.3353 0.964357
0.983867 -53.3252 0.964507
0.984017 -53.3151 0.964657
0.984167  -53.305 0.964807
0.984317  -53.295 0.964957
0.984467 -53.2849 0.965108
0.984617 -53.2748 0.965258
0.984767 -53.2647 0.965408
0.984917 -53.2547 0.965558
0.985068 -53.2446 0.965708
0.985218 -53.2345 0.965858
0.985368 -53.2245 0.965858
0.985518 -53.2144 0.966008
0.985668 -53.2044 0.966158
0.985818 -53.1943 0.966308
0.985968 -53.1843 0.966458
0.986118 -53.1742 0.966608
0.986268 -53.1642 0.966758
0.986418 -53.1541 0.966908
0.986568 -53.1441 0.967059
0.986718 -53.1341 0.967209
0.986868  -53.124 0.967359
0.987019  -53.114 0.967509
0.987169  -53.104 0.967659
0.987319  -53.094 0.967809
0.987469 -53.0839 0.967959
0.987619 -53.0739 0.967959
0.987769 -53.0639 0.968109
0.987919 -53.0539 0.968259
0.988069 -53.0439 0.968409
0.988219 -53.0339 0.968559
0.988369 -53.0239 0.968709
0.988519 -53.0139 0.968859
0.988669 -53.0039  0.96901
0.988819 -52.9939  0.96916
0.988969 -52.9839  0.96931
 0.98912 -52.9739  0.96946
 0.98927  -52.964  0.96961
 0.98942  -52.954  0.96976
 0.98957  -52.944  0.96991
 0.98972  -52.934  0.97006
 0.98987 -52.9241  0.97006
 0.99002 -52.9141  0.97021
 0.99017 -52.9041  0.97036
 0.99032 -52.8942  0.97051
 0.99047 -52.8842  0.97066
 0.99062 -52.8743  0.97081
 0.99077 -52.8643  0.97096
 0.99092 -52.8544 0.971111
0.991071 -52.8444 0.971261
0.991221 -52.8345 0.971411
0.991371 -52.8245 0.971561
0.991521 -52.8146 0.971711
0.991671 -52.8047 0.971861
0.991821 -52.7948 0.972011
0.991971 -52.7848 0.972161
0.992121 -52.7749 0.972161
0.992271  -52.765 0.972311
0.992421 -52.7551 0.972461
0.992571 -52.7451 0.972611
0.992721 -52.7352 0.972761
0.992871 -52.7253 0.972911
0.993022 -52.7154 0.973062
0.993172 -52.7055 0.973212
0.993322 -52.6956 0.973362
0.993472 -52.6857 0.973512
0.993622 -52.6758 0.973662
0.993772 -52.6659 0.973812
0.993922 -52.6561 0.973962
0.994072 -52.6462 0.974112
0.994222 -52.6363 0.974262
0.994372 -52.6264 0.974412
0.994522 -52.6165 0.974412
0.994672 -52.6067 0.974562
0.994822 -52.5968 0.974712
0.994972 -52.5869 0.974862
0.995123 -52.5771 0.975013
0.995273 -52.5672 0.975163
0.995423 -52.5573 0.975313
0.995573 -52.5475 0.975463
0.995723 -52.5376 0.975613
0.995873 -52.5278 0.975763
0.996023 -52.5179 0.975913
0.996173 -52.5081 0.976063
0.996323 -52.4983 0.976213
0.996473 -52.4884 0.976363
0.996623 -52.4786 0.976513
0.996773 -52.4688 0.976513
0.996923 -52.4589 0.976663
0.997074 -52.4491 0.976813
0.997224 -52.4393 0.976963
0.997374 -52.4295 0.977114
0.997524 -52.4196 0.977264
0.997674 -52.4098 0.977414
0.997824    -52.4 0.977564
0.997974 -52.3902 0.977714
0.998124 -52.3804 0.977864
0.998274 -52.3706 0.978014
0.998424 -52.3608 0.978164
0.998574  -52.351 0.978314
0.998724 -52.3412 0.978464
0.998874 -52.3314 0.978614
0.999025 -52.3216 0.978614
0.999175 -52.3119 0.978764
0.999325 -52.3021 0.978914
0.999475 -52.2923 0.979065
0.999625 -52.2825 0.979215
0.999775 -52.2728 0.979365
0.999925  -52.263 0.979515
 1.00008 -52.2532 0.979665
 1.00023 -52.2435 0.979815
 1.00038 -52.2337 0.979965
 1.00053 -52.2239 0.980115
 1.00068 -52.2142 0.980265
 1.00083 -52.2044 0.980415
 1.00098 -52.1947 0.980565
 1.00113 -52.1849 0.980715
 1.00128 -52.1752 0.980865
 1.00143 -52.1655 0.980865
 1.00158 -52.1557 0.981016
 1.00173  -52.146 0.981166
 1.00188 -52.1363 0.981316
 1.00203 -52.1265 0.981466
 1.00218 -52.1168 0.981616
 1.00233 -52.1071 0.981766
 1.00248 -52.0974 0.981916
 1.00263 -52.0876 0.982066
 1.00278 -52.0779 0.982216
 1.00293 -52.0682 0.982366
 1.00308 -52.0585 0.982516
 1.00323 -52.0488 0.982666
 1.00338 -52.0391 0.982816
 1.00353 -52.0294 0.982966
 1.00368 -52.0197 0.983117
 1.00383   -52.01 0.983117
 1.00398 -52.0003 0.983267
 1.00413 -51.9906 0.983417
 1.00428 -51.9809 0.983567
 1.00443 -51.9713 0.983717
 1.00458 -51.9616 0.983867
 1.00473 -51.9519 0.984017
 1.00488 -51.9422 0.984167
 1.00503 -51.9326 0.984317
 1.00518 -51.9229 0.984467
 1.00533 -51.9132 0.984617
 1.00548 -51.9036 0.984767
 1.00563 -51.8939 0.984917
 1.00578 -51.8843 0.985068
 1.00593 -51.8746 0.985218
 1.00608  -51.865 0.985218
 1.00623 -51.8553 0.985368
 1.00638 -51.8457 0.985518
 1.00653  -51.836 0.985668
 1.00668 -51.8264 0.985818
 1.00683 -51.8167 0.985968
 1.00698 -51.8071 0.986118
 1.00713 -51.7975 0.986268
 1.00728 -51.7879 0.986418
 1.00743 -51.7782 0.986568
 1.00758 -51.7686 0.986718
 1.00773  -51.759 0.986868
 1.00788 -51.7494 0.987019
 1.00803 -51.7398 0.987169
 1.00818 -51.7301 0.987319
 1.00833 -51.7205 0.987319
 1.00848 -51.7109 0.987469
 1.00863 -51.7013 0.987619
 1.00878 -51.6917 0.987769
 1.00893 -51.6821 0.987919
 1.00908 -51.6725 0.988069
 1.00923  -51.663 0.988219
 1.00938 -51.6534 0.988369
 1.00953 -51.6438 0.988519
 1.00968 -51.6342 0.988669
 1.00983 -51.6246 0.988819
 1.00998  -51.615 0.988969
 1.01013 -51.6055  0.98912
 1.01028 -51.5959  0.98927
 1.01043 -51.5863  0.98942
 1.01058 -51.5768  0.98957
 1.01073 -51.5672  0.98957
 1.01088 -51.5576  0.98972
 1.01103 -51.5481  0.98987
 1.01118 -51.5385  0.99002
 1.01133  -51.529  0.99017
 1.01148 -51.5194  0.99032
 1.01163 -51.5099  0.99047
 1.01178 -51.5003  0.99062
 1.01193 -51.4908  0.99077
 1.01208 -51.4813  0.99092
 1.01223 -51.4717 0.991071
 1.01238 -51.4622 0.991221
 1.01253 -51.4527 0.991371
 1.01268 -51.4432 0.991521
 1.01283 -51.4336 0.991671
 1.01298 -51.4241 0.991821
 1.01313 -51.4146 0.991821
 1.01328 -51.4051 0.991971
 1.01343 -51.3956 0.992121
 1.01358 -51.3861 0.992271
 1.01373 -51.3766 0.992421
 1.01388  -51.367 0.992571
 1.01403 -51.3575 0.992721
 1.01418 -51.3481 0.992871
 1.01433 -51.3386 0.993022
 1.01448 -51.3291 0.993172
 1.01463 -51.3196 0.993322
 1.01478 -51.3101 0.993472
 1.01493 -51.3006 0.993622
 1.01508 -51.2911 0.993772
 1.01523 -51.2816 0.993922
 1.01538 -51.2722 0.993922
 1.01553 -51.2627 0.994072
 1.01568 -51.2532 0.994222
 1.01583 -51.2438 0.994372
 1.01598 -51.2343 0.994522
 1.01613 -51.2248 0.994672
 1.01628 -51.2154 0.994822
 1.01643 -51.2059 0.994972
 1.01658 -51.1965 0.995123
 1.01673  -51.187 0.995273
 1.01688 -51.1776 0.995423
 1.01703 -51.1681 0.995573
 1.01718 -51.1587 0.995723
 1.01733 -51.1492 0.995873
 1.01748 -51.1398 0.996023
 1.01763 -51.1304 0.996173
 1.01778 -51.1209 0.996173
 1.01793 -51.1115 0.996323
 1.01808 -51.1021 0.996473
 1.01823 -51.0927 0.996623
 1.01838 -51.0832 0.996773
 1.01853 -51.0738 0.996923
 1.01868 -51.0644 0.997074
 1.01883  -51.055 0.997224
 1.01898 -51.0456 0.997374
 1.01913 -51.0362 0.997524
 1.01928 -51.0268 0.997674
 1.01943 -51.0174 0.997824
 1.01958  -51.008 0.997974
 1.01973 -50.9986 0.998124
 1.01988 -50.9892 0.998274
 1.02004 -50.9798 0.998424
 1.02019 -50.9704 0.998424
 1.02034  -50.961 0.998574
 1.02049 -50.9517 0.998724
 1.02064 -50.9423 0.998874
 1.02079 -50.9329 0.999025
 1.02094 -50.9235 0.999175
 1.02109 -50.9142 0.999325
 1.02124 -50.9048 0.999475
 1.02139 -50.8954 0.999625
 1.02154 -50.8861 0.999775
 1.02169 -50.8767 0.999925
 1.02184 -50.8673  1.00008
 1.02199  -50.858  1.00023
 1.02214 -50.8486  1.00038
 1.02229 -50.8393  1.00053
 1.02244 -50.8299  1.00068
 1.02259 -50.8206  1.00068
 1.02274 -50.8113  1.00083
 1.02289 -50.8019  1.00098
 1.02304 -50.7926  1.00113
 1.02319 -50.7833  1.00128
 1.02334 -50.7739  1.00143
 1.02349 -50.7646  1.00158
 1.02364 -50.7553  1.00173
 1.02379  -50.746  1.00188
 1.02394 -50.7366  1.00203
 1.02409 -50.7273  1.00218
 1.02424  -50.718  1.00233
 1.02439 -50.7087  1.00248
 1.02454 -50.6994  1.00263
 1.02469 -50.6901  1.00278
 1.02484 -50.6808  1.00293
 1.02499 -50.6715  1.00293
 1.02514 -50.6622  1.00308
 1.02529 -50.6529  1.00323
 1.02544 -50.6436  1.00338
 1.02559 -50.6343  1.00353
 1.02574  -50.625  1.00368
 1.02589 -50.6157  1.00383
 1.02604 -50.6065  1.00398
 1.02619 -50.5972  1.00413
 1.02634 -50.5879  1.00428
 1.02649 -50.5786  1.00443
 1.02664 -50.5694  1.00458
 1.02679 -50.5601  1.00473
 1.02694 -50.5508  1.00488
 1.02709 -50.5416  1.00503
 1.02724 -50.5323  1.00518
 1.02739  -50.523  1.00518
 1.02754 -50.5138  1.00533
 1.02769 -50.5045  1.00548
 1.02784 -50.4953  1.00563
 1.02799  -50.486  1.00578
 1.02814 -50.4768  1.00593
 1.02829 -50.4676  1.00608
 1.02844 -50.4583  1.00623
 1.02859 -50.4491  1.00638
 1.02874 -50.4399  1.00653
 1.02889 -50.4306  1.00668
 1.02904 -50.4214  1.00683
 1.02919 -50.4122  1.00698
 1.02934  -50.403  1.00713
 1.02949 -50.3937  1.00728
 1.02964 -50.3845  1.00728
 1.02979 -50.3753  1.00743
 1.02994 -50.3661  1.00758
 1.03009 -50.3569  1.00773
 1.03024 -50.3477  1.00788
 1.03039 -50.3385  1.00803
 1.03054 -50.3293  1.00818
 1.03069 -50.3201  1.00833
 1.03084 -50.3109  1.00848
 1.03099 -50.3017  1.00863
 1.03114 -50.2925  1.00878
 1.03129 -50.2833  1.00893
 1.03144 -50.2741  1.00908
 1.03159 -50.2649  1.00923
 1.03174 -50.2558  1.00938
 1.03189 -50.2466  1.00953
 1.03204 -50.2374  1.00953
 1.03219 -50.2282  1.00968
 1.03234 -50.2191  1.00983
 1.03249 -50.2099  1.00998
 1.03264 -50.2007  1.01013
 1.03279 -50.1916  1.01028
 1.03294 -50.1824  1.01043
 1.03309 -50.1733  1.01058
 1.03324 -50.1641  1.01073
 1.03339  -50.155  1.01088
 1.03354 -50.1458  1.01103
 1.03369 -50.1367  1.01118
 1.03384 -50.1275  1.01133
 1.03399 -50.1184  1.01148
 1.03414 -50.1092  1.01163
 1.03429 -50.1001  1.01178
 1.03444  -50.091  1.01178
 1.03459 -50.0818  1.01193
 1.03474 -50.0727  1.01208
 1.03489 -50.0636  1.01223
 1.03504 -50.0545  1.01238
 1.03519 -50.0454  1.01253
 1.03534 -50.0362  1.01268
 1.03549 -50.0271  1.01283
 1.03564  -50.018  1.01298
 1.03579 -50.0089  1.01313
 1.03594 -49.9998  1.01328
 1.03609 -49.9907  1.01343
 1.03624 -49.9816  1.01358
 1.03639 -49.9725  1.01373
 1.03654 -49.9634  1.01388
 1.03669 -49.9543  1.01403
 1.03684 -49.9452  1.01403
 1.03699 -49.9361  1.01418
 1.03714  -49.927  1.01433
 1.03729  -49.918  1.01448
 1.03744 -49.9089  1.01463
 1.03759 -49.8998  1.01478
 1.03774 -49.8907  1.01493
 1.03789 -49.8817  1.01508
 1.03804 -49.8726  1.01523
 1.03819 -49.8635  1.01538
 1.03834 -49.8545  1.01553
 1.03849 -49.8454  1.01568
 1.03864 -49.8363  1.01583
 1.03879 -49.8273  1.01598
 1.03894 -49.8182  1.01613
 1.03909 -49.8092  1.01628
 1.03924 -49.8001  1.01628
 1.03939 -49.7911  1.01643
 1.03954  -49.782  1.01658
 1.03969  -49.773  1.01673
 1.03984  -49.764  1.01688
 1.03999 -49.7549  1.01703
 1.04015 -49.7459  1.01718
  1.0403 -49.7369  1.01733
 1.04045 -49.7278  1.01748
  1.0406 -49.7188  1.01763
 1.04075 -49.7098  1.01778
  1.0409 -49.7008  1.01793
 1.04105 -49.6917  1.01808
  1.0412 -49.6827  1.01823
 1.04135 -49.6737  1.01838
  1.0415 -49.6647  1.01853
 1.04165 -49.6557  1.01853
  1.0418 -49.6467  1.01868
 1.04195 -49.6377  1.01883
  1.0421 -49.6287  1.01898
 1.04225 -49.6197  1.01913
  1.0424 -49.6107  1.01928
 1.04255 -49.6017  1.01943
  1.0427 -49.5927  1.01958
 1.04285 -49.5837  1.01973
   1.043 -49.5747  1.01988
 1.04315 -49.5658  1.02004
  1.0433 -49.5568  1.02019
 1.04345 -49.5478  1.02034
  1.0436 -49.5388  1.02049
 1.04375 -49.5299  1.02064
  1.0439 -49.5209  1.02079
 1.04405 -49.5119  1.02079
  1.0442  -49.503  1.02094
 1.04435  -49.494  1.02109
  1.0445  -49.485  1.02124
 1.04465 -49.4761  1.02139
  1.0448 -49.4671  1.02154
 1.04495 -49.4582  1.02169
  1.0451 -49.4492  1.02184
 1.04525 -49.4403  1.02199
  1.0454 -49.4313  1.02214
 1.04555 -49.4224  1.02229
  1.0457 -49.4135  1.02244
 1.04585 -49.4045  1.02259
   1.046 -49.3956  1.02274
 1.04615 -49.3867  1.02289
  1.0463 -49.3777  1.02304
 1.04645 -49.3688  1.02304
  1.0466 -49.3599  1.02319
 1.04675  -49.351  1.02334
  1.0469  -49.342  1.02349
 1.04705 -49.3331  1.02364
  1.0472 -49.3242  1.02379
 1.04735 -49.3153  1.02394
  1.0475 -49.3064  1.02409
 1.04765 -49.2975  1.02424
  1.0478 -49.2886  1.02439
 1.04795 -49.2797  1.02454
  1.0481 -49.2708  1.02469
 1.04825 -49.2619  1.02484
  1.0484  -49.253  1.02499
 1.04855 -49.2441  1.02514
  1.0487 -49.2352  1.02529
 1.04885 -49.2263  1.02529
   1.049 -49.2175  1.02544
 1.04915 -49.2086  1.02559
  1.0493 -49.1997  1.02574
 1.04945 -49.1908  1.02589
  1.0496 -49.1819  1.02604
 1.04975 -49.1731  1.02619
  1.0499 -49.1642  1.02634
 1.05005 -49.1553  1.02649
  1.0502 -49.1465  1.02664
 1.05035 -49.1376  1.02679
  1.0505 -49.1288  1.02694
 1.05065 -49.1199  1.02709
  1.0508 -49.1111  1.02724
 1.05095 -49.1022  1.02739
  1.0511 -49.0934  1.02754
 1.05125 -49.0845  1.02754
  1.0514 -49.0757  1.02769
 1.05155 -49.0668  1.02784
  1.0517  -49.058  1.02799
 1.05185 -49.0492  1.02814
   1.052 -49.0403  1.02829
 1.05215 -49.0315  1.02844
  1.0523 -49.0227  1.02859
 1.05245 -49.0138  1.02874
  1.0526  -49.005  1.02889
 1.05275 -48.9962  1.02904
  1.0529 -48.9874  1.02919
 1.05305 -48.9786  1.02934
  1.0532 -48.9697  1.02949
 1.05335 -48.9609  1.02964
  1.0535 -48.9521  1.02979
 1.05365 -48.9433  1.02979
  1.0538 -48.9345  1.02994
 1.05395 -48.9257  1.03009
  1.0541 -48.9169  1.03024
 1.05425 -48.9081  1.03039
  1.0544 -48.8993  1.03054
 1.05455 -48.8905  1.03069
  1.0547 -48.8818  1.03084
 1.05485  -48.873  1.03099
   1.055 -48.8642  1.03114
 1.05515 -48.8554  1.03129
  1.0553 -48.8466  1.03144
 1.05545 -48.8378  1.03159
  1.0556 -48.8291  1.03174
 1.05575 -48.8203  1.03189
  1.0559 -48.8115  1.03204
 1.05605 -48.8028  1.03204
  1.0562  -48.794  1.03219
 1.05635 -48.7852  1.03234
  1.0565 -48.7765  1.03249
 1.05665 -48.7677  1.03264
  1.0568  -48.759  1.03279
 1.05695 -48.7502  1.03294
  1.0571 -48.7415  1.03309
 1.05725 -48.7327  1.03324
  1.0574  -48.724  1.03339
 1.05755 -48.7152  1.03354
  1.0577 -48.7065  1.03369
 1.05785 -48.6978  1.03384
   1.058  -48.689  1.03399
 1.05815 -48.6803  1.03414
  1.0583 -48.6716  1.03429
 1.05845 -48.6629  1.03429
  1.0586 -48.6541  1.03444
 1.05875 -48.6454  1.03459
  1.0589 -48.6367  1.03474
 1.05905  -48.628  1.03489
  1.0592 -48.6193  1.03504
 1.05935 -48.6105  1.03519
  1.0595 -48.6018  1.03534
 1.05965 -48.5931  1.03549
  1.0598 -48.5844  1.03564
 1.05995 -48.5757  1.03579
 1.06011  -48.567  1.03594
 1.06026 -48.5583  1.03609
 1.06041 -48.5496  1.03624
 1.06056 -48.5409  1.03639
 1.06071 -48.5322  1.03654
 1.06086 -48.5236  1.03654
 1.06101 -48.5149  1.03669
 1.06116 -48.5062  1.03684
 1.06131 -48.4975  1.03699
 1.06146 -48.4888  1.03714
 1.06161 -48.4802  1.03729
 1.06176 -48.4715  1.03744
 1.06191 -48.4628  1.03759
 1.06206 -48.4541  1.03774
 1.06221 -48.4455  1.03789
 1.06236 -48.4368  1.03804
 1.06251 -48.4282  1.03819
 1.06266 -48.4195  1.03834
 1.06281 -48.4108  1.03849
 1.06296 -48.4022  1.03864
 1.06311 -48.3935  1.03879
 1.06326 -48.3849  1.03879
 1.06341 -48.3762  1.03894
 1.06356 -48.3676  1.03909
 1.06371  -48.359  1.03924
 1.06386 -48.3503  1.03939
 1.06401 -48.3417  1.03954
 1.06416 -48.3331  1.03969
 1.06431 -48.3244  1.03984
 1.06446 -48.3158  1.03999
 1.06461 -48.3072  1.04015
 1.06476 -48.2985   1.0403
 1.06491 -48.2899  1.04045
 1.06506 -48.2813   1.0406
 1.06521 -48.2727  1.04075
 1.06536 -48.2641   1.0409
 1.06551 -48.2555  1.04105
 1.06566 -48.2469  1.04105
 1.06581 -48.2382   1.0412
 1.06596 -48.2296  1.04135
 1.06611  -48.221   1.0415
 1.06626 -48.2124  1.04165
 1.06641 -48.2038   1.0418
 1.06656 -48.1952  1.04195
 1.06671 -48.1866   1.0421
 1.06686 -48.1781  1.04225
 1.06701 -48.1695   1.0424
 1.06716 -48.1609  1.04255
 1.06731 -48.1523   1.0427
 1.06746 -48.1437  1.04285
 1.06761 -48.1351    1.043
 1.06776 -48.1266  1.04315
 1.06791  -48.118   1.0433
 1.06806 -48.1094   1.0433
 1.06821 -48.1009  1.04345
 1.06836 -48.0923   1.0436
 1.06851 -48.0837  1.04375
 1.06866 -48.0752   1.0439
 1.06881 -48.0666  1.04405
 1.06896  -48.058   1.0442
 1.06911 -48.0495  1.04435
 1.06926 -48.0409   1.0445
 1.06941 -48.0324  1.04465
 1.06956 -48.0238   1.0448
 1.06971 -48.0153  1.04495
 1.06986 -48.0067   1.0451
 1.07001 -47.9982  1.04525
 1.07016 -47.9897   1.0454
 1.07031 -47.9811  1.04555
 1.07046 -47.9726  1.04555
 1.07061 -47.9641   1.0457
 1.07076 -47.9555  1.04585
 1.07091  -47.947    1.046
 1.07106 -47.9385  1.04615
 1.07121   -47.93   1.0463
 1.07136 -47.9215  1.04645
 1.07151 -47.9129   1.0466
 1.07166 -47.9044  1.04675
 1.07181 -47.8959   1.0469
 1.07196 -47.8874  1.04705
 1.07211 -47.8789   1.0472
 1.07226 -47.8704  1.04735
 1.07241 -47.8619   1.0475
 1.07256 -47.8534  1.04765
 1.07271 -47.8449   1.0478
 1.07286 -47.8364   1.0478
 1.07301 -47.8279  1.04795
 1.07316 -47.8194   1.0481
 1.07331 -47.8109  1.04825
 1.07346 -47.8024   1.0484
 1.07361  -47.794  1.04855
 1.07376 -47.7855   1.0487
 1.07391  -47.777  1.04885
 1.07406 -47.7685    1.049
 1.07421   -47.76  1.04915
 1.07436 -47.7516   1.0493
 1.07451 -47.7431  1.04945
 1.07466 -47.7346   1.0496
 1.07481 -47.7262  1.04975
 1.07496 -47.7177   1.0499
 1.07511 -47.7092  1.05005
 1.07526 -47.7008  1.05005
 1.07541 -47.6923   1.0502
 1.07556 -47.6839  1.05035
 1.07571 -47.6754   1.0505
 1.07586  -47.667  1.05065
 1.07601 -47.6585   1.0508
 1.07616 -47.6501  1.05095
 1.07631 -47.6417   1.0511
 1.07646 -47.6332  1.05125
 1.07661 -47.6248   1.0514
 1.07676 -47.6163  1.05155
 1.07691 -47.6079   1.0517
 1.07706 -47.5995  1.05185
 1.07721 -47.5911    1.052
 1.07736 -47.5826  1.05215
 1.07751 -47.5742   1.0523
 1.07766 -47.5658   1.0523
 1.07781 -47.5574  1.05245
 1.07796  -47.549   1.0526
 1.07811 -47.5405  1.05275
 1.07826 -47.5321   1.0529
 1.07841 -47.5237  1.05305
 1.07856 -47.5153   1.0532
 1.07871 -47.5069  1.05335
 1.07886 -47.4985   1.0535
 1.07901 -47.4901  1.05365
 1.07916 -47.4817   1.0538
 1.07931 -47.4733  1.05395
 1.07946 -47.4649   1.0541
 1.07961 -47.4565  1.05425
 1.07976 -47.4482   1.0544
 1.07991 -47.4398  1.05455
 1.08007 -47.4314  1.05455
 1.08022  -47.423   1.0547
 1.08037 -47.4146  1.05485
 1.08052 -47.4063    1.055
 1.08067 -47.3979  1.05515
 1.08082 -47.3895   1.0553
 1.08097 -47.3811  1.05545
 1.08112 -47.3728   1.0556
 1.08127 -47.3644  1.05575
 1.08142  -47.356   1.0559
 1.08157 -47.3477  1.05605
 1.08172 -47.3393   1.0562
 1.08187  -47.331  1.05635
 1.08202 -47.3226   1.0565
 1.08217 -47.3143  1.05665
 1.08232 -47.3059   1.0568
 1.08247 -47.2976   1.0568
 1.08262 -47.2892  1.05695
 1.08277 -47.2809   1.0571
 1.08292 -47.2726  1.05725
 1.08307 -47.2642   1.0574
 1.08322 -47.2559  1.05755
 1.08337 -47.2476   1.0577
 1.08352 -47.2392  1.05785
 1.08367 -47.2309    1.058
 1.08382 -47.2226  1.05815
 1.08397 -47.2142   1.0583
 1.08412 -47.2059  1.05845
 1.08427 -47.1976   1.0586
 1.08442 -47.1893  1.05875
 1.08457  -47.181   1.0589
 1.08472 -47.1727   1.0589
 1.08487 -47.1644  1.05905
 1.08502 -47.1561   1.0592
 1.08517 -47.1478  1.05935
 1.08532 -47.1394   1.0595
 1.08547 -47.1311  1.05965
 1.08562 -47.1229   1.0598
 1.08577 -47.1146  1.05995
 1.08592 -47.1063  1.06011
 1.08607  -47.098  1.06026
 1.08622 -47.0897  1.06041
 1.08637 -47.0814  1.06056
 1.08652 -47.0731  1.06071
 1.08667 -47.0648  1.06086
 1.08682 -47.0566  1.06101
 1.08697 -47.0483  1.06116
 1.08712   -47.04  1.06116
 1.08727 -47.0317  1.06131
 1.08742 -47.0235  1.06146
 1.08757 -47.0152  1.06161
 1.08772 -47.0069  1.06176
 1.08787 -46.9987  1.06191
 1.08802 -46.9904  1.06206
 1.08817 -46.9822  1.06221
 1.08832 -46.9739  1.06236
 1.08847 -46.9656  1.06251
 1.08862 -46.9574  1.06266
 1.08877 -46.9491  1.06281
 1.08892 -46.9409  1.06296
 1.08907 -46.9327  1.06311
 1.08922 -46.9244  1.06326
 1.08937 -46.9162  1.06341
 1.08952 -46.9079  1.06341
 1.08967 -46.8997  1.06356
 1.08982 -46.8915  1.06371
 1.08997 -46.8832  1.06386
 1.09012  -46.875  1.06401
 1.09027 -46.8668  1.06416
 1.09042 -46.8586  1.06431
 1.09057 -46.8503  1.06446
 1.09072 -46.8421  1.06461
 1.09087 -46.8339  1.06476
 1.09102 -46.8257  1.06491
 1.09117 -46.8175  1.06506
 1.09132 -46.8093  1.06521
 1.09147  -46.801  1.06536
 1.09162 -46.7928  1.06551
 1.09177 -46.7846  1.06551
 1.09192 -46.7764  1.06566
 1.09207 -46.7682  1.06581
 1.09222   -46.76  1.06596
 1.09237 -46.7518  1.06611
 1.09252 -46.7437  1.06626
 1.09267 -46.7355  1.06641
 1.09282 -46.7273  1.06656
 1.09297 -46.7191  1.06671
 1.09312 -46.7109  1.06686
 1.09327 -46.7027  1.06701
 1.09342 -46.6946  1.06716
 1.09357 -46.6864  1.06731
 1.09372 -46.6782  1.06746
 1.09387   -46.67  1.06761
 1.09402 -46.6619  1.06761
 1.09417 -46.6537  1.06776
 1.09432 -46.6455  1.06791
 1.09447 -46.6374  1.06806
 1.09462 -46.6292  1.06821
 1.09477  -46.621  1.06836
 1.09492 -46.6129  1.06851
 1.09507 -46.6047  1.06866
 1.09522 -46.5966  1.06881
 1.09537 -46.5884  1.06896
 1.09552 -46.5803  1.06911
 1.09567 -46.5721  1.06926
 1.09582  -46.564  1.06941
 1.09597 -46.5559  1.06956
 1.09612 -46.5477  1.06971
 1.09627 -46.5396  1.06971
 1.09642 -46.5315  1.06986
 1.09657 -46.5233  1.07001
 1.09672 -46.5152  1.07016
 1.09687 -46.5071  1.07031
 1.09702  -46.499  1.07046
 1.09717 -46.4908  1.07061
 1.09732 -46.4827  1.07076
 1.09747 -46.4746  1.07091
 1.09762 -46.4665  1.07106
 1.09777 -46.4584  1.07121
 1.09792 -46.4503  1.07136
 1.09807 -46.4422  1.07151
 1.09822  -46.434  1.07166
 1.09837 -46.4259  1.07181
 1.09852 -46.4178  1.07196
 1.09867 -46.4097  1.07196
 1.09882 -46.4016  1.07211
 1.09897 -46.3935  1.07226
 1.09912 -46.3855  1.07241
 1.09927 -46.3774  1.07256
 1.09942 -46.3693  1.07271
 1.09957 -46.3612  1.07286
 1.09972 -46.3531  1.07301
 1.09987  -46.345  1.07316
 1.10003  -46.337  1.07331
 1.10018 -46.3289  1.07346
 1.10033 -46.3208  1.07361
 1.10048 -46.3127  1.07376
 1.10063 -46.3047  1.07391
 1.10078 -46.2966  1.07406
 1.10093 -46.2885  1.07406
 1.10108 -46.2805  1.07421
 1.10123 -46.2724  1.07436
 1.10138 -46.2643  1.07451
 1.10153 -46.2563  1.07466
 1.10168 -46.2482  1.07481
 1.10183 -46.2402  1.07496
 1.10198 -46.2321  1.07511
 1.10213 -46.2241  1.07526
 1.10228  -46.216  1.07541
 1.10243  -46.208  1.07556
 1.10258    -46.2  1.07571
 1.10273 -46.1919  1.07586
 1.10288 -46.1839  1.07601
 1.10303 -46.1759  1.07616
 1.10318 -46.1678  1.07616
 1.10333 -46.1598  1.07631
 1.10348 -46.1518  1.07646
 1.10363 -46.1437  1.07661
 1.10378 -46.1357  1.07676
 1.10393 -46.1277  1.07691
 1.10408 -46.1197  1.07706
 1.10423 -46.1117  1.07721
 1.10438 -46.1036  1.07736
 1.10453 -46.0956  1.07751
 1.10468 -46.0876  1.07766
 1.10483 -46.0796  1.07781
 1.10498 -46.0716  1.07796
 1.10513 -46.0636  1.07811
 1.10528 -46.0556  1.07811
 1.10543 -46.0476  1.07826
 1.10558 -46.0396  1.07841
 1.10573 -46.0316  1.07856
 1.10588 -46.0236  1.07871
 1.10603 -46.0156  1.07886
 1.10618 -46.0077  1.07901
 1.10633 -45.9997  1.07916
 1.10648 -45.9917  1.07931
 1.10663 -45.9837  1.07946
 1.10678 -45.9757  1.07961
 1.10693 -45.9678  1.07976
 1.10708 -45.9598  1.07991
 1.10723 -45.9518  1.08007
 1.10738 -45.9438  1.08022
 1.10753 -45.9359  1.08022
 1.10768 -45.9279  1.08037
 1.10783 -45.9199  1.08052
 1.10798  -45.912  1.08067
 1.10813  -45.904  1.08082
 1.10828 -45.8961  1.08097
 1.10843 -45.8881  1.08112
 1.10858 -45.8802  1.08127
 1.10873 -45.8722  1.08142
 1.10888 -45.8643  1.08157
 1.10903 -45.8563  1.08172
 1.10918 -45.8484  1.08187
 1.10933 -45.8404  1.08202
 1.10948 -45.8325  1.08217
 1.10963 -45.8246  1.08232
 1.10978 -45.8166  1.08232
 1.10993 -45.8087  1.08247
 1.11008 -45.8008  1.08262
 1.11023 -45.7929  1.08277
 1.11038 -45.7849  1.08292
 1.11053  -45.777  1.08307
 1.11068 -45.7691  1.08322
 1.11083 -45.7612  1.08337
 1.11098 -45.7532  1.08352
 1.11113 -45.7453  1.08367
 1.11128 -45.7374  1.08382
 1.11143 -45.7295  1.08397
 1.11158 -45.7216  1.08412
 1.11173 -45.7137  1.08427
 1.11188 -45.7058  1.08442
 1.11203 -45.6979  1.08442
 1.11218   -45.69  1.08457
 1.11233 -45.6821  1.08472
 1.11248 -45.6742  1.08487
 1.11263 -45.6663  1.08502
 1.11278 -45.6584  1.08517
 1.11293 -45.6505  1.08532
 1.11308 -45.6427  1.08547
 1.11323 -45.6348  1.08562
 1.11338 -45.6269  1.08577
 1.11353  -45.619  1.08592
 1.11368 -45.6111  1.08607
 1.11383 -45.6033  1.08622
 1.11398 -45.5954  1.08637
 1.11413 -45.5875  1.08637
 1.11428 -45.5797  1.08652
 1.11443 -45.5718  1.08667
 1.11458 -45.5639  1.08682
 1.11473 -45.5561  1.08697
 1.11488 -45.5482  1.08712
 1.11503 -45.5404  1.08727
 1.11518 -45.5325  1.08742
 1.11533 -45.5246  1.08757
 1.11548 -45.5168  1.08772
 1.11563  -45.509  1.08787
 1.11578 -45.5011  1.08802
 1.11593 -45.4933  1.08817
 1.11608 -45.4854  1.08832
 1.11623 -45.4776  1.08832
 1.11638 -45.4697  1.08847
 1.11653 -45.4619  1.08862
 1.11668 -45.4541  1.08877
 1.11683 -45.4463  1.08892
 1.11698 -45.4384  1.08907
 1.11713 -45.4306  1.08922
 1.11728 -45.4228  1.08937
 1.11743  -45.415  1.08952
 1.11758 -45.4071  1.08967
 1.11773 -45.3993  1.08982
 1.11788 -45.3915  1.08997
 1.11803 -45.3837  1.09012
 1.11818 -45.3759  1.09027
 1.11833 -45.3681  1.09027
 1.11848 -45.3603  1.09042
 1.11863 -45.3525  1.09057
 1.11878 -45.3447  1.09072
 1.11893 -45.3369  1.09087
 1.11908 -45.3291  1.09102
 1.11923 -45.3213  1.09117
 1.11938 -45.3135  1.09132
 1.11953 -45.3057  1.09147
 1.11968 -45.2979  1.09162
 1.11983 -45.2901  1.09177
 1.11998 -45.2823  1.09192
 1.12014 -45.2746  1.09207
 1.12029 -45.2668  1.09222
 1.12044  -45.259  1.09222
 1.12059 -45.2512  1.09237
 1.12074 -45.2435  1.09252
 1.12089 -45.2357  1.09267
 1.12104 -45.2279  1.09282
 1.12119 -45.2202  1.09297
 1.12134 -45.2124  1.09312
 1.12149 -45.2046  1.09327
 1.12164 -45.1969  1.09342
 1.12179 -45.1891  1.09357
 1.12194 -45.1814  1.09372
 1.12209 -45.1736  1.09387
 1.12224 -45.1659  1.09402
 1.12239 -45.1581  1.09402
 1.12254 -45.1504  1.09417
 1.12269 -45.1426  1.09432
 1.12284 -45.1349  1.09447
 1.12299 -45.1272  1.09462
 1.12314 -45.1194  1.09477
 1.12329 -45.1117  1.09492
 1.12344  -45.104  1.09507
 1.12359 -45.0962  1.09522
 1.12374 -45.0885  1.09537
 1.12389 -45.0808  1.09552
 1.12404  -45.073  1.09567
 1.12419 -45.0653  1.09582
 1.12434 -45.0576  1.09582
 1.12449 -45.0499  1.09597
 1.12464 -45.0422  1.09612
 1.12479 -45.0345  1.09627
 1.12494 -45.0268  1.09642
 1.12509  -45.019  1.09657
 1.12524 -45.0113  1.09672
 1.12539 -45.0036  1.09687
 1.12554 -44.9959  1.09702
 1.12569 -44.9882  1.09717
 1.12584 -44.9805  1.09732
 1.12599 -44.9729  1.09747
 1.12614 -44.9652  1.09762
 1.12629 -44.9575  1.09762
 1.12644 -44.9498  1.09777
 1.12659 -44.9421  1.09792
 1.12674 -44.9344  1.09807
 1.12689 -44.9267  1.09822
 1.12704 -44.9191  1.09837
 1.12719 -44.9114  1.09852
 1.12734 -44.9037  1.09867
 1.12749  -44.896  1.09882
 1.12764 -44.8884  1.09897
 1.12779 -44.8807  1.09912
 1.12794 -44.8731  1.09912
 1.12809 -44.8654  1.09927
 1.12824 -44.8577  1.09942
 1.12839 -44.8501  1.09957
 1.12854 -44.8424  1.09972
 1.12869 -44.8348  1.09987
 1.12884 -44.8271  1.10003
 1.12899 -44.8195  1.10018
 1.12914 -44.8118  1.10033
 1.12929 -44.8042  1.10048
 1.12944 -44.7966  1.10063
 1.12959 -44.7889  1.10078
 1.12974 -44.7813  1.10078
 1.12989 -44.7736  1.10093
 1.13004  -44.766  1.10108
 1.13019 -44.7584  1.10123
 1.13034 -44.7508  1.10138
 1.13049 -44.7431  1.10153
 1.13064 -44.7355  1.10168
 1.13079 -44.7279  1.10183
 1.13094 -44.7203  1.10198
 1.13109 -44.7127  1.10213
 1.13124 -44.7051  1.10228
 1.13139 -44.6975  1.10228
 1.13154 -44.6898  1.10243
 1.13169 -44.6822  1.10258
 1.13184 -44.6746  1.10273
 1.13199  -44.667  1.10288
 1.13214 -44.6594  1.10303
 1.13229 -44.6518  1.10318
 1.13244 -44.6443  1.10333
 1.13259 -44.6367  1.10348
 1.13274 -44.6291  1.10363
 1.13289 -44.6215  1.10378
 1.13304 -44.6139  1.10378
 1.13319 -44.6063  1.10393
 1.13334 -44.5987  1.10408
 1.13349 -44.5912  1.10423
 1.13364 -44.5836  1.10438
 1.13379  -44.576  1.10453
 1.13394 -44.5685  1.10468
 1.13409 -44.5609  1.10483
 1.13424 -44.5533  1.10498
 1.13439 -44.5458  1.10513
 1.13454 -44.5382  1.10528
 1.13469 -44.5306  1.10543
 1.13484 -44.5231  1.10543
 1.13499 -44.5155  1.10558
 1.13514  -44.508  1.10573
 1.13529 -44.5004  1.10588
 1.13544 -44.4929  1.10603
 1.13559 -44.4853  1.10618
 1.13574 -44.4778  1.10633
 1.13589 -44.4703  1.10648
 1.13604 -44.4627  1.10663
 1.13619 -44.4552  1.10678
 1.13634 -44.4477  1.10693
 1.13649 -44.4401  1.10693
 1.13664 -44.4326  1.10708
 1.13679 -44.4251  1.10723
 1.13694 -44.4175  1.10738
 1.13709   -44.41  1.10753
 1.13724 -44.4025  1.10768
 1.13739  -44.395  1.10783
 1.13754 -44.3875  1.10798
 1.13769   -44.38  1.10813
 1.13784 -44.3725  1.10828
 1.13799 -44.3649  1.10843
 1.13814 -44.3574  1.10843
 1.13829 -44.3499  1.10858
 1.13844 -44.3424  1.10873
 1.13859 -44.3349  1.10888
 1.13874 -44.3274  1.10903
 1.13889   -44.32  1.10918
 1.13904 -44.3125  1.10933
 1.13919  -44.305  1.10948
 1.13934 -44.2975  1.10963
 1.13949   -44.29  1.10978
 1.13964 -44.2825  1.10993
 1.13979  -44.275  1.10993
 1.13994 -44.2676  1.11008
  1.1401 -44.2601  1.11023
 1.14025 -44.2526  1.11038
  1.1404 -44.2452  1.11053
 1.14055 -44.2377  1.11068
  1.1407 -44.2302  1.11083
 1.14085 -44.2228  1.11098
   1.141 -44.2153  1.11113
 1.14115 -44.2078  1.11128
  1.1413 -44.2004  1.11143
 1.14145 -44.1929  1.11143
  1.1416 -44.1855  1.11158
 1.14175  -44.178  1.11173
  1.1419 -44.1706  1.11188
 1.14205 -44.1631  1.11203
  1.1422 -44.1557  1.11218
 1.14235 -44.1483  1.11233
  1.1425 -44.1408  1.11248
 1.14265 -44.1334  1.11263
  1.1428 -44.1259  1.11278
 1.14295 -44.1185  1.11293
  1.1431 -44.1111  1.11293
 1.14325 -44.1037  1.11308
  1.1434 -44.0962  1.11323
 1.14355 -44.0888  1.11338
  1.1437 -44.0814  1.11353
 1.14385  -44.074  1.11368
   1.144 -44.0666  1.11383
 1.14415 -44.0592  1.11398
  1.1443 -44.0517  1.11413
 1.14445 -44.0443  1.11428
  1.1446 -44.0369  1.11428
 1.14475 -44.0295  1.11443
  1.1449 -44.0221  1.11458
 1.14505 -44.0147  1.11473
  1.1452 -44.0073  1.11488
 1.14535 -43.9999  1.11503
  1.1455 -43.9926  1.11518
 1.14565 -43.9852  1.11533
  1.1458 -43.9778  1.11548
 1.14595 -43.9704  1.11563
  1.1461  -43.963  1.11578
 1.14625 -43.9556  1.11578
  1.1464 -43.9483  1.11593
 1.14655 -43.9409  1.11608
  1.1467 -43.9335  1.11623
 1.14685 -43.9261  1.11638
   1.147 -43.9188  1.11653
 1.14715 -43.9114  1.11668
  1.1473  -43.904  1.11683
 1.14745 -43.8967  1.11698
  1.1476 -43.8893  1.11713
 1.14775  -43.882  1.11713
  1.1479 -43.8746  1.11728
 1.14805 -43.8673  1.11743
  1.1482 -43.8599  1.11758
 1.14835 -43.8526  1.11773
  1.1485 -43.8452  1.11788
 1.14865 -43.8379  1.11803
  1.1488 -43.8305  1.11818
 1.14895 -43.8232  1.11833
  1.1491 -43.8159  1.11848
 1.14925 -43.8085  1.11848
  1.1494 -43.8012  1.11863
 1.14955 -43.7939  1.11878
  1.1497 -43.7866  1.11893
 1.14985 -43.7792  1.11908
    1.15 -43.7719  1.11923