 kgrid  ValNew  Policy 
    0.85 -76.9214     0.85
 0.85015 -76.9061     0.85
  0.8503 -76.8908     0.85
 0.85045 -76.8755     0.85
  0.8506 -76.8603     0.85
 0.85075 -76.8451     0.85
  0.8509 -76.8299     0.85
0.851051 -76.8148     0.85
0.851201 -76.7997     0.85
0.851351 -76.7846     0.85
0.851501 -76.7696     0.85
0.851651 -76.7546  0.85015
0.851801 -76.7396   0.8503
0.851951 -76.7246   0.8503
0.852101 -76.7096  0.85045
0.852251 -76.6946   0.8506
0.852401 -76.6797   0.8506
0.852551 -76.6647  0.85075
0.852701 -76.6498   0.8509
0.852851 -76.6349   0.8509
0.853002 -76.6199 0.851051
0.853152 -76.6051 0.851201
0.853302 -76.5902 0.851201
0.853452 -76.5753 0.851351
0.853602 -76.5604 0.851501
0.853752 -76.5456 0.851501
0.853902 -76.5308 0.851651
0.854052 -76.5159 0.851801
0.854202 -76.5011 0.851801
0.854352 -76.4863 0.851951
0.854502 -76.4715 0.852101
0.854652 -76.4568 0.852251
0.854802  -76.442 0.852251
0.854952 -76.4272 0.852401
0.855103 -76.4125 0.852551
0.855253 -76.3978 0.852551
0.855403 -76.3831 0.852701
0.855553 -76.3683 0.852851
0.855703 -76.3536 0.853002
0.855853  -76.339 0.853002
0.856003 -76.3243 0.853152
0.856153 -76.3096 0.853302
0.856303  -76.295 0.853302
0.856453 -76.2803 0.853452
0.856603 -76.2657 0.853602
0.856753  -76.251 0.853752
0.856903 -76.2364 0.853752
0.857054 -76.2218 0.853902
0.857204 -76.2072 0.854052
0.857354 -76.1927 0.854202
0.857504 -76.1781 0.854202
0.857654 -76.1635 0.854352
0.857804  -76.149 0.854502
0.857954 -76.1344 0.854502
0.858104 -76.1199 0.854652
0.858254 -76.1054 0.854802
0.858404 -76.0909 0.854952
0.858554 -76.0764 0.854952
0.858704 -76.0619 0.855103
0.858854 -76.0474 0.855253
0.859005  -76.033 0.855403
0.859155 -76.0185 0.855403
0.859305 -76.0041 0.855553
0.859455 -75.9896 0.855703
0.859605 -75.9752 0.855703
0.859755 -75.9608 0.855853
0.859905 -75.9464 0.856003
0.860055  -75.932 0.856153
0.860205 -75.9176 0.856153
0.860355 -75.9033 0.856303
0.860505 -75.8889 0.856453
0.860655 -75.8745 0.856603
0.860805 -75.8602 0.856603
0.860955 -75.8459 0.856753
0.861106 -75.8316 0.856903
0.861256 -75.8172 0.857054
0.861406 -75.8029 0.857054
0.861556 -75.7887 0.857204
0.861706 -75.7744 0.857354
0.861856 -75.7601 0.857354
0.862006 -75.7459 0.857504
0.862156 -75.7316 0.857654
0.862306 -75.7174 0.857804
0.862456 -75.7031 0.857804
0.862606 -75.6889 0.857954
0.862756 -75.6747 0.858104
0.862906 -75.6605 0.858254
0.863057 -75.6463 0.858254
0.863207 -75.6322 0.858404
0.863357  -75.618 0.858554
0.863507 -75.6038 0.858704
0.863657 -75.5897 0.858704
0.863807 -75.5756 0.858854
0.863957 -75.5614 0.859005
0.864107 -75.5473 0.859005
0.864257 -75.5332 0.859155
0.864407 -75.5191 0.859305
0.864557  -75.505 0.859455
0.864707 -75.4909 0.859455
0.864857 -75.4769 0.859605
0.865008 -75.4628 0.859755
0.865158 -75.4488 0.859905
0.865308 -75.4347 0.859905
0.865458 -75.4207 0.860055
0.865608 -75.4067 0.860205
0.865758 -75.3927 0.860355
0.865908 -75.3787 0.860355
0.866058 -75.3647 0.860505
0.866208 -75.3507 0.860655
0.866358 -75.3368 0.860805
0.866508 -75.3228 0.860805
0.866658 -75.3089 0.860955
0.866808 -75.2949 0.861106
0.866958  -75.281 0.861106
0.867109 -75.2671 0.861256
0.867259 -75.2532 0.861406
0.867409 -75.2393 0.861556
0.867559 -75.2254 0.861706
0.867709 -75.2115 0.861706
0.867859 -75.1976 0.861856
0.868009 -75.1838 0.862006
0.868159 -75.1699 0.862156
0.868309 -75.1561 0.862156
0.868459 -75.1422 0.862306
0.868609 -75.1284 0.862456
0.868759 -75.1146 0.862456
0.868909 -75.1008 0.862606
 0.86906  -75.087 0.862756
 0.86921 -75.0732 0.862906
 0.86936 -75.0594 0.862906
 0.86951 -75.0456 0.863057
 0.86966 -75.0319 0.863207
 0.86981 -75.0181 0.863357
 0.86996 -75.0044 0.863357
 0.87011 -74.9907 0.863507
 0.87026 -74.9769 0.863657
 0.87041 -74.9632 0.863807
 0.87056 -74.9495 0.863807
 0.87071 -74.9358 0.863957
 0.87086 -74.9221 0.864107
0.871011 -74.9085 0.864257
0.871161 -74.8948 0.864257
0.871311 -74.8811 0.864407
0.871461 -74.8675 0.864557
0.871611 -74.8539 0.864707
0.871761 -74.8402 0.864857
0.871911 -74.8266 0.864857
0.872061  -74.813 0.865008
0.872211 -74.7994 0.865158
0.872361 -74.7858 0.865308
0.872511 -74.7722 0.865308
0.872661 -74.7586 0.865458
0.872811 -74.7451 0.865608
0.872961 -74.7315 0.865608
0.873112  -74.718 0.865758
0.873262 -74.7044 0.865908
0.873412 -74.6909 0.866058
0.873562 -74.6774 0.866208
0.873712 -74.6639 0.866208
0.873862 -74.6504 0.866358
0.874012 -74.6369 0.866508
0.874162 -74.6234 0.866658
0.874312 -74.6099 0.866658
0.874462 -74.5965 0.866808
0.874612  -74.583 0.866958
0.874762 -74.5696 0.867109
0.874912 -74.5561 0.867109
0.875063 -74.5427 0.867259
0.875213 -74.5293 0.867409
0.875363 -74.5159 0.867559
0.875513 -74.5024 0.867559
0.875663  -74.489 0.867709
0.875813 -74.4757 0.867859
0.875963 -74.4623 0.868009
0.876113 -74.4489 0.868009
0.876263 -74.4356 0.868159
0.876413 -74.4222 0.868309
0.876563 -74.4089 0.868459
0.876713 -74.3955 0.868459
0.876863 -74.3822 0.868609
0.877014 -74.3689 0.868759
0.877164 -74.3556 0.868909
0.877314 -74.3423 0.868909
0.877464  -74.329  0.86906
0.877614 -74.3157  0.86921
0.877764 -74.3024  0.86936
0.877914 -74.2892  0.86951
0.878064 -74.2759  0.86951
0.878214 -74.2627  0.86966
0.878364 -74.2494  0.86981
0.878514 -74.2362  0.86996
0.878664  -74.223  0.86996
0.878814 -74.2098  0.87011
0.878964 -74.1966  0.87026
0.879115 -74.1834  0.87041
0.879265 -74.1702  0.87041
0.879415  -74.157  0.87056
0.879565 -74.1438  0.87071
0.879715 -74.1307  0.87086
0.879865 -74.1175 0.871011
0.880015 -74.1044 0.871011
0.880165 -74.0912 0.871161
0.880315 -74.0781 0.871311
0.880465  -74.065 0.871461
0.880615 -74.0518 0.871611
0.880765 -74.0387 0.871761
0.880915 -74.0256 0.871911
0.881066 -74.0125 0.871911
0.881216 -73.9994 0.872061
0.881366 -73.9863 0.872211
0.881516 -73.9732 0.872361
0.881666 -73.9602 0.872511
0.881816 -73.9471 0.872661
0.881966  -73.934 0.872811
0.882116  -73.921 0.872811
0.882266 -73.9079 0.872961
0.882416 -73.8949 0.873112
0.882566 -73.8818 0.873262
0.882716 -73.8688 0.873412
0.882866 -73.8557 0.873562
0.883017 -73.8427 0.873712
0.883167 -73.8297 0.873712
0.883317 -73.8167 0.873862
0.883467 -73.8037 0.874012
0.883617 -73.7907 0.874162
0.883767 -73.7777 0.874312
0.883917 -73.7647 0.874462
0.884067 -73.7517 0.874612
0.884217 -73.7387 0.874612
0.884367 -73.7258 0.874762
0.884517 -73.7128 0.874912
0.884667 -73.6999 0.875063
0.884817 -73.6869 0.875213
0.884967  -73.674 0.875363
0.885118  -73.661 0.875513
0.885268 -73.6481 0.875663
0.885418 -73.6352 0.875663
0.885568 -73.6222 0.875813
0.885718 -73.6093 0.875963
0.885868 -73.5964 0.876113
0.886018 -73.5835 0.876263
0.886168 -73.5706 0.876413
0.886318 -73.5577 0.876563
0.886468 -73.5448 0.876713
0.886618 -73.5319 0.876713
0.886768 -73.5191 0.876863
0.886918 -73.5062 0.877014
0.887069 -73.4933 0.877164
0.887219 -73.4805 0.877314
0.887369 -73.4676 0.877464
0.887519 -73.4548 0.877614
0.887669  -73.442 0.877614
0.887819 -73.4291 0.877764
0.887969 -73.4163 0.877914
0.888119 -73.4035 0.878064
0.888269 -73.3906 0.878214
0.888419 -73.3778 0.878364
0.888569  -73.365 0.878514
0.888719 -73.3522 0.878664
0.888869 -73.3394 0.878664
 0.88902 -73.3267 0.878814
 0.88917 -73.3139 0.878964
 0.88932 -73.3011 0.879115
 0.88947 -73.2883 0.879265
 0.88962 -73.2756 0.879415
 0.88977 -73.2628 0.879565
 0.88992 -73.2501 0.879565
 0.89007 -73.2373 0.879715
 0.89022 -73.2246 0.879865
 0.89037 -73.2118 0.880015
 0.89052 -73.1991 0.880165
 0.89067 -73.1864 0.880315
 0.89082 -73.1737 0.880465
 0.89097 -73.1609 0.880615
0.891121 -73.1482 0.880765
0.891271 -73.1355 0.880765
0.891421 -73.1228 0.880915
0.891571 -73.1101 0.881066
0.891721 -73.0975 0.881216
0.891871 -73.0848 0.881366
0.892021 -73.0721 0.881516
0.892171 -73.0594 0.881666
0.892321 -73.0468 0.881816
0.892471 -73.0341 0.881816
0.892621 -73.0215 0.881966
0.892771 -73.0088 0.882116
0.892921 -72.9962 0.882266
0.893072 -72.9835 0.882416
0.893222 -72.9709 0.882566
0.893372 -72.9583 0.882716
0.893522 -72.9456 0.882866
0.893672  -72.933 0.883017
0.893822 -72.9204 0.883017
0.893972 -72.9078 0.883167
0.894122 -72.8952 0.883317
0.894272 -72.8826 0.883467
0.894422   -72.87 0.883617
0.894572 -72.8574 0.883767
0.894722 -72.8448 0.883917
0.894872 -72.8323 0.884067
0.895023 -72.8197 0.884217
0.895173 -72.8071 0.884217
0.895323 -72.7946 0.884367
0.895473  -72.782 0.884517
0.895623 -72.7695 0.884667
0.895773 -72.7569 0.884817
0.895923 -72.7444 0.884967
0.896073 -72.7319 0.885118
0.896223 -72.7193 0.885268
0.896373 -72.7068 0.885418
0.896523 -72.6943 0.885418
0.896673 -72.6818 0.885568
0.896823 -72.6693 0.885718
0.896973 -72.6568 0.885868
0.897124 -72.6443 0.886018
0.897274 -72.6318 0.886168
0.897424 -72.6193 0.886318
0.897574 -72.6068 0.886468
0.897724 -72.5944 0.886618
0.897874 -72.5819 0.886618
0.898024 -72.5694 0.886768
0.898174  -72.557 0.886918
0.898324 -72.5445 0.887069
0.898474 -72.5321 0.887219
0.898624 -72.5196 0.887369
0.898774 -72.5072 0.887519
0.898924 -72.4947 0.887669
0.899075 -72.4823 0.887819
0.899225 -72.4699 0.887819
0.899375 -72.4575 0.887969
0.899525 -72.4451 0.888119
0.899675 -72.4326 0.888269
0.899825 -72.4202 0.888419
0.899975 -72.4078 0.888569
0.900125 -72.3954 0.888719
0.900275 -72.3831 0.888869
0.900425 -72.3707  0.88902
0.900575 -72.3583  0.88902
0.900725 -72.3459  0.88917
0.900875 -72.3336  0.88932
0.901026 -72.3212  0.88947
0.901176 -72.3088  0.88962
0.901326 -72.2965  0.88977
0.901476 -72.2841  0.88992
0.901626 -72.2718  0.89007
0.901776 -72.2595  0.89022
0.901926 -72.2471  0.89022
0.902076 -72.2348  0.89037
0.902226 -72.2225  0.89052
0.902376 -72.2102  0.89067
0.902526 -72.1978  0.89082
0.902676 -72.1855  0.89097
0.902826 -72.1732 0.891121
0.902976 -72.1609 0.891271
0.903127 -72.1486 0.891421
0.903277 -72.1364 0.891421
0.903427 -72.1241 0.891571
0.903577 -72.1118 0.891721
0.903727 -72.0995 0.891871
0.903877 -72.0872 0.892021
0.904027  -72.075 0.892171
0.904177 -72.0627 0.892321
0.904327 -72.0505 0.892471
0.904477 -72.0382 0.892621
0.904627  -72.026 0.892771
0.904777 -72.0137 0.892771
0.904927 -72.0015 0.892921
0.905078 -71.9893 0.893072
0.905228 -71.9771 0.893222
0.905378 -71.9648 0.893372
0.905528 -71.9526 0.893522
0.905678 -71.9404 0.893672
0.905828 -71.9282 0.893822
0.905978  -71.916 0.893972
0.906128 -71.9038 0.893972
0.906278 -71.8916 0.894122
0.906428 -71.8794 0.894272
0.906578 -71.8673 0.894422
0.906728 -71.8551 0.894572
0.906878 -71.8429 0.894722
0.907029 -71.8307 0.894872
0.907179 -71.8186 0.895023
0.907329 -71.8064 0.895173
0.907479 -71.7943 0.895323
0.907629 -71.7821 0.895473
0.907779   -71.77 0.895473
0.907929 -71.7578 0.895623
0.908079 -71.7457 0.895773
0.908229 -71.7336 0.895923
0.908379 -71.7215 0.896073
0.908529 -71.7093 0.896223
0.908679 -71.6972 0.896373
0.908829 -71.6851 0.896523
0.908979  -71.673 0.896673
 0.90913 -71.6609 0.896673
 0.90928 -71.6488 0.896823
 0.90943 -71.6367 0.896973
 0.90958 -71.6246 0.897124
 0.90973 -71.6126 0.897274
 0.90988 -71.6005 0.897424
 0.91003 -71.5884 0.897574
 0.91018 -71.5763 0.897724
 0.91033 -71.5643 0.897874
 0.91048 -71.5522 0.898024
 0.91063 -71.5402 0.898024
 0.91078 -71.5281 0.898174
 0.91093 -71.5161 0.898324
0.911081  -71.504 0.898474
0.911231  -71.492 0.898624
0.911381   -71.48 0.898774
0.911531  -71.468 0.898924
0.911681 -71.4559 0.899075
0.911831 -71.4439 0.899225
0.911981 -71.4319 0.899375
0.912131 -71.4199 0.899525
0.912281 -71.4079 0.899525
0.912431 -71.3959 0.899675
0.912581 -71.3839 0.899825
0.912731 -71.3719 0.899975
0.912881 -71.3599 0.900125
0.913032 -71.3479 0.900275
0.913182  -71.336 0.900425
0.913332  -71.324 0.900575
0.913482  -71.312 0.900725
0.913632 -71.3001 0.900875
0.913782 -71.2881 0.901026
0.913932 -71.2762 0.901176
0.914082 -71.2642 0.901176
0.914232 -71.2523 0.901326
0.914382 -71.2403 0.901476
0.914532 -71.2284 0.901626
0.914682 -71.2164 0.901776
0.914832 -71.2045 0.901926
0.914982 -71.1926 0.902076
0.915133 -71.1807 0.902226
0.915283 -71.1687 0.902376
0.915433 -71.1568 0.902526
0.915583 -71.1449 0.902676
0.915733  -71.133 0.902826
0.915883 -71.1211 0.902826
0.916033 -71.1092 0.902976
0.916183 -71.0973 0.903127
0.916333 -71.0855 0.903277
0.916483 -71.0736 0.903427
0.916633 -71.0617 0.903577
0.916783 -71.0498 0.903727
0.916933 -71.0379 0.903877
0.917084 -71.0261 0.904027
0.917234 -71.0142 0.904177
0.917384 -71.0024 0.904327
0.917534 -70.9905 0.904477
0.917684 -70.9787 0.904477
0.917834 -70.9668 0.904627
0.917984  -70.955 0.904777
0.918134 -70.9431 0.904927
0.918284 -70.9313 0.905078
0.918434 -70.9195 0.905228
0.918584 -70.9077 0.905378
0.918734 -70.8958 0.905528
0.918884  -70.884 0.905678
0.919035 -70.8722 0.905828
0.919185 -70.8604 0.905978
0.919335 -70.8486 0.906128
0.919485 -70.8368 0.906128
0.919635  -70.825 0.906278
0.919785 -70.8132 0.906428
0.919935 -70.8014 0.906578
0.920085 -70.7896 0.906728
0.920235 -70.7779 0.906878
0.920385 -70.7661 0.907029
0.920535 -70.7543 0.907179
0.920685 -70.7425 0.907329
0.920835 -70.7308 0.907479
0.920985  -70.719 0.907629
0.921136 -70.7073 0.907779
0.921286 -70.6955 0.907929
0.921436 -70.6838 0.907929
0.921586  -70.672 0.908079
0.921736 -70.6603 0.908229
0.921886 -70.6486 0.908379
0.922036 -70.6368 0.908529
0.922186 -70.6251 0.908679
0.922336 -70.6134 0.908829
0.922486 -70.6017 0.908979
0.922636   -70.59  0.90913
0.922786 -70.5782  0.90928
0.922936 -70.5665  0.90943
0.923087 -70.5548  0.90958
0.923237 -70.5431  0.90973
0.923387 -70.5315  0.90973
0.923537 -70.5198  0.90988
0.923687 -70.5081  0.91003
0.923837 -70.4964  0.91018
0.923987 -70.4847  0.91033
0.924137  -70.473  0.91048
0.924287 -70.4614  0.91063
0.924437 -70.4497  0.91078
0.924587  -70.438  0.91093
0.924737 -70.4264 0.911081
0.924887 -70.4147 0.911231
0.925038 -70.4031 0.911381
0.925188 -70.3914 0.911531
0.925338 -70.3798 0.911531
0.925488 -70.3682 0.911681
0.925638 -70.3565 0.911831
0.925788 -70.3449 0.911981
0.925938 -70.3333 0.912131
0.926088 -70.3217 0.912281
0.926238   -70.31 0.912431
0.926388 -70.2984 0.912581
0.926538 -70.2868 0.912731
0.926688 -70.2752 0.912881
0.926838 -70.2636 0.913032
0.926988  -70.252 0.913182
0.927139 -70.2404 0.913332
0.927289 -70.2288 0.913482
0.927439 -70.2172 0.913482
0.927589 -70.2057 0.913632
0.927739 -70.1941 0.913782
0.927889 -70.1825 0.913932
0.928039 -70.1709 0.914082
0.928189 -70.1594 0.914232
0.928339 -70.1478 0.914382
0.928489 -70.1362 0.914532
0.928639 -70.1247 0.914682
0.928789 -70.1131 0.914832
0.928939 -70.1016 0.914982
 0.92909   -70.09 0.915133
 0.92924 -70.0785 0.915283
 0.92939  -70.067 0.915433
 0.92954 -70.0554 0.915433
 0.92969 -70.0439 0.915583
 0.92984 -70.0324 0.915733
 0.92999 -70.0209 0.915883
 0.93014 -70.0093 0.916033
 0.93029 -69.9978 0.916183
 0.93044 -69.9863 0.916333
 0.93059 -69.9748 0.916483
 0.93074 -69.9633 0.916633
 0.93089 -69.9518 0.916783
0.931041 -69.9403 0.916933
0.931191 -69.9288 0.917084
0.931341 -69.9173 0.917234
0.931491 -69.9059 0.917384
0.931641 -69.8944 0.917384
0.931791 -69.8829 0.917534
0.931941 -69.8714 0.917684
0.932091   -69.86 0.917834
0.932241 -69.8485 0.917984
0.932391  -69.837 0.918134
0.932541 -69.8256 0.918284
0.932691 -69.8141 0.918434
0.932841 -69.8027 0.918584
0.932991 -69.7912 0.918734
0.933142 -69.7798 0.918884
0.933292 -69.7683 0.919035
0.933442 -69.7569 0.919185
0.933592 -69.7455 0.919335
0.933742 -69.7341 0.919335
0.933892 -69.7226 0.919485
0.934042 -69.7112 0.919635
0.934192 -69.6998 0.919785
0.934342 -69.6884 0.919935
0.934492  -69.677 0.920085
0.934642 -69.6656 0.920235
0.934792 -69.6542 0.920385
0.934942 -69.6428 0.920535
0.935093 -69.6314 0.920685
0.935243   -69.62 0.920835
0.935393 -69.6086 0.920985
0.935543 -69.5972 0.921136
0.935693 -69.5859 0.921286
0.935843 -69.5745 0.921286
0.935993 -69.5631 0.921436
0.936143 -69.5517 0.921586
0.936293 -69.5404 0.921736
0.936443  -69.529 0.921886
0.936593 -69.5177 0.922036
0.936743 -69.5063 0.922186
0.936893  -69.495 0.922336
0.937044 -69.4836 0.922486
0.937194 -69.4723 0.922636
0.937344 -69.4609 0.922786
0.937494 -69.4496 0.922936
0.937644 -69.4383 0.923087
0.937794  -69.427 0.923237
0.937944 -69.4156 0.923387
0.938094 -69.4043 0.923387
0.938244  -69.393 0.923537
0.938394 -69.3817 0.923687
0.938544 -69.3704 0.923837
0.938694 -69.3591 0.923987
0.938844 -69.3478 0.924137
0.938994 -69.3365 0.924287
0.939145 -69.3252 0.924437
0.939295 -69.3139 0.924587
0.939445 -69.3026 0.924737
0.939595 -69.2913 0.924887
0.939745 -69.2801 0.925038
0.939895 -69.2688 0.925188
0.940045 -69.2575 0.925338
0.940195 -69.2462 0.925488
0.940345  -69.235 0.925488
0.940495 -69.2237 0.925638
0.940645 -69.2125 0.925788
0.940795 -69.2012 0.925938
0.940945   -69.19 0.926088
0.941096 -69.1787 0.926238
0.941246 -69.1675 0.926388
0.941396 -69.1562 0.926538
0.941546  -69.145 0.926688
0.941696 -69.1338 0.926838
0.941846 -69.1225 0.926988
0.941996 -69.1113 0.927139
0.942146 -69.1001 0.927289
0.942296 -69.0889 0.927439
0.942446 -69.0777 0.927589
0.942596 -69.0665 0.927589
0.942746 -69.0553 0.927739
0.942896  -69.044 0.927889
0.943047 -69.0328 0.928039
0.943197 -69.0217 0.928189
0.943347 -69.0105 0.928339
0.943497 -68.9993 0.928489
0.943647 -68.9881 0.928639
0.943797 -68.9769 0.928789
0.943947 -68.9657 0.928939
0.944097 -68.9546  0.92909
0.944247 -68.9434  0.92924
0.944397 -68.9322  0.92939
0.944547 -68.9211  0.92954
0.944697 -68.9099  0.92969
0.944847 -68.8987  0.92969
0.944997 -68.8876  0.92984
0.945148 -68.8764  0.92999
0.945298 -68.8653  0.93014
0.945448 -68.8541  0.93029
0.945598  -68.843  0.93044
0.945748 -68.8319  0.93059
0.945898 -68.8207  0.93074
0.946048 -68.8096  0.93089
0.946198 -68.7985 0.931041
0.946348 -68.7874 0.931191
0.946498 -68.7763 0.931341
0.946648 -68.7651 0.931491
0.946798  -68.754 0.931641
0.946948 -68.7429 0.931791
0.947099 -68.7318 0.931791
0.947249 -68.7207 0.931941
0.947399 -68.7096 0.932091
0.947549 -68.6985 0.932241
0.947699 -68.6874 0.932391
0.947849 -68.6764 0.932541
0.947999 -68.6653 0.932691
0.948149 -68.6542 0.932841
0.948299 -68.6431 0.932991
0.948449  -68.632 0.933142
0.948599  -68.621 0.933292
0.948749 -68.6099 0.933442
0.948899 -68.5988 0.933592
 0.94905 -68.5878 0.933742
  0.9492 -68.5767 0.933892
 0.94935 -68.5657 0.934042
  0.9495 -68.5546 0.934042
 0.94965 -68.5436 0.934192
  0.9498 -68.5325 0.934342
 0.94995 -68.5215 0.934492
  0.9501 -68.5105 0.934642
 0.95025 -68.4994 0.934792
  0.9504 -68.4884 0.934942
 0.95055 -68.4774 0.935093
  0.9507 -68.4664 0.935243
 0.95085 -68.4554 0.935393
0.951001 -68.4443 0.935543
0.951151 -68.4333 0.935693
0.951301 -68.4223 0.935843
0.951451 -68.4113 0.935993
0.951601 -68.4003 0.936143
0.951751 -68.3893 0.936293
0.951901 -68.3783 0.936293
0.952051 -68.3673 0.936443
0.952201 -68.3563 0.936593
0.952351 -68.3454 0.936743
0.952501 -68.3344 0.936893
0.952651 -68.3234 0.937044
0.952801 -68.3124 0.937194
0.952951 -68.3015 0.937344
0.953102 -68.2905 0.937494
0.953252 -68.2795 0.937644
0.953402 -68.2686 0.937794
0.953552 -68.2576 0.937944
0.953702 -68.2467 0.938094
0.953852 -68.2357 0.938244
0.954002 -68.2248 0.938394
0.954152 -68.2138 0.938544
0.954302 -68.2029 0.938544
0.954452 -68.1919 0.938694
0.954602  -68.181 0.938844
0.954752 -68.1701 0.938994
0.954902 -68.1592 0.939145
0.955053 -68.1482 0.939295
0.955203 -68.1373 0.939445
0.955353 -68.1264 0.939595
0.955503 -68.1155 0.939745
0.955653 -68.1046 0.939895
0.955803 -68.0937 0.940045
0.955953 -68.0828 0.940195
0.956103 -68.0719 0.940345
0.956253  -68.061 0.940495
0.956403 -68.0501 0.940645
0.956553 -68.0392 0.940795
0.956703 -68.0283 0.940945
0.956853 -68.0174 0.940945
0.957004 -68.0065 0.941096
0.957154 -67.9957 0.941246
0.957304 -67.9848 0.941396
0.957454 -67.9739 0.941546
0.957604 -67.9631 0.941696
0.957754 -67.9522 0.941846
0.957904 -67.9413 0.941996
0.958054 -67.9305 0.942146
0.958204 -67.9196 0.942296
0.958354 -67.9088 0.942446
0.958504 -67.8979 0.942596
0.958654 -67.8871 0.942746
0.958804 -67.8762 0.942896
0.958954 -67.8654 0.943047
0.959105 -67.8546 0.943197
0.959255 -67.8437 0.943197
0.959405 -67.8329 0.943347
0.959555 -67.8221 0.943497
0.959705 -67.8113 0.943647
0.959855 -67.8005 0.943797
0.960005 -67.7896 0.943947
0.960155 -67.7788 0.944097
0.960305  -67.768 0.944247
0.960455 -67.7572 0.944397
0.960605 -67.7464 0.944547
0.960755 -67.7356 0.944697
0.960905 -67.7248 0.944847
0.961056  -67.714 0.944997
0.961206 -67.7033 0.945148
0.961356 -67.6925 0.945298
0.961506 -67.6817 0.945448
0.961656 -67.6709 0.945598
0.961806 -67.6601 0.945598
0.961956 -67.6494 0.945748
0.962106 -67.6386 0.945898
0.962256 -67.6278 0.946048
0.962406 -67.6171 0.946198
0.962556 -67.6063 0.946348
0.962706 -67.5956 0.946498
0.962856 -67.5848 0.946648
0.963007 -67.5741 0.946798
0.963157 -67.5633 0.946948
0.963307 -67.5526 0.947099
0.963457 -67.5418 0.947249
0.963607 -67.5311 0.947399
0.963757 -67.5204 0.947549
0.963907 -67.5096 0.947699
0.964057 -67.4989 0.947849
0.964207 -67.4882 0.947999
0.964357 -67.4775 0.947999
0.964507 -67.4668 0.948149
0.964657  -67.456 0.948299
0.964807 -67.4453 0.948449
0.964957 -67.4346 0.948599
0.965108 -67.4239 0.948749
0.965258 -67.4132 0.948899
0.965408 -67.4025  0.94905
0.965558 -67.3918   0.9492
0.965708 -67.3811  0.94935
0.965858 -67.3704   0.9495
0.966008 -67.3598  0.94965
0.966158 -67.3491   0.9498
0.966308 -67.3384  0.94995
0.966458 -67.3277   0.9501
0.966608 -67.3171  0.95025
0.966758 -67.3064   0.9504
0.966908 -67.2957   0.9504
0.967059 -67.2851  0.95055
0.967209 -67.2744   0.9507
0.967359 -67.2637  0.95085
0.967509 -67.2531 0.951001
0.967659 -67.2424 0.951151
0.967809 -67.2318 0.951301
0.967959 -67.2212 0.951451
0.968109 -67.2105 0.951601
0.968259 -67.1999 0.951751
0.968409 -67.1892 0.951901
0.968559 -67.1786 0.952051
0.968709  -67.168 0.952201
0.968859 -67.1574 0.952351
 0.96901 -67.1467 0.952501
 0.96916 -67.1361 0.952651
 0.96931 -67.1255 0.952801
 0.96946 -67.1149 0.952951
 0.96961 -67.1043 0.952951
 0.96976 -67.0937 0.953102
 0.96991 -67.0831 0.953252
 0.97006 -67.0725 0.953402
 0.97021 -67.0619 0.953552
 0.97036 -67.0513 0.953702
 0.97051 -67.0407 0.953852
 0.97066 -67.0301 0.954002
 0.97081 -67.0195 0.954152
 0.97096  -67.009 0.954302
0.971111 -66.9984 0.954452
0.971261 -66.9878 0.954602
0.971411 -66.9772 0.954752
0.971561 -66.9667 0.954902
0.971711 -66.9561 0.955053
0.971861 -66.9455 0.955203
0.972011  -66.935 0.955353
0.972161 -66.9244 0.955353
0.972311 -66.9139 0.955503
0.972461 -66.9033 0.955653
0.972611 -66.8928 0.955803
0.972761 -66.8822 0.955953
0.972911 -66.8717 0.956103
0.973062 -66.8612 0.956253
0.973212 -66.8506 0.956403
0.973362 -66.8401 0.956553
0.973512 -66.8296 0.956703
0.973662  -66.819 0.956853
0.973812 -66.8085 0.957004
0.973962  -66.798 0.957154
0.974112 -66.7875 0.957304
0.974262  -66.777 0.957454
0.974412 -66.7665 0.957604
0.974562  -66.756 0.957754
0.974712 -66.7455 0.957904
0.974862  -66.735 0.957904
0.975013 -66.7245 0.958054
0.975163  -66.714 0.958204
0.975313 -66.7035 0.958354
0.975463  -66.693 0.958504
0.975613 -66.6825 0.958654
0.975763  -66.672 0.958804
0.975913 -66.6616 0.958954
0.976063 -66.6511 0.959105
0.976213 -66.6406 0.959255
0.976363 -66.6301 0.959405
0.976513 -66.6197 0.959555
0.976663 -66.6092 0.959705
0.976813 -66.5988 0.959855
0.976963 -66.5883 0.960005
0.977114 -66.5778 0.960155
0.977264 -66.5674 0.960305
0.977414  -66.557 0.960305
0.977564 -66.5465 0.960455
0.977714 -66.5361 0.960605
0.977864 -66.5256 0.960755
0.978014 -66.5152 0.960905
0.978164 -66.5048 0.961056
0.978314 -66.4943 0.961206
0.978464 -66.4839 0.961356
0.978614 -66.4735 0.961506
0.978764 -66.4631 0.961656
0.978914 -66.4526 0.961806
0.979065 -66.4422 0.961956
0.979215 -66.4318 0.962106
0.979365 -66.4214 0.962256
0.979515  -66.411 0.962406
0.979665 -66.4006 0.962556
0.979815 -66.3902 0.962706
0.979965 -66.3798 0.962856
0.980115 -66.3694 0.962856
0.980265  -66.359 0.963007
0.980415 -66.3486 0.963157
0.980565 -66.3383 0.963307
0.980715 -66.3279 0.963457
0.980865 -66.3175 0.963607
0.981016 -66.3071 0.963757
0.981166 -66.2968 0.963907
0.981316 -66.2864 0.964057
0.981466  -66.276 0.964207
0.981616 -66.2657 0.964357
0.981766 -66.2553 0.964507
0.981916  -66.245 0.964657
0.982066 -66.2346 0.964807
0.982216 -66.2242 0.964957
0.982366 -66.2139 0.965108
0.982516 -66.2036 0.965258
0.982666 -66.1932 0.965408
0.982816 -66.1829 0.965408
0.982966 -66.1725 0.965558
0.983117 -66.1622 0.965708
0.983267 -66.1519 0.965858
0.983417 -66.1416 0.966008
0.983567 -66.1312 0.966158
0.983717 -66.1209 0.966308
0.983867 -66.1106 0.966458
0.984017 -66.1003 0.966608
0.984167   -66.09 0.966758
0.984317 -66.0797 0.966908
0.984467 -66.0694 0.967059
0.984617 -66.0591 0.967209
0.984767 -66.0488 0.967359
0.984917 -66.0385 0.967509
0.985068 -66.0282 0.967659
0.985218 -66.0179 0.967809
0.985368 -66.0076 0.967959
0.985518 -65.9973 0.967959
0.985668  -65.987 0.968109
0.985818 -65.9767 0.968259
0.985968 -65.9665 0.968409
0.986118 -65.9562 0.968559
0.986268 -65.9459 0.968709
0.986418 -65.9357 0.968859
0.986568 -65.9254  0.96901
0.986718 -65.9151  0.96916
0.986868 -65.9049  0.96931
0.987019 -65.8946  0.96946
0.987169 -65.8844  0.96961
0.987319 -65.8741  0.96976
0.987469 -65.8639  0.96991
0.987619 -65.8536  0.97006
0.987769 -65.8434  0.97021
0.987919 -65.8332  0.97036
0.988069 -65.8229  0.97051
0.988219 -65.8127  0.97051
0.988369 -65.8025  0.97066
0.988519 -65.7922  0.97081
0.988669  -65.782  0.97096
0.988819 -65.7718 0.971111
0.988969 -65.7616 0.971261
 0.98912 -65.7514 0.971411
 0.98927 -65.7412 0.971561
 0.98942 -65.7309 0.971711
 0.98957 -65.7207 0.971861
 0.98972 -65.7105 0.972011
 0.98987 -65.7003 0.972161
 0.99002 -65.6901 0.972311
 0.99017   -65.68 0.972461
 0.99032 -65.6698 0.972611
 0.99047 -65.6596 0.972761
 0.99062 -65.6494 0.972911
 0.99077 -65.6392 0.973062
 0.99092  -65.629 0.973062
0.991071 -65.6189 0.973212
0.991221 -65.6087 0.973362
0.991371 -65.5985 0.973512
0.991521 -65.5883 0.973662
0.991671 -65.5782 0.973812
0.991821  -65.568 0.973962
0.991971 -65.5579 0.974112
0.992121 -65.5477 0.974262
0.992271 -65.5376 0.974412
0.992421 -65.5274 0.974562
0.992571 -65.5173 0.974712
0.992721 -65.5071 0.974862
0.992871  -65.497 0.975013
0.993022 -65.4868 0.975163
0.993172 -65.4767 0.975313
0.993322 -65.4666 0.975463
0.993472 -65.4564 0.975613
0.993622 -65.4463 0.975763
0.993772 -65.4362 0.975763
0.993922 -65.4261 0.975913
0.994072  -65.416 0.976063
0.994222 -65.4058 0.976213
0.994372 -65.3957 0.976363
0.994522 -65.3856 0.976513
0.994672 -65.3755 0.976663
0.994822 -65.3654 0.976813
0.994972 -65.3553 0.976963
0.995123 -65.3452 0.977114
0.995273 -65.3351 0.977264
0.995423  -65.325 0.977414
0.995573 -65.3149 0.977564
0.995723 -65.3048 0.977714
0.995873 -65.2948 0.977864
0.996023 -65.2847 0.978014
0.996173 -65.2746 0.978164
0.996323 -65.2645 0.978314
0.996473 -65.2545 0.978314
0.996623 -65.2444 0.978464
0.996773 -65.2343 0.978614
0.996923 -65.2243 0.978764
0.997074 -65.2142 0.978914
0.997224 -65.2041 0.979065
0.997374 -65.1941 0.979215
0.997524  -65.184 0.979365
0.997674  -65.174 0.979515
0.997824 -65.1639 0.979665
0.997974 -65.1539 0.979815
0.998124 -65.1439 0.979965
0.998274 -65.1338 0.980115
0.998424 -65.1238 0.980265
0.998574 -65.1138 0.980415
0.998724 -65.1037 0.980565
0.998874 -65.0937 0.980715
0.999025 -65.0837 0.980865
0.999175 -65.0737 0.980865
0.999325 -65.0636 0.981016
0.999475 -65.0536 0.981166
0.999625 -65.0436 0.981316
0.999775 -65.0336 0.981466
0.999925 -65.0236 0.981616
 1.00008 -65.0136 0.981766
 1.00023 -65.0036 0.981916
 1.00038 -64.9936 0.982066
 1.00053 -64.9836 0.982216
 1.00068 -64.9736 0.982366
 1.00083 -64.9636 0.982516
 1.00098 -64.9536 0.982666
 1.00113 -64.9437 0.982816
 1.00128 -64.9337 0.982966
 1.00143 -64.9237 0.983117
 1.00158 -64.9137 0.983267
 1.00173 -64.9037 0.983417
 1.00188 -64.8938 0.983567
 1.00203 -64.8838 0.983567
 1.00218 -64.8738 0.983717
 1.00233 -64.8639 0.983867
 1.00248 -64.8539 0.984017
 1.00263  -64.844 0.984167
 1.00278  -64.834 0.984317
 1.00293 -64.8241 0.984467
 1.00308 -64.8141 0.984617
 1.00323 -64.8042 0.984767
 1.00338 -64.7942 0.984917
 1.00353 -64.7843 0.985068
 1.00368 -64.7744 0.985218
 1.00383 -64.7644 0.985368
 1.00398 -64.7545 0.985518
 1.00413 -64.7446 0.985668
 1.00428 -64.7346 0.985818
 1.00443 -64.7247 0.985968
 1.00458 -64.7148 0.986118
 1.00473 -64.7049 0.986118
 1.00488  -64.695 0.986268
 1.00503 -64.6851 0.986418
 1.00518 -64.6752 0.986568
 1.00533 -64.6653 0.986718
 1.00548 -64.6553 0.986868
 1.00563 -64.6454 0.987019
 1.00578 -64.6356 0.987169
 1.00593 -64.6257 0.987319
 1.00608 -64.6158 0.987469
 1.00623 -64.6059 0.987619
 1.00638  -64.596 0.987769
 1.00653 -64.5861 0.987919
 1.00668 -64.5762 0.988069
 1.00683 -64.5664 0.988219
 1.00698 -64.5565 0.988369
 1.00713 -64.5466 0.988519
 1.00728 -64.5367 0.988669
 1.00743 -64.5269 0.988819
 1.00758  -64.517 0.988819
 1.00773 -64.5071 0.988969
 1.00788 -64.4973  0.98912
 1.00803 -64.4874  0.98927
 1.00818 -64.4776  0.98942
 1.00833 -64.4677  0.98957
 1.00848 -64.4579  0.98972
 1.00863  -64.448  0.98987
 1.00878 -64.4382  0.99002
 1.00893 -64.4284  0.99017
 1.00908 -64.4185  0.99032
 1.00923 -64.4087  0.99047
 1.00938 -64.3989  0.99062
 1.00953  -64.389  0.99077
 1.00968 -64.3792  0.99092
 1.00983 -64.3694 0.991071
 1.00998 -64.3596 0.991221
 1.01013 -64.3498 0.991371
 1.01028 -64.3399 0.991371
 1.01043 -64.3301 0.991521
 1.01058 -64.3203 0.991671
 1.01073 -64.3105 0.991821
 1.01088 -64.3007 0.991971
 1.01103 -64.2909 0.992121
 1.01118 -64.2811 0.992271
 1.01133 -64.2713 0.992421
 1.01148 -64.2615 0.992571
 1.01163 -64.2517 0.992721
 1.01178  -64.242 0.992871
 1.01193 -64.2322 0.993022
 1.01208 -64.2224 0.993172
 1.01223 -64.2126 0.993322
 1.01238 -64.2028 0.993472
 1.01253 -64.1931 0.993622
 1.01268 -64.1833 0.993772
 1.01283 -64.1735 0.993922
 1.01298 -64.1638 0.994072
 1.01313  -64.154 0.994072
 1.01328 -64.1442 0.994222
 1.01343 -64.1345 0.994372
 1.01358 -64.1247 0.994522
 1.01373  -64.115 0.994672
 1.01388 -64.1052 0.994822
 1.01403 -64.0955 0.994972
 1.01418 -64.0857 0.995123
 1.01433  -64.076 0.995273
 1.01448 -64.0663 0.995423
 1.01463 -64.0565 0.995573
 1.01478 -64.0468 0.995723
 1.01493 -64.0371 0.995873
 1.01508 -64.0273 0.996023
 1.01523 -64.0176 0.996173
 1.01538 -64.0079 0.996323
 1.01553 -63.9982 0.996473
 1.01568 -63.9885 0.996623
 1.01583 -63.9788 0.996623
 1.01598  -63.969 0.996773
 1.01613 -63.9593 0.996923
 1.01628 -63.9496 0.997074
 1.01643 -63.9399 0.997224
 1.01658 -63.9302 0.997374
 1.01673 -63.9205 0.997524
 1.01688 -63.9108 0.997674
 1.01703 -63.9011 0.997824
 1.01718 -63.8915 0.997974
 1.01733 -63.8818 0.998124
 1.01748 -63.8721 0.998274
 1.01763 -63.8624 0.998424
 1.01778 -63.8527 0.998574
 1.01793 -63.8431 0.998724
 1.01808 -63.8334 0.998874
 1.01823 -63.8237 0.999025
 1.01838  -63.814 0.999175
 1.01853 -63.8044 0.999325
 1.01868 -63.7947 0.999325
 1.01883 -63.7851 0.999475
 1.01898 -63.7754 0.999625
 1.01913 -63.7657 0.999775
 1.01928 -63.7561 0.999925
 1.01943 -63.7464  1.00008
 1.01958 -63.7368  1.00023
 1.01973 -63.7272  1.00038
 1.01988 -63.7175  1.00053
 1.02004 -63.7079  1.00068
 1.02019 -63.6982  1.00083
 1.02034 -63.6886  1.00098
 1.02049  -63.679  1.00113
 1.02064 -63.6694  1.00128
 1.02079 -63.6597  1.00143
 1.02094 -63.6501  1.00158
 1.02109 -63.6405  1.00173
 1.02124 -63.6309  1.00188
 1.02139 -63.6213  1.00203
 1.02154 -63.6116  1.00203
 1.02169  -63.602  1.00218
 1.02184 -63.5924  1.00233
 1.02199 -63.5828  1.00248
 1.02214 -63.5732  1.00263
 1.02229 -63.5636  1.00278
 1.02244  -63.554  1.00293
 1.02259 -63.5444  1.00308
 1.02274 -63.5349  1.00323
 1.02289 -63.5253  1.00338
 1.02304 -63.5157  1.00353
 1.02319 -63.5061  1.00368
 1.02334 -63.4965  1.00383
 1.02349 -63.4869  1.00398
 1.02364 -63.4774  1.00413
 1.02379 -63.4678  1.00428
 1.02394 -63.4582  1.00443
 1.02409 -63.4487  1.00458
 1.02424 -63.4391  1.00458
 1.02439 -63.4295  1.00473
 1.02454   -63.42  1.00488
 1.02469 -63.4104  1.00503
 1.02484 -63.4009  1.00518
 1.02499 -63.3913  1.00533
 1.02514 -63.3818  1.00548
 1.02529 -63.3722  1.00563
 1.02544 -63.3627  1.00578
 1.02559 -63.3532  1.00593
 1.02574 -63.3436  1.00608
 1.02589 -63.3341  1.00623
 1.02604 -63.3245  1.00638
 1.02619  -63.315  1.00653
 1.02634 -63.3055  1.00668
 1.02649  -63.296  1.00683
 1.02664 -63.2865  1.00698
 1.02679 -63.2769  1.00713
 1.02694 -63.2674  1.00713
 1.02709 -63.2579  1.00728
 1.02724 -63.2484  1.00743
 1.02739 -63.2389  1.00758
 1.02754 -63.2294  1.00773
 1.02769 -63.2199  1.00788
 1.02784 -63.2104  1.00803
 1.02799 -63.2009  1.00818
 1.02814 -63.1914  1.00833
 1.02829 -63.1819  1.00848
 1.02844 -63.1724  1.00863
 1.02859 -63.1629  1.00878
 1.02874 -63.1534  1.00893
 1.02889 -63.1439  1.00908
 1.02904 -63.1345  1.00923
 1.02919  -63.125  1.00938
 1.02934 -63.1155  1.00953
 1.02949  -63.106  1.00968
 1.02964 -63.0966  1.00983
 1.02979 -63.0871  1.00983
 1.02994 -63.0776  1.00998
 1.03009 -63.0682  1.01013
 1.03024 -63.0587  1.01028
 1.03039 -63.0493  1.01043
 1.03054 -63.0398  1.01058
 1.03069 -63.0304  1.01073
 1.03084 -63.0209  1.01088
 1.03099 -63.0115  1.01103
 1.03114  -63.002  1.01118
 1.03129 -62.9926  1.01133
 1.03144 -62.9832  1.01148
 1.03159 -62.9737  1.01163
 1.03174 -62.9643  1.01178
 1.03189 -62.9549  1.01193
 1.03204 -62.9454  1.01208
 1.03219  -62.936  1.01223
 1.03234 -62.9266  1.01238
 1.03249 -62.9172  1.01253
 1.03264 -62.9078  1.01253
 1.03279 -62.8983  1.01268
 1.03294 -62.8889  1.01283
 1.03309 -62.8795  1.01298
 1.03324 -62.8701  1.01313
 1.03339 -62.8607  1.01328
 1.03354 -62.8513  1.01343
 1.03369 -62.8419  1.01358
 1.03384 -62.8325  1.01373
 1.03399 -62.8231  1.01388
 1.03414 -62.8137  1.01403
 1.03429 -62.8043  1.01418
 1.03444 -62.7949  1.01433
 1.03459 -62.7856  1.01448
 1.03474 -62.7762  1.01463
 1.03489 -62.7668  1.01478
 1.03504 -62.7574  1.01493
 1.03519 -62.7481  1.01508
 1.03534 -62.7387  1.01508
 1.03549 -62.7293  1.01523
 1.03564   -62.72  1.01538
 1.03579 -62.7106  1.01553
 1.03594 -62.7012  1.01568
 1.03609 -62.6919  1.01583
 1.03624 -62.6825  1.01598
 1.03639 -62.6732  1.01613
 1.03654 -62.6638  1.01628
 1.03669 -62.6545  1.01643
 1.03684 -62.6451  1.01658
 1.03699 -62.6358  1.01673
 1.03714 -62.6264  1.01688
 1.03729 -62.6171  1.01703
 1.03744 -62.6078  1.01718
 1.03759 -62.5984  1.01733
 1.03774 -62.5891  1.01748
 1.03789 -62.5798  1.01763
 1.03804 -62.5705  1.01778
 1.03819 -62.5611  1.01778
 1.03834 -62.5518  1.01793
 1.03849 -62.5425  1.01808
 1.03864 -62.5332  1.01823
 1.03879 -62.5239  1.01838
 1.03894 -62.5146  1.01853
 1.03909 -62.5053  1.01868
 1.03924  -62.496  1.01883
 1.03939 -62.4867  1.01898
 1.03954 -62.4774  1.01913
 1.03969 -62.4681  1.01928
 1.03984 -62.4588  1.01943
 1.03999 -62.4495  1.01958
 1.04015 -62.4402  1.01973
  1.0403 -62.4309  1.01988
 1.04045 -62.4216  1.02004
  1.0406 -62.4123  1.02019
 1.04075 -62.4031  1.02034
  1.0409 -62.3938  1.02034
 1.04105 -62.3845  1.02049
  1.0412 -62.3752  1.02064
 1.04135  -62.366  1.02079
  1.0415 -62.3567  1.02094
 1.04165 -62.3474  1.02109
  1.0418 -62.3382  1.02124
 1.04195 -62.3289  1.02139
  1.0421 -62.3197  1.02154
 1.04225 -62.3104  1.02169
  1.0424 -62.3012  1.02184
 1.04255 -62.2919  1.02199
  1.0427 -62.2827  1.02214
 1.04285 -62.2734  1.02229
   1.043 -62.2642  1.02244
 1.04315  -62.255  1.02259
  1.0433 -62.2457  1.02274
 1.04345 -62.2365  1.02289
  1.0436 -62.2273  1.02289
 1.04375  -62.218  1.02304
  1.0439 -62.2088  1.02319
 1.04405 -62.1996  1.02334
  1.0442 -62.1904  1.02349
 1.04435 -62.1811  1.02364
  1.0445 -62.1719  1.02379
 1.04465 -62.1627  1.02394
  1.0448 -62.1535  1.02409
 1.04495 -62.1443  1.02424
  1.0451 -62.1351  1.02439
 1.04525 -62.1259  1.02454
  1.0454 -62.1167  1.02469
 1.04555 -62.1075  1.02484
  1.0457 -62.0983  1.02499
 1.04585 -62.0891  1.02514
   1.046 -62.0799  1.02529
 1.04615 -62.0707  1.02544
  1.0463 -62.0615  1.02544
 1.04645 -62.0524  1.02559
  1.0466 -62.0432  1.02574
 1.04675  -62.034  1.02589
  1.0469 -62.0248  1.02604
 1.04705 -62.0157  1.02619
  1.0472 -62.0065  1.02634
 1.04735 -61.9973  1.02649
  1.0475 -61.9882  1.02664
 1.04765  -61.979  1.02679
  1.0478 -61.9698  1.02694
 1.04795 -61.9607  1.02709
  1.0481 -61.9515  1.02724
 1.04825 -61.9424  1.02739
  1.0484 -61.9332  1.02754
 1.04855 -61.9241  1.02769
  1.0487 -61.9149  1.02784
 1.04885 -61.9058  1.02799
   1.049 -61.8966  1.02799
 1.04915 -61.8875  1.02814
  1.0493 -61.8784  1.02829
 1.04945 -61.8692  1.02844
  1.0496 -61.8601  1.02859
 1.04975  -61.851  1.02874
  1.0499 -61.8419  1.02889
 1.05005 -61.8327  1.02904
  1.0502 -61.8236  1.02919
 1.05035 -61.8145  1.02934
  1.0505 -61.8054  1.02949
 1.05065 -61.7963  1.02964
  1.0508 -61.7872  1.02979
 1.05095 -61.7781  1.02994
  1.0511 -61.7689  1.03009
 1.05125 -61.7598  1.03024
  1.0514 -61.7507  1.03039
 1.05155 -61.7416  1.03054
  1.0517 -61.7326  1.03054
 1.05185 -61.7235  1.03069
   1.052 -61.7144  1.03084
 1.05215 -61.7053  1.03099
  1.0523 -61.6962  1.03114
 1.05245 -61.6871  1.03129
  1.0526  -61.678  1.03144
 1.05275  -61.669  1.03159
  1.0529 -61.6599  1.03174
 1.05305 -61.6508  1.03189
  1.0532 -61.6417  1.03204
 1.05335 -61.6327  1.03219
  1.0535 -61.6236  1.03234
 1.05365 -61.6145  1.03249
  1.0538 -61.6055  1.03264
 1.05395 -61.5964  1.03279
  1.0541 -61.5874  1.03294
 1.05425 -61.5783  1.03309
  1.0544 -61.5693  1.03309
 1.05455 -61.5602  1.03324
  1.0547 -61.5512  1.03339
 1.05485 -61.5421  1.03354
   1.055 -61.5331  1.03369
 1.05515 -61.5241  1.03384
  1.0553  -61.515  1.03399
 1.05545  -61.506  1.03414
  1.0556  -61.497  1.03429
 1.05575 -61.4879  1.03444
  1.0559 -61.4789  1.03459
 1.05605 -61.4699  1.03474
  1.0562 -61.4609  1.03489
 1.05635 -61.4518  1.03504
  1.0565 -61.4428  1.03519
 1.05665 -61.4338  1.03534
  1.0568 -61.4248  1.03549
 1.05695 -61.4158  1.03564
  1.0571 -61.4068  1.03564
 1.05725 -61.3978  1.03579
  1.0574 -61.3888  1.03594
 1.05755 -61.3798  1.03609
  1.0577 -61.3708  1.03624
 1.05785 -61.3618  1.03639
   1.058 -61.3528  1.03654
 1.05815 -61.3438  1.03669
  1.0583 -61.3348  1.03684
 1.05845 -61.3258  1.03699
  1.0586 -61.3169  1.03714
 1.05875 -61.3079  1.03729
  1.0589 -61.2989  1.03744
 1.05905 -61.2899  1.03759
  1.0592  -61.281  1.03774
 1.05935  -61.272  1.03789
  1.0595  -61.263  1.03804
 1.05965 -61.2541  1.03819
  1.0598 -61.2451  1.03819
 1.05995 -61.2361  1.03834
 1.06011 -61.2272  1.03849
 1.06026 -61.2182  1.03864
 1.06041 -61.2093  1.03879
 1.06056 -61.2003  1.03894
 1.06071 -61.1914  1.03909
 1.06086 -61.1824  1.03924
 1.06101 -61.1735  1.03939
 1.06116 -61.1645  1.03954
 1.06131 -61.1556  1.03969
 1.06146 -61.1467  1.03984
 1.06161 -61.1377  1.03999
 1.06176 -61.1288  1.04015
 1.06191 -61.1199   1.0403
 1.06206 -61.1109  1.04045
 1.06221  -61.102   1.0406
 1.06236 -61.0931   1.0406
 1.06251 -61.0842  1.04075
 1.06266 -61.0753   1.0409
 1.06281 -61.0664  1.04105
 1.06296 -61.0574   1.0412
 1.06311 -61.0485  1.04135
 1.06326 -61.0396   1.0415
 1.06341 -61.0307  1.04165
 1.06356 -61.0218   1.0418
 1.06371 -61.0129  1.04195
 1.06386  -61.004   1.0421
 1.06401 -60.9951  1.04225
 1.06416 -60.9862   1.0424
 1.06431 -60.9774  1.04255
 1.06446 -60.9685   1.0427
 1.06461 -60.9596  1.04285
 1.06476 -60.9507    1.043
 1.06491 -60.9418  1.04315
 1.06506  -60.933  1.04315
 1.06521 -60.9241   1.0433
 1.06536 -60.9152  1.04345
 1.06551 -60.9063   1.0436
 1.06566 -60.8975  1.04375
 1.06581 -60.8886   1.0439
 1.06596 -60.8797  1.04405
 1.06611 -60.8709   1.0442
 1.06626  -60.862  1.04435
 1.06641 -60.8532   1.0445
 1.06656 -60.8443  1.04465
 1.06671 -60.8355   1.0448
 1.06686 -60.8266  1.04495
 1.06701 -60.8178   1.0451
 1.06716 -60.8089  1.04525
 1.06731 -60.8001   1.0454
 1.06746 -60.7913  1.04555
 1.06761 -60.7824  1.04555
 1.06776 -60.7736   1.0457
 1.06791 -60.7648  1.04585
 1.06806 -60.7559    1.046
 1.06821 -60.7471  1.04615
 1.06836 -60.7383   1.0463
 1.06851 -60.7295  1.04645
 1.06866 -60.7206   1.0466
 1.06881 -60.7118  1.04675
 1.06896  -60.703   1.0469
 1.06911 -60.6942  1.04705
 1.06926 -60.6854   1.0472
 1.06941 -60.6766  1.04735
 1.06956 -60.6678   1.0475
 1.06971  -60.659  1.04765
 1.06986 -60.6502   1.0478
 1.07001 -60.6414  1.04795
 1.07016 -60.6326  1.04795
 1.07031 -60.6238   1.0481
 1.07046  -60.615  1.04825
 1.07061 -60.6062   1.0484
 1.07076 -60.5974  1.04855
 1.07091 -60.5886   1.0487
 1.07106 -60.5799  1.04885
 1.07121 -60.5711    1.049
 1.07136 -60.5623  1.04915
 1.07151 -60.5535   1.0493
 1.07166 -60.5448  1.04945
 1.07181  -60.536   1.0496
 1.07196 -60.5272  1.04975
 1.07211 -60.5185   1.0499
 1.07226 -60.5097  1.05005
 1.07241 -60.5009   1.0502
 1.07256 -60.4922  1.05035
 1.07271 -60.4834  1.05035
 1.07286 -60.4747   1.0505
 1.07301 -60.4659  1.05065
 1.07316 -60.4572   1.0508
 1.07331 -60.4484  1.05095
 1.07346 -60.4397   1.0511
 1.07361  -60.431  1.05125
 1.07376 -60.4222   1.0514
 1.07391 -60.4135  1.05155
 1.07406 -60.4048   1.0517
 1.07421  -60.396  1.05185
 1.07436 -60.3873    1.052
 1.07451 -60.3786  1.05215
 1.07466 -60.3699   1.0523
 1.07481 -60.3611  1.05245
 1.07496 -60.3524   1.0526
 1.07511 -60.3437  1.05275
 1.07526  -60.335  1.05275
 1.07541 -60.3263   1.0529
 1.07556 -60.3176  1.05305
 1.07571 -60.3089   1.0532
 1.07586 -60.3002  1.05335
 1.07601 -60.2915   1.0535
 1.07616 -60.2828  1.05365
 1.07631 -60.2741   1.0538
 1.07646 -60.2654  1.05395
 1.07661 -60.2567   1.0541
 1.07676  -60.248  1.05425
 1.07691 -60.2393   1.0544
 1.07706 -60.2306  1.05455
 1.07721 -60.2219   1.0547
 1.07736 -60.2133  1.05485
 1.07751 -60.2046    1.055
 1.07766 -60.1959  1.05515
 1.07781 -60.1872  1.05515
 1.07796 -60.1786   1.0553
 1.07811 -60.1699  1.05545
 1.07826 -60.1612   1.0556
 1.07841 -60.1526  1.05575
 1.07856 -60.1439   1.0559
 1.07871 -60.1352  1.05605
 1.07886 -60.1266   1.0562
 1.07901 -60.1179  1.05635
 1.07916 -60.1093   1.0565
 1.07931 -60.1006  1.05665
 1.07946  -60.092   1.0568
 1.07961 -60.0833  1.05695
 1.07976 -60.0747   1.0571
 1.07991 -60.0661  1.05725
 1.08007 -60.0574   1.0574
 1.08022 -60.0488   1.0574
 1.08037 -60.0402  1.05755
 1.08052 -60.0315   1.0577
 1.08067 -60.0229  1.05785
 1.08082 -60.0143    1.058
 1.08097 -60.0056  1.05815
 1.08112  -59.997   1.0583
 1.08127 -59.9884  1.05845
 1.08142 -59.9798   1.0586
 1.08157 -59.9712  1.05875
 1.08172 -59.9626   1.0589
 1.08187  -59.954  1.05905
 1.08202 -59.9454   1.0592
 1.08217 -59.9368  1.05935
 1.08232 -59.9282   1.0595
 1.08247 -59.9196  1.05965
 1.08262  -59.911  1.05965
 1.08277 -59.9024   1.0598
 1.08292 -59.8938  1.05995
 1.08307 -59.8852  1.06011
 1.08322 -59.8766  1.06026
 1.08337  -59.868  1.06041
 1.08352 -59.8594  1.06056
 1.08367 -59.8508  1.06071
 1.08382 -59.8423  1.06086
 1.08397 -59.8337  1.06101
 1.08412 -59.8251  1.06116
 1.08427 -59.8166  1.06131
 1.08442  -59.808  1.06146
 1.08457 -59.7994  1.06161
 1.08472 -59.7909  1.06176
 1.08487 -59.7823  1.06191
 1.08502 -59.7737  1.06191
 1.08517 -59.7652  1.06206
 1.08532 -59.7566  1.06221
 1.08547 -59.7481  1.06236
 1.08562 -59.7395  1.06251
 1.08577  -59.731  1.06266
 1.08592 -59.7224  1.06281
 1.08607 -59.7139  1.06296
 1.08622 -59.7054  1.06311
 1.08637 -59.6968  1.06326
 1.08652 -59.6883  1.06341
 1.08667 -59.6798  1.06356
 1.08682 -59.6712  1.06371
 1.08697 -59.6627  1.06386
 1.08712 -59.6542  1.06401
 1.08727 -59.6457  1.06416
 1.08742 -59.6371  1.06416
 1.08757 -59.6286  1.06431
 1.08772 -59.6201  1.06446
 1.08787 -59.6116  1.06461
 1.08802 -59.6031  1.06476
 1.08817 -59.5946  1.06491
 1.08832 -59.5861  1.06506
 1.08847 -59.5776  1.06521
 1.08862 -59.5691  1.06536
 1.08877 -59.5606  1.06551
 1.08892 -59.5521  1.06566
 1.08907 -59.5436  1.06581
 1.08922 -59.5351  1.06596
 1.08937 -59.5266  1.06611
 1.08952 -59.5181  1.06626
 1.08967 -59.5096  1.06641
 1.08982 -59.5011  1.06641
 1.08997 -59.4927  1.06656
 1.09012 -59.4842  1.06671
 1.09027 -59.4757  1.06686
 1.09042 -59.4672  1.06701
 1.09057 -59.4588  1.06716
 1.09072 -59.4503  1.06731
 1.09087 -59.4418  1.06746
 1.09102 -59.4334  1.06761
 1.09117 -59.4249  1.06776
 1.09132 -59.4164  1.06791
 1.09147  -59.408  1.06806
 1.09162 -59.3995  1.06821
 1.09177 -59.3911  1.06836
 1.09192 -59.3826  1.06851
 1.09207 -59.3742  1.06851
 1.09222 -59.3657  1.06866
 1.09237 -59.3573  1.06881
 1.09252 -59.3489  1.06896
 1.09267 -59.3404  1.06911
 1.09282  -59.332  1.06926
 1.09297 -59.3235  1.06941
 1.09312 -59.3151  1.06956
 1.09327 -59.3067  1.06971
 1.09342 -59.2983  1.06986
 1.09357 -59.2898  1.07001
 1.09372 -59.2814  1.07016
 1.09387  -59.273  1.07031
 1.09402 -59.2646  1.07046
 1.09417 -59.2562  1.07061
 1.09432 -59.2478  1.07061
 1.09447 -59.2394  1.07076
 1.09462 -59.2309  1.07091
 1.09477 -59.2225  1.07106
 1.09492 -59.2141  1.07121
 1.09507 -59.2057  1.07136
 1.09522 -59.1973  1.07151
 1.09537 -59.1889  1.07166
 1.09552 -59.1806  1.07181
 1.09567 -59.1722  1.07196
 1.09582 -59.1638  1.07211
 1.09597 -59.1554  1.07226
 1.09612  -59.147  1.07241
 1.09627 -59.1386  1.07256
 1.09642 -59.1302  1.07271
 1.09657 -59.1219  1.07286
 1.09672 -59.1135  1.07286
 1.09687 -59.1051  1.07301
 1.09702 -59.0968  1.07316
 1.09717 -59.0884  1.07331
 1.09732   -59.08  1.07346
 1.09747 -59.0717  1.07361
 1.09762 -59.0633  1.07376
 1.09777 -59.0549  1.07391
 1.09792 -59.0466  1.07406
 1.09807 -59.0382  1.07421
 1.09822 -59.0299  1.07436
 1.09837 -59.0215  1.07451
 1.09852 -59.0132  1.07466
 1.09867 -59.0048  1.07481
 1.09882 -58.9965  1.07496
 1.09897 -58.9882  1.07496
 1.09912 -58.9798  1.07511
 1.09927 -58.9715  1.07526
 1.09942 -58.9632  1.07541
 1.09957 -58.9548  1.07556
 1.09972 -58.9465  1.07571
 1.09987 -58.9382  1.07586
 1.10003 -58.9299  1.07601
 1.10018 -58.9215  1.07616
 1.10033 -58.9132  1.07631
 1.10048 -58.9049  1.07646
 1.10063 -58.8966  1.07661
 1.10078 -58.8883  1.07676
 1.10093   -58.88  1.07691
 1.10108 -58.8717  1.07691
 1.10123 -58.8634  1.07706
 1.10138 -58.8551  1.07721
 1.10153 -58.8468  1.07736
 1.10168 -58.8385  1.07751
 1.10183 -58.8302  1.07766
 1.10198 -58.8219  1.07781
 1.10213 -58.8136  1.07796
 1.10228 -58.8053  1.07811
 1.10243  -58.797  1.07826
 1.10258 -58.7887  1.07841
 1.10273 -58.7805  1.07856
 1.10288 -58.7722  1.07871
 1.10303 -58.7639  1.07886
 1.10318 -58.7556  1.07886
 1.10333 -58.7474  1.07901
 1.10348 -58.7391  1.07916
 1.10363 -58.7308  1.07931
 1.10378 -58.7226  1.07946
 1.10393 -58.7143  1.07961
 1.10408 -58.7061  1.07976
 1.10423 -58.6978  1.07991
 1.10438 -58.6895  1.08007
 1.10453 -58.6813  1.08022
 1.10468  -58.673  1.08037
 1.10483 -58.6648  1.08052
 1.10498 -58.6565  1.08067
 1.10513 -58.6483  1.08082
 1.10528 -58.6401  1.08097
 1.10543 -58.6318  1.08097
 1.10558 -58.6236  1.08112
 1.10573 -58.6154  1.08127
 1.10588 -58.6071  1.08142
 1.10603 -58.5989  1.08157
 1.10618 -58.5907  1.08172
 1.10633 -58.5825  1.08187
 1.10648 -58.5742  1.08202
 1.10663  -58.566  1.08217
 1.10678 -58.5578  1.08232
 1.10693 -58.5496  1.08247
 1.10708 -58.5414  1.08262
 1.10723 -58.5332  1.08277
 1.10738  -58.525  1.08292
 1.10753 -58.5168  1.08292
 1.10768 -58.5086  1.08307
 1.10783 -58.5004  1.08322
 1.10798 -58.4922  1.08337
 1.10813  -58.484  1.08352
 1.10828 -58.4758  1.08367
 1.10843 -58.4676  1.08382
 1.10858 -58.4594  1.08397
 1.10873 -58.4512  1.08412
 1.10888  -58.443  1.08427
 1.10903 -58.4348  1.08442
 1.10918 -58.4267  1.08457
 1.10933 -58.4185  1.08472
 1.10948 -58.4103  1.08472
 1.10963 -58.4022  1.08487
 1.10978  -58.394  1.08502
 1.10993 -58.3858  1.08517
 1.11008 -58.3777  1.08532
 1.11023 -58.3695  1.08547
 1.11038 -58.3613  1.08562
 1.11053 -58.3532  1.08577
 1.11068  -58.345  1.08592
 1.11083 -58.3369  1.08607
 1.11098 -58.3287  1.08622
 1.11113 -58.3206  1.08637
 1.11128 -58.3124  1.08652
 1.11143 -58.3043  1.08667
 1.11158 -58.2961  1.08667
 1.11173  -58.288  1.08682
 1.11188 -58.2799  1.08697
 1.11203 -58.2717  1.08712
 1.11218 -58.2636  1.08727
 1.11233 -58.2555  1.08742
 1.11248 -58.2474  1.08757
 1.11263 -58.2392  1.08772
 1.11278 -58.2311  1.08787
 1.11293  -58.223  1.08802
 1.11308 -58.2149  1.08817
 1.11323 -58.2068  1.08832
 1.11338 -58.1987  1.08847
 1.11353 -58.1905  1.08847
 1.11368 -58.1824  1.08862
 1.11383 -58.1743  1.08877
 1.11398 -58.1662  1.08892
 1.11413 -58.1581  1.08907
 1.11428   -58.15  1.08922
 1.11443 -58.1419  1.08937
 1.11458 -58.1338  1.08952
 1.11473 -58.1258  1.08967
 1.11488 -58.1177  1.08982
 1.11503 -58.1096  1.08997
 1.11518 -58.1015  1.09012
 1.11533 -58.0934  1.09027
 1.11548 -58.0853  1.09027
 1.11563 -58.0773  1.09042
 1.11578 -58.0692  1.09057
 1.11593 -58.0611  1.09072
 1.11608  -58.053  1.09087
 1.11623  -58.045  1.09102
 1.11638 -58.0369  1.09117
 1.11653 -58.0289  1.09132
 1.11668 -58.0208  1.09147
 1.11683 -58.0127  1.09162
 1.11698 -58.0047  1.09177
 1.11713 -57.9966  1.09192
 1.11728 -57.9886  1.09192
 1.11743 -57.9805  1.09207
 1.11758 -57.9725  1.09222
 1.11773 -57.9645  1.09237
 1.11788 -57.9564  1.09252
 1.11803 -57.9484  1.09267
 1.11818 -57.9403  1.09282
 1.11833 -57.9323  1.09297
 1.11848 -57.9243  1.09312
 1.11863 -57.9163  1.09327
 1.11878 -57.9082  1.09342
 1.11893 -57.9002  1.09342
 1.11908 -57.8922  1.09357
 1.11923 -57.8842  1.09372
 1.11938 -57.8762  1.09387
 1.11953 -57.8681  1.09402
 1.11968 -57.8601  1.09417
 1.11983 -57.8521  1.09432
 1.11998 -57.8441  1.09447
 1.12014 -57.8361  1.09462
 1.12029 -57.8281  1.09477
 1.12044 -57.8201  1.09492
 1.12059 -57.8121  1.09507
 1.12074 -57.8041  1.09507
 1.12089 -57.7962  1.09522
 1.12104 -57.7882  1.09537
 1.12119 -57.7802  1.09552
 1.12134 -57.7722  1.09567
 1.12149 -57.7642  1.09582
 1.12164 -57.7562  1.09597
 1.12179 -57.7483  1.09612
 1.12194 -57.7403  1.09627
 1.12209 -57.7323  1.09642
 1.12224 -57.7244  1.09657
 1.12239 -57.7164  1.09657
 1.12254 -57.7084  1.09672
 1.12269 -57.7005  1.09687
 1.12284 -57.6925  1.09702
 1.12299 -57.6846  1.09717
 1.12314 -57.6766  1.09732
 1.12329 -57.6687  1.09747
 1.12344 -57.6607  1.09762
 1.12359 -57.6528  1.09777
 1.12374 -57.6448  1.09792
 1.12389 -57.6369  1.09807
 1.12404  -57.629  1.09807
 1.12419  -57.621  1.09822
 1.12434 -57.6131  1.09837
 1.12449 -57.6052  1.09852
 1.12464 -57.5972  1.09867
 1.12479 -57.5893  1.09882
 1.12494 -57.5814  1.09897
 1.12509 -57.5735  1.09912
 1.12524 -57.5656  1.09927
 1.12539 -57.5576  1.09942
 1.12554 -57.5497  1.09957
 1.12569 -57.5418  1.09957
 1.12584 -57.5339  1.09972
 1.12599  -57.526  1.09987
 1.12614 -57.5181  1.10003
 1.12629 -57.5102  1.10018
 1.12644 -57.5023  1.10033
 1.12659 -57.4944  1.10048
 1.12674 -57.4865  1.10063
 1.12689 -57.4786  1.10078
 1.12704 -57.4708  1.10093
 1.12719 -57.4629  1.10108
 1.12734  -57.455  1.10108
 1.12749 -57.4471  1.10123
 1.12764 -57.4392  1.10138
 1.12779 -57.4314  1.10153
 1.12794 -57.4235  1.10168
 1.12809 -57.4156  1.10183
 1.12824 -57.4077  1.10198
 1.12839 -57.3999  1.10213
 1.12854  -57.392  1.10228
 1.12869 -57.3842  1.10243
 1.12884 -57.3763  1.10243
 1.12899 -57.3685  1.10258
 1.12914 -57.3606  1.10273
 1.12929 -57.3528  1.10288
 1.12944 -57.3449  1.10303
 1.12959 -57.3371  1.10318
 1.12974 -57.3292  1.10333
 1.12989 -57.3214  1.10348
 1.13004 -57.3135  1.10363
 1.13019 -57.3057  1.10378
 1.13034 -57.2979  1.10393
 1.13049   -57.29  1.10393
 1.13064 -57.2822  1.10408
 1.13079 -57.2744  1.10423
 1.13094 -57.2666  1.10438
 1.13109 -57.2588  1.10453
 1.13124 -57.2509  1.10468
 1.13139 -57.2431  1.10483
 1.13154 -57.2353  1.10498
 1.13169 -57.2275  1.10513
 1.13184 -57.2197  1.10528
 1.13199 -57.2119  1.10528
 1.13214 -57.2041  1.10543
 1.13229 -57.1963  1.10558
 1.13244 -57.1885  1.10573
 1.13259 -57.1807  1.10588
 1.13274 -57.1729  1.10603
 1.13289 -57.1651  1.10618
 1.13304 -57.1573  1.10633
 1.13319 -57.1496  1.10648
 1.13334 -57.1418  1.10663
 1.13349  -57.134  1.10678
 1.13364 -57.1262  1.10678
 1.13379 -57.1184  1.10693
 1.13394 -57.1107  1.10708
 1.13409 -57.1029  1.10723
 1.13424 -57.0951  1.10738
 1.13439 -57.0874  1.10753
 1.13454 -57.0796  1.10768
 1.13469 -57.0719  1.10783
 1.13484 -57.0641  1.10798
 1.13499 -57.0563  1.10813
 1.13514 -57.0486  1.10813
 1.13529 -57.0408  1.10828
 1.13544 -57.0331  1.10843
 1.13559 -57.0254  1.10858
 1.13574 -57.0176  1.10873
 1.13589 -57.0099  1.10888
 1.13604 -57.0021  1.10903
 1.13619 -56.9944  1.10918
 1.13634 -56.9867  1.10933
 1.13649 -56.9789  1.10948
 1.13664 -56.9712  1.10948
 1.13679 -56.9635  1.10963
 1.13694 -56.9558  1.10978
 1.13709 -56.9481  1.10993
 1.13724 -56.9403  1.11008
 1.13739 -56.9326  1.11023
 1.13754 -56.9249  1.11038
 1.13769 -56.9172  1.11053
 1.13784 -56.9095  1.11068
 1.13799 -56.9018  1.11083
 1.13814 -56.8941  1.11083
 1.13829 -56.8864  1.11098
 1.13844 -56.8787  1.11113
 1.13859  -56.871  1.11128
 1.13874 -56.8633  1.11143
 1.13889 -56.8556  1.11158
 1.13904 -56.8479  1.11173
 1.13919 -56.8403  1.11188
 1.13934 -56.8326  1.11203
 1.13949 -56.8249  1.11218
 1.13964 -56.8172  1.11218
 1.13979 -56.8095  1.11233
 1.13994 -56.8019  1.11248
  1.1401 -56.7942  1.11263
 1.14025 -56.7865  1.11278
  1.1404 -56.7789  1.11293
 1.14055 -56.7712  1.11308
  1.1407 -56.7636  1.11323
 1.14085 -56.7559  1.11323
   1.141 -56.7483  1.11338
 1.14115 -56.7406  1.11353
  1.1413  -56.733  1.11368
 1.14145 -56.7253  1.11383
  1.1416 -56.7177  1.11398
 1.14175   -56.71  1.11413
  1.1419 -56.7024  1.11428
 1.14205 -56.6948  1.11443
  1.1422 -56.6871  1.11458
 1.14235 -56.6795  1.11458
  1.1425 -56.6719  1.11473
 1.14265 -56.6643  1.11488
  1.1428 -56.6566  1.11503
 1.14295  -56.649  1.11518
  1.1431 -56.6414  1.11533
 1.14325 -56.6338  1.11548
  1.1434 -56.6262  1.11563
 1.14355 -56.6186  1.11578
  1.1437  -56.611  1.11578
 1.14385 -56.6034  1.11593
   1.144 -56.5958  1.11608
 1.14415 -56.5882  1.11623
  1.1443 -56.5806  1.11638
 1.14445  -56.573  1.11653
  1.1446 -56.5654  1.11668
 1.14475 -56.5578  1.11683
  1.1449 -56.5502  1.11683
 1.14505 -56.5426  1.11698
  1.1452 -56.5351  1.11713
 1.14535 -56.5275  1.11728
  1.1455 -56.5199  1.11743
 1.14565 -56.5123  1.11758
  1.1458 -56.5048  1.11773
 1.14595 -56.4972  1.11788
  1.1461 -56.4896  1.11803
 1.14625 -56.4821  1.11803
  1.1464 -56.4745  1.11818
 1.14655  -56.467  1.11833
  1.1467 -56.4594  1.11848
 1.14685 -56.4519  1.11863
   1.147 -56.4443  1.11878
 1.14715 -56.4368  1.11893
  1.1473 -56.4292  1.11908
 1.14745 -56.4217  1.11908
  1.1476 -56.4142  1.11923
 1.14775 -56.4066  1.11938
  1.1479 -56.3991  1.11953
 1.14805 -56.3916  1.11968
  1.1482 -56.3841  1.11983
 1.14835 -56.3765  1.11998
  1.1485  -56.369  1.12014
 1.14865 -56.3615  1.12014
  1.1488  -56.354  1.12029
 1.14895 -56.3465  1.12044
  1.1491  -56.339  1.12059
 1.14925 -56.3315  1.12074
  1.1494  -56.324  1.12089
 1.14955 -56.3165  1.12104
  1.1497  -56.309  1.12119
 1.14985 -56.3015  1.12119
    1.15  -56.294  1.12134