 kgrid  ValNew  Policy 
    0.85  -60.641 0.862306
 0.85015 -60.6272 0.862306
  0.8503 -60.6134 0.862456
 0.85045 -60.5996 0.862606
  0.8506 -60.5859 0.862756
 0.85075 -60.5721 0.862756
  0.8509 -60.5584 0.862906
0.851051 -60.5446 0.863057
0.851201 -60.5309 0.863207
0.851351 -60.5172 0.863207
0.851501 -60.5034 0.863357
0.851651 -60.4897 0.863507
0.851801  -60.476 0.863657
0.851951 -60.4624 0.863657
0.852101 -60.4487 0.863807
0.852251  -60.435 0.863957
0.852401 -60.4214 0.864107
0.852551 -60.4077 0.864107
0.852701 -60.3941 0.864257
0.852851 -60.3804 0.864407
0.853002 -60.3668 0.864557
0.853152 -60.3532 0.864557
0.853302 -60.3396 0.864707
0.853452  -60.326 0.864857
0.853602 -60.3124 0.865008
0.853752 -60.2989 0.865008
0.853902 -60.2853 0.865158
0.854052 -60.2718 0.865308
0.854202 -60.2582 0.865458
0.854352 -60.2447 0.865458
0.854502 -60.2312 0.865608
0.854652 -60.2176 0.865758
0.854802 -60.2041 0.865908
0.854952 -60.1906 0.865908
0.855103 -60.1771 0.866058
0.855253 -60.1637 0.866208
0.855403 -60.1502 0.866358
0.855553 -60.1367 0.866358
0.855703 -60.1233 0.866508
0.855853 -60.1098 0.866658
0.856003 -60.0964 0.866808
0.856153  -60.083 0.866808
0.856303 -60.0696 0.866958
0.856453 -60.0562 0.867109
0.856603 -60.0428 0.867259
0.856753 -60.0294 0.867259
0.856903  -60.016 0.867409
0.857054 -60.0026 0.867559
0.857204 -59.9893 0.867709
0.857354 -59.9759 0.867709
0.857504 -59.9626 0.867859
0.857654 -59.9492 0.868009
0.857804 -59.9359 0.868159
0.857954 -59.9226 0.868159
0.858104 -59.9093 0.868309
0.858254  -59.896 0.868459
0.858404 -59.8827 0.868609
0.858554 -59.8694 0.868609
0.858704 -59.8562 0.868759
0.858854 -59.8429 0.868909
0.859005 -59.8297  0.86906
0.859155 -59.8164  0.86906
0.859305 -59.8032  0.86921
0.859455   -59.79  0.86936
0.859605 -59.7767  0.86951
0.859755 -59.7635  0.86966
0.859905 -59.7503  0.86966
0.860055 -59.7371  0.86981
0.860205  -59.724  0.86996
0.860355 -59.7108  0.87011
0.860505 -59.6976  0.87011
0.860655 -59.6845  0.87026
0.860805 -59.6713  0.87041
0.860955 -59.6582  0.87056
0.861106 -59.6451  0.87056
0.861256 -59.6319  0.87071
0.861406 -59.6188  0.87086
0.861556 -59.6057 0.871011
0.861706 -59.5926 0.871011
0.861856 -59.5796 0.871161
0.862006 -59.5665 0.871311
0.862156 -59.5534 0.871461
0.862306 -59.5403 0.871611
0.862456 -59.5273 0.871761
0.862606 -59.5142 0.871761
0.862756 -59.5012 0.871911
0.862906 -59.4882 0.872061
0.863057 -59.4751 0.872211
0.863207 -59.4621 0.872361
0.863357 -59.4491 0.872511
0.863507 -59.4361 0.872511
0.863657 -59.4231 0.872661
0.863807 -59.4101 0.872811
0.863957 -59.3971 0.872961
0.864107 -59.3841 0.873112
0.864257 -59.3711 0.873262
0.864407 -59.3581 0.873412
0.864557 -59.3452 0.873412
0.864707 -59.3322 0.873562
0.864857 -59.3193 0.873712
0.865008 -59.3063 0.873862
0.865158 -59.2934 0.874012
0.865308 -59.2805 0.874162
0.865458 -59.2675 0.874312
0.865608 -59.2546 0.874312
0.865758 -59.2417 0.874462
0.865908 -59.2288 0.874612
0.866058 -59.2159 0.874762
0.866208  -59.203 0.874912
0.866358 -59.1901 0.875063
0.866508 -59.1772 0.875213
0.866658 -59.1644 0.875213
0.866808 -59.1515 0.875363
0.866958 -59.1386 0.875513
0.867109 -59.1258 0.875663
0.867259 -59.1129 0.875813
0.867409 -59.1001 0.875963
0.867559 -59.0872 0.876113
0.867709 -59.0744 0.876113
0.867859 -59.0616 0.876263
0.868009 -59.0488 0.876413
0.868159 -59.0359 0.876563
0.868309 -59.0231 0.876713
0.868459 -59.0103 0.876863
0.868609 -58.9975 0.877014
0.868759 -58.9848 0.877164
0.868909  -58.972 0.877164
 0.86906 -58.9592 0.877314
 0.86921 -58.9464 0.877464
 0.86936 -58.9337 0.877614
 0.86951 -58.9209 0.877764
 0.86966 -58.9082 0.877914
 0.86981 -58.8954 0.878064
 0.86996 -58.8827 0.878064
 0.87011 -58.8699 0.878214
 0.87026 -58.8572 0.878364
 0.87041 -58.8445 0.878514
 0.87056 -58.8318 0.878664
 0.87071 -58.8191 0.878814
 0.87086 -58.8064 0.878964
0.871011 -58.7937 0.878964
0.871161  -58.781 0.879115
0.871311 -58.7683 0.879265
0.871461 -58.7556 0.879415
0.871611 -58.7429 0.879565
0.871761 -58.7303 0.879715
0.871911 -58.7176 0.879865
0.872061 -58.7049 0.879865
0.872211 -58.6923 0.880015
0.872361 -58.6797 0.880165
0.872511  -58.667 0.880315
0.872661 -58.6544 0.880465
0.872811 -58.6418 0.880615
0.872961 -58.6291 0.880765
0.873112 -58.6165 0.880915
0.873262 -58.6039 0.880915
0.873412 -58.5913 0.881066
0.873562 -58.5787 0.881216
0.873712 -58.5661 0.881366
0.873862 -58.5535 0.881516
0.874012  -58.541 0.881666
0.874162 -58.5284 0.881816
0.874312 -58.5158 0.881966
0.874462 -58.5033 0.881966
0.874612 -58.4907 0.882116
0.874762 -58.4782 0.882266
0.874912 -58.4656 0.882416
0.875063 -58.4531 0.882566
0.875213 -58.4405 0.882716
0.875363  -58.428 0.882866
0.875513 -58.4155 0.883017
0.875663  -58.403 0.883017
0.875813 -58.3905 0.883167
0.875963  -58.378 0.883317
0.876113 -58.3655 0.883467
0.876263  -58.353 0.883617
0.876413 -58.3405 0.883767
0.876563  -58.328 0.883917
0.876713 -58.3155 0.884067
0.876863  -58.303 0.884217
0.877014 -58.2906 0.884217
0.877164 -58.2781 0.884367
0.877314 -58.2656 0.884517
0.877464 -58.2532 0.884667
0.877614 -58.2408 0.884817
0.877764 -58.2283 0.884967
0.877914 -58.2159 0.885118
0.878064 -58.2035 0.885268
0.878214  -58.191 0.885268
0.878364 -58.1786 0.885418
0.878514 -58.1662 0.885568
0.878664 -58.1538 0.885718
0.878814 -58.1414 0.885868
0.878964  -58.129 0.886018
0.879115 -58.1166 0.886168
0.879265 -58.1042 0.886318
0.879415 -58.0918 0.886318
0.879565 -58.0795 0.886468
0.879715 -58.0671 0.886618
0.879865 -58.0547 0.886768
0.880015 -58.0424 0.886918
0.880165   -58.03 0.887069
0.880315 -58.0177 0.887219
0.880465 -58.0053 0.887369
0.880615  -57.993 0.887519
0.880765 -57.9807 0.887519
0.880915 -57.9683 0.887669
0.881066  -57.956 0.887819
0.881216 -57.9437 0.887969
0.881366 -57.9314 0.888119
0.881516 -57.9191 0.888269
0.881666 -57.9068 0.888419
0.881816 -57.8945 0.888569
0.881966 -57.8822 0.888569
0.882116 -57.8699 0.888719
0.882266 -57.8577 0.888869
0.882416 -57.8454  0.88902
0.882566 -57.8331  0.88917
0.882716 -57.8209  0.88932
0.882866 -57.8086  0.88947
0.883017 -57.7964  0.88962
0.883167 -57.7841  0.88977
0.883317 -57.7719  0.88977
0.883467 -57.7596  0.88992
0.883617 -57.7474  0.89007
0.883767 -57.7352  0.89022
0.883917  -57.723  0.89037
0.884067 -57.7107  0.89052
0.884217 -57.6985  0.89067
0.884367 -57.6863  0.89082
0.884517 -57.6741  0.89097
0.884667 -57.6619  0.89097
0.884817 -57.6498 0.891121
0.884967 -57.6376 0.891271
0.885118 -57.6254 0.891421
0.885268 -57.6132 0.891571
0.885418 -57.6011 0.891721
0.885568 -57.5889 0.891871
0.885718 -57.5767 0.892021
0.885868 -57.5646 0.892171
0.886018 -57.5524 0.892171
0.886168 -57.5403 0.892321
0.886318 -57.5282 0.892471
0.886468  -57.516 0.892621
0.886618 -57.5039 0.892771
0.886768 -57.4918 0.892921
0.886918 -57.4797 0.893072
0.887069 -57.4676 0.893222
0.887219 -57.4555 0.893372
0.887369 -57.4434 0.893372
0.887519 -57.4313 0.893522
0.887669 -57.4192 0.893672
0.887819 -57.4071 0.893822
0.887969  -57.395 0.893972
0.888119 -57.3829 0.894122
0.888269 -57.3709 0.894272
0.888419 -57.3588 0.894422
0.888569 -57.3468 0.894572
0.888719 -57.3347 0.894572
0.888869 -57.3226 0.894722
 0.88902 -57.3106 0.894872
 0.88917 -57.2986 0.895023
 0.88932 -57.2865 0.895173
 0.88947 -57.2745 0.895323
 0.88962 -57.2625 0.895473
 0.88977 -57.2505 0.895623
 0.88992 -57.2385 0.895773
 0.89007 -57.2264 0.895773
 0.89022 -57.2144 0.895923
 0.89037 -57.2024 0.896073
 0.89052 -57.1904 0.896223
 0.89067 -57.1785 0.896373
 0.89082 -57.1665 0.896523
 0.89097 -57.1545 0.896673
0.891121 -57.1425 0.896823
0.891271 -57.1306 0.896973
0.891421 -57.1186 0.897124
0.891571 -57.1066 0.897124
0.891721 -57.0947 0.897274
0.891871 -57.0827 0.897424
0.892021 -57.0708 0.897574
0.892171 -57.0589 0.897724
0.892321 -57.0469 0.897874
0.892471  -57.035 0.898024
0.892621 -57.0231 0.898174
0.892771 -57.0111 0.898324
0.892921 -56.9992 0.898324
0.893072 -56.9873 0.898474
0.893222 -56.9754 0.898624
0.893372 -56.9635 0.898774
0.893522 -56.9516 0.898924
0.893672 -56.9397 0.899075
0.893822 -56.9278 0.899225
0.893972  -56.916 0.899375
0.894122 -56.9041 0.899525
0.894272 -56.8922 0.899525
0.894422 -56.8804 0.899675
0.894572 -56.8685 0.899825
0.894722 -56.8566 0.899975
0.894872 -56.8448 0.900125
0.895023 -56.8329 0.900275
0.895173 -56.8211 0.900425
0.895323 -56.8093 0.900575
0.895473 -56.7974 0.900725
0.895623 -56.7856 0.900875
0.895773 -56.7738 0.900875
0.895923  -56.762 0.901026
0.896073 -56.7502 0.901176
0.896223 -56.7384 0.901326
0.896373 -56.7265 0.901476
0.896523 -56.7147 0.901626
0.896673  -56.703 0.901776
0.896823 -56.6912 0.901926
0.896973 -56.6794 0.902076
0.897124 -56.6676 0.902226
0.897274 -56.6558 0.902376
0.897424  -56.644 0.902376
0.897574 -56.6323 0.902526
0.897724 -56.6205 0.902676
0.897874 -56.6088 0.902826
0.898024  -56.597 0.902976
0.898174 -56.5853 0.903127
0.898324 -56.5735 0.903277
0.898474 -56.5618 0.903427
0.898624   -56.55 0.903577
0.898774 -56.5383 0.903727
0.898924 -56.5266 0.903877
0.899075 -56.5148 0.904027
0.899225 -56.5031 0.904027
0.899375 -56.4914 0.904177
0.899525 -56.4797 0.904327
0.899675  -56.468 0.904477
0.899825 -56.4563 0.904627
0.899975 -56.4446 0.904777
0.900125 -56.4329 0.904927
0.900275 -56.4212 0.905078
0.900425 -56.4095 0.905228
0.900575 -56.3979 0.905378
0.900725 -56.3862 0.905528
0.900875 -56.3745 0.905528
0.901026 -56.3629 0.905678
0.901176 -56.3512 0.905828
0.901326 -56.3395 0.905978
0.901476 -56.3279 0.906128
0.901626 -56.3162 0.906278
0.901776 -56.3046 0.906428
0.901926 -56.2929 0.906578
0.902076 -56.2813 0.906728
0.902226 -56.2697 0.906878
0.902376 -56.2581 0.907029
0.902526 -56.2464 0.907179
0.902676 -56.2348 0.907179
0.902826 -56.2232 0.907329
0.902976 -56.2116 0.907479
0.903127    -56.2 0.907629
0.903277 -56.1884 0.907779
0.903427 -56.1768 0.907929
0.903577 -56.1652 0.908079
0.903727 -56.1536 0.908229
0.903877  -56.142 0.908379
0.904027 -56.1305 0.908529
0.904177 -56.1189 0.908679
0.904327 -56.1073 0.908679
0.904477 -56.0957 0.908829
0.904627 -56.0842 0.908979
0.904777 -56.0726  0.90913
0.904927 -56.0611  0.90928
0.905078 -56.0495  0.90943
0.905228  -56.038  0.90958
0.905378 -56.0264  0.90973
0.905528 -56.0149  0.90988
0.905678 -56.0034  0.91003
0.905828 -55.9919  0.91018
0.905978 -55.9803  0.91033
0.906128 -55.9688  0.91033
0.906278 -55.9573  0.91048
0.906428 -55.9458  0.91063
0.906578 -55.9343  0.91078
0.906728 -55.9228  0.91093
0.906878 -55.9113 0.911081
0.907029 -55.8998 0.911231
0.907179 -55.8883 0.911381
0.907329 -55.8768 0.911531
0.907479 -55.8653 0.911681
0.907629 -55.8539 0.911831
0.907779 -55.8424 0.911981
0.907929 -55.8309 0.911981
0.908079 -55.8195 0.912131
0.908229  -55.808 0.912281
0.908379 -55.7965 0.912431
0.908529 -55.7851 0.912581
0.908679 -55.7737 0.912731
0.908829 -55.7622 0.912881
0.908979 -55.7508 0.913032
 0.90913 -55.7393 0.913182
 0.90928 -55.7279 0.913332
 0.90943 -55.7165 0.913482
 0.90958 -55.7051 0.913632
 0.90973 -55.6936 0.913632
 0.90988 -55.6822 0.913782
 0.91003 -55.6708 0.913932
 0.91018 -55.6594 0.914082
 0.91033  -55.648 0.914232
 0.91048 -55.6366 0.914382
 0.91063 -55.6252 0.914532
 0.91078 -55.6138 0.914682
 0.91093 -55.6025 0.914832
0.911081 -55.5911 0.914982
0.911231 -55.5797 0.915133
0.911381 -55.5683 0.915283
0.911531  -55.557 0.915433
0.911681 -55.5456 0.915433
0.911831 -55.5342 0.915583
0.911981 -55.5229 0.915733
0.912131 -55.5115 0.915883
0.912281 -55.5002 0.916033
0.912431 -55.4888 0.916183
0.912581 -55.4775 0.916333
0.912731 -55.4662 0.916483
0.912881 -55.4548 0.916633
0.913032 -55.4435 0.916783
0.913182 -55.4322 0.916933
0.913332 -55.4209 0.917084
0.913482 -55.4096 0.917084
0.913632 -55.3982 0.917234
0.913782 -55.3869 0.917384
0.913932 -55.3756 0.917534
0.914082 -55.3643 0.917684
0.914232  -55.353 0.917834
0.914382 -55.3417 0.917984
0.914532 -55.3305 0.918134
0.914682 -55.3192 0.918284
0.914832 -55.3079 0.918434
0.914982 -55.2966 0.918584
0.915133 -55.2854 0.918734
0.915283 -55.2741 0.918884
0.915433 -55.2628 0.918884
0.915583 -55.2516 0.919035
0.915733 -55.2403 0.919185
0.915883 -55.2291 0.919335
0.916033 -55.2178 0.919485
0.916183 -55.2066 0.919635
0.916333 -55.1953 0.919785
0.916483 -55.1841 0.919935
0.916633 -55.1729 0.920085
0.916783 -55.1616 0.920235
0.916933 -55.1504 0.920385
0.917084 -55.1392 0.920535
0.917234  -55.128 0.920685
0.917384 -55.1168 0.920685
0.917534 -55.1056 0.920835
0.917684 -55.0944 0.920985
0.917834 -55.0832 0.921136
0.917984  -55.072 0.921286
0.918134 -55.0608 0.921436
0.918284 -55.0496 0.921586
0.918434 -55.0384 0.921736
0.918584 -55.0272 0.921886
0.918734  -55.016 0.922036
0.918884 -55.0049 0.922186
0.919035 -54.9937 0.922336
0.919185 -54.9825 0.922486
0.919335 -54.9714 0.922486
0.919485 -54.9602 0.922636
0.919635 -54.9491 0.922786
0.919785 -54.9379 0.922936
0.919935 -54.9268 0.923087
0.920085 -54.9156 0.923237
0.920235 -54.9045 0.923387
0.920385 -54.8934 0.923537
0.920535 -54.8822 0.923687
0.920685 -54.8711 0.923837
0.920835   -54.86 0.923987
0.920985 -54.8489 0.924137
0.921136 -54.8378 0.924287
0.921286 -54.8266 0.924287
0.921436 -54.8155 0.924437
0.921586 -54.8044 0.924587
0.921736 -54.7933 0.924737
0.921886 -54.7822 0.924887
0.922036 -54.7711 0.925038
0.922186 -54.7601 0.925188
0.922336  -54.749 0.925338
0.922486 -54.7379 0.925488
0.922636 -54.7268 0.925638
0.922786 -54.7158 0.925788
0.922936 -54.7047 0.925938
0.923087 -54.6936 0.926088
0.923237 -54.6826 0.926238
0.923387 -54.6715 0.926238
0.923537 -54.6605 0.926388
0.923687 -54.6494 0.926538
0.923837 -54.6384 0.926688
0.923987 -54.6273 0.926838
0.924137 -54.6163 0.926988
0.924287 -54.6053 0.927139
0.924437 -54.5942 0.927289
0.924587 -54.5832 0.927439
0.924737 -54.5722 0.927589
0.924887 -54.5612 0.927739
0.925038 -54.5502 0.927889
0.925188 -54.5391 0.928039
0.925338 -54.5281 0.928039
0.925488 -54.5171 0.928189
0.925638 -54.5061 0.928339
0.925788 -54.4951 0.928489
0.925938 -54.4841 0.928639
0.926088 -54.4732 0.928789
0.926238 -54.4622 0.928939
0.926388 -54.4512  0.92909
0.926538 -54.4402  0.92924
0.926688 -54.4292  0.92939
0.926838 -54.4183  0.92954
0.926988 -54.4073  0.92969
0.927139 -54.3964  0.92984
0.927289 -54.3854  0.92999
0.927439 -54.3744  0.92999
0.927589 -54.3635  0.93014
0.927739 -54.3526  0.93029
0.927889 -54.3416  0.93044
0.928039 -54.3307  0.93059
0.928189 -54.3197  0.93074
0.928339 -54.3088  0.93089
0.928489 -54.2979 0.931041
0.928639  -54.287 0.931191
0.928789  -54.276 0.931341
0.928939 -54.2651 0.931491
 0.92909 -54.2542 0.931641
 0.92924 -54.2433 0.931791
 0.92939 -54.2324 0.931941
 0.92954 -54.2215 0.931941
 0.92969 -54.2106 0.932091
 0.92984 -54.1997 0.932241
 0.92999 -54.1888 0.932391
 0.93014 -54.1779 0.932541
 0.93029 -54.1671 0.932691
 0.93044 -54.1562 0.932841
 0.93059 -54.1453 0.932991
 0.93074 -54.1344 0.933142
 0.93089 -54.1236 0.933292
0.931041 -54.1127 0.933442
0.931191 -54.1018 0.933592
0.931341  -54.091 0.933742
0.931491 -54.0801 0.933742
0.931641 -54.0693 0.933892
0.931791 -54.0584 0.934042
0.931941 -54.0476 0.934192
0.932091 -54.0368 0.934342
0.932241 -54.0259 0.934492
0.932391 -54.0151 0.934642
0.932541 -54.0043 0.934792
0.932691 -53.9934 0.934942
0.932841 -53.9826 0.935093
0.932991 -53.9718 0.935243
0.933142  -53.961 0.935393
0.933292 -53.9502 0.935543
0.933442 -53.9394 0.935693
0.933592 -53.9286 0.935693
0.933742 -53.9178 0.935843
0.933892  -53.907 0.935993
0.934042 -53.8962 0.936143
0.934192 -53.8854 0.936293
0.934342 -53.8746 0.936443
0.934492 -53.8638 0.936593
0.934642 -53.8531 0.936743
0.934792 -53.8423 0.936893
0.934942 -53.8315 0.937044
0.935093 -53.8208 0.937194
0.935243   -53.81 0.937344
0.935393 -53.7992 0.937494
0.935543 -53.7885 0.937644
0.935693 -53.7777 0.937794
0.935843  -53.767 0.937794
0.935993 -53.7562 0.937944
0.936143 -53.7455 0.938094
0.936293 -53.7348 0.938244
0.936443  -53.724 0.938394
0.936593 -53.7133 0.938544
0.936743 -53.7026 0.938694
0.936893 -53.6919 0.938844
0.937044 -53.6811 0.938994
0.937194 -53.6704 0.939145
0.937344 -53.6597 0.939295
0.937494  -53.649 0.939445
0.937644 -53.6383 0.939595
0.937794 -53.6276 0.939745
0.937944 -53.6169 0.939895
0.938094 -53.6062 0.939895
0.938244 -53.5955 0.940045
0.938394 -53.5848 0.940195
0.938544 -53.5741 0.940345
0.938694 -53.5635 0.940495
0.938844 -53.5528 0.940645
0.938994 -53.5421 0.940795
0.939145 -53.5314 0.940945
0.939295 -53.5208 0.941096
0.939445 -53.5101 0.941246
0.939595 -53.4994 0.941396
0.939745 -53.4888 0.941546
0.939895 -53.4781 0.941696
0.940045 -53.4675 0.941846
0.940195 -53.4568 0.941846
0.940345 -53.4462 0.941996
0.940495 -53.4356 0.942146
0.940645 -53.4249 0.942296
0.940795 -53.4143 0.942446
0.940945 -53.4037 0.942596
0.941096  -53.393 0.942746
0.941246 -53.3824 0.942896
0.941396 -53.3718 0.943047
0.941546 -53.3612 0.943197
0.941696 -53.3506 0.943347
0.941846   -53.34 0.943497
0.941996 -53.3294 0.943647
0.942146 -53.3188 0.943797
0.942296 -53.3082 0.943947
0.942446 -53.2976 0.943947
0.942596  -53.287 0.944097
0.942746 -53.2764 0.944247
0.942896 -53.2658 0.944397
0.943047 -53.2552 0.944547
0.943197 -53.2447 0.944697
0.943347 -53.2341 0.944847
0.943497 -53.2235 0.944997
0.943647  -53.213 0.945148
0.943797 -53.2024 0.945298
0.943947 -53.1918 0.945448
0.944097 -53.1813 0.945598
0.944247 -53.1707 0.945748
0.944397 -53.1602 0.945898
0.944547 -53.1497 0.946048
0.944697 -53.1391 0.946048
0.944847 -53.1286 0.946198
0.944997  -53.118 0.946348
0.945148 -53.1075 0.946498
0.945298  -53.097 0.946648
0.945448 -53.0865 0.946798
0.945598 -53.0759 0.946948
0.945748 -53.0654 0.947099
0.945898 -53.0549 0.947249
0.946048 -53.0444 0.947399
0.946198 -53.0339 0.947549
0.946348 -53.0234 0.947699
0.946498 -53.0129 0.947849
0.946648 -53.0024 0.947999
0.946798 -52.9919 0.948149
0.946948 -52.9814 0.948149
0.947099 -52.9709 0.948299
0.947249 -52.9604 0.948449
0.947399   -52.95 0.948599
0.947549 -52.9395 0.948749
0.947699  -52.929 0.948899
0.947849 -52.9185  0.94905
0.947999 -52.9081   0.9492
0.948149 -52.8976  0.94935
0.948299 -52.8872   0.9495
0.948449 -52.8767  0.94965
0.948599 -52.8662   0.9498
0.948749 -52.8558  0.94995
0.948899 -52.8454   0.9501
 0.94905 -52.8349  0.95025
  0.9492 -52.8245  0.95025
 0.94935  -52.814   0.9504
  0.9495 -52.8036  0.95055
 0.94965 -52.7932   0.9507
  0.9498 -52.7828  0.95085
 0.94995 -52.7723 0.951001
  0.9501 -52.7619 0.951151
 0.95025 -52.7515 0.951301
  0.9504 -52.7411 0.951451
 0.95055 -52.7307 0.951601
  0.9507 -52.7203 0.951751
 0.95085 -52.7099 0.951901
0.951001 -52.6995 0.952051
0.951151 -52.6891 0.952201
0.951301 -52.6787 0.952351
0.951451 -52.6683 0.952351
0.951601 -52.6579 0.952501
0.951751 -52.6475 0.952651
0.951901 -52.6372 0.952801
0.952051 -52.6268 0.952951
0.952201 -52.6164 0.953102
0.952351  -52.606 0.953252
0.952501 -52.5957 0.953402
0.952651 -52.5853 0.953552
0.952801  -52.575 0.953702
0.952951 -52.5646 0.953852
0.953102 -52.5542 0.954002
0.953252 -52.5439 0.954152
0.953402 -52.5336 0.954302
0.953552 -52.5232 0.954452
0.953702 -52.5129 0.954602
0.953852 -52.5025 0.954602
0.954002 -52.4922 0.954752
0.954152 -52.4819 0.954902
0.954302 -52.4716 0.955053
0.954452 -52.4612 0.955203
0.954602 -52.4509 0.955353
0.954752 -52.4406 0.955503
0.954902 -52.4303 0.955653
0.955053   -52.42 0.955803
0.955203 -52.4097 0.955953
0.955353 -52.3994 0.956103
0.955503 -52.3891 0.956253
0.955653 -52.3788 0.956403
0.955803 -52.3685 0.956553
0.955953 -52.3582 0.956703
0.956103 -52.3479 0.956853
0.956253 -52.3376 0.956853
0.956403 -52.3273 0.957004
0.956553 -52.3171 0.957154
0.956703 -52.3068 0.957304
0.956853 -52.2965 0.957454
0.957004 -52.2863 0.957604
0.957154  -52.276 0.957754
0.957304 -52.2657 0.957904
0.957454 -52.2555 0.958054
0.957604 -52.2452 0.958204
0.957754  -52.235 0.958354
0.957904 -52.2247 0.958504
0.958054 -52.2145 0.958654
0.958204 -52.2042 0.958804
0.958354  -52.194 0.958954
0.958504 -52.1838 0.958954
0.958654 -52.1735 0.959105
0.958804 -52.1633 0.959255
0.958954 -52.1531 0.959405
0.959105 -52.1429 0.959555
0.959255 -52.1327 0.959705
0.959405 -52.1224 0.959855
0.959555 -52.1122 0.960005
0.959705  -52.102 0.960155
0.959855 -52.0918 0.960305
0.960005 -52.0816 0.960455
0.960155 -52.0714 0.960605
0.960305 -52.0612 0.960755
0.960455  -52.051 0.960905
0.960605 -52.0408 0.961056
0.960755 -52.0307 0.961206
0.960905 -52.0205 0.961206
0.961056 -52.0103 0.961356
0.961206 -52.0001 0.961506
0.961356 -51.9899 0.961656
0.961506 -51.9798 0.961806
0.961656 -51.9696 0.961956
0.961806 -51.9595 0.962106
0.961956 -51.9493 0.962256
0.962106 -51.9391 0.962406
0.962256  -51.929 0.962556
0.962406 -51.9188 0.962706
0.962556 -51.9087 0.962856
0.962706 -51.8985 0.963007
0.962856 -51.8884 0.963157
0.963007 -51.8783 0.963307
0.963157 -51.8681 0.963457
0.963307  -51.858 0.963457
0.963457 -51.8479 0.963607
0.963607 -51.8377 0.963757
0.963757 -51.8276 0.963907
0.963907 -51.8175 0.964057
0.964057 -51.8074 0.964207
0.964207 -51.7973 0.964357
0.964357 -51.7872 0.964507
0.964507 -51.7771 0.964657
0.964657  -51.767 0.964807
0.964807 -51.7569 0.964957
0.964957 -51.7468 0.965108
0.965108 -51.7367 0.965258
0.965258 -51.7266 0.965408
0.965408 -51.7165 0.965558
0.965558 -51.7064 0.965558
0.965708 -51.6963 0.965708
0.965858 -51.6863 0.965858
0.966008 -51.6762 0.966008
0.966158 -51.6661 0.966158
0.966308  -51.656 0.966308
0.966458  -51.646 0.966458
0.966608 -51.6359 0.966608
0.966758 -51.6259 0.966758
0.966908 -51.6158 0.966908
0.967059 -51.6058 0.967059
0.967209 -51.5957 0.967209
0.967359 -51.5857 0.967359
0.967509 -51.5756 0.967509
0.967659 -51.5656 0.967659
0.967809 -51.5555 0.967809
0.967959 -51.5455 0.967809
0.968109 -51.5355 0.967959
0.968259 -51.5255 0.968109
0.968409 -51.5154 0.968259
0.968559 -51.5054 0.968409
0.968709 -51.4954 0.968559
0.968859 -51.4854 0.968709
 0.96901 -51.4754 0.968859
 0.96916 -51.4654  0.96901
 0.96931 -51.4554  0.96916
 0.96946 -51.4454  0.96931
 0.96961 -51.4354  0.96946
 0.96976 -51.4254  0.96961
 0.96991 -51.4154  0.96976
 0.97006 -51.4054  0.96991
 0.97021 -51.3954  0.97006
 0.97036 -51.3854  0.97006
 0.97051 -51.3754  0.97021
 0.97066 -51.3655  0.97036
 0.97081 -51.3555  0.97051
 0.97096 -51.3455  0.97066
0.971111 -51.3355  0.97081
0.971261 -51.3256  0.97096
0.971411 -51.3156 0.971111
0.971561 -51.3057 0.971261
0.971711 -51.2957 0.971411
0.971861 -51.2858 0.971561
0.972011 -51.2758 0.971711
0.972161 -51.2659 0.971861
0.972311 -51.2559 0.972011
0.972461  -51.246 0.972161
0.972611  -51.236 0.972311
0.972761 -51.2261 0.972311
0.972911 -51.2162 0.972461
0.973062 -51.2063 0.972611
0.973212 -51.1963 0.972761
0.973362 -51.1864 0.972911
0.973512 -51.1765 0.973062
0.973662 -51.1666 0.973212
0.973812 -51.1567 0.973362
0.973962 -51.1468 0.973512
0.974112 -51.1368 0.973662
0.974262 -51.1269 0.973812
0.974412  -51.117 0.973962
0.974562 -51.1071 0.974112
0.974712 -51.0973 0.974262
0.974862 -51.0874 0.974412
0.975013 -51.0775 0.974562
0.975163 -51.0676 0.974562
0.975313 -51.0577 0.974712
0.975463 -51.0478 0.974862
0.975613  -51.038 0.975013
0.975763 -51.0281 0.975163
0.975913 -51.0182 0.975313
0.976063 -51.0083 0.975463
0.976213 -50.9985 0.975613
0.976363 -50.9886 0.975763
0.976513 -50.9788 0.975913
0.976663 -50.9689 0.976063
0.976813 -50.9591 0.976213
0.976963 -50.9492 0.976363
0.977114 -50.9394 0.976513
0.977264 -50.9295 0.976663
0.977414 -50.9197 0.976813
0.977564 -50.9099 0.976963
0.977714    -50.9 0.976963
0.977864 -50.8902 0.977114
0.978014 -50.8804 0.977264
0.978164 -50.8705 0.977414
0.978314 -50.8607 0.977564
0.978464 -50.8509 0.977714
0.978614 -50.8411 0.977864
0.978764 -50.8313 0.978014
0.978914 -50.8215 0.978164
0.979065 -50.8117 0.978314
0.979215 -50.8019 0.978464
0.979365 -50.7921 0.978614
0.979515 -50.7823 0.978764
0.979665 -50.7725 0.978914
0.979815 -50.7627 0.979065
0.979965 -50.7529 0.979215
0.980115 -50.7431 0.979215
0.980265 -50.7333 0.979365
0.980415 -50.7235 0.979515
0.980565 -50.7138 0.979665
0.980715  -50.704 0.979815
0.980865 -50.6942 0.979965
0.981016 -50.6845 0.980115
0.981166 -50.6747 0.980265
0.981316 -50.6649 0.980415
0.981466 -50.6552 0.980565
0.981616 -50.6454 0.980715
0.981766 -50.6357 0.980865
0.981916 -50.6259 0.981016
0.982066 -50.6162 0.981166
0.982216 -50.6064 0.981316
0.982366 -50.5967 0.981466
0.982516  -50.587 0.981616
0.982666 -50.5772 0.981616
0.982816 -50.5675 0.981766
0.982966 -50.5578 0.981916
0.983117  -50.548 0.982066
0.983267 -50.5383 0.982216
0.983417 -50.5286 0.982366
0.983567 -50.5189 0.982516
0.983717 -50.5092 0.982666
0.983867 -50.4995 0.982816
0.984017 -50.4897 0.982966
0.984167   -50.48 0.983117
0.984317 -50.4703 0.983267
0.984467 -50.4606 0.983417
0.984617 -50.4509 0.983567
0.984767 -50.4413 0.983717
0.984917 -50.4316 0.983867
0.985068 -50.4219 0.983867
0.985218 -50.4122 0.984017
0.985368 -50.4025 0.984167
0.985518 -50.3928 0.984317
0.985668 -50.3832 0.984467
0.985818 -50.3735 0.984617
0.985968 -50.3638 0.984767
0.986118 -50.3542 0.984917
0.986268 -50.3445 0.985068
0.986418 -50.3348 0.985218
0.986568 -50.3252 0.985368
0.986718 -50.3155 0.985518
0.986868 -50.3059 0.985668
0.987019 -50.2962 0.985818
0.987169 -50.2866 0.985968
0.987319 -50.2769 0.986118
0.987469 -50.2673 0.986118
0.987619 -50.2577 0.986268
0.987769  -50.248 0.986418
0.987919 -50.2384 0.986568
0.988069 -50.2288 0.986718
0.988219 -50.2191 0.986868
0.988369 -50.2095 0.987019
0.988519 -50.1999 0.987169
0.988669 -50.1903 0.987319
0.988819 -50.1807 0.987469
0.988969 -50.1711 0.987619
 0.98912 -50.1614 0.987769
 0.98927 -50.1518 0.987919
 0.98942 -50.1422 0.988069
 0.98957 -50.1326 0.988219
 0.98972  -50.123 0.988369
 0.98987 -50.1135 0.988519
 0.99002 -50.1039 0.988519
 0.99017 -50.0943 0.988669
 0.99032 -50.0847 0.988819
 0.99047 -50.0751 0.988969
 0.99062 -50.0655  0.98912
 0.99077  -50.056  0.98927
 0.99092 -50.0464  0.98942
0.991071 -50.0368  0.98957
0.991221 -50.0272  0.98972
0.991371 -50.0177  0.98987
0.991521 -50.0081  0.99002
0.991671 -49.9986  0.99017
0.991821  -49.989  0.99032
0.991971 -49.9795  0.99047
0.992121 -49.9699  0.99062
0.992271 -49.9604  0.99077
0.992421 -49.9508  0.99092
0.992571 -49.9413  0.99092
0.992721 -49.9317 0.991071
0.992871 -49.9222 0.991221
0.993022 -49.9127 0.991371
0.993172 -49.9031 0.991521
0.993322 -49.8936 0.991671
0.993472 -49.8841 0.991821
0.993622 -49.8746 0.991971
0.993772  -49.865 0.992121
0.993922 -49.8555 0.992271
0.994072  -49.846 0.992421
0.994222 -49.8365 0.992571
0.994372  -49.827 0.992721
0.994522 -49.8175 0.992871
0.994672  -49.808 0.993022
0.994822 -49.7985 0.993172
0.994972  -49.789 0.993322
0.995123 -49.7795 0.993322
0.995273   -49.77 0.993472
0.995423 -49.7605 0.993622
0.995573  -49.751 0.993772
0.995723 -49.7416 0.993922
0.995873 -49.7321 0.994072
0.996023 -49.7226 0.994222
0.996173 -49.7131 0.994372
0.996323 -49.7037 0.994522
0.996473 -49.6942 0.994672
0.996623 -49.6847 0.994822
0.996773 -49.6753 0.994972
0.996923 -49.6658 0.995123
0.997074 -49.6564 0.995273
0.997224 -49.6469 0.995423
0.997374 -49.6375 0.995573
0.997524  -49.628 0.995573
0.997674 -49.6186 0.995723
0.997824 -49.6091 0.995873
0.997974 -49.5997 0.996023
0.998124 -49.5903 0.996173
0.998274 -49.5808 0.996323
0.998424 -49.5714 0.996473
0.998574  -49.562 0.996623
0.998724 -49.5525 0.996773
0.998874 -49.5431 0.996923
0.999025 -49.5337 0.997074
0.999175 -49.5243 0.997224
0.999325 -49.5149 0.997374
0.999475 -49.5055 0.997524
0.999625  -49.496 0.997674
0.999775 -49.4866 0.997824
0.999925 -49.4772 0.997974
 1.00008 -49.4678 0.997974
 1.00023 -49.4584 0.998124
 1.00038 -49.4491 0.998274
 1.00053 -49.4397 0.998424
 1.00068 -49.4303 0.998574
 1.00083 -49.4209 0.998724
 1.00098 -49.4115 0.998874
 1.00113 -49.4021 0.999025
 1.00128 -49.3927 0.999175
 1.00143 -49.3834 0.999325
 1.00158  -49.374 0.999475
 1.00173 -49.3646 0.999625
 1.00188 -49.3553 0.999775
 1.00203 -49.3459 0.999925
 1.00218 -49.3365  1.00008
 1.00233 -49.3272  1.00023
 1.00248 -49.3178  1.00038
 1.00263 -49.3085  1.00038
 1.00278 -49.2991  1.00053
 1.00293 -49.2898  1.00068
 1.00308 -49.2804  1.00083
 1.00323 -49.2711  1.00098
 1.00338 -49.2618  1.00113
 1.00353 -49.2524  1.00128
 1.00368 -49.2431  1.00143
 1.00383 -49.2338  1.00158
 1.00398 -49.2244  1.00173
 1.00413 -49.2151  1.00188
 1.00428 -49.2058  1.00203
 1.00443 -49.1965  1.00218
 1.00458 -49.1872  1.00233
 1.00473 -49.1778  1.00248
 1.00488 -49.1685  1.00263
 1.00503 -49.1592  1.00278
 1.00518 -49.1499  1.00278
 1.00533 -49.1406  1.00293
 1.00548 -49.1313  1.00308
 1.00563  -49.122  1.00323
 1.00578 -49.1127  1.00338
 1.00593 -49.1034  1.00353
 1.00608 -49.0942  1.00368
 1.00623 -49.0849  1.00383
 1.00638 -49.0756  1.00398
 1.00653 -49.0663  1.00413
 1.00668  -49.057  1.00428
 1.00683 -49.0478  1.00443
 1.00698 -49.0385  1.00458
 1.00713 -49.0292  1.00473
 1.00728 -49.0199  1.00488
 1.00743 -49.0107  1.00503
 1.00758 -49.0014  1.00503
 1.00773 -48.9922  1.00518
 1.00788 -48.9829  1.00533
 1.00803 -48.9737  1.00548
 1.00818 -48.9644  1.00563
 1.00833 -48.9552  1.00578
 1.00848 -48.9459  1.00593
 1.00863 -48.9367  1.00608
 1.00878 -48.9274  1.00623
 1.00893 -48.9182  1.00638
 1.00908  -48.909  1.00653
 1.00923 -48.8997  1.00668
 1.00938 -48.8905  1.00683
 1.00953 -48.8813  1.00698
 1.00968 -48.8721  1.00713
 1.00983 -48.8628  1.00728
 1.00998 -48.8536  1.00743
 1.01013 -48.8444  1.00743
 1.01028 -48.8352  1.00758
 1.01043  -48.826  1.00773
 1.01058 -48.8168  1.00788
 1.01073 -48.8076  1.00803
 1.01088 -48.7984  1.00818
 1.01103 -48.7892  1.00833
 1.01118   -48.78  1.00848
 1.01133 -48.7708  1.00863
 1.01148 -48.7616  1.00878
 1.01163 -48.7524  1.00893
 1.01178 -48.7432  1.00908
 1.01193  -48.734  1.00923
 1.01208 -48.7249  1.00938
 1.01223 -48.7157  1.00953
 1.01238 -48.7065  1.00968
 1.01253 -48.6973  1.00983
 1.01268 -48.6882  1.00983
 1.01283  -48.679  1.00998
 1.01298 -48.6698  1.01013
 1.01313 -48.6607  1.01028
 1.01328 -48.6515  1.01043
 1.01343 -48.6424  1.01058
 1.01358 -48.6332  1.01073
 1.01373 -48.6241  1.01088
 1.01388 -48.6149  1.01103
 1.01403 -48.6058  1.01118
 1.01418 -48.5966  1.01133
 1.01433 -48.5875  1.01148
 1.01448 -48.5784  1.01163
 1.01463 -48.5692  1.01178
 1.01478 -48.5601  1.01193
 1.01493  -48.551  1.01208
 1.01508 -48.5418  1.01223
 1.01523 -48.5327  1.01223
 1.01538 -48.5236  1.01238
 1.01553 -48.5145  1.01253
 1.01568 -48.5054  1.01268
 1.01583 -48.4963  1.01283
 1.01598 -48.4871  1.01298
 1.01613  -48.478  1.01313
 1.01628 -48.4689  1.01328
 1.01643 -48.4598  1.01343
 1.01658 -48.4507  1.01358
 1.01673 -48.4416  1.01373
 1.01688 -48.4325  1.01388
 1.01703 -48.4235  1.01403
 1.01718 -48.4144  1.01418
 1.01733 -48.4053  1.01433
 1.01748 -48.3962  1.01448
 1.01763 -48.3871  1.01463
 1.01778  -48.378  1.01463
 1.01793  -48.369  1.01478
 1.01808 -48.3599  1.01493
 1.01823 -48.3508  1.01508
 1.01838 -48.3418  1.01523
 1.01853 -48.3327  1.01538
 1.01868 -48.3236  1.01553
 1.01883 -48.3146  1.01568
 1.01898 -48.3055  1.01583
 1.01913 -48.2965  1.01598
 1.01928 -48.2874  1.01613
 1.01943 -48.2784  1.01628
 1.01958 -48.2693  1.01643
 1.01973 -48.2603  1.01658
 1.01988 -48.2512  1.01673
 1.02004 -48.2422  1.01688
 1.02019 -48.2332  1.01703
 1.02034 -48.2241  1.01703
 1.02049 -48.2151  1.01718
 1.02064 -48.2061  1.01733
 1.02079 -48.1971  1.01748
 1.02094  -48.188  1.01763
 1.02109  -48.179  1.01778
 1.02124   -48.17  1.01793
 1.02139  -48.161  1.01808
 1.02154  -48.152  1.01823
 1.02169  -48.143  1.01838
 1.02184  -48.134  1.01853
 1.02199 -48.1249  1.01868
 1.02214 -48.1159  1.01883
 1.02229  -48.107  1.01898
 1.02244  -48.098  1.01913
 1.02259  -48.089  1.01928
 1.02274   -48.08  1.01943
 1.02289  -48.071  1.01943
 1.02304  -48.062  1.01958
 1.02319  -48.053  1.01973
 1.02334  -48.044  1.01988
 1.02349 -48.0351  1.02004
 1.02364 -48.0261  1.02019
 1.02379 -48.0171  1.02034
 1.02394 -48.0081  1.02049
 1.02409 -47.9992  1.02064
 1.02424 -47.9902  1.02079
 1.02439 -47.9812  1.02094
 1.02454 -47.9723  1.02109
 1.02469 -47.9633  1.02124
 1.02484 -47.9544  1.02139
 1.02499 -47.9454  1.02154
 1.02514 -47.9365  1.02169
 1.02529 -47.9275  1.02184
 1.02544 -47.9186  1.02184
 1.02559 -47.9097  1.02199
 1.02574 -47.9007  1.02214
 1.02589 -47.8918  1.02229
 1.02604 -47.8828  1.02244
 1.02619 -47.8739  1.02259
 1.02634  -47.865  1.02274
 1.02649 -47.8561  1.02289
 1.02664 -47.8471  1.02304
 1.02679 -47.8382  1.02319
 1.02694 -47.8293  1.02334
 1.02709 -47.8204  1.02349
 1.02724 -47.8115  1.02364
 1.02739 -47.8026  1.02379
 1.02754 -47.7937  1.02394
 1.02769 -47.7847  1.02409
 1.02784 -47.7758  1.02424
 1.02799 -47.7669  1.02424
 1.02814  -47.758  1.02439
 1.02829 -47.7492  1.02454
 1.02844 -47.7403  1.02469
 1.02859 -47.7314  1.02484
 1.02874 -47.7225  1.02499
 1.02889 -47.7136  1.02514
 1.02904 -47.7047  1.02529
 1.02919 -47.6958  1.02544
 1.02934  -47.687  1.02559
 1.02949 -47.6781  1.02574
 1.02964 -47.6692  1.02589
 1.02979 -47.6604  1.02604
 1.02994 -47.6515  1.02619
 1.03009 -47.6426  1.02634
 1.03024 -47.6338  1.02649
 1.03039 -47.6249  1.02664
 1.03054  -47.616  1.02664
 1.03069 -47.6072  1.02679
 1.03084 -47.5983  1.02694
 1.03099 -47.5895  1.02709
 1.03114 -47.5806  1.02724
 1.03129 -47.5718  1.02739
 1.03144  -47.563  1.02754
 1.03159 -47.5541  1.02769
 1.03174 -47.5453  1.02784
 1.03189 -47.5365  1.02799
 1.03204 -47.5276  1.02814
 1.03219 -47.5188  1.02829
 1.03234   -47.51  1.02844
 1.03249 -47.5012  1.02859
 1.03264 -47.4923  1.02874
 1.03279 -47.4835  1.02889
 1.03294 -47.4747  1.02904
 1.03309 -47.4659  1.02904
 1.03324 -47.4571  1.02919
 1.03339 -47.4483  1.02934
 1.03354 -47.4395  1.02949
 1.03369 -47.4307  1.02964
 1.03384 -47.4219  1.02979
 1.03399 -47.4131  1.02994
 1.03414 -47.4043  1.03009
 1.03429 -47.3955  1.03024
 1.03444 -47.3867  1.03039
 1.03459 -47.3779  1.03054
 1.03474 -47.3691  1.03069
 1.03489 -47.3603  1.03084
 1.03504 -47.3516  1.03099
 1.03519 -47.3428  1.03114
 1.03534  -47.334  1.03129
 1.03549 -47.3252  1.03144
 1.03564 -47.3165  1.03144
 1.03579 -47.3077  1.03159
 1.03594 -47.2989  1.03174
 1.03609 -47.2902  1.03189
 1.03624 -47.2814  1.03204
 1.03639 -47.2726  1.03219
 1.03654 -47.2639  1.03234
 1.03669 -47.2551  1.03249
 1.03684 -47.2464  1.03264
 1.03699 -47.2376  1.03279
 1.03714 -47.2289  1.03294
 1.03729 -47.2202  1.03309
 1.03744 -47.2114  1.03324
 1.03759 -47.2027  1.03339
 1.03774 -47.1939  1.03354
 1.03789 -47.1852  1.03369
 1.03804 -47.1765  1.03384
 1.03819 -47.1678  1.03384
 1.03834  -47.159  1.03399
 1.03849 -47.1503  1.03414
 1.03864 -47.1416  1.03429
 1.03879 -47.1329  1.03444
 1.03894 -47.1242  1.03459
 1.03909 -47.1154  1.03474
 1.03924 -47.1067  1.03489
 1.03939  -47.098  1.03504
 1.03954 -47.0893  1.03519
 1.03969 -47.0806  1.03534
 1.03984 -47.0719  1.03549
 1.03999 -47.0632  1.03564
 1.04015 -47.0545  1.03579
  1.0403 -47.0458  1.03594
 1.04045 -47.0372  1.03609
  1.0406 -47.0285  1.03624
 1.04075 -47.0198  1.03624
  1.0409 -47.0111  1.03639
 1.04105 -47.0024  1.03654
  1.0412 -46.9937  1.03669
 1.04135 -46.9851  1.03684
  1.0415 -46.9764  1.03699
 1.04165 -46.9677  1.03714
  1.0418 -46.9591  1.03729
 1.04195 -46.9504  1.03744
  1.0421 -46.9417  1.03759
 1.04225 -46.9331  1.03774
  1.0424 -46.9244  1.03789
 1.04255 -46.9158  1.03804
  1.0427 -46.9071  1.03819
 1.04285 -46.8985  1.03834
   1.043 -46.8898  1.03849
 1.04315 -46.8812  1.03864
  1.0433 -46.8725  1.03864
 1.04345 -46.8639  1.03879
  1.0436 -46.8552  1.03894
 1.04375 -46.8466  1.03909
  1.0439  -46.838  1.03924
 1.04405 -46.8293  1.03939
  1.0442 -46.8207  1.03954
 1.04435 -46.8121  1.03969
  1.0445 -46.8035  1.03984
 1.04465 -46.7948  1.03999
  1.0448 -46.7862  1.04015
 1.04495 -46.7776   1.0403
  1.0451  -46.769  1.04045
 1.04525 -46.7604   1.0406
  1.0454 -46.7518  1.04075
 1.04555 -46.7432   1.0409
  1.0457 -46.7346  1.04105
 1.04585  -46.726  1.04105
   1.046 -46.7174   1.0412
 1.04615 -46.7088  1.04135
  1.0463 -46.7002   1.0415
 1.04645 -46.6916  1.04165
  1.0466  -46.683   1.0418
 1.04675 -46.6744  1.04195
  1.0469 -46.6658   1.0421
 1.04705 -46.6573  1.04225
  1.0472 -46.6487   1.0424
 1.04735 -46.6401  1.04255
  1.0475 -46.6315   1.0427
 1.04765  -46.623  1.04285
  1.0478 -46.6144    1.043
 1.04795 -46.6058  1.04315
  1.0481 -46.5973   1.0433
 1.04825 -46.5887  1.04345
  1.0484 -46.5801  1.04345
 1.04855 -46.5716   1.0436
  1.0487  -46.563  1.04375
 1.04885 -46.5545   1.0439
   1.049 -46.5459  1.04405
 1.04915 -46.5374   1.0442
  1.0493 -46.5288  1.04435
 1.04945 -46.5203   1.0445
  1.0496 -46.5118  1.04465
 1.04975 -46.5032   1.0448
  1.0499 -46.4947  1.04495
 1.05005 -46.4861   1.0451
  1.0502 -46.4776  1.04525
 1.05035 -46.4691   1.0454
  1.0505 -46.4606  1.04555
 1.05065  -46.452   1.0457
  1.0508 -46.4435  1.04585
 1.05095  -46.435  1.04585
  1.0511 -46.4265    1.046
 1.05125  -46.418  1.04615
  1.0514 -46.4095   1.0463
 1.05155  -46.401  1.04645
  1.0517 -46.3925   1.0466
 1.05185  -46.384  1.04675
   1.052 -46.3754   1.0469
 1.05215  -46.367  1.04705
  1.0523 -46.3585   1.0472
 1.05245   -46.35  1.04735
  1.0526 -46.3415   1.0475
 1.05275  -46.333  1.04765
  1.0529 -46.3245   1.0478
 1.05305  -46.316  1.04795
  1.0532 -46.3075   1.0481
 1.05335 -46.2991  1.04825
  1.0535 -46.2906  1.04825
 1.05365 -46.2821   1.0484
  1.0538 -46.2736  1.04855
 1.05395 -46.2652   1.0487
  1.0541 -46.2567  1.04885
 1.05425 -46.2482    1.049
  1.0544 -46.2398  1.04915
 1.05455 -46.2313   1.0493
  1.0547 -46.2228  1.04945
 1.05485 -46.2144   1.0496
   1.055 -46.2059  1.04975
 1.05515 -46.1975   1.0499
  1.0553  -46.189  1.05005
 1.05545 -46.1806   1.0502
  1.0556 -46.1721  1.05035
 1.05575 -46.1637   1.0505
  1.0559 -46.1553  1.05065
 1.05605 -46.1468  1.05065
  1.0562 -46.1384   1.0508
 1.05635   -46.13  1.05095
  1.0565 -46.1215   1.0511
 1.05665 -46.1131  1.05125
  1.0568 -46.1047   1.0514
 1.05695 -46.0963  1.05155
  1.0571 -46.0878   1.0517
 1.05725 -46.0794  1.05185
  1.0574  -46.071    1.052
 1.05755 -46.0626  1.05215
  1.0577 -46.0542   1.0523
 1.05785 -46.0458  1.05245
   1.058 -46.0374   1.0526
 1.05815  -46.029  1.05275
  1.0583 -46.0206   1.0529
 1.05845 -46.0122  1.05305
  1.0586 -46.0038  1.05305
 1.05875 -45.9954   1.0532
  1.0589  -45.987  1.05335
 1.05905 -45.9786   1.0535
  1.0592 -45.9702  1.05365
 1.05935 -45.9618   1.0538
  1.0595 -45.9535  1.05395
 1.05965 -45.9451   1.0541
  1.0598 -45.9367  1.05425
 1.05995 -45.9283   1.0544
 1.06011   -45.92  1.05455
 1.06026 -45.9116   1.0547
 1.06041 -45.9032  1.05485
 1.06056 -45.8949    1.055
 1.06071 -45.8865  1.05515
 1.06086 -45.8781   1.0553
 1.06101 -45.8698  1.05545
 1.06116 -45.8614  1.05545
 1.06131 -45.8531   1.0556
 1.06146 -45.8447  1.05575
 1.06161 -45.8364   1.0559
 1.06176  -45.828  1.05605
 1.06191 -45.8197   1.0562
 1.06206 -45.8113  1.05635
 1.06221  -45.803   1.0565
 1.06236 -45.7947  1.05665
 1.06251 -45.7863   1.0568
 1.06266  -45.778  1.05695
 1.06281 -45.7697   1.0571
 1.06296 -45.7613  1.05725
 1.06311  -45.753   1.0574
 1.06326 -45.7447  1.05755
 1.06341 -45.7364   1.0577
 1.06356 -45.7281  1.05785
 1.06371 -45.7197  1.05785
 1.06386 -45.7114    1.058
 1.06401 -45.7031  1.05815
 1.06416 -45.6948   1.0583
 1.06431 -45.6865  1.05845
 1.06446 -45.6782   1.0586
 1.06461 -45.6699  1.05875
 1.06476 -45.6616   1.0589
 1.06491 -45.6533  1.05905
 1.06506  -45.645   1.0592
 1.06521 -45.6367  1.05935
 1.06536 -45.6284   1.0595
 1.06551 -45.6201  1.05965
 1.06566 -45.6118   1.0598
 1.06581 -45.6036  1.05995
 1.06596 -45.5953  1.06011
 1.06611  -45.587  1.06011
 1.06626 -45.5787  1.06026
 1.06641 -45.5705  1.06041
 1.06656 -45.5622  1.06056
 1.06671 -45.5539  1.06071
 1.06686 -45.5456  1.06086
 1.06701 -45.5374  1.06101
 1.06716 -45.5291  1.06116
 1.06731 -45.5209  1.06131
 1.06746 -45.5126  1.06146
 1.06761 -45.5043  1.06161
 1.06776 -45.4961  1.06176
 1.06791 -45.4878  1.06191
 1.06806 -45.4796  1.06206
 1.06821 -45.4714  1.06221
 1.06836 -45.4631  1.06236
 1.06851 -45.4549  1.06251
 1.06866 -45.4466  1.06251
 1.06881 -45.4384  1.06266
 1.06896 -45.4302  1.06281
 1.06911 -45.4219  1.06296
 1.06926 -45.4137  1.06311
 1.06941 -45.4055  1.06326
 1.06956 -45.3972  1.06341
 1.06971  -45.389  1.06356
 1.06986 -45.3808  1.06371
 1.07001 -45.3726  1.06386
 1.07016 -45.3644  1.06401
 1.07031 -45.3562  1.06416
 1.07046 -45.3479  1.06431
 1.07061 -45.3397  1.06446
 1.07076 -45.3315  1.06461
 1.07091 -45.3233  1.06476
 1.07106 -45.3151  1.06491
 1.07121 -45.3069  1.06491
 1.07136 -45.2987  1.06506
 1.07151 -45.2905  1.06521
 1.07166 -45.2823  1.06536
 1.07181 -45.2741  1.06551
 1.07196  -45.266  1.06566
 1.07211 -45.2578  1.06581
 1.07226 -45.2496  1.06596
 1.07241 -45.2414  1.06611
 1.07256 -45.2332  1.06626
 1.07271 -45.2251  1.06641
 1.07286 -45.2169  1.06656
 1.07301 -45.2087  1.06671
 1.07316 -45.2005  1.06686
 1.07331 -45.1924  1.06701
 1.07346 -45.1842  1.06716
 1.07361  -45.176  1.06731
 1.07376 -45.1679  1.06731
 1.07391 -45.1597  1.06746
 1.07406 -45.1516  1.06761
 1.07421 -45.1434  1.06776
 1.07436 -45.1353  1.06791
 1.07451 -45.1271  1.06806
 1.07466  -45.119  1.06821
 1.07481 -45.1108  1.06836
 1.07496 -45.1027  1.06851
 1.07511 -45.0945  1.06866
 1.07526 -45.0864  1.06881
 1.07541 -45.0783  1.06896
 1.07556 -45.0701  1.06911
 1.07571  -45.062  1.06926
 1.07586 -45.0539  1.06941
 1.07601 -45.0458  1.06956
 1.07616 -45.0376  1.06956
 1.07631 -45.0295  1.06971
 1.07646 -45.0214  1.06986
 1.07661 -45.0133  1.07001
 1.07676 -45.0052  1.07016
 1.07691 -44.9971  1.07031
 1.07706 -44.9889  1.07046
 1.07721 -44.9808  1.07061
 1.07736 -44.9727  1.07076
 1.07751 -44.9646  1.07091
 1.07766 -44.9565  1.07106
 1.07781 -44.9484  1.07121
 1.07796 -44.9403  1.07136
 1.07811 -44.9322  1.07151
 1.07826 -44.9241  1.07166
 1.07841 -44.9161  1.07181
 1.07856  -44.908  1.07181
 1.07871 -44.8999  1.07196
 1.07886 -44.8918  1.07211
 1.07901 -44.8837  1.07226
 1.07916 -44.8756  1.07241
 1.07931 -44.8676  1.07256
 1.07946 -44.8595  1.07271
 1.07961 -44.8514  1.07286
 1.07976 -44.8434  1.07301
 1.07991 -44.8353  1.07316
 1.08007 -44.8272  1.07331
 1.08022 -44.8192  1.07346
 1.08037 -44.8111  1.07361
 1.08052 -44.8031  1.07376
 1.08067  -44.795  1.07391
 1.08082 -44.7869  1.07406
 1.08097 -44.7789  1.07406
 1.08112 -44.7708  1.07421
 1.08127 -44.7628  1.07436
 1.08142 -44.7548  1.07451
 1.08157 -44.7467  1.07466
 1.08172 -44.7387  1.07481
 1.08187 -44.7306  1.07496
 1.08202 -44.7226  1.07511
 1.08217 -44.7146  1.07526
 1.08232 -44.7065  1.07541
 1.08247 -44.6985  1.07556
 1.08262 -44.6905  1.07571
 1.08277 -44.6825  1.07586
 1.08292 -44.6744  1.07601
 1.08307 -44.6664  1.07616
 1.08322 -44.6584  1.07631
 1.08337 -44.6504  1.07631
 1.08352 -44.6424  1.07646
 1.08367 -44.6344  1.07661
 1.08382 -44.6264  1.07676
 1.08397 -44.6184  1.07691
 1.08412 -44.6104  1.07706
 1.08427 -44.6024  1.07721
 1.08442 -44.5944  1.07736
 1.08457 -44.5864  1.07751
 1.08472 -44.5784  1.07766
 1.08487 -44.5704  1.07781
 1.08502 -44.5624  1.07796
 1.08517 -44.5544  1.07811
 1.08532 -44.5464  1.07826
 1.08547 -44.5384  1.07841
 1.08562 -44.5305  1.07856
 1.08577 -44.5225  1.07856
 1.08592 -44.5145  1.07871
 1.08607 -44.5065  1.07886
 1.08622 -44.4986  1.07901
 1.08637 -44.4906  1.07916
 1.08652 -44.4826  1.07931
 1.08667 -44.4747  1.07946
 1.08682 -44.4667  1.07961
 1.08697 -44.4587  1.07976
 1.08712 -44.4508  1.07991
 1.08727 -44.4428  1.08007
 1.08742 -44.4349  1.08022
 1.08757 -44.4269  1.08037
 1.08772  -44.419  1.08052
 1.08787  -44.411  1.08067
 1.08802 -44.4031  1.08082
 1.08817 -44.3951  1.08082
 1.08832 -44.3872  1.08097
 1.08847 -44.3793  1.08112
 1.08862 -44.3713  1.08127
 1.08877 -44.3634  1.08142
 1.08892 -44.3555  1.08157
 1.08907 -44.3475  1.08172
 1.08922 -44.3396  1.08187
 1.08937 -44.3317  1.08202
 1.08952 -44.3238  1.08217
 1.08967 -44.3158  1.08232
 1.08982 -44.3079  1.08247
 1.08997    -44.3  1.08262
 1.09012 -44.2921  1.08277
 1.09027 -44.2842  1.08292
 1.09042 -44.2763  1.08307
 1.09057 -44.2684  1.08307
 1.09072 -44.2605  1.08322
 1.09087 -44.2526  1.08337
 1.09102 -44.2447  1.08352
 1.09117 -44.2368  1.08367
 1.09132 -44.2289  1.08382
 1.09147  -44.221  1.08397
 1.09162 -44.2131  1.08412
 1.09177 -44.2052  1.08427
 1.09192 -44.1973  1.08442
 1.09207 -44.1894  1.08457
 1.09222 -44.1815  1.08472
 1.09237 -44.1737  1.08487
 1.09252 -44.1658  1.08502
 1.09267 -44.1579  1.08517
 1.09282   -44.15  1.08532
 1.09297 -44.1422  1.08532
 1.09312 -44.1343  1.08547
 1.09327 -44.1264  1.08562
 1.09342 -44.1186  1.08577
 1.09357 -44.1107  1.08592
 1.09372 -44.1029  1.08607
 1.09387  -44.095  1.08622
 1.09402 -44.0871  1.08637
 1.09417 -44.0793  1.08652
 1.09432 -44.0714  1.08667
 1.09447 -44.0636  1.08682
 1.09462 -44.0557  1.08697
 1.09477 -44.0479  1.08712
 1.09492 -44.0401  1.08727
 1.09507 -44.0322  1.08742
 1.09522 -44.0244  1.08742
 1.09537 -44.0165  1.08757
 1.09552 -44.0087  1.08772
 1.09567 -44.0009  1.08787
 1.09582 -43.9931  1.08802
 1.09597 -43.9852  1.08817
 1.09612 -43.9774  1.08832
 1.09627 -43.9696  1.08847
 1.09642 -43.9618  1.08862
 1.09657 -43.9539  1.08877
 1.09672 -43.9461  1.08892
 1.09687 -43.9383  1.08907
 1.09702 -43.9305  1.08922
 1.09717 -43.9227  1.08937
 1.09732 -43.9149  1.08952
 1.09747 -43.9071  1.08952
 1.09762 -43.8993  1.08967
 1.09777 -43.8915  1.08982
 1.09792 -43.8837  1.08997
 1.09807 -43.8759  1.09012
 1.09822 -43.8681  1.09027
 1.09837 -43.8603  1.09042
 1.09852 -43.8525  1.09057
 1.09867 -43.8447  1.09072
 1.09882  -43.837  1.09087
 1.09897 -43.8292  1.09102
 1.09912 -43.8214  1.09117
 1.09927 -43.8136  1.09132
 1.09942 -43.8058  1.09147
 1.09957 -43.7981  1.09162
 1.09972 -43.7903  1.09162
 1.09987 -43.7825  1.09177
 1.10003 -43.7748  1.09192
 1.10018  -43.767  1.09207
 1.10033 -43.7592  1.09222
 1.10048 -43.7515  1.09237
 1.10063 -43.7437  1.09252
 1.10078  -43.736  1.09267
 1.10093 -43.7282  1.09282
 1.10108 -43.7205  1.09297
 1.10123 -43.7127  1.09312
 1.10138  -43.705  1.09327
 1.10153 -43.6972  1.09342
 1.10168 -43.6895  1.09357
 1.10183 -43.6817  1.09372
 1.10198  -43.674  1.09372
 1.10213 -43.6663  1.09387
 1.10228 -43.6585  1.09402
 1.10243 -43.6508  1.09417
 1.10258 -43.6431  1.09432
 1.10273 -43.6354  1.09447
 1.10288 -43.6276  1.09462
 1.10303 -43.6199  1.09477
 1.10318 -43.6122  1.09492
 1.10333 -43.6045  1.09507
 1.10348 -43.5968  1.09522
 1.10363  -43.589  1.09537
 1.10378 -43.5813  1.09552
 1.10393 -43.5736  1.09567
 1.10408 -43.5659  1.09567
 1.10423 -43.5582  1.09582
 1.10438 -43.5505  1.09597
 1.10453 -43.5428  1.09612
 1.10468 -43.5351  1.09627
 1.10483 -43.5274  1.09642
 1.10498 -43.5197  1.09657
 1.10513  -43.512  1.09672
 1.10528 -43.5044  1.09687
 1.10543 -43.4967  1.09702
 1.10558  -43.489  1.09717
 1.10573 -43.4813  1.09732
 1.10588 -43.4736  1.09747
 1.10603  -43.466  1.09762
 1.10618 -43.4583  1.09777
 1.10633 -43.4506  1.09777
 1.10648 -43.4429  1.09792
 1.10663 -43.4353  1.09807
 1.10678 -43.4276  1.09822
 1.10693 -43.4199  1.09837
 1.10708 -43.4123  1.09852
 1.10723 -43.4046  1.09867
 1.10738  -43.397  1.09882
 1.10753 -43.3893  1.09897
 1.10768 -43.3817  1.09912
 1.10783  -43.374  1.09927
 1.10798 -43.3664  1.09942
 1.10813 -43.3587  1.09942
 1.10828 -43.3511  1.09957
 1.10843 -43.3434  1.09972
 1.10858 -43.3358  1.09987
 1.10873 -43.3282  1.10003
 1.10888 -43.3205  1.10018
 1.10903 -43.3129  1.10033
 1.10918 -43.3053  1.10048
 1.10933 -43.2976  1.10063
 1.10948   -43.29  1.10078
 1.10963 -43.2824  1.10093
 1.10978 -43.2748  1.10108
 1.10993 -43.2672  1.10108
 1.11008 -43.2596  1.10123
 1.11023 -43.2519  1.10138
 1.11038 -43.2443  1.10153
 1.11053 -43.2367  1.10168
 1.11068 -43.2291  1.10183
 1.11083 -43.2215  1.10198
 1.11098 -43.2139  1.10213
 1.11113 -43.2063  1.10228
 1.11128 -43.1987  1.10243
 1.11143 -43.1911  1.10258
 1.11158 -43.1835  1.10273
 1.11173  -43.176  1.10273
 1.11188 -43.1684  1.10288
 1.11203 -43.1608  1.10303
 1.11218 -43.1532  1.10318
 1.11233 -43.1456  1.10333
 1.11248 -43.1381  1.10348
 1.11263 -43.1305  1.10363
 1.11278 -43.1229  1.10378
 1.11293 -43.1153  1.10393
 1.11308 -43.1078  1.10408
 1.11323 -43.1002  1.10423
 1.11338 -43.0926  1.10438
 1.11353 -43.0851  1.10438
 1.11368 -43.0775  1.10453
 1.11383   -43.07  1.10468
 1.11398 -43.0624  1.10483
 1.11413 -43.0549  1.10498
 1.11428 -43.0473  1.10513
 1.11443 -43.0398  1.10528
 1.11458 -43.0322  1.10543
 1.11473 -43.0247  1.10558
 1.11488 -43.0171  1.10573
 1.11503 -43.0096  1.10588
 1.11518 -43.0021  1.10603
 1.11533 -42.9945  1.10603
 1.11548  -42.987  1.10618
 1.11563 -42.9795  1.10633
 1.11578  -42.972  1.10648
 1.11593 -42.9644  1.10663
 1.11608 -42.9569  1.10678
 1.11623 -42.9494  1.10693
 1.11638 -42.9419  1.10708
 1.11653 -42.9344  1.10723
 1.11668 -42.9269  1.10738
 1.11683 -42.9194  1.10753
 1.11698 -42.9118  1.10768
 1.11713 -42.9043  1.10768
 1.11728 -42.8968  1.10783
 1.11743 -42.8893  1.10798
 1.11758 -42.8818  1.10813
 1.11773 -42.8743  1.10828
 1.11788 -42.8669  1.10843
 1.11803 -42.8594  1.10858
 1.11818 -42.8519  1.10873
 1.11833 -42.8444  1.10888
 1.11848 -42.8369  1.10903
 1.11863 -42.8294  1.10918
 1.11878 -42.8219  1.10933
 1.11893 -42.8145  1.10933
 1.11908  -42.807  1.10948
 1.11923 -42.7995  1.10963
 1.11938 -42.7921  1.10978
 1.11953 -42.7846  1.10993
 1.11968 -42.7771  1.11008
 1.11983 -42.7697  1.11023
 1.11998 -42.7622  1.11038
 1.12014 -42.7547  1.11053
 1.12029 -42.7473  1.11068
 1.12044 -42.7398  1.11083
 1.12059 -42.7324  1.11098
 1.12074 -42.7249  1.11098
 1.12089 -42.7175  1.11113
 1.12104   -42.71  1.11128
 1.12119 -42.7026  1.11143
 1.12134 -42.6952  1.11158
 1.12149 -42.6877  1.11173
 1.12164 -42.6803  1.11188
 1.12179 -42.6729  1.11203
 1.12194 -42.6654  1.11218
 1.12209  -42.658  1.11233
 1.12224 -42.6506  1.11248
 1.12239 -42.6432  1.11263
 1.12254 -42.6357  1.11263
 1.12269 -42.6283  1.11278
 1.12284 -42.6209  1.11293
 1.12299 -42.6135  1.11308
 1.12314 -42.6061  1.11323
 1.12329 -42.5987  1.11338
 1.12344 -42.5913  1.11353
 1.12359 -42.5839  1.11368
 1.12374 -42.5765  1.11383
 1.12389 -42.5691  1.11398
 1.12404 -42.5617  1.11413
 1.12419 -42.5543  1.11413
 1.12434 -42.5469  1.11428
 1.12449 -42.5395  1.11443
 1.12464 -42.5321  1.11458
 1.12479 -42.5247  1.11473
 1.12494 -42.5173  1.11488
 1.12509 -42.5099  1.11503
 1.12524 -42.5026  1.11518
 1.12539 -42.4952  1.11533
 1.12554 -42.4878  1.11548
 1.12569 -42.4804  1.11563
 1.12584 -42.4731  1.11563
 1.12599 -42.4657  1.11578
 1.12614 -42.4583  1.11593
 1.12629  -42.451  1.11608
 1.12644 -42.4436  1.11623
 1.12659 -42.4363  1.11638
 1.12674 -42.4289  1.11653
 1.12689 -42.4215  1.11668
 1.12704 -42.4142  1.11683
 1.12719 -42.4068  1.11698
 1.12734 -42.3995  1.11713
 1.12749 -42.3922  1.11728
 1.12764 -42.3848  1.11728
 1.12779 -42.3775  1.11743
 1.12794 -42.3701  1.11758
 1.12809 -42.3628  1.11773
 1.12824 -42.3555  1.11788
 1.12839 -42.3481  1.11803
 1.12854 -42.3408  1.11818
 1.12869 -42.3335  1.11833
 1.12884 -42.3262  1.11848
 1.12899 -42.3188  1.11863
 1.12914 -42.3115  1.11863
 1.12929 -42.3042  1.11878
 1.12944 -42.2969  1.11893
 1.12959 -42.2896  1.11908
 1.12974 -42.2823  1.11923
 1.12989  -42.275  1.11938
 1.13004 -42.2677  1.11953
 1.13019 -42.2604  1.11968
 1.13034 -42.2531  1.11983
 1.13049 -42.2458  1.11998
 1.13064 -42.2385  1.11998
 1.13079 -42.2312  1.12014
 1.13094 -42.2239  1.12029
 1.13109 -42.2166  1.12044
 1.13124 -42.2093  1.12059
 1.13139  -42.202  1.12074
 1.13154 -42.1948  1.12089
 1.13169 -42.1875  1.12104
 1.13184 -42.1802  1.12119
 1.13199 -42.1729  1.12134
 1.13214 -42.1657  1.12134
 1.13229 -42.1584  1.12149
 1.13244 -42.1511  1.12164
 1.13259 -42.1439  1.12179
 1.13274 -42.1366  1.12194
 1.13289 -42.1293  1.12209
 1.13304 -42.1221  1.12224
 1.13319 -42.1148  1.12239
 1.13334 -42.1076  1.12254
 1.13349 -42.1003  1.12269
 1.13364 -42.0931  1.12269
 1.13379 -42.0859  1.12284
 1.13394 -42.0786  1.12299
 1.13409 -42.0714  1.12314
 1.13424 -42.0641  1.12329
 1.13439 -42.0569  1.12344
 1.13454 -42.0497  1.12359
 1.13469 -42.0424  1.12374
 1.13484 -42.0352  1.12389
 1.13499  -42.028  1.12389
 1.13514 -42.0208  1.12404
 1.13529 -42.0136  1.12419
 1.13544 -42.0063  1.12434
 1.13559 -41.9991  1.12449
 1.13574 -41.9919  1.12464
 1.13589 -41.9847  1.12479
 1.13604 -41.9775  1.12494
 1.13619 -41.9703  1.12509
 1.13634 -41.9631  1.12509
 1.13649 -41.9559  1.12524
 1.13664 -41.9487  1.12539
 1.13679 -41.9415  1.12554
 1.13694 -41.9343  1.12569
 1.13709 -41.9271  1.12584
 1.13724   -41.92  1.12599
 1.13739 -41.9128  1.12614
 1.13754 -41.9056  1.12629
 1.13769 -41.8984  1.12629
 1.13784 -41.8912  1.12644
 1.13799 -41.8841  1.12659
 1.13814 -41.8769  1.12674
 1.13829 -41.8697  1.12689
 1.13844 -41.8626  1.12704
 1.13859 -41.8554  1.12704
 1.13874 -41.8483  1.12719
 1.13889 -41.8411  1.12734
 1.13904  -41.834  1.12749
 1.13919 -41.8268  1.12749
 1.13934 -41.8197  1.12764
 1.13949 -41.8125  1.12779
 1.13964 -41.8054  1.12794
 1.13979 -41.7983  1.12809
 1.13994 -41.7911  1.12824
  1.1401  -41.784  1.12824
 1.14025 -41.7769  1.12839
  1.1404 -41.7698  1.12854
 1.14055 -41.7627  1.12869
  1.1407 -41.7556  1.12884
 1.14085 -41.7484  1.12884
   1.141 -41.7413  1.12899
 1.14115 -41.7342  1.12914
  1.1413 -41.7271  1.12929
 1.14145 -41.7201  1.12944
  1.1416  -41.713  1.12944
 1.14175 -41.7059  1.12959
  1.1419 -41.6988  1.12974
 1.14205 -41.6917  1.12989
  1.1422 -41.6846  1.13004
 1.14235 -41.6776  1.13004
  1.1425 -41.6705  1.13019
 1.14265 -41.6634  1.13034
  1.1428 -41.6564  1.13049
 1.14295 -41.6493  1.13064
  1.1431 -41.6423  1.13064
 1.14325 -41.6352  1.13079
  1.1434 -41.6282  1.13094
 1.14355 -41.6211  1.13109
  1.1437 -41.6141  1.13124
 1.14385  -41.607  1.13124
   1.144    -41.6  1.13139
 1.14415  -41.593  1.13154
  1.1443 -41.5859  1.13169
 1.14445 -41.5789  1.13184
  1.1446 -41.5719  1.13199
 1.14475 -41.5649  1.13199
  1.1449 -41.5578  1.13214
 1.14505 -41.5508  1.13229
  1.1452 -41.5438  1.13244
 1.14535 -41.5368  1.13259
  1.1455 -41.5298  1.13259
 1.14565 -41.5228  1.13274
  1.1458 -41.5158  1.13289
 1.14595 -41.5088  1.13304
  1.1461 -41.5018  1.13319
 1.14625 -41.4949  1.13319
  1.1464 -41.4879  1.13334
 1.14655 -41.4809  1.13349
  1.1467 -41.4739  1.13364
 1.14685 -41.4669  1.13379
   1.147   -41.46  1.13379
 1.14715  -41.453  1.13394
  1.1473 -41.4461  1.13409
 1.14745 -41.4391  1.13424
  1.1476 -41.4321  1.13439
 1.14775 -41.4252  1.13439
  1.1479 -41.4182  1.13454
 1.14805 -41.4113  1.13469
  1.1482 -41.4043  1.13484
 1.14835 -41.3974  1.13499
  1.1485 -41.3905  1.13499
 1.14865 -41.3835  1.13514
  1.1488 -41.3766  1.13529
 1.14895 -41.3697  1.13544
  1.1491 -41.3628  1.13559
 1.14925 -41.3558  1.13559
  1.1494 -41.3489  1.13574
 1.14955  -41.342  1.13589
  1.1497 -41.3351  1.13604
 1.14985 -41.3282  1.13619
    1.15 -41.3213  1.13634