 kgrid  ValNew  Policy 
    0.85  -75.675     0.85
 0.85015 -75.6551     0.85
  0.8503 -75.6352     0.85
 0.85045 -75.6153     0.85
  0.8506 -75.5955     0.85
 0.85075 -75.5757     0.85
  0.8509 -75.5559     0.85
0.851051 -75.5362     0.85
0.851201 -75.5166     0.85
0.851351 -75.4969     0.85
0.851501 -75.4774     0.85
0.851651 -75.4578     0.85
0.851801 -75.4383     0.85
0.851951 -75.4189     0.85
0.852101 -75.3995     0.85
0.852251 -75.3801     0.85
0.852401 -75.3608     0.85
0.852551 -75.3415     0.85
0.852701 -75.3223     0.85
0.852851 -75.3031     0.85
0.853002 -75.2839     0.85
0.853152 -75.2648     0.85
0.853302 -75.2457     0.85
0.853452 -75.2267     0.85
0.853602 -75.2077     0.85
0.853752 -75.1888     0.85
0.853902 -75.1699     0.85
0.854052  -75.151     0.85
0.854202 -75.1322     0.85
0.854352 -75.1134     0.85
0.854502 -75.0947     0.85
0.854652 -75.0759     0.85
0.854802 -75.0573     0.85
0.854952 -75.0387     0.85
0.855103 -75.0201     0.85
0.855253 -75.0015     0.85
0.855403  -74.983     0.85
0.855553 -74.9646     0.85
0.855703 -74.9461     0.85
0.855853 -74.9278     0.85
0.856003 -74.9094     0.85
0.856153 -74.8911     0.85
0.856303 -74.8728     0.85
0.856453 -74.8546     0.85
0.856603 -74.8364     0.85
0.856753 -74.8183     0.85
0.856903 -74.8002     0.85
0.857054 -74.7821     0.85
0.857204 -74.7641     0.85
0.857354 -74.7461     0.85
0.857504 -74.7281     0.85
0.857654 -74.7102     0.85
0.857804 -74.6923     0.85
0.857954 -74.6745     0.85
0.858104 -74.6567     0.85
0.858254 -74.6389     0.85
0.858404 -74.6212     0.85
0.858554 -74.6035     0.85
0.858704 -74.5858     0.85
0.858854 -74.5682     0.85
0.859005 -74.5507     0.85
0.859155 -74.5331     0.85
0.859305 -74.5156     0.85
0.859455 -74.4982     0.85
0.859605 -74.4807     0.85
0.859755 -74.4633     0.85
0.859905  -74.446     0.85
0.860055 -74.4287     0.85
0.860205 -74.4114     0.85
0.860355 -74.3941     0.85
0.860505 -74.3769     0.85
0.860655 -74.3598     0.85
0.860805 -74.3426     0.85
0.860955 -74.3255     0.85
0.861106 -74.3085     0.85
0.861256 -74.2915     0.85
0.861406 -74.2745     0.85
0.861556 -74.2575     0.85
0.861706 -74.2406     0.85
0.861856 -74.2237     0.85
0.862006 -74.2069     0.85
0.862156 -74.1901     0.85
0.862306 -74.1733     0.85
0.862456 -74.1565     0.85
0.862606 -74.1398     0.85
0.862756 -74.1232     0.85
0.862906 -74.1065     0.85
0.863057 -74.0899     0.85
0.863207 -74.0734     0.85
0.863357 -74.0568     0.85
0.863507 -74.0404     0.85
0.863657 -74.0239     0.85
0.863807 -74.0075     0.85
0.863957 -73.9911     0.85
0.864107 -73.9747     0.85
0.864257 -73.9584     0.85
0.864407 -73.9421     0.85
0.864557 -73.9259     0.85
0.864707 -73.9096     0.85
0.864857 -73.8935     0.85
0.865008 -73.8773     0.85
0.865158 -73.8612     0.85
0.865308 -73.8451     0.85
0.865458  -73.829     0.85
0.865608  -73.813     0.85
0.865758  -73.797     0.85
0.865908 -73.7811     0.85
0.866058 -73.7652     0.85
0.866208 -73.7493     0.85
0.866358 -73.7334     0.85
0.866508 -73.7176     0.85
0.866658 -73.7018     0.85
0.866808 -73.6861     0.85
0.866958 -73.6704     0.85
0.867109 -73.6547     0.85
0.867259  -73.639     0.85
0.867409 -73.6234     0.85
0.867559 -73.6078     0.85
0.867709 -73.5923     0.85
0.867859 -73.5767     0.85
0.868009 -73.5613     0.85
0.868159 -73.5458     0.85
0.868309 -73.5304     0.85
0.868459  -73.515     0.85
0.868609 -73.4996     0.85
0.868759 -73.4843     0.85
0.868909  -73.469     0.85
 0.86906 -73.4537     0.85
 0.86921 -73.4385     0.85
 0.86936 -73.4233     0.85
 0.86951 -73.4081     0.85
 0.86966 -73.3929     0.85
 0.86981 -73.3778     0.85
 0.86996 -73.3628     0.85
 0.87011 -73.3477     0.85
 0.87026 -73.3327     0.85
 0.87041 -73.3177     0.85
 0.87056 -73.3027     0.85
 0.87071 -73.2878     0.85
 0.87086 -73.2729  0.85015
0.871011  -73.258  0.85015
0.871161 -73.2431   0.8503
0.871311 -73.2283  0.85045
0.871461 -73.2134  0.85045
0.871611 -73.1986   0.8506
0.871761 -73.1837  0.85075
0.871911 -73.1689  0.85075
0.872061 -73.1541   0.8509
0.872211 -73.1393 0.851051
0.872361 -73.1246 0.851051
0.872511 -73.1098 0.851201
0.872661  -73.095 0.851351
0.872811 -73.0803 0.851351
0.872961 -73.0656 0.851501
0.873112 -73.0508 0.851651
0.873262 -73.0361 0.851651
0.873412 -73.0214 0.851801
0.873562 -73.0068 0.851951
0.873712 -72.9921 0.851951
0.873862 -72.9774 0.852101
0.874012 -72.9628 0.852251
0.874162 -72.9481 0.852401
0.874312 -72.9335 0.852401
0.874462 -72.9189 0.852551
0.874612 -72.9043 0.852701
0.874762 -72.8897 0.852701
0.874912 -72.8751 0.852851
0.875063 -72.8605 0.853002
0.875213  -72.846 0.853152
0.875363 -72.8314 0.853152
0.875513 -72.8169 0.853302
0.875663 -72.8023 0.853452
0.875813 -72.7878 0.853452
0.875963 -72.7733 0.853602
0.876113 -72.7588 0.853752
0.876263 -72.7443 0.853902
0.876413 -72.7298 0.853902
0.876563 -72.7154 0.854052
0.876713 -72.7009 0.854202
0.876863 -72.6865 0.854202
0.877014  -72.672 0.854352
0.877164 -72.6576 0.854502
0.877314 -72.6432 0.854652
0.877464 -72.6288 0.854652
0.877614 -72.6144 0.854802
0.877764    -72.6 0.854952
0.877914 -72.5856 0.855103
0.878064 -72.5713 0.855103
0.878214 -72.5569 0.855253
0.878364 -72.5426 0.855403
0.878514 -72.5282 0.855403
0.878664 -72.5139 0.855553
0.878814 -72.4996 0.855703
0.878964 -72.4853 0.855853
0.879115  -72.471 0.855853
0.879265 -72.4567 0.856003
0.879415 -72.4425 0.856153
0.879565 -72.4282 0.856153
0.879715 -72.4139 0.856303
0.879865 -72.3997 0.856453
0.880015 -72.3855 0.856603
0.880165 -72.3713 0.856603
0.880315  -72.357 0.856753
0.880465 -72.3428 0.856903
0.880615 -72.3287 0.857054
0.880765 -72.3145 0.857054
0.880915 -72.3003 0.857204
0.881066 -72.2861 0.857354
0.881216  -72.272 0.857354
0.881366 -72.2579 0.857504
0.881516 -72.2437 0.857654
0.881666 -72.2296 0.857804
0.881816 -72.2155 0.857804
0.881966 -72.2014 0.857954
0.882116 -72.1873 0.858104
0.882266 -72.1732 0.858254
0.882416 -72.1592 0.858254
0.882566 -72.1451 0.858404
0.882716 -72.1311 0.858554
0.882866  -72.117 0.858554
0.883017  -72.103 0.858704
0.883167  -72.089 0.858854
0.883317  -72.075 0.859005
0.883467  -72.061 0.859005
0.883617  -72.047 0.859155
0.883767  -72.033 0.859305
0.883917  -72.019 0.859455
0.884067 -72.0051 0.859455
0.884217 -71.9911 0.859605
0.884367 -71.9772 0.859755
0.884517 -71.9632 0.859755
0.884667 -71.9493 0.859905
0.884817 -71.9354 0.860055
0.884967 -71.9215 0.860205
0.885118 -71.9076 0.860205
0.885268 -71.8937 0.860355
0.885418 -71.8799 0.860505
0.885568  -71.866 0.860655
0.885718 -71.8521 0.860655
0.885868 -71.8383 0.860805
0.886018 -71.8245 0.860955
0.886168 -71.8106 0.861106
0.886318 -71.7968 0.861106
0.886468  -71.783 0.861256
0.886618 -71.7692 0.861406
0.886768 -71.7554 0.861556
0.886918 -71.7417 0.861556
0.887069 -71.7279 0.861706
0.887219 -71.7141 0.861856
0.887369 -71.7004 0.861856
0.887519 -71.6866 0.862006
0.887669 -71.6729 0.862156
0.887819 -71.6592 0.862306
0.887969 -71.6455 0.862306
0.888119 -71.6318 0.862456
0.888269 -71.6181 0.862606
0.888419 -71.6044 0.862756
0.888569 -71.5907 0.862756
0.888719  -71.577 0.862906
0.888869 -71.5634 0.863057
 0.88902 -71.5497 0.863207
 0.88917 -71.5361 0.863207
 0.88932 -71.5225 0.863357
 0.88947 -71.5089 0.863507
 0.88962 -71.4952 0.863657
 0.88977 -71.4816 0.863657
 0.88992 -71.4681 0.863807
 0.89007 -71.4545 0.863957
 0.89022 -71.4409 0.864107
 0.89037 -71.4273 0.864107
 0.89052 -71.4138 0.864257
 0.89067 -71.4002 0.864407
 0.89082 -71.3867 0.864557
 0.89097 -71.3732 0.864557
0.891121 -71.3596 0.864707
0.891271 -71.3461 0.864857
0.891421 -71.3326 0.865008
0.891571 -71.3191 0.865008
0.891721 -71.3057 0.865158
0.891871 -71.2922 0.865308
0.892021 -71.2787 0.865458
0.892171 -71.2653 0.865458
0.892321 -71.2518 0.865608
0.892471 -71.2384 0.865758
0.892621 -71.2249 0.865908
0.892771 -71.2115 0.865908
0.892921 -71.1981 0.866058
0.893072 -71.1847 0.866208
0.893222 -71.1713 0.866358
0.893372 -71.1579 0.866358
0.893522 -71.1445 0.866508
0.893672 -71.1312 0.866658
0.893822 -71.1178 0.866808
0.893972 -71.1045 0.866808
0.894122 -71.0911 0.866958
0.894272 -71.0778 0.867109
0.894422 -71.0645 0.867259
0.894572 -71.0512 0.867259
0.894722 -71.0379 0.867409
0.894872 -71.0246 0.867559
0.895023 -71.0113 0.867709
0.895173  -70.998 0.867709
0.895323 -70.9847 0.867859
0.895473 -70.9715 0.868009
0.895623 -70.9582 0.868159
0.895773  -70.945 0.868159
0.895923 -70.9317 0.868309
0.896073 -70.9185 0.868459
0.896223 -70.9053 0.868609
0.896373 -70.8921 0.868609
0.896523 -70.8789 0.868759
0.896673 -70.8657 0.868909
0.896823 -70.8525  0.86906
0.896973 -70.8393  0.86906
0.897124 -70.8261  0.86921
0.897274  -70.813  0.86936
0.897424 -70.7998  0.86951
0.897574 -70.7867  0.86951
0.897724 -70.7736  0.86966
0.897874 -70.7604  0.86981
0.898024 -70.7473  0.86996
0.898174 -70.7342  0.86996
0.898324 -70.7211  0.87011
0.898474  -70.708  0.87026
0.898624 -70.6949  0.87041
0.898774 -70.6819  0.87041
0.898924 -70.6688  0.87056
0.899075 -70.6557  0.87071
0.899225 -70.6427  0.87086
0.899375 -70.6297 0.871011
0.899525 -70.6166 0.871011
0.899675 -70.6036 0.871161
0.899825 -70.5906 0.871311
0.899975 -70.5775 0.871461
0.900125 -70.5645 0.871611
0.900275 -70.5515 0.871761
0.900425 -70.5385 0.871761
0.900575 -70.5255 0.871911
0.900725 -70.5125 0.872061
0.900875 -70.4996 0.872211
0.901026 -70.4866 0.872361
0.901176 -70.4736 0.872511
0.901326 -70.4607 0.872661
0.901476 -70.4477 0.872661
0.901626 -70.4348 0.872811
0.901776 -70.4218 0.872961
0.901926 -70.4089 0.873112
0.902076  -70.396 0.873262
0.902226  -70.383 0.873412
0.902376 -70.3701 0.873412
0.902526 -70.3572 0.873562
0.902676 -70.3443 0.873712
0.902826 -70.3314 0.873862
0.902976 -70.3185 0.874012
0.903127 -70.3056 0.874162
0.903277 -70.2927 0.874312
0.903427 -70.2799 0.874312
0.903577  -70.267 0.874462
0.903727 -70.2541 0.874612
0.903877 -70.2413 0.874762
0.904027 -70.2284 0.874912
0.904177 -70.2156 0.875063
0.904327 -70.2027 0.875213
0.904477 -70.1899 0.875363
0.904627 -70.1771 0.875363
0.904777 -70.1642 0.875513
0.904927 -70.1514 0.875663
0.905078 -70.1386 0.875813
0.905228 -70.1258 0.875963
0.905378  -70.113 0.876113
0.905528 -70.1002 0.876113
0.905678 -70.0874 0.876263
0.905828 -70.0746 0.876413
0.905978 -70.0619 0.876563
0.906128 -70.0491 0.876713
0.906278 -70.0363 0.876863
0.906428 -70.0236 0.877014
0.906578 -70.0108 0.877164
0.906728 -69.9981 0.877164
0.906878 -69.9853 0.877314
0.907029 -69.9726 0.877464
0.907179 -69.9599 0.877614
0.907329 -69.9471 0.877764
0.907479 -69.9344 0.877914
0.907629 -69.9217 0.878064
0.907779  -69.909 0.878064
0.907929 -69.8963 0.878214
0.908079 -69.8836 0.878364
0.908229 -69.8709 0.878514
0.908379 -69.8582 0.878664
0.908529 -69.8455 0.878814
0.908679 -69.8329 0.878964
0.908829 -69.8202 0.878964
0.908979 -69.8075 0.879115
 0.90913 -69.7949 0.879265
 0.90928 -69.7822 0.879415
 0.90943 -69.7696 0.879565
 0.90958  -69.757 0.879715
 0.90973 -69.7443 0.879865
 0.90988 -69.7317 0.879865
 0.91003 -69.7191 0.880015
 0.91018 -69.7065 0.880165
 0.91033 -69.6939 0.880315
 0.91048 -69.6812 0.880465
 0.91063 -69.6686 0.880615
 0.91078 -69.6561 0.880765
 0.91093 -69.6435 0.880915
0.911081 -69.6309 0.880915
0.911231 -69.6183 0.881066
0.911381 -69.6057 0.881216
0.911531 -69.5932 0.881366
0.911681 -69.5806 0.881516
0.911831  -69.568 0.881666
0.911981 -69.5555 0.881816
0.912131 -69.5429 0.881966
0.912281 -69.5304 0.881966
0.912431 -69.5179 0.882116
0.912581 -69.5053 0.882266
0.912731 -69.4928 0.882416
0.912881 -69.4803 0.882566
0.913032 -69.4678 0.882716
0.913182 -69.4553 0.882866
0.913332 -69.4428 0.883017
0.913482 -69.4303 0.883017
0.913632 -69.4178 0.883167
0.913782 -69.4053 0.883317
0.913932 -69.3928 0.883467
0.914082 -69.3803 0.883617
0.914232 -69.3678 0.883767
0.914382 -69.3554 0.883917
0.914532 -69.3429 0.884067
0.914682 -69.3305 0.884217
0.914832  -69.318 0.884217
0.914982 -69.3056 0.884367
0.915133 -69.2931 0.884517
0.915283 -69.2807 0.884667
0.915433 -69.2683 0.884817
0.915583 -69.2558 0.884967
0.915733 -69.2434 0.885118
0.915883  -69.231 0.885268
0.916033 -69.2186 0.885268
0.916183 -69.2062 0.885418
0.916333 -69.1938 0.885568
0.916483 -69.1814 0.885718
0.916633  -69.169 0.885868
0.916783 -69.1566 0.886018
0.916933 -69.1442 0.886168
0.917084 -69.1319 0.886318
0.917234 -69.1195 0.886318
0.917384 -69.1071 0.886468
0.917534 -69.0948 0.886618
0.917684 -69.0824 0.886768
0.917834 -69.0701 0.886918
0.917984 -69.0577 0.887069
0.918134 -69.0454 0.887219
0.918284  -69.033 0.887369
0.918434 -69.0207 0.887519
0.918584 -69.0084 0.887519
0.918734 -68.9961 0.887669
0.918884 -68.9838 0.887819
0.919035 -68.9714 0.887969
0.919185 -68.9591 0.888119
0.919335 -68.9468 0.888269
0.919485 -68.9345 0.888419
0.919635 -68.9223 0.888569
0.919785   -68.91 0.888719
0.919935 -68.8977 0.888719
0.920085 -68.8854 0.888869
0.920235 -68.8732  0.88902
0.920385 -68.8609  0.88917
0.920535 -68.8486  0.88932
0.920685 -68.8364  0.88947
0.920835 -68.8241  0.88962
0.920985 -68.8119  0.88977
0.921136 -68.7997  0.88977
0.921286 -68.7874  0.88992
0.921436 -68.7752  0.89007
0.921586  -68.763  0.89022
0.921736 -68.7507  0.89037
0.921886 -68.7385  0.89052
0.922036 -68.7263  0.89067
0.922186 -68.7141  0.89082
0.922336 -68.7019  0.89097
0.922486 -68.6897  0.89097
0.922636 -68.6775 0.891121
0.922786 -68.6654 0.891271
0.922936 -68.6532 0.891421
0.923087  -68.641 0.891571
0.923237 -68.6288 0.891721
0.923387 -68.6167 0.891871
0.923537 -68.6045 0.892021
0.923687 -68.5924 0.892171
0.923837 -68.5802 0.892171
0.923987 -68.5681 0.892321
0.924137 -68.5559 0.892471
0.924287 -68.5438 0.892621
0.924437 -68.5317 0.892771
0.924587 -68.5195 0.892921
0.924737 -68.5074 0.893072
0.924887 -68.4953 0.893222
0.925038 -68.4832 0.893372
0.925188 -68.4711 0.893372
0.925338  -68.459 0.893522
0.925488 -68.4469 0.893672
0.925638 -68.4348 0.893822
0.925788 -68.4227 0.893972
0.925938 -68.4106 0.894122
0.926088 -68.3985 0.894272
0.926238 -68.3865 0.894422
0.926388 -68.3744 0.894572
0.926538 -68.3623 0.894572
0.926688 -68.3503 0.894722
0.926838 -68.3382 0.894872
0.926988 -68.3262 0.895023
0.927139 -68.3141 0.895173
0.927289 -68.3021 0.895323
0.927439   -68.29 0.895473
0.927589  -68.278 0.895623
0.927739  -68.266 0.895773
0.927889  -68.254 0.895773
0.928039 -68.2419 0.895923
0.928189 -68.2299 0.896073
0.928339 -68.2179 0.896223
0.928489 -68.2059 0.896373
0.928639 -68.1939 0.896523
0.928789 -68.1819 0.896673
0.928939 -68.1699 0.896823
 0.92909  -68.158 0.896973
 0.92924  -68.146 0.896973
 0.92939  -68.134 0.897124
 0.92954  -68.122 0.897274
 0.92969 -68.1101 0.897424
 0.92984 -68.0981 0.897574
 0.92999 -68.0862 0.897724
 0.93014 -68.0742 0.897874
 0.93029 -68.0623 0.898024
 0.93044 -68.0503 0.898174
 0.93059 -68.0384 0.898174
 0.93074 -68.0264 0.898324
 0.93089 -68.0145 0.898474
0.931041 -68.0026 0.898624
0.931191 -67.9907 0.898774
0.931341 -67.9788 0.898924
0.931491 -67.9669 0.899075
0.931641 -67.9549 0.899225
0.931791 -67.9431 0.899375
0.931941 -67.9312 0.899525
0.932091 -67.9193 0.899525
0.932241 -67.9074 0.899675
0.932391 -67.8955 0.899825
0.932541 -67.8836 0.899975
0.932691 -67.8717 0.900125
0.932841 -67.8599 0.900275
0.932991  -67.848 0.900425
0.933142 -67.8361 0.900575
0.933292 -67.8243 0.900725
0.933442 -67.8124 0.900875
0.933592 -67.8006 0.901026
0.933742 -67.7887 0.901026
0.933892 -67.7769 0.901176
0.934042 -67.7651 0.901326
0.934192 -67.7532 0.901476
0.934342 -67.7414 0.901626
0.934492 -67.7296 0.901776
0.934642 -67.7178 0.901926
0.934792 -67.7059 0.902076
0.934942 -67.6941 0.902226
0.935093 -67.6823 0.902376
0.935243 -67.6705 0.902526
0.935393 -67.6587 0.902526
0.935543 -67.6469 0.902676
0.935693 -67.6351 0.902826
0.935843 -67.6233 0.902976
0.935993 -67.6116 0.903127
0.936143 -67.5998 0.903277
0.936293  -67.588 0.903427
0.936443 -67.5762 0.903577
0.936593 -67.5645 0.903727
0.936743 -67.5527 0.903877
0.936893  -67.541 0.903877
0.937044 -67.5292 0.904027
0.937194 -67.5175 0.904177
0.937344 -67.5057 0.904327
0.937494  -67.494 0.904477
0.937644 -67.4822 0.904627
0.937794 -67.4705 0.904777
0.937944 -67.4588 0.904927
0.938094 -67.4471 0.905078
0.938244 -67.4353 0.905228
0.938394 -67.4236 0.905378
0.938544 -67.4119 0.905528
0.938694 -67.4002 0.905528
0.938844 -67.3885 0.905678
0.938994 -67.3768 0.905828
0.939145 -67.3651 0.905978
0.939295 -67.3534 0.906128
0.939445 -67.3417 0.906278
0.939595   -67.33 0.906428
0.939745 -67.3184 0.906578
0.939895 -67.3067 0.906728
0.940045  -67.295 0.906878
0.940195 -67.2834 0.907029
0.940345 -67.2717 0.907029
0.940495   -67.26 0.907179
0.940645 -67.2484 0.907329
0.940795 -67.2367 0.907479
0.940945 -67.2251 0.907629
0.941096 -67.2134 0.907779
0.941246 -67.2018 0.907929
0.941396 -67.1902 0.908079
0.941546 -67.1785 0.908229
0.941696 -67.1669 0.908379
0.941846 -67.1553 0.908529
0.941996 -67.1437 0.908679
0.942146 -67.1321 0.908679
0.942296 -67.1205 0.908829
0.942446 -67.1088 0.908979
0.942596 -67.0972  0.90913
0.942746 -67.0856  0.90928
0.942896  -67.074  0.90943
0.943047 -67.0625  0.90958
0.943197 -67.0509  0.90973
0.943347 -67.0393  0.90988
0.943497 -67.0277  0.91003
0.943647 -67.0161  0.91018
0.943797 -67.0046  0.91033
0.943947  -66.993  0.91033
0.944097 -66.9814  0.91048
0.944247 -66.9699  0.91063
0.944397 -66.9583  0.91078
0.944547 -66.9468  0.91093
0.944697 -66.9352 0.911081
0.944847 -66.9237 0.911231
0.944997 -66.9122 0.911381
0.945148 -66.9006 0.911531
0.945298 -66.8891 0.911681
0.945448 -66.8776 0.911831
0.945598  -66.866 0.911981
0.945748 -66.8545 0.911981
0.945898  -66.843 0.912131
0.946048 -66.8315 0.912281
0.946198   -66.82 0.912431
0.946348 -66.8085 0.912581
0.946498  -66.797 0.912731
0.946648 -66.7855 0.912881
0.946798  -66.774 0.913032
0.946948 -66.7625 0.913182
0.947099  -66.751 0.913332
0.947249 -66.7395 0.913482
0.947399 -66.7281 0.913632
0.947549 -66.7166 0.913632
0.947699 -66.7051 0.913782
0.947849 -66.6937 0.913932
0.947999 -66.6822 0.914082
0.948149 -66.6707 0.914232
0.948299 -66.6593 0.914382
0.948449 -66.6478 0.914532
0.948599 -66.6364 0.914682
0.948749  -66.625 0.914832
0.948899 -66.6135 0.914982
 0.94905 -66.6021 0.915133
  0.9492 -66.5906 0.915283
 0.94935 -66.5792 0.915433
  0.9495 -66.5678 0.915433
 0.94965 -66.5564 0.915583
  0.9498  -66.545 0.915733
 0.94995 -66.5336 0.915883
  0.9501 -66.5221 0.916033
 0.95025 -66.5107 0.916183
  0.9504 -66.4993 0.916333
 0.95055 -66.4879 0.916483
  0.9507 -66.4766 0.916633
 0.95085 -66.4652 0.916783
0.951001 -66.4538 0.916933
0.951151 -66.4424 0.917084
0.951301  -66.431 0.917084
0.951451 -66.4196 0.917234
0.951601 -66.4083 0.917384
0.951751 -66.3969 0.917534
0.951901 -66.3855 0.917684
0.952051 -66.3742 0.917834
0.952201 -66.3628 0.917984
0.952351 -66.3515 0.918134
0.952501 -66.3401 0.918284
0.952651 -66.3288 0.918434
0.952801 -66.3174 0.918584
0.952951 -66.3061 0.918734
0.953102 -66.2948 0.918884
0.953252 -66.2834 0.918884
0.953402 -66.2721 0.919035
0.953552 -66.2608 0.919185
0.953702 -66.2495 0.919335
0.953852 -66.2382 0.919485
0.954002 -66.2269 0.919635
0.954152 -66.2155 0.919785
0.954302 -66.2042 0.919935
0.954452 -66.1929 0.920085
0.954602 -66.1817 0.920235
0.954752 -66.1704 0.920385
0.954902 -66.1591 0.920535
0.955053 -66.1478 0.920685
0.955203 -66.1365 0.920685
0.955353 -66.1252 0.920835
0.955503  -66.114 0.920985
0.955653 -66.1027 0.921136
0.955803 -66.0914 0.921286
0.955953 -66.0802 0.921436
0.956103 -66.0689 0.921586
0.956253 -66.0576 0.921736
0.956403 -66.0464 0.921886
0.956553 -66.0351 0.922036
0.956703 -66.0239 0.922186
0.956853 -66.0127 0.922336
0.957004 -66.0014 0.922486
0.957154 -65.9902 0.922486
0.957304  -65.979 0.922636
0.957454 -65.9677 0.922786
0.957604 -65.9565 0.922936
0.957754 -65.9453 0.923087
0.957904 -65.9341 0.923237
0.958054 -65.9229 0.923387
0.958204 -65.9117 0.923537
0.958354 -65.9005 0.923687
0.958504 -65.8893 0.923837
0.958654 -65.8781 0.923987
0.958804 -65.8669 0.924137
0.958954 -65.8557 0.924287
0.959105 -65.8445 0.924287
0.959255 -65.8333 0.924437
0.959405 -65.8221 0.924587
0.959555  -65.811 0.924737
0.959705 -65.7998 0.924887
0.959855 -65.7886 0.925038
0.960005 -65.7774 0.925188
0.960155 -65.7663 0.925338
0.960305 -65.7551 0.925488
0.960455  -65.744 0.925638
0.960605 -65.7328 0.925788
0.960755 -65.7217 0.925938
0.960905 -65.7105 0.926088
0.961056 -65.6994 0.926088
0.961206 -65.6883 0.926238
0.961356 -65.6771 0.926388
0.961506  -65.666 0.926538
0.961656 -65.6549 0.926688
0.961806 -65.6438 0.926838
0.961956 -65.6326 0.926988
0.962106 -65.6215 0.927139
0.962256 -65.6104 0.927289
0.962406 -65.5993 0.927439
0.962556 -65.5882 0.927589
0.962706 -65.5771 0.927739
0.962856  -65.566 0.927889
0.963007 -65.5549 0.928039
0.963157 -65.5438 0.928039
0.963307 -65.5327 0.928189
0.963457 -65.5217 0.928339
0.963607 -65.5106 0.928489
0.963757 -65.4995 0.928639
0.963907 -65.4884 0.928789
0.964057 -65.4774 0.928939
0.964207 -65.4663  0.92909
0.964357 -65.4552  0.92924
0.964507 -65.4442  0.92939
0.964657 -65.4331  0.92954
0.964807 -65.4221  0.92969
0.964957  -65.411  0.92984
0.965108    -65.4  0.92984
0.965258 -65.3889  0.92999
0.965408 -65.3779  0.93014
0.965558 -65.3669  0.93029
0.965708 -65.3558  0.93044
0.965858 -65.3448  0.93059
0.966008 -65.3338  0.93074
0.966158 -65.3228  0.93089
0.966308 -65.3118 0.931041
0.966458 -65.3007 0.931191
0.966608 -65.2897 0.931341
0.966758 -65.2787 0.931491
0.966908 -65.2677 0.931641
0.967059 -65.2567 0.931791
0.967209 -65.2457 0.931791
0.967359 -65.2347 0.931941
0.967509 -65.2237 0.932091
0.967659 -65.2128 0.932241
0.967809 -65.2018 0.932391
0.967959 -65.1908 0.932541
0.968109 -65.1798 0.932691
0.968259 -65.1689 0.932841
0.968409 -65.1579 0.932991
0.968559 -65.1469 0.933142
0.968709  -65.136 0.933292
0.968859  -65.125 0.933442
 0.96901 -65.1141 0.933592
 0.96916 -65.1031 0.933742
 0.96931 -65.0922 0.933742
 0.96946 -65.0812 0.933892
 0.96961 -65.0703 0.934042
 0.96976 -65.0593 0.934192
 0.96991 -65.0484 0.934342
 0.97006 -65.0375 0.934492
 0.97021 -65.0265 0.934642
 0.97036 -65.0156 0.934792
 0.97051 -65.0047 0.934942
 0.97066 -64.9938 0.935093
 0.97081 -64.9829 0.935243
 0.97096  -64.972 0.935393
0.971111 -64.9611 0.935543
0.971261 -64.9502 0.935693
0.971411 -64.9393 0.935693
0.971561 -64.9284 0.935843
0.971711 -64.9175 0.935993
0.971861 -64.9066 0.936143
0.972011 -64.8957 0.936293
0.972161 -64.8848 0.936443
0.972311 -64.8739 0.936593
0.972461  -64.863 0.936743
0.972611 -64.8522 0.936893
0.972761 -64.8413 0.937044
0.972911 -64.8304 0.937194
0.973062 -64.8196 0.937344
0.973212 -64.8087 0.937494
0.973362 -64.7979 0.937644
0.973512  -64.787 0.937794
0.973662 -64.7762 0.937794
0.973812 -64.7653 0.937944
0.973962 -64.7545 0.938094
0.974112 -64.7436 0.938244
0.974262 -64.7328 0.938394
0.974412  -64.722 0.938544
0.974562 -64.7111 0.938694
0.974712 -64.7003 0.938844
0.974862 -64.6895 0.938994
0.975013 -64.6787 0.939145
0.975163 -64.6678 0.939295
0.975313  -64.657 0.939445
0.975463 -64.6462 0.939595
0.975613 -64.6354 0.939745
0.975763 -64.6246 0.939745
0.975913 -64.6138 0.939895
0.976063  -64.603 0.940045
0.976213 -64.5922 0.940195
0.976363 -64.5814 0.940345
0.976513 -64.5706 0.940495
0.976663 -64.5599 0.940645
0.976813 -64.5491 0.940795
0.976963 -64.5383 0.940945
0.977114 -64.5275 0.941096
0.977264 -64.5168 0.941246
0.977414  -64.506 0.941396
0.977564 -64.4952 0.941546
0.977714 -64.4845 0.941696
0.977864 -64.4737 0.941846
0.978014 -64.4629 0.941846
0.978164 -64.4522 0.941996
0.978314 -64.4414 0.942146
0.978464 -64.4307 0.942296
0.978614   -64.42 0.942446
0.978764 -64.4092 0.942596
0.978914 -64.3985 0.942746
0.979065 -64.3878 0.942896
0.979215  -64.377 0.943047
0.979365 -64.3663 0.943197
0.979515 -64.3556 0.943347
0.979665 -64.3449 0.943497
0.979815 -64.3342 0.943647
0.979965 -64.3234 0.943797
0.980115 -64.3127 0.943947
0.980265  -64.302 0.943947
0.980415 -64.2913 0.944097
0.980565 -64.2806 0.944247
0.980715 -64.2699 0.944397
0.980865 -64.2592 0.944547
0.981016 -64.2485 0.944697
0.981166 -64.2379 0.944847
0.981316 -64.2272 0.944997
0.981466 -64.2165 0.945148
0.981616 -64.2058 0.945298
0.981766 -64.1952 0.945448
0.981916 -64.1845 0.945598
0.982066 -64.1738 0.945748
0.982216 -64.1632 0.945898
0.982366 -64.1525 0.946048
0.982516 -64.1418 0.946048
0.982666 -64.1312 0.946198
0.982816 -64.1205 0.946348
0.982966 -64.1099 0.946498
0.983117 -64.0992 0.946648
0.983267 -64.0886 0.946798
0.983417  -64.078 0.946948
0.983567 -64.0673 0.947099
0.983717 -64.0567 0.947249
0.983867 -64.0461 0.947399
0.984017 -64.0354 0.947549
0.984167 -64.0248 0.947699
0.984317 -64.0142 0.947849
0.984467 -64.0036 0.947999
0.984617  -63.993 0.948149
0.984767 -63.9824 0.948149
0.984917 -63.9718 0.948299
0.985068 -63.9612 0.948449
0.985218 -63.9506 0.948599
0.985368   -63.94 0.948749
0.985518 -63.9294 0.948899
0.985668 -63.9188  0.94905
0.985818 -63.9082   0.9492
0.985968 -63.8976  0.94935
0.986118  -63.887   0.9495
0.986268 -63.8764  0.94965
0.986418 -63.8659   0.9498
0.986568 -63.8553  0.94995
0.986718 -63.8447   0.9501
0.986868 -63.8342  0.95025
0.987019 -63.8236  0.95025
0.987169  -63.813   0.9504
0.987319 -63.8025  0.95055
0.987469 -63.7919   0.9507
0.987619 -63.7814  0.95085
0.987769 -63.7708 0.951001
0.987919 -63.7603 0.951151
0.988069 -63.7498 0.951301
0.988219 -63.7392 0.951451
0.988369 -63.7287 0.951601
0.988519 -63.7182 0.951751
0.988669 -63.7076 0.951901
0.988819 -63.6971 0.952051
0.988969 -63.6866 0.952201
 0.98912 -63.6761 0.952351
 0.98927 -63.6656 0.952351
 0.98942  -63.655 0.952501
 0.98957 -63.6445 0.952651
 0.98972  -63.634 0.952801
 0.98987 -63.6235 0.952951
 0.99002  -63.613 0.953102
 0.99017 -63.6025 0.953252
 0.99032  -63.592 0.953402
 0.99047 -63.5815 0.953552
 0.99062 -63.5711 0.953702
 0.99077 -63.5606 0.953852
 0.99092 -63.5501 0.954002
0.991071 -63.5396 0.954152
0.991221 -63.5291 0.954302
0.991371 -63.5187 0.954452
0.991521 -63.5082 0.954602
0.991671 -63.4977 0.954602
0.991821 -63.4873 0.954752
0.991971 -63.4768 0.954902
0.992121 -63.4664 0.955053
0.992271 -63.4559 0.955203
0.992421 -63.4454 0.955353
0.992571  -63.435 0.955503
0.992721 -63.4246 0.955653
0.992871 -63.4141 0.955803
0.993022 -63.4037 0.955953
0.993172 -63.3932 0.956103
0.993322 -63.3828 0.956253
0.993472 -63.3724 0.956403
0.993622  -63.362 0.956553
0.993772 -63.3515 0.956703
0.993922 -63.3411 0.956703
0.994072 -63.3307 0.956853
0.994222 -63.3203 0.957004
0.994372 -63.3099 0.957154
0.994522 -63.2995 0.957304
0.994672 -63.2891 0.957454
0.994822 -63.2787 0.957604
0.994972 -63.2683 0.957754
0.995123 -63.2579 0.957904
0.995273 -63.2475 0.958054
0.995423 -63.2371 0.958204
0.995573 -63.2267 0.958354
0.995723 -63.2163 0.958504
0.995873 -63.2059 0.958654
0.996023 -63.1956 0.958804
0.996173 -63.1852 0.958954
0.996323 -63.1748 0.958954
0.996473 -63.1645 0.959105
0.996623 -63.1541 0.959255
0.996773 -63.1437 0.959405
0.996923 -63.1334 0.959555
0.997074  -63.123 0.959705
0.997224 -63.1127 0.959855
0.997374 -63.1023 0.960005
0.997524  -63.092 0.960155
0.997674 -63.0816 0.960305
0.997824 -63.0713 0.960455
0.997974  -63.061 0.960605
0.998124 -63.0506 0.960755
0.998274 -63.0403 0.960905
0.998424   -63.03 0.961056
0.998574 -63.0196 0.961056
0.998724 -63.0093 0.961206
0.998874  -62.999 0.961356
0.999025 -62.9887 0.961506
0.999175 -62.9784 0.961656
0.999325 -62.9681 0.961806
0.999475 -62.9577 0.961956
0.999625 -62.9474 0.962106
0.999775 -62.9371 0.962256
0.999925 -62.9268 0.962406
 1.00008 -62.9165 0.962556
 1.00023 -62.9063 0.962706
 1.00038  -62.896 0.962856
 1.00053 -62.8857 0.963007
 1.00068 -62.8754 0.963157
 1.00083 -62.8651 0.963307
 1.00098 -62.8548 0.963307
 1.00113 -62.8446 0.963457
 1.00128 -62.8343 0.963607
 1.00143  -62.824 0.963757
 1.00158 -62.8138 0.963907
 1.00173 -62.8035 0.964057
 1.00188 -62.7932 0.964207
 1.00203  -62.783 0.964357
 1.00218 -62.7727 0.964507
 1.00233 -62.7625 0.964657
 1.00248 -62.7522 0.964807
 1.00263  -62.742 0.964957
 1.00278 -62.7317 0.965108
 1.00293 -62.7215 0.965258
 1.00308 -62.7113 0.965408
 1.00323  -62.701 0.965558
 1.00338 -62.6908 0.965558
 1.00353 -62.6806 0.965708
 1.00368 -62.6704 0.965858
 1.00383 -62.6601 0.966008
 1.00398 -62.6499 0.966158
 1.00413 -62.6397 0.966308
 1.00428 -62.6295 0.966458
 1.00443 -62.6193 0.966608
 1.00458 -62.6091 0.966758
 1.00473 -62.5989 0.966908
 1.00488 -62.5887 0.967059
 1.00503 -62.5785 0.967209
 1.00518 -62.5683 0.967359
 1.00533 -62.5581 0.967509
 1.00548 -62.5479 0.967659
 1.00563 -62.5377 0.967809
 1.00578 -62.5275 0.967809
 1.00593 -62.5174 0.967959
 1.00608 -62.5072 0.968109
 1.00623  -62.497 0.968259
 1.00638 -62.4868 0.968409
 1.00653 -62.4767 0.968559
 1.00668 -62.4665 0.968709
 1.00683 -62.4563 0.968859
 1.00698 -62.4462  0.96901
 1.00713  -62.436  0.96916
 1.00728 -62.4259  0.96931
 1.00743 -62.4157  0.96946
 1.00758 -62.4056  0.96961
 1.00773 -62.3954  0.96976
 1.00788 -62.3853  0.96991
 1.00803 -62.3751  0.97006
 1.00818  -62.365  0.97006
 1.00833 -62.3549  0.97021
 1.00848 -62.3447  0.97036
 1.00863 -62.3346  0.97051
 1.00878 -62.3245  0.97066
 1.00893 -62.3144  0.97081
 1.00908 -62.3043  0.97096
 1.00923 -62.2941 0.971111
 1.00938  -62.284 0.971261
 1.00953 -62.2739 0.971411
 1.00968 -62.2638 0.971561
 1.00983 -62.2537 0.971711
 1.00998 -62.2436 0.971861
 1.01013 -62.2335 0.972011
 1.01028 -62.2234 0.972161
 1.01043 -62.2133 0.972311
 1.01058 -62.2032 0.972311
 1.01073 -62.1931 0.972461
 1.01088 -62.1831 0.972611
 1.01103  -62.173 0.972761
 1.01118 -62.1629 0.972911
 1.01133 -62.1528 0.973062
 1.01148 -62.1427 0.973212
 1.01163 -62.1327 0.973362
 1.01178 -62.1226 0.973512
 1.01193 -62.1125 0.973662
 1.01208 -62.1025 0.973812
 1.01223 -62.0924 0.973962
 1.01238 -62.0824 0.974112
 1.01253 -62.0723 0.974262
 1.01268 -62.0623 0.974412
 1.01283 -62.0522 0.974562
 1.01298 -62.0422 0.974562
 1.01313 -62.0321 0.974712
 1.01328 -62.0221 0.974862
 1.01343 -62.0121 0.975013
 1.01358  -62.002 0.975163
 1.01373  -61.992 0.975313
 1.01388  -61.982 0.975463
 1.01403  -61.972 0.975613
 1.01418 -61.9619 0.975763
 1.01433 -61.9519 0.975913
 1.01448 -61.9419 0.976063
 1.01463 -61.9319 0.976213
 1.01478 -61.9219 0.976363
 1.01493 -61.9119 0.976513
 1.01508 -61.9019 0.976663
 1.01523 -61.8919 0.976813
 1.01538 -61.8819 0.976813
 1.01553 -61.8719 0.976963
 1.01568 -61.8619 0.977114
 1.01583 -61.8519 0.977264
 1.01598 -61.8419 0.977414
 1.01613 -61.8319 0.977564
 1.01628 -61.8219 0.977714
 1.01643  -61.812 0.977864
 1.01658  -61.802 0.978014
 1.01673  -61.792 0.978164
 1.01688  -61.782 0.978314
 1.01703 -61.7721 0.978464
 1.01718 -61.7621 0.978614
 1.01733 -61.7521 0.978764
 1.01748 -61.7422 0.978914
 1.01763 -61.7322 0.979065
 1.01778 -61.7223 0.979065
 1.01793 -61.7123 0.979215
 1.01808 -61.7024 0.979365
 1.01823 -61.6924 0.979515
 1.01838 -61.6825 0.979665
 1.01853 -61.6726 0.979815
 1.01868 -61.6626 0.979965
 1.01883 -61.6527 0.980115
 1.01898 -61.6428 0.980265
 1.01913 -61.6328 0.980415
 1.01928 -61.6229 0.980565
 1.01943  -61.613 0.980715
 1.01958 -61.6031 0.980865
 1.01973 -61.5931 0.981016
 1.01988 -61.5832 0.981166
 1.02004 -61.5733 0.981316
 1.02019 -61.5634 0.981466
 1.02034 -61.5535 0.981466
 1.02049 -61.5436 0.981616
 1.02064 -61.5337 0.981766
 1.02079 -61.5238 0.981916
 1.02094 -61.5139 0.982066
 1.02109  -61.504 0.982216
 1.02124 -61.4941 0.982366
 1.02139 -61.4843 0.982516
 1.02154 -61.4744 0.982666
 1.02169 -61.4645 0.982816
 1.02184 -61.4546 0.982966
 1.02199 -61.4447 0.983117
 1.02214 -61.4349 0.983267
 1.02229  -61.425 0.983417
 1.02244 -61.4151 0.983567
 1.02259 -61.4053 0.983717
 1.02274 -61.3954 0.983717
 1.02289 -61.3855 0.983867
 1.02304 -61.3757 0.984017
 1.02319 -61.3658 0.984167
 1.02334  -61.356 0.984317
 1.02349 -61.3461 0.984467
 1.02364 -61.3363 0.984617
 1.02379 -61.3265 0.984767
 1.02394 -61.3166 0.984917
 1.02409 -61.3068 0.985068
 1.02424 -61.2969 0.985218
 1.02439 -61.2871 0.985368
 1.02454 -61.2773 0.985518
 1.02469 -61.2675 0.985668
 1.02484 -61.2576 0.985818
 1.02499 -61.2478 0.985968
 1.02514  -61.238 0.985968
 1.02529 -61.2282 0.986118
 1.02544 -61.2184 0.986268
 1.02559 -61.2086 0.986418
 1.02574 -61.1988 0.986568
 1.02589  -61.189 0.986718
 1.02604 -61.1792 0.986868
 1.02619 -61.1694 0.987019
 1.02634 -61.1596 0.987169
 1.02649 -61.1498 0.987319
 1.02664   -61.14 0.987469
 1.02679 -61.1302 0.987619
 1.02694 -61.1204 0.987769
 1.02709 -61.1106 0.987919
 1.02724 -61.1009 0.988069
 1.02739 -61.0911 0.988219
 1.02754 -61.0813 0.988369
 1.02769 -61.0715 0.988369
 1.02784 -61.0618 0.988519
 1.02799  -61.052 0.988669
 1.02814 -61.0423 0.988819
 1.02829 -61.0325 0.988969
 1.02844 -61.0227  0.98912
 1.02859  -61.013  0.98927
 1.02874 -61.0032  0.98942
 1.02889 -60.9935  0.98957
 1.02904 -60.9837  0.98972
 1.02919  -60.974  0.98987
 1.02934 -60.9643  0.99002
 1.02949 -60.9545  0.99017
 1.02964 -60.9448  0.99032
 1.02979 -60.9351  0.99047
 1.02994 -60.9253  0.99062
 1.03009 -60.9156  0.99062
 1.03024 -60.9059  0.99077
 1.03039 -60.8962  0.99092
 1.03054 -60.8864 0.991071
 1.03069 -60.8767 0.991221
 1.03084  -60.867 0.991371
 1.03099 -60.8573 0.991521
 1.03114 -60.8476 0.991671
 1.03129 -60.8379 0.991821
 1.03144 -60.8282 0.991971
 1.03159 -60.8185 0.992121
 1.03174 -60.8088 0.992271
 1.03189 -60.7991 0.992421
 1.03204 -60.7894 0.992571
 1.03219 -60.7797 0.992721
 1.03234   -60.77 0.992871
 1.03249 -60.7603 0.993022
 1.03264 -60.7507 0.993022
 1.03279  -60.741 0.993172
 1.03294 -60.7313 0.993322
 1.03309 -60.7216 0.993472
 1.03324  -60.712 0.993622
 1.03339 -60.7023 0.993772
 1.03354 -60.6926 0.993922
 1.03369  -60.683 0.994072
 1.03384 -60.6733 0.994222
 1.03399 -60.6637 0.994372
 1.03414  -60.654 0.994522
 1.03429 -60.6444 0.994672
 1.03444 -60.6347 0.994822
 1.03459 -60.6251 0.994972
 1.03474 -60.6154 0.995123
 1.03489 -60.6058 0.995273
 1.03504 -60.5961 0.995273
 1.03519 -60.5865 0.995423
 1.03534 -60.5769 0.995573
 1.03549 -60.5672 0.995723
 1.03564 -60.5576 0.995873
 1.03579  -60.548 0.996023
 1.03594 -60.5384 0.996173
 1.03609 -60.5287 0.996323
 1.03624 -60.5191 0.996473
 1.03639 -60.5095 0.996623
 1.03654 -60.4999 0.996773
 1.03669 -60.4903 0.996923
 1.03684 -60.4807 0.997074
 1.03699 -60.4711 0.997224
 1.03714 -60.4615 0.997374
 1.03729 -60.4519 0.997524
 1.03744 -60.4423 0.997674
 1.03759 -60.4327 0.997674
 1.03774 -60.4231 0.997824
 1.03789 -60.4135 0.997974
 1.03804 -60.4039 0.998124
 1.03819 -60.3944 0.998274
 1.03834 -60.3848 0.998424
 1.03849 -60.3752 0.998574
 1.03864 -60.3656 0.998724
 1.03879 -60.3561 0.998874
 1.03894 -60.3465 0.999025
 1.03909 -60.3369 0.999175
 1.03924 -60.3274 0.999325
 1.03939 -60.3178 0.999475
 1.03954 -60.3082 0.999625
 1.03969 -60.2987 0.999775
 1.03984 -60.2891 0.999925
 1.03999 -60.2796 0.999925
 1.04015   -60.27  1.00008
  1.0403 -60.2605  1.00023
 1.04045  -60.251  1.00038
  1.0406 -60.2414  1.00053
 1.04075 -60.2319  1.00068
  1.0409 -60.2223  1.00083
 1.04105 -60.2128  1.00098
  1.0412 -60.2033  1.00113
 1.04135 -60.1938  1.00128
  1.0415 -60.1842  1.00143
 1.04165 -60.1747  1.00158
  1.0418 -60.1652  1.00173
 1.04195 -60.1557  1.00188
  1.0421 -60.1462  1.00203
 1.04225 -60.1367  1.00218
  1.0424 -60.1271  1.00233
 1.04255 -60.1176  1.00233
  1.0427 -60.1081  1.00248
 1.04285 -60.0986  1.00263
   1.043 -60.0891  1.00278
 1.04315 -60.0796  1.00293
  1.0433 -60.0701  1.00308
 1.04345 -60.0607  1.00323
  1.0436 -60.0512  1.00338
 1.04375 -60.0417  1.00353
  1.0439 -60.0322  1.00368
 1.04405 -60.0227  1.00383
  1.0442 -60.0132  1.00398
 1.04435 -60.0038  1.00413
  1.0445 -59.9943  1.00428
 1.04465 -59.9848  1.00443
  1.0448 -59.9754  1.00458
 1.04495 -59.9659  1.00458
  1.0451 -59.9564  1.00473
 1.04525  -59.947  1.00488
  1.0454 -59.9375  1.00503
 1.04555 -59.9281  1.00518
  1.0457 -59.9186  1.00533
 1.04585 -59.9092  1.00548
   1.046 -59.8997  1.00563
 1.04615 -59.8903  1.00578
  1.0463 -59.8808  1.00593
 1.04645 -59.8714  1.00608
  1.0466  -59.862  1.00623
 1.04675 -59.8525  1.00638
  1.0469 -59.8431  1.00653
 1.04705 -59.8337  1.00668
  1.0472 -59.8243  1.00683
 1.04735 -59.8148  1.00698
  1.0475 -59.8054  1.00698
 1.04765  -59.796  1.00713
  1.0478 -59.7866  1.00728
 1.04795 -59.7772  1.00743
  1.0481 -59.7678  1.00758
 1.04825 -59.7584  1.00773
  1.0484  -59.749  1.00788
 1.04855 -59.7396  1.00803
  1.0487 -59.7302  1.00818
 1.04885 -59.7208  1.00833
   1.049 -59.7114  1.00848
 1.04915  -59.702  1.00863
  1.0493 -59.6926  1.00878
 1.04945 -59.6832  1.00893
  1.0496 -59.6738  1.00908
 1.04975 -59.6644  1.00923
  1.0499 -59.6551  1.00923
 1.05005 -59.6457  1.00938
  1.0502 -59.6363  1.00953
 1.05035 -59.6269  1.00968
  1.0505 -59.6176  1.00983
 1.05065 -59.6082  1.00998
  1.0508 -59.5988  1.01013
 1.05095 -59.5895  1.01028
  1.0511 -59.5801  1.01043
 1.05125 -59.5708  1.01058
  1.0514 -59.5614  1.01073
 1.05155 -59.5521  1.01088
  1.0517 -59.5427  1.01103
 1.05185 -59.5334  1.01118
   1.052  -59.524  1.01133
 1.05215 -59.5147  1.01148
  1.0523 -59.5054  1.01163
 1.05245  -59.496  1.01163
  1.0526 -59.4867  1.01178
 1.05275 -59.4774  1.01193
  1.0529  -59.468  1.01208
 1.05305 -59.4587  1.01223
  1.0532 -59.4494  1.01238
 1.05335 -59.4401  1.01253
  1.0535 -59.4307  1.01268
 1.05365 -59.4214  1.01283
  1.0538 -59.4121  1.01298
 1.05395 -59.4028  1.01313
  1.0541 -59.3935  1.01328
 1.05425 -59.3842  1.01343
  1.0544 -59.3749  1.01358
 1.05455 -59.3656  1.01373
  1.0547 -59.3563  1.01388
 1.05485  -59.347  1.01388
   1.055 -59.3377  1.01403
 1.05515 -59.3284  1.01418
  1.0553 -59.3191  1.01433
 1.05545 -59.3099  1.01448
  1.0556 -59.3006  1.01463
 1.05575 -59.2913  1.01478
  1.0559  -59.282  1.01493
 1.05605 -59.2727  1.01508
  1.0562 -59.2635  1.01523
 1.05635 -59.2542  1.01538
  1.0565 -59.2449  1.01553
 1.05665 -59.2357  1.01568
  1.0568 -59.2264  1.01583
 1.05695 -59.2172  1.01598
  1.0571 -59.2079  1.01613
 1.05725 -59.1986  1.01628
  1.0574 -59.1894  1.01628
 1.05755 -59.1801  1.01643
  1.0577 -59.1709  1.01658
 1.05785 -59.1617  1.01673
   1.058 -59.1524  1.01688
 1.05815 -59.1432  1.01703
  1.0583 -59.1339  1.01718
 1.05845 -59.1247  1.01733
  1.0586 -59.1155  1.01748
 1.05875 -59.1062  1.01763
  1.0589  -59.097  1.01778
 1.05905 -59.0878  1.01793
  1.0592 -59.0786  1.01808
 1.05935 -59.0694  1.01823
  1.0595 -59.0601  1.01838
 1.05965 -59.0509  1.01853
  1.0598 -59.0417  1.01853
 1.05995 -59.0325  1.01868
 1.06011 -59.0233  1.01883
 1.06026 -59.0141  1.01898
 1.06041 -59.0049  1.01913
 1.06056 -58.9957  1.01928
 1.06071 -58.9865  1.01943
 1.06086 -58.9773  1.01958
 1.06101 -58.9681  1.01973
 1.06116 -58.9589  1.01988
 1.06131 -58.9497  1.02004
 1.06146 -58.9406  1.02019
 1.06161 -58.9314  1.02034
 1.06176 -58.9222  1.02049
 1.06191  -58.913  1.02064
 1.06206 -58.9038  1.02079
 1.06221 -58.8947  1.02094
 1.06236 -58.8855  1.02094
 1.06251 -58.8763  1.02109
 1.06266 -58.8672  1.02124
 1.06281  -58.858  1.02139
 1.06296 -58.8489  1.02154
 1.06311 -58.8397  1.02169
 1.06326 -58.8305  1.02184
 1.06341 -58.8214  1.02199
 1.06356 -58.8122  1.02214
 1.06371 -58.8031  1.02229
 1.06386  -58.794  1.02244
 1.06401 -58.7848  1.02259
 1.06416 -58.7757  1.02274
 1.06431 -58.7665  1.02289
 1.06446 -58.7574  1.02304
 1.06461 -58.7483  1.02319
 1.06476 -58.7391  1.02319
 1.06491   -58.73  1.02334
 1.06506 -58.7209  1.02349
 1.06521 -58.7118  1.02364
 1.06536 -58.7027  1.02379
 1.06551 -58.6935  1.02394
 1.06566 -58.6844  1.02409
 1.06581 -58.6753  1.02424
 1.06596 -58.6662  1.02439
 1.06611 -58.6571  1.02454
 1.06626  -58.648  1.02469
 1.06641 -58.6389  1.02484
 1.06656 -58.6298  1.02499
 1.06671 -58.6207  1.02514
 1.06686 -58.6116  1.02529
 1.06701 -58.6025  1.02544
 1.06716 -58.5934  1.02559
 1.06731 -58.5843  1.02559
 1.06746 -58.5753  1.02574
 1.06761 -58.5662  1.02589
 1.06776 -58.5571  1.02604
 1.06791  -58.548  1.02619
 1.06806 -58.5389  1.02634
 1.06821 -58.5299  1.02649
 1.06836 -58.5208  1.02664
 1.06851 -58.5117  1.02679
 1.06866 -58.5027  1.02694
 1.06881 -58.4936  1.02709
 1.06896 -58.4845  1.02724
 1.06911 -58.4755  1.02739
 1.06926 -58.4664  1.02754
 1.06941 -58.4574  1.02769
 1.06956 -58.4483  1.02784
 1.06971 -58.4393  1.02784
 1.06986 -58.4302  1.02799
 1.07001 -58.4212  1.02814
 1.07016 -58.4122  1.02829
 1.07031 -58.4031  1.02844
 1.07046 -58.3941  1.02859
 1.07061  -58.385  1.02874
 1.07076  -58.376  1.02889
 1.07091  -58.367  1.02904
 1.07106  -58.358  1.02919
 1.07121 -58.3489  1.02934
 1.07136 -58.3399  1.02949
 1.07151 -58.3309  1.02964
 1.07166 -58.3219  1.02979
 1.07181 -58.3129  1.02994
 1.07196 -58.3039  1.03009
 1.07211 -58.2949  1.03009
 1.07226 -58.2858  1.03024
 1.07241 -58.2768  1.03039
 1.07256 -58.2678  1.03054
 1.07271 -58.2588  1.03069
 1.07286 -58.2498  1.03084
 1.07301 -58.2409  1.03099
 1.07316 -58.2319  1.03114
 1.07331 -58.2229  1.03129
 1.07346 -58.2139  1.03144
 1.07361 -58.2049  1.03159
 1.07376 -58.1959  1.03174
 1.07391 -58.1869  1.03189
 1.07406  -58.178  1.03204
 1.07421  -58.169  1.03219
 1.07436   -58.16  1.03234
 1.07451 -58.1511  1.03234
 1.07466 -58.1421  1.03249
 1.07481 -58.1331  1.03264
 1.07496 -58.1242  1.03279
 1.07511 -58.1152  1.03294
 1.07526 -58.1062  1.03309
 1.07541 -58.0973  1.03324
 1.07556 -58.0883  1.03339
 1.07571 -58.0794  1.03354
 1.07586 -58.0704  1.03369
 1.07601 -58.0615  1.03384
 1.07616 -58.0525  1.03399
 1.07631 -58.0436  1.03414
 1.07646 -58.0347  1.03429
 1.07661 -58.0257  1.03444
 1.07676 -58.0168  1.03459
 1.07691 -58.0079  1.03474
 1.07706 -57.9989  1.03474
 1.07721   -57.99  1.03489
 1.07736 -57.9811  1.03504
 1.07751 -57.9722  1.03519
 1.07766 -57.9633  1.03534
 1.07781 -57.9543  1.03549
 1.07796 -57.9454  1.03564
 1.07811 -57.9365  1.03579
 1.07826 -57.9276  1.03594
 1.07841 -57.9187  1.03609
 1.07856 -57.9098  1.03624
 1.07871 -57.9009  1.03639
 1.07886  -57.892  1.03654
 1.07901 -57.8831  1.03669
 1.07916 -57.8742  1.03684
 1.07931 -57.8653  1.03699
 1.07946 -57.8564  1.03699
 1.07961 -57.8475  1.03714
 1.07976 -57.8386  1.03729
 1.07991 -57.8298  1.03744
 1.08007 -57.8209  1.03759
 1.08022  -57.812  1.03774
 1.08037 -57.8031  1.03789
 1.08052 -57.7943  1.03804
 1.08067 -57.7854  1.03819
 1.08082 -57.7765  1.03834
 1.08097 -57.7676  1.03849
 1.08112 -57.7588  1.03864
 1.08127 -57.7499  1.03879
 1.08142 -57.7411  1.03894
 1.08157 -57.7322  1.03909
 1.08172 -57.7234  1.03924
 1.08187 -57.7145  1.03924
 1.08202 -57.7057  1.03939
 1.08217 -57.6968  1.03954
 1.08232  -57.688  1.03969
 1.08247 -57.6791  1.03984
 1.08262 -57.6703  1.03999
 1.08277 -57.6614  1.04015
 1.08292 -57.6526   1.0403
 1.08307 -57.6438  1.04045
 1.08322 -57.6349   1.0406
 1.08337 -57.6261  1.04075
 1.08352 -57.6173   1.0409
 1.08367 -57.6085  1.04105
 1.08382 -57.5997   1.0412
 1.08397 -57.5908  1.04135
 1.08412  -57.582   1.0415
 1.08427 -57.5732   1.0415
 1.08442 -57.5644  1.04165
 1.08457 -57.5556   1.0418
 1.08472 -57.5468  1.04195
 1.08487  -57.538   1.0421
 1.08502 -57.5292  1.04225
 1.08517 -57.5204   1.0424
 1.08532 -57.5116  1.04255
 1.08547 -57.5028   1.0427
 1.08562  -57.494  1.04285
 1.08577 -57.4852    1.043
 1.08592 -57.4764  1.04315
 1.08607 -57.4676   1.0433
 1.08622 -57.4588  1.04345
 1.08637 -57.4501   1.0436
 1.08652 -57.4413   1.0436
 1.08667 -57.4325  1.04375
 1.08682 -57.4237   1.0439
 1.08697  -57.415  1.04405
 1.08712 -57.4062   1.0442
 1.08727 -57.3974  1.04435
 1.08742 -57.3887   1.0445
 1.08757 -57.3799  1.04465
 1.08772 -57.3712   1.0448
 1.08787 -57.3624  1.04495
 1.08802 -57.3536   1.0451
 1.08817 -57.3449  1.04525
 1.08832 -57.3361   1.0454
 1.08847 -57.3274  1.04555
 1.08862 -57.3187   1.0457
 1.08877 -57.3099  1.04585
 1.08892 -57.3012  1.04585
 1.08907 -57.2924    1.046
 1.08922 -57.2837  1.04615
 1.08937  -57.275   1.0463
 1.08952 -57.2662  1.04645
 1.08967 -57.2575   1.0466
 1.08982 -57.2488  1.04675
 1.08997 -57.2401   1.0469
 1.09012 -57.2313  1.04705
 1.09027 -57.2226   1.0472
 1.09042 -57.2139  1.04735
 1.09057 -57.2052   1.0475
 1.09072 -57.1965  1.04765
 1.09087 -57.1878   1.0478
 1.09102 -57.1791  1.04795
 1.09117 -57.1704   1.0481
 1.09132 -57.1617   1.0481
 1.09147  -57.153  1.04825
 1.09162 -57.1443   1.0484
 1.09177 -57.1356  1.04855
 1.09192 -57.1269   1.0487
 1.09207 -57.1182  1.04885
 1.09222 -57.1095    1.049
 1.09237 -57.1008  1.04915
 1.09252 -57.0921   1.0493
 1.09267 -57.0834  1.04945
 1.09282 -57.0748   1.0496
 1.09297 -57.0661  1.04975
 1.09312 -57.0574   1.0499
 1.09327 -57.0487  1.05005
 1.09342 -57.0401   1.0502
 1.09357 -57.0314   1.0502
 1.09372 -57.0227  1.05035
 1.09387 -57.0141   1.0505
 1.09402 -57.0054  1.05065
 1.09417 -56.9968   1.0508
 1.09432 -56.9881  1.05095
 1.09447 -56.9795   1.0511
 1.09462 -56.9708  1.05125
 1.09477 -56.9622   1.0514
 1.09492 -56.9535  1.05155
 1.09507 -56.9449   1.0517
 1.09522 -56.9362  1.05185
 1.09537 -56.9276    1.052
 1.09552  -56.919  1.05215
 1.09567 -56.9103   1.0523
 1.09582 -56.9017  1.05245
 1.09597 -56.8931  1.05245
 1.09612 -56.8844   1.0526
 1.09627 -56.8758  1.05275
 1.09642 -56.8672   1.0529
 1.09657 -56.8586  1.05305
 1.09672 -56.8499   1.0532
 1.09687 -56.8413  1.05335
 1.09702 -56.8327   1.0535
 1.09717 -56.8241  1.05365
 1.09732 -56.8155   1.0538
 1.09747 -56.8069  1.05395
 1.09762 -56.7983   1.0541
 1.09777 -56.7897  1.05425
 1.09792 -56.7811   1.0544
 1.09807 -56.7725  1.05455
 1.09822 -56.7639  1.05455
 1.09837 -56.7553   1.0547
 1.09852 -56.7467  1.05485
 1.09867 -56.7381    1.055
 1.09882 -56.7295  1.05515
 1.09897  -56.721   1.0553
 1.09912 -56.7124  1.05545
 1.09927 -56.7038   1.0556
 1.09942 -56.6952  1.05575
 1.09957 -56.6867   1.0559
 1.09972 -56.6781  1.05605
 1.09987 -56.6695   1.0562
 1.10003  -56.661  1.05635
 1.10018 -56.6524   1.0565
 1.10033 -56.6438  1.05665
 1.10048 -56.6353   1.0568
 1.10063 -56.6267   1.0568
 1.10078 -56.6182  1.05695
 1.10093 -56.6096   1.0571
 1.10108 -56.6011  1.05725
 1.10123 -56.5925   1.0574
 1.10138  -56.584  1.05755
 1.10153 -56.5754   1.0577
 1.10168 -56.5669  1.05785
 1.10183 -56.5583    1.058
 1.10198 -56.5498  1.05815
 1.10213 -56.5413   1.0583
 1.10228 -56.5327  1.05845
 1.10243 -56.5242   1.0586
 1.10258 -56.5157  1.05875
 1.10273 -56.5072   1.0589
 1.10288 -56.4986   1.0589
 1.10303 -56.4901  1.05905
 1.10318 -56.4816   1.0592
 1.10333 -56.4731  1.05935
 1.10348 -56.4646   1.0595
 1.10363 -56.4561  1.05965
 1.10378 -56.4476   1.0598
 1.10393  -56.439  1.05995
 1.10408 -56.4305  1.06011
 1.10423  -56.422  1.06026
 1.10438 -56.4135  1.06041
 1.10453 -56.4051  1.06056
 1.10468 -56.3966  1.06071
 1.10483 -56.3881  1.06086
 1.10498 -56.3796  1.06086
 1.10513 -56.3711  1.06101
 1.10528 -56.3626  1.06116
 1.10543 -56.3541  1.06131
 1.10558 -56.3456  1.06146
 1.10573 -56.3372  1.06161
 1.10588 -56.3287  1.06176
 1.10603 -56.3202  1.06191
 1.10618 -56.3117  1.06206
 1.10633 -56.3033  1.06221
 1.10648 -56.2948  1.06236
 1.10663 -56.2863  1.06251
 1.10678 -56.2779  1.06266
 1.10693 -56.2694  1.06281
 1.10708  -56.261  1.06296
 1.10723 -56.2525  1.06296
 1.10738 -56.2441  1.06311
 1.10753 -56.2356  1.06326
 1.10768 -56.2272  1.06341
 1.10783 -56.2187  1.06356
 1.10798 -56.2103  1.06371
 1.10813 -56.2018  1.06386
 1.10828 -56.1934  1.06401
 1.10843  -56.185  1.06416
 1.10858 -56.1765  1.06431
 1.10873 -56.1681  1.06446
 1.10888 -56.1597  1.06461
 1.10903 -56.1512  1.06476
 1.10918 -56.1428  1.06491
 1.10933 -56.1344  1.06506
 1.10948  -56.126  1.06506
 1.10963 -56.1176  1.06521
 1.10978 -56.1091  1.06536
 1.10993 -56.1007  1.06551
 1.11008 -56.0923  1.06566
 1.11023 -56.0839  1.06581
 1.11038 -56.0755  1.06596
 1.11053 -56.0671  1.06611
 1.11068 -56.0587  1.06626
 1.11083 -56.0503  1.06641
 1.11098 -56.0419  1.06656
 1.11113 -56.0335  1.06671
 1.11128 -56.0251  1.06686
 1.11143 -56.0167  1.06701
 1.11158 -56.0083  1.06701
 1.11173      -56  1.06716
 1.11188 -55.9916  1.06731
 1.11203 -55.9832  1.06746
 1.11218 -55.9748  1.06761
 1.11233 -55.9664  1.06776
 1.11248 -55.9581  1.06791
 1.11263 -55.9497  1.06806
 1.11278 -55.9413  1.06821
 1.11293  -55.933  1.06836
 1.11308 -55.9246  1.06851
 1.11323 -55.9162  1.06866
 1.11338 -55.9079  1.06881
 1.11353 -55.8995  1.06896
 1.11368 -55.8912  1.06896
 1.11383 -55.8828  1.06911
 1.11398 -55.8745  1.06926
 1.11413 -55.8661  1.06941
 1.11428 -55.8578  1.06956
 1.11443 -55.8494  1.06971
 1.11458 -55.8411  1.06986
 1.11473 -55.8327  1.07001
 1.11488 -55.8244  1.07016
 1.11503 -55.8161  1.07031
 1.11518 -55.8077  1.07046
 1.11533 -55.7994  1.07061
 1.11548 -55.7911  1.07076
 1.11563 -55.7828  1.07091
 1.11578 -55.7744  1.07106
 1.11593 -55.7661  1.07106
 1.11608 -55.7578  1.07121
 1.11623 -55.7495  1.07136
 1.11638 -55.7412  1.07151
 1.11653 -55.7329  1.07166
 1.11668 -55.7246  1.07181
 1.11683 -55.7162  1.07196
 1.11698 -55.7079  1.07211
 1.11713 -55.6996  1.07226
 1.11728 -55.6913  1.07241
 1.11743  -55.683  1.07256
 1.11758 -55.6747  1.07271
 1.11773 -55.6665  1.07286
 1.11788 -55.6582  1.07301
 1.11803 -55.6499  1.07301
 1.11818 -55.6416  1.07316
 1.11833 -55.6333  1.07331
 1.11848  -55.625  1.07346
 1.11863 -55.6167  1.07361
 1.11878 -55.6085  1.07376
 1.11893 -55.6002  1.07391
 1.11908 -55.5919  1.07406
 1.11923 -55.5837  1.07421
 1.11938 -55.5754  1.07436
 1.11953 -55.5671  1.07451
 1.11968 -55.5589  1.07466
 1.11983 -55.5506  1.07481
 1.11998 -55.5423  1.07496
 1.12014 -55.5341  1.07496
 1.12029 -55.5258  1.07511
 1.12044 -55.5176  1.07526
 1.12059 -55.5093  1.07541
 1.12074 -55.5011  1.07556
 1.12089 -55.4928  1.07571
 1.12104 -55.4846  1.07586
 1.12119 -55.4764  1.07601
 1.12134 -55.4681  1.07616
 1.12149 -55.4599  1.07631
 1.12164 -55.4516  1.07646
 1.12179 -55.4434  1.07661
 1.12194 -55.4352  1.07676
 1.12209  -55.427  1.07676
 1.12224 -55.4187  1.07691
 1.12239 -55.4105  1.07706
 1.12254 -55.4023  1.07721
 1.12269 -55.3941  1.07736
 1.12284 -55.3859  1.07751
 1.12299 -55.3776  1.07766
 1.12314 -55.3694  1.07781
 1.12329 -55.3612  1.07796
 1.12344  -55.353  1.07811
 1.12359 -55.3448  1.07826
 1.12374 -55.3366  1.07841
 1.12389 -55.3284  1.07856
 1.12404 -55.3202  1.07871
 1.12419  -55.312  1.07871
 1.12434 -55.3038  1.07886
 1.12449 -55.2957  1.07901
 1.12464 -55.2875  1.07916
 1.12479 -55.2793  1.07931
 1.12494 -55.2711  1.07946
 1.12509 -55.2629  1.07961
 1.12524 -55.2547  1.07976
 1.12539 -55.2466  1.07991
 1.12554 -55.2384  1.08007
 1.12569 -55.2302  1.08022
 1.12584  -55.222  1.08037
 1.12599 -55.2139  1.08052
 1.12614 -55.2057  1.08052
 1.12629 -55.1976  1.08067
 1.12644 -55.1894  1.08082
 1.12659 -55.1812  1.08097
 1.12674 -55.1731  1.08112
 1.12689 -55.1649  1.08127
 1.12704 -55.1568  1.08142
 1.12719 -55.1486  1.08157
 1.12734 -55.1405  1.08172
 1.12749 -55.1323  1.08187
 1.12764 -55.1242  1.08202
 1.12779 -55.1161  1.08217
 1.12794 -55.1079  1.08232
 1.12809 -55.0998  1.08232
 1.12824 -55.0917  1.08247
 1.12839 -55.0835  1.08262
 1.12854 -55.0754  1.08277
 1.12869 -55.0673  1.08292
 1.12884 -55.0592  1.08307
 1.12899  -55.051  1.08322
 1.12914 -55.0429  1.08337
 1.12929 -55.0348  1.08352
 1.12944 -55.0267  1.08367
 1.12959 -55.0186  1.08382
 1.12974 -55.0105  1.08397
 1.12989 -55.0024  1.08412
 1.13004 -54.9943  1.08412
 1.13019 -54.9862  1.08427
 1.13034 -54.9781  1.08442
 1.13049   -54.97  1.08457
 1.13064 -54.9619  1.08472
 1.13079 -54.9538  1.08487
 1.13094 -54.9457  1.08502
 1.13109 -54.9376  1.08517
 1.13124 -54.9295  1.08532
 1.13139 -54.9214  1.08547
 1.13154 -54.9134  1.08562
 1.13169 -54.9053  1.08577
 1.13184 -54.8972  1.08592
 1.13199 -54.8891  1.08592
 1.13214 -54.8811  1.08607
 1.13229  -54.873  1.08622
 1.13244 -54.8649  1.08637
 1.13259 -54.8568  1.08652
 1.13274 -54.8488  1.08667
 1.13289 -54.8407  1.08682
 1.13304 -54.8327  1.08697
 1.13319 -54.8246  1.08712
 1.13334 -54.8166  1.08727
 1.13349 -54.8085  1.08742
 1.13364 -54.8005  1.08757
 1.13379 -54.7924  1.08757
 1.13394 -54.7844  1.08772
 1.13409 -54.7763  1.08787
 1.13424 -54.7683  1.08802
 1.13439 -54.7603  1.08817
 1.13454 -54.7522  1.08832
 1.13469 -54.7442  1.08847
 1.13484 -54.7362  1.08862
 1.13499 -54.7281  1.08877
 1.13514 -54.7201  1.08892
 1.13529 -54.7121  1.08907
 1.13544 -54.7041  1.08922
 1.13559  -54.696  1.08937
 1.13574  -54.688  1.08937
 1.13589   -54.68  1.08952
 1.13604  -54.672  1.08967
 1.13619  -54.664  1.08982
 1.13634  -54.656  1.08997
 1.13649  -54.648  1.09012
 1.13664   -54.64  1.09027
 1.13679  -54.632  1.09042
 1.13694  -54.624  1.09057
 1.13709  -54.616  1.09072
 1.13724  -54.608  1.09087
 1.13739    -54.6  1.09102
 1.13754  -54.592  1.09102
 1.13769  -54.584  1.09117
 1.13784  -54.576  1.09132
 1.13799 -54.5681  1.09147
 1.13814 -54.5601  1.09162
 1.13829 -54.5521  1.09177
 1.13844 -54.5441  1.09192
 1.13859 -54.5362  1.09207
 1.13874 -54.5282  1.09222
 1.13889 -54.5202  1.09237
 1.13904 -54.5123  1.09252
 1.13919 -54.5043  1.09252
 1.13934 -54.4963  1.09267
 1.13949 -54.4884  1.09282
 1.13964 -54.4804  1.09297
 1.13979 -54.4725  1.09312
 1.13994 -54.4645  1.09327
  1.1401 -54.4566  1.09342
 1.14025 -54.4486  1.09357
  1.1404 -54.4407  1.09372
 1.14055 -54.4328  1.09387
  1.1407 -54.4248  1.09402
 1.14085 -54.4169  1.09402
   1.141 -54.4089  1.09417
 1.14115  -54.401  1.09432
  1.1413 -54.3931  1.09447
 1.14145 -54.3852  1.09462
  1.1416 -54.3772  1.09477
 1.14175 -54.3693  1.09492
  1.1419 -54.3614  1.09507
 1.14205 -54.3535  1.09522
  1.1422 -54.3456  1.09537
 1.14235 -54.3377  1.09552
  1.1425 -54.3298  1.09552
 1.14265 -54.3218  1.09567
  1.1428 -54.3139  1.09582
 1.14295  -54.306  1.09597
  1.1431 -54.2981  1.09612
 1.14325 -54.2902  1.09627
  1.1434 -54.2824  1.09642
 1.14355 -54.2745  1.09657
  1.1437 -54.2666  1.09672
 1.14385 -54.2587  1.09687
   1.144 -54.2508  1.09702
 1.14415 -54.2429  1.09702
  1.1443  -54.235  1.09717
 1.14445 -54.2272  1.09732
  1.1446 -54.2193  1.09747
 1.14475 -54.2114  1.09762
  1.1449 -54.2036  1.09777
 1.14505 -54.1957  1.09792
  1.1452 -54.1878  1.09807
 1.14535   -54.18  1.09822
  1.1455 -54.1721  1.09837
 1.14565 -54.1642  1.09837
  1.1458 -54.1564  1.09852
 1.14595 -54.1485  1.09867
  1.1461 -54.1407  1.09882
 1.14625 -54.1328  1.09897
  1.1464  -54.125  1.09912
 1.14655 -54.1172  1.09927
  1.1467 -54.1093  1.09942
 1.14685 -54.1015  1.09957
   1.147 -54.0936  1.09972
 1.14715 -54.0858  1.09987
  1.1473  -54.078  1.09987
 1.14745 -54.0701  1.10003
  1.1476 -54.0623  1.10018
 1.14775 -54.0545  1.10033
  1.1479 -54.0467  1.10048
 1.14805 -54.0389  1.10063
  1.1482  -54.031  1.10078
 1.14835 -54.0232  1.10093
  1.1485 -54.0154  1.10108
 1.14865 -54.0076  1.10123
  1.1488 -53.9998  1.10123
 1.14895  -53.992  1.10138
  1.1491 -53.9842  1.10153
 1.14925 -53.9764  1.10168
  1.1494 -53.9686  1.10183
 1.14955 -53.9608  1.10198
  1.1497  -53.953  1.10213
 1.14985 -53.9452  1.10228
    1.15 -53.9374  1.10243