 kgrid  ValNew  Policy 
    0.85 -69.6494     0.85
 0.85015 -69.6341     0.85
  0.8503 -69.6188     0.85
 0.85045 -69.6036     0.85
  0.8506 -69.5883     0.85
 0.85075 -69.5731     0.85
  0.8509  -69.558     0.85
0.851051 -69.5429     0.85
0.851201 -69.5278     0.85
0.851351 -69.5127     0.85
0.851501 -69.4976     0.85
0.851651 -69.4826     0.85
0.851801 -69.4677  0.85015
0.851951 -69.4527   0.8503
0.852101 -69.4377   0.8503
0.852251 -69.4228  0.85045
0.852401 -69.4078  0.85045
0.852551 -69.3929   0.8506
0.852701  -69.378  0.85075
0.852851 -69.3631  0.85075
0.853002 -69.3482   0.8509
0.853152 -69.3333 0.851051
0.853302 -69.3185 0.851051
0.853452 -69.3036 0.851201
0.853602 -69.2888 0.851351
0.853752  -69.274 0.851351
0.853902 -69.2591 0.851501
0.854052 -69.2443 0.851651
0.854202 -69.2296 0.851651
0.854352 -69.2148 0.851801
0.854502    -69.2 0.851951
0.854652 -69.1853 0.852101
0.854802 -69.1705 0.852101
0.854952 -69.1558 0.852251
0.855103 -69.1411 0.852401
0.855253 -69.1264 0.852401
0.855403 -69.1117 0.852551
0.855553  -69.097 0.852701
0.855703 -69.0823 0.852851
0.855853 -69.0677 0.852851
0.856003  -69.053 0.853002
0.856153 -69.0384 0.853152
0.856303 -69.0237 0.853302
0.856453 -69.0091 0.853302
0.856603 -68.9945 0.853452
0.856753 -68.9799 0.853602
0.856903 -68.9653 0.853602
0.857054 -68.9507 0.853752
0.857204 -68.9362 0.853902
0.857354 -68.9216 0.854052
0.857504 -68.9071 0.854052
0.857654 -68.8925 0.854202
0.857804  -68.878 0.854352
0.857954 -68.8635 0.854352
0.858104  -68.849 0.854502
0.858254 -68.8345 0.854652
0.858404   -68.82 0.854802
0.858554 -68.8056 0.854802
0.858704 -68.7911 0.854952
0.858854 -68.7767 0.855103
0.859005 -68.7622 0.855253
0.859155 -68.7478 0.855253
0.859305 -68.7334 0.855403
0.859455  -68.719 0.855553
0.859605 -68.7046 0.855553
0.859755 -68.6902 0.855703
0.859905 -68.6758 0.855853
0.860055 -68.6615 0.856003
0.860205 -68.6471 0.856003
0.860355 -68.6328 0.856153
0.860505 -68.6184 0.856303
0.860655 -68.6041 0.856453
0.860805 -68.5898 0.856453
0.860955 -68.5755 0.856603
0.861106 -68.5612 0.856753
0.861256 -68.5469 0.856753
0.861406 -68.5327 0.856903
0.861556 -68.5184 0.857054
0.861706 -68.5042 0.857204
0.861856 -68.4899 0.857204
0.862006 -68.4757 0.857354
0.862156 -68.4615 0.857504
0.862306 -68.4473 0.857654
0.862456 -68.4331 0.857654
0.862606 -68.4189 0.857804
0.862756 -68.4047 0.857954
0.862906 -68.3905 0.857954
0.863057 -68.3764 0.858104
0.863207 -68.3622 0.858254
0.863357 -68.3481 0.858404
0.863507  -68.334 0.858404
0.863657 -68.3198 0.858554
0.863807 -68.3057 0.858704
0.863957 -68.2916 0.858854
0.864107 -68.2775 0.858854
0.864257 -68.2635 0.859005
0.864407 -68.2494 0.859155
0.864557 -68.2353 0.859155
0.864707 -68.2213 0.859305
0.864857 -68.2073 0.859455
0.865008 -68.1932 0.859605
0.865158 -68.1792 0.859605
0.865308 -68.1652 0.859755
0.865458 -68.1512 0.859905
0.865608 -68.1372 0.860055
0.865758 -68.1233 0.860055
0.865908 -68.1093 0.860205
0.866058 -68.0953 0.860355
0.866208 -68.0814 0.860505
0.866358 -68.0674 0.860505
0.866508 -68.0535 0.860655
0.866658 -68.0396 0.860805
0.866808 -68.0257 0.860955
0.866958 -68.0118 0.860955
0.867109 -67.9979 0.861106
0.867259  -67.984 0.861256
0.867409 -67.9702 0.861406
0.867559 -67.9563 0.861406
0.867709 -67.9424 0.861556
0.867859 -67.9286 0.861706
0.868009 -67.9148 0.861856
0.868159  -67.901 0.861856
0.868309 -67.8871 0.862006
0.868459 -67.8733 0.862156
0.868609 -67.8595 0.862156
0.868759 -67.8458 0.862306
0.868909  -67.832 0.862456
 0.86906 -67.8182 0.862606
 0.86921 -67.8045 0.862606
 0.86936 -67.7907 0.862756
 0.86951  -67.777 0.862906
 0.86966 -67.7633 0.863057
 0.86981 -67.7495 0.863057
 0.86996 -67.7358 0.863207
 0.87011 -67.7221 0.863357
 0.87026 -67.7084 0.863507
 0.87041 -67.6948 0.863507
 0.87056 -67.6811 0.863657
 0.87071 -67.6674 0.863807
 0.87086 -67.6538 0.863957
0.871011 -67.6401 0.863957
0.871161 -67.6265 0.864107
0.871311 -67.6129 0.864257
0.871461 -67.5993 0.864407
0.871611 -67.5857 0.864407
0.871761 -67.5721 0.864557
0.871911 -67.5585 0.864707
0.872061 -67.5449 0.864857
0.872211 -67.5313 0.864857
0.872361 -67.5178 0.865008
0.872511 -67.5042 0.865158
0.872661 -67.4907 0.865308
0.872811 -67.4771 0.865308
0.872961 -67.4636 0.865458
0.873112 -67.4501 0.865608
0.873262 -67.4366 0.865758
0.873412 -67.4231 0.865758
0.873562 -67.4096 0.865908
0.873712 -67.3961 0.866058
0.873862 -67.3827 0.866208
0.874012 -67.3692 0.866208
0.874162 -67.3558 0.866358
0.874312 -67.3423 0.866508
0.874462 -67.3289 0.866658
0.874612 -67.3155 0.866658
0.874762 -67.3021 0.866808
0.874912 -67.2886 0.866958
0.875063 -67.2753 0.867109
0.875213 -67.2619 0.867109
0.875363 -67.2485 0.867259
0.875513 -67.2351 0.867409
0.875663 -67.2218 0.867559
0.875813 -67.2084 0.867559
0.875963 -67.1951 0.867709
0.876113 -67.1817 0.867859
0.876263 -67.1684 0.868009
0.876413 -67.1551 0.868009
0.876563 -67.1418 0.868159
0.876713 -67.1285 0.868309
0.876863 -67.1152 0.868459
0.877014 -67.1019 0.868609
0.877164 -67.0886 0.868609
0.877314 -67.0754 0.868759
0.877464 -67.0621 0.868909
0.877614 -67.0489  0.86906
0.877764 -67.0356  0.86906
0.877914 -67.0224  0.86921
0.878064 -67.0092  0.86936
0.878214  -66.996  0.86951
0.878364 -66.9828  0.86951
0.878514 -66.9696  0.86966
0.878664 -66.9564  0.86981
0.878814 -66.9432  0.86996
0.878964   -66.93  0.86996
0.879115 -66.9169  0.87011
0.879265 -66.9037  0.87026
0.879415 -66.8906  0.87041
0.879565 -66.8775  0.87041
0.879715 -66.8643  0.87056
0.879865 -66.8512  0.87071
0.880015 -66.8381  0.87086
0.880165  -66.825 0.871011
0.880315 -66.8119 0.871011
0.880465 -66.7988 0.871161
0.880615 -66.7858 0.871311
0.880765 -66.7727 0.871461
0.880915 -66.7596 0.871611
0.881066 -66.7466 0.871761
0.881216 -66.7335 0.871761
0.881366 -66.7204 0.871911
0.881516 -66.7074 0.872061
0.881666 -66.6944 0.872211
0.881816 -66.6813 0.872361
0.881966 -66.6683 0.872511
0.882116 -66.6553 0.872661
0.882266 -66.6423 0.872661
0.882416 -66.6293 0.872811
0.882566 -66.6163 0.872961
0.882716 -66.6033 0.873112
0.882866 -66.5903 0.873262
0.883017 -66.5773 0.873412
0.883167 -66.5644 0.873412
0.883317 -66.5514 0.873562
0.883467 -66.5384 0.873712
0.883617 -66.5255 0.873862
0.883767 -66.5125 0.874012
0.883917 -66.4996 0.874162
0.884067 -66.4867 0.874312
0.884217 -66.4737 0.874462
0.884367 -66.4608 0.874462
0.884517 -66.4479 0.874612
0.884667  -66.435 0.874762
0.884817 -66.4221 0.874912
0.884967 -66.4092 0.875063
0.885118 -66.3963 0.875213
0.885268 -66.3834 0.875363
0.885418 -66.3705 0.875363
0.885568 -66.3577 0.875513
0.885718 -66.3448 0.875663
0.885868 -66.3319 0.875813
0.886018 -66.3191 0.875963
0.886168 -66.3062 0.876113
0.886318 -66.2934 0.876263
0.886468 -66.2805 0.876263
0.886618 -66.2677 0.876413
0.886768 -66.2549 0.876563
0.886918 -66.2421 0.876713
0.887069 -66.2292 0.876863
0.887219 -66.2164 0.877014
0.887369 -66.2036 0.877164
0.887519 -66.1908 0.877164
0.887669  -66.178 0.877314
0.887819 -66.1653 0.877464
0.887969 -66.1525 0.877614
0.888119 -66.1397 0.877764
0.888269 -66.1269 0.877914
0.888419 -66.1142 0.878064
0.888569 -66.1014 0.878214
0.888719 -66.0887 0.878214
0.888869 -66.0759 0.878364
 0.88902 -66.0632 0.878514
 0.88917 -66.0505 0.878664
 0.88932 -66.0377 0.878814
 0.88947  -66.025 0.878964
 0.88962 -66.0123 0.879115
 0.88977 -65.9996 0.879115
 0.88992 -65.9869 0.879265
 0.89007 -65.9742 0.879415
 0.89022 -65.9615 0.879565
 0.89037 -65.9488 0.879715
 0.89052 -65.9361 0.879865
 0.89067 -65.9235 0.880015
 0.89082 -65.9108 0.880015
 0.89097 -65.8981 0.880165
0.891121 -65.8855 0.880315
0.891271 -65.8728 0.880465
0.891421 -65.8602 0.880615
0.891571 -65.8475 0.880765
0.891721 -65.8349 0.880915
0.891871 -65.8223 0.881066
0.892021 -65.8096 0.881216
0.892171  -65.797 0.881216
0.892321 -65.7844 0.881366
0.892471 -65.7718 0.881516
0.892621 -65.7592 0.881666
0.892771 -65.7466 0.881816
0.892921  -65.734 0.881966
0.893072 -65.7214 0.882116
0.893222 -65.7089 0.882266
0.893372 -65.6963 0.882266
0.893522 -65.6837 0.882416
0.893672 -65.6711 0.882566
0.893822 -65.6586 0.882716
0.893972  -65.646 0.882866
0.894122 -65.6335 0.883017
0.894272 -65.6209 0.883167
0.894422 -65.6084 0.883317
0.894572 -65.5959 0.883317
0.894722 -65.5834 0.883467
0.894872 -65.5708 0.883617
0.895023 -65.5583 0.883767
0.895173 -65.5458 0.883917
0.895323 -65.5333 0.884067
0.895473 -65.5208 0.884217
0.895623 -65.5083 0.884367
0.895773 -65.4958 0.884367
0.895923 -65.4833 0.884517
0.896073 -65.4709 0.884667
0.896223 -65.4584 0.884817
0.896373 -65.4459 0.884967
0.896523 -65.4335 0.885118
0.896673  -65.421 0.885268
0.896823 -65.4085 0.885418
0.896973 -65.3961 0.885568
0.897124 -65.3837 0.885568
0.897274 -65.3712 0.885718
0.897424 -65.3588 0.885868
0.897574 -65.3464 0.886018
0.897724  -65.334 0.886168
0.897874 -65.3215 0.886318
0.898024 -65.3091 0.886468
0.898174 -65.2967 0.886618
0.898324 -65.2843 0.886768
0.898474 -65.2719 0.886768
0.898624 -65.2595 0.886918
0.898774 -65.2472 0.887069
0.898924 -65.2348 0.887219
0.899075 -65.2224 0.887369
0.899225   -65.21 0.887519
0.899375 -65.1977 0.887669
0.899525 -65.1853 0.887819
0.899675  -65.173 0.887969
0.899825 -65.1606 0.887969
0.899975 -65.1483 0.888119
0.900125 -65.1359 0.888269
0.900275 -65.1236 0.888419
0.900425 -65.1113 0.888569
0.900575  -65.099 0.888719
0.900725 -65.0866 0.888869
0.900875 -65.0743  0.88902
0.901026  -65.062  0.88902
0.901176 -65.0497  0.88917
0.901326 -65.0374  0.88932
0.901476 -65.0251  0.88947
0.901626 -65.0129  0.88962
0.901776 -65.0006  0.88977
0.901926 -64.9883  0.88992
0.902076  -64.976  0.89007
0.902226 -64.9638  0.89022
0.902376 -64.9515  0.89022
0.902526 -64.9392  0.89037
0.902676  -64.927  0.89052
0.902826 -64.9148  0.89067
0.902976 -64.9025  0.89082
0.903127 -64.8903  0.89097
0.903277  -64.878 0.891121
0.903427 -64.8658 0.891271
0.903577 -64.8536 0.891421
0.903727 -64.8414 0.891421
0.903877 -64.8292 0.891571
0.904027  -64.817 0.891721
0.904177 -64.8048 0.891871
0.904327 -64.7926 0.892021
0.904477 -64.7804 0.892171
0.904627 -64.7682 0.892321
0.904777  -64.756 0.892471
0.904927 -64.7439 0.892621
0.905078 -64.7317 0.892621
0.905228 -64.7195 0.892771
0.905378 -64.7074 0.892921
0.905528 -64.6952 0.893072
0.905678 -64.6831 0.893222
0.905828 -64.6709 0.893372
0.905978 -64.6588 0.893522
0.906128 -64.6466 0.893672
0.906278 -64.6345 0.893822
0.906428 -64.6224 0.893972
0.906578 -64.6103 0.893972
0.906728 -64.5981 0.894122
0.906878  -64.586 0.894272
0.907029 -64.5739 0.894422
0.907179 -64.5618 0.894572
0.907329 -64.5497 0.894722
0.907479 -64.5376 0.894872
0.907629 -64.5255 0.895023
0.907779 -64.5135 0.895173
0.907929 -64.5014 0.895173
0.908079 -64.4893 0.895323
0.908229 -64.4772 0.895473
0.908379 -64.4652 0.895623
0.908529 -64.4531 0.895773
0.908679 -64.4411 0.895923
0.908829  -64.429 0.896073
0.908979  -64.417 0.896223
 0.90913 -64.4049 0.896373
 0.90928 -64.3929 0.896373
 0.90943 -64.3809 0.896523
 0.90958 -64.3689 0.896673
 0.90973 -64.3568 0.896823
 0.90988 -64.3448 0.896973
 0.91003 -64.3328 0.897124
 0.91018 -64.3208 0.897274
 0.91033 -64.3088 0.897424
 0.91048 -64.2968 0.897574
 0.91063 -64.2848 0.897724
 0.91078 -64.2728 0.897724
 0.91093 -64.2609 0.897874
0.911081 -64.2489 0.898024
0.911231 -64.2369 0.898174
0.911381 -64.2249 0.898324
0.911531  -64.213 0.898474
0.911681  -64.201 0.898624
0.911831 -64.1891 0.898774
0.911981 -64.1771 0.898924
0.912131 -64.1652 0.898924
0.912281 -64.1532 0.899075
0.912431 -64.1413 0.899225
0.912581 -64.1294 0.899375
0.912731 -64.1175 0.899525
0.912881 -64.1055 0.899675
0.913032 -64.0936 0.899825
0.913182 -64.0817 0.899975
0.913332 -64.0698 0.900125
0.913482 -64.0579 0.900275
0.913632  -64.046 0.900425
0.913782 -64.0341 0.900425
0.913932 -64.0222 0.900575
0.914082 -64.0103 0.900725
0.914232 -63.9985 0.900875
0.914382 -63.9866 0.901026
0.914532 -63.9747 0.901176
0.914682 -63.9628 0.901326
0.914832  -63.951 0.901476
0.914982 -63.9391 0.901626
0.915133 -63.9273 0.901776
0.915283 -63.9154 0.901926
0.915433 -63.9036 0.902076
0.915583 -63.8917 0.902076
0.915733 -63.8799 0.902226
0.915883 -63.8681 0.902376
0.916033 -63.8562 0.902526
0.916183 -63.8444 0.902676
0.916333 -63.8326 0.902826
0.916483 -63.8208 0.902976
0.916633  -63.809 0.903127
0.916783 -63.7972 0.903277
0.916933 -63.7853 0.903427
0.917084 -63.7736 0.903577
0.917234 -63.7618 0.903577
0.917384   -63.75 0.903727
0.917534 -63.7382 0.903877
0.917684 -63.7264 0.904027
0.917834 -63.7146 0.904177
0.917984 -63.7028 0.904327
0.918134 -63.6911 0.904477
0.918284 -63.6793 0.904627
0.918434 -63.6676 0.904777
0.918584 -63.6558 0.904927
0.918734 -63.6441 0.905078
0.918884 -63.6323 0.905228
0.919035 -63.6206 0.905228
0.919185 -63.6088 0.905378
0.919335 -63.5971 0.905528
0.919485 -63.5854 0.905678
0.919635 -63.5736 0.905828
0.919785 -63.5619 0.905978
0.919935 -63.5502 0.906128
0.920085 -63.5385 0.906278
0.920235 -63.5268 0.906428
0.920385 -63.5151 0.906578
0.920535 -63.5034 0.906728
0.920685 -63.4917 0.906728
0.920835   -63.48 0.906878
0.920985 -63.4683 0.907029
0.921136 -63.4566 0.907179
0.921286 -63.4449 0.907329
0.921436 -63.4332 0.907479
0.921586 -63.4216 0.907629
0.921736 -63.4099 0.907779
0.921886 -63.3982 0.907929
0.922036 -63.3866 0.908079
0.922186 -63.3749 0.908229
0.922336 -63.3633 0.908379
0.922486 -63.3516 0.908379
0.922636   -63.34 0.908529
0.922786 -63.3283 0.908679
0.922936 -63.3167 0.908829
0.923087 -63.3051 0.908979
0.923237 -63.2935  0.90913
0.923387 -63.2818  0.90928
0.923537 -63.2702  0.90943
0.923687 -63.2586  0.90958
0.923837  -63.247  0.90973
0.923987 -63.2354  0.90988
0.924137 -63.2238  0.91003
0.924287 -63.2122  0.91003
0.924437 -63.2006  0.91018
0.924587  -63.189  0.91033
0.924737 -63.1774  0.91048
0.924887 -63.1658  0.91063
0.925038 -63.1543  0.91078
0.925188 -63.1427  0.91093
0.925338 -63.1311 0.911081
0.925488 -63.1196 0.911231
0.925638  -63.108 0.911381
0.925788 -63.0964 0.911531
0.925938 -63.0849 0.911681
0.926088 -63.0733 0.911831
0.926238 -63.0618 0.911831
0.926388 -63.0502 0.911981
0.926538 -63.0387 0.912131
0.926688 -63.0272 0.912281
0.926838 -63.0156 0.912431
0.926988 -63.0041 0.912581
0.927139 -62.9926 0.912731
0.927289 -62.9811 0.912881
0.927439 -62.9696 0.913032
0.927589 -62.9581 0.913182
0.927739 -62.9466 0.913332
0.927889 -62.9351 0.913482
0.928039 -62.9236 0.913632
0.928189 -62.9121 0.913632
0.928339 -62.9006 0.913782
0.928489 -62.8891 0.913932
0.928639 -62.8776 0.914082
0.928789 -62.8661 0.914232
0.928939 -62.8547 0.914382
 0.92909 -62.8432 0.914532
 0.92924 -62.8317 0.914682
 0.92939 -62.8203 0.914832
 0.92954 -62.8088 0.914982
 0.92969 -62.7973 0.915133
 0.92984 -62.7859 0.915283
 0.92999 -62.7745 0.915283
 0.93014  -62.763 0.915433
 0.93029 -62.7516 0.915583
 0.93044 -62.7401 0.915733
 0.93059 -62.7287 0.915883
 0.93074 -62.7173 0.916033
 0.93089 -62.7059 0.916183
0.931041 -62.6944 0.916333
0.931191  -62.683 0.916483
0.931341 -62.6716 0.916633
0.931491 -62.6602 0.916783
0.931641 -62.6488 0.916933
0.931791 -62.6374 0.917084
0.931941  -62.626 0.917234
0.932091 -62.6146 0.917234
0.932241 -62.6032 0.917384
0.932391 -62.5918 0.917534
0.932541 -62.5805 0.917684
0.932691 -62.5691 0.917834
0.932841 -62.5577 0.917984
0.932991 -62.5463 0.918134
0.933142  -62.535 0.918284
0.933292 -62.5236 0.918434
0.933442 -62.5123 0.918584
0.933592 -62.5009 0.918734
0.933742 -62.4896 0.918884
0.933892 -62.4782 0.919035
0.934042 -62.4669 0.919035
0.934192 -62.4555 0.919185
0.934342 -62.4442 0.919335
0.934492 -62.4329 0.919485
0.934642 -62.4215 0.919635
0.934792 -62.4102 0.919785
0.934942 -62.3989 0.919935
0.935093 -62.3876 0.920085
0.935243 -62.3763 0.920235
0.935393  -62.365 0.920385
0.935543 -62.3536 0.920535
0.935693 -62.3423 0.920685
0.935843 -62.3311 0.920835
0.935993 -62.3198 0.920985
0.936143 -62.3085 0.920985
0.936293 -62.2972 0.921136
0.936443 -62.2859 0.921286
0.936593 -62.2746 0.921436
0.936743 -62.2634 0.921586
0.936893 -62.2521 0.921736
0.937044 -62.2408 0.921886
0.937194 -62.2296 0.922036
0.937344 -62.2183 0.922186
0.937494  -62.207 0.922336
0.937644 -62.1958 0.922486
0.937794 -62.1845 0.922636
0.937944 -62.1733 0.922786
0.938094 -62.1621 0.922786
0.938244 -62.1508 0.922936
0.938394 -62.1396 0.923087
0.938544 -62.1284 0.923237
0.938694 -62.1171 0.923387
0.938844 -62.1059 0.923537
0.938994 -62.0947 0.923687
0.939145 -62.0835 0.923837
0.939295 -62.0723 0.923987
0.939445 -62.0611 0.924137
0.939595 -62.0499 0.924287
0.939745 -62.0387 0.924437
0.939895 -62.0275 0.924587
0.940045 -62.0163 0.924737
0.940195 -62.0051 0.924737
0.940345 -61.9939 0.924887
0.940495 -61.9827 0.925038
0.940645 -61.9715 0.925188
0.940795 -61.9604 0.925338
0.940945 -61.9492 0.925488
0.941096  -61.938 0.925638
0.941246 -61.9269 0.925788
0.941396 -61.9157 0.925938
0.941546 -61.9046 0.926088
0.941696 -61.8934 0.926238
0.941846 -61.8823 0.926388
0.941996 -61.8711 0.926538
0.942146   -61.86 0.926538
0.942296 -61.8488 0.926688
0.942446 -61.8377 0.926838
0.942596 -61.8266 0.926988
0.942746 -61.8155 0.927139
0.942896 -61.8043 0.927289
0.943047 -61.7932 0.927439
0.943197 -61.7821 0.927589
0.943347  -61.771 0.927739
0.943497 -61.7599 0.927889
0.943647 -61.7488 0.928039
0.943797 -61.7377 0.928189
0.943947 -61.7266 0.928339
0.944097 -61.7155 0.928489
0.944247 -61.7044 0.928489
0.944397 -61.6933 0.928639
0.944547 -61.6822 0.928789
0.944697 -61.6712 0.928939
0.944847 -61.6601  0.92909
0.944997  -61.649  0.92924
0.945148 -61.6379  0.92939
0.945298 -61.6269  0.92954
0.945448 -61.6158  0.92969
0.945598 -61.6048  0.92984
0.945748 -61.5937  0.92999
0.945898 -61.5827  0.93014
0.946048 -61.5716  0.93029
0.946198 -61.5606  0.93044
0.946348 -61.5495  0.93059
0.946498 -61.5385  0.93059
0.946648 -61.5275  0.93074
0.946798 -61.5164  0.93089
0.946948 -61.5054 0.931041
0.947099 -61.4944 0.931191
0.947249 -61.4834 0.931341
0.947399 -61.4724 0.931491
0.947549 -61.4613 0.931641
0.947699 -61.4503 0.931791
0.947849 -61.4393 0.931941
0.947999 -61.4283 0.932091
0.948149 -61.4173 0.932241
0.948299 -61.4063 0.932391
0.948449 -61.3954 0.932541
0.948599 -61.3844 0.932541
0.948749 -61.3734 0.932691
0.948899 -61.3624 0.932841
 0.94905 -61.3514 0.932991
  0.9492 -61.3405 0.933142
 0.94935 -61.3295 0.933292
  0.9495 -61.3185 0.933442
 0.94965 -61.3076 0.933592
  0.9498 -61.2966 0.933742
 0.94995 -61.2857 0.933892
  0.9501 -61.2747 0.934042
 0.95025 -61.2638 0.934192
  0.9504 -61.2528 0.934342
 0.95055 -61.2419 0.934492
  0.9507 -61.2309 0.934642
 0.95085   -61.22 0.934642
0.951001 -61.2091 0.934792
0.951151 -61.1982 0.934942
0.951301 -61.1872 0.935093
0.951451 -61.1763 0.935243
0.951601 -61.1654 0.935393
0.951751 -61.1545 0.935543
0.951901 -61.1436 0.935693
0.952051 -61.1327 0.935843
0.952201 -61.1218 0.935993
0.952351 -61.1109 0.936143
0.952501    -61.1 0.936293
0.952651 -61.0891 0.936443
0.952801 -61.0782 0.936593
0.952951 -61.0673 0.936743
0.953102 -61.0564 0.936743
0.953252 -61.0455 0.936893
0.953402 -61.0347 0.937044
0.953552 -61.0238 0.937194
0.953702 -61.0129 0.937344
0.953852 -61.0021 0.937494
0.954002 -60.9912 0.937644
0.954152 -60.9803 0.937794
0.954302 -60.9695 0.937944
0.954452 -60.9586 0.938094
0.954602 -60.9478 0.938244
0.954752  -60.937 0.938394
0.954902 -60.9261 0.938544
0.955053 -60.9153 0.938694
0.955203 -60.9044 0.938844
0.955353 -60.8936 0.938844
0.955503 -60.8828 0.938994
0.955653  -60.872 0.939145
0.955803 -60.8611 0.939295
0.955953 -60.8503 0.939445
0.956103 -60.8395 0.939595
0.956253 -60.8287 0.939745
0.956403 -60.8179 0.939895
0.956553 -60.8071 0.940045
0.956703 -60.7963 0.940195
0.956853 -60.7855 0.940345
0.957004 -60.7747 0.940495
0.957154 -60.7639 0.940645
0.957304 -60.7531 0.940795
0.957454 -60.7423 0.940945
0.957604 -60.7316 0.941096
0.957754 -60.7208 0.941096
0.957904   -60.71 0.941246
0.958054 -60.6993 0.941396
0.958204 -60.6885 0.941546
0.958354 -60.6777 0.941696
0.958504  -60.667 0.941846
0.958654 -60.6562 0.941996
0.958804 -60.6455 0.942146
0.958954 -60.6347 0.942296
0.959105  -60.624 0.942446
0.959255 -60.6132 0.942596
0.959405 -60.6025 0.942746
0.959555 -60.5917 0.942896
0.959705  -60.581 0.943047
0.959855 -60.5703 0.943197
0.960005 -60.5596 0.943197
0.960155 -60.5488 0.943347
0.960305 -60.5381 0.943497
0.960455 -60.5274 0.943647
0.960605 -60.5167 0.943797
0.960755  -60.506 0.943947
0.960905 -60.4953 0.944097
0.961056 -60.4846 0.944247
0.961206 -60.4739 0.944397
0.961356 -60.4632 0.944547
0.961506 -60.4525 0.944697
0.961656 -60.4418 0.944847
0.961806 -60.4311 0.944997
0.961956 -60.4204 0.945148
0.962106 -60.4097 0.945298
0.962256 -60.3991 0.945298
0.962406 -60.3884 0.945448
0.962556 -60.3777 0.945598
0.962706 -60.3671 0.945748
0.962856 -60.3564 0.945898
0.963007 -60.3457 0.946048
0.963157 -60.3351 0.946198
0.963307 -60.3244 0.946348
0.963457 -60.3138 0.946498
0.963607 -60.3031 0.946648
0.963757 -60.2925 0.946798
0.963907 -60.2819 0.946948
0.964057 -60.2712 0.947099
0.964207 -60.2606 0.947249
0.964357   -60.25 0.947399
0.964507 -60.2393 0.947549
0.964657 -60.2287 0.947549
0.964807 -60.2181 0.947699
0.964957 -60.2075 0.947849
0.965108 -60.1969 0.947999
0.965258 -60.1862 0.948149
0.965408 -60.1756 0.948299
0.965558  -60.165 0.948449
0.965708 -60.1544 0.948599
0.965858 -60.1438 0.948749
0.966008 -60.1332 0.948899
0.966158 -60.1226  0.94905
0.966308 -60.1121   0.9492
0.966458 -60.1015  0.94935
0.966608 -60.0909   0.9495
0.966758 -60.0803  0.94965
0.966908 -60.0697   0.9498
0.967059 -60.0592   0.9498
0.967209 -60.0486  0.94995
0.967359  -60.038   0.9501
0.967509 -60.0275  0.95025
0.967659 -60.0169   0.9504
0.967809 -60.0064  0.95055
0.967959 -59.9958   0.9507
0.968109 -59.9853  0.95085
0.968259 -59.9747 0.951001
0.968409 -59.9642 0.951151
0.968559 -59.9536 0.951301
0.968709 -59.9431 0.951451
0.968859 -59.9326 0.951601
 0.96901  -59.922 0.951751
 0.96916 -59.9115 0.951901
 0.96931  -59.901 0.952051
 0.96946 -59.8905 0.952051
 0.96961 -59.8799 0.952201
 0.96976 -59.8694 0.952351
 0.96991 -59.8589 0.952501
 0.97006 -59.8484 0.952651
 0.97021 -59.8379 0.952801
 0.97036 -59.8274 0.952951
 0.97051 -59.8169 0.953102
 0.97066 -59.8064 0.953252
 0.97081 -59.7959 0.953402
 0.97096 -59.7854 0.953552
0.971111 -59.7749 0.953702
0.971261 -59.7645 0.953852
0.971411  -59.754 0.954002
0.971561 -59.7435 0.954152
0.971711  -59.733 0.954302
0.971861 -59.7226 0.954302
0.972011 -59.7121 0.954452
0.972161 -59.7016 0.954602
0.972311 -59.6912 0.954752
0.972461 -59.6807 0.954902
0.972611 -59.6703 0.955053
0.972761 -59.6598 0.955203
0.972911 -59.6494 0.955353
0.973062 -59.6389 0.955503
0.973212 -59.6285 0.955653
0.973362 -59.6181 0.955803
0.973512 -59.6076 0.955953
0.973662 -59.5972 0.956103
0.973812 -59.5868 0.956253
0.973962 -59.5763 0.956403
0.974112 -59.5659 0.956553
0.974262 -59.5555 0.956703
0.974412 -59.5451 0.956703
0.974562 -59.5347 0.956853
0.974712 -59.5243 0.957004
0.974862 -59.5138 0.957154
0.975013 -59.5034 0.957304
0.975163  -59.493 0.957454
0.975313 -59.4826 0.957604
0.975463 -59.4723 0.957754
0.975613 -59.4619 0.957904
0.975763 -59.4515 0.958054
0.975913 -59.4411 0.958204
0.976063 -59.4307 0.958354
0.976213 -59.4203 0.958504
0.976363   -59.41 0.958654
0.976513 -59.3996 0.958804
0.976663 -59.3892 0.958954
0.976813 -59.3788 0.958954
0.976963 -59.3685 0.959105
0.977114 -59.3581 0.959255
0.977264 -59.3478 0.959405
0.977414 -59.3374 0.959555
0.977564 -59.3271 0.959705
0.977714 -59.3167 0.959855
0.977864 -59.3064 0.960005
0.978014  -59.296 0.960155
0.978164 -59.2857 0.960305
0.978314 -59.2754 0.960455
0.978464  -59.265 0.960605
0.978614 -59.2547 0.960755
0.978764 -59.2444 0.960905
0.978914 -59.2341 0.961056
0.979065 -59.2237 0.961206
0.979215 -59.2134 0.961356
0.979365 -59.2031 0.961356
0.979515 -59.1928 0.961506
0.979665 -59.1825 0.961656
0.979815 -59.1722 0.961806
0.979965 -59.1619 0.961956
0.980115 -59.1516 0.962106
0.980265 -59.1413 0.962256
0.980415  -59.131 0.962406
0.980565 -59.1207 0.962556
0.980715 -59.1104 0.962706
0.980865 -59.1001 0.962856
0.981016 -59.0899 0.963007
0.981166 -59.0796 0.963157
0.981316 -59.0693 0.963307
0.981466  -59.059 0.963457
0.981616 -59.0488 0.963607
0.981766 -59.0385 0.963607
0.981916 -59.0282 0.963757
0.982066  -59.018 0.963907
0.982216 -59.0077 0.964057
0.982366 -58.9975 0.964207
0.982516 -58.9872 0.964357
0.982666  -58.977 0.964507
0.982816 -58.9667 0.964657
0.982966 -58.9565 0.964807
0.983117 -58.9463 0.964957
0.983267  -58.936 0.965108
0.983417 -58.9258 0.965258
0.983567 -58.9156 0.965408
0.983717 -58.9054 0.965558
0.983867 -58.8951 0.965708
0.984017 -58.8849 0.965858
0.984167 -58.8747 0.966008
0.984317 -58.8645 0.966008
0.984467 -58.8543 0.966158
0.984617 -58.8441 0.966308
0.984767 -58.8339 0.966458
0.984917 -58.8237 0.966608
0.985068 -58.8135 0.966758
0.985218 -58.8033 0.966908
0.985368 -58.7931 0.967059
0.985518 -58.7829 0.967209
0.985668 -58.7727 0.967359
0.985818 -58.7625 0.967509
0.985968 -58.7523 0.967659
0.986118 -58.7422 0.967809
0.986268  -58.732 0.967959
0.986418 -58.7218 0.968109
0.986568 -58.7117 0.968259
0.986718 -58.7015 0.968409
0.986868 -58.6913 0.968409
0.987019 -58.6812 0.968559
0.987169  -58.671 0.968709
0.987319 -58.6609 0.968859
0.987469 -58.6507  0.96901
0.987619 -58.6406  0.96916
0.987769 -58.6304  0.96931
0.987919 -58.6203  0.96946
0.988069 -58.6102  0.96961
0.988219    -58.6  0.96976
0.988369 -58.5899  0.96991
0.988519 -58.5798  0.97006
0.988669 -58.5696  0.97021
0.988819 -58.5595  0.97036
0.988969 -58.5494  0.97051
 0.98912 -58.5393  0.97066
 0.98927 -58.5292  0.97081
 0.98942 -58.5191  0.97081
 0.98957 -58.5089  0.97096
 0.98972 -58.4988 0.971111
 0.98987 -58.4887 0.971261
 0.99002 -58.4786 0.971411
 0.99017 -58.4685 0.971561
 0.99032 -58.4584 0.971711
 0.99047 -58.4484 0.971861
 0.99062 -58.4383 0.972011
 0.99077 -58.4282 0.972161
 0.99092 -58.4181 0.972311
0.991071  -58.408 0.972461
0.991221  -58.398 0.972611
0.991371 -58.3879 0.972761
0.991521 -58.3778 0.972911
0.991671 -58.3677 0.973062
0.991821 -58.3577 0.973212
0.991971 -58.3476 0.973212
0.992121 -58.3376 0.973362
0.992271 -58.3275 0.973512
0.992421 -58.3175 0.973662
0.992571 -58.3074 0.973812
0.992721 -58.2974 0.973962
0.992871 -58.2873 0.974112
0.993022 -58.2773 0.974262
0.993172 -58.2672 0.974412
0.993322 -58.2572 0.974562
0.993472 -58.2472 0.974712
0.993622 -58.2371 0.974862
0.993772 -58.2271 0.975013
0.993922 -58.2171 0.975163
0.994072 -58.2071 0.975313
0.994222 -58.1971 0.975463
0.994372  -58.187 0.975613
0.994522  -58.177 0.975613
0.994672  -58.167 0.975763
0.994822  -58.157 0.975913
0.994972  -58.147 0.976063
0.995123  -58.137 0.976213
0.995273  -58.127 0.976363
0.995423  -58.117 0.976513
0.995573  -58.107 0.976663
0.995723 -58.0971 0.976813
0.995873 -58.0871 0.976963
0.996023 -58.0771 0.977114
0.996173 -58.0671 0.977264
0.996323 -58.0571 0.977414
0.996473 -58.0472 0.977564
0.996623 -58.0372 0.977714
0.996773 -58.0272 0.977864
0.996923 -58.0173 0.978014
0.997074 -58.0073 0.978014
0.997224 -57.9973 0.978164
0.997374 -57.9874 0.978314
0.997524 -57.9774 0.978464
0.997674 -57.9675 0.978614
0.997824 -57.9575 0.978764
0.997974 -57.9476 0.978914
0.998124 -57.9376 0.979065
0.998274 -57.9277 0.979215
0.998424 -57.9178 0.979365
0.998574 -57.9078 0.979515
0.998724 -57.8979 0.979665
0.998874  -57.888 0.979815
0.999025 -57.8781 0.979965
0.999175 -57.8681 0.980115
0.999325 -57.8582 0.980265
0.999475 -57.8483 0.980415
0.999625 -57.8384 0.980415
0.999775 -57.8285 0.980565
0.999925 -57.8186 0.980715
 1.00008 -57.8087 0.980865
 1.00023 -57.7988 0.981016
 1.00038 -57.7889 0.981166
 1.00053  -57.779 0.981316
 1.00068 -57.7691 0.981466
 1.00083 -57.7592 0.981616
 1.00098 -57.7493 0.981766
 1.00113 -57.7394 0.981916
 1.00128 -57.7295 0.982066
 1.00143 -57.7197 0.982216
 1.00158 -57.7098 0.982366
 1.00173 -57.6999 0.982516
 1.00188   -57.69 0.982666
 1.00203 -57.6802 0.982816
 1.00218 -57.6703 0.982816
 1.00233 -57.6605 0.982966
 1.00248 -57.6506 0.983117
 1.00263 -57.6407 0.983267
 1.00278 -57.6309 0.983417
 1.00293  -57.621 0.983567
 1.00308 -57.6112 0.983717
 1.00323 -57.6013 0.983867
 1.00338 -57.5915 0.984017
 1.00353 -57.5817 0.984167
 1.00368 -57.5718 0.984317
 1.00383  -57.562 0.984467
 1.00398 -57.5522 0.984617
 1.00413 -57.5423 0.984767
 1.00428 -57.5325 0.984917
 1.00443 -57.5227 0.985068
 1.00458 -57.5129 0.985218
 1.00473 -57.5031 0.985368
 1.00488 -57.4932 0.985368
 1.00503 -57.4834 0.985518
 1.00518 -57.4736 0.985668
 1.00533 -57.4638 0.985818
 1.00548  -57.454 0.985968
 1.00563 -57.4442 0.986118
 1.00578 -57.4344 0.986268
 1.00593 -57.4246 0.986418
 1.00608 -57.4148 0.986568
 1.00623 -57.4051 0.986718
 1.00638 -57.3953 0.986868
 1.00653 -57.3855 0.987019
 1.00668 -57.3757 0.987169
 1.00683 -57.3659 0.987319
 1.00698 -57.3562 0.987469
 1.00713 -57.3464 0.987619
 1.00728 -57.3366 0.987769
 1.00743 -57.3269 0.987769
 1.00758 -57.3171 0.987919
 1.00773 -57.3073 0.988069
 1.00788 -57.2976 0.988219
 1.00803 -57.2878 0.988369
 1.00818 -57.2781 0.988519
 1.00833 -57.2683 0.988669
 1.00848 -57.2586 0.988819
 1.00863 -57.2488 0.988969
 1.00878 -57.2391  0.98912
 1.00893 -57.2293  0.98927
 1.00908 -57.2196  0.98942
 1.00923 -57.2099  0.98957
 1.00938 -57.2002  0.98972
 1.00953 -57.1904  0.98987
 1.00968 -57.1807  0.99002
 1.00983  -57.171  0.99017
 1.00998 -57.1613  0.99017
 1.01013 -57.1515  0.99032
 1.01028 -57.1418  0.99047
 1.01043 -57.1321  0.99062
 1.01058 -57.1224  0.99077
 1.01073 -57.1127  0.99092
 1.01088  -57.103 0.991071
 1.01103 -57.0933 0.991221
 1.01118 -57.0836 0.991371
 1.01133 -57.0739 0.991521
 1.01148 -57.0642 0.991671
 1.01163 -57.0545 0.991821
 1.01178 -57.0449 0.991971
 1.01193 -57.0352 0.992121
 1.01208 -57.0255 0.992271
 1.01223 -57.0158 0.992421
 1.01238 -57.0061 0.992571
 1.01253 -56.9965 0.992721
 1.01268 -56.9868 0.992721
 1.01283 -56.9771 0.992871
 1.01298 -56.9675 0.993022
 1.01313 -56.9578 0.993172
 1.01328 -56.9482 0.993322
 1.01343 -56.9385 0.993472
 1.01358 -56.9289 0.993622
 1.01373 -56.9192 0.993772
 1.01388 -56.9096 0.993922
 1.01403 -56.8999 0.994072
 1.01418 -56.8903 0.994222
 1.01433 -56.8806 0.994372
 1.01448  -56.871 0.994522
 1.01463 -56.8614 0.994672
 1.01478 -56.8517 0.994822
 1.01493 -56.8421 0.994972
 1.01508 -56.8325 0.995123
 1.01523 -56.8229 0.995123
 1.01538 -56.8132 0.995273
 1.01553 -56.8036 0.995423
 1.01568  -56.794 0.995573
 1.01583 -56.7844 0.995723
 1.01598 -56.7748 0.995873
 1.01613 -56.7652 0.996023
 1.01628 -56.7556 0.996173
 1.01643  -56.746 0.996323
 1.01658 -56.7364 0.996473
 1.01673 -56.7268 0.996623
 1.01688 -56.7172 0.996773
 1.01703 -56.7076 0.996923
 1.01718  -56.698 0.997074
 1.01733 -56.6884 0.997224
 1.01748 -56.6789 0.997374
 1.01763 -56.6693 0.997524
 1.01778 -56.6597 0.997674
 1.01793 -56.6501 0.997674
 1.01808 -56.6406 0.997824
 1.01823  -56.631 0.997974
 1.01838 -56.6214 0.998124
 1.01853 -56.6119 0.998274
 1.01868 -56.6023 0.998424
 1.01883 -56.5927 0.998574
 1.01898 -56.5832 0.998724
 1.01913 -56.5736 0.998874
 1.01928 -56.5641 0.999025
 1.01943 -56.5545 0.999175
 1.01958  -56.545 0.999325
 1.01973 -56.5355 0.999475
 1.01988 -56.5259 0.999625
 1.02004 -56.5164 0.999775
 1.02019 -56.5069 0.999925
 1.02034 -56.4973  1.00008
 1.02049 -56.4878  1.00023
 1.02064 -56.4783  1.00023
 1.02079 -56.4687  1.00038
 1.02094 -56.4592  1.00053
 1.02109 -56.4497  1.00068
 1.02124 -56.4402  1.00083
 1.02139 -56.4307  1.00098
 1.02154 -56.4212  1.00113
 1.02169 -56.4117  1.00128
 1.02184 -56.4022  1.00143
 1.02199 -56.3927  1.00158
 1.02214 -56.3832  1.00173
 1.02229 -56.3737  1.00188
 1.02244 -56.3642  1.00203
 1.02259 -56.3547  1.00218
 1.02274 -56.3452  1.00233
 1.02289 -56.3357  1.00248
 1.02304 -56.3262  1.00263
 1.02319 -56.3168  1.00263
 1.02334 -56.3073  1.00278
 1.02349 -56.2978  1.00293
 1.02364 -56.2883  1.00308
 1.02379 -56.2789  1.00323
 1.02394 -56.2694  1.00338
 1.02409 -56.2599  1.00353
 1.02424 -56.2505  1.00368
 1.02439  -56.241  1.00383
 1.02454 -56.2316  1.00398
 1.02469 -56.2221  1.00413
 1.02484 -56.2127  1.00428
 1.02499 -56.2032  1.00443
 1.02514 -56.1938  1.00458
 1.02529 -56.1843  1.00473
 1.02544 -56.1749  1.00488
 1.02559 -56.1655  1.00503
 1.02574  -56.156  1.00518
 1.02589 -56.1466  1.00518
 1.02604 -56.1372  1.00533
 1.02619 -56.1277  1.00548
 1.02634 -56.1183  1.00563
 1.02649 -56.1089  1.00578
 1.02664 -56.0995  1.00593
 1.02679 -56.0901  1.00608
 1.02694 -56.0806  1.00623
 1.02709 -56.0712  1.00638
 1.02724 -56.0618  1.00653
 1.02739 -56.0524  1.00668
 1.02754  -56.043  1.00683
 1.02769 -56.0336  1.00698
 1.02784 -56.0242  1.00713
 1.02799 -56.0148  1.00728
 1.02814 -56.0054  1.00743
 1.02829  -55.996  1.00758
 1.02844 -55.9867  1.00758
 1.02859 -55.9773  1.00773
 1.02874 -55.9679  1.00788
 1.02889 -55.9585  1.00803
 1.02904 -55.9491  1.00818
 1.02919 -55.9398  1.00833
 1.02934 -55.9304  1.00848
 1.02949  -55.921  1.00863
 1.02964 -55.9117  1.00878
 1.02979 -55.9023  1.00893
 1.02994 -55.8929  1.00908
 1.03009 -55.8836  1.00923
 1.03024 -55.8742  1.00938
 1.03039 -55.8649  1.00953
 1.03054 -55.8555  1.00968
 1.03069 -55.8462  1.00983
 1.03084 -55.8368  1.00998
 1.03099 -55.8275  1.01013
 1.03114 -55.8181  1.01013
 1.03129 -55.8088  1.01028
 1.03144 -55.7995  1.01043
 1.03159 -55.7901  1.01058
 1.03174 -55.7808  1.01073
 1.03189 -55.7715  1.01088
 1.03204 -55.7622  1.01103
 1.03219 -55.7528  1.01118
 1.03234 -55.7435  1.01133
 1.03249 -55.7342  1.01148
 1.03264 -55.7249  1.01163
 1.03279 -55.7156  1.01178
 1.03294 -55.7063  1.01193
 1.03309  -55.697  1.01208
 1.03324 -55.6877  1.01223
 1.03339 -55.6784  1.01238
 1.03354 -55.6691  1.01253
 1.03369 -55.6598  1.01268
 1.03384 -55.6505  1.01268
 1.03399 -55.6412  1.01283
 1.03414 -55.6319  1.01298
 1.03429 -55.6226  1.01313
 1.03444 -55.6133  1.01328
 1.03459  -55.604  1.01343
 1.03474 -55.5948  1.01358
 1.03489 -55.5855  1.01373
 1.03504 -55.5762  1.01388
 1.03519  -55.567  1.01403
 1.03534 -55.5577  1.01418
 1.03549 -55.5484  1.01433
 1.03564 -55.5392  1.01448
 1.03579 -55.5299  1.01463
 1.03594 -55.5206  1.01478
 1.03609 -55.5114  1.01493
 1.03624 -55.5021  1.01508
 1.03639 -55.4929  1.01523
 1.03654 -55.4836  1.01523
 1.03669 -55.4744  1.01538
 1.03684 -55.4652  1.01553
 1.03699 -55.4559  1.01568
 1.03714 -55.4467  1.01583
 1.03729 -55.4374  1.01598
 1.03744 -55.4282  1.01613
 1.03759  -55.419  1.01628
 1.03774 -55.4098  1.01643
 1.03789 -55.4005  1.01658
 1.03804 -55.3913  1.01673
 1.03819 -55.3821  1.01688
 1.03834 -55.3729  1.01703
 1.03849 -55.3637  1.01718
 1.03864 -55.3545  1.01733
 1.03879 -55.3452  1.01748
 1.03894  -55.336  1.01763
 1.03909 -55.3268  1.01763
 1.03924 -55.3176  1.01778
 1.03939 -55.3084  1.01793
 1.03954 -55.2992  1.01808
 1.03969 -55.2901  1.01823
 1.03984 -55.2809  1.01838
 1.03999 -55.2717  1.01853
 1.04015 -55.2625  1.01868
  1.0403 -55.2533  1.01883
 1.04045 -55.2441  1.01898
  1.0406 -55.2349  1.01913
 1.04075 -55.2258  1.01928
  1.0409 -55.2166  1.01943
 1.04105 -55.2074  1.01958
  1.0412 -55.1983  1.01973
 1.04135 -55.1891  1.01988
  1.0415 -55.1799  1.02004
 1.04165 -55.1708  1.02019
  1.0418 -55.1616  1.02019
 1.04195 -55.1525  1.02034
  1.0421 -55.1433  1.02049
 1.04225 -55.1342  1.02064
  1.0424  -55.125  1.02079
 1.04255 -55.1159  1.02094
  1.0427 -55.1067  1.02109
 1.04285 -55.0976  1.02124
   1.043 -55.0884  1.02139
 1.04315 -55.0793  1.02154
  1.0433 -55.0702  1.02169
 1.04345 -55.0611  1.02184
  1.0436 -55.0519  1.02199
 1.04375 -55.0428  1.02214
  1.0439 -55.0337  1.02229
 1.04405 -55.0246  1.02244
  1.0442 -55.0154  1.02259
 1.04435 -55.0063  1.02274
  1.0445 -54.9972  1.02274
 1.04465 -54.9881  1.02289
  1.0448  -54.979  1.02304
 1.04495 -54.9699  1.02319
  1.0451 -54.9608  1.02334
 1.04525 -54.9517  1.02349
  1.0454 -54.9426  1.02364
 1.04555 -54.9335  1.02379
  1.0457 -54.9244  1.02394
 1.04585 -54.9153  1.02409
   1.046 -54.9062  1.02424
 1.04615 -54.8971  1.02439
  1.0463 -54.8881  1.02454
 1.04645  -54.879  1.02469
  1.0466 -54.8699  1.02484
 1.04675 -54.8608  1.02499
  1.0469 -54.8518  1.02514
 1.04705 -54.8427  1.02514
  1.0472 -54.8336  1.02529
 1.04735 -54.8246  1.02544
  1.0475 -54.8155  1.02559
 1.04765 -54.8064  1.02574
  1.0478 -54.7974  1.02589
 1.04795 -54.7883  1.02604
  1.0481 -54.7793  1.02619
 1.04825 -54.7702  1.02634
  1.0484 -54.7612  1.02649
 1.04855 -54.7521  1.02664
  1.0487 -54.7431  1.02679
 1.04885 -54.7341  1.02694
   1.049  -54.725  1.02709
 1.04915  -54.716  1.02724
  1.0493  -54.707  1.02739
 1.04945 -54.6979  1.02754
  1.0496 -54.6889  1.02754
 1.04975 -54.6799  1.02769
  1.0499 -54.6708  1.02784
 1.05005 -54.6618  1.02799
  1.0502 -54.6528  1.02814
 1.05035 -54.6438  1.02829
  1.0505 -54.6348  1.02844
 1.05065 -54.6258  1.02859
  1.0508 -54.6168  1.02874
 1.05095 -54.6078  1.02889
  1.0511 -54.5988  1.02904
 1.05125 -54.5898  1.02919
  1.0514 -54.5808  1.02934
 1.05155 -54.5718  1.02949
  1.0517 -54.5628  1.02964
 1.05185 -54.5538  1.02979
   1.052 -54.5448  1.02994
 1.05215 -54.5358  1.03009
  1.0523 -54.5268  1.03009
 1.05245 -54.5179  1.03024
  1.0526 -54.5089  1.03039
 1.05275 -54.4999  1.03054
  1.0529 -54.4909  1.03069
 1.05305  -54.482  1.03084
  1.0532  -54.473  1.03099
 1.05335  -54.464  1.03114
  1.0535 -54.4551  1.03129
 1.05365 -54.4461  1.03144
  1.0538 -54.4371  1.03159
 1.05395 -54.4282  1.03174
  1.0541 -54.4192  1.03189
 1.05425 -54.4103  1.03204
  1.0544 -54.4013  1.03219
 1.05455 -54.3924  1.03234
  1.0547 -54.3834  1.03249
 1.05485 -54.3745  1.03249
   1.055 -54.3656  1.03264
 1.05515 -54.3566  1.03279
  1.0553 -54.3477  1.03294
 1.05545 -54.3388  1.03309
  1.0556 -54.3298  1.03324
 1.05575 -54.3209  1.03339
  1.0559  -54.312  1.03354
 1.05605 -54.3031  1.03369
  1.0562 -54.2942  1.03384
 1.05635 -54.2852  1.03399
  1.0565 -54.2763  1.03414
 1.05665 -54.2674  1.03429
  1.0568 -54.2585  1.03444
 1.05695 -54.2496  1.03459
  1.0571 -54.2407  1.03474
 1.05725 -54.2318  1.03489
  1.0574 -54.2229  1.03504
 1.05755  -54.214  1.03504
  1.0577 -54.2051  1.03519
 1.05785 -54.1962  1.03534
   1.058 -54.1873  1.03549
 1.05815 -54.1784  1.03564
  1.0583 -54.1695  1.03579
 1.05845 -54.1607  1.03594
  1.0586 -54.1518  1.03609
 1.05875 -54.1429  1.03624
  1.0589  -54.134  1.03639
 1.05905 -54.1252  1.03654
  1.0592 -54.1163  1.03669
 1.05935 -54.1074  1.03684
  1.0595 -54.0986  1.03699
 1.05965 -54.0897  1.03714
  1.0598 -54.0808  1.03729
 1.05995  -54.072  1.03744
 1.06011 -54.0631  1.03744
 1.06026 -54.0543  1.03759
 1.06041 -54.0454  1.03774
 1.06056 -54.0366  1.03789
 1.06071 -54.0277  1.03804
 1.06086 -54.0189  1.03819
 1.06101   -54.01  1.03834
 1.06116 -54.0012  1.03849
 1.06131 -53.9924  1.03864
 1.06146 -53.9835  1.03879
 1.06161 -53.9747  1.03894
 1.06176 -53.9659  1.03909
 1.06191  -53.957  1.03924
 1.06206 -53.9482  1.03939
 1.06221 -53.9394  1.03954
 1.06236 -53.9306  1.03969
 1.06251 -53.9218  1.03984
 1.06266  -53.913  1.03984
 1.06281 -53.9041  1.03999
 1.06296 -53.8953  1.04015
 1.06311 -53.8865   1.0403
 1.06326 -53.8777  1.04045
 1.06341 -53.8689   1.0406
 1.06356 -53.8601  1.04075
 1.06371 -53.8513   1.0409
 1.06386 -53.8425  1.04105
 1.06401 -53.8337   1.0412
 1.06416 -53.8249  1.04135
 1.06431 -53.8162   1.0415
 1.06446 -53.8074  1.04165
 1.06461 -53.7986   1.0418
 1.06476 -53.7898  1.04195
 1.06491  -53.781   1.0421
 1.06506 -53.7723  1.04225
 1.06521 -53.7635   1.0424
 1.06536 -53.7547   1.0424
 1.06551 -53.7459  1.04255
 1.06566 -53.7372   1.0427
 1.06581 -53.7284  1.04285
 1.06596 -53.7196    1.043
 1.06611 -53.7109  1.04315
 1.06626 -53.7021   1.0433
 1.06641 -53.6934  1.04345
 1.06656 -53.6846   1.0436
 1.06671 -53.6759  1.04375
 1.06686 -53.6671   1.0439
 1.06701 -53.6584  1.04405
 1.06716 -53.6496   1.0442
 1.06731 -53.6409  1.04435
 1.06746 -53.6322   1.0445
 1.06761 -53.6234  1.04465
 1.06776 -53.6147   1.0448
 1.06791  -53.606   1.0448
 1.06806 -53.5972  1.04495
 1.06821 -53.5885   1.0451
 1.06836 -53.5798  1.04525
 1.06851 -53.5711   1.0454
 1.06866 -53.5624  1.04555
 1.06881 -53.5536   1.0457
 1.06896 -53.5449  1.04585
 1.06911 -53.5362    1.046
 1.06926 -53.5275  1.04615
 1.06941 -53.5188   1.0463
 1.06956 -53.5101  1.04645
 1.06971 -53.5014   1.0466
 1.06986 -53.4927  1.04675
 1.07001  -53.484   1.0469
 1.07016 -53.4753  1.04705
 1.07031 -53.4666   1.0472
 1.07046 -53.4579   1.0472
 1.07061 -53.4492  1.04735
 1.07076 -53.4405   1.0475
 1.07091 -53.4319  1.04765
 1.07106 -53.4232   1.0478
 1.07121 -53.4145  1.04795
 1.07136 -53.4058   1.0481
 1.07151 -53.3972  1.04825
 1.07166 -53.3885   1.0484
 1.07181 -53.3798  1.04855
 1.07196 -53.3711   1.0487
 1.07211 -53.3625  1.04885
 1.07226 -53.3538    1.049
 1.07241 -53.3452  1.04915
 1.07256 -53.3365   1.0493
 1.07271 -53.3279  1.04945
 1.07286 -53.3192   1.0496
 1.07301 -53.3106   1.0496
 1.07316 -53.3019  1.04975
 1.07331 -53.2933   1.0499
 1.07346 -53.2846  1.05005
 1.07361  -53.276   1.0502
 1.07376 -53.2673  1.05035
 1.07391 -53.2587   1.0505
 1.07406 -53.2501  1.05065
 1.07421 -53.2414   1.0508
 1.07436 -53.2328  1.05095
 1.07451 -53.2242   1.0511
 1.07466 -53.2156  1.05125
 1.07481 -53.2069   1.0514
 1.07496 -53.1983  1.05155
 1.07511 -53.1897   1.0517
 1.07526 -53.1811  1.05185
 1.07541 -53.1725    1.052
 1.07556 -53.1639    1.052
 1.07571 -53.1553  1.05215
 1.07586 -53.1467   1.0523
 1.07601 -53.1381  1.05245
 1.07616 -53.1295   1.0526
 1.07631 -53.1209  1.05275
 1.07646 -53.1123   1.0529
 1.07661 -53.1037  1.05305
 1.07676 -53.0951   1.0532
 1.07691 -53.0865  1.05335
 1.07706 -53.0779   1.0535
 1.07721 -53.0693  1.05365
 1.07736 -53.0607   1.0538
 1.07751 -53.0522  1.05395
 1.07766 -53.0436   1.0541
 1.07781  -53.035  1.05425
 1.07796 -53.0264   1.0544
 1.07811 -53.0179   1.0544
 1.07826 -53.0093  1.05455
 1.07841 -53.0007   1.0547
 1.07856 -52.9922  1.05485
 1.07871 -52.9836    1.055
 1.07886 -52.9751  1.05515
 1.07901 -52.9665   1.0553
 1.07916 -52.9579  1.05545
 1.07931 -52.9494   1.0556
 1.07946 -52.9408  1.05575
 1.07961 -52.9323   1.0559
 1.07976 -52.9238  1.05605
 1.07991 -52.9152   1.0562
 1.08007 -52.9067  1.05635
 1.08022 -52.8981   1.0565
 1.08037 -52.8896  1.05665
 1.08052 -52.8811  1.05665
 1.08067 -52.8725   1.0568
 1.08082  -52.864  1.05695
 1.08097 -52.8555   1.0571
 1.08112  -52.847  1.05725
 1.08127 -52.8384   1.0574
 1.08142 -52.8299  1.05755
 1.08157 -52.8214   1.0577
 1.08172 -52.8129  1.05785
 1.08187 -52.8044    1.058
 1.08202 -52.7959  1.05815
 1.08217 -52.7874   1.0583
 1.08232 -52.7789  1.05845
 1.08247 -52.7704   1.0586
 1.08262 -52.7619  1.05875
 1.08277 -52.7534   1.0589
 1.08292 -52.7449  1.05905
 1.08307 -52.7364  1.05905
 1.08322 -52.7279   1.0592
 1.08337 -52.7194  1.05935
 1.08352 -52.7109   1.0595
 1.08367 -52.7024  1.05965
 1.08382  -52.694   1.0598
 1.08397 -52.6855  1.05995
 1.08412  -52.677  1.06011
 1.08427 -52.6685  1.06026
 1.08442 -52.6601  1.06041
 1.08457 -52.6516  1.06056
 1.08472 -52.6431  1.06071
 1.08487 -52.6347  1.06086
 1.08502 -52.6262  1.06101
 1.08517 -52.6177  1.06116
 1.08532 -52.6093  1.06131
 1.08547 -52.6008  1.06131
 1.08562 -52.5924  1.06146
 1.08577 -52.5839  1.06161
 1.08592 -52.5755  1.06176
 1.08607  -52.567  1.06191
 1.08622 -52.5586  1.06206
 1.08637 -52.5501  1.06221
 1.08652 -52.5417  1.06236
 1.08667 -52.5333  1.06251
 1.08682 -52.5248  1.06266
 1.08697 -52.5164  1.06281
 1.08712  -52.508  1.06296
 1.08727 -52.4995  1.06311
 1.08742 -52.4911  1.06326
 1.08757 -52.4827  1.06341
 1.08772 -52.4743  1.06356
 1.08787 -52.4659  1.06356
 1.08802 -52.4574  1.06371
 1.08817  -52.449  1.06386
 1.08832 -52.4406  1.06401
 1.08847 -52.4322  1.06416
 1.08862 -52.4238  1.06431
 1.08877 -52.4154  1.06446
 1.08892  -52.407  1.06461
 1.08907 -52.3986  1.06476
 1.08922 -52.3902  1.06491
 1.08937 -52.3818  1.06506
 1.08952 -52.3734  1.06521
 1.08967  -52.365  1.06536
 1.08982 -52.3566  1.06551
 1.08997 -52.3483  1.06566
 1.09012 -52.3399  1.06581
 1.09027 -52.3315  1.06581
 1.09042 -52.3231  1.06596
 1.09057 -52.3147  1.06611
 1.09072 -52.3064  1.06626
 1.09087  -52.298  1.06641
 1.09102 -52.2896  1.06656
 1.09117 -52.2813  1.06671
 1.09132 -52.2729  1.06686
 1.09147 -52.2645  1.06701
 1.09162 -52.2562  1.06716
 1.09177 -52.2478  1.06731
 1.09192 -52.2395  1.06746
 1.09207 -52.2311  1.06761
 1.09222 -52.2227  1.06776
 1.09237 -52.2144  1.06791
 1.09252 -52.2061  1.06791
 1.09267 -52.1977  1.06806
 1.09282 -52.1894  1.06821
 1.09297  -52.181  1.06836
 1.09312 -52.1727  1.06851
 1.09327 -52.1644  1.06866
 1.09342  -52.156  1.06881
 1.09357 -52.1477  1.06896
 1.09372 -52.1394  1.06911
 1.09387  -52.131  1.06926
 1.09402 -52.1227  1.06941
 1.09417 -52.1144  1.06956
 1.09432 -52.1061  1.06971
 1.09447 -52.0978  1.06986
 1.09462 -52.0895  1.07001
 1.09477 -52.0811  1.07016
 1.09492 -52.0728  1.07016
 1.09507 -52.0645  1.07031
 1.09522 -52.0562  1.07046
 1.09537 -52.0479  1.07061
 1.09552 -52.0396  1.07076
 1.09567 -52.0313  1.07091
 1.09582  -52.023  1.07106
 1.09597 -52.0147  1.07121
 1.09612 -52.0064  1.07136
 1.09627 -51.9982  1.07151
 1.09642 -51.9899  1.07166
 1.09657 -51.9816  1.07181
 1.09672 -51.9733  1.07196
 1.09687  -51.965  1.07211
 1.09702 -51.9567  1.07226
 1.09717 -51.9485  1.07241
 1.09732 -51.9402  1.07241
 1.09747 -51.9319  1.07256
 1.09762 -51.9237  1.07271
 1.09777 -51.9154  1.07286
 1.09792 -51.9071  1.07301
 1.09807 -51.8989  1.07316
 1.09822 -51.8906  1.07331
 1.09837 -51.8824  1.07346
 1.09852 -51.8741  1.07361
 1.09867 -51.8658  1.07376
 1.09882 -51.8576  1.07391
 1.09897 -51.8494  1.07406
 1.09912 -51.8411  1.07421
 1.09927 -51.8329  1.07436
 1.09942 -51.8246  1.07451
 1.09957 -51.8164  1.07451
 1.09972 -51.8082  1.07466
 1.09987 -51.7999  1.07481
 1.10003 -51.7917  1.07496
 1.10018 -51.7835  1.07511
 1.10033 -51.7752  1.07526
 1.10048  -51.767  1.07541
 1.10063 -51.7588  1.07556
 1.10078 -51.7506  1.07571
 1.10093 -51.7423  1.07586
 1.10108 -51.7341  1.07601
 1.10123 -51.7259  1.07616
 1.10138 -51.7177  1.07631
 1.10153 -51.7095  1.07646
 1.10168 -51.7013  1.07661
 1.10183 -51.6931  1.07661
 1.10198 -51.6849  1.07676
 1.10213 -51.6767  1.07691
 1.10228 -51.6685  1.07706
 1.10243 -51.6603  1.07721
 1.10258 -51.6521  1.07736
 1.10273 -51.6439  1.07751
 1.10288 -51.6357  1.07766
 1.10303 -51.6275  1.07781
 1.10318 -51.6194  1.07796
 1.10333 -51.6112  1.07811
 1.10348  -51.603  1.07826
 1.10363 -51.5948  1.07841
 1.10378 -51.5867  1.07856
 1.10393 -51.5785  1.07871
 1.10408 -51.5703  1.07871
 1.10423 -51.5621  1.07886
 1.10438  -51.554  1.07901
 1.10453 -51.5458  1.07916
 1.10468 -51.5377  1.07931
 1.10483 -51.5295  1.07946
 1.10498 -51.5213  1.07961
 1.10513 -51.5132  1.07976
 1.10528  -51.505  1.07991
 1.10543 -51.4969  1.08007
 1.10558 -51.4887  1.08022
 1.10573 -51.4806  1.08037
 1.10588 -51.4725  1.08052
 1.10603 -51.4643  1.08067
 1.10618 -51.4562  1.08082
 1.10633  -51.448  1.08082
 1.10648 -51.4399  1.08097
 1.10663 -51.4318  1.08112
 1.10678 -51.4237  1.08127
 1.10693 -51.4155  1.08142
 1.10708 -51.4074  1.08157
 1.10723 -51.3993  1.08172
 1.10738 -51.3912  1.08187
 1.10753  -51.383  1.08202
 1.10768 -51.3749  1.08217
 1.10783 -51.3668  1.08232
 1.10798 -51.3587  1.08247
 1.10813 -51.3506  1.08262
 1.10828 -51.3425  1.08277
 1.10843 -51.3344  1.08277
 1.10858 -51.3263  1.08292
 1.10873 -51.3182  1.08307
 1.10888 -51.3101  1.08322
 1.10903  -51.302  1.08337
 1.10918 -51.2939  1.08352
 1.10933 -51.2858  1.08367
 1.10948 -51.2777  1.08382
 1.10963 -51.2697  1.08397
 1.10978 -51.2616  1.08412
 1.10993 -51.2535  1.08427
 1.11008 -51.2454  1.08442
 1.11023 -51.2373  1.08457
 1.11038 -51.2293  1.08472
 1.11053 -51.2212  1.08472
 1.11068 -51.2131  1.08487
 1.11083 -51.2051  1.08502
 1.11098  -51.197  1.08517
 1.11113 -51.1889  1.08532
 1.11128 -51.1809  1.08547
 1.11143 -51.1728  1.08562
 1.11158 -51.1648  1.08577
 1.11173 -51.1567  1.08592
 1.11188 -51.1487  1.08607
 1.11203 -51.1406  1.08622
 1.11218 -51.1326  1.08637
 1.11233 -51.1245  1.08652
 1.11248 -51.1165  1.08667
 1.11263 -51.1085  1.08667
 1.11278 -51.1004  1.08682
 1.11293 -51.0924  1.08697
 1.11308 -51.0843  1.08712
 1.11323 -51.0763  1.08727
 1.11338 -51.0683  1.08742
 1.11353 -51.0603  1.08757
 1.11368 -51.0522  1.08772
 1.11383 -51.0442  1.08787
 1.11398 -51.0362  1.08802
 1.11413 -51.0282  1.08817
 1.11428 -51.0202  1.08832
 1.11443 -51.0122  1.08847
 1.11458 -51.0042  1.08862
 1.11473 -50.9962  1.08862
 1.11488 -50.9881  1.08877
 1.11503 -50.9801  1.08892
 1.11518 -50.9721  1.08907
 1.11533 -50.9641  1.08922
 1.11548 -50.9562  1.08937
 1.11563 -50.9482  1.08952
 1.11578 -50.9402  1.08967
 1.11593 -50.9322  1.08982
 1.11608 -50.9242  1.08997
 1.11623 -50.9162  1.09012
 1.11638 -50.9082  1.09027
 1.11653 -50.9003  1.09042
 1.11668 -50.8923  1.09042
 1.11683 -50.8843  1.09057
 1.11698 -50.8763  1.09072
 1.11713 -50.8684  1.09087
 1.11728 -50.8604  1.09102
 1.11743 -50.8524  1.09117
 1.11758 -50.8445  1.09132
 1.11773 -50.8365  1.09147
 1.11788 -50.8286  1.09162
 1.11803 -50.8206  1.09177
 1.11818 -50.8126  1.09192
 1.11833 -50.8047  1.09207
 1.11848 -50.7967  1.09222
 1.11863 -50.7888  1.09237
 1.11878 -50.7809  1.09237
 1.11893 -50.7729  1.09252
 1.11908  -50.765  1.09267
 1.11923  -50.757  1.09282
 1.11938 -50.7491  1.09297
 1.11953 -50.7412  1.09312
 1.11968 -50.7332  1.09327
 1.11983 -50.7253  1.09342
 1.11998 -50.7174  1.09357
 1.12014 -50.7095  1.09372
 1.12029 -50.7015  1.09387
 1.12044 -50.6936  1.09402
 1.12059 -50.6857  1.09402
 1.12074 -50.6778  1.09417
 1.12089 -50.6699  1.09432
 1.12104  -50.662  1.09447
 1.12119 -50.6541  1.09462
 1.12134 -50.6462  1.09477
 1.12149 -50.6383  1.09492
 1.12164 -50.6304  1.09507
 1.12179 -50.6225  1.09522
 1.12194 -50.6146  1.09537
 1.12209 -50.6067  1.09552
 1.12224 -50.5988  1.09552
 1.12239 -50.5909  1.09567
 1.12254  -50.583  1.09582
 1.12269 -50.5751  1.09597
 1.12284 -50.5673  1.09612
 1.12299 -50.5594  1.09627
 1.12314 -50.5515  1.09642
 1.12329 -50.5436  1.09657
 1.12344 -50.5358  1.09672
 1.12359 -50.5279  1.09687
 1.12374   -50.52  1.09702
 1.12389 -50.5122  1.09717
 1.12404 -50.5043  1.09717
 1.12419 -50.4965  1.09732
 1.12434 -50.4886  1.09747
 1.12449 -50.4808  1.09762
 1.12464 -50.4729  1.09777
 1.12479 -50.4651  1.09792
 1.12494 -50.4572  1.09807
 1.12509 -50.4494  1.09822
 1.12524 -50.4415  1.09837
 1.12539 -50.4337  1.09852
 1.12554 -50.4259  1.09867
 1.12569  -50.418  1.09867
 1.12584 -50.4102  1.09882
 1.12599 -50.4024  1.09897
 1.12614 -50.3945  1.09912
 1.12629 -50.3867  1.09927
 1.12644 -50.3789  1.09942
 1.12659 -50.3711  1.09957
 1.12674 -50.3633  1.09972
 1.12689 -50.3555  1.09987
 1.12704 -50.3476  1.10003
 1.12719 -50.3398  1.10018
 1.12734  -50.332  1.10033
 1.12749 -50.3242  1.10033
 1.12764 -50.3164  1.10048
 1.12779 -50.3086  1.10063
 1.12794 -50.3008  1.10078
 1.12809  -50.293  1.10093
 1.12824 -50.2852  1.10108
 1.12839 -50.2775  1.10123
 1.12854 -50.2697  1.10138
 1.12869 -50.2619  1.10153
 1.12884 -50.2541  1.10168
 1.12899 -50.2463  1.10183
 1.12914 -50.2385  1.10183
 1.12929 -50.2308  1.10198
 1.12944  -50.223  1.10213
 1.12959 -50.2152  1.10228
 1.12974 -50.2075  1.10243
 1.12989 -50.1997  1.10258
 1.13004 -50.1919  1.10273
 1.13019 -50.1842  1.10288
 1.13034 -50.1764  1.10303
 1.13049 -50.1687  1.10318
 1.13064 -50.1609  1.10333
 1.13079 -50.1532  1.10333
 1.13094 -50.1454  1.10348
 1.13109 -50.1377  1.10363
 1.13124 -50.1299  1.10378
 1.13139 -50.1222  1.10393
 1.13154 -50.1144  1.10408
 1.13169 -50.1067  1.10423
 1.13184  -50.099  1.10438
 1.13199 -50.0912  1.10453
 1.13214 -50.0835  1.10468
 1.13229 -50.0758  1.10483
 1.13244 -50.0681  1.10483
 1.13259 -50.0603  1.10498
 1.13274 -50.0526  1.10513
 1.13289 -50.0449  1.10528
 1.13304 -50.0372  1.10543
 1.13319 -50.0295  1.10558
 1.13334 -50.0218  1.10573
 1.13349 -50.0141  1.10588
 1.13364 -50.0064  1.10603
 1.13379 -49.9987  1.10618
 1.13394  -49.991  1.10618
 1.13409 -49.9833  1.10633
 1.13424 -49.9756  1.10648
 1.13439 -49.9679  1.10663
 1.13454 -49.9602  1.10678
 1.13469 -49.9525  1.10693
 1.13484 -49.9448  1.10708
 1.13499 -49.9371  1.10723
 1.13514 -49.9294  1.10738
 1.13529 -49.9218  1.10753
 1.13544 -49.9141  1.10768
 1.13559 -49.9064  1.10768
 1.13574 -49.8987  1.10783
 1.13589 -49.8911  1.10798
 1.13604 -49.8834  1.10813
 1.13619 -49.8757  1.10828
 1.13634 -49.8681  1.10843
 1.13649 -49.8604  1.10858
 1.13664 -49.8528  1.10873
 1.13679 -49.8451  1.10888
 1.13694 -49.8375  1.10903
 1.13709 -49.8298  1.10918
 1.13724 -49.8222  1.10918
 1.13739 -49.8145  1.10933
 1.13754 -49.8069  1.10948
 1.13769 -49.7992  1.10963
 1.13784 -49.7916  1.10978
 1.13799  -49.784  1.10993
 1.13814 -49.7763  1.11008
 1.13829 -49.7687  1.11023
 1.13844 -49.7611  1.11038
 1.13859 -49.7535  1.11053
 1.13874 -49.7458  1.11053
 1.13889 -49.7382  1.11068
 1.13904 -49.7306  1.11083
 1.13919  -49.723  1.11098
 1.13934 -49.7154  1.11113
 1.13949 -49.7078  1.11128
 1.13964 -49.7002  1.11143
 1.13979 -49.6926  1.11158
 1.13994  -49.685  1.11173
  1.1401 -49.6774  1.11188
 1.14025 -49.6698  1.11188
  1.1404 -49.6622  1.11203
 1.14055 -49.6546  1.11218
  1.1407  -49.647  1.11233
 1.14085 -49.6394  1.11248
   1.141 -49.6318  1.11263
 1.14115 -49.6242  1.11278
  1.1413 -49.6166  1.11293
 1.14145 -49.6091  1.11308
  1.1416 -49.6015  1.11323
 1.14175 -49.5939  1.11338
  1.1419 -49.5863  1.11338
 1.14205 -49.5788  1.11353
  1.1422 -49.5712  1.11368
 1.14235 -49.5636  1.11383
  1.1425 -49.5561  1.11398
 1.14265 -49.5485  1.11413
  1.1428  -49.541  1.11428
 1.14295 -49.5334  1.11443
  1.1431 -49.5259  1.11458
 1.14325 -49.5183  1.11458
  1.1434 -49.5108  1.11473
 1.14355 -49.5032  1.11488
  1.1437 -49.4957  1.11503
 1.14385 -49.4882  1.11518
   1.144 -49.4806  1.11533
 1.14415 -49.4731  1.11548
  1.1443 -49.4656  1.11563
 1.14445  -49.458  1.11578
  1.1446 -49.4505  1.11578
 1.14475  -49.443  1.11593
  1.1449 -49.4355  1.11608
 1.14505 -49.4279  1.11623
  1.1452 -49.4204  1.11638
 1.14535 -49.4129  1.11653
  1.1455 -49.4054  1.11668
 1.14565 -49.3979  1.11683
  1.1458 -49.3904  1.11698
 1.14595 -49.3829  1.11698
  1.1461 -49.3754  1.11713
 1.14625 -49.3679  1.11728
  1.1464 -49.3604  1.11743
 1.14655 -49.3529  1.11758
  1.1467 -49.3454  1.11773
 1.14685 -49.3379  1.11788
   1.147 -49.3305  1.11803
 1.14715  -49.323  1.11818
  1.1473 -49.3155  1.11818
 1.14745  -49.308  1.11833
  1.1476 -49.3005  1.11848
 1.14775 -49.2931  1.11863
  1.1479 -49.2856  1.11878
 1.14805 -49.2781  1.11893
  1.1482 -49.2707  1.11908
 1.14835 -49.2632  1.11923
  1.1485 -49.2557  1.11938
 1.14865 -49.2483  1.11938
  1.1488 -49.2408  1.11953
 1.14895 -49.2334  1.11968
  1.1491 -49.2259  1.11983
 1.14925 -49.2185  1.11998
  1.1494 -49.2111  1.12014
 1.14955 -49.2036  1.12029
  1.1497 -49.1962  1.12044
 1.14985 -49.1887  1.12044
    1.15 -49.1813  1.12059