 kgrid  ValNew  Policy 
    0.85 -77.6803     0.85
 0.85015 -77.6603     0.85
  0.8503 -77.6404     0.85
 0.85045 -77.6205     0.85
  0.8506 -77.6007     0.85
 0.85075 -77.5809     0.85
  0.8509 -77.5612     0.85
0.851051 -77.5415     0.85
0.851201 -77.5218     0.85
0.851351 -77.5022     0.85
0.851501 -77.4826     0.85
0.851651 -77.4631     0.85
0.851801 -77.4436     0.85
0.851951 -77.4241     0.85
0.852101 -77.4047     0.85
0.852251 -77.3854     0.85
0.852401 -77.3661     0.85
0.852551 -77.3468     0.85
0.852701 -77.3275     0.85
0.852851 -77.3083     0.85
0.853002 -77.2892     0.85
0.853152 -77.2701     0.85
0.853302  -77.251     0.85
0.853452  -77.232     0.85
0.853602  -77.213     0.85
0.853752  -77.194     0.85
0.853902 -77.1751     0.85
0.854052 -77.1563     0.85
0.854202 -77.1374     0.85
0.854352 -77.1187     0.85
0.854502 -77.0999     0.85
0.854652 -77.0812     0.85
0.854802 -77.0625     0.85
0.854952 -77.0439     0.85
0.855103 -77.0253     0.85
0.855253 -77.0068     0.85
0.855403 -76.9883     0.85
0.855553 -76.9698     0.85
0.855703 -76.9514     0.85
0.855853  -76.933     0.85
0.856003 -76.9147     0.85
0.856153 -76.8964     0.85
0.856303 -76.8781     0.85
0.856453 -76.8599     0.85
0.856603 -76.8417     0.85
0.856753 -76.8235     0.85
0.856903 -76.8054     0.85
0.857054 -76.7874     0.85
0.857204 -76.7693     0.85
0.857354 -76.7513     0.85
0.857504 -76.7334     0.85
0.857654 -76.7155     0.85
0.857804 -76.6976     0.85
0.857954 -76.6797     0.85
0.858104 -76.6619     0.85
0.858254 -76.6442     0.85
0.858404 -76.6264     0.85
0.858554 -76.6088     0.85
0.858704 -76.5911     0.85
0.858854 -76.5735     0.85
0.859005 -76.5559     0.85
0.859155 -76.5384     0.85
0.859305 -76.5209     0.85
0.859455 -76.5034     0.85
0.859605  -76.486     0.85
0.859755 -76.4686     0.85
0.859905 -76.4512     0.85
0.860055 -76.4339     0.85
0.860205 -76.4166     0.85
0.860355 -76.3994     0.85
0.860505 -76.3822     0.85
0.860655  -76.365     0.85
0.860805 -76.3479     0.85
0.860955 -76.3308     0.85
0.861106 -76.3137     0.85
0.861256 -76.2967     0.85
0.861406 -76.2797     0.85
0.861556 -76.2628     0.85
0.861706 -76.2459     0.85
0.861856  -76.229     0.85
0.862006 -76.2121     0.85
0.862156 -76.1953     0.85
0.862306 -76.1785     0.85
0.862456 -76.1618     0.85
0.862606 -76.1451     0.85
0.862756 -76.1284     0.85
0.862906 -76.1118     0.85
0.863057 -76.0952     0.85
0.863207 -76.0786     0.85
0.863357 -76.0621     0.85
0.863507 -76.0456     0.85
0.863657 -76.0292     0.85
0.863807 -76.0127     0.85
0.863957 -75.9963     0.85
0.864107   -75.98     0.85
0.864257 -75.9637     0.85
0.864407 -75.9474     0.85
0.864557 -75.9311     0.85
0.864707 -75.9149     0.85
0.864857 -75.8987     0.85
0.865008 -75.8826     0.85
0.865158 -75.8664     0.85
0.865308 -75.8504     0.85
0.865458 -75.8343     0.85
0.865608 -75.8183     0.85
0.865758 -75.8023     0.85
0.865908 -75.7864     0.85
0.866058 -75.7704     0.85
0.866208 -75.7546     0.85
0.866358 -75.7387     0.85
0.866508 -75.7229     0.85
0.866658 -75.7071     0.85
0.866808 -75.6914     0.85
0.866958 -75.6756     0.85
0.867109 -75.6599     0.85
0.867259 -75.6443     0.85
0.867409 -75.6287     0.85
0.867559 -75.6131     0.85
0.867709 -75.5975     0.85
0.867859  -75.582     0.85
0.868009 -75.5665     0.85
0.868159 -75.5511     0.85
0.868309 -75.5356     0.85
0.868459 -75.5202     0.85
0.868609 -75.5049     0.85
0.868759 -75.4895     0.85
0.868909 -75.4742     0.85
 0.86906  -75.459     0.85
 0.86921 -75.4437     0.85
 0.86936 -75.4285     0.85
 0.86951 -75.4133     0.85
 0.86966 -75.3982     0.85
 0.86981 -75.3831     0.85
 0.86996  -75.368     0.85
 0.87011  -75.353     0.85
 0.87026 -75.3379     0.85
 0.87041  -75.323     0.85
 0.87056  -75.308     0.85
 0.87071 -75.2931     0.85
 0.87086 -75.2782  0.85015
0.871011 -75.2633   0.8503
0.871161 -75.2484   0.8503
0.871311 -75.2335  0.85045
0.871461 -75.2187   0.8506
0.871611 -75.2038   0.8506
0.871761  -75.189  0.85075
0.871911 -75.1742  0.85075
0.872061 -75.1593   0.8509
0.872211 -75.1445 0.851051
0.872361 -75.1298 0.851051
0.872511  -75.115 0.851201
0.872661 -75.1002 0.851351
0.872811 -75.0855 0.851351
0.872961 -75.0707 0.851501
0.873112  -75.056 0.851651
0.873262 -75.0413 0.851801
0.873412 -75.0266 0.851801
0.873562 -75.0119 0.851951
0.873712 -74.9972 0.852101
0.873862 -74.9826 0.852101
0.874012 -74.9679 0.852251
0.874162 -74.9533 0.852401
0.874312 -74.9386 0.852551
0.874462  -74.924 0.852551
0.874612 -74.9094 0.852701
0.874762 -74.8948 0.852851
0.874912 -74.8802 0.852851
0.875063 -74.8656 0.853002
0.875213 -74.8511 0.853152
0.875363 -74.8365 0.853302
0.875513 -74.8219 0.853302
0.875663 -74.8074 0.853452
0.875813 -74.7929 0.853602
0.875963 -74.7784 0.853602
0.876113 -74.7639 0.853752
0.876263 -74.7494 0.853902
0.876413 -74.7349 0.854052
0.876563 -74.7204 0.854052
0.876713 -74.7059 0.854202
0.876863 -74.6915 0.854352
0.877014  -74.677 0.854352
0.877164 -74.6626 0.854502
0.877314 -74.6482 0.854652
0.877464 -74.6338 0.854802
0.877614 -74.6194 0.854802
0.877764  -74.605 0.854952
0.877914 -74.5906 0.855103
0.878064 -74.5762 0.855103
0.878214 -74.5619 0.855253
0.878364 -74.5475 0.855403
0.878514 -74.5332 0.855553
0.878664 -74.5189 0.855553
0.878814 -74.5045 0.855703
0.878964 -74.4902 0.855853
0.879115 -74.4759 0.856003
0.879265 -74.4616 0.856003
0.879415 -74.4474 0.856153
0.879565 -74.4331 0.856303
0.879715 -74.4188 0.856303
0.879865 -74.4046 0.856453
0.880015 -74.3903 0.856603
0.880165 -74.3761 0.856753
0.880315 -74.3619 0.856753
0.880465 -74.3477 0.856903
0.880615 -74.3335 0.857054
0.880765 -74.3193 0.857204
0.880915 -74.3051 0.857204
0.881066  -74.291 0.857354
0.881216 -74.2768 0.857504
0.881366 -74.2627 0.857504
0.881516 -74.2485 0.857654
0.881666 -74.2344 0.857804
0.881816 -74.2203 0.857954
0.881966 -74.2062 0.857954
0.882116 -74.1921 0.858104
0.882266  -74.178 0.858254
0.882416 -74.1639 0.858404
0.882566 -74.1499 0.858404
0.882716 -74.1358 0.858554
0.882866 -74.1218 0.858704
0.883017 -74.1077 0.858704
0.883167 -74.0937 0.858854
0.883317 -74.0797 0.859005
0.883467 -74.0657 0.859155
0.883617 -74.0517 0.859155
0.883767 -74.0377 0.859305
0.883917 -74.0237 0.859455
0.884067 -74.0097 0.859605
0.884217 -73.9958 0.859605
0.884367 -73.9818 0.859755
0.884517 -73.9679 0.859905
0.884667  -73.954 0.859905
0.884817 -73.9401 0.860055
0.884967 -73.9261 0.860205
0.885118 -73.9122 0.860355
0.885268 -73.8984 0.860355
0.885418 -73.8845 0.860505
0.885568 -73.8706 0.860655
0.885718 -73.8567 0.860805
0.885868 -73.8429 0.860805
0.886018 -73.8291 0.860955
0.886168 -73.8152 0.861106
0.886318 -73.8014 0.861256
0.886468 -73.7876 0.861256
0.886618 -73.7738 0.861406
0.886768   -73.76 0.861556
0.886918 -73.7462 0.861706
0.887069 -73.7324 0.861706
0.887219 -73.7187 0.861856
0.887369 -73.7049 0.862006
0.887519 -73.6912 0.862156
0.887669 -73.6774 0.862156
0.887819 -73.6637 0.862306
0.887969   -73.65 0.862456
0.888119 -73.6363 0.862606
0.888269 -73.6226 0.862606
0.888419 -73.6089 0.862756
0.888569 -73.5952 0.862906
0.888719 -73.5815 0.863057
0.888869 -73.5678 0.863057
 0.88902 -73.5542 0.863207
 0.88917 -73.5405 0.863357
 0.88932 -73.5269 0.863357
 0.88947 -73.5133 0.863507
 0.88962 -73.4997 0.863657
 0.88977  -73.486 0.863807
 0.88992 -73.4725 0.863807
 0.89007 -73.4589 0.863957
 0.89022 -73.4453 0.864107
 0.89037 -73.4317 0.864257
 0.89052 -73.4181 0.864257
 0.89067 -73.4046 0.864407
 0.89082  -73.391 0.864557
 0.89097 -73.3775 0.864707
0.891121  -73.364 0.864707
0.891271 -73.3505 0.864857
0.891421 -73.3369 0.865008
0.891571 -73.3234 0.865158
0.891721   -73.31 0.865158
0.891871 -73.2965 0.865308
0.892021  -73.283 0.865458
0.892171 -73.2695 0.865608
0.892321 -73.2561 0.865608
0.892471 -73.2426 0.865758
0.892621 -73.2292 0.865908
0.892771 -73.2158 0.866058
0.892921 -73.2023 0.866058
0.893072 -73.1889 0.866208
0.893222 -73.1755 0.866358
0.893372 -73.1621 0.866508
0.893522 -73.1488 0.866508
0.893672 -73.1354 0.866658
0.893822  -73.122 0.866808
0.893972 -73.1087 0.866958
0.894122 -73.0953 0.866958
0.894272  -73.082 0.867109
0.894422 -73.0686 0.867259
0.894572 -73.0553 0.867409
0.894722  -73.042 0.867409
0.894872 -73.0287 0.867559
0.895023 -73.0154 0.867709
0.895173 -73.0021 0.867859
0.895323 -72.9888 0.867859
0.895473 -72.9756 0.868009
0.895623 -72.9623 0.868159
0.895773  -72.949 0.868309
0.895923 -72.9358 0.868309
0.896073 -72.9226 0.868459
0.896223 -72.9093 0.868609
0.896373 -72.8961 0.868759
0.896523 -72.8829 0.868759
0.896673 -72.8697 0.868909
0.896823 -72.8565  0.86906
0.896973 -72.8433  0.86921
0.897124 -72.8301  0.86921
0.897274  -72.817  0.86936
0.897424 -72.8038  0.86951
0.897574 -72.7907  0.86966
0.897724 -72.7775  0.86966
0.897874 -72.7644  0.86981
0.898024 -72.7513  0.86996
0.898174 -72.7382  0.87011
0.898324  -72.725  0.87011
0.898474 -72.7119  0.87026
0.898624 -72.6989  0.87041
0.898774 -72.6858  0.87056
0.898924 -72.6727  0.87056
0.899075 -72.6596  0.87071
0.899225 -72.6466  0.87086
0.899375 -72.6335 0.871011
0.899525 -72.6205 0.871161
0.899675 -72.6074 0.871311
0.899825 -72.5944 0.871461
0.899975 -72.5814 0.871461
0.900125 -72.5683 0.871611
0.900275 -72.5553 0.871761
0.900425 -72.5423 0.871911
0.900575 -72.5293 0.872061
0.900725 -72.5163 0.872211
0.900875 -72.5033 0.872211
0.901026 -72.4903 0.872361
0.901176 -72.4774 0.872511
0.901326 -72.4644 0.872661
0.901476 -72.4514 0.872811
0.901626 -72.4385 0.872961
0.901776 -72.4255 0.873112
0.901926 -72.4126 0.873112
0.902076 -72.3996 0.873262
0.902226 -72.3867 0.873412
0.902376 -72.3738 0.873562
0.902526 -72.3608 0.873712
0.902676 -72.3479 0.873862
0.902826  -72.335 0.874012
0.902976 -72.3221 0.874012
0.903127 -72.3092 0.874162
0.903277 -72.2963 0.874312
0.903427 -72.2834 0.874462
0.903577 -72.2705 0.874612
0.903727 -72.2577 0.874762
0.903877 -72.2448 0.874912
0.904027 -72.2319 0.874912
0.904177 -72.2191 0.875063
0.904327 -72.2062 0.875213
0.904477 -72.1934 0.875363
0.904627 -72.1805 0.875513
0.904777 -72.1677 0.875663
0.904927 -72.1549 0.875813
0.905078 -72.1421 0.875813
0.905228 -72.1292 0.875963
0.905378 -72.1164 0.876113
0.905528 -72.1036 0.876263
0.905678 -72.0908 0.876413
0.905828  -72.078 0.876563
0.905978 -72.0652 0.876713
0.906128 -72.0525 0.876713
0.906278 -72.0397 0.876863
0.906428 -72.0269 0.877014
0.906578 -72.0141 0.877164
0.906728 -72.0014 0.877314
0.906878 -71.9886 0.877464
0.907029 -71.9759 0.877614
0.907179 -71.9631 0.877614
0.907329 -71.9504 0.877764
0.907479 -71.9377 0.877914
0.907629  -71.925 0.878064
0.907779 -71.9122 0.878214
0.907929 -71.8995 0.878364
0.908079 -71.8868 0.878514
0.908229 -71.8741 0.878664
0.908379 -71.8614 0.878664
0.908529 -71.8487 0.878814
0.908679  -71.836 0.878964
0.908829 -71.8234 0.879115
0.908979 -71.8107 0.879265
 0.90913  -71.798 0.879415
 0.90928 -71.7854 0.879565
 0.90943 -71.7727 0.879565
 0.90958 -71.7601 0.879715
 0.90973 -71.7474 0.879865
 0.90988 -71.7348 0.880015
 0.91003 -71.7221 0.880165
 0.91018 -71.7095 0.880315
 0.91033 -71.6969 0.880465
 0.91048 -71.6843 0.880615
 0.91063 -71.6717 0.880615
 0.91078 -71.6591 0.880765
 0.91093 -71.6464 0.880915
0.911081 -71.6338 0.881066
0.911231 -71.6213 0.881216
0.911381 -71.6087 0.881366
0.911531 -71.5961 0.881516
0.911681 -71.5835 0.881666
0.911831 -71.5709 0.881666
0.911981 -71.5584 0.881816
0.912131 -71.5458 0.881966
0.912281 -71.5333 0.882116
0.912431 -71.5207 0.882266
0.912581 -71.5082 0.882416
0.912731 -71.4956 0.882566
0.912881 -71.4831 0.882716
0.913032 -71.4706 0.882716
0.913182 -71.4581 0.882866
0.913332 -71.4455 0.883017
0.913482  -71.433 0.883167
0.913632 -71.4205 0.883317
0.913782  -71.408 0.883467
0.913932 -71.3955 0.883617
0.914082  -71.383 0.883767
0.914232 -71.3705 0.883767
0.914382 -71.3581 0.883917
0.914532 -71.3456 0.884067
0.914682 -71.3331 0.884217
0.914832 -71.3207 0.884367
0.914982 -71.3082 0.884517
0.915133 -71.2957 0.884667
0.915283 -71.2833 0.884817
0.915433 -71.2708 0.884967
0.915583 -71.2584 0.884967
0.915733  -71.246 0.885118
0.915883 -71.2335 0.885268
0.916033 -71.2211 0.885418
0.916183 -71.2087 0.885568
0.916333 -71.1963 0.885718
0.916483 -71.1839 0.885868
0.916633 -71.1715 0.886018
0.916783 -71.1591 0.886018
0.916933 -71.1467 0.886168
0.917084 -71.1343 0.886318
0.917234 -71.1219 0.886468
0.917384 -71.1095 0.886618
0.917534 -71.0972 0.886768
0.917684 -71.0848 0.886918
0.917834 -71.0724 0.887069
0.917984 -71.0601 0.887219
0.918134 -71.0477 0.887219
0.918284 -71.0354 0.887369
0.918434  -71.023 0.887519
0.918584 -71.0107 0.887669
0.918734 -70.9984 0.887819
0.918884  -70.986 0.887969
0.919035 -70.9737 0.888119
0.919185 -70.9614 0.888269
0.919335 -70.9491 0.888269
0.919485 -70.9368 0.888419
0.919635 -70.9245 0.888569
0.919785 -70.9122 0.888719
0.919935 -70.8999 0.888869
0.920085 -70.8876  0.88902
0.920235 -70.8753  0.88917
0.920385  -70.863  0.88932
0.920535 -70.8508  0.88947
0.920685 -70.8385  0.88947
0.920835 -70.8262  0.88962
0.920985  -70.814  0.88977
0.921136 -70.8017  0.88992
0.921286 -70.7895  0.89007
0.921436 -70.7772  0.89022
0.921586  -70.765  0.89037
0.921736 -70.7528  0.89052
0.921886 -70.7405  0.89067
0.922036 -70.7283  0.89067
0.922186 -70.7161  0.89082
0.922336 -70.7039  0.89097
0.922486 -70.6917 0.891121
0.922636 -70.6795 0.891271
0.922786 -70.6673 0.891421
0.922936 -70.6551 0.891571
0.923087 -70.6429 0.891721
0.923237 -70.6307 0.891721
0.923387 -70.6185 0.891871
0.923537 -70.6064 0.892021
0.923687 -70.5942 0.892171
0.923837  -70.582 0.892321
0.923987 -70.5699 0.892471
0.924137 -70.5577 0.892621
0.924287 -70.5456 0.892771
0.924437 -70.5334 0.892921
0.924587 -70.5213 0.892921
0.924737 -70.5091 0.893072
0.924887  -70.497 0.893222
0.925038 -70.4849 0.893372
0.925188 -70.4728 0.893522
0.925338 -70.4607 0.893672
0.925488 -70.4485 0.893822
0.925638 -70.4364 0.893972
0.925788 -70.4243 0.894122
0.925938 -70.4122 0.894272
0.926088 -70.4001 0.894272
0.926238 -70.3881 0.894422
0.926388  -70.376 0.894572
0.926538 -70.3639 0.894722
0.926688 -70.3518 0.894872
0.926838 -70.3397 0.895023
0.926988 -70.3277 0.895173
0.927139 -70.3156 0.895323
0.927289 -70.3036 0.895473
0.927439 -70.2915 0.895473
0.927589 -70.2795 0.895623
0.927739 -70.2674 0.895773
0.927889 -70.2554 0.895923
0.928039 -70.2434 0.896073
0.928189 -70.2313 0.896223
0.928339 -70.2193 0.896373
0.928489 -70.2073 0.896523
0.928639 -70.1953 0.896673
0.928789 -70.1833 0.896673
0.928939 -70.1713 0.896823
 0.92909 -70.1593 0.896973
 0.92924 -70.1473 0.897124
 0.92939 -70.1353 0.897274
 0.92954 -70.1233 0.897424
 0.92969 -70.1113 0.897574
 0.92984 -70.0994 0.897724
 0.92999 -70.0874 0.897874
 0.93014 -70.0754 0.897874
 0.93029 -70.0635 0.898024
 0.93044 -70.0515 0.898174
 0.93059 -70.0395 0.898324
 0.93074 -70.0276 0.898474
 0.93089 -70.0157 0.898624
0.931041 -70.0037 0.898774
0.931191 -69.9918 0.898924
0.931341 -69.9799 0.899075
0.931491 -69.9679 0.899225
0.931641  -69.956 0.899225
0.931791 -69.9441 0.899375
0.931941 -69.9322 0.899525
0.932091 -69.9203 0.899675
0.932241 -69.9084 0.899825
0.932391 -69.8965 0.899975
0.932541 -69.8846 0.900125
0.932691 -69.8727 0.900275
0.932841 -69.8608 0.900425
0.932991 -69.8489 0.900575
0.933142  -69.837 0.900725
0.933292 -69.8252 0.900725
0.933442 -69.8133 0.900875
0.933592 -69.8014 0.901026
0.933742 -69.7896 0.901176
0.933892 -69.7777 0.901326
0.934042 -69.7659 0.901476
0.934192  -69.754 0.901626
0.934342 -69.7422 0.901776
0.934492 -69.7303 0.901926
0.934642 -69.7185 0.902076
0.934792 -69.7067 0.902226
0.934942 -69.6948 0.902226
0.935093  -69.683 0.902376
0.935243 -69.6712 0.902526
0.935393 -69.6594 0.902676
0.935543 -69.6476 0.902826
0.935693 -69.6358 0.902976
0.935843  -69.624 0.903127
0.935993 -69.6122 0.903277
0.936143 -69.6004 0.903427
0.936293 -69.5886 0.903577
0.936443 -69.5768 0.903727
0.936593  -69.565 0.903727
0.936743 -69.5532 0.903877
0.936893 -69.5415 0.904027
0.937044 -69.5297 0.904177
0.937194 -69.5179 0.904327
0.937344 -69.5062 0.904477
0.937494 -69.4944 0.904627
0.937644 -69.4827 0.904777
0.937794 -69.4709 0.904927
0.937944 -69.4592 0.905078
0.938094 -69.4474 0.905228
0.938244 -69.4357 0.905378
0.938394  -69.424 0.905378
0.938544 -69.4122 0.905528
0.938694 -69.4005 0.905678
0.938844 -69.3888 0.905828
0.938994 -69.3771 0.905978
0.939145 -69.3654 0.906128
0.939295 -69.3537 0.906278
0.939445 -69.3419 0.906428
0.939595 -69.3302 0.906578
0.939745 -69.3186 0.906728
0.939895 -69.3069 0.906878
0.940045 -69.2952 0.906878
0.940195 -69.2835 0.907029
0.940345 -69.2718 0.907179
0.940495 -69.2601 0.907329
0.940645 -69.2485 0.907479
0.940795 -69.2368 0.907629
0.940945 -69.2251 0.907779
0.941096 -69.2135 0.907929
0.941246 -69.2018 0.908079
0.941396 -69.1902 0.908229
0.941546 -69.1785 0.908379
0.941696 -69.1669 0.908529
0.941846 -69.1552 0.908529
0.941996 -69.1436 0.908679
0.942146  -69.132 0.908829
0.942296 -69.1204 0.908979
0.942446 -69.1087  0.90913
0.942596 -69.0971  0.90928
0.942746 -69.0855  0.90943
0.942896 -69.0739  0.90958
0.943047 -69.0623  0.90973
0.943197 -69.0507  0.90988
0.943347 -69.0391  0.91003
0.943497 -69.0275  0.91018
0.943647 -69.0159  0.91018
0.943797 -69.0043  0.91033
0.943947 -68.9927  0.91048
0.944097 -68.9811  0.91063
0.944247 -68.9696  0.91078
0.944397  -68.958  0.91093
0.944547 -68.9464 0.911081
0.944697 -68.9349 0.911231
0.944847 -68.9233 0.911381
0.944997 -68.9117 0.911531
0.945148 -68.9002 0.911681
0.945298 -68.8886 0.911831
0.945448 -68.8771 0.911831
0.945598 -68.8656 0.911981
0.945748  -68.854 0.912131
0.945898 -68.8425 0.912281
0.946048  -68.831 0.912431
0.946198 -68.8194 0.912581
0.946348 -68.8079 0.912731
0.946498 -68.7964 0.912881
0.946648 -68.7849 0.913032
0.946798 -68.7734 0.913182
0.946948 -68.7619 0.913332
0.947099 -68.7504 0.913482
0.947249 -68.7389 0.913632
0.947399 -68.7274 0.913632
0.947549 -68.7159 0.913782
0.947699 -68.7044 0.913932
0.947849 -68.6929 0.914082
0.947999 -68.6814 0.914232
0.948149   -68.67 0.914382
0.948299 -68.6585 0.914532
0.948449  -68.647 0.914682
0.948599 -68.6356 0.914832
0.948749 -68.6241 0.914982
0.948899 -68.6126 0.915133
 0.94905 -68.6012 0.915283
  0.9492 -68.5897 0.915283
 0.94935 -68.5783 0.915433
  0.9495 -68.5669 0.915583
 0.94965 -68.5554 0.915733
  0.9498  -68.544 0.915883
 0.94995 -68.5326 0.916033
  0.9501 -68.5211 0.916183
 0.95025 -68.5097 0.916333
  0.9504 -68.4983 0.916483
 0.95055 -68.4869 0.916633
  0.9507 -68.4755 0.916783
 0.95085 -68.4641 0.916933
0.951001 -68.4527 0.917084
0.951151 -68.4413 0.917084
0.951301 -68.4299 0.917234
0.951451 -68.4185 0.917384
0.951601 -68.4071 0.917534
0.951751 -68.3957 0.917684
0.951901 -68.3843 0.917834
0.952051 -68.3729 0.917984
0.952201 -68.3616 0.918134
0.952351 -68.3502 0.918284
0.952501 -68.3388 0.918434
0.952651 -68.3275 0.918584
0.952801 -68.3161 0.918734
0.952951 -68.3048 0.918884
0.953102 -68.2934 0.918884
0.953252 -68.2821 0.919035
0.953402 -68.2707 0.919185
0.953552 -68.2594 0.919335
0.953702  -68.248 0.919485
0.953852 -68.2367 0.919635
0.954002 -68.2254 0.919785
0.954152  -68.214 0.919935
0.954302 -68.2027 0.920085
0.954452 -68.1914 0.920235
0.954602 -68.1801 0.920385
0.954752 -68.1688 0.920535
0.954902 -68.1575 0.920685
0.955053 -68.1462 0.920685
0.955203 -68.1349 0.920835
0.955353 -68.1236 0.920985
0.955503 -68.1123 0.921136
0.955653  -68.101 0.921286
0.955803 -68.0897 0.921436
0.955953 -68.0784 0.921586
0.956103 -68.0672 0.921736
0.956253 -68.0559 0.921886
0.956403 -68.0446 0.922036
0.956553 -68.0333 0.922186
0.956703 -68.0221 0.922336
0.956853 -68.0108 0.922486
0.957004 -67.9996 0.922486
0.957154 -67.9883 0.922636
0.957304 -67.9771 0.922786
0.957454 -67.9658 0.922936
0.957604 -67.9546 0.923087
0.957754 -67.9433 0.923237
0.957904 -67.9321 0.923387
0.958054 -67.9209 0.923537
0.958204 -67.9097 0.923687
0.958354 -67.8984 0.923837
0.958504 -67.8872 0.923987
0.958654  -67.876 0.924137
0.958804 -67.8648 0.924287
0.958954 -67.8536 0.924287
0.959105 -67.8424 0.924437
0.959255 -67.8312 0.924587
0.959405   -67.82 0.924737
0.959555 -67.8088 0.924887
0.959705 -67.7976 0.925038
0.959855 -67.7864 0.925188
0.960005 -67.7752 0.925338
0.960155  -67.764 0.925488
0.960305 -67.7529 0.925638
0.960455 -67.7417 0.925788
0.960605 -67.7305 0.925938
0.960755 -67.7194 0.926088
0.960905 -67.7082 0.926238
0.961056  -67.697 0.926238
0.961206 -67.6859 0.926388
0.961356 -67.6747 0.926538
0.961506 -67.6636 0.926688
0.961656 -67.6524 0.926838
0.961806 -67.6413 0.926988
0.961956 -67.6302 0.927139
0.962106  -67.619 0.927289
0.962256 -67.6079 0.927439
0.962406 -67.5968 0.927589
0.962556 -67.5856 0.927739
0.962706 -67.5745 0.927889
0.962856 -67.5634 0.928039
0.963007 -67.5523 0.928189
0.963157 -67.5412 0.928189
0.963307 -67.5301 0.928339
0.963457  -67.519 0.928489
0.963607 -67.5079 0.928639
0.963757 -67.4968 0.928789
0.963907 -67.4857 0.928939
0.964057 -67.4746  0.92909
0.964207 -67.4635  0.92924
0.964357 -67.4524  0.92939
0.964507 -67.4414  0.92954
0.964657 -67.4303  0.92969
0.964807 -67.4192  0.92984
0.964957 -67.4082  0.92999
0.965108 -67.3971  0.92999
0.965258  -67.386  0.93014
0.965408  -67.375  0.93029
0.965558 -67.3639  0.93044
0.965708 -67.3529  0.93059
0.965858 -67.3418  0.93074
0.966008 -67.3308  0.93089
0.966158 -67.3197 0.931041
0.966308 -67.3087 0.931191
0.966458 -67.2977 0.931341
0.966608 -67.2866 0.931491
0.966758 -67.2756 0.931641
0.966908 -67.2646 0.931791
0.967059 -67.2536 0.931941
0.967209 -67.2426 0.931941
0.967359 -67.2316 0.932091
0.967509 -67.2205 0.932241
0.967659 -67.2095 0.932391
0.967809 -67.1985 0.932541
0.967959 -67.1875 0.932691
0.968109 -67.1765 0.932841
0.968259 -67.1656 0.932991
0.968409 -67.1546 0.933142
0.968559 -67.1436 0.933292
0.968709 -67.1326 0.933442
0.968859 -67.1216 0.933592
 0.96901 -67.1107 0.933742
 0.96916 -67.0997 0.933892
 0.96931 -67.0887 0.934042
 0.96946 -67.0778 0.934042
 0.96961 -67.0668 0.934192
 0.96976 -67.0558 0.934342
 0.96991 -67.0449 0.934492
 0.97006 -67.0339 0.934642
 0.97021  -67.023 0.934792
 0.97036  -67.012 0.934942
 0.97051 -67.0011 0.935093
 0.97066 -66.9902 0.935243
 0.97081 -66.9792 0.935393
 0.97096 -66.9683 0.935543
0.971111 -66.9574 0.935693
0.971261 -66.9464 0.935843
0.971411 -66.9355 0.935993
0.971561 -66.9246 0.935993
0.971711 -66.9137 0.936143
0.971861 -66.9028 0.936293
0.972011 -66.8919 0.936443
0.972161  -66.881 0.936593
0.972311 -66.8701 0.936743
0.972461 -66.8592 0.936893
0.972611 -66.8483 0.937044
0.972761 -66.8374 0.937194
0.972911 -66.8265 0.937344
0.973062 -66.8156 0.937494
0.973212 -66.8047 0.937644
0.973362 -66.7939 0.937794
0.973512  -66.783 0.937944
0.973662 -66.7721 0.938094
0.973812 -66.7613 0.938094
0.973962 -66.7504 0.938244
0.974112 -66.7395 0.938394
0.974262 -66.7287 0.938544
0.974412 -66.7178 0.938694
0.974562  -66.707 0.938844
0.974712 -66.6961 0.938994
0.974862 -66.6853 0.939145
0.975013 -66.6744 0.939295
0.975163 -66.6636 0.939445
0.975313 -66.6528 0.939595
0.975463 -66.6419 0.939745
0.975613 -66.6311 0.939895
0.975763 -66.6203 0.940045
0.975913 -66.6095 0.940195
0.976063 -66.5987 0.940195
0.976213 -66.5878 0.940345
0.976363  -66.577 0.940495
0.976513 -66.5662 0.940645
0.976663 -66.5554 0.940795
0.976813 -66.5446 0.940945
0.976963 -66.5338 0.941096
0.977114  -66.523 0.941246
0.977264 -66.5122 0.941396
0.977414 -66.5014 0.941546
0.977564 -66.4907 0.941696
0.977714 -66.4799 0.941846
0.977864 -66.4691 0.941996
0.978014 -66.4583 0.942146
0.978164 -66.4476 0.942296
0.978314 -66.4368 0.942296
0.978464  -66.426 0.942446
0.978614 -66.4153 0.942596
0.978764 -66.4045 0.942746
0.978914 -66.3937 0.942896
0.979065  -66.383 0.943047
0.979215 -66.3722 0.943197
0.979365 -66.3615 0.943347
0.979515 -66.3508 0.943497
0.979665   -66.34 0.943647
0.979815 -66.3293 0.943797
0.979965 -66.3185 0.943947
0.980115 -66.3078 0.944097
0.980265 -66.2971 0.944247
0.980415 -66.2864 0.944397
0.980565 -66.2757 0.944397
0.980715 -66.2649 0.944547
0.980865 -66.2542 0.944697
0.981016 -66.2435 0.944847
0.981166 -66.2328 0.944997
0.981316 -66.2221 0.945148
0.981466 -66.2114 0.945298
0.981616 -66.2007 0.945448
0.981766   -66.19 0.945598
0.981916 -66.1793 0.945748
0.982066 -66.1686 0.945898
0.982216 -66.1579 0.946048
0.982366 -66.1473 0.946198
0.982516 -66.1366 0.946348
0.982666 -66.1259 0.946498
0.982816 -66.1152 0.946498
0.982966 -66.1046 0.946648
0.983117 -66.0939 0.946798
0.983267 -66.0832 0.946948
0.983417 -66.0726 0.947099
0.983567 -66.0619 0.947249
0.983717 -66.0513 0.947399
0.983867 -66.0406 0.947549
0.984017   -66.03 0.947699
0.984167 -66.0193 0.947849
0.984317 -66.0087 0.947999
0.984467 -65.9981 0.948149
0.984617 -65.9874 0.948299
0.984767 -65.9768 0.948449
0.984917 -65.9662 0.948599
0.985068 -65.9555 0.948599
0.985218 -65.9449 0.948749
0.985368 -65.9343 0.948899
0.985518 -65.9237  0.94905
0.985668 -65.9131   0.9492
0.985818 -65.9025  0.94935
0.985968 -65.8919   0.9495
0.986118 -65.8813  0.94965
0.986268 -65.8707   0.9498
0.986418 -65.8601  0.94995
0.986568 -65.8495   0.9501
0.986718 -65.8389  0.95025
0.986868 -65.8283   0.9504
0.987019 -65.8177  0.95055
0.987169 -65.8071   0.9507
0.987319 -65.7966  0.95085
0.987469  -65.786  0.95085
0.987619 -65.7754 0.951001
0.987769 -65.7648 0.951151
0.987919 -65.7543 0.951301
0.988069 -65.7437 0.951451
0.988219 -65.7332 0.951601
0.988369 -65.7226 0.951751
0.988519 -65.7121 0.951901
0.988669 -65.7015 0.952051
0.988819  -65.691 0.952201
0.988969 -65.6804 0.952351
 0.98912 -65.6699 0.952501
 0.98927 -65.6593 0.952651
 0.98942 -65.6488 0.952801
 0.98957 -65.6383 0.952951
 0.98972 -65.6277 0.952951
 0.98987 -65.6172 0.953102
 0.99002 -65.6067 0.953252
 0.99017 -65.5962 0.953402
 0.99032 -65.5857 0.953552
 0.99047 -65.5752 0.953702
 0.99062 -65.5646 0.953852
 0.99077 -65.5541 0.954002
 0.99092 -65.5436 0.954152
0.991071 -65.5331 0.954302
0.991221 -65.5226 0.954452
0.991371 -65.5121 0.954602
0.991521 -65.5017 0.954752
0.991671 -65.4912 0.954902
0.991821 -65.4807 0.955053
0.991971 -65.4702 0.955203
0.992121 -65.4597 0.955203
0.992271 -65.4493 0.955353
0.992421 -65.4388 0.955503
0.992571 -65.4283 0.955653
0.992721 -65.4178 0.955803
0.992871 -65.4074 0.955953
0.993022 -65.3969 0.956103
0.993172 -65.3865 0.956253
0.993322  -65.376 0.956403
0.993472 -65.3656 0.956553
0.993622 -65.3551 0.956703
0.993772 -65.3447 0.956853
0.993922 -65.3342 0.957004
0.994072 -65.3238 0.957154
0.994222 -65.3134 0.957304
0.994372 -65.3029 0.957454
0.994522 -65.2925 0.957454
0.994672 -65.2821 0.957604
0.994822 -65.2716 0.957754
0.994972 -65.2612 0.957904
0.995123 -65.2508 0.958054
0.995273 -65.2404 0.958204
0.995423   -65.23 0.958354
0.995573 -65.2196 0.958504
0.995723 -65.2092 0.958654
0.995873 -65.1988 0.958804
0.996023 -65.1884 0.958954
0.996173  -65.178 0.959105
0.996323 -65.1676 0.959255
0.996473 -65.1572 0.959405
0.996623 -65.1468 0.959555
0.996773 -65.1364 0.959555
0.996923  -65.126 0.959705
0.997074 -65.1157 0.959855
0.997224 -65.1053 0.960005
0.997374 -65.0949 0.960155
0.997524 -65.0846 0.960305
0.997674 -65.0742 0.960455
0.997824 -65.0638 0.960605
0.997974 -65.0535 0.960755
0.998124 -65.0431 0.960905
0.998274 -65.0328 0.961056
0.998424 -65.0224 0.961206
0.998574 -65.0121 0.961356
0.998724 -65.0017 0.961506
0.998874 -64.9914 0.961656
0.999025  -64.981 0.961806
0.999175 -64.9707 0.961806
0.999325 -64.9604 0.961956
0.999475   -64.95 0.962106
0.999625 -64.9397 0.962256
0.999775 -64.9294 0.962406
0.999925 -64.9191 0.962556
 1.00008 -64.9088 0.962706
 1.00023 -64.8984 0.962856
 1.00038 -64.8881 0.963007
 1.00053 -64.8778 0.963157
 1.00068 -64.8675 0.963307
 1.00083 -64.8572 0.963457
 1.00098 -64.8469 0.963607
 1.00113 -64.8366 0.963757
 1.00128 -64.8263 0.963907
 1.00143  -64.816 0.964057
 1.00158 -64.8057 0.964057
 1.00173 -64.7955 0.964207
 1.00188 -64.7852 0.964357
 1.00203 -64.7749 0.964507
 1.00218 -64.7646 0.964657
 1.00233 -64.7543 0.964807
 1.00248 -64.7441 0.964957
 1.00263 -64.7338 0.965108
 1.00278 -64.7235 0.965258
 1.00293 -64.7133 0.965408
 1.00308  -64.703 0.965558
 1.00323 -64.6928 0.965708
 1.00338 -64.6825 0.965858
 1.00353 -64.6723 0.966008
 1.00368  -64.662 0.966158
 1.00383 -64.6518 0.966308
 1.00398 -64.6415 0.966308
 1.00413 -64.6313 0.966458
 1.00428 -64.6211 0.966608
 1.00443 -64.6108 0.966758
 1.00458 -64.6006 0.966908
 1.00473 -64.5904 0.967059
 1.00488 -64.5802 0.967209
 1.00503 -64.5699 0.967359
 1.00518 -64.5597 0.967509
 1.00533 -64.5495 0.967659
 1.00548 -64.5393 0.967809
 1.00563 -64.5291 0.967959
 1.00578 -64.5189 0.968109
 1.00593 -64.5087 0.968259
 1.00608 -64.4985 0.968409
 1.00623 -64.4883 0.968559
 1.00638 -64.4781 0.968709
 1.00653 -64.4679 0.968709
 1.00668 -64.4577 0.968859
 1.00683 -64.4475  0.96901
 1.00698 -64.4373  0.96916
 1.00713 -64.4272  0.96931
 1.00728  -64.417  0.96946
 1.00743 -64.4068  0.96961
 1.00758 -64.3966  0.96976
 1.00773 -64.3865  0.96991
 1.00788 -64.3763  0.97006
 1.00803 -64.3662  0.97021
 1.00818  -64.356  0.97036
 1.00833 -64.3458  0.97051
 1.00848 -64.3357  0.97066
 1.00863 -64.3255  0.97081
 1.00878 -64.3154  0.97096
 1.00893 -64.3052  0.97096
 1.00908 -64.2951 0.971111
 1.00923  -64.285 0.971261
 1.00938 -64.2748 0.971411
 1.00953 -64.2647 0.971561
 1.00968 -64.2546 0.971711
 1.00983 -64.2444 0.971861
 1.00998 -64.2343 0.972011
 1.01013 -64.2242 0.972161
 1.01028 -64.2141 0.972311
 1.01043  -64.204 0.972461
 1.01058 -64.1939 0.972611
 1.01073 -64.1837 0.972761
 1.01088 -64.1736 0.972911
 1.01103 -64.1635 0.973062
 1.01118 -64.1534 0.973212
 1.01133 -64.1433 0.973212
 1.01148 -64.1332 0.973362
 1.01163 -64.1231 0.973512
 1.01178 -64.1131 0.973662
 1.01193  -64.103 0.973812
 1.01208 -64.0929 0.973962
 1.01223 -64.0828 0.974112
 1.01238 -64.0727 0.974262
 1.01253 -64.0626 0.974412
 1.01268 -64.0526 0.974562
 1.01283 -64.0425 0.974712
 1.01298 -64.0324 0.974862
 1.01313 -64.0224 0.975013
 1.01328 -64.0123 0.975163
 1.01343 -64.0023 0.975313
 1.01358 -63.9922 0.975463
 1.01373 -63.9822 0.975463
 1.01388 -63.9721 0.975613
 1.01403 -63.9621 0.975763
 1.01418  -63.952 0.975913
 1.01433  -63.942 0.976063
 1.01448 -63.9319 0.976213
 1.01463 -63.9219 0.976363
 1.01478 -63.9119 0.976513
 1.01493 -63.9018 0.976663
 1.01508 -63.8918 0.976813
 1.01523 -63.8818 0.976963
 1.01538 -63.8718 0.977114
 1.01553 -63.8617 0.977264
 1.01568 -63.8517 0.977414
 1.01583 -63.8417 0.977564
 1.01598 -63.8317 0.977714
 1.01613 -63.8217 0.977864
 1.01628 -63.8117 0.977864
 1.01643 -63.8017 0.978014
 1.01658 -63.7917 0.978164
 1.01673 -63.7817 0.978314
 1.01688 -63.7717 0.978464
 1.01703 -63.7617 0.978614
 1.01718 -63.7517 0.978764
 1.01733 -63.7417 0.978914
 1.01748 -63.7318 0.979065
 1.01763 -63.7218 0.979215
 1.01778 -63.7118 0.979365
 1.01793 -63.7018 0.979515
 1.01808 -63.6919 0.979665
 1.01823 -63.6819 0.979815
 1.01838 -63.6719 0.979965
 1.01853  -63.662 0.980115
 1.01868  -63.652 0.980115
 1.01883 -63.6421 0.980265
 1.01898 -63.6321 0.980415
 1.01913 -63.6221 0.980565
 1.01928 -63.6122 0.980715
 1.01943 -63.6023 0.980865
 1.01958 -63.5923 0.981016
 1.01973 -63.5824 0.981166
 1.01988 -63.5724 0.981316
 1.02004 -63.5625 0.981466
 1.02019 -63.5526 0.981616
 1.02034 -63.5426 0.981766
 1.02049 -63.5327 0.981916
 1.02064 -63.5228 0.982066
 1.02079 -63.5129 0.982216
 1.02094  -63.503 0.982366
 1.02109  -63.493 0.982516
 1.02124 -63.4831 0.982516
 1.02139 -63.4732 0.982666
 1.02154 -63.4633 0.982816
 1.02169 -63.4534 0.982966
 1.02184 -63.4435 0.983117
 1.02199 -63.4336 0.983267
 1.02214 -63.4237 0.983417
 1.02229 -63.4138 0.983567
 1.02244 -63.4039 0.983717
 1.02259  -63.394 0.983867
 1.02274 -63.3842 0.984017
 1.02289 -63.3743 0.984167
 1.02304 -63.3644 0.984317
 1.02319 -63.3545 0.984467
 1.02334 -63.3447 0.984617
 1.02349 -63.3348 0.984767
 1.02364 -63.3249 0.984917
 1.02379 -63.3151 0.984917
 1.02394 -63.3052 0.985068
 1.02409 -63.2953 0.985218
 1.02424 -63.2855 0.985368
 1.02439 -63.2756 0.985518
 1.02454 -63.2658 0.985668
 1.02469 -63.2559 0.985818
 1.02484 -63.2461 0.985968
 1.02499 -63.2362 0.986118
 1.02514 -63.2264 0.986268
 1.02529 -63.2166 0.986418
 1.02544 -63.2067 0.986568
 1.02559 -63.1969 0.986718
 1.02574 -63.1871 0.986868
 1.02589 -63.1772 0.987019
 1.02604 -63.1674 0.987169
 1.02619 -63.1576 0.987169
 1.02634 -63.1478 0.987319
 1.02649  -63.138 0.987469
 1.02664 -63.1281 0.987619
 1.02679 -63.1183 0.987769
 1.02694 -63.1085 0.987919
 1.02709 -63.0987 0.988069
 1.02724 -63.0889 0.988219
 1.02739 -63.0791 0.988369
 1.02754 -63.0693 0.988519
 1.02769 -63.0595 0.988669
 1.02784 -63.0497 0.988819
 1.02799   -63.04 0.988969
 1.02814 -63.0302  0.98912
 1.02829 -63.0204  0.98927
 1.02844 -63.0106  0.98942
 1.02859 -63.0008  0.98957
 1.02874 -62.9911  0.98957
 1.02889 -62.9813  0.98972
 1.02904 -62.9715  0.98987
 1.02919 -62.9618  0.99002
 1.02934  -62.952  0.99017
 1.02949 -62.9422  0.99032
 1.02964 -62.9325  0.99047
 1.02979 -62.9227  0.99062
 1.02994  -62.913  0.99077
 1.03009 -62.9032  0.99092
 1.03024 -62.8935 0.991071
 1.03039 -62.8837 0.991221
 1.03054  -62.874 0.991371
 1.03069 -62.8642 0.991521
 1.03084 -62.8545 0.991671
 1.03099 -62.8448 0.991821
 1.03114  -62.835 0.991971
 1.03129 -62.8253 0.991971
 1.03144 -62.8156 0.992121
 1.03159 -62.8059 0.992271
 1.03174 -62.7961 0.992421
 1.03189 -62.7864 0.992571
 1.03204 -62.7767 0.992721
 1.03219  -62.767 0.992871
 1.03234 -62.7573 0.993022
 1.03249 -62.7476 0.993172
 1.03264 -62.7379 0.993322
 1.03279 -62.7282 0.993472
 1.03294 -62.7185 0.993622
 1.03309 -62.7088 0.993772
 1.03324 -62.6991 0.993922
 1.03339 -62.6894 0.994072
 1.03354 -62.6797 0.994222
 1.03369   -62.67 0.994222
 1.03384 -62.6603 0.994372
 1.03399 -62.6507 0.994522
 1.03414  -62.641 0.994672
 1.03429 -62.6313 0.994822
 1.03444 -62.6216 0.994972
 1.03459  -62.612 0.995123
 1.03474 -62.6023 0.995273
 1.03489 -62.5926 0.995423
 1.03504  -62.583 0.995573
 1.03519 -62.5733 0.995723
 1.03534 -62.5637 0.995873
 1.03549  -62.554 0.996023
 1.03564 -62.5444 0.996173
 1.03579 -62.5347 0.996323
 1.03594 -62.5251 0.996473
 1.03609 -62.5154 0.996623
 1.03624 -62.5058 0.996623
 1.03639 -62.4961 0.996773
 1.03654 -62.4865 0.996923
 1.03669 -62.4769 0.997074
 1.03684 -62.4673 0.997224
 1.03699 -62.4576 0.997374
 1.03714  -62.448 0.997524
 1.03729 -62.4384 0.997674
 1.03744 -62.4288 0.997824
 1.03759 -62.4191 0.997974
 1.03774 -62.4095 0.998124
 1.03789 -62.3999 0.998274
 1.03804 -62.3903 0.998424
 1.03819 -62.3807 0.998574
 1.03834 -62.3711 0.998724
 1.03849 -62.3615 0.998874
 1.03864 -62.3519 0.998874
 1.03879 -62.3423 0.999025
 1.03894 -62.3327 0.999175
 1.03909 -62.3231 0.999325
 1.03924 -62.3135 0.999475
 1.03939  -62.304 0.999625
 1.03954 -62.2944 0.999775
 1.03969 -62.2848 0.999925
 1.03984 -62.2752  1.00008
 1.03999 -62.2656  1.00023
 1.04015 -62.2561  1.00038
  1.0403 -62.2465  1.00053
 1.04045 -62.2369  1.00068
  1.0406 -62.2274  1.00083
 1.04075 -62.2178  1.00098
  1.0409 -62.2083  1.00113
 1.04105 -62.1987  1.00128
  1.0412 -62.1892  1.00128
 1.04135 -62.1796  1.00143
  1.0415 -62.1701  1.00158
 1.04165 -62.1605  1.00173
  1.0418  -62.151  1.00188
 1.04195 -62.1414  1.00203
  1.0421 -62.1319  1.00218
 1.04225 -62.1224  1.00233
  1.0424 -62.1128  1.00248
 1.04255 -62.1033  1.00263
  1.0427 -62.0938  1.00278
 1.04285 -62.0842  1.00293
   1.043 -62.0747  1.00308
 1.04315 -62.0652  1.00323
  1.0433 -62.0557  1.00338
 1.04345 -62.0462  1.00353
  1.0436 -62.0367  1.00368
 1.04375 -62.0272  1.00368
  1.0439 -62.0177  1.00383
 1.04405 -62.0082  1.00398
  1.0442 -61.9987  1.00413
 1.04435 -61.9892  1.00428
  1.0445 -61.9797  1.00443
 1.04465 -61.9702  1.00458
  1.0448 -61.9607  1.00473
 1.04495 -61.9512  1.00488
  1.0451 -61.9417  1.00503
 1.04525 -61.9322  1.00518
  1.0454 -61.9227  1.00533
 1.04555 -61.9133  1.00548
  1.0457 -61.9038  1.00563
 1.04585 -61.8943  1.00578
   1.046 -61.8849  1.00593
 1.04615 -61.8754  1.00593
  1.0463 -61.8659  1.00608
 1.04645 -61.8565  1.00623
  1.0466  -61.847  1.00638
 1.04675 -61.8375  1.00653
  1.0469 -61.8281  1.00668
 1.04705 -61.8186  1.00683
  1.0472 -61.8092  1.00698
 1.04735 -61.7997  1.00713
  1.0475 -61.7903  1.00728
 1.04765 -61.7809  1.00743
  1.0478 -61.7714  1.00758
 1.04795  -61.762  1.00773
  1.0481 -61.7526  1.00788
 1.04825 -61.7431  1.00803
  1.0484 -61.7337  1.00818
 1.04855 -61.7243  1.00833
  1.0487 -61.7149  1.00833
 1.04885 -61.7054  1.00848
   1.049  -61.696  1.00863
 1.04915 -61.6866  1.00878
  1.0493 -61.6772  1.00893
 1.04945 -61.6678  1.00908
  1.0496 -61.6584  1.00923
 1.04975  -61.649  1.00938
  1.0499 -61.6396  1.00953
 1.05005 -61.6302  1.00968
  1.0502 -61.6208  1.00983
 1.05035 -61.6114  1.00998
  1.0505  -61.602  1.01013
 1.05065 -61.5926  1.01028
  1.0508 -61.5832  1.01043
 1.05095 -61.5738  1.01058
  1.0511 -61.5644  1.01073
 1.05125 -61.5551  1.01073
  1.0514 -61.5457  1.01088
 1.05155 -61.5363  1.01103
  1.0517 -61.5269  1.01118
 1.05185 -61.5176  1.01133
   1.052 -61.5082  1.01148
 1.05215 -61.4988  1.01163
  1.0523 -61.4895  1.01178
 1.05245 -61.4801  1.01193
  1.0526 -61.4708  1.01208
 1.05275 -61.4614  1.01223
  1.0529 -61.4521  1.01238
 1.05305 -61.4427  1.01253
  1.0532 -61.4334  1.01268
 1.05335  -61.424  1.01283
  1.0535 -61.4147  1.01298
 1.05365 -61.4053  1.01298
  1.0538  -61.396  1.01313
 1.05395 -61.3867  1.01328
  1.0541 -61.3773  1.01343
 1.05425  -61.368  1.01358
  1.0544 -61.3587  1.01373
 1.05455 -61.3494  1.01388
  1.0547   -61.34  1.01403
 1.05485 -61.3307  1.01418
   1.055 -61.3214  1.01433
 1.05515 -61.3121  1.01448
  1.0553 -61.3028  1.01463
 1.05545 -61.2935  1.01478
  1.0556 -61.2842  1.01493
 1.05575 -61.2749  1.01508
  1.0559 -61.2656  1.01523
 1.05605 -61.2563  1.01538
  1.0562  -61.247  1.01538
 1.05635 -61.2377  1.01553
  1.0565 -61.2284  1.01568
 1.05665 -61.2191  1.01583
  1.0568 -61.2098  1.01598
 1.05695 -61.2005  1.01613
  1.0571 -61.1913  1.01628
 1.05725  -61.182  1.01643
  1.0574 -61.1727  1.01658
 1.05755 -61.1634  1.01673
  1.0577 -61.1542  1.01688
 1.05785 -61.1449  1.01703
   1.058 -61.1356  1.01718
 1.05815 -61.1264  1.01733
  1.0583 -61.1171  1.01748
 1.05845 -61.1079  1.01763
  1.0586 -61.0986  1.01763
 1.05875 -61.0894  1.01778
  1.0589 -61.0801  1.01793
 1.05905 -61.0709  1.01808
  1.0592 -61.0616  1.01823
 1.05935 -61.0524  1.01838
  1.0595 -61.0431  1.01853
 1.05965 -61.0339  1.01868
  1.0598 -61.0247  1.01883
 1.05995 -61.0154  1.01898
 1.06011 -61.0062  1.01913
 1.06026  -60.997  1.01928
 1.06041 -60.9877  1.01943
 1.06056 -60.9785  1.01958
 1.06071 -60.9693  1.01973
 1.06086 -60.9601  1.01988
 1.06101 -60.9509  1.02004
 1.06116 -60.9417  1.02004
 1.06131 -60.9325  1.02019
 1.06146 -60.9232  1.02034
 1.06161  -60.914  1.02049
 1.06176 -60.9048  1.02064
 1.06191 -60.8956  1.02079
 1.06206 -60.8864  1.02094
 1.06221 -60.8772  1.02109
 1.06236 -60.8681  1.02124
 1.06251 -60.8589  1.02139
 1.06266 -60.8497  1.02154
 1.06281 -60.8405  1.02169
 1.06296 -60.8313  1.02184
 1.06311 -60.8221  1.02199
 1.06326  -60.813  1.02214
 1.06341 -60.8038  1.02229
 1.06356 -60.7946  1.02229
 1.06371 -60.7854  1.02244
 1.06386 -60.7763  1.02259
 1.06401 -60.7671  1.02274
 1.06416 -60.7579  1.02289
 1.06431 -60.7488  1.02304
 1.06446 -60.7396  1.02319
 1.06461 -60.7305  1.02334
 1.06476 -60.7213  1.02349
 1.06491 -60.7122  1.02364
 1.06506  -60.703  1.02379
 1.06521 -60.6939  1.02394
 1.06536 -60.6847  1.02409
 1.06551 -60.6756  1.02424
 1.06566 -60.6665  1.02439
 1.06581 -60.6573  1.02454
 1.06596 -60.6482  1.02469
 1.06611 -60.6391  1.02469
 1.06626 -60.6299  1.02484
 1.06641 -60.6208  1.02499
 1.06656 -60.6117  1.02514
 1.06671 -60.6026  1.02529
 1.06686 -60.5935  1.02544
 1.06701 -60.5843  1.02559
 1.06716 -60.5752  1.02574
 1.06731 -60.5661  1.02589
 1.06746  -60.557  1.02604
 1.06761 -60.5479  1.02619
 1.06776 -60.5388  1.02634
 1.06791 -60.5297  1.02649
 1.06806 -60.5206  1.02664
 1.06821 -60.5115  1.02679
 1.06836 -60.5024  1.02694
 1.06851 -60.4933  1.02694
 1.06866 -60.4842  1.02709
 1.06881 -60.4751  1.02724
 1.06896 -60.4661  1.02739
 1.06911  -60.457  1.02754
 1.06926 -60.4479  1.02769
 1.06941 -60.4388  1.02784
 1.06956 -60.4298  1.02799
 1.06971 -60.4207  1.02814
 1.06986 -60.4116  1.02829
 1.07001 -60.4026  1.02844
 1.07016 -60.3935  1.02859
 1.07031 -60.3844  1.02874
 1.07046 -60.3754  1.02889
 1.07061 -60.3663  1.02904
 1.07076 -60.3573  1.02919
 1.07091 -60.3482  1.02934
 1.07106 -60.3392  1.02934
 1.07121 -60.3301  1.02949
 1.07136 -60.3211  1.02964
 1.07151  -60.312  1.02979
 1.07166  -60.303  1.02994
 1.07181  -60.294  1.03009
 1.07196 -60.2849  1.03024
 1.07211 -60.2759  1.03039
 1.07226 -60.2669  1.03054
 1.07241 -60.2578  1.03069
 1.07256 -60.2488  1.03084
 1.07271 -60.2398  1.03099
 1.07286 -60.2308  1.03114
 1.07301 -60.2218  1.03129
 1.07316 -60.2127  1.03144
 1.07331 -60.2037  1.03159
 1.07346 -60.1947  1.03159
 1.07361 -60.1857  1.03174
 1.07376 -60.1767  1.03189
 1.07391 -60.1677  1.03204
 1.07406 -60.1587  1.03219
 1.07421 -60.1497  1.03234
 1.07436 -60.1407  1.03249
 1.07451 -60.1317  1.03264
 1.07466 -60.1227  1.03279
 1.07481 -60.1137  1.03294
 1.07496 -60.1048  1.03309
 1.07511 -60.0958  1.03324
 1.07526 -60.0868  1.03339
 1.07541 -60.0778  1.03354
 1.07556 -60.0688  1.03369
 1.07571 -60.0599  1.03384
 1.07586 -60.0509  1.03384
 1.07601 -60.0419  1.03399
 1.07616  -60.033  1.03414
 1.07631  -60.024  1.03429
 1.07646  -60.015  1.03444
 1.07661 -60.0061  1.03459
 1.07676 -59.9971  1.03474
 1.07691 -59.9882  1.03489
 1.07706 -59.9792  1.03504
 1.07721 -59.9703  1.03519
 1.07736 -59.9613  1.03534
 1.07751 -59.9524  1.03549
 1.07766 -59.9434  1.03564
 1.07781 -59.9345  1.03579
 1.07796 -59.9256  1.03594
 1.07811 -59.9166  1.03609
 1.07826 -59.9077  1.03624
 1.07841 -59.8988  1.03624
 1.07856 -59.8898  1.03639
 1.07871 -59.8809  1.03654
 1.07886  -59.872  1.03669
 1.07901 -59.8631  1.03684
 1.07916 -59.8541  1.03699
 1.07931 -59.8452  1.03714
 1.07946 -59.8363  1.03729
 1.07961 -59.8274  1.03744
 1.07976 -59.8185  1.03759
 1.07991 -59.8096  1.03774
 1.08007 -59.8007  1.03789
 1.08022 -59.7918  1.03804
 1.08037 -59.7829  1.03819
 1.08052  -59.774  1.03834
 1.08067 -59.7651  1.03834
 1.08082 -59.7562  1.03849
 1.08097 -59.7473  1.03864
 1.08112 -59.7384  1.03879
 1.08127 -59.7296  1.03894
 1.08142 -59.7207  1.03909
 1.08157 -59.7118  1.03924
 1.08172 -59.7029  1.03939
 1.08187  -59.694  1.03954
 1.08202 -59.6852  1.03969
 1.08217 -59.6763  1.03984
 1.08232 -59.6674  1.03999
 1.08247 -59.6586  1.04015
 1.08262 -59.6497   1.0403
 1.08277 -59.6408  1.04045
 1.08292  -59.632   1.0406
 1.08307 -59.6231   1.0406
 1.08322 -59.6143  1.04075
 1.08337 -59.6054   1.0409
 1.08352 -59.5966  1.04105
 1.08367 -59.5877   1.0412
 1.08382 -59.5789  1.04135
 1.08397 -59.5701   1.0415
 1.08412 -59.5612  1.04165
 1.08427 -59.5524   1.0418
 1.08442 -59.5435  1.04195
 1.08457 -59.5347   1.0421
 1.08472 -59.5259  1.04225
 1.08487 -59.5171   1.0424
 1.08502 -59.5082  1.04255
 1.08517 -59.4994   1.0427
 1.08532 -59.4906  1.04285
 1.08547 -59.4818  1.04285
 1.08562  -59.473    1.043
 1.08577 -59.4642  1.04315
 1.08592 -59.4553   1.0433
 1.08607 -59.4465  1.04345
 1.08622 -59.4377   1.0436
 1.08637 -59.4289  1.04375
 1.08652 -59.4201   1.0439
 1.08667 -59.4113  1.04405
 1.08682 -59.4025   1.0442
 1.08697 -59.3937  1.04435
 1.08712 -59.3849   1.0445
 1.08727 -59.3762  1.04465
 1.08742 -59.3674   1.0448
 1.08757 -59.3586  1.04495
 1.08772 -59.3498   1.0451
 1.08787  -59.341   1.0451
 1.08802 -59.3323  1.04525
 1.08817 -59.3235   1.0454
 1.08832 -59.3147  1.04555
 1.08847 -59.3059   1.0457
 1.08862 -59.2972  1.04585
 1.08877 -59.2884    1.046
 1.08892 -59.2796  1.04615
 1.08907 -59.2709   1.0463
 1.08922 -59.2621  1.04645
 1.08937 -59.2534   1.0466
 1.08952 -59.2446  1.04675
 1.08967 -59.2359   1.0469
 1.08982 -59.2271  1.04705
 1.08997 -59.2184   1.0472
 1.09012 -59.2096  1.04735
 1.09027 -59.2009  1.04735
 1.09042 -59.1922   1.0475
 1.09057 -59.1834  1.04765
 1.09072 -59.1747   1.0478
 1.09087  -59.166  1.04795
 1.09102 -59.1572   1.0481
 1.09117 -59.1485  1.04825
 1.09132 -59.1398   1.0484
 1.09147 -59.1311  1.04855
 1.09162 -59.1223   1.0487
 1.09177 -59.1136  1.04885
 1.09192 -59.1049    1.049
 1.09207 -59.0962  1.04915
 1.09222 -59.0875   1.0493
 1.09237 -59.0788  1.04945
 1.09252 -59.0701  1.04945
 1.09267 -59.0614   1.0496
 1.09282 -59.0527  1.04975
 1.09297  -59.044   1.0499
 1.09312 -59.0353  1.05005
 1.09327 -59.0266   1.0502
 1.09342 -59.0179  1.05035
 1.09357 -59.0092   1.0505
 1.09372 -59.0005  1.05065
 1.09387 -58.9918   1.0508
 1.09402 -58.9831  1.05095
 1.09417 -58.9745   1.0511
 1.09432 -58.9658  1.05125
 1.09447 -58.9571   1.0514
 1.09462 -58.9484  1.05155
 1.09477 -58.9398   1.0517
 1.09492 -58.9311   1.0517
 1.09507 -58.9224  1.05185
 1.09522 -58.9138    1.052
 1.09537 -58.9051  1.05215
 1.09552 -58.8965   1.0523
 1.09567 -58.8878  1.05245
 1.09582 -58.8791   1.0526
 1.09597 -58.8705  1.05275
 1.09612 -58.8618   1.0529
 1.09627 -58.8532  1.05305
 1.09642 -58.8446   1.0532
 1.09657 -58.8359  1.05335
 1.09672 -58.8273   1.0535
 1.09687 -58.8186  1.05365
 1.09702   -58.81   1.0538
 1.09717 -58.8014   1.0538
 1.09732 -58.7927  1.05395
 1.09747 -58.7841   1.0541
 1.09762 -58.7755  1.05425
 1.09777 -58.7669   1.0544
 1.09792 -58.7582  1.05455
 1.09807 -58.7496   1.0547
 1.09822  -58.741  1.05485
 1.09837 -58.7324    1.055
 1.09852 -58.7238  1.05515
 1.09867 -58.7152   1.0553
 1.09882 -58.7066  1.05545
 1.09897  -58.698   1.0556
 1.09912 -58.6894  1.05575
 1.09927 -58.6808   1.0559
 1.09942 -58.6722   1.0559
 1.09957 -58.6636  1.05605
 1.09972  -58.655   1.0562
 1.09987 -58.6464  1.05635
 1.10003 -58.6378   1.0565
 1.10018 -58.6292  1.05665
 1.10033 -58.6206   1.0568
 1.10048  -58.612  1.05695
 1.10063 -58.6035   1.0571
 1.10078 -58.5949  1.05725
 1.10093 -58.5863   1.0574
 1.10108 -58.5777  1.05755
 1.10123 -58.5692   1.0577
 1.10138 -58.5606  1.05785
 1.10153  -58.552    1.058
 1.10168 -58.5435    1.058
 1.10183 -58.5349  1.05815
 1.10198 -58.5264   1.0583
 1.10213 -58.5178  1.05845
 1.10228 -58.5093   1.0586
 1.10243 -58.5007  1.05875
 1.10258 -58.4922   1.0589
 1.10273 -58.4836  1.05905
 1.10288 -58.4751   1.0592
 1.10303 -58.4665  1.05935
 1.10318  -58.458   1.0595
 1.10333 -58.4495  1.05965
 1.10348 -58.4409   1.0598
 1.10363 -58.4324  1.05995
 1.10378 -58.4239  1.06011
 1.10393 -58.4153  1.06011
 1.10408 -58.4068  1.06026
 1.10423 -58.3983  1.06041
 1.10438 -58.3898  1.06056
 1.10453 -58.3812  1.06071
 1.10468 -58.3727  1.06086
 1.10483 -58.3642  1.06101
 1.10498 -58.3557  1.06116
 1.10513 -58.3472  1.06131
 1.10528 -58.3387  1.06146
 1.10543 -58.3302  1.06161
 1.10558 -58.3217  1.06176
 1.10573 -58.3132  1.06191
 1.10588 -58.3047  1.06206
 1.10603 -58.2962  1.06221
 1.10618 -58.2877  1.06221
 1.10633 -58.2792  1.06236
 1.10648 -58.2707  1.06251
 1.10663 -58.2622  1.06266
 1.10678 -58.2538  1.06281
 1.10693 -58.2453  1.06296
 1.10708 -58.2368  1.06311
 1.10723 -58.2283  1.06326
 1.10738 -58.2199  1.06341
 1.10753 -58.2114  1.06356
 1.10768 -58.2029  1.06371
 1.10783 -58.1945  1.06386
 1.10798  -58.186  1.06401
 1.10813 -58.1775  1.06416
 1.10828 -58.1691  1.06416
 1.10843 -58.1606  1.06431
 1.10858 -58.1522  1.06446
 1.10873 -58.1437  1.06461
 1.10888 -58.1353  1.06476
 1.10903 -58.1268  1.06491
 1.10918 -58.1184  1.06506
 1.10933 -58.1099  1.06521
 1.10948 -58.1015  1.06536
 1.10963  -58.093  1.06551
 1.10978 -58.0846  1.06566
 1.10993 -58.0762  1.06581
 1.11008 -58.0677  1.06596
 1.11023 -58.0593  1.06611
 1.11038 -58.0509  1.06626
 1.11053 -58.0425  1.06626
 1.11068  -58.034  1.06641
 1.11083 -58.0256  1.06656
 1.11098 -58.0172  1.06671
 1.11113 -58.0088  1.06686
 1.11128 -58.0004  1.06701
 1.11143  -57.992  1.06716
 1.11158 -57.9836  1.06731
 1.11173 -57.9752  1.06746
 1.11188 -57.9668  1.06761
 1.11203 -57.9583  1.06776
 1.11218   -57.95  1.06791
 1.11233 -57.9416  1.06806
 1.11248 -57.9332  1.06821
 1.11263 -57.9248  1.06821
 1.11278 -57.9164  1.06836
 1.11293  -57.908  1.06851
 1.11308 -57.8996  1.06866
 1.11323 -57.8912  1.06881
 1.11338 -57.8828  1.06896
 1.11353 -57.8745  1.06911
 1.11368 -57.8661  1.06926
 1.11383 -57.8577  1.06941
 1.11398 -57.8493  1.06956
 1.11413  -57.841  1.06971
 1.11428 -57.8326  1.06986
 1.11443 -57.8243  1.07001
 1.11458 -57.8159  1.07016
 1.11473 -57.8075  1.07016
 1.11488 -57.7992  1.07031
 1.11503 -57.7908  1.07046
 1.11518 -57.7825  1.07061
 1.11533 -57.7741  1.07076
 1.11548 -57.7658  1.07091
 1.11563 -57.7574  1.07106
 1.11578 -57.7491  1.07121
 1.11593 -57.7407  1.07136
 1.11608 -57.7324  1.07151
 1.11623 -57.7241  1.07166
 1.11638 -57.7157  1.07181
 1.11653 -57.7074  1.07196
 1.11668 -57.6991  1.07211
 1.11683 -57.6907  1.07211
 1.11698 -57.6824  1.07226
 1.11713 -57.6741  1.07241
 1.11728 -57.6658  1.07256
 1.11743 -57.6575  1.07271
 1.11758 -57.6491  1.07286
 1.11773 -57.6408  1.07301
 1.11788 -57.6325  1.07316
 1.11803 -57.6242  1.07331
 1.11818 -57.6159  1.07346
 1.11833 -57.6076  1.07361
 1.11848 -57.5993  1.07376
 1.11863  -57.591  1.07391
 1.11878 -57.5827  1.07406
 1.11893 -57.5744  1.07406
 1.11908 -57.5661  1.07421
 1.11923 -57.5578  1.07436
 1.11938 -57.5495  1.07451
 1.11953 -57.5413  1.07466
 1.11968  -57.533  1.07481
 1.11983 -57.5247  1.07496
 1.11998 -57.5164  1.07511
 1.12014 -57.5081  1.07526
 1.12029 -57.4999  1.07541
 1.12044 -57.4916  1.07556
 1.12059 -57.4833  1.07571
 1.12074 -57.4751  1.07586
 1.12089 -57.4668  1.07601
 1.12104 -57.4585  1.07601
 1.12119 -57.4503  1.07616
 1.12134  -57.442  1.07631
 1.12149 -57.4338  1.07646
 1.12164 -57.4255  1.07661
 1.12179 -57.4172  1.07676
 1.12194  -57.409  1.07691
 1.12209 -57.4008  1.07706
 1.12224 -57.3925  1.07721
 1.12239 -57.3843  1.07736
 1.12254  -57.376  1.07751
 1.12269 -57.3678  1.07766
 1.12284 -57.3596  1.07781
 1.12299 -57.3513  1.07796
 1.12314 -57.3431  1.07796
 1.12329 -57.3349  1.07811
 1.12344 -57.3266  1.07826
 1.12359 -57.3184  1.07841
 1.12374 -57.3102  1.07856
 1.12389  -57.302  1.07871
 1.12404 -57.2938  1.07886
 1.12419 -57.2856  1.07901
 1.12434 -57.2773  1.07916
 1.12449 -57.2691  1.07931
 1.12464 -57.2609  1.07946
 1.12479 -57.2527  1.07961
 1.12494 -57.2445  1.07976
 1.12509 -57.2363  1.07976
 1.12524 -57.2281  1.07991
 1.12539 -57.2199  1.08007
 1.12554 -57.2117  1.08022
 1.12569 -57.2035  1.08037
 1.12584 -57.1954  1.08052
 1.12599 -57.1872  1.08067
 1.12614  -57.179  1.08082
 1.12629 -57.1708  1.08097
 1.12644 -57.1626  1.08112
 1.12659 -57.1545  1.08127
 1.12674 -57.1463  1.08142
 1.12689 -57.1381  1.08157
 1.12704 -57.1299  1.08157
 1.12719 -57.1218  1.08172
 1.12734 -57.1136  1.08187
 1.12749 -57.1054  1.08202
 1.12764 -57.0973  1.08217
 1.12779 -57.0891  1.08232
 1.12794  -57.081  1.08247
 1.12809 -57.0728  1.08262
 1.12824 -57.0647  1.08277
 1.12839 -57.0565  1.08292
 1.12854 -57.0484  1.08307
 1.12869 -57.0402  1.08322
 1.12884 -57.0321  1.08337
 1.12899  -57.024  1.08337
 1.12914 -57.0158  1.08352
 1.12929 -57.0077  1.08367
 1.12944 -56.9995  1.08382
 1.12959 -56.9914  1.08397
 1.12974 -56.9833  1.08412
 1.12989 -56.9752  1.08427
 1.13004  -56.967  1.08442
 1.13019 -56.9589  1.08457
 1.13034 -56.9508  1.08472
 1.13049 -56.9427  1.08487
 1.13064 -56.9346  1.08502
 1.13079 -56.9265  1.08502
 1.13094 -56.9184  1.08517
 1.13109 -56.9102  1.08532
 1.13124 -56.9021  1.08547
 1.13139  -56.894  1.08562
 1.13154 -56.8859  1.08577
 1.13169 -56.8778  1.08592
 1.13184 -56.8697  1.08607
 1.13199 -56.8617  1.08622
 1.13214 -56.8536  1.08637
 1.13229 -56.8455  1.08652
 1.13244 -56.8374  1.08667
 1.13259 -56.8293  1.08682
 1.13274 -56.8212  1.08682
 1.13289 -56.8132  1.08697
 1.13304 -56.8051  1.08712
 1.13319  -56.797  1.08727
 1.13334 -56.7889  1.08742
 1.13349 -56.7809  1.08757
 1.13364 -56.7728  1.08772
 1.13379 -56.7647  1.08787
 1.13394 -56.7567  1.08802
 1.13409 -56.7486  1.08817
 1.13424 -56.7406  1.08832
 1.13439 -56.7325  1.08847
 1.13454 -56.7244  1.08847
 1.13469 -56.7164  1.08862
 1.13484 -56.7083  1.08877
 1.13499 -56.7003  1.08892
 1.13514 -56.6923  1.08907
 1.13529 -56.6842  1.08922
 1.13544 -56.6762  1.08937
 1.13559 -56.6681  1.08952
 1.13574 -56.6601  1.08967
 1.13589 -56.6521  1.08982
 1.13604  -56.644  1.08997
 1.13619  -56.636  1.09012
 1.13634  -56.628  1.09027
 1.13649   -56.62  1.09027
 1.13664 -56.6119  1.09042
 1.13679 -56.6039  1.09057
 1.13694 -56.5959  1.09072
 1.13709 -56.5879  1.09087
 1.13724 -56.5799  1.09102
 1.13739 -56.5719  1.09117
 1.13754 -56.5639  1.09132
 1.13769 -56.5559  1.09147
 1.13784 -56.5479  1.09162
 1.13799 -56.5399  1.09177
 1.13814 -56.5319  1.09177
 1.13829 -56.5239  1.09192
 1.13844 -56.5159  1.09207
 1.13859 -56.5079  1.09222
 1.13874 -56.4999  1.09237
 1.13889 -56.4919  1.09252
 1.13904 -56.4839  1.09267
 1.13919  -56.476  1.09282
 1.13934  -56.468  1.09297
 1.13949   -56.46  1.09312
 1.13964  -56.452  1.09327
 1.13979 -56.4441  1.09327
 1.13994 -56.4361  1.09342
  1.1401 -56.4281  1.09357
 1.14025 -56.4202  1.09372
  1.1404 -56.4122  1.09387
 1.14055 -56.4043  1.09402
  1.1407 -56.3963  1.09417
 1.14085 -56.3884  1.09432
   1.141 -56.3804  1.09447
 1.14115 -56.3725  1.09462
  1.1413 -56.3645  1.09477
 1.14145 -56.3566  1.09477
  1.1416 -56.3486  1.09492
 1.14175 -56.3407  1.09507
  1.1419 -56.3328  1.09522
 1.14205 -56.3248  1.09537
  1.1422 -56.3169  1.09552
 1.14235  -56.309  1.09567
  1.1425 -56.3011  1.09582
 1.14265 -56.2931  1.09597
  1.1428 -56.2852  1.09612
 1.14295 -56.2773  1.09612
  1.1431 -56.2694  1.09627
 1.14325 -56.2615  1.09642
  1.1434 -56.2536  1.09657
 1.14355 -56.2456  1.09672
  1.1437 -56.2377  1.09687
 1.14385 -56.2298  1.09702
   1.144 -56.2219  1.09717
 1.14415  -56.214  1.09732
  1.1443 -56.2061  1.09747
 1.14445 -56.1982  1.09762
  1.1446 -56.1904  1.09762
 1.14475 -56.1825  1.09777
  1.1449 -56.1746  1.09792
 1.14505 -56.1667  1.09807
  1.1452 -56.1588  1.09822
 1.14535 -56.1509  1.09837
  1.1455 -56.1431  1.09852
 1.14565 -56.1352  1.09867
  1.1458 -56.1273  1.09882
 1.14595 -56.1195  1.09897
  1.1461 -56.1116  1.09897
 1.14625 -56.1037  1.09912
  1.1464 -56.0959  1.09927
 1.14655  -56.088  1.09942
  1.1467 -56.0801  1.09957
 1.14685 -56.0723  1.09972
   1.147 -56.0644  1.09987
 1.14715 -56.0566  1.10003
  1.1473 -56.0487  1.10018
 1.14745 -56.0409  1.10033
  1.1476 -56.0331  1.10033
 1.14775 -56.0252  1.10048
  1.1479 -56.0174  1.10063
 1.14805 -56.0095  1.10078
  1.1482 -56.0017  1.10093
 1.14835 -55.9939  1.10108
  1.1485 -55.9861  1.10123
 1.14865 -55.9782  1.10138
  1.1488 -55.9704  1.10153
 1.14895 -55.9626  1.10168
  1.1491 -55.9548  1.10183
 1.14925  -55.947  1.10183
  1.1494 -55.9392  1.10198
 1.14955 -55.9313  1.10213
  1.1497 -55.9235  1.10228
 1.14985 -55.9157  1.10243
    1.15 -55.9079  1.10258