 kgrid  ValNew  Policy 
    0.85 -77.4281     0.85
 0.85015 -77.4081     0.85
  0.8503 -77.3882     0.85
 0.85045 -77.3683     0.85
  0.8506 -77.3485     0.85
 0.85075 -77.3287     0.85
  0.8509 -77.3089     0.85
0.851051 -77.2892     0.85
0.851201 -77.2696     0.85
0.851351 -77.2499     0.85
0.851501 -77.2304     0.85
0.851651 -77.2108     0.85
0.851801 -77.1913     0.85
0.851951 -77.1719     0.85
0.852101 -77.1525     0.85
0.852251 -77.1331     0.85
0.852401 -77.1138     0.85
0.852551 -77.0945     0.85
0.852701 -77.0753     0.85
0.852851 -77.0561     0.85
0.853002 -77.0369     0.85
0.853152 -77.0178     0.85
0.853302 -76.9987     0.85
0.853452 -76.9797     0.85
0.853602 -76.9607     0.85
0.853752 -76.9418     0.85
0.853902 -76.9229     0.85
0.854052  -76.904     0.85
0.854202 -76.8852     0.85
0.854352 -76.8664     0.85
0.854502 -76.8477     0.85
0.854652  -76.829     0.85
0.854802 -76.8103     0.85
0.854952 -76.7917     0.85
0.855103 -76.7731     0.85
0.855253 -76.7545     0.85
0.855403  -76.736     0.85
0.855553 -76.7176     0.85
0.855703 -76.6991     0.85
0.855853 -76.6808     0.85
0.856003 -76.6624     0.85
0.856153 -76.6441     0.85
0.856303 -76.6258     0.85
0.856453 -76.6076     0.85
0.856603 -76.5894     0.85
0.856753 -76.5713     0.85
0.856903 -76.5532     0.85
0.857054 -76.5351     0.85
0.857204 -76.5171     0.85
0.857354 -76.4991     0.85
0.857504 -76.4811     0.85
0.857654 -76.4632     0.85
0.857804 -76.4453     0.85
0.857954 -76.4275     0.85
0.858104 -76.4097     0.85
0.858254 -76.3919     0.85
0.858404 -76.3742     0.85
0.858554 -76.3565     0.85
0.858704 -76.3388     0.85
0.858854 -76.3212     0.85
0.859005 -76.3037     0.85
0.859155 -76.2861     0.85
0.859305 -76.2686     0.85
0.859455 -76.2512     0.85
0.859605 -76.2337     0.85
0.859755 -76.2163     0.85
0.859905  -76.199     0.85
0.860055 -76.1817     0.85
0.860205 -76.1644     0.85
0.860355 -76.1471     0.85
0.860505 -76.1299     0.85
0.860655 -76.1128     0.85
0.860805 -76.0956     0.85
0.860955 -76.0785     0.85
0.861106 -76.0615     0.85
0.861256 -76.0445     0.85
0.861406 -76.0275     0.85
0.861556 -76.0105     0.85
0.861706 -75.9936     0.85
0.861856 -75.9767     0.85
0.862006 -75.9599     0.85
0.862156 -75.9431     0.85
0.862306 -75.9263     0.85
0.862456 -75.9095     0.85
0.862606 -75.8928     0.85
0.862756 -75.8762     0.85
0.862906 -75.8595     0.85
0.863057 -75.8429     0.85
0.863207 -75.8264     0.85
0.863357 -75.8098     0.85
0.863507 -75.7934     0.85
0.863657 -75.7769     0.85
0.863807 -75.7605     0.85
0.863957 -75.7441     0.85
0.864107 -75.7277     0.85
0.864257 -75.7114     0.85
0.864407 -75.6951     0.85
0.864557 -75.6789     0.85
0.864707 -75.6626     0.85
0.864857 -75.6465     0.85
0.865008 -75.6303     0.85
0.865158 -75.6142     0.85
0.865308 -75.5981     0.85
0.865458 -75.5821     0.85
0.865608  -75.566     0.85
0.865758   -75.55     0.85
0.865908 -75.5341     0.85
0.866058 -75.5182     0.85
0.866208 -75.5023     0.85
0.866358 -75.4864     0.85
0.866508 -75.4706     0.85
0.866658 -75.4548     0.85
0.866808 -75.4391     0.85
0.866958 -75.4234     0.85
0.867109 -75.4077     0.85
0.867259  -75.392     0.85
0.867409 -75.3764     0.85
0.867559 -75.3608     0.85
0.867709 -75.3453     0.85
0.867859 -75.3297     0.85
0.868009 -75.3143     0.85
0.868159 -75.2988     0.85
0.868309 -75.2834     0.85
0.868459  -75.268     0.85
0.868609 -75.2526     0.85
0.868759 -75.2373     0.85
0.868909  -75.222     0.85
 0.86906 -75.2067     0.85
 0.86921 -75.1915     0.85
 0.86936 -75.1763     0.85
 0.86951 -75.1611     0.85
 0.86966 -75.1459     0.85
 0.86981 -75.1308     0.85
 0.86996 -75.1158     0.85
 0.87011 -75.1007     0.85
 0.87026 -75.0857     0.85
 0.87041 -75.0707     0.85
 0.87056 -75.0557     0.85
 0.87071 -75.0408     0.85
 0.87086 -75.0259  0.85015
0.871011  -75.011   0.8503
0.871161 -74.9961   0.8503
0.871311 -74.9813  0.85045
0.871461 -74.9664   0.8506
0.871611 -74.9515   0.8506
0.871761 -74.9367  0.85075
0.871911 -74.9219  0.85075
0.872061 -74.9071   0.8509
0.872211 -74.8923 0.851051
0.872361 -74.8775 0.851051
0.872511 -74.8627 0.851201
0.872661  -74.848 0.851351
0.872811 -74.8332 0.851351
0.872961 -74.8185 0.851501
0.873112 -74.8038 0.851651
0.873262 -74.7891 0.851651
0.873412 -74.7744 0.851801
0.873562 -74.7597 0.851951
0.873712  -74.745 0.852101
0.873862 -74.7303 0.852101
0.874012 -74.7157 0.852251
0.874162  -74.701 0.852401
0.874312 -74.6864 0.852401
0.874462 -74.6718 0.852551
0.874612 -74.6572 0.852701
0.874762 -74.6426 0.852851
0.874912  -74.628 0.852851
0.875063 -74.6134 0.853002
0.875213 -74.5988 0.853152
0.875363 -74.5843 0.853152
0.875513 -74.5697 0.853302
0.875663 -74.5552 0.853452
0.875813 -74.5406 0.853602
0.875963 -74.5261 0.853602
0.876113 -74.5116 0.853752
0.876263 -74.4971 0.853902
0.876413 -74.4826 0.854052
0.876563 -74.4682 0.854052
0.876713 -74.4537 0.854202
0.876863 -74.4393 0.854352
0.877014 -74.4248 0.854352
0.877164 -74.4104 0.854502
0.877314  -74.396 0.854652
0.877464 -74.3815 0.854802
0.877614 -74.3671 0.854802
0.877764 -74.3528 0.854952
0.877914 -74.3384 0.855103
0.878064  -74.324 0.855103
0.878214 -74.3096 0.855253
0.878364 -74.2953 0.855403
0.878514  -74.281 0.855553
0.878664 -74.2666 0.855553
0.878814 -74.2523 0.855703
0.878964  -74.238 0.855853
0.879115 -74.2237 0.856003
0.879265 -74.2094 0.856003
0.879415 -74.1951 0.856153
0.879565 -74.1809 0.856303
0.879715 -74.1666 0.856303
0.879865 -74.1524 0.856453
0.880015 -74.1381 0.856603
0.880165 -74.1239 0.856753
0.880315 -74.1097 0.856753
0.880465 -74.0955 0.856903
0.880615 -74.0813 0.857054
0.880765 -74.0671 0.857204
0.880915 -74.0529 0.857204
0.881066 -74.0388 0.857354
0.881216 -74.0246 0.857504
0.881366 -74.0105 0.857504
0.881516 -73.9963 0.857654
0.881666 -73.9822 0.857804
0.881816 -73.9681 0.857954
0.881966  -73.954 0.857954
0.882116 -73.9399 0.858104
0.882266 -73.9258 0.858254
0.882416 -73.9117 0.858404
0.882566 -73.8977 0.858404
0.882716 -73.8836 0.858554
0.882866 -73.8696 0.858704
0.883017 -73.8555 0.858704
0.883167 -73.8415 0.858854
0.883317 -73.8275 0.859005
0.883467 -73.8135 0.859155
0.883617 -73.7995 0.859155
0.883767 -73.7855 0.859305
0.883917 -73.7715 0.859455
0.884067 -73.7576 0.859605
0.884217 -73.7436 0.859605
0.884367 -73.7296 0.859755
0.884517 -73.7157 0.859905
0.884667 -73.7018 0.859905
0.884817 -73.6879 0.860055
0.884967  -73.674 0.860205
0.885118 -73.6601 0.860355
0.885268 -73.6462 0.860355
0.885418 -73.6323 0.860505
0.885568 -73.6184 0.860655
0.885718 -73.6046 0.860805
0.885868 -73.5907 0.860805
0.886018 -73.5769 0.860955
0.886168  -73.563 0.861106
0.886318 -73.5492 0.861256
0.886468 -73.5354 0.861256
0.886618 -73.5216 0.861406
0.886768 -73.5078 0.861556
0.886918  -73.494 0.861706
0.887069 -73.4802 0.861706
0.887219 -73.4665 0.861856
0.887369 -73.4527 0.862006
0.887519  -73.439 0.862006
0.887669 -73.4252 0.862156
0.887819 -73.4115 0.862306
0.887969 -73.3978 0.862456
0.888119 -73.3841 0.862606
0.888269 -73.3704 0.862606
0.888419 -73.3567 0.862756
0.888569  -73.343 0.862906
0.888719 -73.3293 0.862906
0.888869 -73.3157 0.863057
 0.88902  -73.302 0.863207
 0.88917 -73.2884 0.863357
 0.88932 -73.2747 0.863357
 0.88947 -73.2611 0.863507
 0.88962 -73.2475 0.863657
 0.88977 -73.2339 0.863807
 0.88992 -73.2203 0.863807
 0.89007 -73.2067 0.863957
 0.89022 -73.1931 0.864107
 0.89037 -73.1795 0.864257
 0.89052  -73.166 0.864257
 0.89067 -73.1524 0.864407
 0.89082 -73.1389 0.864557
 0.89097 -73.1253 0.864707
0.891121 -73.1118 0.864707
0.891271 -73.0983 0.864857
0.891421 -73.0848 0.865008
0.891571 -73.0713 0.865158
0.891721 -73.0578 0.865158
0.891871 -73.0443 0.865308
0.892021 -73.0308 0.865458
0.892171 -73.0174 0.865608
0.892321 -73.0039 0.865608
0.892471 -72.9905 0.865758
0.892621  -72.977 0.865908
0.892771 -72.9636 0.866058
0.892921 -72.9502 0.866058
0.893072 -72.9368 0.866208
0.893222 -72.9234 0.866358
0.893372   -72.91 0.866508
0.893522 -72.8966 0.866508
0.893672 -72.8832 0.866658
0.893822 -72.8699 0.866808
0.893972 -72.8565 0.866958
0.894122 -72.8432 0.866958
0.894272 -72.8298 0.867109
0.894422 -72.8165 0.867259
0.894572 -72.8032 0.867409
0.894722 -72.7899 0.867409
0.894872 -72.7766 0.867559
0.895023 -72.7633 0.867709
0.895173   -72.75 0.867859
0.895323 -72.7367 0.867859
0.895473 -72.7234 0.868009
0.895623 -72.7102 0.868159
0.895773 -72.6969 0.868309
0.895923 -72.6837 0.868309
0.896073 -72.6704 0.868459
0.896223 -72.6572 0.868609
0.896373  -72.644 0.868759
0.896523 -72.6308 0.868759
0.896673 -72.6176 0.868909
0.896823 -72.6044  0.86906
0.896973 -72.5912  0.86921
0.897124  -72.578  0.86921
0.897274 -72.5649  0.86936
0.897424 -72.5517  0.86951
0.897574 -72.5385  0.86966
0.897724 -72.5254  0.86966
0.897874 -72.5123  0.86981
0.898024 -72.4991  0.86996
0.898174  -72.486  0.87011
0.898324 -72.4729  0.87011
0.898474 -72.4598  0.87026
0.898624 -72.4467  0.87041
0.898774 -72.4337  0.87056
0.898924 -72.4206  0.87056
0.899075 -72.4075  0.87071
0.899225 -72.3945  0.87086
0.899375 -72.3814 0.871011
0.899525 -72.3684 0.871161
0.899675 -72.3553 0.871311
0.899825 -72.3423 0.871311
0.899975 -72.3293 0.871461
0.900125 -72.3162 0.871611
0.900275 -72.3032 0.871761
0.900425 -72.2902 0.871911
0.900575 -72.2772 0.872061
0.900725 -72.2642 0.872211
0.900875 -72.2512 0.872211
0.901026 -72.2382 0.872361
0.901176 -72.2253 0.872511
0.901326 -72.2123 0.872661
0.901476 -72.1993 0.872811
0.901626 -72.1864 0.872961
0.901776 -72.1734 0.873112
0.901926 -72.1605 0.873112
0.902076 -72.1475 0.873262
0.902226 -72.1346 0.873412
0.902376 -72.1217 0.873562
0.902526 -72.1088 0.873712
0.902676 -72.0958 0.873862
0.902826 -72.0829 0.874012
0.902976   -72.07 0.874012
0.903127 -72.0571 0.874162
0.903277 -72.0442 0.874312
0.903427 -72.0313 0.874462
0.903577 -72.0185 0.874612
0.903727 -72.0056 0.874762
0.903877 -71.9927 0.874912
0.904027 -71.9799 0.874912
0.904177  -71.967 0.875063
0.904327 -71.9542 0.875213
0.904477 -71.9413 0.875363
0.904627 -71.9285 0.875513
0.904777 -71.9156 0.875663
0.904927 -71.9028 0.875663
0.905078   -71.89 0.875813
0.905228 -71.8772 0.875963
0.905378 -71.8644 0.876113
0.905528 -71.8516 0.876263
0.905678 -71.8388 0.876413
0.905828  -71.826 0.876563
0.905978 -71.8132 0.876713
0.906128 -71.8004 0.876713
0.906278 -71.7876 0.876863
0.906428 -71.7749 0.877014
0.906578 -71.7621 0.877164
0.906728 -71.7493 0.877314
0.906878 -71.7366 0.877464
0.907029 -71.7238 0.877614
0.907179 -71.7111 0.877614
0.907329 -71.6984 0.877764
0.907479 -71.6856 0.877914
0.907629 -71.6729 0.878064
0.907779 -71.6602 0.878214
0.907929 -71.6475 0.878364
0.908079 -71.6348 0.878514
0.908229 -71.6221 0.878514
0.908379 -71.6094 0.878664
0.908529 -71.5967 0.878814
0.908679  -71.584 0.878964
0.908829 -71.5713 0.879115
0.908979 -71.5587 0.879265
 0.90913  -71.546 0.879415
 0.90928 -71.5333 0.879415
 0.90943 -71.5207 0.879565
 0.90958  -71.508 0.879715
 0.90973 -71.4954 0.879865
 0.90988 -71.4827 0.880015
 0.91003 -71.4701 0.880165
 0.91018 -71.4575 0.880315
 0.91033 -71.4449 0.880465
 0.91048 -71.4323 0.880465
 0.91063 -71.4196 0.880615
 0.91078  -71.407 0.880765
 0.91093 -71.3944 0.880915
0.911081 -71.3818 0.881066
0.911231 -71.3692 0.881216
0.911381 -71.3567 0.881366
0.911531 -71.3441 0.881516
0.911681 -71.3315 0.881516
0.911831 -71.3189 0.881666
0.911981 -71.3064 0.881816
0.912131 -71.2938 0.881966
0.912281 -71.2813 0.882116
0.912431 -71.2687 0.882266
0.912581 -71.2562 0.882416
0.912731 -71.2436 0.882566
0.912881 -71.2311 0.882716
0.913032 -71.2186 0.882716
0.913182 -71.2061 0.882866
0.913332 -71.1935 0.883017
0.913482  -71.181 0.883167
0.913632 -71.1685 0.883317
0.913782  -71.156 0.883467
0.913932 -71.1435 0.883617
0.914082  -71.131 0.883767
0.914232 -71.1186 0.883767
0.914382 -71.1061 0.883917
0.914532 -71.0936 0.884067
0.914682 -71.0811 0.884217
0.914832 -71.0687 0.884367
0.914982 -71.0562 0.884517
0.915133 -71.0438 0.884667
0.915283 -71.0313 0.884817
0.915433 -71.0189 0.884817
0.915583 -71.0064 0.884967
0.915733  -70.994 0.885118
0.915883 -70.9816 0.885268
0.916033 -70.9692 0.885418
0.916183 -70.9567 0.885568
0.916333 -70.9443 0.885718
0.916483 -70.9319 0.885868
0.916633 -70.9195 0.886018
0.916783 -70.9071 0.886018
0.916933 -70.8947 0.886168
0.917084 -70.8823 0.886318
0.917234   -70.87 0.886468
0.917384 -70.8576 0.886618
0.917534 -70.8452 0.886768
0.917684 -70.8328 0.886918
0.917834 -70.8205 0.887069
0.917984 -70.8081 0.887069
0.918134 -70.7958 0.887219
0.918284 -70.7834 0.887369
0.918434 -70.7711 0.887519
0.918584 -70.7588 0.887669
0.918734 -70.7464 0.887819
0.918884 -70.7341 0.887969
0.919035 -70.7218 0.888119
0.919185 -70.7095 0.888269
0.919335 -70.6972 0.888269
0.919485 -70.6848 0.888419
0.919635 -70.6725 0.888569
0.919785 -70.6602 0.888719
0.919935  -70.648 0.888869
0.920085 -70.6357  0.88902
0.920235 -70.6234  0.88917
0.920385 -70.6111  0.88932
0.920535 -70.5988  0.88932
0.920685 -70.5866  0.88947
0.920835 -70.5743  0.88962
0.920985 -70.5621  0.88977
0.921136 -70.5498  0.88992
0.921286 -70.5376  0.89007
0.921436 -70.5253  0.89022
0.921586 -70.5131  0.89037
0.921736 -70.5009  0.89052
0.921886 -70.4886  0.89052
0.922036 -70.4764  0.89067
0.922186 -70.4642  0.89082
0.922336  -70.452  0.89097
0.922486 -70.4398 0.891121
0.922636 -70.4276 0.891271
0.922786 -70.4154 0.891421
0.922936 -70.4032 0.891571
0.923087  -70.391 0.891721
0.923237 -70.3788 0.891721
0.923387 -70.3666 0.891871
0.923537 -70.3545 0.892021
0.923687 -70.3423 0.892171
0.923837 -70.3301 0.892321
0.923987  -70.318 0.892471
0.924137 -70.3058 0.892621
0.924287 -70.2937 0.892771
0.924437 -70.2815 0.892921
0.924587 -70.2694 0.892921
0.924737 -70.2573 0.893072
0.924887 -70.2451 0.893222
0.925038  -70.233 0.893372
0.925188 -70.2209 0.893522
0.925338 -70.2088 0.893672
0.925488 -70.1967 0.893822
0.925638 -70.1846 0.893972
0.925788 -70.1725 0.894122
0.925938 -70.1604 0.894122
0.926088 -70.1483 0.894272
0.926238 -70.1362 0.894422
0.926388 -70.1241 0.894572
0.926538  -70.112 0.894722
0.926688    -70.1 0.894872
0.926838 -70.0879 0.895023
0.926988 -70.0758 0.895173
0.927139 -70.0638 0.895323
0.927289 -70.0517 0.895323
0.927439 -70.0397 0.895473
0.927589 -70.0276 0.895623
0.927739 -70.0156 0.895773
0.927889 -70.0035 0.895923
0.928039 -69.9915 0.896073
0.928189 -69.9795 0.896223
0.928339 -69.9675 0.896373
0.928489 -69.9555 0.896523
0.928639 -69.9434 0.896523
0.928789 -69.9314 0.896673
0.928939 -69.9194 0.896823
 0.92909 -69.9074 0.896973
 0.92924 -69.8954 0.897124
 0.92939 -69.8835 0.897274
 0.92954 -69.8715 0.897424
 0.92969 -69.8595 0.897574
 0.92984 -69.8475 0.897724
 0.92999 -69.8356 0.897874
 0.93014 -69.8236 0.897874
 0.93029 -69.8116 0.898024
 0.93044 -69.7997 0.898174
 0.93059 -69.7877 0.898324
 0.93074 -69.7758 0.898474
 0.93089 -69.7638 0.898624
0.931041 -69.7519 0.898774
0.931191   -69.74 0.898924
0.931341  -69.728 0.899075
0.931491 -69.7161 0.899075
0.931641 -69.7042 0.899225
0.931791 -69.6923 0.899375
0.931941 -69.6804 0.899525
0.932091 -69.6685 0.899675
0.932241 -69.6566 0.899825
0.932391 -69.6447 0.899975
0.932541 -69.6328 0.900125
0.932691 -69.6209 0.900275
0.932841  -69.609 0.900425
0.932991 -69.5971 0.900575
0.933142 -69.5852 0.900575
0.933292 -69.5734 0.900725
0.933442 -69.5615 0.900875
0.933592 -69.5496 0.901026
0.933742 -69.5378 0.901176
0.933892 -69.5259 0.901326
0.934042 -69.5141 0.901476
0.934192 -69.5022 0.901626
0.934342 -69.4904 0.901776
0.934492 -69.4786 0.901926
0.934642 -69.4667 0.902076
0.934792 -69.4549 0.902076
0.934942 -69.4431 0.902226
0.935093 -69.4312 0.902376
0.935243 -69.4194 0.902526
0.935393 -69.4076 0.902676
0.935543 -69.3958 0.902826
0.935693  -69.384 0.902976
0.935843 -69.3722 0.903127
0.935993 -69.3604 0.903277
0.936143 -69.3486 0.903427
0.936293 -69.3368 0.903577
0.936443  -69.325 0.903577
0.936593 -69.3133 0.903727
0.936743 -69.3015 0.903877
0.936893 -69.2897 0.904027
0.937044 -69.2779 0.904177
0.937194 -69.2662 0.904327
0.937344 -69.2544 0.904477
0.937494 -69.2427 0.904627
0.937644 -69.2309 0.904777
0.937794 -69.2192 0.904927
0.937944 -69.2074 0.905078
0.938094 -69.1957 0.905228
0.938244  -69.184 0.905228
0.938394 -69.1722 0.905378
0.938544 -69.1605 0.905528
0.938694 -69.1488 0.905678
0.938844 -69.1371 0.905828
0.938994 -69.1253 0.905978
0.939145 -69.1136 0.906128
0.939295 -69.1019 0.906278
0.939445 -69.0902 0.906428
0.939595 -69.0785 0.906578
0.939745 -69.0668 0.906728
0.939895 -69.0551 0.906728
0.940045 -69.0435 0.906878
0.940195 -69.0318 0.907029
0.940345 -69.0201 0.907179
0.940495 -69.0084 0.907329
0.940645 -68.9968 0.907479
0.940795 -68.9851 0.907629
0.940945 -68.9734 0.907779
0.941096 -68.9618 0.907929
0.941246 -68.9501 0.908079
0.941396 -68.9385 0.908229
0.941546 -68.9268 0.908379
0.941696 -68.9152 0.908379
0.941846 -68.9036 0.908529
0.941996 -68.8919 0.908679
0.942146 -68.8803 0.908829
0.942296 -68.8687 0.908979
0.942446  -68.857  0.90913
0.942596 -68.8454  0.90928
0.942746 -68.8338  0.90943
0.942896 -68.8222  0.90958
0.943047 -68.8106  0.90973
0.943197  -68.799  0.90988
0.943347 -68.7874  0.91003
0.943497 -68.7758  0.91003
0.943647 -68.7642  0.91018
0.943797 -68.7526  0.91033
0.943947 -68.7411  0.91048
0.944097 -68.7295  0.91063
0.944247 -68.7179  0.91078
0.944397 -68.7063  0.91093
0.944547 -68.6948 0.911081
0.944697 -68.6832 0.911231
0.944847 -68.6716 0.911381
0.944997 -68.6601 0.911531
0.945148 -68.6485 0.911681
0.945298  -68.637 0.911681
0.945448 -68.6255 0.911831
0.945598 -68.6139 0.911981
0.945748 -68.6024 0.912131
0.945898 -68.5908 0.912281
0.946048 -68.5793 0.912431
0.946198 -68.5678 0.912581
0.946348 -68.5563 0.912731
0.946498 -68.5448 0.912881
0.946648 -68.5333 0.913032
0.946798 -68.5217 0.913182
0.946948 -68.5102 0.913332
0.947099 -68.4987 0.913482
0.947249 -68.4872 0.913482
0.947399 -68.4758 0.913632
0.947549 -68.4643 0.913782
0.947699 -68.4528 0.913932
0.947849 -68.4413 0.914082
0.947999 -68.4298 0.914232
0.948149 -68.4183 0.914382
0.948299 -68.4069 0.914532
0.948449 -68.3954 0.914682
0.948599  -68.384 0.914832
0.948749 -68.3725 0.914982
0.948899  -68.361 0.915133
 0.94905 -68.3496 0.915133
  0.9492 -68.3381 0.915283
 0.94935 -68.3267 0.915433
  0.9495 -68.3153 0.915583
 0.94965 -68.3038 0.915733
  0.9498 -68.2924 0.915883
 0.94995  -68.281 0.916033
  0.9501 -68.2695 0.916183
 0.95025 -68.2581 0.916333
  0.9504 -68.2467 0.916483
 0.95055 -68.2353 0.916633
  0.9507 -68.2239 0.916783
 0.95085 -68.2125 0.916933
0.951001 -68.2011 0.916933
0.951151 -68.1897 0.917084
0.951301 -68.1783 0.917234
0.951451 -68.1669 0.917384
0.951601 -68.1555 0.917534
0.951751 -68.1441 0.917684
0.951901 -68.1327 0.917834
0.952051 -68.1214 0.917984
0.952201   -68.11 0.918134
0.952351 -68.0986 0.918284
0.952501 -68.0873 0.918434
0.952651 -68.0759 0.918584
0.952801 -68.0646 0.918734
0.952951 -68.0532 0.918734
0.953102 -68.0418 0.918884
0.953252 -68.0305 0.919035
0.953402 -68.0192 0.919185
0.953552 -68.0078 0.919335
0.953702 -67.9965 0.919485
0.953852 -67.9852 0.919635
0.954002 -67.9738 0.919785
0.954152 -67.9625 0.919935
0.954302 -67.9512 0.920085
0.954452 -67.9399 0.920235
0.954602 -67.9286 0.920385
0.954752 -67.9173 0.920535
0.954902 -67.9059 0.920535
0.955053 -67.8946 0.920685
0.955203 -67.8833 0.920835
0.955353 -67.8721 0.920985
0.955503 -67.8608 0.921136
0.955653 -67.8495 0.921286
0.955803 -67.8382 0.921436
0.955953 -67.8269 0.921586
0.956103 -67.8156 0.921736
0.956253 -67.8044 0.921886
0.956403 -67.7931 0.922036
0.956553 -67.7818 0.922186
0.956703 -67.7706 0.922336
0.956853 -67.7593 0.922336
0.957004 -67.7481 0.922486
0.957154 -67.7368 0.922636
0.957304 -67.7256 0.922786
0.957454 -67.7143 0.922936
0.957604 -67.7031 0.923087
0.957754 -67.6919 0.923237
0.957904 -67.6806 0.923387
0.958054 -67.6694 0.923537
0.958204 -67.6582 0.923687
0.958354 -67.6469 0.923837
0.958504 -67.6357 0.923987
0.958654 -67.6245 0.924137
0.958804 -67.6133 0.924137
0.958954 -67.6021 0.924287
0.959105 -67.5909 0.924437
0.959255 -67.5797 0.924587
0.959405 -67.5685 0.924737
0.959555 -67.5573 0.924887
0.959705 -67.5461 0.925038
0.959855 -67.5349 0.925188
0.960005 -67.5238 0.925338
0.960155 -67.5126 0.925488
0.960305 -67.5014 0.925638
0.960455 -67.4902 0.925788
0.960605 -67.4791 0.925938
0.960755 -67.4679 0.926088
0.960905 -67.4567 0.926088
0.961056 -67.4456 0.926238
0.961206 -67.4344 0.926388
0.961356 -67.4233 0.926538
0.961506 -67.4121 0.926688
0.961656  -67.401 0.926838
0.961806 -67.3899 0.926988
0.961956 -67.3787 0.927139
0.962106 -67.3676 0.927289
0.962256 -67.3565 0.927439
0.962406 -67.3453 0.927589
0.962556 -67.3342 0.927739
0.962706 -67.3231 0.927889
0.962856  -67.312 0.927889
0.963007 -67.3009 0.928039
0.963157 -67.2898 0.928189
0.963307 -67.2787 0.928339
0.963457 -67.2676 0.928489
0.963607 -67.2565 0.928639
0.963757 -67.2454 0.928789
0.963907 -67.2343 0.928939
0.964057 -67.2232  0.92909
0.964207 -67.2121  0.92924
0.964357  -67.201  0.92939
0.964507   -67.19  0.92954
0.964657 -67.1789  0.92969
0.964807 -67.1678  0.92984
0.964957 -67.1568  0.92984
0.965108 -67.1457  0.92999
0.965258 -67.1346  0.93014
0.965408 -67.1236  0.93029
0.965558 -67.1125  0.93044
0.965708 -67.1015  0.93059
0.965858 -67.0904  0.93074
0.966008 -67.0794  0.93089
0.966158 -67.0684 0.931041
0.966308 -67.0573 0.931191
0.966458 -67.0463 0.931341
0.966608 -67.0353 0.931491
0.966758 -67.0243 0.931641
0.966908 -67.0132 0.931791
0.967059 -67.0022 0.931791
0.967209 -66.9912 0.931941
0.967359 -66.9802 0.932091
0.967509 -66.9692 0.932241
0.967659 -66.9582 0.932391
0.967809 -66.9472 0.932541
0.967959 -66.9362 0.932691
0.968109 -66.9252 0.932841
0.968259 -66.9142 0.932991
0.968409 -66.9032 0.933142
0.968559 -66.8922 0.933292
0.968709 -66.8813 0.933442
0.968859 -66.8703 0.933592
 0.96901 -66.8593 0.933742
 0.96916 -66.8483 0.933742
 0.96931 -66.8374 0.933892
 0.96946 -66.8264 0.934042
 0.96961 -66.8155 0.934192
 0.96976 -66.8045 0.934342
 0.96991 -66.7936 0.934492
 0.97006 -66.7826 0.934642
 0.97021 -66.7717 0.934792
 0.97036 -66.7607 0.934942
 0.97051 -66.7498 0.935093
 0.97066 -66.7388 0.935243
 0.97081 -66.7279 0.935393
 0.97096  -66.717 0.935543
0.971111 -66.7061 0.935693
0.971261 -66.6951 0.935843
0.971411 -66.6842 0.935843
0.971561 -66.6733 0.935993
0.971711 -66.6624 0.936143
0.971861 -66.6515 0.936293
0.972011 -66.6406 0.936443
0.972161 -66.6297 0.936593
0.972311 -66.6188 0.936743
0.972461 -66.6079 0.936893
0.972611  -66.597 0.937044
0.972761 -66.5861 0.937194
0.972911 -66.5752 0.937344
0.973062 -66.5643 0.937494
0.973212 -66.5535 0.937644
0.973362 -66.5426 0.937794
0.973512 -66.5317 0.937794
0.973662 -66.5209 0.937944
0.973812   -66.51 0.938094
0.973962 -66.4991 0.938244
0.974112 -66.4883 0.938394
0.974262 -66.4774 0.938544
0.974412 -66.4666 0.938694
0.974562 -66.4557 0.938844
0.974712 -66.4449 0.938994
0.974862  -66.434 0.939145
0.975013 -66.4232 0.939295
0.975163 -66.4124 0.939445
0.975313 -66.4015 0.939595
0.975463 -66.3907 0.939745
0.975613 -66.3799 0.939895
0.975763  -66.369 0.939895
0.975913 -66.3582 0.940045
0.976063 -66.3474 0.940195
0.976213 -66.3366 0.940345
0.976363 -66.3258 0.940495
0.976513  -66.315 0.940645
0.976663 -66.3042 0.940795
0.976813 -66.2934 0.940945
0.976963 -66.2826 0.941096
0.977114 -66.2718 0.941246
0.977264  -66.261 0.941396
0.977414 -66.2502 0.941546
0.977564 -66.2394 0.941696
0.977714 -66.2287 0.941846
0.977864 -66.2179 0.941996
0.978014 -66.2071 0.941996
0.978164 -66.1963 0.942146
0.978314 -66.1856 0.942296
0.978464 -66.1748 0.942446
0.978614 -66.1641 0.942596
0.978764 -66.1533 0.942746
0.978914 -66.1425 0.942896
0.979065 -66.1318 0.943047
0.979215  -66.121 0.943197
0.979365 -66.1103 0.943347
0.979515 -66.0996 0.943497
0.979665 -66.0888 0.943647
0.979815 -66.0781 0.943797
0.979965 -66.0674 0.943947
0.980115 -66.0566 0.944097
0.980265 -66.0459 0.944097
0.980415 -66.0352 0.944247
0.980565 -66.0245 0.944397
0.980715 -66.0138 0.944547
0.980865  -66.003 0.944697
0.981016 -65.9923 0.944847
0.981166 -65.9816 0.944997
0.981316 -65.9709 0.945148
0.981466 -65.9602 0.945298
0.981616 -65.9495 0.945448
0.981766 -65.9388 0.945598
0.981916 -65.9282 0.945748
0.982066 -65.9175 0.945898
0.982216 -65.9068 0.946048
0.982366 -65.8961 0.946198
0.982516 -65.8854 0.946198
0.982666 -65.8748 0.946348
0.982816 -65.8641 0.946498
0.982966 -65.8534 0.946648
0.983117 -65.8428 0.946798
0.983267 -65.8321 0.946948
0.983417 -65.8214 0.947099
0.983567 -65.8108 0.947249
0.983717 -65.8001 0.947399
0.983867 -65.7895 0.947549
0.984017 -65.7789 0.947699
0.984167 -65.7682 0.947849
0.984317 -65.7576 0.947999
0.984467 -65.7469 0.948149
0.984617 -65.7363 0.948299
0.984767 -65.7257 0.948299
0.984917 -65.7151 0.948449
0.985068 -65.7044 0.948599
0.985218 -65.6938 0.948749
0.985368 -65.6832 0.948899
0.985518 -65.6726  0.94905
0.985668  -65.662   0.9492
0.985818 -65.6514  0.94935
0.985968 -65.6408   0.9495
0.986118 -65.6302  0.94965
0.986268 -65.6196   0.9498
0.986418  -65.609  0.94995
0.986568 -65.5984   0.9501
0.986718 -65.5878  0.95025
0.986868 -65.5772   0.9504
0.987019 -65.5666  0.95055
0.987169 -65.5561  0.95055
0.987319 -65.5455   0.9507
0.987469 -65.5349  0.95085
0.987619 -65.5243 0.951001
0.987769 -65.5138 0.951151
0.987919 -65.5032 0.951301
0.988069 -65.4927 0.951451
0.988219 -65.4821 0.951601
0.988369 -65.4715 0.951751
0.988519  -65.461 0.951901
0.988669 -65.4504 0.952051
0.988819 -65.4399 0.952201
0.988969 -65.4294 0.952351
 0.98912 -65.4188 0.952501
 0.98927 -65.4083 0.952651
 0.98942 -65.3978 0.952801
 0.98957 -65.3872 0.952801
 0.98972 -65.3767 0.952951
 0.98987 -65.3662 0.953102
 0.99002 -65.3557 0.953252
 0.99017 -65.3451 0.953402
 0.99032 -65.3346 0.953552
 0.99047 -65.3241 0.953702
 0.99062 -65.3136 0.953852
 0.99077 -65.3031 0.954002
 0.99092 -65.2926 0.954152
0.991071 -65.2821 0.954302
0.991221 -65.2716 0.954452
0.991371 -65.2611 0.954602
0.991521 -65.2506 0.954752
0.991671 -65.2402 0.954902
0.991821 -65.2297 0.954902
0.991971 -65.2192 0.955053
0.992121 -65.2087 0.955203
0.992271 -65.1983 0.955353
0.992421 -65.1878 0.955503
0.992571 -65.1773 0.955653
0.992721 -65.1669 0.955803
0.992871 -65.1564 0.955953
0.993022 -65.1459 0.956103
0.993172 -65.1355 0.956253
0.993322  -65.125 0.956403
0.993472 -65.1146 0.956553
0.993622 -65.1041 0.956703
0.993772 -65.0937 0.956853
0.993922 -65.0833 0.957004
0.994072 -65.0728 0.957154
0.994222 -65.0624 0.957154
0.994372  -65.052 0.957304
0.994522 -65.0415 0.957454
0.994672 -65.0311 0.957604
0.994822 -65.0207 0.957754
0.994972 -65.0103 0.957904
0.995123 -64.9999 0.958054
0.995273 -64.9894 0.958204
0.995423  -64.979 0.958354
0.995573 -64.9686 0.958504
0.995723 -64.9582 0.958654
0.995873 -64.9478 0.958804
0.996023 -64.9374 0.958954
0.996173  -64.927 0.959105
0.996323 -64.9166 0.959255
0.996473 -64.9063 0.959255
0.996623 -64.8959 0.959405
0.996773 -64.8855 0.959555
0.996923 -64.8751 0.959705
0.997074 -64.8647 0.959855
0.997224 -64.8544 0.960005
0.997374  -64.844 0.960155
0.997524 -64.8336 0.960305
0.997674 -64.8233 0.960455
0.997824 -64.8129 0.960605
0.997974 -64.8026 0.960755
0.998124 -64.7922 0.960905
0.998274 -64.7818 0.961056
0.998424 -64.7715 0.961206
0.998574 -64.7612 0.961356
0.998724 -64.7508 0.961506
0.998874 -64.7405 0.961506
0.999025 -64.7301 0.961656
0.999175 -64.7198 0.961806
0.999325 -64.7095 0.961956
0.999475 -64.6991 0.962106
0.999625 -64.6888 0.962256
0.999775 -64.6785 0.962406
0.999925 -64.6682 0.962556
 1.00008 -64.6579 0.962706
 1.00023 -64.6476 0.962856
 1.00038 -64.6372 0.963007
 1.00053 -64.6269 0.963157
 1.00068 -64.6166 0.963307
 1.00083 -64.6063 0.963457
 1.00098  -64.596 0.963607
 1.00113 -64.5857 0.963757
 1.00128 -64.5755 0.963757
 1.00143 -64.5652 0.963907
 1.00158 -64.5549 0.964057
 1.00173 -64.5446 0.964207
 1.00188 -64.5343 0.964357
 1.00203  -64.524 0.964507
 1.00218 -64.5138 0.964657
 1.00233 -64.5035 0.964807
 1.00248 -64.4932 0.964957
 1.00263  -64.483 0.965108
 1.00278 -64.4727 0.965258
 1.00293 -64.4624 0.965408
 1.00308 -64.4522 0.965558
 1.00323 -64.4419 0.965708
 1.00338 -64.4317 0.965858
 1.00353 -64.4214 0.966008
 1.00368 -64.4112 0.966008
 1.00383  -64.401 0.966158
 1.00398 -64.3907 0.966308
 1.00413 -64.3805 0.966458
 1.00428 -64.3703 0.966608
 1.00443   -64.36 0.966758
 1.00458 -64.3498 0.966908
 1.00473 -64.3396 0.967059
 1.00488 -64.3294 0.967209
 1.00503 -64.3191 0.967359
 1.00518 -64.3089 0.967509
 1.00533 -64.2987 0.967659
 1.00548 -64.2885 0.967809
 1.00563 -64.2783 0.967959
 1.00578 -64.2681 0.968109
 1.00593 -64.2579 0.968259
 1.00608 -64.2477 0.968259
 1.00623 -64.2375 0.968409
 1.00638 -64.2273 0.968559
 1.00653 -64.2171 0.968709
 1.00668 -64.2069 0.968859
 1.00683 -64.1968  0.96901
 1.00698 -64.1866  0.96916
 1.00713 -64.1764  0.96931
 1.00728 -64.1662  0.96946
 1.00743 -64.1561  0.96961
 1.00758 -64.1459  0.96976
 1.00773 -64.1357  0.96991
 1.00788 -64.1256  0.97006
 1.00803 -64.1154  0.97021
 1.00818 -64.1052  0.97036
 1.00833 -64.0951  0.97051
 1.00848 -64.0849  0.97066
 1.00863 -64.0748  0.97066
 1.00878 -64.0646  0.97081
 1.00893 -64.0545  0.97096
 1.00908 -64.0444 0.971111
 1.00923 -64.0342 0.971261
 1.00938 -64.0241 0.971411
 1.00953  -64.014 0.971561
 1.00968 -64.0038 0.971711
 1.00983 -63.9937 0.971861
 1.00998 -63.9836 0.972011
 1.01013 -63.9735 0.972161
 1.01028 -63.9634 0.972311
 1.01043 -63.9532 0.972461
 1.01058 -63.9431 0.972611
 1.01073  -63.933 0.972761
 1.01088 -63.9229 0.972911
 1.01103 -63.9128 0.972911
 1.01118 -63.9027 0.973062
 1.01133 -63.8926 0.973212
 1.01148 -63.8825 0.973362
 1.01163 -63.8724 0.973512
 1.01178 -63.8624 0.973662
 1.01193 -63.8523 0.973812
 1.01208 -63.8422 0.973962
 1.01223 -63.8321 0.974112
 1.01238  -63.822 0.974262
 1.01253  -63.812 0.974412
 1.01268 -63.8019 0.974562
 1.01283 -63.7918 0.974712
 1.01298 -63.7818 0.974862
 1.01313 -63.7717 0.975013
 1.01328 -63.7616 0.975163
 1.01343 -63.7516 0.975163
 1.01358 -63.7415 0.975313
 1.01373 -63.7315 0.975463
 1.01388 -63.7214 0.975613
 1.01403 -63.7114 0.975763
 1.01418 -63.7013 0.975913
 1.01433 -63.6913 0.976063
 1.01448 -63.6813 0.976213
 1.01463 -63.6712 0.976363
 1.01478 -63.6612 0.976513
 1.01493 -63.6512 0.976663
 1.01508 -63.6412 0.976813
 1.01523 -63.6311 0.976963
 1.01538 -63.6211 0.977114
 1.01553 -63.6111 0.977264
 1.01568 -63.6011 0.977414
 1.01583 -63.5911 0.977564
 1.01598 -63.5811 0.977564
 1.01613 -63.5711 0.977714
 1.01628 -63.5611 0.977864
 1.01643 -63.5511 0.978014
 1.01658 -63.5411 0.978164
 1.01673 -63.5311 0.978314
 1.01688 -63.5211 0.978464
 1.01703 -63.5111 0.978614
 1.01718 -63.5011 0.978764
 1.01733 -63.4911 0.978914
 1.01748 -63.4812 0.979065
 1.01763 -63.4712 0.979215
 1.01778 -63.4612 0.979365
 1.01793 -63.4512 0.979515
 1.01808 -63.4413 0.979665
 1.01823 -63.4313 0.979815
 1.01838 -63.4213 0.979815
 1.01853 -63.4114 0.979965
 1.01868 -63.4014 0.980115
 1.01883 -63.3915 0.980265
 1.01898 -63.3815 0.980415
 1.01913 -63.3716 0.980565
 1.01928 -63.3616 0.980715
 1.01943 -63.3517 0.980865
 1.01958 -63.3417 0.981016
 1.01973 -63.3318 0.981166
 1.01988 -63.3219 0.981316
 1.02004 -63.3119 0.981466
 1.02019  -63.302 0.981616
 1.02034 -63.2921 0.981766
 1.02049 -63.2822 0.981916
 1.02064 -63.2722 0.982066
 1.02079 -63.2623 0.982216
 1.02094 -63.2524 0.982216
 1.02109 -63.2425 0.982366
 1.02124 -63.2326 0.982516
 1.02139 -63.2227 0.982666
 1.02154 -63.2128 0.982816
 1.02169 -63.2029 0.982966
 1.02184  -63.193 0.983117
 1.02199 -63.1831 0.983267
 1.02214 -63.1732 0.983417
 1.02229 -63.1633 0.983567
 1.02244 -63.1534 0.983717
 1.02259 -63.1435 0.983867
 1.02274 -63.1336 0.984017
 1.02289 -63.1238 0.984167
 1.02304 -63.1139 0.984317
 1.02319  -63.104 0.984467
 1.02334 -63.0941 0.984467
 1.02349 -63.0843 0.984617
 1.02364 -63.0744 0.984767
 1.02379 -63.0645 0.984917
 1.02394 -63.0547 0.985068
 1.02409 -63.0448 0.985218
 1.02424  -63.035 0.985368
 1.02439 -63.0251 0.985518
 1.02454 -63.0153 0.985668
 1.02469 -63.0054 0.985818
 1.02484 -62.9956 0.985968
 1.02499 -62.9857 0.986118
 1.02514 -62.9759 0.986268
 1.02529 -62.9661 0.986418
 1.02544 -62.9562 0.986568
 1.02559 -62.9464 0.986718
 1.02574 -62.9366 0.986868
 1.02589 -62.9268 0.986868
 1.02604 -62.9169 0.987019
 1.02619 -62.9071 0.987169
 1.02634 -62.8973 0.987319
 1.02649 -62.8875 0.987469
 1.02664 -62.8777 0.987619
 1.02679 -62.8679 0.987769
 1.02694 -62.8581 0.987919
 1.02709 -62.8483 0.988069
 1.02724 -62.8385 0.988219
 1.02739 -62.8287 0.988369
 1.02754 -62.8189 0.988519
 1.02769 -62.8091 0.988669
 1.02784 -62.7993 0.988819
 1.02799 -62.7895 0.988969
 1.02814 -62.7797  0.98912
 1.02829   -62.77  0.98912
 1.02844 -62.7602  0.98927
 1.02859 -62.7504  0.98942
 1.02874 -62.7406  0.98957
 1.02889 -62.7309  0.98972
 1.02904 -62.7211  0.98987
 1.02919 -62.7113  0.99002
 1.02934 -62.7016  0.99017
 1.02949 -62.6918  0.99032
 1.02964 -62.6821  0.99047
 1.02979 -62.6723  0.99062
 1.02994 -62.6626  0.99077
 1.03009 -62.6528  0.99092
 1.03024 -62.6431 0.991071
 1.03039 -62.6333 0.991221
 1.03054 -62.6236 0.991371
 1.03069 -62.6138 0.991521
 1.03084 -62.6041 0.991521
 1.03099 -62.5944 0.991671
 1.03114 -62.5846 0.991821
 1.03129 -62.5749 0.991971
 1.03144 -62.5652 0.992121
 1.03159 -62.5555 0.992271
 1.03174 -62.5458 0.992421
 1.03189  -62.536 0.992571
 1.03204 -62.5263 0.992721
 1.03219 -62.5166 0.992871
 1.03234 -62.5069 0.993022
 1.03249 -62.4972 0.993172
 1.03264 -62.4875 0.993322
 1.03279 -62.4778 0.993472
 1.03294 -62.4681 0.993622
 1.03309 -62.4584 0.993772
 1.03324 -62.4487 0.993922
 1.03339  -62.439 0.993922
 1.03354 -62.4294 0.994072
 1.03369 -62.4197 0.994222
 1.03384   -62.41 0.994372
 1.03399 -62.4003 0.994522
 1.03414 -62.3906 0.994672
 1.03429  -62.381 0.994822
 1.03444 -62.3713 0.994972
 1.03459 -62.3616 0.995123
 1.03474  -62.352 0.995273
 1.03489 -62.3423 0.995423
 1.03504 -62.3326 0.995573
 1.03519  -62.323 0.995723
 1.03534 -62.3133 0.995873
 1.03549 -62.3037 0.996023
 1.03564  -62.294 0.996173
 1.03579 -62.2844 0.996173
 1.03594 -62.2748 0.996323
 1.03609 -62.2651 0.996473
 1.03624 -62.2555 0.996623
 1.03639 -62.2458 0.996773
 1.03654 -62.2362 0.996923
 1.03669 -62.2266 0.997074
 1.03684  -62.217 0.997224
 1.03699 -62.2073 0.997374
 1.03714 -62.1977 0.997524
 1.03729 -62.1881 0.997674
 1.03744 -62.1785 0.997824
 1.03759 -62.1689 0.997974
 1.03774 -62.1592 0.998124
 1.03789 -62.1496 0.998274
 1.03804   -62.14 0.998424
 1.03819 -62.1304 0.998574
 1.03834 -62.1208 0.998574
 1.03849 -62.1112 0.998724
 1.03864 -62.1016 0.998874
 1.03879  -62.092 0.999025
 1.03894 -62.0825 0.999175
 1.03909 -62.0729 0.999325
 1.03924 -62.0633 0.999475
 1.03939 -62.0537 0.999625
 1.03954 -62.0441 0.999775
 1.03969 -62.0345 0.999925
 1.03984  -62.025  1.00008
 1.03999 -62.0154  1.00023
 1.04015 -62.0058  1.00038
  1.0403 -61.9963  1.00053
 1.04045 -61.9867  1.00068
  1.0406 -61.9771  1.00083
 1.04075 -61.9676  1.00083
  1.0409  -61.958  1.00098
 1.04105 -61.9485  1.00113
  1.0412 -61.9389  1.00128
 1.04135 -61.9294  1.00143
  1.0415 -61.9198  1.00158
 1.04165 -61.9103  1.00173
  1.0418 -61.9008  1.00188
 1.04195 -61.8912  1.00203
  1.0421 -61.8817  1.00218
 1.04225 -61.8721  1.00233
  1.0424 -61.8626  1.00248
 1.04255 -61.8531  1.00263
  1.0427 -61.8436  1.00278
 1.04285  -61.834  1.00293
   1.043 -61.8245  1.00308
 1.04315  -61.815  1.00323
  1.0433 -61.8055  1.00323
 1.04345  -61.796  1.00338
  1.0436 -61.7865  1.00353
 1.04375  -61.777  1.00368
  1.0439 -61.7675  1.00383
 1.04405  -61.758  1.00398
  1.0442 -61.7485  1.00413
 1.04435  -61.739  1.00428
  1.0445 -61.7295  1.00443
 1.04465   -61.72  1.00458
  1.0448 -61.7105  1.00473
 1.04495  -61.701  1.00488
  1.0451 -61.6915  1.00503
 1.04525 -61.6821  1.00518
  1.0454 -61.6726  1.00533
 1.04555 -61.6631  1.00548
  1.0457 -61.6536  1.00563
 1.04585 -61.6442  1.00563
   1.046 -61.6347  1.00578
 1.04615 -61.6252  1.00593
  1.0463 -61.6158  1.00608
 1.04645 -61.6063  1.00623
  1.0466 -61.5969  1.00638
 1.04675 -61.5874  1.00653
  1.0469  -61.578  1.00668
 1.04705 -61.5685  1.00683
  1.0472 -61.5591  1.00698
 1.04735 -61.5496  1.00713
  1.0475 -61.5402  1.00728
 1.04765 -61.5307  1.00743
  1.0478 -61.5213  1.00758
 1.04795 -61.5119  1.00773
  1.0481 -61.5024  1.00788
 1.04825  -61.493  1.00788
  1.0484 -61.4836  1.00803
 1.04855 -61.4742  1.00818
  1.0487 -61.4647  1.00833
 1.04885 -61.4553  1.00848
   1.049 -61.4459  1.00863
 1.04915 -61.4365  1.00878
  1.0493 -61.4271  1.00893
 1.04945 -61.4177  1.00908
  1.0496 -61.4083  1.00923
 1.04975 -61.3989  1.00938
  1.0499 -61.3895  1.00953
 1.05005 -61.3801  1.00968
  1.0502 -61.3707  1.00983
 1.05035 -61.3613  1.00998
  1.0505 -61.3519  1.01013
 1.05065 -61.3425  1.01028
  1.0508 -61.3331  1.01028
 1.05095 -61.3237  1.01043
  1.0511 -61.3144  1.01058
 1.05125  -61.305  1.01073
  1.0514 -61.2956  1.01088
 1.05155 -61.2862  1.01103
  1.0517 -61.2769  1.01118
 1.05185 -61.2675  1.01133
   1.052 -61.2581  1.01148
 1.05215 -61.2488  1.01163
  1.0523 -61.2394  1.01178
 1.05245 -61.2301  1.01193
  1.0526 -61.2207  1.01208
 1.05275 -61.2114  1.01223
  1.0529  -61.202  1.01238
 1.05305 -61.1927  1.01253
  1.0532 -61.1833  1.01268
 1.05335  -61.174  1.01268
  1.0535 -61.1647  1.01283
 1.05365 -61.1553  1.01298
  1.0538  -61.146  1.01313
 1.05395 -61.1367  1.01328
  1.0541 -61.1273  1.01343
 1.05425  -61.118  1.01358
  1.0544 -61.1087  1.01373
 1.05455 -61.0994  1.01388
  1.0547   -61.09  1.01403
 1.05485 -61.0807  1.01418
   1.055 -61.0714  1.01433
 1.05515 -61.0621  1.01448
  1.0553 -61.0528  1.01463
 1.05545 -61.0435  1.01478
  1.0556 -61.0342  1.01493
 1.05575 -61.0249  1.01493
  1.0559 -61.0156  1.01508
 1.05605 -61.0063  1.01523
  1.0562  -60.997  1.01538
 1.05635 -60.9877  1.01553
  1.0565 -60.9784  1.01568
 1.05665 -60.9691  1.01583
  1.0568 -60.9599  1.01598
 1.05695 -60.9506  1.01613
  1.0571 -60.9413  1.01628
 1.05725  -60.932  1.01643
  1.0574 -60.9227  1.01658
 1.05755 -60.9135  1.01673
  1.0577 -60.9042  1.01688
 1.05785 -60.8949  1.01703
   1.058 -60.8857  1.01718
 1.05815 -60.8764  1.01733
  1.0583 -60.8672  1.01733
 1.05845 -60.8579  1.01748
  1.0586 -60.8487  1.01763
 1.05875 -60.8394  1.01778
  1.0589 -60.8302  1.01793
 1.05905 -60.8209  1.01808
  1.0592 -60.8117  1.01823
 1.05935 -60.8024  1.01838
  1.0595 -60.7932  1.01853
 1.05965  -60.784  1.01868
  1.0598 -60.7747  1.01883
 1.05995 -60.7655  1.01898
 1.06011 -60.7563  1.01913
 1.06026  -60.747  1.01928
 1.06041 -60.7378  1.01943
 1.06056 -60.7286  1.01958
 1.06071 -60.7194  1.01958
 1.06086 -60.7102  1.01973
 1.06101  -60.701  1.01988
 1.06116 -60.6918  1.02004
 1.06131 -60.6825  1.02019
 1.06146 -60.6733  1.02034
 1.06161 -60.6641  1.02049
 1.06176 -60.6549  1.02064
 1.06191 -60.6457  1.02079
 1.06206 -60.6365  1.02094
 1.06221 -60.6274  1.02109
 1.06236 -60.6182  1.02124
 1.06251  -60.609  1.02139
 1.06266 -60.5998  1.02154
 1.06281 -60.5906  1.02169
 1.06296 -60.5814  1.02184
 1.06311 -60.5723  1.02199
 1.06326 -60.5631  1.02199
 1.06341 -60.5539  1.02214
 1.06356 -60.5447  1.02229
 1.06371 -60.5356  1.02244
 1.06386 -60.5264  1.02259
 1.06401 -60.5172  1.02274
 1.06416 -60.5081  1.02289
 1.06431 -60.4989  1.02304
 1.06446 -60.4898  1.02319
 1.06461 -60.4806  1.02334
 1.06476 -60.4715  1.02349
 1.06491 -60.4623  1.02364
 1.06506 -60.4532  1.02379
 1.06521  -60.444  1.02394
 1.06536 -60.4349  1.02409
 1.06551 -60.4258  1.02424
 1.06566 -60.4166  1.02424
 1.06581 -60.4075  1.02439
 1.06596 -60.3984  1.02454
 1.06611 -60.3892  1.02469
 1.06626 -60.3801  1.02484
 1.06641  -60.371  1.02499
 1.06656 -60.3619  1.02514
 1.06671 -60.3527  1.02529
 1.06686 -60.3436  1.02544
 1.06701 -60.3345  1.02559
 1.06716 -60.3254  1.02574
 1.06731 -60.3163  1.02589
 1.06746 -60.3072  1.02604
 1.06761 -60.2981  1.02619
 1.06776  -60.289  1.02634
 1.06791 -60.2799  1.02649
 1.06806 -60.2708  1.02664
 1.06821 -60.2617  1.02664
 1.06836 -60.2526  1.02679
 1.06851 -60.2435  1.02694
 1.06866 -60.2344  1.02709
 1.06881 -60.2254  1.02724
 1.06896 -60.2163  1.02739
 1.06911 -60.2072  1.02754
 1.06926 -60.1981  1.02769
 1.06941 -60.1891  1.02784
 1.06956   -60.18  1.02799
 1.06971 -60.1709  1.02814
 1.06986 -60.1618  1.02829
 1.07001 -60.1528  1.02844
 1.07016 -60.1437  1.02859
 1.07031 -60.1347  1.02874
 1.07046 -60.1256  1.02889
 1.07061 -60.1166  1.02889
 1.07076 -60.1075  1.02904
 1.07091 -60.0985  1.02919
 1.07106 -60.0894  1.02934
 1.07121 -60.0804  1.02949
 1.07136 -60.0713  1.02964
 1.07151 -60.0623  1.02979
 1.07166 -60.0532  1.02994
 1.07181 -60.0442  1.03009
 1.07196 -60.0352  1.03024
 1.07211 -60.0262  1.03039
 1.07226 -60.0171  1.03054
 1.07241 -60.0081  1.03069
 1.07256 -59.9991  1.03084
 1.07271 -59.9901  1.03099
 1.07286  -59.981  1.03114
 1.07301  -59.972  1.03114
 1.07316  -59.963  1.03129
 1.07331  -59.954  1.03144
 1.07346  -59.945  1.03159
 1.07361  -59.936  1.03174
 1.07376  -59.927  1.03189
 1.07391  -59.918  1.03204
 1.07406  -59.909  1.03219
 1.07421    -59.9  1.03234
 1.07436  -59.891  1.03249
 1.07451  -59.882  1.03264
 1.07466  -59.873  1.03279
 1.07481  -59.864  1.03294
 1.07496 -59.8551  1.03309
 1.07511 -59.8461  1.03324
 1.07526 -59.8371  1.03339
 1.07541 -59.8281  1.03354
 1.07556 -59.8192  1.03354
 1.07571 -59.8102  1.03369
 1.07586 -59.8012  1.03384
 1.07601 -59.7922  1.03399
 1.07616 -59.7833  1.03414
 1.07631 -59.7743  1.03429
 1.07646 -59.7654  1.03444
 1.07661 -59.7564  1.03459
 1.07676 -59.7475  1.03474
 1.07691 -59.7385  1.03489
 1.07706 -59.7296  1.03504
 1.07721 -59.7206  1.03519
 1.07736 -59.7117  1.03534
 1.07751 -59.7027  1.03549
 1.07766 -59.6938  1.03564
 1.07781 -59.6848  1.03579
 1.07796 -59.6759  1.03579
 1.07811  -59.667  1.03594
 1.07826 -59.6581  1.03609
 1.07841 -59.6491  1.03624
 1.07856 -59.6402  1.03639
 1.07871 -59.6313  1.03654
 1.07886 -59.6224  1.03669
 1.07901 -59.6134  1.03684
 1.07916 -59.6045  1.03699
 1.07931 -59.5956  1.03714
 1.07946 -59.5867  1.03729
 1.07961 -59.5778  1.03744
 1.07976 -59.5689  1.03759
 1.07991   -59.56  1.03774
 1.08007 -59.5511  1.03789
 1.08022 -59.5422  1.03804
 1.08037 -59.5333  1.03804
 1.08052 -59.5244  1.03819
 1.08067 -59.5155  1.03834
 1.08082 -59.5066  1.03849
 1.08097 -59.4977  1.03864
 1.08112 -59.4888  1.03879
 1.08127   -59.48  1.03894
 1.08142 -59.4711  1.03909
 1.08157 -59.4622  1.03924
 1.08172 -59.4533  1.03939
 1.08187 -59.4445  1.03954
 1.08202 -59.4356  1.03969
 1.08217 -59.4267  1.03984
 1.08232 -59.4179  1.03999
 1.08247  -59.409  1.04015
 1.08262 -59.4001   1.0403
 1.08277 -59.3913   1.0403
 1.08292 -59.3824  1.04045
 1.08307 -59.3736   1.0406
 1.08322 -59.3647  1.04075
 1.08337 -59.3559   1.0409
 1.08352  -59.347  1.04105
 1.08367 -59.3382   1.0412
 1.08382 -59.3293  1.04135
 1.08397 -59.3205   1.0415
 1.08412 -59.3117  1.04165
 1.08427 -59.3028   1.0418
 1.08442  -59.294  1.04195
 1.08457 -59.2852   1.0421
 1.08472 -59.2763  1.04225
 1.08487 -59.2675   1.0424
 1.08502 -59.2587  1.04255
 1.08517 -59.2499  1.04255
 1.08532 -59.2411   1.0427
 1.08547 -59.2322  1.04285
 1.08562 -59.2234    1.043
 1.08577 -59.2146  1.04315
 1.08592 -59.2058   1.0433
 1.08607  -59.197  1.04345
 1.08622 -59.1882   1.0436
 1.08637 -59.1794  1.04375
 1.08652 -59.1706   1.0439
 1.08667 -59.1618  1.04405
 1.08682  -59.153   1.0442
 1.08697 -59.1442  1.04435
 1.08712 -59.1354   1.0445
 1.08727 -59.1267  1.04465
 1.08742 -59.1179   1.0448
 1.08757 -59.1091   1.0448
 1.08772 -59.1003  1.04495
 1.08787 -59.0915   1.0451
 1.08802 -59.0828  1.04525
 1.08817  -59.074   1.0454
 1.08832 -59.0652  1.04555
 1.08847 -59.0565   1.0457
 1.08862 -59.0477  1.04585
 1.08877 -59.0389    1.046
 1.08892 -59.0302  1.04615
 1.08907 -59.0214   1.0463
 1.08922 -59.0127  1.04645
 1.08937 -59.0039   1.0466
 1.08952 -58.9952  1.04675
 1.08967 -58.9864   1.0469
 1.08982 -58.9777   1.0469
 1.08997 -58.9689  1.04705
 1.09012 -58.9602   1.0472
 1.09027 -58.9514  1.04735
 1.09042 -58.9427   1.0475
 1.09057  -58.934  1.04765
 1.09072 -58.9252   1.0478
 1.09087 -58.9165  1.04795
 1.09102 -58.9078   1.0481
 1.09117 -58.8991  1.04825
 1.09132 -58.8903   1.0484
 1.09147 -58.8816  1.04855
 1.09162 -58.8729   1.0487
 1.09177 -58.8642  1.04885
 1.09192 -58.8555    1.049
 1.09207 -58.8468  1.04915
 1.09222 -58.8381  1.04915
 1.09237 -58.8293   1.0493
 1.09252 -58.8206  1.04945
 1.09267 -58.8119   1.0496
 1.09282 -58.8032  1.04975
 1.09297 -58.7945   1.0499
 1.09312 -58.7859  1.05005
 1.09327 -58.7772   1.0502
 1.09342 -58.7685  1.05035
 1.09357 -58.7598   1.0505
 1.09372 -58.7511  1.05065
 1.09387 -58.7424   1.0508
 1.09402 -58.7337  1.05095
 1.09417 -58.7251   1.0511
 1.09432 -58.7164  1.05125
 1.09447 -58.7077  1.05125
 1.09462  -58.699   1.0514
 1.09477 -58.6904  1.05155
 1.09492 -58.6817   1.0517
 1.09507  -58.673  1.05185
 1.09522 -58.6644    1.052
 1.09537 -58.6557  1.05215
 1.09552 -58.6471   1.0523
 1.09567 -58.6384  1.05245
 1.09582 -58.6298   1.0526
 1.09597 -58.6211  1.05275
 1.09612 -58.6125   1.0529
 1.09627 -58.6038  1.05305
 1.09642 -58.5952   1.0532
 1.09657 -58.5865  1.05335
 1.09672 -58.5779   1.0535
 1.09687 -58.5693   1.0535
 1.09702 -58.5606  1.05365
 1.09717  -58.552   1.0538
 1.09732 -58.5434  1.05395
 1.09747 -58.5348   1.0541
 1.09762 -58.5261  1.05425
 1.09777 -58.5175   1.0544
 1.09792 -58.5089  1.05455
 1.09807 -58.5003   1.0547
 1.09822 -58.4917  1.05485
 1.09837 -58.4831    1.055
 1.09852 -58.4744  1.05515
 1.09867 -58.4658   1.0553
 1.09882 -58.4572  1.05545
 1.09897 -58.4486   1.0556
 1.09912   -58.44   1.0556
 1.09927 -58.4314  1.05575
 1.09942 -58.4228   1.0559
 1.09957 -58.4142  1.05605
 1.09972 -58.4057   1.0562
 1.09987 -58.3971  1.05635
 1.10003 -58.3885   1.0565
 1.10018 -58.3799  1.05665
 1.10033 -58.3713   1.0568
 1.10048 -58.3627  1.05695
 1.10063 -58.3542   1.0571
 1.10078 -58.3456  1.05725
 1.10093  -58.337   1.0574
 1.10108 -58.3284  1.05755
 1.10123 -58.3199   1.0577
 1.10138 -58.3113   1.0577
 1.10153 -58.3028  1.05785
 1.10168 -58.2942    1.058
 1.10183 -58.2856  1.05815
 1.10198 -58.2771   1.0583
 1.10213 -58.2685  1.05845
 1.10228   -58.26   1.0586
 1.10243 -58.2514  1.05875
 1.10258 -58.2429   1.0589
 1.10273 -58.2343  1.05905
 1.10288 -58.2258   1.0592
 1.10303 -58.2173  1.05935
 1.10318 -58.2087   1.0595
 1.10333 -58.2002  1.05965
 1.10348 -58.1917   1.0598
 1.10363 -58.1831   1.0598
 1.10378 -58.1746  1.05995
 1.10393 -58.1661  1.06011
 1.10408 -58.1576  1.06026
 1.10423  -58.149  1.06041
 1.10438 -58.1405  1.06056
 1.10453  -58.132  1.06071
 1.10468 -58.1235  1.06086
 1.10483  -58.115  1.06101
 1.10498 -58.1065  1.06116
 1.10513  -58.098  1.06131
 1.10528 -58.0895  1.06146
 1.10543  -58.081  1.06161
 1.10558 -58.0725  1.06176
 1.10573  -58.064  1.06191
 1.10588 -58.0555  1.06191
 1.10603  -58.047  1.06206
 1.10618 -58.0385  1.06221
 1.10633   -58.03  1.06236
 1.10648 -58.0215  1.06251
 1.10663  -58.013  1.06266
 1.10678 -58.0045  1.06281
 1.10693 -57.9961  1.06296
 1.10708 -57.9876  1.06311
 1.10723 -57.9791  1.06326
 1.10738 -57.9707  1.06341
 1.10753 -57.9622  1.06356
 1.10768 -57.9537  1.06371
 1.10783 -57.9453  1.06386
 1.10798 -57.9368  1.06386
 1.10813 -57.9283  1.06401
 1.10828 -57.9199  1.06416
 1.10843 -57.9114  1.06431
 1.10858  -57.903  1.06446
 1.10873 -57.8945  1.06461
 1.10888 -57.8861  1.06476
 1.10903 -57.8776  1.06491
 1.10918 -57.8692  1.06506
 1.10933 -57.8607  1.06521
 1.10948 -57.8523  1.06536
 1.10963 -57.8439  1.06551
 1.10978 -57.8354  1.06566
 1.10993  -57.827  1.06581
 1.11008 -57.8186  1.06596
 1.11023 -57.8101  1.06596
 1.11038 -57.8017  1.06611
 1.11053 -57.7933  1.06626
 1.11068 -57.7849  1.06641
 1.11083 -57.7765  1.06656
 1.11098  -57.768  1.06671
 1.11113 -57.7596  1.06686
 1.11128 -57.7512  1.06701
 1.11143 -57.7428  1.06716
 1.11158 -57.7344  1.06731
 1.11173  -57.726  1.06746
 1.11188 -57.7176  1.06761
 1.11203 -57.7092  1.06776
 1.11218 -57.7008  1.06791
 1.11233 -57.6924  1.06791
 1.11248  -57.684  1.06806
 1.11263 -57.6756  1.06821
 1.11278 -57.6672  1.06836
 1.11293 -57.6589  1.06851
 1.11308 -57.6505  1.06866
 1.11323 -57.6421  1.06881
 1.11338 -57.6337  1.06896
 1.11353 -57.6253  1.06911
 1.11368  -57.617  1.06926
 1.11383 -57.6086  1.06941
 1.11398 -57.6002  1.06956
 1.11413 -57.5919  1.06971
 1.11428 -57.5835  1.06986
 1.11443 -57.5751  1.06986
 1.11458 -57.5668  1.07001
 1.11473 -57.5584  1.07016
 1.11488 -57.5501  1.07031
 1.11503 -57.5417  1.07046
 1.11518 -57.5334  1.07061
 1.11533  -57.525  1.07076
 1.11548 -57.5167  1.07091
 1.11563 -57.5083  1.07106
 1.11578    -57.5  1.07121
 1.11593 -57.4916  1.07136
 1.11608 -57.4833  1.07151
 1.11623  -57.475  1.07166
 1.11638 -57.4666  1.07181
 1.11653 -57.4583  1.07181
 1.11668   -57.45  1.07196
 1.11683 -57.4417  1.07211
 1.11698 -57.4333  1.07226
 1.11713  -57.425  1.07241
 1.11728 -57.4167  1.07256
 1.11743 -57.4084  1.07271
 1.11758 -57.4001  1.07286
 1.11773 -57.3918  1.07301
 1.11788 -57.3835  1.07316
 1.11803 -57.3751  1.07331
 1.11818 -57.3668  1.07346
 1.11833 -57.3585  1.07361
 1.11848 -57.3502  1.07376
 1.11863 -57.3419  1.07376
 1.11878 -57.3337  1.07391
 1.11893 -57.3254  1.07406
 1.11908 -57.3171  1.07421
 1.11923 -57.3088  1.07436
 1.11938 -57.3005  1.07451
 1.11953 -57.2922  1.07466
 1.11968 -57.2839  1.07481
 1.11983 -57.2757  1.07496
 1.11998 -57.2674  1.07511
 1.12014 -57.2591  1.07526
 1.12029 -57.2508  1.07541
 1.12044 -57.2426  1.07556
 1.12059 -57.2343  1.07571
 1.12074  -57.226  1.07571
 1.12089 -57.2178  1.07586
 1.12104 -57.2095  1.07601
 1.12119 -57.2012  1.07616
 1.12134  -57.193  1.07631
 1.12149 -57.1847  1.07646
 1.12164 -57.1765  1.07661
 1.12179 -57.1682  1.07676
 1.12194   -57.16  1.07691
 1.12209 -57.1517  1.07706
 1.12224 -57.1435  1.07721
 1.12239 -57.1353  1.07736
 1.12254  -57.127  1.07751
 1.12269 -57.1188  1.07766
 1.12284 -57.1106  1.07766
 1.12299 -57.1023  1.07781
 1.12314 -57.0941  1.07796
 1.12329 -57.0859  1.07811
 1.12344 -57.0777  1.07826
 1.12359 -57.0694  1.07841
 1.12374 -57.0612  1.07856
 1.12389  -57.053  1.07871
 1.12404 -57.0448  1.07886
 1.12419 -57.0366  1.07901
 1.12434 -57.0284  1.07916
 1.12449 -57.0202  1.07931
 1.12464  -57.012  1.07946
 1.12479 -57.0037  1.07946
 1.12494 -56.9955  1.07961
 1.12509 -56.9874  1.07976
 1.12524 -56.9792  1.07991
 1.12539  -56.971  1.08007
 1.12554 -56.9628  1.08022
 1.12569 -56.9546  1.08037
 1.12584 -56.9464  1.08052
 1.12599 -56.9382  1.08067
 1.12614   -56.93  1.08082
 1.12629 -56.9219  1.08097
 1.12644 -56.9137  1.08112
 1.12659 -56.9055  1.08127
 1.12674 -56.8973  1.08127
 1.12689 -56.8892  1.08142
 1.12704  -56.881  1.08157
 1.12719 -56.8728  1.08172
 1.12734 -56.8647  1.08187
 1.12749 -56.8565  1.08202
 1.12764 -56.8483  1.08217
 1.12779 -56.8402  1.08232
 1.12794  -56.832  1.08247
 1.12809 -56.8239  1.08262
 1.12824 -56.8157  1.08277
 1.12839 -56.8076  1.08292
 1.12854 -56.7994  1.08307
 1.12869 -56.7913  1.08307
 1.12884 -56.7832  1.08322
 1.12899  -56.775  1.08337
 1.12914 -56.7669  1.08352
 1.12929 -56.7588  1.08367
 1.12944 -56.7506  1.08382
 1.12959 -56.7425  1.08397
 1.12974 -56.7344  1.08412
 1.12989 -56.7263  1.08427
 1.13004 -56.7181  1.08442
 1.13019   -56.71  1.08457
 1.13034 -56.7019  1.08472
 1.13049 -56.6938  1.08472
 1.13064 -56.6857  1.08487
 1.13079 -56.6776  1.08502
 1.13094 -56.6695  1.08517
 1.13109 -56.6614  1.08532
 1.13124 -56.6532  1.08547
 1.13139 -56.6451  1.08562
 1.13154 -56.6371  1.08577
 1.13169  -56.629  1.08592
 1.13184 -56.6209  1.08607
 1.13199 -56.6128  1.08622
 1.13214 -56.6047  1.08637
 1.13229 -56.5966  1.08652
 1.13244 -56.5885  1.08652
 1.13259 -56.5804  1.08667
 1.13274 -56.5724  1.08682
 1.13289 -56.5643  1.08697
 1.13304 -56.5562  1.08712
 1.13319 -56.5481  1.08727
 1.13334 -56.5401  1.08742
 1.13349  -56.532  1.08757
 1.13364 -56.5239  1.08772
 1.13379 -56.5159  1.08787
 1.13394 -56.5078  1.08802
 1.13409 -56.4997  1.08817
 1.13424 -56.4917  1.08817
 1.13439 -56.4836  1.08832
 1.13454 -56.4756  1.08847
 1.13469 -56.4675  1.08862
 1.13484 -56.4595  1.08877
 1.13499 -56.4514  1.08892
 1.13514 -56.4434  1.08907
 1.13529 -56.4354  1.08922
 1.13544 -56.4273  1.08937
 1.13559 -56.4193  1.08952
 1.13574 -56.4113  1.08967
 1.13589 -56.4032  1.08982
 1.13604 -56.3952  1.08997
 1.13619 -56.3872  1.08997
 1.13634 -56.3792  1.09012
 1.13649 -56.3711  1.09027
 1.13664 -56.3631  1.09042
 1.13679 -56.3551  1.09057
 1.13694 -56.3471  1.09072
 1.13709 -56.3391  1.09087
 1.13724 -56.3311  1.09102
 1.13739 -56.3231  1.09117
 1.13754 -56.3151  1.09132
 1.13769 -56.3071  1.09147
 1.13784 -56.2991  1.09162
 1.13799 -56.2911  1.09162
 1.13814 -56.2831  1.09177
 1.13829 -56.2751  1.09192
 1.13844 -56.2671  1.09207
 1.13859 -56.2591  1.09222
 1.13874 -56.2511  1.09237
 1.13889 -56.2431  1.09252
 1.13904 -56.2351  1.09267
 1.13919 -56.2272  1.09282
 1.13934 -56.2192  1.09297
 1.13949 -56.2112  1.09312
 1.13964 -56.2033  1.09312
 1.13979 -56.1953  1.09327
 1.13994 -56.1873  1.09342
  1.1401 -56.1794  1.09357
 1.14025 -56.1714  1.09372
  1.1404 -56.1634  1.09387
 1.14055 -56.1555  1.09402
  1.1407 -56.1475  1.09417
 1.14085 -56.1396  1.09432
   1.141 -56.1316  1.09447
 1.14115 -56.1237  1.09447
  1.1413 -56.1157  1.09462
 1.14145 -56.1078  1.09477
  1.1416 -56.0999  1.09492
 1.14175 -56.0919  1.09507
  1.1419  -56.084  1.09522
 1.14205 -56.0761  1.09537
  1.1422 -56.0681  1.09552
 1.14235 -56.0602  1.09567
  1.1425 -56.0523  1.09582
 1.14265 -56.0444  1.09597
  1.1428 -56.0364  1.09597
 1.14295 -56.0285  1.09612
  1.1431 -56.0206  1.09627
 1.14325 -56.0127  1.09642
  1.1434 -56.0048  1.09657
 1.14355 -55.9969  1.09672
  1.1437  -55.989  1.09687
 1.14385 -55.9811  1.09702
   1.144 -55.9732  1.09717
 1.14415 -55.9653  1.09732
  1.1443 -55.9574  1.09747
 1.14445 -55.9495  1.09747
  1.1446 -55.9416  1.09762
 1.14475 -55.9337  1.09777
  1.1449 -55.9258  1.09792
 1.14505  -55.918  1.09807
  1.1452 -55.9101  1.09822
 1.14535 -55.9022  1.09837
  1.1455 -55.8943  1.09852
 1.14565 -55.8865  1.09867
  1.1458 -55.8786  1.09882
 1.14595 -55.8707  1.09882
  1.1461 -55.8629  1.09897
 1.14625  -55.855  1.09912
  1.1464 -55.8471  1.09927
 1.14655 -55.8393  1.09942
  1.1467 -55.8314  1.09957
 1.14685 -55.8236  1.09972
   1.147 -55.8157  1.09987
 1.14715 -55.8079  1.10003
  1.1473    -55.8  1.10018
 1.14745 -55.7922  1.10018
  1.1476 -55.7844  1.10033
 1.14775 -55.7765  1.10048
  1.1479 -55.7687  1.10063
 1.14805 -55.7608  1.10078
  1.1482  -55.753  1.10093
 1.14835 -55.7452  1.10108
  1.1485 -55.7374  1.10123
 1.14865 -55.7295  1.10138
  1.1488 -55.7217  1.10153
 1.14895 -55.7139  1.10153
  1.1491 -55.7061  1.10168
 1.14925 -55.6983  1.10183
  1.1494 -55.6905  1.10198
 1.14955 -55.6827  1.10213
  1.1497 -55.6748  1.10228
 1.14985  -55.667  1.10243
    1.15 -55.6592  1.10258