 kgrid  ValNew  Policy 
    0.85 -73.4407     0.85
 0.85015 -73.4253     0.85
  0.8503   -73.41     0.85
 0.85045 -73.3948     0.85
  0.8506 -73.3796     0.85
 0.85075 -73.3644     0.85
  0.8509 -73.3492     0.85
0.851051 -73.3341     0.85
0.851201  -73.319     0.85
0.851351 -73.3039     0.85
0.851501 -73.2889     0.85
0.851651 -73.2739  0.85015
0.851801 -73.2589  0.85015
0.851951 -73.2439   0.8503
0.852101 -73.2289  0.85045
0.852251 -73.2139  0.85045
0.852401  -73.199   0.8506
0.852551  -73.184  0.85075
0.852701 -73.1691  0.85075
0.852851 -73.1542   0.8509
0.853002 -73.1393 0.851051
0.853152 -73.1244 0.851051
0.853302 -73.1095 0.851201
0.853452 -73.0947 0.851351
0.853602 -73.0798 0.851351
0.853752  -73.065 0.851501
0.853902 -73.0502 0.851651
0.854052 -73.0354 0.851651
0.854202 -73.0205 0.851801
0.854352 -73.0058 0.851951
0.854502  -72.991 0.851951
0.854652 -72.9762 0.852101
0.854802 -72.9615 0.852251
0.854952 -72.9467 0.852401
0.855103  -72.932 0.852401
0.855253 -72.9172 0.852551
0.855403 -72.9025 0.852701
0.855553 -72.8878 0.852851
0.855703 -72.8731 0.852851
0.855853 -72.8585 0.853002
0.856003 -72.8438 0.853152
0.856153 -72.8291 0.853152
0.856303 -72.8145 0.853302
0.856453 -72.7999 0.853452
0.856603 -72.7852 0.853602
0.856753 -72.7706 0.853602
0.856903  -72.756 0.853752
0.857054 -72.7414 0.853902
0.857204 -72.7268 0.853902
0.857354 -72.7123 0.854052
0.857504 -72.6977 0.854202
0.857654 -72.6832 0.854352
0.857804 -72.6686 0.854352
0.857954 -72.6541 0.854502
0.858104 -72.6396 0.854652
0.858254 -72.6251 0.854802
0.858404 -72.6106 0.854802
0.858554 -72.5961 0.854952
0.858704 -72.5816 0.855103
0.858854 -72.5671 0.855103
0.859005 -72.5527 0.855253
0.859155 -72.5382 0.855403
0.859305 -72.5238 0.855553
0.859455 -72.5094 0.855553
0.859605  -72.495 0.855703
0.859755 -72.4806 0.855853
0.859905 -72.4662 0.856003
0.860055 -72.4518 0.856003
0.860205 -72.4374 0.856153
0.860355 -72.4231 0.856303
0.860505 -72.4087 0.856303
0.860655 -72.3944 0.856453
0.860805   -72.38 0.856603
0.860955 -72.3657 0.856753
0.861106 -72.3514 0.856753
0.861256 -72.3371 0.856903
0.861406 -72.3228 0.857054
0.861556 -72.3085 0.857204
0.861706 -72.2943 0.857204
0.861856   -72.28 0.857354
0.862006 -72.2658 0.857504
0.862156 -72.2515 0.857654
0.862306 -72.2373 0.857654
0.862456 -72.2231 0.857804
0.862606 -72.2089 0.857954
0.862756 -72.1947 0.857954
0.862906 -72.1805 0.858104
0.863057 -72.1663 0.858254
0.863207 -72.1522 0.858404
0.863357  -72.138 0.858404
0.863507 -72.1239 0.858554
0.863657 -72.1097 0.858704
0.863807 -72.0956 0.858854
0.863957 -72.0815 0.858854
0.864107 -72.0674 0.859005
0.864257 -72.0533 0.859155
0.864407 -72.0392 0.859155
0.864557 -72.0251 0.859305
0.864707 -72.0111 0.859455
0.864857  -71.997 0.859605
0.865008  -71.983 0.859605
0.865158 -71.9689 0.859755
0.865308 -71.9549 0.859905
0.865458 -71.9409 0.860055
0.865608 -71.9269 0.860055
0.865758 -71.9129 0.860205
0.865908 -71.8989 0.860355
0.866058 -71.8849 0.860505
0.866208 -71.8709 0.860505
0.866358  -71.857 0.860655
0.866508  -71.843 0.860805
0.866658 -71.8291 0.860955
0.866808 -71.8152 0.860955
0.866958 -71.8013 0.861106
0.867109 -71.7874 0.861256
0.867259 -71.7735 0.861406
0.867409 -71.7596 0.861406
0.867559 -71.7457 0.861556
0.867709 -71.7318 0.861706
0.867859  -71.718 0.861856
0.868009 -71.7041 0.861856
0.868159 -71.6903 0.862006
0.868309 -71.6764 0.862156
0.868459 -71.6626 0.862306
0.868609 -71.6488 0.862306
0.868759  -71.635 0.862456
0.868909 -71.6212 0.862606
 0.86906 -71.6074 0.862756
 0.86921 -71.5936 0.862756
 0.86936 -71.5799 0.862906
 0.86951 -71.5661 0.863057
 0.86966 -71.5524 0.863207
 0.86981 -71.5386 0.863207
 0.86996 -71.5249 0.863357
 0.87011 -71.5112 0.863507
 0.87026 -71.4975 0.863657
 0.87041 -71.4838 0.863657
 0.87056 -71.4701 0.863807
 0.87071 -71.4564 0.863957
 0.87086 -71.4427 0.864107
0.871011 -71.4291 0.864107
0.871161 -71.4154 0.864257
0.871311 -71.4018 0.864407
0.871461 -71.3881 0.864557
0.871611 -71.3745 0.864557
0.871761 -71.3609 0.864707
0.871911 -71.3473 0.864857
0.872061 -71.3337 0.865008
0.872211 -71.3201 0.865008
0.872361 -71.3065 0.865158
0.872511 -71.2929 0.865308
0.872661 -71.2794 0.865458
0.872811 -71.2658 0.865458
0.872961 -71.2523 0.865608
0.873112 -71.2387 0.865758
0.873262 -71.2252 0.865908
0.873412 -71.2117 0.865908
0.873562 -71.1982 0.866058
0.873712 -71.1847 0.866208
0.873862 -71.1712 0.866358
0.874012 -71.1577 0.866358
0.874162 -71.1442 0.866508
0.874312 -71.1308 0.866658
0.874462 -71.1173 0.866808
0.874612 -71.1039 0.866808
0.874762 -71.0904 0.866958
0.874912  -71.077 0.867109
0.875063 -71.0636 0.867259
0.875213 -71.0502 0.867259
0.875363 -71.0368 0.867409
0.875513 -71.0234 0.867559
0.875663   -71.01 0.867709
0.875813 -70.9966 0.867709
0.875963 -70.9833 0.867859
0.876113 -70.9699 0.868009
0.876263 -70.9566 0.868159
0.876413 -70.9432 0.868159
0.876563 -70.9299 0.868309
0.876713 -70.9166 0.868459
0.876863 -70.9033 0.868609
0.877014   -70.89 0.868609
0.877164 -70.8767 0.868759
0.877314 -70.8634 0.868909
0.877464 -70.8501  0.86906
0.877614 -70.8368  0.86906
0.877764 -70.8236  0.86921
0.877914 -70.8103  0.86936
0.878064 -70.7971  0.86951
0.878214 -70.7838  0.86951
0.878364 -70.7706  0.86966
0.878514 -70.7574  0.86981
0.878664 -70.7442  0.86996
0.878814  -70.731  0.87011
0.878964 -70.7178  0.87011
0.879115 -70.7046  0.87026
0.879265 -70.6914  0.87041
0.879415 -70.6783  0.87056
0.879565 -70.6651  0.87056
0.879715  -70.652  0.87071
0.879865 -70.6388  0.87086
0.880015 -70.6257 0.871011
0.880165 -70.6126 0.871161
0.880315 -70.5995 0.871311
0.880465 -70.5863 0.871311
0.880615 -70.5732 0.871461
0.880765 -70.5601 0.871611
0.880915  -70.547 0.871761
0.881066 -70.5339 0.871911
0.881216 -70.5209 0.872061
0.881366 -70.5078 0.872061
0.881516 -70.4947 0.872211
0.881666 -70.4817 0.872361
0.881816 -70.4686 0.872511
0.881966 -70.4555 0.872661
0.882116 -70.4425 0.872811
0.882266 -70.4295 0.872961
0.882416 -70.4164 0.872961
0.882566 -70.4034 0.873112
0.882716 -70.3904 0.873262
0.882866 -70.3774 0.873412
0.883017 -70.3644 0.873562
0.883167 -70.3514 0.873712
0.883317 -70.3384 0.873862
0.883467 -70.3254 0.874012
0.883617 -70.3124 0.874012
0.883767 -70.2994 0.874162
0.883917 -70.2865 0.874312
0.884067 -70.2735 0.874462
0.884217 -70.2605 0.874612
0.884367 -70.2476 0.874762
0.884517 -70.2346 0.874912
0.884667 -70.2217 0.874912
0.884817 -70.2088 0.875063
0.884967 -70.1958 0.875213
0.885118 -70.1829 0.875363
0.885268   -70.17 0.875513
0.885418 -70.1571 0.875663
0.885568 -70.1442 0.875813
0.885718 -70.1313 0.875813
0.885868 -70.1184 0.875963
0.886018 -70.1055 0.876113
0.886168 -70.0926 0.876263
0.886318 -70.0797 0.876413
0.886468 -70.0669 0.876563
0.886618  -70.054 0.876713
0.886768 -70.0411 0.876713
0.886918 -70.0283 0.876863
0.887069 -70.0154 0.877014
0.887219 -70.0026 0.877164
0.887369 -69.9898 0.877314
0.887519 -69.9769 0.877464
0.887669 -69.9641 0.877614
0.887819 -69.9513 0.877764
0.887969 -69.9385 0.877764
0.888119 -69.9257 0.877914
0.888269 -69.9129 0.878064
0.888419 -69.9001 0.878214
0.888569 -69.8873 0.878364
0.888719 -69.8745 0.878514
0.888869 -69.8618 0.878664
 0.88902  -69.849 0.878664
 0.88917 -69.8362 0.878814
 0.88932 -69.8235 0.878964
 0.88947 -69.8107 0.879115
 0.88962  -69.798 0.879265
 0.88977 -69.7852 0.879415
 0.88992 -69.7725 0.879565
 0.89007 -69.7598 0.879715
 0.89022  -69.747 0.879715
 0.89037 -69.7343 0.879865
 0.89052 -69.7216 0.880015
 0.89067 -69.7089 0.880165
 0.89082 -69.6962 0.880315
 0.89097 -69.6835 0.880465
0.891121 -69.6708 0.880615
0.891271 -69.6581 0.880765
0.891421 -69.6455 0.880765
0.891571 -69.6328 0.880915
0.891721 -69.6201 0.881066
0.891871 -69.6075 0.881216
0.892021 -69.5948 0.881366
0.892171 -69.5821 0.881516
0.892321 -69.5695 0.881666
0.892471 -69.5569 0.881816
0.892621 -69.5442 0.881966
0.892771 -69.5316 0.881966
0.892921  -69.519 0.882116
0.893072 -69.5064 0.882266
0.893222 -69.4937 0.882416
0.893372 -69.4811 0.882566
0.893522 -69.4685 0.882716
0.893672 -69.4559 0.882866
0.893822 -69.4433 0.883017
0.893972 -69.4308 0.883017
0.894122 -69.4182 0.883167
0.894272 -69.4056 0.883317
0.894422  -69.393 0.883467
0.894572 -69.3805 0.883617
0.894722 -69.3679 0.883767
0.894872 -69.3553 0.883917
0.895023 -69.3428 0.884067
0.895173 -69.3302 0.884217
0.895323 -69.3177 0.884217
0.895473 -69.3052 0.884367
0.895623 -69.2926 0.884517
0.895773 -69.2801 0.884667
0.895923 -69.2676 0.884817
0.896073 -69.2551 0.884967
0.896223 -69.2426 0.885118
0.896373 -69.2301 0.885268
0.896523 -69.2176 0.885418
0.896673 -69.2051 0.885418
0.896823 -69.1926 0.885568
0.896973 -69.1801 0.885718
0.897124 -69.1676 0.885868
0.897274 -69.1552 0.886018
0.897424 -69.1427 0.886168
0.897574 -69.1302 0.886318
0.897724 -69.1178 0.886468
0.897874 -69.1053 0.886468
0.898024 -69.0929 0.886618
0.898174 -69.0805 0.886768
0.898324  -69.068 0.886918
0.898474 -69.0556 0.887069
0.898624 -69.0432 0.887219
0.898774 -69.0307 0.887369
0.898924 -69.0183 0.887519
0.899075 -69.0059 0.887669
0.899225 -68.9935 0.887669
0.899375 -68.9811 0.887819
0.899525 -68.9687 0.887969
0.899675 -68.9563 0.888119
0.899825  -68.944 0.888269
0.899975 -68.9316 0.888419
0.900125 -68.9192 0.888569
0.900275 -68.9068 0.888719
0.900425 -68.8945 0.888869
0.900575 -68.8821 0.888869
0.900725 -68.8698  0.88902
0.900875 -68.8574  0.88917
0.901026 -68.8451  0.88932
0.901176 -68.8327  0.88947
0.901326 -68.8204  0.88962
0.901476 -68.8081  0.88977
0.901626 -68.7958  0.88992
0.901776 -68.7834  0.89007
0.901926 -68.7711  0.89007
0.902076 -68.7588  0.89022
0.902226 -68.7465  0.89037
0.902376 -68.7342  0.89052
0.902526 -68.7219  0.89067
0.902676 -68.7096  0.89082
0.902826 -68.6974  0.89097
0.902976 -68.6851 0.891121
0.903127 -68.6728 0.891271
0.903277 -68.6605 0.891421
0.903427 -68.6483 0.891421
0.903577  -68.636 0.891571
0.903727 -68.6238 0.891721
0.903877 -68.6115 0.891871
0.904027 -68.5993 0.892021
0.904177  -68.587 0.892171
0.904327 -68.5748 0.892321
0.904477 -68.5626 0.892471
0.904627 -68.5504 0.892621
0.904777 -68.5381 0.892621
0.904927 -68.5259 0.892771
0.905078 -68.5137 0.892921
0.905228 -68.5015 0.893072
0.905378 -68.4893 0.893222
0.905528 -68.4771 0.893372
0.905678 -68.4649 0.893522
0.905828 -68.4528 0.893672
0.905978 -68.4406 0.893822
0.906128 -68.4284 0.893972
0.906278 -68.4162 0.893972
0.906428 -68.4041 0.894122
0.906578 -68.3919 0.894272
0.906728 -68.3798 0.894422
0.906878 -68.3676 0.894572
0.907029 -68.3555 0.894722
0.907179 -68.3433 0.894872
0.907329 -68.3312 0.895023
0.907479 -68.3191 0.895173
0.907629 -68.3069 0.895173
0.907779 -68.2948 0.895323
0.907929 -68.2827 0.895473
0.908079 -68.2706 0.895623
0.908229 -68.2585 0.895773
0.908379 -68.2464 0.895923
0.908529 -68.2343 0.896073
0.908679 -68.2222 0.896223
0.908829 -68.2101 0.896373
0.908979  -68.198 0.896523
 0.90913 -68.1859 0.896523
 0.90928 -68.1739 0.896673
 0.90943 -68.1618 0.896823
 0.90958 -68.1497 0.896973
 0.90973 -68.1377 0.897124
 0.90988 -68.1256 0.897274
 0.91003 -68.1136 0.897424
 0.91018 -68.1015 0.897574
 0.91033 -68.0895 0.897724
 0.91048 -68.0774 0.897874
 0.91063 -68.0654 0.897874
 0.91078 -68.0534 0.898024
 0.91093 -68.0414 0.898174
0.911081 -68.0293 0.898324
0.911231 -68.0173 0.898474
0.911381 -68.0053 0.898624
0.911531 -67.9933 0.898774
0.911681 -67.9813 0.898924
0.911831 -67.9693 0.899075
0.911981 -67.9574 0.899225
0.912131 -67.9454 0.899225
0.912281 -67.9334 0.899375
0.912431 -67.9214 0.899525
0.912581 -67.9094 0.899675
0.912731 -67.8975 0.899825
0.912881 -67.8855 0.899975
0.913032 -67.8736 0.900125
0.913182 -67.8616 0.900275
0.913332 -67.8497 0.900425
0.913482 -67.8377 0.900575
0.913632 -67.8258 0.900725
0.913782 -67.8138 0.900725
0.913932 -67.8019 0.900875
0.914082   -67.79 0.901026
0.914232  -67.778 0.901176
0.914382 -67.7661 0.901326
0.914532 -67.7542 0.901476
0.914682 -67.7423 0.901626
0.914832 -67.7304 0.901776
0.914982 -67.7185 0.901926
0.915133 -67.7066 0.902076
0.915283 -67.6947 0.902226
0.915433 -67.6828 0.902376
0.915583 -67.6709 0.902376
0.915733 -67.6591 0.902526
0.915883 -67.6472 0.902676
0.916033 -67.6353 0.902826
0.916183 -67.6234 0.902976
0.916333 -67.6116 0.903127
0.916483 -67.5997 0.903277
0.916633 -67.5879 0.903427
0.916783  -67.576 0.903577
0.916933 -67.5642 0.903727
0.917084 -67.5523 0.903877
0.917234 -67.5405 0.904027
0.917384 -67.5287 0.904027
0.917534 -67.5168 0.904177
0.917684  -67.505 0.904327
0.917834 -67.4932 0.904477
0.917984 -67.4814 0.904627
0.918134 -67.4696 0.904777
0.918284 -67.4577 0.904927
0.918434 -67.4459 0.905078
0.918584 -67.4341 0.905228
0.918734 -67.4223 0.905378
0.918884 -67.4106 0.905528
0.919035 -67.3988 0.905678
0.919185  -67.387 0.905678
0.919335 -67.3752 0.905828
0.919485 -67.3634 0.905978
0.919635 -67.3517 0.906128
0.919785 -67.3399 0.906278
0.919935 -67.3281 0.906428
0.920085 -67.3164 0.906578
0.920235 -67.3046 0.906728
0.920385 -67.2929 0.906878
0.920535 -67.2811 0.907029
0.920685 -67.2694 0.907179
0.920835 -67.2576 0.907329
0.920985 -67.2459 0.907479
0.921136 -67.2342 0.907479
0.921286 -67.2225 0.907629
0.921436 -67.2107 0.907779
0.921586  -67.199 0.907929
0.921736 -67.1873 0.908079
0.921886 -67.1756 0.908229
0.922036 -67.1639 0.908379
0.922186 -67.1522 0.908529
0.922336 -67.1405 0.908679
0.922486 -67.1288 0.908829
0.922636 -67.1171 0.908979
0.922786 -67.1054  0.90913
0.922936 -67.0938  0.90913
0.923087 -67.0821  0.90928
0.923237 -67.0704  0.90943
0.923387 -67.0587  0.90958
0.923537 -67.0471  0.90973
0.923687 -67.0354  0.90988
0.923837 -67.0238  0.91003
0.923987 -67.0121  0.91018
0.924137 -67.0005  0.91033
0.924287 -66.9888  0.91048
0.924437 -66.9772  0.91063
0.924587 -66.9655  0.91078
0.924737 -66.9539  0.91093
0.924887 -66.9423  0.91093
0.925038 -66.9307 0.911081
0.925188  -66.919 0.911231
0.925338 -66.9074 0.911381
0.925488 -66.8958 0.911531
0.925638 -66.8842 0.911681
0.925788 -66.8726 0.911831
0.925938  -66.861 0.911981
0.926088 -66.8494 0.912131
0.926238 -66.8378 0.912281
0.926388 -66.8262 0.912431
0.926538 -66.8146 0.912581
0.926688 -66.8031 0.912731
0.926838 -66.7915 0.912731
0.926988 -66.7799 0.912881
0.927139 -66.7683 0.913032
0.927289 -66.7568 0.913182
0.927439 -66.7452 0.913332
0.927589 -66.7337 0.913482
0.927739 -66.7221 0.913632
0.927889 -66.7106 0.913782
0.928039  -66.699 0.913932
0.928189 -66.6875 0.914082
0.928339 -66.6759 0.914232
0.928489 -66.6644 0.914382
0.928639 -66.6529 0.914532
0.928789 -66.6413 0.914682
0.928939 -66.6298 0.914682
 0.92909 -66.6183 0.914832
 0.92924 -66.6068 0.914982
 0.92939 -66.5953 0.915133
 0.92954 -66.5838 0.915283
 0.92969 -66.5723 0.915433
 0.92984 -66.5608 0.915583
 0.92999 -66.5493 0.915733
 0.93014 -66.5378 0.915883
 0.93029 -66.5263 0.916033
 0.93044 -66.5148 0.916183
 0.93059 -66.5033 0.916333
 0.93074 -66.4919 0.916483
 0.93089 -66.4804 0.916483
0.931041 -66.4689 0.916633
0.931191 -66.4575 0.916783
0.931341  -66.446 0.916933
0.931491 -66.4345 0.917084
0.931641 -66.4231 0.917234
0.931791 -66.4116 0.917384
0.931941 -66.4002 0.917534
0.932091 -66.3888 0.917684
0.932241 -66.3773 0.917834
0.932391 -66.3659 0.917984
0.932541 -66.3545 0.918134
0.932691  -66.343 0.918284
0.932841 -66.3316 0.918434
0.932991 -66.3202 0.918434
0.933142 -66.3088 0.918584
0.933292 -66.2974 0.918734
0.933442  -66.286 0.918884
0.933592 -66.2746 0.919035
0.933742 -66.2632 0.919185
0.933892 -66.2518 0.919335
0.934042 -66.2404 0.919485
0.934192  -66.229 0.919635
0.934342 -66.2176 0.919785
0.934492 -66.2062 0.919935
0.934642 -66.1948 0.920085
0.934792 -66.1835 0.920235
0.934942 -66.1721 0.920385
0.935093 -66.1607 0.920385
0.935243 -66.1494 0.920535
0.935393  -66.138 0.920685
0.935543 -66.1267 0.920835
0.935693 -66.1153 0.920985
0.935843  -66.104 0.921136
0.935993 -66.0926 0.921286
0.936143 -66.0813 0.921436
0.936293 -66.0699 0.921586
0.936443 -66.0586 0.921736
0.936593 -66.0473 0.921886
0.936743  -66.036 0.922036
0.936893 -66.0246 0.922186
0.937044 -66.0133 0.922336
0.937194  -66.002 0.922336
0.937344 -65.9907 0.922486
0.937494 -65.9794 0.922636
0.937644 -65.9681 0.922786
0.937794 -65.9568 0.922936
0.937944 -65.9455 0.923087
0.938094 -65.9342 0.923237
0.938244 -65.9229 0.923387
0.938394 -65.9116 0.923537
0.938544 -65.9004 0.923687
0.938694 -65.8891 0.923837
0.938844 -65.8778 0.923987
0.938994 -65.8665 0.924137
0.939145 -65.8553 0.924287
0.939295  -65.844 0.924287
0.939445 -65.8328 0.924437
0.939595 -65.8215 0.924587
0.939745 -65.8102 0.924737
0.939895  -65.799 0.924887
0.940045 -65.7878 0.925038
0.940195 -65.7765 0.925188
0.940345 -65.7653 0.925338
0.940495 -65.7541 0.925488
0.940645 -65.7428 0.925638
0.940795 -65.7316 0.925788
0.940945 -65.7204 0.925938
0.941096 -65.7092 0.926088
0.941246 -65.6979 0.926238
0.941396 -65.6867 0.926388
0.941546 -65.6755 0.926388
0.941696 -65.6643 0.926538
0.941846 -65.6531 0.926688
0.941996 -65.6419 0.926838
0.942146 -65.6307 0.926988
0.942296 -65.6195 0.927139
0.942446 -65.6084 0.927289
0.942596 -65.5972 0.927439
0.942746  -65.586 0.927589
0.942896 -65.5748 0.927739
0.943047 -65.5637 0.927889
0.943197 -65.5525 0.928039
0.943347 -65.5413 0.928189
0.943497 -65.5302 0.928339
0.943647  -65.519 0.928489
0.943797 -65.5079 0.928489
0.943947 -65.4967 0.928639
0.944097 -65.4856 0.928789
0.944247 -65.4744 0.928939
0.944397 -65.4633  0.92909
0.944547 -65.4522  0.92924
0.944697  -65.441  0.92939
0.944847 -65.4299  0.92954
0.944997 -65.4188  0.92969
0.945148 -65.4076  0.92984
0.945298 -65.3965  0.92999
0.945448 -65.3854  0.93014
0.945598 -65.3743  0.93029
0.945748 -65.3632  0.93044
0.945898 -65.3521  0.93059
0.946048  -65.341  0.93059
0.946198 -65.3299  0.93074
0.946348 -65.3188  0.93089
0.946498 -65.3077 0.931041
0.946648 -65.2966 0.931191
0.946798 -65.2856 0.931341
0.946948 -65.2745 0.931491
0.947099 -65.2634 0.931641
0.947249 -65.2523 0.931791
0.947399 -65.2413 0.931941
0.947549 -65.2302 0.932091
0.947699 -65.2191 0.932241
0.947849 -65.2081 0.932391
0.947999  -65.197 0.932541
0.948149  -65.186 0.932691
0.948299 -65.1749 0.932691
0.948449 -65.1639 0.932841
0.948599 -65.1529 0.932991
0.948749 -65.1418 0.933142
0.948899 -65.1308 0.933292
 0.94905 -65.1198 0.933442
  0.9492 -65.1087 0.933592
 0.94935 -65.0977 0.933742
  0.9495 -65.0867 0.933892
 0.94965 -65.0757 0.934042
  0.9498 -65.0647 0.934192
 0.94995 -65.0536 0.934342
  0.9501 -65.0426 0.934492
 0.95025 -65.0316 0.934642
  0.9504 -65.0206 0.934792
 0.95055 -65.0097 0.934792
  0.9507 -64.9987 0.934942
 0.95085 -64.9877 0.935093
0.951001 -64.9767 0.935243
0.951151 -64.9657 0.935393
0.951301 -64.9547 0.935543
0.951451 -64.9438 0.935693
0.951601 -64.9328 0.935843
0.951751 -64.9218 0.935993
0.951901 -64.9108 0.936143
0.952051 -64.8999 0.936293
0.952201 -64.8889 0.936443
0.952351  -64.878 0.936593
0.952501  -64.867 0.936743
0.952651 -64.8561 0.936893
0.952801 -64.8451 0.937044
0.952951 -64.8342 0.937044
0.953102 -64.8233 0.937194
0.953252 -64.8123 0.937344
0.953402 -64.8014 0.937494
0.953552 -64.7905 0.937644
0.953702 -64.7795 0.937794
0.953852 -64.7686 0.937944
0.954002 -64.7577 0.938094
0.954152 -64.7468 0.938244
0.954302 -64.7359 0.938394
0.954452  -64.725 0.938544
0.954602 -64.7141 0.938694
0.954752 -64.7032 0.938844
0.954902 -64.6923 0.938994
0.955053 -64.6814 0.939145
0.955203 -64.6705 0.939295
0.955353 -64.6596 0.939295
0.955503 -64.6487 0.939445
0.955653 -64.6379 0.939595
0.955803  -64.627 0.939745
0.955953 -64.6161 0.939895
0.956103 -64.6052 0.940045
0.956253 -64.5944 0.940195
0.956403 -64.5835 0.940345
0.956553 -64.5726 0.940495
0.956703 -64.5618 0.940645
0.956853 -64.5509 0.940795
0.957004 -64.5401 0.940945
0.957154 -64.5292 0.941096
0.957304 -64.5184 0.941246
0.957454 -64.5076 0.941396
0.957604 -64.4967 0.941546
0.957754 -64.4859 0.941546
0.957904 -64.4751 0.941696
0.958054 -64.4642 0.941846
0.958204 -64.4534 0.941996
0.958354 -64.4426 0.942146
0.958504 -64.4318 0.942296
0.958654  -64.421 0.942446
0.958804 -64.4102 0.942596
0.958954 -64.3993 0.942746
0.959105 -64.3885 0.942896
0.959255 -64.3777 0.943047
0.959405  -64.367 0.943197
0.959555 -64.3562 0.943347
0.959705 -64.3454 0.943497
0.959855 -64.3346 0.943647
0.960005 -64.3238 0.943797
0.960155  -64.313 0.943797
0.960305 -64.3022 0.943947
0.960455 -64.2915 0.944097
0.960605 -64.2807 0.944247
0.960755 -64.2699 0.944397
0.960905 -64.2592 0.944547
0.961056 -64.2484 0.944697
0.961206 -64.2377 0.944847
0.961356 -64.2269 0.944997
0.961506 -64.2162 0.945148
0.961656 -64.2054 0.945298
0.961806 -64.1947 0.945448
0.961956 -64.1839 0.945598
0.962106 -64.1732 0.945748
0.962256 -64.1625 0.945898
0.962406 -64.1517 0.946048
0.962556  -64.141 0.946198
0.962706 -64.1303 0.946198
0.962856 -64.1195 0.946348
0.963007 -64.1088 0.946498
0.963157 -64.0981 0.946648
0.963307 -64.0874 0.946798
0.963457 -64.0767 0.946948
0.963607  -64.066 0.947099
0.963757 -64.0553 0.947249
0.963907 -64.0446 0.947399
0.964057 -64.0339 0.947549
0.964207 -64.0232 0.947699
0.964357 -64.0125 0.947849
0.964507 -64.0018 0.947999
0.964657 -63.9912 0.948149
0.964807 -63.9805 0.948299
0.964957 -63.9698 0.948449
0.965108 -63.9591 0.948449
0.965258 -63.9485 0.948599
0.965408 -63.9378 0.948749
0.965558 -63.9271 0.948899
0.965708 -63.9165  0.94905
0.965858 -63.9058   0.9492
0.966008 -63.8952  0.94935
0.966158 -63.8845   0.9495
0.966308 -63.8739  0.94965
0.966458 -63.8632   0.9498
0.966608 -63.8526  0.94995
0.966758 -63.8419   0.9501
0.966908 -63.8313  0.95025
0.967059 -63.8207   0.9504
0.967209   -63.81  0.95055
0.967359 -63.7994   0.9507
0.967509 -63.7888  0.95085
0.967659 -63.7782  0.95085
0.967809 -63.7676 0.951001
0.967959  -63.757 0.951151
0.968109 -63.7463 0.951301
0.968259 -63.7357 0.951451
0.968409 -63.7251 0.951601
0.968559 -63.7145 0.951751
0.968709 -63.7039 0.951901
0.968859 -63.6934 0.952051
 0.96901 -63.6828 0.952201
 0.96916 -63.6722 0.952351
 0.96931 -63.6616 0.952501
 0.96946  -63.651 0.952651
 0.96961 -63.6404 0.952801
 0.96976 -63.6299 0.952951
 0.96991 -63.6193 0.953102
 0.97006 -63.6087 0.953252
 0.97021 -63.5982 0.953252
 0.97036 -63.5876 0.953402
 0.97051  -63.577 0.953552
 0.97066 -63.5665 0.953702
 0.97081 -63.5559 0.953852
 0.97096 -63.5454 0.954002
0.971111 -63.5348 0.954152
0.971261 -63.5243 0.954302
0.971411 -63.5138 0.954452
0.971561 -63.5032 0.954602
0.971711 -63.4927 0.954752
0.971861 -63.4822 0.954902
0.972011 -63.4716 0.955053
0.972161 -63.4611 0.955203
0.972311 -63.4506 0.955353
0.972461 -63.4401 0.955503
0.972611 -63.4296 0.955653
0.972761 -63.4191 0.955653
0.972911 -63.4085 0.955803
0.973062  -63.398 0.955953
0.973212 -63.3875 0.956103
0.973362  -63.377 0.956253
0.973512 -63.3665 0.956403
0.973662 -63.3561 0.956553
0.973812 -63.3456 0.956703
0.973962 -63.3351 0.956853
0.974112 -63.3246 0.957004
0.974262 -63.3141 0.957154
0.974412 -63.3036 0.957304
0.974562 -63.2932 0.957454
0.974712 -63.2827 0.957604
0.974862 -63.2722 0.957754
0.975013 -63.2618 0.957904
0.975163 -63.2513 0.958054
0.975313 -63.2409 0.958054
0.975463 -63.2304 0.958204
0.975613 -63.2199 0.958354
0.975763 -63.2095 0.958504
0.975913  -63.199 0.958654
0.976063 -63.1886 0.958804
0.976213 -63.1782 0.958954
0.976363 -63.1677 0.959105
0.976513 -63.1573 0.959255
0.976663 -63.1469 0.959405
0.976813 -63.1364 0.959555
0.976963  -63.126 0.959705
0.977114 -63.1156 0.959855
0.977264 -63.1052 0.960005
0.977414 -63.0948 0.960155
0.977564 -63.0844 0.960305
0.977714 -63.0739 0.960455
0.977864 -63.0635 0.960605
0.978014 -63.0531 0.960605
0.978164 -63.0427 0.960755
0.978314 -63.0323 0.960905
0.978464 -63.0219 0.961056
0.978614 -63.0116 0.961206
0.978764 -63.0012 0.961356
0.978914 -62.9908 0.961506
0.979065 -62.9804 0.961656
0.979215   -62.97 0.961806
0.979365 -62.9596 0.961956
0.979515 -62.9493 0.962106
0.979665 -62.9389 0.962256
0.979815 -62.9285 0.962406
0.979965 -62.9182 0.962556
0.980115 -62.9078 0.962706
0.980265 -62.8975 0.962856
0.980415 -62.8871 0.963007
0.980565 -62.8768 0.963007
0.980715 -62.8664 0.963157
0.980865 -62.8561 0.963307
0.981016 -62.8457 0.963457
0.981166 -62.8354 0.963607
0.981316 -62.8251 0.963757
0.981466 -62.8147 0.963907
0.981616 -62.8044 0.964057
0.981766 -62.7941 0.964207
0.981916 -62.7837 0.964357
0.982066 -62.7734 0.964507
0.982216 -62.7631 0.964657
0.982366 -62.7528 0.964807
0.982516 -62.7425 0.964957
0.982666 -62.7322 0.965108
0.982816 -62.7219 0.965258
0.982966 -62.7116 0.965408
0.983117 -62.7013 0.965558
0.983267  -62.691 0.965558
0.983417 -62.6807 0.965708
0.983567 -62.6704 0.965858
0.983717 -62.6601 0.966008
0.983867 -62.6498 0.966158
0.984017 -62.6395 0.966308
0.984167 -62.6292 0.966458
0.984317  -62.619 0.966608
0.984467 -62.6087 0.966758
0.984617 -62.5984 0.966908
0.984767 -62.5882 0.967059
0.984917 -62.5779 0.967209
0.985068 -62.5676 0.967359
0.985218 -62.5574 0.967509
0.985368 -62.5471 0.967659
0.985518 -62.5369 0.967809
0.985668 -62.5266 0.967959
0.985818 -62.5164 0.967959
0.985968 -62.5061 0.968109
0.986118 -62.4959 0.968259
0.986268 -62.4857 0.968409
0.986418 -62.4754 0.968559
0.986568 -62.4652 0.968709
0.986718  -62.455 0.968859
0.986868 -62.4447  0.96901
0.987019 -62.4345  0.96916
0.987169 -62.4243  0.96931
0.987319 -62.4141  0.96946
0.987469 -62.4039  0.96961
0.987619 -62.3937  0.96976
0.987769 -62.3835  0.96991
0.987919 -62.3733  0.97006
0.988069 -62.3631  0.97021
0.988219 -62.3529  0.97036
0.988369 -62.3427  0.97051
0.988519 -62.3325  0.97051
0.988669 -62.3223  0.97066
0.988819 -62.3121  0.97081
0.988969 -62.3019  0.97096
 0.98912 -62.2917 0.971111
 0.98927 -62.2816 0.971261
 0.98942 -62.2714 0.971411
 0.98957 -62.2612 0.971561
 0.98972  -62.251 0.971711
 0.98987 -62.2409 0.971861
 0.99002 -62.2307 0.972011
 0.99017 -62.2206 0.972161
 0.99032 -62.2104 0.972311
 0.99047 -62.2002 0.972461
 0.99062 -62.1901 0.972611
 0.99077 -62.1799 0.972761
 0.99092 -62.1698 0.972911
0.991071 -62.1597 0.973062
0.991221 -62.1495 0.973062
0.991371 -62.1394 0.973212
0.991521 -62.1292 0.973362
0.991671 -62.1191 0.973512
0.991821  -62.109 0.973662
0.991971 -62.0989 0.973812
0.992121 -62.0887 0.973962
0.992271 -62.0786 0.974112
0.992421 -62.0685 0.974262
0.992571 -62.0584 0.974412
0.992721 -62.0483 0.974562
0.992871 -62.0382 0.974712
0.993022 -62.0281 0.974862
0.993172  -62.018 0.975013
0.993322 -62.0079 0.975163
0.993472 -61.9978 0.975313
0.993622 -61.9877 0.975463
0.993772 -61.9776 0.975613
0.993922 -61.9675 0.975613
0.994072 -61.9574 0.975763
0.994222 -61.9473 0.975913
0.994372 -61.9373 0.976063
0.994522 -61.9272 0.976213
0.994672 -61.9171 0.976363
0.994822  -61.907 0.976513
0.994972  -61.897 0.976663
0.995123 -61.8869 0.976813
0.995273 -61.8768 0.976963
0.995423 -61.8668 0.977114
0.995573 -61.8567 0.977264
0.995723 -61.8467 0.977414
0.995873 -61.8366 0.977564
0.996023 -61.8266 0.977714
0.996173 -61.8165 0.977864
0.996323 -61.8065 0.978014
0.996473 -61.7965 0.978164
0.996623 -61.7864 0.978164
0.996773 -61.7764 0.978314
0.996923 -61.7664 0.978464
0.997074 -61.7563 0.978614
0.997224 -61.7463 0.978764
0.997374 -61.7363 0.978914
0.997524 -61.7263 0.979065
0.997674 -61.7163 0.979215
0.997824 -61.7062 0.979365
0.997974 -61.6962 0.979515
0.998124 -61.6862 0.979665
0.998274 -61.6762 0.979815
0.998424 -61.6662 0.979965
0.998574 -61.6562 0.980115
0.998724 -61.6462 0.980265
0.998874 -61.6362 0.980415
0.999025 -61.6263 0.980565
0.999175 -61.6163 0.980715
0.999325 -61.6063 0.980715
0.999475 -61.5963 0.980865
0.999625 -61.5863 0.981016
0.999775 -61.5763 0.981166
0.999925 -61.5664 0.981316
 1.00008 -61.5564 0.981466
 1.00023 -61.5464 0.981616
 1.00038 -61.5365 0.981766
 1.00053 -61.5265 0.981916
 1.00068 -61.5166 0.982066
 1.00083 -61.5066 0.982216
 1.00098 -61.4966 0.982366
 1.00113 -61.4867 0.982516
 1.00128 -61.4767 0.982666
 1.00143 -61.4668 0.982816
 1.00158 -61.4569 0.982966
 1.00173 -61.4469 0.983117
 1.00188  -61.437 0.983267
 1.00203 -61.4271 0.983267
 1.00218 -61.4171 0.983417
 1.00233 -61.4072 0.983567
 1.00248 -61.3973 0.983717
 1.00263 -61.3874 0.983867
 1.00278 -61.3774 0.984017
 1.00293 -61.3675 0.984167
 1.00308 -61.3576 0.984317
 1.00323 -61.3477 0.984467
 1.00338 -61.3378 0.984617
 1.00353 -61.3279 0.984767
 1.00368  -61.318 0.984917
 1.00383 -61.3081 0.985068
 1.00398 -61.2982 0.985218
 1.00413 -61.2883 0.985368
 1.00428 -61.2784 0.985518
 1.00443 -61.2685 0.985668
 1.00458 -61.2586 0.985818
 1.00473 -61.2487 0.985818
 1.00488 -61.2389 0.985968
 1.00503  -61.229 0.986118
 1.00518 -61.2191 0.986268
 1.00533 -61.2092 0.986418
 1.00548 -61.1994 0.986568
 1.00563 -61.1895 0.986718
 1.00578 -61.1796 0.986868
 1.00593 -61.1698 0.987019
 1.00608 -61.1599 0.987169
 1.00623 -61.1501 0.987319
 1.00638 -61.1402 0.987469
 1.00653 -61.1304 0.987619
 1.00668 -61.1205 0.987769
 1.00683 -61.1107 0.987919
 1.00698 -61.1008 0.988069
 1.00713  -61.091 0.988219
 1.00728 -61.0812 0.988369
 1.00743 -61.0713 0.988369
 1.00758 -61.0615 0.988519
 1.00773 -61.0517 0.988669
 1.00788 -61.0419 0.988819
 1.00803  -61.032 0.988969
 1.00818 -61.0222  0.98912
 1.00833 -61.0124  0.98927
 1.00848 -61.0026  0.98942
 1.00863 -60.9928  0.98957
 1.00878  -60.983  0.98972
 1.00893 -60.9732  0.98987
 1.00908 -60.9634  0.99002
 1.00923 -60.9536  0.99017
 1.00938 -60.9438  0.99032
 1.00953  -60.934  0.99047
 1.00968 -60.9242  0.99062
 1.00983 -60.9144  0.99077
 1.00998 -60.9046  0.99092
 1.01013 -60.8948 0.991071
 1.01028 -60.8851 0.991071
 1.01043 -60.8753 0.991221
 1.01058 -60.8655 0.991371
 1.01073 -60.8557 0.991521
 1.01088  -60.846 0.991671
 1.01103 -60.8362 0.991821
 1.01118 -60.8264 0.991971
 1.01133 -60.8167 0.992121
 1.01148 -60.8069 0.992271
 1.01163 -60.7972 0.992421
 1.01178 -60.7874 0.992571
 1.01193 -60.7777 0.992721
 1.01208 -60.7679 0.992871
 1.01223 -60.7582 0.993022
 1.01238 -60.7484 0.993172
 1.01253 -60.7387 0.993322
 1.01268  -60.729 0.993472
 1.01283 -60.7192 0.993622
 1.01298 -60.7095 0.993622
 1.01313 -60.6998 0.993772
 1.01328   -60.69 0.993922
 1.01343 -60.6803 0.994072
 1.01358 -60.6706 0.994222
 1.01373 -60.6609 0.994372
 1.01388 -60.6512 0.994522
 1.01403 -60.6414 0.994672
 1.01418 -60.6317 0.994822
 1.01433  -60.622 0.994972
 1.01448 -60.6123 0.995123
 1.01463 -60.6026 0.995273
 1.01478 -60.5929 0.995423
 1.01493 -60.5832 0.995573
 1.01508 -60.5735 0.995723
 1.01523 -60.5639 0.995873
 1.01538 -60.5542 0.996023
 1.01553 -60.5445 0.996173
 1.01568 -60.5348 0.996173
 1.01583 -60.5251 0.996323
 1.01598 -60.5154 0.996473
 1.01613 -60.5058 0.996623
 1.01628 -60.4961 0.996773
 1.01643 -60.4864 0.996923
 1.01658 -60.4768 0.997074
 1.01673 -60.4671 0.997224
 1.01688 -60.4574 0.997374
 1.01703 -60.4478 0.997524
 1.01718 -60.4381 0.997674
 1.01733 -60.4285 0.997824
 1.01748 -60.4188 0.997974
 1.01763 -60.4092 0.998124
 1.01778 -60.3995 0.998274
 1.01793 -60.3899 0.998424
 1.01808 -60.3803 0.998574
 1.01823 -60.3706 0.998724
 1.01838  -60.361 0.998724
 1.01853 -60.3514 0.998874
 1.01868 -60.3417 0.999025
 1.01883 -60.3321 0.999175
 1.01898 -60.3225 0.999325
 1.01913 -60.3129 0.999475
 1.01928 -60.3033 0.999625
 1.01943 -60.2936 0.999775
 1.01958  -60.284 0.999925
 1.01973 -60.2744  1.00008
 1.01988 -60.2648  1.00023
 1.02004 -60.2552  1.00038
 1.02019 -60.2456  1.00053
 1.02034  -60.236  1.00068
 1.02049 -60.2264  1.00083
 1.02064 -60.2168  1.00098
 1.02079 -60.2072  1.00113
 1.02094 -60.1976  1.00128
 1.02109 -60.1881  1.00143
 1.02124 -60.1785  1.00143
 1.02139 -60.1689  1.00158
 1.02154 -60.1593  1.00173
 1.02169 -60.1497  1.00188
 1.02184 -60.1402  1.00203
 1.02199 -60.1306  1.00218
 1.02214  -60.121  1.00233
 1.02229 -60.1115  1.00248
 1.02244 -60.1019  1.00263
 1.02259 -60.0924  1.00278
 1.02274 -60.0828  1.00293
 1.02289 -60.0732  1.00308
 1.02304 -60.0637  1.00323
 1.02319 -60.0541  1.00338
 1.02334 -60.0446  1.00353
 1.02349 -60.0351  1.00368
 1.02364 -60.0255  1.00383
 1.02379  -60.016  1.00398
 1.02394 -60.0065  1.00398
 1.02409 -59.9969  1.00413
 1.02424 -59.9874  1.00428
 1.02439 -59.9779  1.00443
 1.02454 -59.9683  1.00458
 1.02469 -59.9588  1.00473
 1.02484 -59.9493  1.00488
 1.02499 -59.9398  1.00503
 1.02514 -59.9303  1.00518
 1.02529 -59.9208  1.00533
 1.02544 -59.9113  1.00548
 1.02559 -59.9017  1.00563
 1.02574 -59.8922  1.00578
 1.02589 -59.8827  1.00593
 1.02604 -59.8732  1.00608
 1.02619 -59.8638  1.00623
 1.02634 -59.8543  1.00638
 1.02649 -59.8448  1.00653
 1.02664 -59.8353  1.00653
 1.02679 -59.8258  1.00668
 1.02694 -59.8163  1.00683
 1.02709 -59.8068  1.00698
 1.02724 -59.7974  1.00713
 1.02739 -59.7879  1.00728
 1.02754 -59.7784  1.00743
 1.02769 -59.7689  1.00758
 1.02784 -59.7595  1.00773
 1.02799   -59.75  1.00788
 1.02814 -59.7406  1.00803
 1.02829 -59.7311  1.00818
 1.02844 -59.7216  1.00833
 1.02859 -59.7122  1.00848
 1.02874 -59.7027  1.00863
 1.02889 -59.6933  1.00878
 1.02904 -59.6838  1.00893
 1.02919 -59.6744  1.00908
 1.02934  -59.665  1.00923
 1.02949 -59.6555  1.00923
 1.02964 -59.6461  1.00938
 1.02979 -59.6367  1.00953
 1.02994 -59.6272  1.00968
 1.03009 -59.6178  1.00983
 1.03024 -59.6084  1.00998
 1.03039  -59.599  1.01013
 1.03054 -59.5895  1.01028
 1.03069 -59.5801  1.01043
 1.03084 -59.5707  1.01058
 1.03099 -59.5613  1.01073
 1.03114 -59.5519  1.01088
 1.03129 -59.5425  1.01103
 1.03144 -59.5331  1.01118
 1.03159 -59.5237  1.01133
 1.03174 -59.5143  1.01148
 1.03189 -59.5049  1.01163
 1.03204 -59.4955  1.01178
 1.03219 -59.4861  1.01178
 1.03234 -59.4767  1.01193
 1.03249 -59.4673  1.01208
 1.03264 -59.4579  1.01223
 1.03279 -59.4486  1.01238
 1.03294 -59.4392  1.01253
 1.03309 -59.4298  1.01268
 1.03324 -59.4204  1.01283
 1.03339 -59.4111  1.01298
 1.03354 -59.4017  1.01313
 1.03369 -59.3923  1.01328
 1.03384  -59.383  1.01343
 1.03399 -59.3736  1.01358
 1.03414 -59.3643  1.01373
 1.03429 -59.3549  1.01388
 1.03444 -59.3456  1.01403
 1.03459 -59.3362  1.01418
 1.03474 -59.3269  1.01433
 1.03489 -59.3175  1.01433
 1.03504 -59.3082  1.01448
 1.03519 -59.2988  1.01463
 1.03534 -59.2895  1.01478
 1.03549 -59.2802  1.01493
 1.03564 -59.2708  1.01508
 1.03579 -59.2615  1.01523
 1.03594 -59.2522  1.01538
 1.03609 -59.2429  1.01553
 1.03624 -59.2335  1.01568
 1.03639 -59.2242  1.01583
 1.03654 -59.2149  1.01598
 1.03669 -59.2056  1.01613
 1.03684 -59.1963  1.01628
 1.03699  -59.187  1.01643
 1.03714 -59.1777  1.01658
 1.03729 -59.1684  1.01673
 1.03744 -59.1591  1.01688
 1.03759 -59.1498  1.01688
 1.03774 -59.1405  1.01703
 1.03789 -59.1312  1.01718
 1.03804 -59.1219  1.01733
 1.03819 -59.1126  1.01748
 1.03834 -59.1033  1.01763
 1.03849  -59.094  1.01778
 1.03864 -59.0847  1.01793
 1.03879 -59.0755  1.01808
 1.03894 -59.0662  1.01823
 1.03909 -59.0569  1.01838
 1.03924 -59.0476  1.01853
 1.03939 -59.0384  1.01868
 1.03954 -59.0291  1.01883
 1.03969 -59.0199  1.01898
 1.03984 -59.0106  1.01913
 1.03999 -59.0013  1.01928
 1.04015 -58.9921  1.01943
  1.0403 -58.9828  1.01958
 1.04045 -58.9736  1.01958
  1.0406 -58.9643  1.01973
 1.04075 -58.9551  1.01988
  1.0409 -58.9458  1.02004
 1.04105 -58.9366  1.02019
  1.0412 -58.9274  1.02034
 1.04135 -58.9181  1.02049
  1.0415 -58.9089  1.02064
 1.04165 -58.8997  1.02079
  1.0418 -58.8904  1.02094
 1.04195 -58.8812  1.02109
  1.0421  -58.872  1.02124
 1.04225 -58.8628  1.02139
  1.0424 -58.8536  1.02154
 1.04255 -58.8444  1.02169
  1.0427 -58.8351  1.02184
 1.04285 -58.8259  1.02199
   1.043 -58.8167  1.02214
 1.04315 -58.8075  1.02214
  1.0433 -58.7983  1.02229
 1.04345 -58.7891  1.02244
  1.0436 -58.7799  1.02259
 1.04375 -58.7707  1.02274
  1.0439 -58.7615  1.02289
 1.04405 -58.7524  1.02304
  1.0442 -58.7432  1.02319
 1.04435  -58.734  1.02334
  1.0445 -58.7248  1.02349
 1.04465 -58.7156  1.02364
  1.0448 -58.7064  1.02379
 1.04495 -58.6973  1.02394
  1.0451 -58.6881  1.02409
 1.04525 -58.6789  1.02424
  1.0454 -58.6698  1.02439
 1.04555 -58.6606  1.02454
  1.0457 -58.6514  1.02469
 1.04585 -58.6423  1.02469
   1.046 -58.6331  1.02484
 1.04615  -58.624  1.02499
  1.0463 -58.6148  1.02514
 1.04645 -58.6057  1.02529
  1.0466 -58.5965  1.02544
 1.04675 -58.5874  1.02559
  1.0469 -58.5782  1.02574
 1.04705 -58.5691  1.02589
  1.0472   -58.56  1.02604
 1.04735 -58.5508  1.02619
  1.0475 -58.5417  1.02634
 1.04765 -58.5326  1.02649
  1.0478 -58.5234  1.02664
 1.04795 -58.5143  1.02679
  1.0481 -58.5052  1.02694
 1.04825 -58.4961  1.02709
  1.0484  -58.487  1.02724
 1.04855 -58.4779  1.02724
  1.0487 -58.4687  1.02739
 1.04885 -58.4596  1.02754
   1.049 -58.4505  1.02769
 1.04915 -58.4414  1.02784
  1.0493 -58.4323  1.02799
 1.04945 -58.4232  1.02814
  1.0496 -58.4141  1.02829
 1.04975  -58.405  1.02844
  1.0499 -58.3959  1.02859
 1.05005 -58.3868  1.02874
  1.0502 -58.3778  1.02889
 1.05035 -58.3687  1.02904
  1.0505 -58.3596  1.02919
 1.05065 -58.3505  1.02934
  1.0508 -58.3414  1.02949
 1.05095 -58.3324  1.02964
  1.0511 -58.3233  1.02979
 1.05125 -58.3142  1.02979
  1.0514 -58.3052  1.02994
 1.05155 -58.2961  1.03009
  1.0517  -58.287  1.03024
 1.05185  -58.278  1.03039
   1.052 -58.2689  1.03054
 1.05215 -58.2599  1.03069
  1.0523 -58.2508  1.03084
 1.05245 -58.2418  1.03099
  1.0526 -58.2327  1.03114
 1.05275 -58.2237  1.03129
  1.0529 -58.2146  1.03144
 1.05305 -58.2056  1.03159
  1.0532 -58.1966  1.03174
 1.05335 -58.1875  1.03189
  1.0535 -58.1785  1.03204
 1.05365 -58.1695  1.03219
  1.0538 -58.1604  1.03234
 1.05395 -58.1514  1.03234
  1.0541 -58.1424  1.03249
 1.05425 -58.1334  1.03264
  1.0544 -58.1243  1.03279
 1.05455 -58.1153  1.03294
  1.0547 -58.1063  1.03309
 1.05485 -58.0973  1.03324
   1.055 -58.0883  1.03339
 1.05515 -58.0793  1.03354
  1.0553 -58.0703  1.03369
 1.05545 -58.0613  1.03384
  1.0556 -58.0523  1.03399
 1.05575 -58.0433  1.03414
  1.0559 -58.0343  1.03429
 1.05605 -58.0253  1.03444
  1.0562 -58.0163  1.03459
 1.05635 -58.0073  1.03474
  1.0565 -57.9984  1.03489
 1.05665 -57.9894  1.03489
  1.0568 -57.9804  1.03504
 1.05695 -57.9714  1.03519
  1.0571 -57.9625  1.03534
 1.05725 -57.9535  1.03549
  1.0574 -57.9445  1.03564
 1.05755 -57.9356  1.03579
  1.0577 -57.9266  1.03594
 1.05785 -57.9176  1.03609
   1.058 -57.9087  1.03624
 1.05815 -57.8997  1.03639
  1.0583 -57.8908  1.03654
 1.05845 -57.8818  1.03669
  1.0586 -57.8729  1.03684
 1.05875 -57.8639  1.03699
  1.0589  -57.855  1.03714
 1.05905  -57.846  1.03729
  1.0592 -57.8371  1.03729
 1.05935 -57.8282  1.03744
  1.0595 -57.8192  1.03759
 1.05965 -57.8103  1.03774
  1.0598 -57.8014  1.03789
 1.05995 -57.7924  1.03804
 1.06011 -57.7835  1.03819
 1.06026 -57.7746  1.03834
 1.06041 -57.7657  1.03849
 1.06056 -57.7567  1.03864
 1.06071 -57.7478  1.03879
 1.06086 -57.7389  1.03894
 1.06101   -57.73  1.03909
 1.06116 -57.7211  1.03924
 1.06131 -57.7122  1.03939
 1.06146 -57.7033  1.03954
 1.06161 -57.6944  1.03969
 1.06176 -57.6855  1.03984
 1.06191 -57.6766  1.03984
 1.06206 -57.6677  1.03999
 1.06221 -57.6588  1.04015
 1.06236 -57.6499   1.0403
 1.06251  -57.641  1.04045
 1.06266 -57.6322   1.0406
 1.06281 -57.6233  1.04075
 1.06296 -57.6144   1.0409
 1.06311 -57.6055  1.04105
 1.06326 -57.5967   1.0412
 1.06341 -57.5878  1.04135
 1.06356 -57.5789   1.0415
 1.06371   -57.57  1.04165
 1.06386 -57.5612   1.0418
 1.06401 -57.5523  1.04195
 1.06416 -57.5435   1.0421
 1.06431 -57.5346  1.04225
 1.06446 -57.5258  1.04225
 1.06461 -57.5169   1.0424
 1.06476 -57.5081  1.04255
 1.06491 -57.4992   1.0427
 1.06506 -57.4904  1.04285
 1.06521 -57.4815    1.043
 1.06536 -57.4727  1.04315
 1.06551 -57.4638   1.0433
 1.06566  -57.455  1.04345
 1.06581 -57.4462   1.0436
 1.06596 -57.4373  1.04375
 1.06611 -57.4285   1.0439
 1.06626 -57.4197  1.04405
 1.06641 -57.4109   1.0442
 1.06656  -57.402  1.04435
 1.06671 -57.3932   1.0445
 1.06686 -57.3844  1.04465
 1.06701 -57.3756   1.0448
 1.06716 -57.3668   1.0448
 1.06731  -57.358  1.04495
 1.06746 -57.3492   1.0451
 1.06761 -57.3404  1.04525
 1.06776 -57.3316   1.0454
 1.06791 -57.3228  1.04555
 1.06806  -57.314   1.0457
 1.06821 -57.3052  1.04585
 1.06836 -57.2964    1.046
 1.06851 -57.2876  1.04615
 1.06866 -57.2788   1.0463
 1.06881   -57.27  1.04645
 1.06896 -57.2612   1.0466
 1.06911 -57.2525  1.04675
 1.06926 -57.2437   1.0469
 1.06941 -57.2349  1.04705
 1.06956 -57.2261   1.0472
 1.06971 -57.2174   1.0472
 1.06986 -57.2086  1.04735
 1.07001 -57.1998   1.0475
 1.07016 -57.1911  1.04765
 1.07031 -57.1823   1.0478
 1.07046 -57.1736  1.04795
 1.07061 -57.1648   1.0481
 1.07076 -57.1561  1.04825
 1.07091 -57.1473   1.0484
 1.07106 -57.1386  1.04855
 1.07121 -57.1298   1.0487
 1.07136 -57.1211  1.04885
 1.07151 -57.1123    1.049
 1.07166 -57.1036  1.04915
 1.07181 -57.0948   1.0493
 1.07196 -57.0861  1.04945
 1.07211 -57.0774   1.0496
 1.07226 -57.0687   1.0496
 1.07241 -57.0599  1.04975
 1.07256 -57.0512   1.0499
 1.07271 -57.0425  1.05005
 1.07286 -57.0338   1.0502
 1.07301  -57.025  1.05035
 1.07316 -57.0163   1.0505
 1.07331 -57.0076  1.05065
 1.07346 -56.9989   1.0508
 1.07361 -56.9902  1.05095
 1.07376 -56.9815   1.0511
 1.07391 -56.9728  1.05125
 1.07406 -56.9641   1.0514
 1.07421 -56.9554  1.05155
 1.07436 -56.9467   1.0517
 1.07451  -56.938  1.05185
 1.07466 -56.9293    1.052
 1.07481 -56.9206    1.052
 1.07496 -56.9119  1.05215
 1.07511 -56.9032   1.0523
 1.07526 -56.8946  1.05245
 1.07541 -56.8859   1.0526
 1.07556 -56.8772  1.05275
 1.07571 -56.8685   1.0529
 1.07586 -56.8599  1.05305
 1.07601 -56.8512   1.0532
 1.07616 -56.8425  1.05335
 1.07631 -56.8339   1.0535
 1.07646 -56.8252  1.05365
 1.07661 -56.8165   1.0538
 1.07676 -56.8079  1.05395
 1.07691 -56.7992   1.0541
 1.07706 -56.7906  1.05425
 1.07721 -56.7819   1.0544
 1.07736 -56.7733   1.0544
 1.07751 -56.7646  1.05455
 1.07766  -56.756   1.0547
 1.07781 -56.7473  1.05485
 1.07796 -56.7387    1.055
 1.07811 -56.7301  1.05515
 1.07826 -56.7214   1.0553
 1.07841 -56.7128  1.05545
 1.07856 -56.7042   1.0556
 1.07871 -56.6955  1.05575
 1.07886 -56.6869   1.0559
 1.07901 -56.6783  1.05605
 1.07916 -56.6697   1.0562
 1.07931 -56.6611  1.05635
 1.07946 -56.6524   1.0565
 1.07961 -56.6438  1.05665
 1.07976 -56.6352   1.0568
 1.07991 -56.6266   1.0568
 1.08007  -56.618  1.05695
 1.08022 -56.6094   1.0571
 1.08037 -56.6008  1.05725
 1.08052 -56.5922   1.0574
 1.08067 -56.5836  1.05755
 1.08082  -56.575   1.0577
 1.08097 -56.5664  1.05785
 1.08112 -56.5578    1.058
 1.08127 -56.5492  1.05815
 1.08142 -56.5407   1.0583
 1.08157 -56.5321  1.05845
 1.08172 -56.5235   1.0586
 1.08187 -56.5149  1.05875
 1.08202 -56.5063   1.0589
 1.08217 -56.4978  1.05905
 1.08232 -56.4892  1.05905
 1.08247 -56.4806   1.0592
 1.08262 -56.4721  1.05935
 1.08277 -56.4635   1.0595
 1.08292 -56.4549  1.05965
 1.08307 -56.4464   1.0598
 1.08322 -56.4378  1.05995
 1.08337 -56.4293  1.06011
 1.08352 -56.4207  1.06026
 1.08367 -56.4122  1.06041
 1.08382 -56.4036  1.06056
 1.08397 -56.3951  1.06071
 1.08412 -56.3865  1.06086
 1.08427  -56.378  1.06101
 1.08442 -56.3695  1.06116
 1.08457 -56.3609  1.06131
 1.08472 -56.3524  1.06131
 1.08487 -56.3439  1.06146
 1.08502 -56.3353  1.06161
 1.08517 -56.3268  1.06176
 1.08532 -56.3183  1.06191
 1.08547 -56.3098  1.06206
 1.08562 -56.3012  1.06221
 1.08577 -56.2927  1.06236
 1.08592 -56.2842  1.06251
 1.08607 -56.2757  1.06266
 1.08622 -56.2672  1.06281
 1.08637 -56.2587  1.06296
 1.08652 -56.2502  1.06311
 1.08667 -56.2417  1.06326
 1.08682 -56.2332  1.06341
 1.08697 -56.2247  1.06356
 1.08712 -56.2162  1.06356
 1.08727 -56.2077  1.06371
 1.08742 -56.1992  1.06386
 1.08757 -56.1907  1.06401
 1.08772 -56.1822  1.06416
 1.08787 -56.1737  1.06431
 1.08802 -56.1653  1.06446
 1.08817 -56.1568  1.06461
 1.08832 -56.1483  1.06476
 1.08847 -56.1398  1.06491
 1.08862 -56.1314  1.06506
 1.08877 -56.1229  1.06521
 1.08892 -56.1144  1.06536
 1.08907  -56.106  1.06551
 1.08922 -56.0975  1.06566
 1.08937  -56.089  1.06581
 1.08952 -56.0806  1.06581
 1.08967 -56.0721  1.06596
 1.08982 -56.0637  1.06611
 1.08997 -56.0552  1.06626
 1.09012 -56.0468  1.06641
 1.09027 -56.0383  1.06656
 1.09042 -56.0299  1.06671
 1.09057 -56.0214  1.06686
 1.09072  -56.013  1.06701
 1.09087 -56.0046  1.06716
 1.09102 -55.9961  1.06731
 1.09117 -55.9877  1.06746
 1.09132 -55.9793  1.06761
 1.09147 -55.9709  1.06776
 1.09162 -55.9624  1.06791
 1.09177  -55.954  1.06791
 1.09192 -55.9456  1.06806
 1.09207 -55.9372  1.06821
 1.09222 -55.9288  1.06836
 1.09237 -55.9203  1.06851
 1.09252 -55.9119  1.06866
 1.09267 -55.9035  1.06881
 1.09282 -55.8951  1.06896
 1.09297 -55.8867  1.06911
 1.09312 -55.8783  1.06926
 1.09327 -55.8699  1.06941
 1.09342 -55.8615  1.06956
 1.09357 -55.8531  1.06971
 1.09372 -55.8447  1.06986
 1.09387 -55.8363  1.07001
 1.09402  -55.828  1.07016
 1.09417 -55.8196  1.07016
 1.09432 -55.8112  1.07031
 1.09447 -55.8028  1.07046
 1.09462 -55.7944  1.07061
 1.09477 -55.7861  1.07076
 1.09492 -55.7777  1.07091
 1.09507 -55.7693  1.07106
 1.09522 -55.7609  1.07121
 1.09537 -55.7526  1.07136
 1.09552 -55.7442  1.07151
 1.09567 -55.7358  1.07166
 1.09582 -55.7275  1.07181
 1.09597 -55.7191  1.07196
 1.09612 -55.7108  1.07211
 1.09627 -55.7024  1.07226
 1.09642 -55.6941  1.07226
 1.09657 -55.6857  1.07241
 1.09672 -55.6774  1.07256
 1.09687  -55.669  1.07271
 1.09702 -55.6607  1.07286
 1.09717 -55.6524  1.07301
 1.09732  -55.644  1.07316
 1.09747 -55.6357  1.07331
 1.09762 -55.6274  1.07346
 1.09777  -55.619  1.07361
 1.09792 -55.6107  1.07376
 1.09807 -55.6024  1.07391
 1.09822 -55.5941  1.07406
 1.09837 -55.5857  1.07421
 1.09852 -55.5774  1.07436
 1.09867 -55.5691  1.07436
 1.09882 -55.5608  1.07451
 1.09897 -55.5525  1.07466
 1.09912 -55.5442  1.07481
 1.09927 -55.5359  1.07496
 1.09942 -55.5276  1.07511
 1.09957 -55.5193  1.07526
 1.09972  -55.511  1.07541
 1.09987 -55.5027  1.07556
 1.10003 -55.4944  1.07571
 1.10018 -55.4861  1.07586
 1.10033 -55.4778  1.07601
 1.10048 -55.4695  1.07616
 1.10063 -55.4612  1.07631
 1.10078 -55.4529  1.07646
 1.10093 -55.4447  1.07661
 1.10108 -55.4364  1.07661
 1.10123 -55.4281  1.07676
 1.10138 -55.4198  1.07691
 1.10153 -55.4116  1.07706
 1.10168 -55.4033  1.07721
 1.10183  -55.395  1.07736
 1.10198 -55.3868  1.07751
 1.10213 -55.3785  1.07766
 1.10228 -55.3702  1.07781
 1.10243  -55.362  1.07796
 1.10258 -55.3537  1.07811
 1.10273 -55.3455  1.07826
 1.10288 -55.3372  1.07841
 1.10303  -55.329  1.07856
 1.10318 -55.3207  1.07856
 1.10333 -55.3125  1.07871
 1.10348 -55.3043  1.07886
 1.10363  -55.296  1.07901
 1.10378 -55.2878  1.07916
 1.10393 -55.2795  1.07931
 1.10408 -55.2713  1.07946
 1.10423 -55.2631  1.07961
 1.10438 -55.2549  1.07976
 1.10453 -55.2466  1.07991
 1.10468 -55.2384  1.08007
 1.10483 -55.2302  1.08022
 1.10498  -55.222  1.08037
 1.10513 -55.2138  1.08052
 1.10528 -55.2056  1.08052
 1.10543 -55.1973  1.08067
 1.10558 -55.1891  1.08082
 1.10573 -55.1809  1.08097
 1.10588 -55.1727  1.08112
 1.10603 -55.1645  1.08127
 1.10618 -55.1563  1.08142
 1.10633 -55.1481  1.08157
 1.10648 -55.1399  1.08172
 1.10663 -55.1317  1.08187
 1.10678 -55.1236  1.08202
 1.10693 -55.1154  1.08217
 1.10708 -55.1072  1.08232
 1.10723  -55.099  1.08247
 1.10738 -55.0908  1.08247
 1.10753 -55.0827  1.08262
 1.10768 -55.0745  1.08277
 1.10783 -55.0663  1.08292
 1.10798 -55.0581  1.08307
 1.10813   -55.05  1.08322
 1.10828 -55.0418  1.08337
 1.10843 -55.0336  1.08352
 1.10858 -55.0255  1.08367
 1.10873 -55.0173  1.08382
 1.10888 -55.0092  1.08397
 1.10903  -55.001  1.08412
 1.10918 -54.9929  1.08427
 1.10933 -54.9847  1.08442
 1.10948 -54.9766  1.08442
 1.10963 -54.9684  1.08457
 1.10978 -54.9603  1.08472
 1.10993 -54.9521  1.08487
 1.11008  -54.944  1.08502
 1.11023 -54.9359  1.08517
 1.11038 -54.9277  1.08532
 1.11053 -54.9196  1.08547
 1.11068 -54.9115  1.08562
 1.11083 -54.9033  1.08577
 1.11098 -54.8952  1.08592
 1.11113 -54.8871  1.08607
 1.11128  -54.879  1.08622
 1.11143 -54.8709  1.08637
 1.11158 -54.8628  1.08637
 1.11173 -54.8546  1.08652
 1.11188 -54.8465  1.08667
 1.11203 -54.8384  1.08682
 1.11218 -54.8303  1.08697
 1.11233 -54.8222  1.08712
 1.11248 -54.8141  1.08727
 1.11263  -54.806  1.08742
 1.11278 -54.7979  1.08757
 1.11293 -54.7898  1.08772
 1.11308 -54.7817  1.08787
 1.11323 -54.7737  1.08802
 1.11338 -54.7656  1.08817
 1.11353 -54.7575  1.08817
 1.11368 -54.7494  1.08832
 1.11383 -54.7413  1.08847
 1.11398 -54.7333  1.08862
 1.11413 -54.7252  1.08877
 1.11428 -54.7171  1.08892
 1.11443  -54.709  1.08907
 1.11458  -54.701  1.08922
 1.11473 -54.6929  1.08937
 1.11488 -54.6848  1.08952
 1.11503 -54.6768  1.08967
 1.11518 -54.6687  1.08982
 1.11533 -54.6607  1.08997
 1.11548 -54.6526  1.09012
 1.11563 -54.6446  1.09012
 1.11578 -54.6365  1.09027
 1.11593 -54.6285  1.09042
 1.11608 -54.6204  1.09057
 1.11623 -54.6124  1.09072
 1.11638 -54.6044  1.09087
 1.11653 -54.5963  1.09102
 1.11668 -54.5883  1.09117
 1.11683 -54.5803  1.09132
 1.11698 -54.5722  1.09147
 1.11713 -54.5642  1.09162
 1.11728 -54.5562  1.09177
 1.11743 -54.5481  1.09192
 1.11758 -54.5401  1.09192
 1.11773 -54.5321  1.09207
 1.11788 -54.5241  1.09222
 1.11803 -54.5161  1.09237
 1.11818 -54.5081  1.09252
 1.11833 -54.5001  1.09267
 1.11848 -54.4921  1.09282
 1.11863 -54.4841  1.09297
 1.11878 -54.4761  1.09312
 1.11893 -54.4681  1.09327
 1.11908 -54.4601  1.09342
 1.11923 -54.4521  1.09342
 1.11938 -54.4441  1.09357
 1.11953 -54.4361  1.09372
 1.11968 -54.4281  1.09387
 1.11983 -54.4201  1.09402
 1.11998 -54.4122  1.09417
 1.12014 -54.4042  1.09432
 1.12029 -54.3962  1.09447
 1.12044 -54.3882  1.09462
 1.12059 -54.3803  1.09477
 1.12074 -54.3723  1.09492
 1.12089 -54.3643  1.09492
 1.12104 -54.3564  1.09507
 1.12119 -54.3484  1.09522
 1.12134 -54.3404  1.09537
 1.12149 -54.3325  1.09552
 1.12164 -54.3245  1.09567
 1.12179 -54.3166  1.09582
 1.12194 -54.3086  1.09597
 1.12209 -54.3007  1.09612
 1.12224 -54.2928  1.09627
 1.12239 -54.2848  1.09642
 1.12254 -54.2769  1.09657
 1.12269 -54.2689  1.09657
 1.12284  -54.261  1.09672
 1.12299 -54.2531  1.09687
 1.12314 -54.2451  1.09702
 1.12329 -54.2372  1.09717
 1.12344 -54.2293  1.09732
 1.12359 -54.2214  1.09747
 1.12374 -54.2135  1.09762
 1.12389 -54.2055  1.09777
 1.12404 -54.1976  1.09792
 1.12419 -54.1897  1.09807
 1.12434 -54.1818  1.09807
 1.12449 -54.1739  1.09822
 1.12464  -54.166  1.09837
 1.12479 -54.1581  1.09852
 1.12494 -54.1502  1.09867
 1.12509 -54.1423  1.09882
 1.12524 -54.1344  1.09897
 1.12539 -54.1265  1.09912
 1.12554 -54.1186  1.09927
 1.12569 -54.1107  1.09942
 1.12584 -54.1029  1.09957
 1.12599  -54.095  1.09957
 1.12614 -54.0871  1.09972
 1.12629 -54.0792  1.09987
 1.12644 -54.0714  1.10003
 1.12659 -54.0635  1.10018
 1.12674 -54.0556  1.10033
 1.12689 -54.0477  1.10048
 1.12704 -54.0399  1.10063
 1.12719  -54.032  1.10078
 1.12734 -54.0242  1.10093
 1.12749 -54.0163  1.10108
 1.12764 -54.0085  1.10108
 1.12779 -54.0006  1.10123
 1.12794 -53.9928  1.10138
 1.12809 -53.9849  1.10153
 1.12824 -53.9771  1.10168
 1.12839 -53.9692  1.10183
 1.12854 -53.9614  1.10198
 1.12869 -53.9535  1.10213
 1.12884 -53.9457  1.10228
 1.12899 -53.9379  1.10243
 1.12914   -53.93  1.10258
 1.12929 -53.9222  1.10258
 1.12944 -53.9144  1.10273
 1.12959 -53.9066  1.10288
 1.12974 -53.8988  1.10303
 1.12989 -53.8909  1.10318
 1.13004 -53.8831  1.10333
 1.13019 -53.8753  1.10348
 1.13034 -53.8675  1.10363
 1.13049 -53.8597  1.10378
 1.13064 -53.8519  1.10393
 1.13079 -53.8441  1.10393
 1.13094 -53.8363  1.10408
 1.13109 -53.8285  1.10423
 1.13124 -53.8207  1.10438
 1.13139 -53.8129  1.10453
 1.13154 -53.8051  1.10468
 1.13169 -53.7973  1.10483
 1.13184 -53.7895  1.10498
 1.13199 -53.7818  1.10513
 1.13214  -53.774  1.10528
 1.13229 -53.7662  1.10543
 1.13244 -53.7584  1.10543
 1.13259 -53.7507  1.10558
 1.13274 -53.7429  1.10573
 1.13289 -53.7351  1.10588
 1.13304 -53.7274  1.10603
 1.13319 -53.7196  1.10618
 1.13334 -53.7118  1.10633
 1.13349 -53.7041  1.10648
 1.13364 -53.6963  1.10663
 1.13379 -53.6886  1.10678
 1.13394 -53.6808  1.10678
 1.13409 -53.6731  1.10693
 1.13424 -53.6653  1.10708
 1.13439 -53.6576  1.10723
 1.13454 -53.6499  1.10738
 1.13469 -53.6421  1.10753
 1.13484 -53.6344  1.10768
 1.13499 -53.6266  1.10783
 1.13514 -53.6189  1.10798
 1.13529 -53.6112  1.10813
 1.13544 -53.6035  1.10828
 1.13559 -53.5957  1.10828
 1.13574  -53.588  1.10843
 1.13589 -53.5803  1.10858
 1.13604 -53.5726  1.10873
 1.13619 -53.5649  1.10888
 1.13634 -53.5572  1.10903
 1.13649 -53.5495  1.10918
 1.13664 -53.5418  1.10933
 1.13679 -53.5341  1.10948
 1.13694 -53.5264  1.10963
 1.13709 -53.5187  1.10963
 1.13724  -53.511  1.10978
 1.13739 -53.5033  1.10993
 1.13754 -53.4956  1.11008
 1.13769 -53.4879  1.11023
 1.13784 -53.4802  1.11038
 1.13799 -53.4725  1.11053
 1.13814 -53.4648  1.11068
 1.13829 -53.4572  1.11083
 1.13844 -53.4495  1.11098
 1.13859 -53.4418  1.11098
 1.13874 -53.4341  1.11113
 1.13889 -53.4265  1.11128
 1.13904 -53.4188  1.11143
 1.13919 -53.4111  1.11158
 1.13934 -53.4035  1.11173
 1.13949 -53.3958  1.11188
 1.13964 -53.3882  1.11203
 1.13979 -53.3805  1.11218
 1.13994 -53.3729  1.11233
  1.1401 -53.3652  1.11233
 1.14025 -53.3576  1.11248
  1.1404 -53.3499  1.11263
 1.14055 -53.3423  1.11278
  1.1407 -53.3347  1.11293
 1.14085  -53.327  1.11308
   1.141 -53.3194  1.11323
 1.14115 -53.3118  1.11338
  1.1413 -53.3041  1.11353
 1.14145 -53.2965  1.11353
  1.1416 -53.2889  1.11368
 1.14175 -53.2813  1.11383
  1.1419 -53.2737  1.11398
 1.14205  -53.266  1.11413
  1.1422 -53.2584  1.11428
 1.14235 -53.2508  1.11443
  1.1425 -53.2432  1.11458
 1.14265 -53.2356  1.11473
  1.1428  -53.228  1.11473
 1.14295 -53.2204  1.11488
  1.1431 -53.2128  1.11503
 1.14325 -53.2052  1.11518
  1.1434 -53.1976  1.11533
 1.14355   -53.19  1.11548
  1.1437 -53.1825  1.11563
 1.14385 -53.1749  1.11578
   1.144 -53.1673  1.11593
 1.14415 -53.1597  1.11593
  1.1443 -53.1521  1.11608
 1.14445 -53.1446  1.11623
  1.1446  -53.137  1.11638
 1.14475 -53.1294  1.11653
  1.1449 -53.1219  1.11668
 1.14505 -53.1143  1.11683
  1.1452 -53.1067  1.11698
 1.14535 -53.0992  1.11713
  1.1455 -53.0916  1.11728
 1.14565 -53.0841  1.11728
  1.1458 -53.0765  1.11743
 1.14595  -53.069  1.11758
  1.1461 -53.0614  1.11773
 1.14625 -53.0539  1.11788
  1.1464 -53.0464  1.11803
 1.14655 -53.0388  1.11818
  1.1467 -53.0313  1.11833
 1.14685 -53.0238  1.11833
   1.147 -53.0162  1.11848
 1.14715 -53.0087  1.11863
  1.1473 -53.0012  1.11878
 1.14745 -52.9937  1.11893
  1.1476 -52.9861  1.11908
 1.14775 -52.9786  1.11923
  1.1479 -52.9711  1.11938
 1.14805 -52.9636  1.11938
  1.1482 -52.9561  1.11953
 1.14835 -52.9486  1.11968
  1.1485 -52.9411  1.11983
 1.14865 -52.9336  1.11998
  1.1488 -52.9261  1.12014
 1.14895 -52.9186  1.12029
  1.1491 -52.9111  1.12044
 1.14925 -52.9036  1.12044
  1.1494 -52.8962  1.12059
 1.14955 -52.8887  1.12074
  1.1497 -52.8812  1.12089
 1.14985 -52.8737  1.12104
    1.15 -52.8662  1.12119