 kgrid  ValNew  Policy 
    0.85 -71.8841 0.895173
 0.85015 -71.8717 0.895323
  0.8503 -71.8593 0.895473
 0.85045 -71.8469 0.895623
  0.8506 -71.8345 0.895623
 0.85075 -71.8221 0.895773
  0.8509 -71.8097 0.895923
0.851051 -71.7973 0.896073
0.851201 -71.7849 0.896223
0.851351 -71.7725 0.896373
0.851501 -71.7602 0.896523
0.851651 -71.7478 0.896673
0.851801 -71.7354 0.896823
0.851951 -71.7231 0.896973
0.852101 -71.7107 0.897124
0.852251 -71.6984 0.897274
0.852401  -71.686 0.897274
0.852551 -71.6737 0.897424
0.852701 -71.6613 0.897574
0.852851  -71.649 0.897724
0.853002 -71.6367 0.897874
0.853152 -71.6244 0.898024
0.853302 -71.6121 0.898174
0.853452 -71.5997 0.898324
0.853602 -71.5874 0.898474
0.853752 -71.5751 0.898624
0.853902 -71.5628 0.898774
0.854052 -71.5506 0.898924
0.854202 -71.5383 0.899075
0.854352  -71.526 0.899075
0.854502 -71.5137 0.899225
0.854652 -71.5014 0.899375
0.854802 -71.4892 0.899525
0.854952 -71.4769 0.899675
0.855103 -71.4646 0.899825
0.855253 -71.4524 0.899975
0.855403 -71.4401 0.900125
0.855553 -71.4279 0.900275
0.855703 -71.4157 0.900425
0.855853 -71.4034 0.900575
0.856003 -71.3912 0.900725
0.856153  -71.379 0.900875
0.856303 -71.3668 0.901026
0.856453 -71.3545 0.901176
0.856603 -71.3423 0.901176
0.856753 -71.3301 0.901326
0.856903 -71.3179 0.901476
0.857054 -71.3057 0.901626
0.857204 -71.2935 0.901776
0.857354 -71.2813 0.901926
0.857504 -71.2691 0.902076
0.857654  -71.257 0.902226
0.857804 -71.2448 0.902376
0.857954 -71.2326 0.902526
0.858104 -71.2204 0.902676
0.858254 -71.2083 0.902826
0.858404 -71.1961 0.902976
0.858554  -71.184 0.903127
0.858704 -71.1718 0.903277
0.858854 -71.1597 0.903427
0.859005 -71.1475 0.903577
0.859155 -71.1354 0.903577
0.859305 -71.1233 0.903727
0.859455 -71.1111 0.903877
0.859605  -71.099 0.904027
0.859755 -71.0869 0.904177
0.859905 -71.0748 0.904327
0.860055 -71.0627 0.904477
0.860205 -71.0506 0.904627
0.860355 -71.0385 0.904777
0.860505 -71.0264 0.904927
0.860655 -71.0143 0.905078
0.860805 -71.0022 0.905228
0.860955 -70.9901 0.905378
0.861106  -70.978 0.905528
0.861256  -70.966 0.905678
0.861406 -70.9539 0.905828
0.861556 -70.9418 0.905828
0.861706 -70.9298 0.905978
0.861856 -70.9177 0.906128
0.862006 -70.9056 0.906278
0.862156 -70.8936 0.906428
0.862306 -70.8815 0.906578
0.862456 -70.8695 0.906728
0.862606 -70.8575 0.906878
0.862756 -70.8454 0.907029
0.862906 -70.8334 0.907179
0.863057 -70.8214 0.907329
0.863207 -70.8094 0.907479
0.863357 -70.7974 0.907629
0.863507 -70.7854 0.907779
0.863657 -70.7733 0.907929
0.863807 -70.7613 0.908079
0.863957 -70.7493 0.908229
0.864107 -70.7374 0.908229
0.864257 -70.7254 0.908379
0.864407 -70.7134 0.908529
0.864557 -70.7014 0.908679
0.864707 -70.6894 0.908829
0.864857 -70.6775 0.908979
0.865008 -70.6655  0.90913
0.865158 -70.6535  0.90928
0.865308 -70.6416  0.90943
0.865458 -70.6296  0.90958
0.865608 -70.6177  0.90973
0.865758 -70.6057  0.90988
0.865908 -70.5938  0.91003
0.866058 -70.5818  0.91018
0.866208 -70.5699  0.91033
0.866358  -70.558  0.91048
0.866508 -70.5461  0.91063
0.866658 -70.5341  0.91063
0.866808 -70.5222  0.91078
0.866958 -70.5103  0.91093
0.867109 -70.4984 0.911081
0.867259 -70.4865 0.911231
0.867409 -70.4746 0.911381
0.867559 -70.4627 0.911531
0.867709 -70.4508 0.911681
0.867859 -70.4389 0.911831
0.868009  -70.427 0.911981
0.868159 -70.4152 0.912131
0.868309 -70.4033 0.912281
0.868459 -70.3914 0.912431
0.868609 -70.3795 0.912581
0.868759 -70.3677 0.912731
0.868909 -70.3558 0.912881
 0.86906  -70.344 0.913032
 0.86921 -70.3321 0.913182
 0.86936 -70.3203 0.913332
 0.86951 -70.3084 0.913332
 0.86966 -70.2966 0.913482
 0.86981 -70.2848 0.913632
 0.86996 -70.2729 0.913782
 0.87011 -70.2611 0.913932
 0.87026 -70.2493 0.914082
 0.87041 -70.2375 0.914232
 0.87056 -70.2257 0.914382
 0.87071 -70.2139 0.914532
 0.87086  -70.202 0.914682
0.871011 -70.1902 0.914832
0.871161 -70.1784 0.914982
0.871311 -70.1667 0.915133
0.871461 -70.1549 0.915283
0.871611 -70.1431 0.915433
0.871761 -70.1313 0.915583
0.871911 -70.1195 0.915733
0.872061 -70.1078 0.915883
0.872211  -70.096 0.916033
0.872361 -70.0842 0.916033
0.872511 -70.0725 0.916183
0.872661 -70.0607 0.916333
0.872811 -70.0489 0.916483
0.872961 -70.0372 0.916633
0.873112 -70.0255 0.916783
0.873262 -70.0137 0.916933
0.873412  -70.002 0.917084
0.873562 -69.9902 0.917234
0.873712 -69.9785 0.917384
0.873862 -69.9668 0.917534
0.874012 -69.9551 0.917684
0.874162 -69.9434 0.917834
0.874312 -69.9316 0.917984
0.874462 -69.9199 0.918134
0.874612 -69.9082 0.918284
0.874762 -69.8965 0.918434
0.874912 -69.8848 0.918584
0.875063 -69.8731 0.918734
0.875213 -69.8615 0.918884
0.875363 -69.8498 0.918884
0.875513 -69.8381 0.919035
0.875663 -69.8264 0.919185
0.875813 -69.8147 0.919335
0.875963 -69.8031 0.919485
0.876113 -69.7914 0.919635
0.876263 -69.7797 0.919785
0.876413 -69.7681 0.919935
0.876563 -69.7564 0.920085
0.876713 -69.7448 0.920235
0.876863 -69.7331 0.920385
0.877014 -69.7215 0.920535
0.877164 -69.7099 0.920685
0.877314 -69.6982 0.920835
0.877464 -69.6866 0.920985
0.877614  -69.675 0.921136
0.877764 -69.6633 0.921286
0.877914 -69.6517 0.921436
0.878064 -69.6401 0.921586
0.878214 -69.6285 0.921736
0.878364 -69.6169 0.921736
0.878514 -69.6053 0.921886
0.878664 -69.5937 0.922036
0.878814 -69.5821 0.922186
0.878964 -69.5705 0.922336
0.879115 -69.5589 0.922486
0.879265 -69.5473 0.922636
0.879415 -69.5358 0.922786
0.879565 -69.5242 0.922936
0.879715 -69.5126 0.923087
0.879865 -69.5011 0.923237
0.880015 -69.4895 0.923387
0.880165 -69.4779 0.923537
0.880315 -69.4664 0.923687
0.880465 -69.4548 0.923837
0.880615 -69.4433 0.923987
0.880765 -69.4317 0.924137
0.880915 -69.4202 0.924287
0.881066 -69.4087 0.924437
0.881216 -69.3971 0.924587
0.881366 -69.3856 0.924587
0.881516 -69.3741 0.924737
0.881666 -69.3625 0.924887
0.881816  -69.351 0.925038
0.881966 -69.3395 0.925188
0.882116  -69.328 0.925338
0.882266 -69.3165 0.925488
0.882416  -69.305 0.925638
0.882566 -69.2935 0.925788
0.882716  -69.282 0.925938
0.882866 -69.2705 0.926088
0.883017  -69.259 0.926238
0.883167 -69.2475 0.926388
0.883317 -69.2361 0.926538
0.883467 -69.2246 0.926688
0.883617 -69.2131 0.926838
0.883767 -69.2017 0.926988
0.883917 -69.1902 0.927139
0.884067 -69.1787 0.927289
0.884217 -69.1673 0.927439
0.884367 -69.1558 0.927589
0.884517 -69.1444 0.927739
0.884667 -69.1329 0.927739
0.884817 -69.1215 0.927889
0.884967   -69.11 0.928039
0.885118 -69.0986 0.928189
0.885268 -69.0872 0.928339
0.885418 -69.0758 0.928489
0.885568 -69.0643 0.928639
0.885718 -69.0529 0.928789
0.885868 -69.0415 0.928939
0.886018 -69.0301  0.92909
0.886168 -69.0187  0.92924
0.886318 -69.0073  0.92939
0.886468 -68.9959  0.92954
0.886618 -68.9845  0.92969
0.886768 -68.9731  0.92984
0.886918 -68.9617  0.92999
0.887069 -68.9503  0.93014
0.887219 -68.9389  0.93029
0.887369 -68.9276  0.93044
0.887519 -68.9162  0.93059
0.887669 -68.9048  0.93074
0.887819 -68.8935  0.93089
0.887969 -68.8821  0.93089
0.888119 -68.8707 0.931041
0.888269 -68.8594 0.931191
0.888419  -68.848 0.931341
0.888569 -68.8367 0.931491
0.888719 -68.8253 0.931641
0.888869  -68.814 0.931791
 0.88902 -68.8026 0.931941
 0.88917 -68.7913 0.932091
 0.88932   -68.78 0.932241
 0.88947 -68.7687 0.932391
 0.88962 -68.7573 0.932541
 0.88977  -68.746 0.932691
 0.88992 -68.7347 0.932841
 0.89007 -68.7234 0.932991
 0.89022 -68.7121 0.933142
 0.89037 -68.7008 0.933292
 0.89052 -68.6895 0.933442
 0.89067 -68.6782 0.933592
 0.89082 -68.6669 0.933742
 0.89097 -68.6556 0.933892
0.891121 -68.6443 0.934042
0.891271  -68.633 0.934192
0.891421 -68.6218 0.934192
0.891571 -68.6105 0.934342
0.891721 -68.5992 0.934492
0.891871 -68.5879 0.934642
0.892021 -68.5767 0.934792
0.892171 -68.5654 0.934942
0.892321 -68.5542 0.935093
0.892471 -68.5429 0.935243
0.892621 -68.5316 0.935393
0.892771 -68.5204 0.935543
0.892921 -68.5092 0.935693
0.893072 -68.4979 0.935843
0.893222 -68.4867 0.935993
0.893372 -68.4755 0.936143
0.893522 -68.4642 0.936293
0.893672  -68.453 0.936443
0.893822 -68.4418 0.936593
0.893972 -68.4306 0.936743
0.894122 -68.4193 0.936893
0.894272 -68.4081 0.937044
0.894422 -68.3969 0.937194
0.894572 -68.3857 0.937344
0.894722 -68.3745 0.937494
0.894872 -68.3633 0.937494
0.895023 -68.3521 0.937644
0.895173 -68.3409 0.937794
0.895323 -68.3298 0.937944
0.895473 -68.3186 0.938094
0.895623 -68.3074 0.938244
0.895773 -68.2962 0.938394
0.895923  -68.285 0.938544
0.896073 -68.2739 0.938694
0.896223 -68.2627 0.938844
0.896373 -68.2516 0.938994
0.896523 -68.2404 0.939145
0.896673 -68.2292 0.939295
0.896823 -68.2181 0.939445
0.896973 -68.2069 0.939595
0.897124 -68.1958 0.939745
0.897274 -68.1847 0.939895
0.897424 -68.1735 0.940045
0.897574 -68.1624 0.940195
0.897724 -68.1513 0.940345
0.897874 -68.1401 0.940495
0.898024  -68.129 0.940645
0.898174 -68.1179 0.940795
0.898324 -68.1068 0.940945
0.898474 -68.0957 0.941096
0.898624 -68.0846 0.941096
0.898774 -68.0735 0.941246
0.898924 -68.0623 0.941396
0.899075 -68.0513 0.941546
0.899225 -68.0402 0.941696
0.899375 -68.0291 0.941846
0.899525  -68.018 0.941996
0.899675 -68.0069 0.942146
0.899825 -67.9958 0.942296
0.899975 -67.9847 0.942446
0.900125 -67.9737 0.942596
0.900275 -67.9626 0.942746
0.900425 -67.9515 0.942896
0.900575 -67.9405 0.943047
0.900725 -67.9294 0.943197
0.900875 -67.9183 0.943347
0.901026 -67.9073 0.943497
0.901176 -67.8962 0.943647
0.901326 -67.8852 0.943797
0.901476 -67.8742 0.943947
0.901626 -67.8631 0.944097
0.901776 -67.8521 0.944247
0.901926  -67.841 0.944397
0.902076   -67.83 0.944547
0.902226  -67.819 0.944697
0.902376  -67.808 0.944697
0.902526  -67.797 0.944847
0.902676 -67.7859 0.944997
0.902826 -67.7749 0.945148
0.902976 -67.7639 0.945298
0.903127 -67.7529 0.945448
0.903277 -67.7419 0.945598
0.903427 -67.7309 0.945748
0.903577 -67.7199 0.945898
0.903727 -67.7089 0.946048
0.903877 -67.6979 0.946198
0.904027  -67.687 0.946348
0.904177  -67.676 0.946498
0.904327  -67.665 0.946648
0.904477  -67.654 0.946798
0.904627  -67.643 0.946948
0.904777 -67.6321 0.947099
0.904927 -67.6211 0.947249
0.905078 -67.6102 0.947399
0.905228 -67.5992 0.947549
0.905378 -67.5882 0.947699
0.905528 -67.5773 0.947849
0.905678 -67.5663 0.947999
0.905828 -67.5554 0.948149
0.905978 -67.5445 0.948299
0.906128 -67.5335 0.948299
0.906278 -67.5226 0.948449
0.906428 -67.5117 0.948599
0.906578 -67.5007 0.948749
0.906728 -67.4898 0.948899
0.906878 -67.4789  0.94905
0.907029  -67.468   0.9492
0.907179 -67.4571  0.94935
0.907329 -67.4462   0.9495
0.907479 -67.4352  0.94965
0.907629 -67.4243   0.9498
0.907779 -67.4134  0.94995
0.907929 -67.4025   0.9501
0.908079 -67.3917  0.95025
0.908229 -67.3808   0.9504
0.908379 -67.3699  0.95055
0.908529  -67.359   0.9507
0.908679 -67.3481  0.95085
0.908829 -67.3372 0.951001
0.908979 -67.3264 0.951151
 0.90913 -67.3155 0.951301
 0.90928 -67.3046 0.951451
 0.90943 -67.2938 0.951601
 0.90958 -67.2829 0.951751
 0.90973  -67.272 0.951901
 0.90988 -67.2612 0.952051
 0.91003 -67.2503 0.952201
 0.91018 -67.2395 0.952201
 0.91033 -67.2287 0.952351
 0.91048 -67.2178 0.952501
 0.91063  -67.207 0.952651
 0.91078 -67.1961 0.952801
 0.91093 -67.1853 0.952951
0.911081 -67.1745 0.953102
0.911231 -67.1637 0.953252
0.911381 -67.1528 0.953402
0.911531  -67.142 0.953552
0.911681 -67.1312 0.953702
0.911831 -67.1204 0.953852
0.911981 -67.1096 0.954002
0.912131 -67.0988 0.954152
0.912281  -67.088 0.954302
0.912431 -67.0772 0.954452
0.912581 -67.0664 0.954602
0.912731 -67.0556 0.954752
0.912881 -67.0448 0.954902
0.913032  -67.034 0.955053
0.913182 -67.0233 0.955203
0.913332 -67.0125 0.955353
0.913482 -67.0017 0.955503
0.913632 -66.9909 0.955653
0.913782 -66.9802 0.955803
0.913932 -66.9694 0.955953
0.914082 -66.9586 0.955953
0.914232 -66.9479 0.956103
0.914382 -66.9371 0.956253
0.914532 -66.9264 0.956403
0.914682 -66.9156 0.956553
0.914832 -66.9049 0.956703
0.914982 -66.8941 0.956853
0.915133 -66.8834 0.957004
0.915283 -66.8727 0.957154
0.915433 -66.8619 0.957304
0.915583 -66.8512 0.957454
0.915733 -66.8405 0.957604
0.915883 -66.8298 0.957754
0.916033  -66.819 0.957904
0.916183 -66.8083 0.958054
0.916333 -66.7976 0.958204
0.916483 -66.7869 0.958354
0.916633 -66.7762 0.958504
0.916783 -66.7655 0.958654
0.916933 -66.7548 0.958804
0.917084 -66.7441 0.958954
0.917234 -66.7334 0.959105
0.917384 -66.7227 0.959255
0.917534  -66.712 0.959405
0.917684 -66.7013 0.959555
0.917834 -66.6907 0.959705
0.917984   -66.68 0.959705
0.918134 -66.6693 0.959855
0.918284 -66.6586 0.960005
0.918434  -66.648 0.960155
0.918584 -66.6373 0.960305
0.918734 -66.6267 0.960455
0.918884  -66.616 0.960605
0.919035 -66.6053 0.960755
0.919185 -66.5947 0.960905
0.919335  -66.584 0.961056
0.919485 -66.5734 0.961206
0.919635 -66.5628 0.961356
0.919785 -66.5521 0.961506
0.919935 -66.5415 0.961656
0.920085 -66.5309 0.961806
0.920235 -66.5202 0.961956
0.920385 -66.5096 0.962106
0.920535  -66.499 0.962256
0.920685 -66.4884 0.962406
0.920835 -66.4777 0.962556
0.920985 -66.4671 0.962706
0.921136 -66.4565 0.962856
0.921286 -66.4459 0.963007
0.921436 -66.4353 0.963157
0.921586 -66.4247 0.963307
0.921736 -66.4141 0.963457
0.921886 -66.4035 0.963607
0.922036 -66.3929 0.963607
0.922186 -66.3823 0.963757
0.922336 -66.3718 0.963907
0.922486 -66.3612 0.964057
0.922636 -66.3506 0.964207
0.922786   -66.34 0.964357
0.922936 -66.3295 0.964507
0.923087 -66.3189 0.964657
0.923237 -66.3083 0.964807
0.923387 -66.2978 0.964957
0.923537 -66.2872 0.965108
0.923687 -66.2766 0.965258
0.923837 -66.2661 0.965408
0.923987 -66.2555 0.965558
0.924137  -66.245 0.965708
0.924287 -66.2345 0.965858
0.924437 -66.2239 0.966008
0.924587 -66.2134 0.966158
0.924737 -66.2028 0.966308
0.924887 -66.1923 0.966458
0.925038 -66.1818 0.966608
0.925188 -66.1713 0.966758
0.925338 -66.1607 0.966908
0.925488 -66.1502 0.967059
0.925638 -66.1397 0.967209
0.925788 -66.1292 0.967359
0.925938 -66.1187 0.967509
0.926088 -66.1082 0.967659
0.926238 -66.0977 0.967659
0.926388 -66.0872 0.967809
0.926538 -66.0767 0.967959
0.926688 -66.0662 0.968109
0.926838 -66.0557 0.968259
0.926988 -66.0452 0.968409
0.927139 -66.0347 0.968559
0.927289 -66.0243 0.968709
0.927439 -66.0138 0.968859
0.927589 -66.0033  0.96901
0.927739 -65.9928  0.96916
0.927889 -65.9824  0.96931
0.928039 -65.9719  0.96946
0.928189 -65.9614  0.96961
0.928339  -65.951  0.96976
0.928489 -65.9405  0.96991
0.928639 -65.9301  0.97006
0.928789 -65.9196  0.97021
0.928939 -65.9092  0.97036
 0.92909 -65.8987  0.97051
 0.92924 -65.8883  0.97066
 0.92939 -65.8779  0.97081
 0.92954 -65.8674  0.97096
 0.92969  -65.857 0.971111
 0.92984 -65.8466 0.971261
 0.92999 -65.8361 0.971411
 0.93014 -65.8257 0.971561
 0.93029 -65.8153 0.971711
 0.93044 -65.8049 0.971711
 0.93059 -65.7945 0.971861
 0.93074 -65.7841 0.972011
 0.93089 -65.7737 0.972161
0.931041 -65.7633 0.972311
0.931191 -65.7529 0.972461
0.931341 -65.7425 0.972611
0.931491 -65.7321 0.972761
0.931641 -65.7217 0.972911
0.931791 -65.7113 0.973062
0.931941 -65.7009 0.973212
0.932091 -65.6905 0.973362
0.932241 -65.6801 0.973512
0.932391 -65.6698 0.973662
0.932541 -65.6594 0.973812
0.932691  -65.649 0.973962
0.932841 -65.6387 0.974112
0.932991 -65.6283 0.974262
0.933142 -65.6179 0.974412
0.933292 -65.6076 0.974562
0.933442 -65.5972 0.974712
0.933592 -65.5869 0.974862
0.933742 -65.5765 0.975013
0.933892 -65.5662 0.975163
0.934042 -65.5558 0.975313
0.934192 -65.5455 0.975463
0.934342 -65.5352 0.975613
0.934492 -65.5248 0.975763
0.934642 -65.5145 0.975763
0.934792 -65.5042 0.975913
0.934942 -65.4938 0.976063
0.935093 -65.4835 0.976213
0.935243 -65.4732 0.976363
0.935393 -65.4629 0.976513
0.935543 -65.4526 0.976663
0.935693 -65.4423 0.976813
0.935843  -65.432 0.976963
0.935993 -65.4217 0.977114
0.936143 -65.4114 0.977264
0.936293 -65.4011 0.977414
0.936443 -65.3908 0.977564
0.936593 -65.3805 0.977714
0.936743 -65.3702 0.977864
0.936893 -65.3599 0.978014
0.937044 -65.3496 0.978164
0.937194 -65.3393 0.978314
0.937344 -65.3291 0.978464
0.937494 -65.3188 0.978614
0.937644 -65.3085 0.978764
0.937794 -65.2983 0.978914
0.937944  -65.288 0.979065
0.938094 -65.2777 0.979215
0.938244 -65.2675 0.979365
0.938394 -65.2572 0.979515
0.938544  -65.247 0.979665
0.938694 -65.2367 0.979815
0.938844 -65.2265 0.979965
0.938994 -65.2162 0.979965
0.939145  -65.206 0.980115
0.939295 -65.1958 0.980265
0.939445 -65.1855 0.980415
0.939595 -65.1753 0.980565
0.939745 -65.1651 0.980715
0.939895 -65.1548 0.980865
0.940045 -65.1446 0.981016
0.940195 -65.1344 0.981166
0.940345 -65.1242 0.981316
0.940495  -65.114 0.981466
0.940645 -65.1038 0.981616
0.940795 -65.0936 0.981766
0.940945 -65.0834 0.981916
0.941096 -65.0732 0.982066
0.941246  -65.063 0.982216
0.941396 -65.0528 0.982366
0.941546 -65.0426 0.982516
0.941696 -65.0324 0.982666
0.941846 -65.0222 0.982816
0.941996  -65.012 0.982966
0.942146 -65.0018 0.983117
0.942296 -64.9917 0.983267
0.942446 -64.9815 0.983417
0.942596 -64.9713 0.983567
0.942746 -64.9611 0.983717
0.942896  -64.951 0.983867
0.943047 -64.9408 0.984017
0.943197 -64.9307 0.984017
0.943347 -64.9205 0.984167
0.943497 -64.9103 0.984317
0.943647 -64.9002 0.984467
0.943797   -64.89 0.984617
0.943947 -64.8799 0.984767
0.944097 -64.8698 0.984917
0.944247 -64.8596 0.985068
0.944397 -64.8495 0.985218
0.944547 -64.8394 0.985368
0.944697 -64.8292 0.985518
0.944847 -64.8191 0.985668
0.944997  -64.809 0.985818
0.945148 -64.7989 0.985968
0.945298 -64.7887 0.986118
0.945448 -64.7786 0.986268
0.945598 -64.7685 0.986418
0.945748 -64.7584 0.986568
0.945898 -64.7483 0.986718
0.946048 -64.7382 0.986868
0.946198 -64.7281 0.987019
0.946348  -64.718 0.987169
0.946498 -64.7079 0.987319
0.946648 -64.6978 0.987469
0.946798 -64.6877 0.987619
0.946948 -64.6776 0.987769
0.947099 -64.6675 0.987919
0.947249 -64.6575 0.988069
0.947399 -64.6474 0.988219
0.947549 -64.6373 0.988219
0.947699 -64.6272 0.988369
0.947849 -64.6172 0.988519
0.947999 -64.6071 0.988669
0.948149  -64.597 0.988819
0.948299  -64.587 0.988969
0.948449 -64.5769  0.98912
0.948599 -64.5669  0.98927
0.948749 -64.5568  0.98942
0.948899 -64.5468  0.98957
 0.94905 -64.5367  0.98972
  0.9492 -64.5267  0.98987
 0.94935 -64.5166  0.99002
  0.9495 -64.5066  0.99017
 0.94965 -64.4966  0.99032
  0.9498 -64.4865  0.99047
 0.94995 -64.4765  0.99062
  0.9501 -64.4665  0.99077
 0.95025 -64.4565  0.99092
  0.9504 -64.4464 0.991071
 0.95055 -64.4364 0.991221
  0.9507 -64.4264 0.991371
 0.95085 -64.4164 0.991521
0.951001 -64.4064 0.991671
0.951151 -64.3964 0.991821
0.951301 -64.3864 0.991971
0.951451 -64.3764 0.992121
0.951601 -64.3664 0.992271
0.951751 -64.3564 0.992271
0.951901 -64.3464 0.992421
0.952051 -64.3364 0.992571
0.952201 -64.3264 0.992721
0.952351 -64.3165 0.992871
0.952501 -64.3065 0.993022
0.952651 -64.2965 0.993172
0.952801 -64.2865 0.993322
0.952951 -64.2766 0.993472
0.953102 -64.2666 0.993622
0.953252 -64.2566 0.993772
0.953402 -64.2467 0.993922
0.953552 -64.2367 0.994072
0.953702 -64.2267 0.994222
0.953852 -64.2168 0.994372
0.954002 -64.2068 0.994522
0.954152 -64.1969 0.994672
0.954302  -64.187 0.994822
0.954452  -64.177 0.994972
0.954602 -64.1671 0.995123
0.954752 -64.1571 0.995273
0.954902 -64.1472 0.995423
0.955053 -64.1373 0.995573
0.955203 -64.1273 0.995723
0.955353 -64.1174 0.995873
0.955503 -64.1075 0.996023
0.955653 -64.0976 0.996173
0.955803 -64.0877 0.996323
0.955953 -64.0778 0.996473
0.956103 -64.0678 0.996473
0.956253 -64.0579 0.996623
0.956403  -64.048 0.996773
0.956553 -64.0381 0.996923
0.956703 -64.0282 0.997074
0.956853 -64.0183 0.997224
0.957004 -64.0084 0.997374
0.957154 -63.9985 0.997524
0.957304 -63.9887 0.997674
0.957454 -63.9788 0.997824
0.957604 -63.9689 0.997974
0.957754  -63.959 0.998124
0.957904 -63.9491 0.998274
0.958054 -63.9393 0.998424
0.958204 -63.9294 0.998574
0.958354 -63.9195 0.998724
0.958504 -63.9097 0.998874
0.958654 -63.8998 0.999025
0.958804 -63.8899 0.999175
0.958954 -63.8801 0.999325
0.959105 -63.8702 0.999475
0.959255 -63.8604 0.999625
0.959405 -63.8505 0.999775
0.959555 -63.8407 0.999925
0.959705 -63.8308  1.00008
0.959855  -63.821  1.00023
0.960005 -63.8112  1.00038
0.960155 -63.8013  1.00053
0.960305 -63.7915  1.00068
0.960455 -63.7817  1.00068
0.960605 -63.7718  1.00083
0.960755  -63.762  1.00098
0.960905 -63.7522  1.00113
0.961056 -63.7424  1.00128
0.961206 -63.7326  1.00143
0.961356 -63.7228  1.00158
0.961506 -63.7129  1.00173
0.961656 -63.7031  1.00188
0.961806 -63.6933  1.00203
0.961956 -63.6835  1.00218
0.962106 -63.6737  1.00233
0.962256 -63.6639  1.00248
0.962406 -63.6541  1.00263
0.962556 -63.6444  1.00278
0.962706 -63.6346  1.00293
0.962856 -63.6248  1.00308
0.963007  -63.615  1.00323
0.963157 -63.6052  1.00338
0.963307 -63.5954  1.00353
0.963457 -63.5857  1.00368
0.963607 -63.5759  1.00383
0.963757 -63.5661  1.00398
0.963907 -63.5564  1.00413
0.964057 -63.5466  1.00428
0.964207 -63.5369  1.00443
0.964357 -63.5271  1.00458
0.964507 -63.5173  1.00473
0.964657 -63.5076  1.00473
0.964807 -63.4978  1.00488
0.964957 -63.4881  1.00503
0.965108 -63.4784  1.00518
0.965258 -63.4686  1.00533
0.965408 -63.4589  1.00548
0.965558 -63.4491  1.00563
0.965708 -63.4394  1.00578
0.965858 -63.4297  1.00593
0.966008   -63.42  1.00608
0.966158 -63.4102  1.00623
0.966308 -63.4005  1.00638
0.966458 -63.3908  1.00653
0.966608 -63.3811  1.00668
0.966758 -63.3714  1.00683
0.966908 -63.3617  1.00698
0.967059  -63.352  1.00713
0.967209 -63.3423  1.00728
0.967359 -63.3326  1.00743
0.967509 -63.3229  1.00758
0.967659 -63.3132  1.00773
0.967809 -63.3035  1.00788
0.967959 -63.2938  1.00803
0.968109 -63.2841  1.00818
0.968259 -63.2744  1.00833
0.968409 -63.2647  1.00848
0.968559  -63.255  1.00863
0.968709 -63.2454  1.00878
0.968859 -63.2357  1.00893
 0.96901  -63.226  1.00893
 0.96916 -63.2164  1.00908
 0.96931 -63.2067  1.00923
 0.96946  -63.197  1.00938
 0.96961 -63.1874  1.00953
 0.96976 -63.1777  1.00968
 0.96991 -63.1681  1.00983
 0.97006 -63.1584  1.00998
 0.97021 -63.1488  1.01013
 0.97036 -63.1391  1.01028
 0.97051 -63.1295  1.01043
 0.97066 -63.1198  1.01058
 0.97081 -63.1102  1.01073
 0.97096 -63.1006  1.01088
0.971111 -63.0909  1.01103
0.971261 -63.0813  1.01118
0.971411 -63.0717  1.01133
0.971561  -63.062  1.01148
0.971711 -63.0524  1.01163
0.971861 -63.0428  1.01178
0.972011 -63.0332  1.01193
0.972161 -63.0236  1.01208
0.972311  -63.014  1.01223
0.972461 -63.0044  1.01238
0.972611 -62.9948  1.01253
0.972761 -62.9852  1.01268
0.972911 -62.9756  1.01283
0.973062  -62.966  1.01298
0.973212 -62.9564  1.01298
0.973362 -62.9468  1.01313
0.973512 -62.9372  1.01328
0.973662 -62.9276  1.01343
0.973812  -62.918  1.01358
0.973962 -62.9084  1.01373
0.974112 -62.8988  1.01388
0.974262 -62.8893  1.01403
0.974412 -62.8797  1.01418
0.974562 -62.8701  1.01433
0.974712 -62.8606  1.01448
0.974862  -62.851  1.01463
0.975013 -62.8414  1.01478
0.975163 -62.8319  1.01493
0.975313 -62.8223  1.01508
0.975463 -62.8128  1.01523
0.975613 -62.8032  1.01538
0.975763 -62.7937  1.01553
0.975913 -62.7841  1.01568
0.976063 -62.7746  1.01583
0.976213  -62.765  1.01598
0.976363 -62.7555  1.01613
0.976513  -62.746  1.01628
0.976663 -62.7364  1.01643
0.976813 -62.7269  1.01658
0.976963 -62.7174  1.01673
0.977114 -62.7079  1.01688
0.977264 -62.6983  1.01703
0.977414 -62.6888  1.01703
0.977564 -62.6793  1.01718
0.977714 -62.6698  1.01733
0.977864 -62.6603  1.01748
0.978014 -62.6508  1.01763
0.978164 -62.6413  1.01778
0.978314 -62.6318  1.01793
0.978464 -62.6223  1.01808
0.978614 -62.6128  1.01823
0.978764 -62.6033  1.01838
0.978914 -62.5938  1.01853
0.979065 -62.5843  1.01868
0.979215 -62.5748  1.01883
0.979365 -62.5653  1.01898
0.979515 -62.5558  1.01913
0.979665 -62.5464  1.01928
0.979815 -62.5369  1.01943
0.979965 -62.5274  1.01958
0.980115 -62.5179  1.01973
0.980265 -62.5085  1.01988
0.980415  -62.499  1.02004
0.980565 -62.4895  1.02019
0.980715 -62.4801  1.02034
0.980865 -62.4706  1.02049
0.981016 -62.4612  1.02064
0.981166 -62.4517  1.02079
0.981316 -62.4423  1.02094
0.981466 -62.4328  1.02109
0.981616 -62.4234  1.02109
0.981766 -62.4139  1.02124
0.981916 -62.4045  1.02139
0.982066 -62.3951  1.02154
0.982216 -62.3856  1.02169
0.982366 -62.3762  1.02184
0.982516 -62.3668  1.02199
0.982666 -62.3573  1.02214
0.982816 -62.3479  1.02229
0.982966 -62.3385  1.02244
0.983117 -62.3291  1.02259
0.983267 -62.3197  1.02274
0.983417 -62.3103  1.02289
0.983567 -62.3008  1.02304
0.983717 -62.2914  1.02319
0.983867  -62.282  1.02334
0.984017 -62.2726  1.02349
0.984167 -62.2632  1.02364
0.984317 -62.2538  1.02379
0.984467 -62.2444  1.02394
0.984617 -62.2351  1.02409
0.984767 -62.2257  1.02424
0.984917 -62.2163  1.02439
0.985068 -62.2069  1.02454
0.985218 -62.1975  1.02469
0.985368 -62.1881  1.02484
0.985518 -62.1788  1.02499
0.985668 -62.1694  1.02499
0.985818   -62.16  1.02514
0.985968 -62.1507  1.02529
0.986118 -62.1413  1.02544
0.986268 -62.1319  1.02559
0.986418 -62.1226  1.02574
0.986568 -62.1132  1.02589
0.986718 -62.1039  1.02604
0.986868 -62.0945  1.02619
0.987019 -62.0852  1.02634
0.987169 -62.0758  1.02649
0.987319 -62.0665  1.02664
0.987469 -62.0571  1.02679
0.987619 -62.0478  1.02694
0.987769 -62.0384  1.02709
0.987919 -62.0291  1.02724
0.988069 -62.0198  1.02739
0.988219 -62.0105  1.02754
0.988369 -62.0011  1.02769
0.988519 -61.9918  1.02784
0.988669 -61.9825  1.02799
0.988819 -61.9732  1.02814
0.988969 -61.9639  1.02829
 0.98912 -61.9545  1.02844
 0.98927 -61.9452  1.02859
 0.98942 -61.9359  1.02874
 0.98957 -61.9266  1.02889
 0.98972 -61.9173  1.02889
 0.98987  -61.908  1.02904
 0.99002 -61.8987  1.02919
 0.99017 -61.8894  1.02934
 0.99032 -61.8801  1.02949
 0.99047 -61.8709  1.02964
 0.99062 -61.8616  1.02979
 0.99077 -61.8523  1.02994
 0.99092  -61.843  1.03009
0.991071 -61.8337  1.03024
0.991221 -61.8245  1.03039
0.991371 -61.8152  1.03054
0.991521 -61.8059  1.03069
0.991671 -61.7966  1.03084
0.991821 -61.7874  1.03099
0.991971 -61.7781  1.03114
0.992121 -61.7689  1.03129
0.992271 -61.7596  1.03144
0.992421 -61.7503  1.03159
0.992571 -61.7411  1.03174
0.992721 -61.7318  1.03189
0.992871 -61.7226  1.03204
0.993022 -61.7133  1.03219
0.993172 -61.7041  1.03234
0.993322 -61.6949  1.03249
0.993472 -61.6856  1.03264
0.993622 -61.6764  1.03279
0.993772 -61.6672  1.03279
0.993922 -61.6579  1.03294
0.994072 -61.6487  1.03309
0.994222 -61.6395  1.03324
0.994372 -61.6303  1.03339
0.994522  -61.621  1.03354
0.994672 -61.6118  1.03369
0.994822 -61.6026  1.03384
0.994972 -61.5934  1.03399
0.995123 -61.5842  1.03414
0.995273  -61.575  1.03429
0.995423 -61.5658  1.03444
0.995573 -61.5566  1.03459
0.995723 -61.5474  1.03474
0.995873 -61.5382  1.03489
0.996023  -61.529  1.03504
0.996173 -61.5198  1.03519
0.996323 -61.5106  1.03534
0.996473 -61.5014  1.03549
0.996623 -61.4923  1.03564
0.996773 -61.4831  1.03579
0.996923 -61.4739  1.03594
0.997074 -61.4647  1.03609
0.997224 -61.4556  1.03624
0.997374 -61.4464  1.03639
0.997524 -61.4372  1.03654
0.997674 -61.4281  1.03669
0.997824 -61.4189  1.03669
0.997974 -61.4097  1.03684
0.998124 -61.4006  1.03699
0.998274 -61.3914  1.03714
0.998424 -61.3823  1.03729
0.998574 -61.3731  1.03744
0.998724  -61.364  1.03759
0.998874 -61.3548  1.03774
0.999025 -61.3457  1.03789
0.999175 -61.3365  1.03804
0.999325 -61.3274  1.03819
0.999475 -61.3183  1.03834
0.999625 -61.3091  1.03849
0.999775    -61.3  1.03864
0.999925 -61.2909  1.03879
 1.00008 -61.2818  1.03894
 1.00023 -61.2726  1.03909
 1.00038 -61.2635  1.03924
 1.00053 -61.2544  1.03939
 1.00068 -61.2453  1.03954
 1.00083 -61.2362  1.03969
 1.00098 -61.2271  1.03984
 1.00113  -61.218  1.03999
 1.00128 -61.2089  1.04015
 1.00143 -61.1998   1.0403
 1.00158 -61.1907   1.0403
 1.00173 -61.1816  1.04045
 1.00188 -61.1725   1.0406
 1.00203 -61.1634  1.04075
 1.00218 -61.1543   1.0409
 1.00233 -61.1452  1.04105
 1.00248 -61.1361   1.0412
 1.00263 -61.1271  1.04135
 1.00278  -61.118   1.0415
 1.00293 -61.1089  1.04165
 1.00308 -61.0998   1.0418
 1.00323 -61.0908  1.04195
 1.00338 -61.0817   1.0421
 1.00353 -61.0726  1.04225
 1.00368 -61.0636   1.0424
 1.00383 -61.0545  1.04255
 1.00398 -61.0455   1.0427
 1.00413 -61.0364  1.04285
 1.00428 -61.0273    1.043
 1.00443 -61.0183  1.04315
 1.00458 -61.0092   1.0433
 1.00473 -61.0002  1.04345
 1.00488 -60.9912   1.0436
 1.00503 -60.9821  1.04375
 1.00518 -60.9731   1.0439
 1.00533 -60.9641  1.04405
 1.00548  -60.955  1.04405
 1.00563  -60.946   1.0442
 1.00578  -60.937  1.04435
 1.00593 -60.9279   1.0445
 1.00608 -60.9189  1.04465
 1.00623 -60.9099   1.0448
 1.00638 -60.9009  1.04495
 1.00653 -60.8919   1.0451
 1.00668 -60.8829  1.04525
 1.00683 -60.8738   1.0454
 1.00698 -60.8648  1.04555
 1.00713 -60.8558   1.0457
 1.00728 -60.8468  1.04585
 1.00743 -60.8378    1.046
 1.00758 -60.8288  1.04615
 1.00773 -60.8198   1.0463
 1.00788 -60.8109  1.04645
 1.00803 -60.8019   1.0466
 1.00818 -60.7929  1.04675
 1.00833 -60.7839   1.0469
 1.00848 -60.7749  1.04705
 1.00863 -60.7659   1.0472
 1.00878  -60.757  1.04735
 1.00893  -60.748   1.0475
 1.00908  -60.739  1.04765
 1.00923 -60.7301  1.04765
 1.00938 -60.7211   1.0478
 1.00953 -60.7121  1.04795
 1.00968 -60.7032   1.0481
 1.00983 -60.6942  1.04825
 1.00998 -60.6852   1.0484
 1.01013 -60.6763  1.04855
 1.01028 -60.6673   1.0487
 1.01043 -60.6584  1.04885
 1.01058 -60.6494    1.049
 1.01073 -60.6405  1.04915
 1.01088 -60.6316   1.0493
 1.01103 -60.6226  1.04945
 1.01118 -60.6137   1.0496
 1.01133 -60.6048  1.04975
 1.01148 -60.5958   1.0499
 1.01163 -60.5869  1.05005
 1.01178  -60.578   1.0502
 1.01193  -60.569  1.05035
 1.01208 -60.5601   1.0505
 1.01223 -60.5512  1.05065
 1.01238 -60.5423   1.0508
 1.01253 -60.5334  1.05095
 1.01268 -60.5245   1.0511
 1.01283 -60.5156   1.0511
 1.01298 -60.5067  1.05125
 1.01313 -60.4978   1.0514
 1.01328 -60.4889  1.05155
 1.01343   -60.48   1.0517
 1.01358 -60.4711  1.05185
 1.01373 -60.4622    1.052
 1.01388 -60.4533  1.05215
 1.01403 -60.4444   1.0523
 1.01418 -60.4355  1.05245
 1.01433 -60.4266   1.0526
 1.01448 -60.4177  1.05275
 1.01463 -60.4089   1.0529
 1.01478    -60.4  1.05305
 1.01493 -60.3911   1.0532
 1.01508 -60.3822  1.05335
 1.01523 -60.3734   1.0535
 1.01538 -60.3645  1.05365
 1.01553 -60.3556   1.0538
 1.01568 -60.3468  1.05395
 1.01583 -60.3379   1.0541
 1.01598 -60.3291  1.05425
 1.01613 -60.3202   1.0544
 1.01628 -60.3114  1.05455
 1.01643 -60.3025  1.05455
 1.01658 -60.2937   1.0547
 1.01673 -60.2848  1.05485
 1.01688  -60.276    1.055
 1.01703 -60.2671  1.05515
 1.01718 -60.2583   1.0553
 1.01733 -60.2495  1.05545
 1.01748 -60.2406   1.0556
 1.01763 -60.2318  1.05575
 1.01778  -60.223   1.0559
 1.01793 -60.2142  1.05605
 1.01808 -60.2053   1.0562
 1.01823 -60.1965  1.05635
 1.01838 -60.1877   1.0565
 1.01853 -60.1789  1.05665
 1.01868 -60.1701   1.0568
 1.01883 -60.1613  1.05695
 1.01898 -60.1525   1.0571
 1.01913 -60.1437  1.05725
 1.01928 -60.1349   1.0574
 1.01943 -60.1261  1.05755
 1.01958 -60.1173   1.0577
 1.01973 -60.1085  1.05785
 1.01988 -60.0997  1.05785
 1.02004 -60.0909    1.058
 1.02019 -60.0821  1.05815
 1.02034 -60.0733   1.0583
 1.02049 -60.0646  1.05845
 1.02064 -60.0558   1.0586
 1.02079  -60.047  1.05875
 1.02094 -60.0382   1.0589
 1.02109 -60.0295  1.05905
 1.02124 -60.0207   1.0592
 1.02139 -60.0119  1.05935
 1.02154 -60.0032   1.0595
 1.02169 -59.9944  1.05965
 1.02184 -59.9856   1.0598
 1.02199 -59.9769  1.05995
 1.02214 -59.9681  1.06011
 1.02229 -59.9594  1.06026
 1.02244 -59.9506  1.06041
 1.02259 -59.9419  1.06056
 1.02274 -59.9331  1.06071
 1.02289 -59.9244  1.06086
 1.02304 -59.9157  1.06101
 1.02319 -59.9069  1.06116
 1.02334 -59.8982  1.06116
 1.02349 -59.8895  1.06131
 1.02364 -59.8807  1.06146
 1.02379  -59.872  1.06161
 1.02394 -59.8633  1.06176
 1.02409 -59.8546  1.06191
 1.02424 -59.8458  1.06206
 1.02439 -59.8371  1.06221
 1.02454 -59.8284  1.06236
 1.02469 -59.8197  1.06251
 1.02484  -59.811  1.06266
 1.02499 -59.8023  1.06281
 1.02514 -59.7936  1.06296
 1.02529 -59.7849  1.06311
 1.02544 -59.7762  1.06326
 1.02559 -59.7675  1.06341
 1.02574 -59.7588  1.06356
 1.02589 -59.7501  1.06371
 1.02604 -59.7414  1.06386
 1.02619 -59.7327  1.06401
 1.02634 -59.7241  1.06416
 1.02649 -59.7154  1.06431
 1.02664 -59.7067  1.06431
 1.02679  -59.698  1.06446
 1.02694 -59.6893  1.06461
 1.02709 -59.6807  1.06476
 1.02724  -59.672  1.06491
 1.02739 -59.6633  1.06506
 1.02754 -59.6547  1.06521
 1.02769  -59.646  1.06536
 1.02784 -59.6373  1.06551
 1.02799 -59.6287  1.06566
 1.02814   -59.62  1.06581
 1.02829 -59.6114  1.06596
 1.02844 -59.6027  1.06611
 1.02859 -59.5941  1.06626
 1.02874 -59.5854  1.06641
 1.02889 -59.5768  1.06656
 1.02904 -59.5682  1.06671
 1.02919 -59.5595  1.06686
 1.02934 -59.5509  1.06701
 1.02949 -59.5423  1.06716
 1.02964 -59.5336  1.06731
 1.02979  -59.525  1.06731
 1.02994 -59.5164  1.06746
 1.03009 -59.5078  1.06761
 1.03024 -59.4991  1.06776
 1.03039 -59.4905  1.06791
 1.03054 -59.4819  1.06806
 1.03069 -59.4733  1.06821
 1.03084 -59.4647  1.06836
 1.03099 -59.4561  1.06851
 1.03114 -59.4475  1.06866
 1.03129 -59.4389  1.06881
 1.03144 -59.4303  1.06896
 1.03159 -59.4217  1.06911
 1.03174 -59.4131  1.06926
 1.03189 -59.4045  1.06941
 1.03204 -59.3959  1.06956
 1.03219 -59.3873  1.06971
 1.03234 -59.3787  1.06986
 1.03249 -59.3702  1.07001
 1.03264 -59.3616  1.07016
 1.03279  -59.353  1.07031
 1.03294 -59.3444  1.07031
 1.03309 -59.3358  1.07046
 1.03324 -59.3273  1.07061
 1.03339 -59.3187  1.07076
 1.03354 -59.3101  1.07091
 1.03369 -59.3016  1.07106
 1.03384  -59.293  1.07121
 1.03399 -59.2845  1.07136
 1.03414 -59.2759  1.07151
 1.03429 -59.2674  1.07166
 1.03444 -59.2588  1.07181
 1.03459 -59.2503  1.07196
 1.03474 -59.2417  1.07211
 1.03489 -59.2332  1.07226
 1.03504 -59.2246  1.07241
 1.03519 -59.2161  1.07256
 1.03534 -59.2076  1.07271
 1.03549  -59.199  1.07286
 1.03564 -59.1905  1.07301
 1.03579  -59.182  1.07316
 1.03594 -59.1734  1.07331
 1.03609 -59.1649  1.07331
 1.03624 -59.1564  1.07346
 1.03639 -59.1479  1.07361
 1.03654 -59.1394  1.07376
 1.03669 -59.1308  1.07391
 1.03684 -59.1223  1.07406
 1.03699 -59.1138  1.07421
 1.03714 -59.1053  1.07436
 1.03729 -59.0968  1.07451
 1.03744 -59.0883  1.07466
 1.03759 -59.0798  1.07481
 1.03774 -59.0713  1.07496
 1.03789 -59.0628  1.07511
 1.03804 -59.0543  1.07526
 1.03819 -59.0458  1.07541
 1.03834 -59.0374  1.07556
 1.03849 -59.0289  1.07571
 1.03864 -59.0204  1.07586
 1.03879 -59.0119  1.07601
 1.03894 -59.0034  1.07616
 1.03909  -58.995  1.07616
 1.03924 -58.9865  1.07631
 1.03939  -58.978  1.07646
 1.03954 -58.9696  1.07661
 1.03969 -58.9611  1.07676
 1.03984 -58.9526  1.07691
 1.03999 -58.9442  1.07706
 1.04015 -58.9357  1.07721
  1.0403 -58.9273  1.07736
 1.04045 -58.9188  1.07751
  1.0406 -58.9104  1.07766
 1.04075 -58.9019  1.07781
  1.0409 -58.8935  1.07796
 1.04105  -58.885  1.07811
  1.0412 -58.8766  1.07826
 1.04135 -58.8682  1.07841
  1.0415 -58.8597  1.07856
 1.04165 -58.8513  1.07871
  1.0418 -58.8429  1.07886
 1.04195 -58.8344  1.07886
  1.0421  -58.826  1.07901
 1.04225 -58.8176  1.07916
  1.0424 -58.8092  1.07931
 1.04255 -58.8007  1.07946
  1.0427 -58.7923  1.07961
 1.04285 -58.7839  1.07976
   1.043 -58.7755  1.07991
 1.04315 -58.7671  1.08007
  1.0433 -58.7587  1.08022
 1.04345 -58.7503  1.08037
  1.0436 -58.7419  1.08052
 1.04375 -58.7335  1.08067
  1.0439 -58.7251  1.08082
 1.04405 -58.7167  1.08097
  1.0442 -58.7083  1.08112
 1.04435 -58.6999  1.08127
  1.0445 -58.6915  1.08142
 1.04465 -58.6832  1.08157
  1.0448 -58.6748  1.08157
 1.04495 -58.6664  1.08172
  1.0451  -58.658  1.08187
 1.04525 -58.6497  1.08202
  1.0454 -58.6413  1.08217
 1.04555 -58.6329  1.08232
  1.0457 -58.6245  1.08247
 1.04585 -58.6162  1.08262
   1.046 -58.6078  1.08277
 1.04615 -58.5995  1.08292
  1.0463 -58.5911  1.08307
 1.04645 -58.5828  1.08322
  1.0466 -58.5744  1.08337
 1.04675 -58.5661  1.08352
  1.0469 -58.5577  1.08367
 1.04705 -58.5494  1.08382
  1.0472  -58.541  1.08397
 1.04735 -58.5327  1.08397
  1.0475 -58.5244  1.08412
 1.04765  -58.516  1.08427
  1.0478 -58.5077  1.08442
 1.04795 -58.4994  1.08457
  1.0481  -58.491  1.08472
 1.04825 -58.4827  1.08487
  1.0484 -58.4744  1.08502
 1.04855 -58.4661  1.08517
  1.0487 -58.4578  1.08532
 1.04885 -58.4494  1.08547
   1.049 -58.4411  1.08562
 1.04915 -58.4328  1.08577
  1.0493 -58.4245  1.08592
 1.04945 -58.4162  1.08607
  1.0496 -58.4079  1.08622
 1.04975 -58.3996  1.08637
  1.0499 -58.3913  1.08652
 1.05005  -58.383  1.08652
  1.0502 -58.3747  1.08667
 1.05035 -58.3665  1.08682
  1.0505 -58.3582  1.08697
 1.05065 -58.3499  1.08712
  1.0508 -58.3416  1.08727
 1.05095 -58.3333  1.08742
  1.0511  -58.325  1.08757
 1.05125 -58.3168  1.08772
  1.0514 -58.3085  1.08787
 1.05155 -58.3002  1.08802
  1.0517  -58.292  1.08817
 1.05185 -58.2837  1.08832
   1.052 -58.2754  1.08847
 1.05215 -58.2672  1.08862
  1.0523 -58.2589  1.08877
 1.05245 -58.2507  1.08892
  1.0526 -58.2424  1.08892
 1.05275 -58.2342  1.08907
  1.0529 -58.2259  1.08922
 1.05305 -58.2177  1.08937
  1.0532 -58.2094  1.08952
 1.05335 -58.2012  1.08967
  1.0535  -58.193  1.08982
 1.05365 -58.1847  1.08997
  1.0538 -58.1765  1.09012
 1.05395 -58.1683  1.09027
  1.0541   -58.16  1.09042
 1.05425 -58.1518  1.09057
  1.0544 -58.1436  1.09072
 1.05455 -58.1354  1.09087
  1.0547 -58.1272  1.09102
 1.05485 -58.1189  1.09117
   1.055 -58.1107  1.09132
 1.05515 -58.1025  1.09132
  1.0553 -58.0943  1.09147
 1.05545 -58.0861  1.09162
  1.0556 -58.0779  1.09177
 1.05575 -58.0697  1.09192
  1.0559 -58.0615  1.09207
 1.05605 -58.0533  1.09222
  1.0562 -58.0451  1.09237
 1.05635 -58.0369  1.09252
  1.0565 -58.0288  1.09267
 1.05665 -58.0206  1.09282
  1.0568 -58.0124  1.09297
 1.05695 -58.0042  1.09312
  1.0571  -57.996  1.09327
 1.05725 -57.9879  1.09327
  1.0574 -57.9797  1.09342
 1.05755 -57.9715  1.09357
  1.0577 -57.9634  1.09372
 1.05785 -57.9552  1.09387
   1.058 -57.9471  1.09402
 1.05815 -57.9389  1.09417
  1.0583 -57.9307  1.09432
 1.05845 -57.9226  1.09447
  1.0586 -57.9144  1.09462
 1.05875 -57.9063  1.09477
  1.0589 -57.8982  1.09492
 1.05905   -57.89  1.09507
  1.0592 -57.8819  1.09522
 1.05935 -57.8737  1.09522
  1.0595 -57.8656  1.09537
 1.05965 -57.8575  1.09552
  1.0598 -57.8493  1.09567
 1.05995 -57.8412  1.09582
 1.06011 -57.8331  1.09597
 1.06026  -57.825  1.09612
 1.06041 -57.8169  1.09627
 1.06056 -57.8087  1.09642
 1.06071 -57.8006  1.09657
 1.06086 -57.7925  1.09672
 1.06101 -57.7844  1.09687
 1.06116 -57.7763  1.09702
 1.06131 -57.7682  1.09702
 1.06146 -57.7601  1.09717
 1.06161  -57.752  1.09732
 1.06176 -57.7439  1.09747
 1.06191 -57.7358  1.09762
 1.06206 -57.7277  1.09777
 1.06221 -57.7196  1.09792
 1.06236 -57.7116  1.09807
 1.06251 -57.7035  1.09822
 1.06266 -57.6954  1.09837
 1.06281 -57.6873  1.09852
 1.06296 -57.6793  1.09867
 1.06311 -57.6712  1.09882
 1.06326 -57.6631  1.09897
 1.06341 -57.6551  1.09897
 1.06356  -57.647  1.09912
 1.06371 -57.6389  1.09927
 1.06386 -57.6309  1.09942
 1.06401 -57.6228  1.09957
 1.06416 -57.6148  1.09972
 1.06431 -57.6067  1.09987
 1.06446 -57.5987  1.10003
 1.06461 -57.5906  1.10018
 1.06476 -57.5826  1.10033
 1.06491 -57.5745  1.10048
 1.06506 -57.5665  1.10063
 1.06521 -57.5585  1.10078
 1.06536 -57.5504  1.10078
 1.06551 -57.5424  1.10093
 1.06566 -57.5344  1.10108
 1.06581 -57.5264  1.10123
 1.06596 -57.5183  1.10138
 1.06611 -57.5103  1.10153
 1.06626 -57.5023  1.10168
 1.06641 -57.4943  1.10183
 1.06656 -57.4863  1.10198
 1.06671 -57.4783  1.10213
 1.06686 -57.4703  1.10228
 1.06701 -57.4623  1.10243
 1.06716 -57.4543  1.10258
 1.06731 -57.4463  1.10258
 1.06746 -57.4383  1.10273
 1.06761 -57.4303  1.10288
 1.06776 -57.4223  1.10303
 1.06791 -57.4143  1.10318
 1.06806 -57.4063  1.10333
 1.06821 -57.3983  1.10348
 1.06836 -57.3904  1.10363
 1.06851 -57.3824  1.10378
 1.06866 -57.3744  1.10393
 1.06881 -57.3664  1.10408
 1.06896 -57.3585  1.10423
 1.06911 -57.3505  1.10423
 1.06926 -57.3425  1.10438
 1.06941 -57.3346  1.10453
 1.06956 -57.3266  1.10468
 1.06971 -57.3187  1.10483
 1.06986 -57.3107  1.10498
 1.07001 -57.3028  1.10513
 1.07016 -57.2948  1.10528
 1.07031 -57.2869  1.10543
 1.07046 -57.2789  1.10558
 1.07061  -57.271  1.10573
 1.07076  -57.263  1.10588
 1.07091 -57.2551  1.10603
 1.07106 -57.2472  1.10603
 1.07121 -57.2392  1.10618
 1.07136 -57.2313  1.10633
 1.07151 -57.2234  1.10648
 1.07166 -57.2155  1.10663
 1.07181 -57.2075  1.10678
 1.07196 -57.1996  1.10693
 1.07211 -57.1917  1.10708
 1.07226 -57.1838  1.10723
 1.07241 -57.1759  1.10738
 1.07256  -57.168  1.10753
 1.07271 -57.1601  1.10768
 1.07286 -57.1522  1.10783
 1.07301 -57.1443  1.10783
 1.07316 -57.1364  1.10798
 1.07331 -57.1285  1.10813
 1.07346 -57.1206  1.10828
 1.07361 -57.1127  1.10843
 1.07376 -57.1048  1.10858
 1.07391  -57.097  1.10873
 1.07406 -57.0891  1.10888
 1.07421 -57.0812  1.10903
 1.07436 -57.0733  1.10918
 1.07451 -57.0655  1.10933
 1.07466 -57.0576  1.10948
 1.07481 -57.0497  1.10948
 1.07496 -57.0419  1.10963
 1.07511  -57.034  1.10978
 1.07526 -57.0261  1.10993
 1.07541 -57.0183  1.11008
 1.07556 -57.0104  1.11023
 1.07571 -57.0026  1.11038
 1.07586 -56.9947  1.11053
 1.07601 -56.9869  1.11068
 1.07616  -56.979  1.11083
 1.07631 -56.9712  1.11098
 1.07646 -56.9634  1.11113
 1.07661 -56.9555  1.11113
 1.07676 -56.9477  1.11128
 1.07691 -56.9399  1.11143
 1.07706  -56.932  1.11158
 1.07721 -56.9242  1.11173
 1.07736 -56.9164  1.11188
 1.07751 -56.9086  1.11203
 1.07766 -56.9007  1.11218
 1.07781 -56.8929  1.11233
 1.07796 -56.8851  1.11248
 1.07811 -56.8773  1.11263
 1.07826 -56.8695  1.11263
 1.07841 -56.8617  1.11278
 1.07856 -56.8539  1.11293
 1.07871 -56.8461  1.11308
 1.07886 -56.8383  1.11323
 1.07901 -56.8305  1.11338
 1.07916 -56.8227  1.11353
 1.07931 -56.8149  1.11368
 1.07946 -56.8072  1.11383
 1.07961 -56.7994  1.11398
 1.07976 -56.7916  1.11398
 1.07991 -56.7838  1.11413
 1.08007  -56.776  1.11428
 1.08022 -56.7683  1.11443
 1.08037 -56.7605  1.11458
 1.08052 -56.7527  1.11473
 1.08067  -56.745  1.11488
 1.08082 -56.7372  1.11503
 1.08097 -56.7295  1.11518
 1.08112 -56.7217  1.11533
 1.08127  -56.714  1.11548
 1.08142 -56.7062  1.11548
 1.08157 -56.6985  1.11563
 1.08172 -56.6907  1.11578
 1.08187  -56.683  1.11593
 1.08202 -56.6752  1.11608
 1.08217 -56.6675  1.11623
 1.08232 -56.6598  1.11638
 1.08247  -56.652  1.11653
 1.08262 -56.6443  1.11668
 1.08277 -56.6366  1.11683
 1.08292 -56.6289  1.11683
 1.08307 -56.6212  1.11698
 1.08322 -56.6134  1.11713
 1.08337 -56.6057  1.11728
 1.08352  -56.598  1.11743
 1.08367 -56.5903  1.11758
 1.08382 -56.5826  1.11773
 1.08397 -56.5749  1.11788
 1.08412 -56.5672  1.11803
 1.08427 -56.5595  1.11818
 1.08442 -56.5518  1.11818
 1.08457 -56.5441  1.11833
 1.08472 -56.5364  1.11848
 1.08487 -56.5288  1.11863
 1.08502 -56.5211  1.11878
 1.08517 -56.5134  1.11893
 1.08532 -56.5057  1.11908
 1.08547  -56.498  1.11923
 1.08562 -56.4904  1.11938
 1.08577 -56.4827  1.11938
 1.08592  -56.475  1.11953
 1.08607 -56.4674  1.11968
 1.08622 -56.4597  1.11983
 1.08637 -56.4521  1.11998
 1.08652 -56.4444  1.12014
 1.08667 -56.4368  1.12029
 1.08682 -56.4291  1.12044
 1.08697 -56.4215  1.12059
 1.08712 -56.4138  1.12059
 1.08727 -56.4062  1.12074
 1.08742 -56.3986  1.12089
 1.08757 -56.3909  1.12104
 1.08772 -56.3833  1.12119
 1.08787 -56.3757  1.12134
 1.08802  -56.368  1.12149
 1.08817 -56.3604  1.12164
 1.08832 -56.3528  1.12179
 1.08847 -56.3452  1.12194
 1.08862 -56.3376  1.12194
 1.08877   -56.33  1.12209
 1.08892 -56.3223  1.12224
 1.08907 -56.3147  1.12239
 1.08922 -56.3071  1.12254
 1.08937 -56.2995  1.12269
 1.08952 -56.2919  1.12284
 1.08967 -56.2843  1.12299
 1.08982 -56.2768  1.12314
 1.08997 -56.2692  1.12314
 1.09012 -56.2616  1.12329
 1.09027  -56.254  1.12344
 1.09042 -56.2464  1.12359
 1.09057 -56.2388  1.12374
 1.09072 -56.2313  1.12389
 1.09087 -56.2237  1.12404
 1.09102 -56.2161  1.12419
 1.09117 -56.2086  1.12419
 1.09132  -56.201  1.12434
 1.09147 -56.1934  1.12449
 1.09162 -56.1859  1.12464
 1.09177 -56.1783  1.12479
 1.09192 -56.1708  1.12479
 1.09207 -56.1633  1.12494
 1.09222 -56.1557  1.12509
 1.09237 -56.1482  1.12524
 1.09252 -56.1407  1.12539
 1.09267 -56.1331  1.12539
 1.09282 -56.1256  1.12554
 1.09297 -56.1181  1.12569
 1.09312 -56.1106  1.12584
 1.09327 -56.1031  1.12599
 1.09342 -56.0956  1.12599
 1.09357 -56.0881  1.12614
 1.09372 -56.0806  1.12629
 1.09387 -56.0731  1.12644
 1.09402 -56.0656  1.12659
 1.09417 -56.0581  1.12674
 1.09432 -56.0506  1.12674
 1.09447 -56.0431  1.12689
 1.09462 -56.0356  1.12704
 1.09477 -56.0282  1.12719
 1.09492 -56.0207  1.12734
 1.09507 -56.0132  1.12734
 1.09522 -56.0058  1.12749
 1.09537 -55.9983  1.12764
 1.09552 -55.9908  1.12779
 1.09567 -55.9834  1.12794
 1.09582  -55.976  1.12794
 1.09597 -55.9685  1.12809
 1.09612 -55.9611  1.12824
 1.09627 -55.9536  1.12839
 1.09642 -55.9462  1.12854
 1.09657 -55.9388  1.12854
 1.09672 -55.9313  1.12869
 1.09687 -55.9239  1.12884
 1.09702 -55.9165  1.12899
 1.09717 -55.9091  1.12914
 1.09732 -55.9017  1.12929
 1.09747 -55.8943  1.12929
 1.09762 -55.8869  1.12944
 1.09777 -55.8795  1.12959
 1.09792 -55.8721  1.12974
 1.09807 -55.8647  1.12989
 1.09822 -55.8573  1.12989
 1.09837 -55.8499  1.13004
 1.09852 -55.8425  1.13019
 1.09867 -55.8351  1.13034
 1.09882 -55.8278  1.13049
 1.09897 -55.8204  1.13049
 1.09912  -55.813  1.13064
 1.09927 -55.8057  1.13079
 1.09942 -55.7983  1.13094
 1.09957  -55.791  1.13109
 1.09972 -55.7836  1.13109
 1.09987 -55.7763  1.13124
 1.10003 -55.7689  1.13139
 1.10018 -55.7616  1.13154
 1.10033 -55.7542  1.13169
 1.10048 -55.7469  1.13184
 1.10063 -55.7396  1.13184
 1.10078 -55.7322  1.13199
 1.10093 -55.7249  1.13214
 1.10108 -55.7176  1.13229
 1.10123 -55.7103  1.13244
 1.10138  -55.703  1.13244
 1.10153 -55.6957  1.13259
 1.10168 -55.6884  1.13274
 1.10183 -55.6811  1.13289
 1.10198 -55.6738  1.13304
 1.10213 -55.6665  1.13304
 1.10228 -55.6592  1.13319
 1.10243 -55.6519  1.13334
 1.10258 -55.6446  1.13349
 1.10273 -55.6373  1.13364
 1.10288 -55.6301  1.13364
 1.10303 -55.6228  1.13379
 1.10318 -55.6155  1.13394
 1.10333 -55.6083  1.13409
 1.10348  -55.601  1.13424
 1.10363 -55.5937  1.13424
 1.10378 -55.5865  1.13439
 1.10393 -55.5792  1.13454
 1.10408  -55.572  1.13469
 1.10423 -55.5648  1.13484
 1.10438 -55.5575  1.13484
 1.10453 -55.5503  1.13499
 1.10468  -55.543  1.13514
 1.10483 -55.5358  1.13529
 1.10498 -55.5286  1.13544
 1.10513 -55.5214  1.13544
 1.10528 -55.5142  1.13559
 1.10543  -55.507  1.13574
 1.10558 -55.4997  1.13589
 1.10573 -55.4925  1.13604
 1.10588 -55.4853  1.13604
 1.10603 -55.4781  1.13619
 1.10618 -55.4709  1.13634
 1.10633 -55.4638  1.13649
 1.10648 -55.4566  1.13664
 1.10663 -55.4494  1.13679
 1.10678 -55.4422  1.13679
 1.10693  -55.435  1.13694
 1.10708 -55.4278  1.13709
 1.10723 -55.4207  1.13724
 1.10738 -55.4135  1.13739
 1.10753 -55.4064  1.13739
 1.10768 -55.3992  1.13754
 1.10783  -55.392  1.13769
 1.10798 -55.3849  1.13784
 1.10813 -55.3777  1.13799
 1.10828 -55.3706  1.13799
 1.10843 -55.3635  1.13814
 1.10858 -55.3563  1.13829
 1.10873 -55.3492  1.13844
 1.10888 -55.3421  1.13844
 1.10903 -55.3349  1.13859
 1.10918 -55.3278  1.13874
 1.10933 -55.3207  1.13889
 1.10948 -55.3136  1.13904
 1.10963 -55.3065  1.13904
 1.10978 -55.2994  1.13919
 1.10993 -55.2923  1.13934
 1.11008 -55.2852  1.13949
 1.11023 -55.2781  1.13964
 1.11038  -55.271  1.13964
 1.11053 -55.2639  1.13979
 1.11068 -55.2568  1.13994
 1.11083 -55.2497   1.1401
 1.11098 -55.2426  1.14025
 1.11113 -55.2356  1.14025
 1.11128 -55.2285   1.1404
 1.11143 -55.2214  1.14055
 1.11158 -55.2144   1.1407
 1.11173 -55.2073  1.14085
 1.11188 -55.2002  1.14085
 1.11203 -55.1932    1.141
 1.11218 -55.1861  1.14115
 1.11233 -55.1791   1.1413
 1.11248 -55.1721  1.14145
 1.11263  -55.165  1.14145
 1.11278  -55.158   1.1416
 1.11293  -55.151  1.14175
 1.11308 -55.1439   1.1419
 1.11323 -55.1369  1.14205
 1.11338 -55.1299  1.14205
 1.11353 -55.1229   1.1422
 1.11368 -55.1159  1.14235
 1.11383 -55.1088   1.1425
 1.11398 -55.1018  1.14265
 1.11413 -55.0948  1.14265
 1.11428 -55.0878   1.1428
 1.11443 -55.0808  1.14295
 1.11458 -55.0739   1.1431
 1.11473 -55.0669  1.14325
 1.11488 -55.0599  1.14325
 1.11503 -55.0529   1.1434
 1.11518 -55.0459  1.14355
 1.11533 -55.0389   1.1437
 1.11548  -55.032  1.14385
 1.11563  -55.025  1.14385
 1.11578  -55.018    1.144
 1.11593 -55.0111  1.14415
 1.11608 -55.0041   1.1443
 1.11623 -54.9972  1.14445
 1.11638 -54.9902  1.14445
 1.11653 -54.9833   1.1446
 1.11668 -54.9763  1.14475
 1.11683 -54.9694   1.1449
 1.11698 -54.9625   1.1449
 1.11713 -54.9555  1.14505
 1.11728 -54.9486   1.1452
 1.11743 -54.9417   1.1452
 1.11758 -54.9348  1.14535
 1.11773 -54.9279   1.1455
 1.11788  -54.921  1.14565
 1.11803 -54.9141  1.14565
 1.11818 -54.9072   1.1458
 1.11833 -54.9003  1.14595
 1.11848 -54.8934   1.1461
 1.11863 -54.8865   1.1461
 1.11878 -54.8796  1.14625
 1.11893 -54.8727   1.1464
 1.11908 -54.8659   1.1464
 1.11923  -54.859  1.14655
 1.11938 -54.8521   1.1467
 1.11953 -54.8453  1.14685
 1.11968 -54.8384  1.14685
 1.11983 -54.8316    1.147
 1.11998 -54.8247  1.14715
 1.12014 -54.8179   1.1473
 1.12029  -54.811   1.1473
 1.12044 -54.8042  1.14745
 1.12059 -54.7974   1.1476
 1.12074 -54.7905   1.1476
 1.12089 -54.7837  1.14775
 1.12104 -54.7769   1.1479
 1.12119 -54.7701  1.14805
 1.12134 -54.7633  1.14805
 1.12149 -54.7565   1.1482
 1.12164 -54.7497  1.14835
 1.12179 -54.7429   1.1485
 1.12194 -54.7361   1.1485
 1.12209 -54.7293  1.14865
 1.12224 -54.7225   1.1488
 1.12239 -54.7157   1.1488
 1.12254  -54.709  1.14895
 1.12269 -54.7022   1.1491
 1.12284 -54.6954  1.14925
 1.12299 -54.6887  1.14925
 1.12314 -54.6819   1.1494
 1.12329 -54.6751  1.14955
 1.12344 -54.6684   1.1497
 1.12359 -54.6616   1.1497
 1.12374 -54.6549  1.14985
 1.12389 -54.6482     1.15
 1.12404 -54.6414     1.15
 1.12419 -54.6347     1.15
 1.12434  -54.628     1.15
 1.12449 -54.6213     1.15
 1.12464 -54.6146     1.15
 1.12479 -54.6079     1.15
 1.12494 -54.6013     1.15
 1.12509 -54.5946     1.15
 1.12524  -54.588     1.15
 1.12539 -54.5814     1.15
 1.12554 -54.5747     1.15
 1.12569 -54.5681     1.15
 1.12584 -54.5615     1.15
 1.12599  -54.555     1.15
 1.12614 -54.5484     1.15
 1.12629 -54.5418     1.15
 1.12644 -54.5353     1.15
 1.12659 -54.5287     1.15
 1.12674 -54.5222     1.15
 1.12689 -54.5157     1.15
 1.12704 -54.5092     1.15
 1.12719 -54.5027     1.15
 1.12734 -54.4962     1.15
 1.12749 -54.4898     1.15
 1.12764 -54.4833     1.15
 1.12779 -54.4769     1.15
 1.12794 -54.4704     1.15
 1.12809  -54.464     1.15
 1.12824 -54.4576     1.15
 1.12839 -54.4512     1.15
 1.12854 -54.4448     1.15
 1.12869 -54.4384     1.15
 1.12884 -54.4321     1.15
 1.12899 -54.4257     1.15
 1.12914 -54.4194     1.15
 1.12929  -54.413     1.15
 1.12944 -54.4067     1.15
 1.12959 -54.4004     1.15
 1.12974 -54.3941     1.15
 1.12989 -54.3878     1.15
 1.13004 -54.3815     1.15
 1.13019 -54.3753     1.15
 1.13034  -54.369     1.15
 1.13049 -54.3627     1.15
 1.13064 -54.3565     1.15
 1.13079 -54.3503     1.15
 1.13094 -54.3441     1.15
 1.13109 -54.3379     1.15
 1.13124 -54.3317     1.15
 1.13139 -54.3255     1.15
 1.13154 -54.3193     1.15
 1.13169 -54.3132     1.15
 1.13184  -54.307     1.15
 1.13199 -54.3009     1.15
 1.13214 -54.2947     1.15
 1.13229 -54.2886     1.15
 1.13244 -54.2825     1.15
 1.13259 -54.2764     1.15
 1.13274 -54.2703     1.15
 1.13289 -54.2643     1.15
 1.13304 -54.2582     1.15
 1.13319 -54.2521     1.15
 1.13334 -54.2461     1.15
 1.13349 -54.2401     1.15
 1.13364  -54.234     1.15
 1.13379  -54.228     1.15
 1.13394  -54.222     1.15
 1.13409  -54.216     1.15
 1.13424   -54.21     1.15
 1.13439 -54.2041     1.15
 1.13454 -54.1981     1.15
 1.13469 -54.1921     1.15
 1.13484 -54.1862     1.15
 1.13499 -54.1803     1.15
 1.13514 -54.1743     1.15
 1.13529 -54.1684     1.15
 1.13544 -54.1625     1.15
 1.13559 -54.1566     1.15
 1.13574 -54.1508     1.15
 1.13589 -54.1449     1.15
 1.13604  -54.139     1.15
 1.13619 -54.1332     1.15
 1.13634 -54.1273     1.15
 1.13649 -54.1215     1.15
 1.13664 -54.1157     1.15
 1.13679 -54.1099     1.15
 1.13694 -54.1041     1.15
 1.13709 -54.0983     1.15
 1.13724 -54.0925     1.15
 1.13739 -54.0867     1.15
 1.13754  -54.081     1.15
 1.13769 -54.0752     1.15
 1.13784 -54.0695     1.15
 1.13799 -54.0637     1.15
 1.13814  -54.058     1.15
 1.13829 -54.0523     1.15
 1.13844 -54.0466     1.15
 1.13859 -54.0409     1.15
 1.13874 -54.0352     1.15
 1.13889 -54.0295     1.15
 1.13904 -54.0239     1.15
 1.13919 -54.0182     1.15
 1.13934 -54.0126     1.15
 1.13949 -54.0069     1.15
 1.13964 -54.0013     1.15
 1.13979 -53.9957     1.15
 1.13994 -53.9901     1.15
  1.1401 -53.9845     1.15
 1.14025 -53.9789     1.15
  1.1404 -53.9733     1.15
 1.14055 -53.9677     1.15
  1.1407 -53.9622     1.15
 1.14085 -53.9566     1.15
   1.141 -53.9511     1.15
 1.14115 -53.9456     1.15
  1.1413   -53.94     1.15
 1.14145 -53.9345     1.15
  1.1416  -53.929     1.15
 1.14175 -53.9235     1.15
  1.1419  -53.918     1.15
 1.14205 -53.9126     1.15
  1.1422 -53.9071     1.15
 1.14235 -53.9016     1.15
  1.1425 -53.8962     1.15
 1.14265 -53.8907     1.15
  1.1428 -53.8853     1.15
 1.14295 -53.8799     1.15
  1.1431 -53.8745     1.15
 1.14325 -53.8691     1.15
  1.1434 -53.8637     1.15
 1.14355 -53.8583     1.15
  1.1437 -53.8529     1.15
 1.14385 -53.8475     1.15
   1.144 -53.8422     1.15
 1.14415 -53.8368     1.15
  1.1443 -53.8315     1.15
 1.14445 -53.8262     1.15
  1.1446 -53.8208     1.15
 1.14475 -53.8155     1.15
  1.1449 -53.8102     1.15
 1.14505 -53.8049     1.15
  1.1452 -53.7996     1.15
 1.14535 -53.7944     1.15
  1.1455 -53.7891     1.15
 1.14565 -53.7838     1.15
  1.1458 -53.7786     1.15
 1.14595 -53.7733     1.15
  1.1461 -53.7681     1.15
 1.14625 -53.7629     1.15
  1.1464 -53.7577     1.15
 1.14655 -53.7524     1.15
  1.1467 -53.7472     1.15
 1.14685 -53.7421     1.15
   1.147 -53.7369     1.15
 1.14715 -53.7317     1.15
  1.1473 -53.7265     1.15
 1.14745 -53.7214     1.15
  1.1476 -53.7162     1.15
 1.14775 -53.7111     1.15
  1.1479  -53.706     1.15
 1.14805 -53.7008     1.15
  1.1482 -53.6957     1.15
 1.14835 -53.6906     1.15
  1.1485 -53.6855     1.15
 1.14865 -53.6804     1.15
  1.1488 -53.6754     1.15
 1.14895 -53.6703     1.15
  1.1491 -53.6652     1.15
 1.14925 -53.6602     1.15
  1.1494 -53.6551     1.15
 1.14955 -53.6501     1.15
  1.1497 -53.6451     1.15
 1.14985   -53.64     1.15
    1.15  -53.635     1.15