 kgrid  ValNew  Policy 
    0.85 -75.1984     0.85
 0.85015 -75.1785     0.85
  0.8503 -75.1586     0.85
 0.85045 -75.1387     0.85
  0.8506 -75.1189     0.85
 0.85075 -75.0991     0.85
  0.8509 -75.0793     0.85
0.851051 -75.0596     0.85
0.851201   -75.04     0.85
0.851351 -75.0203     0.85
0.851501 -75.0008     0.85
0.851651 -74.9812     0.85
0.851801 -74.9617     0.85
0.851951 -74.9423     0.85
0.852101 -74.9229     0.85
0.852251 -74.9035     0.85
0.852401 -74.8842     0.85
0.852551 -74.8649     0.85
0.852701 -74.8457     0.85
0.852851 -74.8265     0.85
0.853002 -74.8073     0.85
0.853152 -74.7882     0.85
0.853302 -74.7691     0.85
0.853452 -74.7501     0.85
0.853602 -74.7311     0.85
0.853752 -74.7122     0.85
0.853902 -74.6933     0.85
0.854052 -74.6744     0.85
0.854202 -74.6556     0.85
0.854352 -74.6368     0.85
0.854502 -74.6181     0.85
0.854652 -74.5993     0.85
0.854802 -74.5807     0.85
0.854952 -74.5621     0.85
0.855103 -74.5435     0.85
0.855253 -74.5249     0.85
0.855403 -74.5064     0.85
0.855553  -74.488     0.85
0.855703 -74.4695     0.85
0.855853 -74.4512     0.85
0.856003 -74.4328     0.85
0.856153 -74.4145     0.85
0.856303 -74.3962     0.85
0.856453  -74.378     0.85
0.856603 -74.3598     0.85
0.856753 -74.3417     0.85
0.856903 -74.3236     0.85
0.857054 -74.3055     0.85
0.857204 -74.2875     0.85
0.857354 -74.2695     0.85
0.857504 -74.2515     0.85
0.857654 -74.2336     0.85
0.857804 -74.2157     0.85
0.857954 -74.1979     0.85
0.858104 -74.1801     0.85
0.858254 -74.1623     0.85
0.858404 -74.1446     0.85
0.858554 -74.1269     0.85
0.858704 -74.1092     0.85
0.858854 -74.0916     0.85
0.859005 -74.0741     0.85
0.859155 -74.0565     0.85
0.859305  -74.039     0.85
0.859455 -74.0216     0.85
0.859605 -74.0041     0.85
0.859755 -73.9867     0.85
0.859905 -73.9694     0.85
0.860055 -73.9521     0.85
0.860205 -73.9348     0.85
0.860355 -73.9175     0.85
0.860505 -73.9003     0.85
0.860655 -73.8832     0.85
0.860805  -73.866     0.85
0.860955 -73.8489     0.85
0.861106 -73.8319     0.85
0.861256 -73.8149     0.85
0.861406 -73.7979     0.85
0.861556 -73.7809     0.85
0.861706  -73.764     0.85
0.861856 -73.7471     0.85
0.862006 -73.7303     0.85
0.862156 -73.7135     0.85
0.862306 -73.6967     0.85
0.862456 -73.6799     0.85
0.862606 -73.6632     0.85
0.862756 -73.6466     0.85
0.862906 -73.6299     0.85
0.863057 -73.6133     0.85
0.863207 -73.5968     0.85
0.863357 -73.5802     0.85
0.863507 -73.5638     0.85
0.863657 -73.5473     0.85
0.863807 -73.5309     0.85
0.863957 -73.5145     0.85
0.864107 -73.4981     0.85
0.864257 -73.4818     0.85
0.864407 -73.4655     0.85
0.864557 -73.4493     0.85
0.864707  -73.433     0.85
0.864857 -73.4169     0.85
0.865008 -73.4007     0.85
0.865158 -73.3846     0.85
0.865308 -73.3685     0.85
0.865458 -73.3524     0.85
0.865608 -73.3364     0.85
0.865758 -73.3204     0.85
0.865908 -73.3045     0.85
0.866058 -73.2886     0.85
0.866208 -73.2727     0.85
0.866358 -73.2568     0.85
0.866508  -73.241     0.85
0.866658 -73.2252     0.85
0.866808 -73.2095     0.85
0.866958 -73.1938     0.85
0.867109 -73.1781     0.85
0.867259 -73.1624     0.85
0.867409 -73.1468     0.85
0.867559 -73.1312     0.85
0.867709 -73.1157     0.85
0.867859 -73.1001     0.85
0.868009 -73.0847     0.85
0.868159 -73.0692     0.85
0.868309 -73.0538     0.85
0.868459 -73.0384     0.85
0.868609  -73.023     0.85
0.868759 -73.0077     0.85
0.868909 -72.9924     0.85
 0.86906 -72.9771     0.85
 0.86921 -72.9619     0.85
 0.86936 -72.9467     0.85
 0.86951 -72.9315     0.85
 0.86966 -72.9163     0.85
 0.86981 -72.9012     0.85
 0.86996 -72.8862     0.85
 0.87011 -72.8711     0.85
 0.87026 -72.8561     0.85
 0.87041 -72.8411     0.85
 0.87056 -72.8261     0.85
 0.87071 -72.8112     0.85
 0.87086 -72.7963  0.85015
0.871011 -72.7814  0.85015
0.871161 -72.7665   0.8503
0.871311 -72.7517  0.85045
0.871461 -72.7368  0.85045
0.871611  -72.722   0.8506
0.871761 -72.7072  0.85075
0.871911 -72.6923  0.85075
0.872061 -72.6775   0.8509
0.872211 -72.6627 0.851051
0.872361  -72.648 0.851051
0.872511 -72.6332 0.851201
0.872661 -72.6185 0.851351
0.872811 -72.6037 0.851351
0.872961  -72.589 0.851501
0.873112 -72.5743 0.851651
0.873262 -72.5596 0.851651
0.873412 -72.5449 0.851801
0.873562 -72.5302 0.851951
0.873712 -72.5155 0.851951
0.873862 -72.5009 0.852101
0.874012 -72.4862 0.852251
0.874162 -72.4716 0.852251
0.874312 -72.4569 0.852401
0.874462 -72.4423 0.852551
0.874612 -72.4277 0.852701
0.874762 -72.4131 0.852701
0.874912 -72.3985 0.852851
0.875063  -72.384 0.853002
0.875213 -72.3694 0.853152
0.875363 -72.3549 0.853152
0.875513 -72.3403 0.853302
0.875663 -72.3258 0.853452
0.875813 -72.3113 0.853452
0.875963 -72.2968 0.853602
0.876113 -72.2823 0.853752
0.876263 -72.2678 0.853752
0.876413 -72.2533 0.853902
0.876563 -72.2388 0.854052
0.876713 -72.2244 0.854202
0.876863 -72.2099 0.854202
0.877014 -72.1955 0.854352
0.877164 -72.1811 0.854502
0.877314 -72.1667 0.854652
0.877464 -72.1523 0.854652
0.877614 -72.1379 0.854802
0.877764 -72.1235 0.854952
0.877914 -72.1091 0.854952
0.878064 -72.0947 0.855103
0.878214 -72.0804 0.855253
0.878364 -72.0661 0.855403
0.878514 -72.0517 0.855403
0.878664 -72.0374 0.855553
0.878814 -72.0231 0.855703
0.878964 -72.0088 0.855853
0.879115 -71.9945 0.855853
0.879265 -71.9802 0.856003
0.879415  -71.966 0.856153
0.879565 -71.9517 0.856153
0.879715 -71.9374 0.856303
0.879865 -71.9232 0.856453
0.880015  -71.909 0.856603
0.880165 -71.8948 0.856603
0.880315 -71.8805 0.856753
0.880465 -71.8664 0.856903
0.880615 -71.8522 0.856903
0.880765  -71.838 0.857054
0.880915 -71.8238 0.857204
0.881066 -71.8097 0.857354
0.881216 -71.7955 0.857354
0.881366 -71.7814 0.857504
0.881516 -71.7672 0.857654
0.881666 -71.7531 0.857804
0.881816  -71.739 0.857804
0.881966 -71.7249 0.857954
0.882116 -71.7108 0.858104
0.882266 -71.6968 0.858104
0.882416 -71.6827 0.858254
0.882566 -71.6686 0.858404
0.882716 -71.6546 0.858554
0.882866 -71.6406 0.858554
0.883017 -71.6265 0.858704
0.883167 -71.6125 0.858854
0.883317 -71.5985 0.859005
0.883467 -71.5845 0.859005
0.883617 -71.5705 0.859155
0.883767 -71.5565 0.859305
0.883917 -71.5426 0.859455
0.884067 -71.5286 0.859455
0.884217 -71.5147 0.859605
0.884367 -71.5007 0.859755
0.884517 -71.4868 0.859755
0.884667 -71.4729 0.859905
0.884817  -71.459 0.860055
0.884967 -71.4451 0.860205
0.885118 -71.4312 0.860205
0.885268 -71.4173 0.860355
0.885418 -71.4034 0.860505
0.885568 -71.3896 0.860655
0.885718 -71.3757 0.860655
0.885868 -71.3619 0.860805
0.886018  -71.348 0.860955
0.886168 -71.3342 0.860955
0.886318 -71.3204 0.861106
0.886468 -71.3066 0.861256
0.886618 -71.2928 0.861406
0.886768  -71.279 0.861406
0.886918 -71.2653 0.861556
0.887069 -71.2515 0.861706
0.887219 -71.2377 0.861856
0.887369  -71.224 0.861856
0.887519 -71.2102 0.862006
0.887669 -71.1965 0.862156
0.887819 -71.1828 0.862306
0.887969 -71.1691 0.862306
0.888119 -71.1554 0.862456
0.888269 -71.1417 0.862606
0.888419  -71.128 0.862756
0.888569 -71.1143 0.862756
0.888719 -71.1007 0.862906
0.888869  -71.087 0.863057
 0.88902 -71.0734 0.863207
 0.88917 -71.0597 0.863207
 0.88932 -71.0461 0.863357
 0.88947 -71.0325 0.863507
 0.88962 -71.0189 0.863657
 0.88977 -71.0053 0.863657
 0.88992 -70.9917 0.863807
 0.89007 -70.9781 0.863957
 0.89022 -70.9645 0.864107
 0.89037  -70.951 0.864107
 0.89052 -70.9374 0.864257
 0.89067 -70.9239 0.864407
 0.89082 -70.9104 0.864557
 0.89097 -70.8968 0.864557
0.891121 -70.8833 0.864707
0.891271 -70.8698 0.864857
0.891421 -70.8563 0.865008
0.891571 -70.8428 0.865008
0.891721 -70.8293 0.865158
0.891871 -70.8159 0.865308
0.892021 -70.8024 0.865308
0.892171 -70.7889 0.865458
0.892321 -70.7755 0.865608
0.892471 -70.7621 0.865758
0.892621 -70.7486 0.865758
0.892771 -70.7352 0.865908
0.892921 -70.7218 0.866058
0.893072 -70.7084 0.866208
0.893222  -70.695 0.866208
0.893372 -70.6816 0.866358
0.893522 -70.6682 0.866508
0.893672 -70.6549 0.866658
0.893822 -70.6415 0.866658
0.893972 -70.6282 0.866808
0.894122 -70.6148 0.866958
0.894272 -70.6015 0.867109
0.894422 -70.5882 0.867109
0.894572 -70.5749 0.867259
0.894722 -70.5616 0.867409
0.894872 -70.5483 0.867559
0.895023  -70.535 0.867559
0.895173 -70.5217 0.867709
0.895323 -70.5084 0.867859
0.895473 -70.4952 0.868009
0.895623 -70.4819 0.868009
0.895773 -70.4687 0.868159
0.895923 -70.4555 0.868309
0.896073 -70.4422 0.868459
0.896223  -70.429 0.868459
0.896373 -70.4158 0.868609
0.896523 -70.4026 0.868759
0.896673 -70.3894 0.868909
0.896823 -70.3762 0.868909
0.896973 -70.3631  0.86906
0.897124 -70.3499  0.86921
0.897274 -70.3367  0.86936
0.897424 -70.3236  0.86936
0.897574 -70.3105  0.86951
0.897724 -70.2973  0.86966
0.897874 -70.2842  0.86981
0.898024 -70.2711  0.86996
0.898174  -70.258  0.86996
0.898324 -70.2449  0.87011
0.898474 -70.2318  0.87026
0.898624 -70.2187  0.87041
0.898774 -70.2056  0.87041
0.898924 -70.1926  0.87056
0.899075 -70.1795  0.87071
0.899225 -70.1665  0.87086
0.899375 -70.1534  0.87086
0.899525 -70.1404 0.871011
0.899675 -70.1274 0.871161
0.899825 -70.1144 0.871311
0.899975 -70.1013 0.871461
0.900125 -70.0883 0.871611
0.900275 -70.0753 0.871611
0.900425 -70.0623 0.871761
0.900575 -70.0493 0.871911
0.900725 -70.0364 0.872061
0.900875 -70.0234 0.872211
0.901026 -70.0104 0.872361
0.901176 -69.9975 0.872511
0.901326 -69.9845 0.872511
0.901476 -69.9715 0.872661
0.901626 -69.9586 0.872811
0.901776 -69.9457 0.872961
0.901926 -69.9327 0.873112
0.902076 -69.9198 0.873262
0.902226 -69.9069 0.873412
0.902376  -69.894 0.873412
0.902526 -69.8811 0.873562
0.902676 -69.8682 0.873712
0.902826 -69.8553 0.873862
0.902976 -69.8424 0.874012
0.903127 -69.8295 0.874162
0.903277 -69.8166 0.874312
0.903427 -69.8037 0.874312
0.903577 -69.7909 0.874462
0.903727  -69.778 0.874612
0.903877 -69.7651 0.874762
0.904027 -69.7523 0.874912
0.904177 -69.7395 0.875063
0.904327 -69.7266 0.875213
0.904477 -69.7138 0.875213
0.904627  -69.701 0.875363
0.904777 -69.6881 0.875513
0.904927 -69.6753 0.875663
0.905078 -69.6625 0.875813
0.905228 -69.6497 0.875963
0.905378 -69.6369 0.875963
0.905528 -69.6241 0.876113
0.905678 -69.6113 0.876263
0.905828 -69.5986 0.876413
0.905978 -69.5858 0.876563
0.906128  -69.573 0.876713
0.906278 -69.5603 0.876863
0.906428 -69.5475 0.877014
0.906578 -69.5348 0.877014
0.906728  -69.522 0.877164
0.906878 -69.5093 0.877314
0.907029 -69.4965 0.877464
0.907179 -69.4838 0.877614
0.907329 -69.4711 0.877764
0.907479 -69.4584 0.877914
0.907629 -69.4457 0.877914
0.907779  -69.433 0.878064
0.907929 -69.4203 0.878214
0.908079 -69.4076 0.878364
0.908229 -69.3949 0.878514
0.908379 -69.3822 0.878664
0.908529 -69.3695 0.878814
0.908679 -69.3569 0.878814
0.908829 -69.3442 0.878964
0.908979 -69.3315 0.879115
 0.90913 -69.3189 0.879265
 0.90928 -69.3062 0.879415
 0.90943 -69.2936 0.879565
 0.90958  -69.281 0.879715
 0.90973 -69.2683 0.879715
 0.90988 -69.2557 0.879865
 0.91003 -69.2431 0.880015
 0.91018 -69.2305 0.880165
 0.91033 -69.2179 0.880315
 0.91048 -69.2053 0.880465
 0.91063 -69.1927 0.880615
 0.91078 -69.1801 0.880765
 0.91093 -69.1675 0.880765
0.911081 -69.1549 0.880915
0.911231 -69.1424 0.881066
0.911381 -69.1298 0.881216
0.911531 -69.1172 0.881366
0.911681 -69.1047 0.881516
0.911831 -69.0921 0.881666
0.911981 -69.0796 0.881816
0.912131  -69.067 0.881816
0.912281 -69.0545 0.881966
0.912431 -69.0419 0.882116
0.912581 -69.0294 0.882266
0.912731 -69.0169 0.882416
0.912881 -69.0044 0.882566
0.913032 -68.9919 0.882716
0.913182 -68.9794 0.882866
0.913332 -68.9669 0.882866
0.913482 -68.9544 0.883017
0.913632 -68.9419 0.883167
0.913782 -68.9294 0.883317
0.913932 -68.9169 0.883467
0.914082 -68.9044 0.883617
0.914232  -68.892 0.883767
0.914382 -68.8795 0.883917
0.914532  -68.867 0.884067
0.914682 -68.8546 0.884067
0.914832 -68.8421 0.884217
0.914982 -68.8297 0.884367
0.915133 -68.8173 0.884517
0.915283 -68.8048 0.884667
0.915433 -68.7924 0.884817
0.915583   -68.78 0.884967
0.915733 -68.7676 0.885118
0.915883 -68.7552 0.885118
0.916033 -68.7427 0.885268
0.916183 -68.7303 0.885418
0.916333 -68.7179 0.885568
0.916483 -68.7056 0.885718
0.916633 -68.6932 0.885868
0.916783 -68.6808 0.886018
0.916933 -68.6684 0.886168
0.917084  -68.656 0.886168
0.917234 -68.6437 0.886318
0.917384 -68.6313 0.886468
0.917534  -68.619 0.886618
0.917684 -68.6066 0.886768
0.917834 -68.5943 0.886918
0.917984 -68.5819 0.887069
0.918134 -68.5696 0.887219
0.918284 -68.5573 0.887219
0.918434 -68.5449 0.887369
0.918584 -68.5326 0.887519
0.918734 -68.5203 0.887669
0.918884  -68.508 0.887819
0.919035 -68.4957 0.887969
0.919185 -68.4834 0.888119
0.919335 -68.4711 0.888269
0.919485 -68.4588 0.888419
0.919635 -68.4465 0.888419
0.919785 -68.4342 0.888569
0.919935  -68.422 0.888719
0.920085 -68.4097 0.888869
0.920235 -68.3974  0.88902
0.920385 -68.3852  0.88917
0.920535 -68.3729  0.88932
0.920685 -68.3607  0.88947
0.920835 -68.3484  0.88947
0.920985 -68.3362  0.88962
0.921136  -68.324  0.88977
0.921286 -68.3117  0.88992
0.921436 -68.2995  0.89007
0.921586 -68.2873  0.89022
0.921736 -68.2751  0.89037
0.921886 -68.2629  0.89052
0.922036 -68.2506  0.89067
0.922186 -68.2385  0.89067
0.922336 -68.2263  0.89082
0.922486 -68.2141  0.89097
0.922636 -68.2019 0.891121
0.922786 -68.1897 0.891271
0.922936 -68.1775 0.891421
0.923087 -68.1654 0.891571
0.923237 -68.1532 0.891721
0.923387  -68.141 0.891871
0.923537 -68.1289 0.891871
0.923687 -68.1167 0.892021
0.923837 -68.1046 0.892171
0.923987 -68.0924 0.892321
0.924137 -68.0803 0.892471
0.924287 -68.0682 0.892621
0.924437  -68.056 0.892771
0.924587 -68.0439 0.892921
0.924737 -68.0318 0.893072
0.924887 -68.0197 0.893072
0.925038 -68.0076 0.893222
0.925188 -67.9955 0.893372
0.925338 -67.9834 0.893522
0.925488 -67.9713 0.893672
0.925638 -67.9592 0.893822
0.925788 -67.9471 0.893972
0.925938  -67.935 0.894122
0.926088  -67.923 0.894272
0.926238 -67.9109 0.894272
0.926388 -67.8988 0.894422
0.926538 -67.8868 0.894572
0.926688 -67.8747 0.894722
0.926838 -67.8627 0.894872
0.926988 -67.8506 0.895023
0.927139 -67.8386 0.895173
0.927289 -67.8265 0.895323
0.927439 -67.8145 0.895473
0.927589 -67.8025 0.895473
0.927739 -67.7905 0.895623
0.927889 -67.7784 0.895773
0.928039 -67.7664 0.895923
0.928189 -67.7544 0.896073
0.928339 -67.7424 0.896223
0.928489 -67.7304 0.896373
0.928639 -67.7184 0.896523
0.928789 -67.7064 0.896673
0.928939 -67.6945 0.896673
 0.92909 -67.6825 0.896823
 0.92924 -67.6705 0.896973
 0.92939 -67.6585 0.897124
 0.92954 -67.6466 0.897274
 0.92969 -67.6346 0.897424
 0.92984 -67.6226 0.897574
 0.92999 -67.6107 0.897724
 0.93014 -67.5988 0.897874
 0.93029 -67.5868 0.897874
 0.93044 -67.5749 0.898024
 0.93059 -67.5629 0.898174
 0.93074  -67.551 0.898324
 0.93089 -67.5391 0.898474
0.931041 -67.5272 0.898624
0.931191 -67.5153 0.898774
0.931341 -67.5033 0.898924
0.931491 -67.4914 0.899075
0.931641 -67.4795 0.899075
0.931791 -67.4676 0.899225
0.931941 -67.4557 0.899375
0.932091 -67.4439 0.899525
0.932241  -67.432 0.899675
0.932391 -67.4201 0.899825
0.932541 -67.4082 0.899975
0.932691 -67.3964 0.900125
0.932841 -67.3845 0.900275
0.932991 -67.3726 0.900425
0.933142 -67.3608 0.900575
0.933292 -67.3489 0.900575
0.933442 -67.3371 0.900725
0.933592 -67.3252 0.900875
0.933742 -67.3134 0.901026
0.933892 -67.3015 0.901176
0.934042 -67.2897 0.901326
0.934192 -67.2779 0.901476
0.934342 -67.2661 0.901626
0.934492 -67.2542 0.901776
0.934642 -67.2424 0.901926
0.934792 -67.2306 0.902076
0.934942 -67.2188 0.902076
0.935093  -67.207 0.902226
0.935243 -67.1952 0.902376
0.935393 -67.1834 0.902526
0.935543 -67.1716 0.902676
0.935693 -67.1598 0.902826
0.935843 -67.1481 0.902976
0.935993 -67.1363 0.903127
0.936143 -67.1245 0.903277
0.936293 -67.1127 0.903427
0.936443  -67.101 0.903577
0.936593 -67.0892 0.903577
0.936743 -67.0775 0.903727
0.936893 -67.0657 0.903877
0.937044  -67.054 0.904027
0.937194 -67.0422 0.904177
0.937344 -67.0305 0.904327
0.937494 -67.0187 0.904477
0.937644  -67.007 0.904627
0.937794 -66.9953 0.904777
0.937944 -66.9836 0.904927
0.938094 -66.9718 0.905078
0.938244 -66.9601 0.905078
0.938394 -66.9484 0.905228
0.938544 -66.9367 0.905378
0.938694  -66.925 0.905528
0.938844 -66.9133 0.905678
0.938994 -66.9016 0.905828
0.939145 -66.8899 0.905978
0.939295 -66.8782 0.906128
0.939445 -66.8666 0.906278
0.939595 -66.8549 0.906428
0.939745 -66.8432 0.906578
0.939895 -66.8315 0.906728
0.940045 -66.8199 0.906728
0.940195 -66.8082 0.906878
0.940345 -66.7965 0.907029
0.940495 -66.7849 0.907179
0.940645 -66.7732 0.907329
0.940795 -66.7616 0.907479
0.940945   -66.75 0.907629
0.941096 -66.7383 0.907779
0.941246 -66.7267 0.907929
0.941396 -66.7151 0.908079
0.941546 -66.7034 0.908229
0.941696 -66.6918 0.908229
0.941846 -66.6802 0.908379
0.941996 -66.6686 0.908529
0.942146  -66.657 0.908679
0.942296 -66.6454 0.908829
0.942446 -66.6338 0.908979
0.942596 -66.6222  0.90913
0.942746 -66.6106  0.90928
0.942896  -66.599  0.90943
0.943047 -66.5874  0.90958
0.943197 -66.5758  0.90973
0.943347 -66.5642  0.90988
0.943497 -66.5527  0.90988
0.943647 -66.5411  0.91003
0.943797 -66.5295  0.91018
0.943947  -66.518  0.91033
0.944097 -66.5064  0.91048
0.944247 -66.4949  0.91063
0.944397 -66.4833  0.91078
0.944547 -66.4718  0.91093
0.944697 -66.4602 0.911081
0.944847 -66.4487 0.911231
0.944997 -66.4372 0.911381
0.945148 -66.4256 0.911531
0.945298 -66.4141 0.911531
0.945448 -66.4026 0.911681
0.945598 -66.3911 0.911831
0.945748 -66.3796 0.911981
0.945898  -66.368 0.912131
0.946048 -66.3565 0.912281
0.946198  -66.345 0.912431
0.946348 -66.3335 0.912581
0.946498  -66.322 0.912731
0.946648 -66.3106 0.912881
0.946798 -66.2991 0.913032
0.946948 -66.2876 0.913182
0.947099 -66.2761 0.913182
0.947249 -66.2646 0.913332
0.947399 -66.2532 0.913482
0.947549 -66.2417 0.913632
0.947699 -66.2302 0.913782
0.947849 -66.2188 0.913932
0.947999 -66.2073 0.914082
0.948149 -66.1959 0.914232
0.948299 -66.1844 0.914382
0.948449  -66.173 0.914532
0.948599 -66.1615 0.914682
0.948749 -66.1501 0.914832
0.948899 -66.1387 0.914832
 0.94905 -66.1272 0.914982
  0.9492 -66.1158 0.915133
 0.94935 -66.1044 0.915283
  0.9495  -66.093 0.915433
 0.94965 -66.0815 0.915583
  0.9498 -66.0701 0.915733
 0.94995 -66.0587 0.915883
  0.9501 -66.0473 0.916033
 0.95025 -66.0359 0.916183
  0.9504 -66.0245 0.916333
 0.95055 -66.0131 0.916483
  0.9507 -66.0018 0.916633
 0.95085 -65.9904 0.916633
0.951001  -65.979 0.916783
0.951151 -65.9676 0.916933
0.951301 -65.9562 0.917084
0.951451 -65.9449 0.917234
0.951601 -65.9335 0.917384
0.951751 -65.9221 0.917534
0.951901 -65.9108 0.917684
0.952051 -65.8994 0.917834
0.952201 -65.8881 0.917984
0.952351 -65.8767 0.918134
0.952501 -65.8654 0.918284
0.952651 -65.8541 0.918434
0.952801 -65.8427 0.918434
0.952951 -65.8314 0.918584
0.953102 -65.8201 0.918734
0.953252 -65.8087 0.918884
0.953402 -65.7974 0.919035
0.953552 -65.7861 0.919185
0.953702 -65.7748 0.919335
0.953852 -65.7635 0.919485
0.954002 -65.7522 0.919635
0.954152 -65.7409 0.919785
0.954302 -65.7296 0.919935
0.954452 -65.7183 0.920085
0.954602  -65.707 0.920085
0.954752 -65.6957 0.920235
0.954902 -65.6844 0.920385
0.955053 -65.6731 0.920535
0.955203 -65.6619 0.920685
0.955353 -65.6506 0.920835
0.955503 -65.6393 0.920985
0.955653 -65.6281 0.921136
0.955803 -65.6168 0.921286
0.955953 -65.6055 0.921436
0.956103 -65.5943 0.921586
0.956253  -65.583 0.921736
0.956403 -65.5718 0.921886
0.956553 -65.5606 0.921886
0.956703 -65.5493 0.922036
0.956853 -65.5381 0.922186
0.957004 -65.5268 0.922336
0.957154 -65.5156 0.922486
0.957304 -65.5044 0.922636
0.957454 -65.4932 0.922786
0.957604  -65.482 0.922936
0.957754 -65.4707 0.923087
0.957904 -65.4595 0.923237
0.958054 -65.4483 0.923387
0.958204 -65.4371 0.923537
0.958354 -65.4259 0.923687
0.958504 -65.4147 0.923687
0.958654 -65.4035 0.923837
0.958804 -65.3923 0.923987
0.958954 -65.3812 0.924137
0.959105   -65.37 0.924287
0.959255 -65.3588 0.924437
0.959405 -65.3476 0.924587
0.959555 -65.3365 0.924737
0.959705 -65.3253 0.924887
0.959855 -65.3141 0.925038
0.960005  -65.303 0.925188
0.960155 -65.2918 0.925338
0.960305 -65.2807 0.925488
0.960455 -65.2695 0.925488
0.960605 -65.2584 0.925638
0.960755 -65.2472 0.925788
0.960905 -65.2361 0.925938
0.961056  -65.225 0.926088
0.961206 -65.2138 0.926238
0.961356 -65.2027 0.926388
0.961506 -65.1916 0.926538
0.961656 -65.1805 0.926688
0.961806 -65.1693 0.926838
0.961956 -65.1582 0.926988
0.962106 -65.1471 0.927139
0.962256  -65.136 0.927289
0.962406 -65.1249 0.927439
0.962556 -65.1138 0.927439
0.962706 -65.1027 0.927589
0.962856 -65.0916 0.927739
0.963007 -65.0805 0.927889
0.963157 -65.0695 0.928039
0.963307 -65.0584 0.928189
0.963457 -65.0473 0.928339
0.963607 -65.0362 0.928489
0.963757 -65.0252 0.928639
0.963907 -65.0141 0.928789
0.964057  -65.003 0.928939
0.964207  -64.992  0.92909
0.964357 -64.9809  0.92924
0.964507 -64.9699  0.92924
0.964657 -64.9588  0.92939
0.964807 -64.9478  0.92954
0.964957 -64.9367  0.92969
0.965108 -64.9257  0.92984
0.965258 -64.9147  0.92999
0.965408 -64.9036  0.93014
0.965558 -64.8926  0.93029
0.965708 -64.8816  0.93044
0.965858 -64.8706  0.93059
0.966008 -64.8595  0.93074
0.966158 -64.8485  0.93089
0.966308 -64.8375 0.931041
0.966458 -64.8265 0.931191
0.966608 -64.8155 0.931191
0.966758 -64.8045 0.931341
0.966908 -64.7935 0.931491
0.967059 -64.7825 0.931641
0.967209 -64.7715 0.931791
0.967359 -64.7605 0.931941
0.967509 -64.7496 0.932091
0.967659 -64.7386 0.932241
0.967809 -64.7276 0.932391
0.967959 -64.7166 0.932541
0.968109 -64.7057 0.932691
0.968259 -64.6947 0.932841
0.968409 -64.6837 0.932991
0.968559 -64.6728 0.933142
0.968709 -64.6618 0.933142
0.968859 -64.6509 0.933292
 0.96901 -64.6399 0.933442
 0.96916  -64.629 0.933592
 0.96931  -64.618 0.933742
 0.96946 -64.6071 0.933892
 0.96961 -64.5962 0.934042
 0.96976 -64.5852 0.934192
 0.96991 -64.5743 0.934342
 0.97006 -64.5634 0.934492
 0.97021 -64.5525 0.934642
 0.97036 -64.5415 0.934792
 0.97051 -64.5306 0.934942
 0.97066 -64.5197 0.935093
 0.97081 -64.5088 0.935093
 0.97096 -64.4979 0.935243
0.971111  -64.487 0.935393
0.971261 -64.4761 0.935543
0.971411 -64.4652 0.935693
0.971561 -64.4543 0.935843
0.971711 -64.4434 0.935993
0.971861 -64.4325 0.936143
0.972011 -64.4217 0.936293
0.972161 -64.4108 0.936443
0.972311 -64.3999 0.936593
0.972461  -64.389 0.936743
0.972611 -64.3782 0.936893
0.972761 -64.3673 0.937044
0.972911 -64.3564 0.937044
0.973062 -64.3456 0.937194
0.973212 -64.3347 0.937344
0.973362 -64.3239 0.937494
0.973512  -64.313 0.937644
0.973662 -64.3022 0.937794
0.973812 -64.2914 0.937944
0.973962 -64.2805 0.938094
0.974112 -64.2697 0.938244
0.974262 -64.2589 0.938394
0.974412  -64.248 0.938544
0.974562 -64.2372 0.938694
0.974712 -64.2264 0.938844
0.974862 -64.2156 0.938994
0.975013 -64.2048 0.939145
0.975163 -64.1939 0.939145
0.975313 -64.1831 0.939295
0.975463 -64.1723 0.939445
0.975613 -64.1615 0.939595
0.975763 -64.1507 0.939745
0.975913 -64.1399 0.939895
0.976063 -64.1291 0.940045
0.976213 -64.1184 0.940195
0.976363 -64.1076 0.940345
0.976513 -64.0968 0.940495
0.976663  -64.086 0.940645
0.976813 -64.0752 0.940795
0.976963 -64.0645 0.940945
0.977114 -64.0537 0.941096
0.977264 -64.0429 0.941096
0.977414 -64.0322 0.941246
0.977564 -64.0214 0.941396
0.977714 -64.0107 0.941546
0.977864 -63.9999 0.941696
0.978014 -63.9892 0.941846
0.978164 -63.9784 0.941996
0.978314 -63.9677 0.942146
0.978464 -63.9569 0.942296
0.978614 -63.9462 0.942446
0.978764 -63.9355 0.942596
0.978914 -63.9247 0.942746
0.979065  -63.914 0.942896
0.979215 -63.9033 0.943047
0.979365 -63.8926 0.943197
0.979515 -63.8819 0.943197
0.979665 -63.8711 0.943347
0.979815 -63.8604 0.943497
0.979965 -63.8497 0.943647
0.980115  -63.839 0.943797
0.980265 -63.8283 0.943947
0.980415 -63.8176 0.944097
0.980565 -63.8069 0.944247
0.980715 -63.7963 0.944397
0.980865 -63.7856 0.944547
0.981016 -63.7749 0.944697
0.981166 -63.7642 0.944847
0.981316 -63.7535 0.944997
0.981466 -63.7429 0.945148
0.981616 -63.7322 0.945298
0.981766 -63.7215 0.945298
0.981916 -63.7109 0.945448
0.982066 -63.7002 0.945598
0.982216 -63.6895 0.945748
0.982366 -63.6789 0.945898
0.982516 -63.6682 0.946048
0.982666 -63.6576 0.946198
0.982816 -63.6469 0.946348
0.982966 -63.6363 0.946498
0.983117 -63.6257 0.946648
0.983267  -63.615 0.946798
0.983417 -63.6044 0.946948
0.983567 -63.5938 0.947099
0.983717 -63.5831 0.947249
0.983867 -63.5725 0.947399
0.984017 -63.5619 0.947399
0.984167 -63.5513 0.947549
0.984317 -63.5407 0.947699
0.984467 -63.5301 0.947849
0.984617 -63.5195 0.947999
0.984767 -63.5089 0.948149
0.984917 -63.4983 0.948299
0.985068 -63.4877 0.948449
0.985218 -63.4771 0.948599
0.985368 -63.4665 0.948749
0.985518 -63.4559 0.948899
0.985668 -63.4453  0.94905
0.985818 -63.4347   0.9492
0.985968 -63.4241  0.94935
0.986118 -63.4136   0.9495
0.986268  -63.403   0.9495
0.986418 -63.3924  0.94965
0.986568 -63.3819   0.9498
0.986718 -63.3713  0.94995
0.986868 -63.3607   0.9501
0.987019 -63.3502  0.95025
0.987169 -63.3396   0.9504
0.987319 -63.3291  0.95055
0.987469 -63.3185   0.9507
0.987619  -63.308  0.95085
0.987769 -63.2975 0.951001
0.987919 -63.2869 0.951151
0.988069 -63.2764 0.951301
0.988219 -63.2659 0.951451
0.988369 -63.2553 0.951601
0.988519 -63.2448 0.951601
0.988669 -63.2343 0.951751
0.988819 -63.2238 0.951901
0.988969 -63.2132 0.952051
 0.98912 -63.2027 0.952201
 0.98927 -63.1922 0.952351
 0.98942 -63.1817 0.952501
 0.98957 -63.1712 0.952651
 0.98972 -63.1607 0.952801
 0.98987 -63.1502 0.952951
 0.99002 -63.1397 0.953102
 0.99017 -63.1292 0.953252
 0.99032 -63.1187 0.953402
 0.99047 -63.1083 0.953552
 0.99062 -63.0978 0.953702
 0.99077 -63.0873 0.953702
 0.99092 -63.0768 0.953852
0.991071 -63.0664 0.954002
0.991221 -63.0559 0.954152
0.991371 -63.0454 0.954302
0.991521  -63.035 0.954452
0.991671 -63.0245 0.954602
0.991821  -63.014 0.954752
0.991971 -63.0036 0.954902
0.992121 -62.9931 0.955053
0.992271 -62.9827 0.955203
0.992421 -62.9723 0.955353
0.992571 -62.9618 0.955503
0.992721 -62.9514 0.955653
0.992871 -62.9409 0.955803
0.993022 -62.9305 0.955953
0.993172 -62.9201 0.955953
0.993322 -62.9097 0.956103
0.993472 -62.8992 0.956253
0.993622 -62.8888 0.956403
0.993772 -62.8784 0.956553
0.993922  -62.868 0.956703
0.994072 -62.8576 0.956853
0.994222 -62.8472 0.957004
0.994372 -62.8368 0.957154
0.994522 -62.8264 0.957304
0.994672  -62.816 0.957454
0.994822 -62.8056 0.957604
0.994972 -62.7952 0.957754
0.995123 -62.7848 0.957904
0.995273 -62.7744 0.958054
0.995423  -62.764 0.958054
0.995573 -62.7536 0.958204
0.995723 -62.7433 0.958354
0.995873 -62.7329 0.958504
0.996023 -62.7225 0.958654
0.996173 -62.7122 0.958804
0.996323 -62.7018 0.958954
0.996473 -62.6914 0.959105
0.996623 -62.6811 0.959255
0.996773 -62.6707 0.959405
0.996923 -62.6604 0.959555
0.997074   -62.65 0.959705
0.997224 -62.6397 0.959855
0.997374 -62.6293 0.960005
0.997524  -62.619 0.960155
0.997674 -62.6087 0.960305
0.997824 -62.5983 0.960305
0.997974  -62.588 0.960455
0.998124 -62.5777 0.960605
0.998274 -62.5673 0.960755
0.998424  -62.557 0.960905
0.998574 -62.5467 0.961056
0.998724 -62.5364 0.961206
0.998874 -62.5261 0.961356
0.999025 -62.5158 0.961506
0.999175 -62.5055 0.961656
0.999325 -62.4952 0.961806
0.999475 -62.4849 0.961956
0.999625 -62.4746 0.962106
0.999775 -62.4643 0.962256
0.999925  -62.454 0.962406
 1.00008 -62.4437 0.962406
 1.00023 -62.4334 0.962556
 1.00038 -62.4231 0.962706
 1.00053 -62.4128 0.962856
 1.00068 -62.4026 0.963007
 1.00083 -62.3923 0.963157
 1.00098  -62.382 0.963307
 1.00113 -62.3717 0.963457
 1.00128 -62.3615 0.963607
 1.00143 -62.3512 0.963757
 1.00158  -62.341 0.963907
 1.00173 -62.3307 0.964057
 1.00188 -62.3204 0.964207
 1.00203 -62.3102 0.964357
 1.00218 -62.2999 0.964507
 1.00233 -62.2897 0.964657
 1.00248 -62.2795 0.964657
 1.00263 -62.2692 0.964807
 1.00278  -62.259 0.964957
 1.00293 -62.2488 0.965108
 1.00308 -62.2385 0.965258
 1.00323 -62.2283 0.965408
 1.00338 -62.2181 0.965558
 1.00353 -62.2079 0.965708
 1.00368 -62.1976 0.965858
 1.00383 -62.1874 0.966008
 1.00398 -62.1772 0.966158
 1.00413  -62.167 0.966308
 1.00428 -62.1568 0.966458
 1.00443 -62.1466 0.966608
 1.00458 -62.1364 0.966758
 1.00473 -62.1262 0.966908
 1.00488  -62.116 0.966908
 1.00503 -62.1058 0.967059
 1.00518 -62.0956 0.967209
 1.00533 -62.0854 0.967359
 1.00548 -62.0753 0.967509
 1.00563 -62.0651 0.967659
 1.00578 -62.0549 0.967809
 1.00593 -62.0447 0.967959
 1.00608 -62.0346 0.968109
 1.00623 -62.0244 0.968259
 1.00638 -62.0142 0.968409
 1.00653 -62.0041 0.968559
 1.00668 -61.9939 0.968709
 1.00683 -61.9838 0.968859
 1.00698 -61.9736  0.96901
 1.00713 -61.9635  0.96916
 1.00728 -61.9533  0.96916
 1.00743 -61.9432  0.96931
 1.00758  -61.933  0.96946
 1.00773 -61.9229  0.96961
 1.00788 -61.9128  0.96976
 1.00803 -61.9026  0.96991
 1.00818 -61.8925  0.97006
 1.00833 -61.8824  0.97021
 1.00848 -61.8722  0.97036
 1.00863 -61.8621  0.97051
 1.00878  -61.852  0.97066
 1.00893 -61.8419  0.97081
 1.00908 -61.8318  0.97096
 1.00923 -61.8217 0.971111
 1.00938 -61.8116 0.971261
 1.00953 -61.8015 0.971411
 1.00968 -61.7914 0.971411
 1.00983 -61.7813 0.971561
 1.00998 -61.7712 0.971711
 1.01013 -61.7611 0.971861
 1.01028  -61.751 0.972011
 1.01043 -61.7409 0.972161
 1.01058 -61.7308 0.972311
 1.01073 -61.7207 0.972461
 1.01088 -61.7107 0.972611
 1.01103 -61.7006 0.972761
 1.01118 -61.6905 0.972911
 1.01133 -61.6804 0.973062
 1.01148 -61.6704 0.973212
 1.01163 -61.6603 0.973362
 1.01178 -61.6503 0.973512
 1.01193 -61.6402 0.973662
 1.01208 -61.6301 0.973662
 1.01223 -61.6201 0.973812
 1.01238   -61.61 0.973962
 1.01253    -61.6 0.974112
 1.01268   -61.59 0.974262
 1.01283 -61.5799 0.974412
 1.01298 -61.5699 0.974562
 1.01313 -61.5598 0.974712
 1.01328 -61.5498 0.974862
 1.01343 -61.5398 0.975013
 1.01358 -61.5298 0.975163
 1.01373 -61.5197 0.975313
 1.01388 -61.5097 0.975463
 1.01403 -61.4997 0.975613
 1.01418 -61.4897 0.975763
 1.01433 -61.4797 0.975913
 1.01448 -61.4697 0.975913
 1.01463 -61.4597 0.976063
 1.01478 -61.4497 0.976213
 1.01493 -61.4397 0.976363
 1.01508 -61.4297 0.976513
 1.01523 -61.4197 0.976663
 1.01538 -61.4097 0.976813
 1.01553 -61.3997 0.976963
 1.01568 -61.3897 0.977114
 1.01583 -61.3797 0.977264
 1.01598 -61.3697 0.977414
 1.01613 -61.3598 0.977564
 1.01628 -61.3498 0.977714
 1.01643 -61.3398 0.977864
 1.01658 -61.3298 0.978014
 1.01673 -61.3199 0.978164
 1.01688 -61.3099 0.978164
 1.01703    -61.3 0.978314
 1.01718   -61.29 0.978464
 1.01733   -61.28 0.978614
 1.01748 -61.2701 0.978764
 1.01763 -61.2601 0.978914
 1.01778 -61.2502 0.979065
 1.01793 -61.2403 0.979215
 1.01808 -61.2303 0.979365
 1.01823 -61.2204 0.979515
 1.01838 -61.2104 0.979665
 1.01853 -61.2005 0.979815
 1.01868 -61.1906 0.979965
 1.01883 -61.1807 0.980115
 1.01898 -61.1707 0.980265
 1.01913 -61.1608 0.980415
 1.01928 -61.1509 0.980415
 1.01943  -61.141 0.980565
 1.01958 -61.1311 0.980715
 1.01973 -61.1212 0.980865
 1.01988 -61.1112 0.981016
 1.02004 -61.1013 0.981166
 1.02019 -61.0914 0.981316
 1.02034 -61.0815 0.981466
 1.02049 -61.0716 0.981616
 1.02064 -61.0617 0.981766
 1.02079 -61.0519 0.981916
 1.02094  -61.042 0.982066
 1.02109 -61.0321 0.982216
 1.02124 -61.0222 0.982366
 1.02139 -61.0123 0.982516
 1.02154 -61.0025 0.982666
 1.02169 -60.9926 0.982666
 1.02184 -60.9827 0.982816
 1.02199 -60.9728 0.982966
 1.02214  -60.963 0.983117
 1.02229 -60.9531 0.983267
 1.02244 -60.9433 0.983417
 1.02259 -60.9334 0.983567
 1.02274 -60.9235 0.983717
 1.02289 -60.9137 0.983867
 1.02304 -60.9038 0.984017
 1.02319  -60.894 0.984167
 1.02334 -60.8842 0.984317
 1.02349 -60.8743 0.984467
 1.02364 -60.8645 0.984617
 1.02379 -60.8546 0.984767
 1.02394 -60.8448 0.984917
 1.02409  -60.835 0.985068
 1.02424 -60.8252 0.985068
 1.02439 -60.8153 0.985218
 1.02454 -60.8055 0.985368
 1.02469 -60.7957 0.985518
 1.02484 -60.7859 0.985668
 1.02499 -60.7761 0.985818
 1.02514 -60.7663 0.985968
 1.02529 -60.7564 0.986118
 1.02544 -60.7466 0.986268
 1.02559 -60.7368 0.986418
 1.02574  -60.727 0.986568
 1.02589 -60.7172 0.986718
 1.02604 -60.7075 0.986868
 1.02619 -60.6977 0.987019
 1.02634 -60.6879 0.987169
 1.02649 -60.6781 0.987319
 1.02664 -60.6683 0.987319
 1.02679 -60.6585 0.987469
 1.02694 -60.6488 0.987619
 1.02709  -60.639 0.987769
 1.02724 -60.6292 0.987919
 1.02739 -60.6194 0.988069
 1.02754 -60.6097 0.988219
 1.02769 -60.5999 0.988369
 1.02784 -60.5901 0.988519
 1.02799 -60.5804 0.988669
 1.02814 -60.5706 0.988819
 1.02829 -60.5609 0.988969
 1.02844 -60.5511  0.98912
 1.02859 -60.5414  0.98927
 1.02874 -60.5316  0.98942
 1.02889 -60.5219  0.98957
 1.02904 -60.5122  0.98972
 1.02919 -60.5024  0.98972
 1.02934 -60.4927  0.98987
 1.02949  -60.483  0.99002
 1.02964 -60.4732  0.99017
 1.02979 -60.4635  0.99032
 1.02994 -60.4538  0.99047
 1.03009 -60.4441  0.99062
 1.03024 -60.4344  0.99077
 1.03039 -60.4246  0.99092
 1.03054 -60.4149 0.991071
 1.03069 -60.4052 0.991221
 1.03084 -60.3955 0.991371
 1.03099 -60.3858 0.991521
 1.03114 -60.3761 0.991671
 1.03129 -60.3664 0.991821
 1.03144 -60.3567 0.991971
 1.03159  -60.347 0.991971
 1.03174 -60.3373 0.992121
 1.03189 -60.3276 0.992271
 1.03204  -60.318 0.992421
 1.03219 -60.3083 0.992571
 1.03234 -60.2986 0.992721
 1.03249 -60.2889 0.992871
 1.03264 -60.2792 0.993022
 1.03279 -60.2696 0.993172
 1.03294 -60.2599 0.993322
 1.03309 -60.2502 0.993472
 1.03324 -60.2406 0.993622
 1.03339 -60.2309 0.993772
 1.03354 -60.2213 0.993922
 1.03369 -60.2116 0.994072
 1.03384  -60.202 0.994222
 1.03399 -60.1923 0.994222
 1.03414 -60.1827 0.994372
 1.03429  -60.173 0.994522
 1.03444 -60.1634 0.994672
 1.03459 -60.1537 0.994822
 1.03474 -60.1441 0.994972
 1.03489 -60.1345 0.995123
 1.03504 -60.1248 0.995273
 1.03519 -60.1152 0.995423
 1.03534 -60.1056 0.995573
 1.03549  -60.096 0.995723
 1.03564 -60.0863 0.995873
 1.03579 -60.0767 0.996023
 1.03594 -60.0671 0.996173
 1.03609 -60.0575 0.996323
 1.03624 -60.0479 0.996473
 1.03639 -60.0383 0.996623
 1.03654 -60.0287 0.996623
 1.03669 -60.0191 0.996773
 1.03684 -60.0095 0.996923
 1.03699 -59.9999 0.997074
 1.03714 -59.9903 0.997224
 1.03729 -59.9807 0.997374
 1.03744 -59.9711 0.997524
 1.03759 -59.9615 0.997674
 1.03774 -59.9519 0.997824
 1.03789 -59.9424 0.997974
 1.03804 -59.9328 0.998124
 1.03819 -59.9232 0.998274
 1.03834 -59.9136 0.998424
 1.03849 -59.9041 0.998574
 1.03864 -59.8945 0.998724
 1.03879 -59.8849 0.998874
 1.03894 -59.8754 0.998874
 1.03909 -59.8658 0.999025
 1.03924 -59.8563 0.999175
 1.03939 -59.8467 0.999325
 1.03954 -59.8372 0.999475
 1.03969 -59.8276 0.999625
 1.03984 -59.8181 0.999775
 1.03999 -59.8085 0.999925
 1.04015  -59.799  1.00008
  1.0403 -59.7894  1.00023
 1.04045 -59.7799  1.00038
  1.0406 -59.7704  1.00053
 1.04075 -59.7608  1.00068
  1.0409 -59.7513  1.00083
 1.04105 -59.7418  1.00098
  1.0412 -59.7323  1.00113
 1.04135 -59.7227  1.00128
  1.0415 -59.7132  1.00128
 1.04165 -59.7037  1.00143
  1.0418 -59.6942  1.00158
 1.04195 -59.6847  1.00173
  1.0421 -59.6752  1.00188
 1.04225 -59.6657  1.00203
  1.0424 -59.6562  1.00218
 1.04255 -59.6467  1.00233
  1.0427 -59.6372  1.00248
 1.04285 -59.6277  1.00263
   1.043 -59.6182  1.00278
 1.04315 -59.6087  1.00293
  1.0433 -59.5992  1.00308
 1.04345 -59.5898  1.00323
  1.0436 -59.5803  1.00338
 1.04375 -59.5708  1.00353
  1.0439 -59.5613  1.00353
 1.04405 -59.5518  1.00368
  1.0442 -59.5424  1.00383
 1.04435 -59.5329  1.00398
  1.0445 -59.5234  1.00413
 1.04465  -59.514  1.00428
  1.0448 -59.5045  1.00443
 1.04495 -59.4951  1.00458
  1.0451 -59.4856  1.00473
 1.04525 -59.4762  1.00488
  1.0454 -59.4667  1.00503
 1.04555 -59.4573  1.00518
  1.0457 -59.4478  1.00533
 1.04585 -59.4384  1.00548
   1.046 -59.4289  1.00563
 1.04615 -59.4195  1.00578
  1.0463 -59.4101  1.00593
 1.04645 -59.4006  1.00593
  1.0466 -59.3912  1.00608
 1.04675 -59.3818  1.00623
  1.0469 -59.3724  1.00638
 1.04705 -59.3629  1.00653
  1.0472 -59.3535  1.00668
 1.04735 -59.3441  1.00683
  1.0475 -59.3347  1.00698
 1.04765 -59.3253  1.00713
  1.0478 -59.3159  1.00728
 1.04795 -59.3065  1.00743
  1.0481 -59.2971  1.00758
 1.04825 -59.2877  1.00773
  1.0484 -59.2783  1.00788
 1.04855 -59.2689  1.00803
  1.0487 -59.2595  1.00818
 1.04885 -59.2501  1.00818
   1.049 -59.2407  1.00833
 1.04915 -59.2313  1.00848
  1.0493  -59.222  1.00863
 1.04945 -59.2126  1.00878
  1.0496 -59.2032  1.00893
 1.04975 -59.1938  1.00908
  1.0499 -59.1844  1.00923
 1.05005 -59.1751  1.00938
  1.0502 -59.1657  1.00953
 1.05035 -59.1563  1.00968
  1.0505  -59.147  1.00983
 1.05065 -59.1376  1.00998
  1.0508 -59.1283  1.01013
 1.05095 -59.1189  1.01028
  1.0511 -59.1096  1.01043
 1.05125 -59.1002  1.01058
  1.0514 -59.0909  1.01058
 1.05155 -59.0815  1.01073
  1.0517 -59.0722  1.01088
 1.05185 -59.0629  1.01103
   1.052 -59.0535  1.01118
 1.05215 -59.0442  1.01133
  1.0523 -59.0349  1.01148
 1.05245 -59.0255  1.01163
  1.0526 -59.0162  1.01178
 1.05275 -59.0069  1.01193
  1.0529 -58.9976  1.01208
 1.05305 -58.9882  1.01223
  1.0532 -58.9789  1.01238
 1.05335 -58.9696  1.01253
  1.0535 -58.9603  1.01268
 1.05365  -58.951  1.01283
  1.0538 -58.9417  1.01283
 1.05395 -58.9324  1.01298
  1.0541 -58.9231  1.01313
 1.05425 -58.9138  1.01328
  1.0544 -58.9045  1.01343
 1.05455 -58.8952  1.01358
  1.0547 -58.8859  1.01373
 1.05485 -58.8766  1.01388
   1.055 -58.8673  1.01403
 1.05515 -58.8581  1.01418
  1.0553 -58.8488  1.01433
 1.05545 -58.8395  1.01448
  1.0556 -58.8302  1.01463
 1.05575  -58.821  1.01478
  1.0559 -58.8117  1.01493
 1.05605 -58.8024  1.01508
  1.0562 -58.7932  1.01523
 1.05635 -58.7839  1.01523
  1.0565 -58.7746  1.01538
 1.05665 -58.7654  1.01553
  1.0568 -58.7561  1.01568
 1.05695 -58.7469  1.01583
  1.0571 -58.7376  1.01598
 1.05725 -58.7284  1.01613
  1.0574 -58.7191  1.01628
 1.05755 -58.7099  1.01643
  1.0577 -58.7006  1.01658
 1.05785 -58.6914  1.01673
   1.058 -58.6822  1.01688
 1.05815 -58.6729  1.01703
  1.0583 -58.6637  1.01718
 1.05845 -58.6545  1.01733
  1.0586 -58.6453  1.01748
 1.05875  -58.636  1.01748
  1.0589 -58.6268  1.01763
 1.05905 -58.6176  1.01778
  1.0592 -58.6084  1.01793
 1.05935 -58.5992  1.01808
  1.0595   -58.59  1.01823
 1.05965 -58.5808  1.01838
  1.0598 -58.5716  1.01853
 1.05995 -58.5624  1.01868
 1.06011 -58.5532  1.01883
 1.06026  -58.544  1.01898
 1.06041 -58.5348  1.01913
 1.06056 -58.5256  1.01928
 1.06071 -58.5164  1.01943
 1.06086 -58.5072  1.01958
 1.06101  -58.498  1.01973
 1.06116 -58.4888  1.01973
 1.06131 -58.4797  1.01988
 1.06146 -58.4705  1.02004
 1.06161 -58.4613  1.02019
 1.06176 -58.4521  1.02034
 1.06191  -58.443  1.02049
 1.06206 -58.4338  1.02064
 1.06221 -58.4246  1.02079
 1.06236 -58.4155  1.02094
 1.06251 -58.4063  1.02109
 1.06266 -58.3972  1.02124
 1.06281  -58.388  1.02139
 1.06296 -58.3789  1.02154
 1.06311 -58.3697  1.02169
 1.06326 -58.3606  1.02184
 1.06341 -58.3514  1.02199
 1.06356 -58.3423  1.02214
 1.06371 -58.3331  1.02214
 1.06386  -58.324  1.02229
 1.06401 -58.3149  1.02244
 1.06416 -58.3057  1.02259
 1.06431 -58.2966  1.02274
 1.06446 -58.2875  1.02289
 1.06461 -58.2784  1.02304
 1.06476 -58.2692  1.02319
 1.06491 -58.2601  1.02334
 1.06506  -58.251  1.02349
 1.06521 -58.2419  1.02364
 1.06536 -58.2328  1.02379
 1.06551 -58.2237  1.02394
 1.06566 -58.2146  1.02409
 1.06581 -58.2054  1.02424
 1.06596 -58.1963  1.02439
 1.06611 -58.1872  1.02439
 1.06626 -58.1782  1.02454
 1.06641 -58.1691  1.02469
 1.06656   -58.16  1.02484
 1.06671 -58.1509  1.02499
 1.06686 -58.1418  1.02514
 1.06701 -58.1327  1.02529
 1.06716 -58.1236  1.02544
 1.06731 -58.1145  1.02559
 1.06746 -58.1055  1.02574
 1.06761 -58.0964  1.02589
 1.06776 -58.0873  1.02604
 1.06791 -58.0782  1.02619
 1.06806 -58.0692  1.02634
 1.06821 -58.0601  1.02649
 1.06836 -58.0511  1.02664
 1.06851  -58.042  1.02664
 1.06866 -58.0329  1.02679
 1.06881 -58.0239  1.02694
 1.06896 -58.0148  1.02709
 1.06911 -58.0058  1.02724
 1.06926 -57.9967  1.02739
 1.06941 -57.9877  1.02754
 1.06956 -57.9786  1.02769
 1.06971 -57.9696  1.02784
 1.06986 -57.9606  1.02799
 1.07001 -57.9515  1.02814
 1.07016 -57.9425  1.02829
 1.07031 -57.9335  1.02844
 1.07046 -57.9244  1.02859
 1.07061 -57.9154  1.02874
 1.07076 -57.9064  1.02889
 1.07091 -57.8974  1.02904
 1.07106 -57.8883  1.02904
 1.07121 -57.8793  1.02919
 1.07136 -57.8703  1.02934
 1.07151 -57.8613  1.02949
 1.07166 -57.8523  1.02964
 1.07181 -57.8433  1.02979
 1.07196 -57.8343  1.02994
 1.07211 -57.8253  1.03009
 1.07226 -57.8163  1.03024
 1.07241 -57.8073  1.03039
 1.07256 -57.7983  1.03054
 1.07271 -57.7893  1.03069
 1.07286 -57.7803  1.03084
 1.07301 -57.7713  1.03099
 1.07316 -57.7623  1.03114
 1.07331 -57.7534  1.03129
 1.07346 -57.7444  1.03129
 1.07361 -57.7354  1.03144
 1.07376 -57.7264  1.03159
 1.07391 -57.7175  1.03174
 1.07406 -57.7085  1.03189
 1.07421 -57.6995  1.03204
 1.07436 -57.6906  1.03219
 1.07451 -57.6816  1.03234
 1.07466 -57.6726  1.03249
 1.07481 -57.6637  1.03264
 1.07496 -57.6547  1.03279
 1.07511 -57.6458  1.03294
 1.07526 -57.6368  1.03309
 1.07541 -57.6279  1.03324
 1.07556 -57.6189  1.03339
 1.07571   -57.61  1.03354
 1.07586  -57.601  1.03354
 1.07601 -57.5921  1.03369
 1.07616 -57.5832  1.03384
 1.07631 -57.5742  1.03399
 1.07646 -57.5653  1.03414
 1.07661 -57.5564  1.03429
 1.07676 -57.5474  1.03444
 1.07691 -57.5385  1.03459
 1.07706 -57.5296  1.03474
 1.07721 -57.5207  1.03489
 1.07736 -57.5118  1.03504
 1.07751 -57.5028  1.03519
 1.07766 -57.4939  1.03534
 1.07781  -57.485  1.03549
 1.07796 -57.4761  1.03564
 1.07811 -57.4672  1.03579
 1.07826 -57.4583  1.03579
 1.07841 -57.4494  1.03594
 1.07856 -57.4405  1.03609
 1.07871 -57.4316  1.03624
 1.07886 -57.4227  1.03639
 1.07901 -57.4138  1.03654
 1.07916 -57.4049  1.03669
 1.07931 -57.3961  1.03684
 1.07946 -57.3872  1.03699
 1.07961 -57.3783  1.03714
 1.07976 -57.3694  1.03729
 1.07991 -57.3605  1.03744
 1.08007 -57.3517  1.03759
 1.08022 -57.3428  1.03774
 1.08037 -57.3339  1.03789
 1.08052 -57.3251  1.03804
 1.08067 -57.3162  1.03804
 1.08082 -57.3073  1.03819
 1.08097 -57.2985  1.03834
 1.08112 -57.2896  1.03849
 1.08127 -57.2808  1.03864
 1.08142 -57.2719  1.03879
 1.08157 -57.2631  1.03894
 1.08172 -57.2542  1.03909
 1.08187 -57.2454  1.03924
 1.08202 -57.2365  1.03939
 1.08217 -57.2277  1.03954
 1.08232 -57.2189  1.03969
 1.08247   -57.21  1.03984
 1.08262 -57.2012  1.03999
 1.08277 -57.1924  1.04015
 1.08292 -57.1835   1.0403
 1.08307 -57.1747   1.0403
 1.08322 -57.1659  1.04045
 1.08337 -57.1571   1.0406
 1.08352 -57.1482  1.04075
 1.08367 -57.1394   1.0409
 1.08382 -57.1306  1.04105
 1.08397 -57.1218   1.0412
 1.08412  -57.113  1.04135
 1.08427 -57.1042   1.0415
 1.08442 -57.0954  1.04165
 1.08457 -57.0866   1.0418
 1.08472 -57.0778  1.04195
 1.08487  -57.069   1.0421
 1.08502 -57.0602  1.04225
 1.08517 -57.0514   1.0424
 1.08532 -57.0426  1.04255
 1.08547 -57.0338  1.04255
 1.08562  -57.025   1.0427
 1.08577 -57.0163  1.04285
 1.08592 -57.0075    1.043
 1.08607 -56.9987  1.04315
 1.08622 -56.9899   1.0433
 1.08637 -56.9811  1.04345
 1.08652 -56.9724   1.0436
 1.08667 -56.9636  1.04375
 1.08682 -56.9548   1.0439
 1.08697 -56.9461  1.04405
 1.08712 -56.9373   1.0442
 1.08727 -56.9286  1.04435
 1.08742 -56.9198   1.0445
 1.08757  -56.911  1.04465
 1.08772 -56.9023   1.0448
 1.08787 -56.8935   1.0448
 1.08802 -56.8848  1.04495
 1.08817 -56.8761   1.0451
 1.08832 -56.8673  1.04525
 1.08847 -56.8586   1.0454
 1.08862 -56.8498  1.04555
 1.08877 -56.8411   1.0457
 1.08892 -56.8324  1.04585
 1.08907 -56.8236    1.046
 1.08922 -56.8149  1.04615
 1.08937 -56.8062   1.0463
 1.08952 -56.7975  1.04645
 1.08967 -56.7887   1.0466
 1.08982   -56.78  1.04675
 1.08997 -56.7713   1.0469
 1.09012 -56.7626  1.04705
 1.09027 -56.7539  1.04705
 1.09042 -56.7452   1.0472
 1.09057 -56.7365  1.04735
 1.09072 -56.7278   1.0475
 1.09087 -56.7191  1.04765
 1.09102 -56.7104   1.0478
 1.09117 -56.7017  1.04795
 1.09132  -56.693   1.0481
 1.09147 -56.6843  1.04825
 1.09162 -56.6756   1.0484
 1.09177 -56.6669  1.04855
 1.09192 -56.6582   1.0487
 1.09207 -56.6495  1.04885
 1.09222 -56.6408    1.049
 1.09237 -56.6322  1.04915
 1.09252 -56.6235  1.04915
 1.09267 -56.6148   1.0493
 1.09282 -56.6061  1.04945
 1.09297 -56.5975   1.0496
 1.09312 -56.5888  1.04975
 1.09327 -56.5801   1.0499
 1.09342 -56.5715  1.05005
 1.09357 -56.5628   1.0502
 1.09372 -56.5542  1.05035
 1.09387 -56.5455   1.0505
 1.09402 -56.5368  1.05065
 1.09417 -56.5282   1.0508
 1.09432 -56.5195  1.05095
 1.09447 -56.5109   1.0511
 1.09462 -56.5023  1.05125
 1.09477 -56.4936   1.0514
 1.09492  -56.485   1.0514
 1.09507 -56.4763  1.05155
 1.09522 -56.4677   1.0517
 1.09537 -56.4591  1.05185
 1.09552 -56.4504    1.052
 1.09567 -56.4418  1.05215
 1.09582 -56.4332   1.0523
 1.09597 -56.4246  1.05245
 1.09612  -56.416   1.0526
 1.09627 -56.4073  1.05275
 1.09642 -56.3987   1.0529
 1.09657 -56.3901  1.05305
 1.09672 -56.3815   1.0532
 1.09687 -56.3729  1.05335
 1.09702 -56.3643   1.0535
 1.09717 -56.3557   1.0535
 1.09732 -56.3471  1.05365
 1.09747 -56.3385   1.0538
 1.09762 -56.3299  1.05395
 1.09777 -56.3213   1.0541
 1.09792 -56.3127  1.05425
 1.09807 -56.3041   1.0544
 1.09822 -56.2955  1.05455
 1.09837 -56.2869   1.0547
 1.09852 -56.2783  1.05485
 1.09867 -56.2698    1.055
 1.09882 -56.2612  1.05515
 1.09897 -56.2526   1.0553
 1.09912  -56.244  1.05545
 1.09927 -56.2355   1.0556
 1.09942 -56.2269  1.05575
 1.09957 -56.2183  1.05575
 1.09972 -56.2098   1.0559
 1.09987 -56.2012  1.05605
 1.10003 -56.1926   1.0562
 1.10018 -56.1841  1.05635
 1.10033 -56.1755   1.0565
 1.10048  -56.167  1.05665
 1.10063 -56.1584   1.0568
 1.10078 -56.1499  1.05695
 1.10093 -56.1413   1.0571
 1.10108 -56.1328  1.05725
 1.10123 -56.1243   1.0574
 1.10138 -56.1157  1.05755
 1.10153 -56.1072   1.0577
 1.10168 -56.0986  1.05785
 1.10183 -56.0901  1.05785
 1.10198 -56.0816    1.058
 1.10213 -56.0731  1.05815
 1.10228 -56.0645   1.0583
 1.10243  -56.056  1.05845
 1.10258 -56.0475   1.0586
 1.10273  -56.039  1.05875
 1.10288 -56.0305   1.0589
 1.10303 -56.0219  1.05905
 1.10318 -56.0134   1.0592
 1.10333 -56.0049  1.05935
 1.10348 -55.9964   1.0595
 1.10363 -55.9879  1.05965
 1.10378 -55.9794   1.0598
 1.10393 -55.9709  1.05995
 1.10408 -55.9624  1.05995
 1.10423 -55.9539  1.06011
 1.10438 -55.9454  1.06026
 1.10453 -55.9369  1.06041
 1.10468 -55.9285  1.06056
 1.10483   -55.92  1.06071
 1.10498 -55.9115  1.06086
 1.10513  -55.903  1.06101
 1.10528 -55.8945  1.06116
 1.10543  -55.886  1.06131
 1.10558 -55.8776  1.06146
 1.10573 -55.8691  1.06161
 1.10588 -55.8606  1.06176
 1.10603 -55.8522  1.06191
 1.10618 -55.8437  1.06191
 1.10633 -55.8352  1.06206
 1.10648 -55.8268  1.06221
 1.10663 -55.8183  1.06236
 1.10678 -55.8099  1.06251
 1.10693 -55.8014  1.06266
 1.10708  -55.793  1.06281
 1.10723 -55.7845  1.06296
 1.10738 -55.7761  1.06311
 1.10753 -55.7676  1.06326
 1.10768 -55.7592  1.06341
 1.10783 -55.7508  1.06356
 1.10798 -55.7423  1.06371
 1.10813 -55.7339  1.06386
 1.10828 -55.7254  1.06401
 1.10843  -55.717  1.06401
 1.10858 -55.7086  1.06416
 1.10873 -55.7002  1.06431
 1.10888 -55.6917  1.06446
 1.10903 -55.6833  1.06461
 1.10918 -55.6749  1.06476
 1.10933 -55.6665  1.06491
 1.10948 -55.6581  1.06506
 1.10963 -55.6497  1.06521
 1.10978 -55.6413  1.06536
 1.10993 -55.6329  1.06551
 1.11008 -55.6244  1.06566
 1.11023  -55.616  1.06581
 1.11038 -55.6076  1.06596
 1.11053 -55.5993  1.06596
 1.11068 -55.5909  1.06611
 1.11083 -55.5825  1.06626
 1.11098 -55.5741  1.06641
 1.11113 -55.5657  1.06656
 1.11128 -55.5573  1.06671
 1.11143 -55.5489  1.06686
 1.11158 -55.5405  1.06701
 1.11173 -55.5322  1.06716
 1.11188 -55.5238  1.06731
 1.11203 -55.5154  1.06746
 1.11218  -55.507  1.06761
 1.11233 -55.4987  1.06776
 1.11248 -55.4903  1.06791
 1.11263 -55.4819  1.06806
 1.11278 -55.4736  1.06806
 1.11293 -55.4652  1.06821
 1.11308 -55.4569  1.06836
 1.11323 -55.4485  1.06851
 1.11338 -55.4401  1.06866
 1.11353 -55.4318  1.06881
 1.11368 -55.4234  1.06896
 1.11383 -55.4151  1.06911
 1.11398 -55.4068  1.06926
 1.11413 -55.3984  1.06941
 1.11428 -55.3901  1.06956
 1.11443 -55.3817  1.06971
 1.11458 -55.3734  1.06986
 1.11473 -55.3651  1.07001
 1.11488 -55.3567  1.07001
 1.11503 -55.3484  1.07016
 1.11518 -55.3401  1.07031
 1.11533 -55.3318  1.07046
 1.11548 -55.3234  1.07061
 1.11563 -55.3151  1.07076
 1.11578 -55.3068  1.07091
 1.11593 -55.2985  1.07106
 1.11608 -55.2902  1.07121
 1.11623 -55.2819  1.07136
 1.11638 -55.2736  1.07151
 1.11653 -55.2653  1.07166
 1.11668  -55.257  1.07181
 1.11683 -55.2487  1.07196
 1.11698 -55.2404  1.07196
 1.11713 -55.2321  1.07211
 1.11728 -55.2238  1.07226
 1.11743 -55.2155  1.07241
 1.11758 -55.2072  1.07256
 1.11773 -55.1989  1.07271
 1.11788 -55.1906  1.07286
 1.11803 -55.1823  1.07301
 1.11818 -55.1741  1.07316
 1.11833 -55.1658  1.07331
 1.11848 -55.1575  1.07346
 1.11863 -55.1492  1.07361
 1.11878  -55.141  1.07376
 1.11893 -55.1327  1.07391
 1.11908 -55.1244  1.07391
 1.11923 -55.1162  1.07406
 1.11938 -55.1079  1.07421
 1.11953 -55.0996  1.07436
 1.11968 -55.0914  1.07451
 1.11983 -55.0831  1.07466
 1.11998 -55.0749  1.07481
 1.12014 -55.0666  1.07496
 1.12029 -55.0584  1.07511
 1.12044 -55.0501  1.07526
 1.12059 -55.0419  1.07541
 1.12074 -55.0336  1.07556
 1.12089 -55.0254  1.07571
 1.12104 -55.0172  1.07586
 1.12119 -55.0089  1.07586
 1.12134 -55.0007  1.07601
 1.12149 -54.9925  1.07616
 1.12164 -54.9842  1.07631
 1.12179  -54.976  1.07646
 1.12194 -54.9678  1.07661
 1.12209 -54.9596  1.07676
 1.12224 -54.9514  1.07691
 1.12239 -54.9431  1.07706
 1.12254 -54.9349  1.07721
 1.12269 -54.9267  1.07736
 1.12284 -54.9185  1.07751
 1.12299 -54.9103  1.07766
 1.12314 -54.9021  1.07781
 1.12329 -54.8939  1.07781
 1.12344 -54.8857  1.07796
 1.12359 -54.8775  1.07811
 1.12374 -54.8693  1.07826
 1.12389 -54.8611  1.07841
 1.12404 -54.8529  1.07856
 1.12419 -54.8447  1.07871
 1.12434 -54.8366  1.07886
 1.12449 -54.8284  1.07901
 1.12464 -54.8202  1.07916
 1.12479  -54.812  1.07931
 1.12494 -54.8038  1.07946
 1.12509 -54.7957  1.07961
 1.12524 -54.7875  1.07961
 1.12539 -54.7793  1.07976
 1.12554 -54.7711  1.07991
 1.12569  -54.763  1.08007
 1.12584 -54.7548  1.08022
 1.12599 -54.7467  1.08037
 1.12614 -54.7385  1.08052
 1.12629 -54.7303  1.08067
 1.12644 -54.7222  1.08082
 1.12659  -54.714  1.08097
 1.12674 -54.7059  1.08112
 1.12689 -54.6977  1.08127
 1.12704 -54.6896  1.08142
 1.12719 -54.6815  1.08142
 1.12734 -54.6733  1.08157
 1.12749 -54.6652  1.08172
 1.12764  -54.657  1.08187
 1.12779 -54.6489  1.08202
 1.12794 -54.6408  1.08217
 1.12809 -54.6327  1.08232
 1.12824 -54.6245  1.08247
 1.12839 -54.6164  1.08262
 1.12854 -54.6083  1.08277
 1.12869 -54.6002  1.08292
 1.12884  -54.592  1.08307
 1.12899 -54.5839  1.08322
 1.12914 -54.5758  1.08322
 1.12929 -54.5677  1.08337
 1.12944 -54.5596  1.08352
 1.12959 -54.5515  1.08367
 1.12974 -54.5434  1.08382
 1.12989 -54.5353  1.08397
 1.13004 -54.5272  1.08412
 1.13019 -54.5191  1.08427
 1.13034  -54.511  1.08442
 1.13049 -54.5029  1.08457
 1.13064 -54.4948  1.08472
 1.13079 -54.4867  1.08487
 1.13094 -54.4787  1.08502
 1.13109 -54.4706  1.08502
 1.13124 -54.4625  1.08517
 1.13139 -54.4544  1.08532
 1.13154 -54.4463  1.08547
 1.13169 -54.4383  1.08562
 1.13184 -54.4302  1.08577
 1.13199 -54.4221  1.08592
 1.13214 -54.4141  1.08607
 1.13229  -54.406  1.08622
 1.13244 -54.3979  1.08637
 1.13259 -54.3899  1.08652
 1.13274 -54.3818  1.08667
 1.13289 -54.3738  1.08682
 1.13304 -54.3657  1.08682
 1.13319 -54.3577  1.08697
 1.13334 -54.3496  1.08712
 1.13349 -54.3416  1.08727
 1.13364 -54.3335  1.08742
 1.13379 -54.3255  1.08757
 1.13394 -54.3175  1.08772
 1.13409 -54.3094  1.08787
 1.13424 -54.3014  1.08802
 1.13439 -54.2934  1.08817
 1.13454 -54.2853  1.08832
 1.13469 -54.2773  1.08847
 1.13484 -54.2693  1.08847
 1.13499 -54.2613  1.08862
 1.13514 -54.2532  1.08877
 1.13529 -54.2452  1.08892
 1.13544 -54.2372  1.08907
 1.13559 -54.2292  1.08922
 1.13574 -54.2212  1.08937
 1.13589 -54.2132  1.08952
 1.13604 -54.2052  1.08967
 1.13619 -54.1972  1.08982
 1.13634 -54.1892  1.08997
 1.13649 -54.1812  1.09012
 1.13664 -54.1732  1.09027
 1.13679 -54.1652  1.09027
 1.13694 -54.1572  1.09042
 1.13709 -54.1492  1.09057
 1.13724 -54.1412  1.09072
 1.13739 -54.1332  1.09087
 1.13754 -54.1252  1.09102
 1.13769 -54.1172  1.09117
 1.13784 -54.1093  1.09132
 1.13799 -54.1013  1.09147
 1.13814 -54.0933  1.09162
 1.13829 -54.0853  1.09177
 1.13844 -54.0774  1.09192
 1.13859 -54.0694  1.09192
 1.13874 -54.0615  1.09207
 1.13889 -54.0535  1.09222
 1.13904 -54.0455  1.09237
 1.13919 -54.0376  1.09252
 1.13934 -54.0296  1.09267
 1.13949 -54.0217  1.09282
 1.13964 -54.0137  1.09297
 1.13979 -54.0058  1.09312
 1.13994 -53.9978  1.09327
  1.1401 -53.9899  1.09342
 1.14025 -53.9819  1.09342
  1.1404  -53.974  1.09357
 1.14055 -53.9661  1.09372
  1.1407 -53.9581  1.09387
 1.14085 -53.9502  1.09402
   1.141 -53.9423  1.09417
 1.14115 -53.9344  1.09432
  1.1413 -53.9264  1.09447
 1.14145 -53.9185  1.09462
  1.1416 -53.9106  1.09477
 1.14175 -53.9027  1.09492
  1.1419 -53.8948  1.09492
 1.14205 -53.8869  1.09507
  1.1422  -53.879  1.09522
 1.14235  -53.871  1.09537
  1.1425 -53.8631  1.09552
 1.14265 -53.8552  1.09567
  1.1428 -53.8473  1.09582
 1.14295 -53.8395  1.09597
  1.1431 -53.8316  1.09612
 1.14325 -53.8237  1.09627
  1.1434 -53.8158  1.09627
 1.14355 -53.8079  1.09642
  1.1437    -53.8  1.09657
 1.14385 -53.7921  1.09672
   1.144 -53.7842  1.09687
 1.14415 -53.7764  1.09702
  1.1443 -53.7685  1.09717
 1.14445 -53.7606  1.09732
  1.1446 -53.7528  1.09747
 1.14475 -53.7449  1.09762
  1.1449  -53.737  1.09777
 1.14505 -53.7292  1.09777
  1.1452 -53.7213  1.09792
 1.14535 -53.7134  1.09807
  1.1455 -53.7056  1.09822
 1.14565 -53.6977  1.09837
  1.1458 -53.6899  1.09852
 1.14595  -53.682  1.09867
  1.1461 -53.6742  1.09882
 1.14625 -53.6664  1.09897
  1.1464 -53.6585  1.09912
 1.14655 -53.6507  1.09927
  1.1467 -53.6428  1.09927
 1.14685  -53.635  1.09942
   1.147 -53.6272  1.09957
 1.14715 -53.6194  1.09972
  1.1473 -53.6115  1.09987
 1.14745 -53.6037  1.10003
  1.1476 -53.5959  1.10018
 1.14775 -53.5881  1.10033
  1.1479 -53.5803  1.10048
 1.14805 -53.5724  1.10063
  1.1482 -53.5646  1.10063
 1.14835 -53.5568  1.10078
  1.1485  -53.549  1.10093
 1.14865 -53.5412  1.10108
  1.1488 -53.5334  1.10123
 1.14895 -53.5256  1.10138
  1.1491 -53.5178  1.10153
 1.14925   -53.51  1.10168
  1.1494 -53.5022  1.10183
 1.14955 -53.4944  1.10198
  1.1497 -53.4867  1.10198
 1.14985 -53.4789  1.10213
    1.15 -53.4711  1.10228