 kgrid  ValNew  Policy 
    0.85 -72.7657 0.862756
 0.85015 -72.7518 0.862906
  0.8503 -72.7379 0.862906
 0.85045 -72.7241 0.863057
  0.8506 -72.7102 0.863207
 0.85075 -72.6964 0.863357
  0.8509 -72.6825 0.863357
0.851051 -72.6687 0.863507
0.851201 -72.6549 0.863657
0.851351 -72.6411 0.863807
0.851501 -72.6273 0.863807
0.851651 -72.6135 0.863957
0.851801 -72.5997 0.864107
0.851951  -72.586 0.864257
0.852101 -72.5722 0.864257
0.852251 -72.5585 0.864407
0.852401 -72.5447 0.864557
0.852551  -72.531 0.864707
0.852701 -72.5173 0.864707
0.852851 -72.5036 0.864857
0.853002 -72.4899 0.865008
0.853152 -72.4762 0.865158
0.853302 -72.4625 0.865158
0.853452 -72.4488 0.865308
0.853602 -72.4352 0.865458
0.853752 -72.4215 0.865608
0.853902 -72.4079 0.865758
0.854052 -72.3942 0.865758
0.854202 -72.3806 0.865908
0.854352  -72.367 0.866058
0.854502 -72.3534 0.866208
0.854652 -72.3398 0.866208
0.854802 -72.3262 0.866358
0.854952 -72.3126 0.866508
0.855103  -72.299 0.866658
0.855253 -72.2855 0.866658
0.855403 -72.2719 0.866808
0.855553 -72.2584 0.866958
0.855703 -72.2448 0.867109
0.855853 -72.2313 0.867109
0.856003 -72.2178 0.867259
0.856153 -72.2043 0.867409
0.856303 -72.1908 0.867559
0.856453 -72.1773 0.867559
0.856603 -72.1638 0.867709
0.856753 -72.1503 0.867859
0.856903 -72.1369 0.868009
0.857054 -72.1234 0.868009
0.857204   -72.11 0.868159
0.857354 -72.0965 0.868309
0.857504 -72.0831 0.868459
0.857654 -72.0697 0.868609
0.857804 -72.0563 0.868609
0.857954 -72.0429 0.868759
0.858104 -72.0295 0.868909
0.858254 -72.0161  0.86906
0.858404 -72.0027  0.86906
0.858554 -71.9893  0.86921
0.858704  -71.976  0.86936
0.858854 -71.9626  0.86951
0.859005 -71.9493  0.86951
0.859155  -71.936  0.86966
0.859305 -71.9226  0.86981
0.859455 -71.9093  0.86996
0.859605  -71.896  0.86996
0.859755 -71.8827  0.87011
0.859905 -71.8694  0.87026
0.860055 -71.8562  0.87041
0.860205 -71.8429  0.87056
0.860355 -71.8296  0.87056
0.860505 -71.8164  0.87071
0.860655 -71.8031  0.87086
0.860805 -71.7899 0.871011
0.860955 -71.7767 0.871161
0.861106 -71.7634 0.871311
0.861256 -71.7502 0.871311
0.861406  -71.737 0.871461
0.861556 -71.7238 0.871611
0.861706 -71.7106 0.871761
0.861856 -71.6974 0.871911
0.862006 -71.6842 0.872061
0.862156  -71.671 0.872211
0.862306 -71.6579 0.872211
0.862456 -71.6447 0.872361
0.862606 -71.6315 0.872511
0.862756 -71.6184 0.872661
0.862906 -71.6052 0.872811
0.863057 -71.5921 0.872961
0.863207  -71.579 0.873112
0.863357 -71.5658 0.873112
0.863507 -71.5527 0.873262
0.863657 -71.5396 0.873412
0.863807 -71.5265 0.873562
0.863957 -71.5134 0.873712
0.864107 -71.5003 0.873862
0.864257 -71.4872 0.874012
0.864407 -71.4741 0.874162
0.864557  -71.461 0.874162
0.864707  -71.448 0.874312
0.864857 -71.4349 0.874462
0.865008 -71.4218 0.874612
0.865158 -71.4088 0.874762
0.865308 -71.3957 0.874912
0.865458 -71.3827 0.875063
0.865608 -71.3696 0.875063
0.865758 -71.3566 0.875213
0.865908 -71.3436 0.875363
0.866058 -71.3306 0.875513
0.866208 -71.3176 0.875663
0.866358 -71.3045 0.875813
0.866508 -71.2915 0.875963
0.866658 -71.2786 0.876113
0.866808 -71.2656 0.876113
0.866958 -71.2526 0.876263
0.867109 -71.2396 0.876413
0.867259 -71.2266 0.876563
0.867409 -71.2137 0.876713
0.867559 -71.2007 0.876863
0.867709 -71.1878 0.877014
0.867859 -71.1748 0.877164
0.868009 -71.1619 0.877164
0.868159 -71.1489 0.877314
0.868309  -71.136 0.877464
0.868459 -71.1231 0.877614
0.868609 -71.1102 0.877764
0.868759 -71.0973 0.877914
0.868909 -71.0844 0.878064
 0.86906 -71.0715 0.878214
 0.86921 -71.0586 0.878214
 0.86936 -71.0457 0.878364
 0.86951 -71.0328 0.878514
 0.86966 -71.0199 0.878664
 0.86981 -71.0071 0.878814
 0.86996 -70.9942 0.878964
 0.87011 -70.9813 0.879115
 0.87026 -70.9685 0.879265
 0.87041 -70.9557 0.879265
 0.87056 -70.9428 0.879415
 0.87071   -70.93 0.879565
 0.87086 -70.9171 0.879715
0.871011 -70.9043 0.879865
0.871161 -70.8915 0.880015
0.871311 -70.8787 0.880165
0.871461 -70.8659 0.880315
0.871611 -70.8531 0.880315
0.871761 -70.8403 0.880465
0.871911 -70.8275 0.880615
0.872061 -70.8147 0.880765
0.872211  -70.802 0.880915
0.872361 -70.7892 0.881066
0.872511 -70.7764 0.881216
0.872661 -70.7637 0.881366
0.872811 -70.7509 0.881516
0.872961 -70.7382 0.881516
0.873112 -70.7254 0.881666
0.873262 -70.7127 0.881816
0.873412 -70.6999 0.881966
0.873562 -70.6872 0.882116
0.873712 -70.6745 0.882266
0.873862 -70.6618 0.882416
0.874012 -70.6491 0.882566
0.874162 -70.6364 0.882716
0.874312 -70.6237 0.882716
0.874462  -70.611 0.882866
0.874612 -70.5983 0.883017
0.874762 -70.5856 0.883167
0.874912 -70.5729 0.883317
0.875063 -70.5602 0.883467
0.875213 -70.5476 0.883617
0.875363 -70.5349 0.883767
0.875513 -70.5222 0.883917
0.875663 -70.5096 0.883917
0.875813 -70.4969 0.884067
0.875963 -70.4843 0.884217
0.876113 -70.4717 0.884367
0.876263  -70.459 0.884517
0.876413 -70.4464 0.884667
0.876563 -70.4338 0.884817
0.876713 -70.4212 0.884967
0.876863 -70.4086 0.885118
0.877014  -70.396 0.885268
0.877164 -70.3834 0.885268
0.877314 -70.3708 0.885418
0.877464 -70.3582 0.885568
0.877614 -70.3456 0.885718
0.877764  -70.333 0.885868
0.877914 -70.3205 0.886018
0.878064 -70.3079 0.886168
0.878214 -70.2953 0.886318
0.878364 -70.2828 0.886468
0.878514 -70.2702 0.886468
0.878664 -70.2577 0.886618
0.878814 -70.2451 0.886768
0.878964 -70.2326 0.886918
0.879115 -70.2201 0.887069
0.879265 -70.2075 0.887219
0.879415  -70.195 0.887369
0.879565 -70.1825 0.887519
0.879715   -70.17 0.887669
0.879865 -70.1575 0.887819
0.880015  -70.145 0.887819
0.880165 -70.1325 0.887969
0.880315   -70.12 0.888119
0.880465 -70.1075 0.888269
0.880615 -70.0951 0.888419
0.880765 -70.0826 0.888569
0.880915 -70.0701 0.888719
0.881066 -70.0577 0.888869
0.881216 -70.0452  0.88902
0.881366 -70.0328  0.88902
0.881516 -70.0203  0.88917
0.881666 -70.0079  0.88932
0.881816 -69.9954  0.88947
0.881966  -69.983  0.88962
0.882116 -69.9706  0.88977
0.882266 -69.9582  0.88992
0.882416 -69.9457  0.89007
0.882566 -69.9333  0.89022
0.882716 -69.9209  0.89037
0.882866 -69.9085  0.89037
0.883017 -69.8961  0.89052
0.883167 -69.8837  0.89067
0.883317 -69.8713  0.89082
0.883467  -69.859  0.89097
0.883617 -69.8466 0.891121
0.883767 -69.8342 0.891271
0.883917 -69.8219 0.891421
0.884067 -69.8095 0.891571
0.884217 -69.7971 0.891721
0.884367 -69.7848 0.891721
0.884517 -69.7725 0.891871
0.884667 -69.7601 0.892021
0.884817 -69.7478 0.892171
0.884967 -69.7354 0.892321
0.885118 -69.7231 0.892471
0.885268 -69.7108 0.892621
0.885418 -69.6985 0.892771
0.885568 -69.6862 0.892921
0.885718 -69.6739 0.893072
0.885868 -69.6616 0.893072
0.886018 -69.6493 0.893222
0.886168  -69.637 0.893372
0.886318 -69.6247 0.893522
0.886468 -69.6124 0.893672
0.886618 -69.6001 0.893822
0.886768 -69.5879 0.893972
0.886918 -69.5756 0.894122
0.887069 -69.5634 0.894272
0.887219 -69.5511 0.894422
0.887369 -69.5388 0.894422
0.887519 -69.5266 0.894572
0.887669 -69.5144 0.894722
0.887819 -69.5021 0.894872
0.887969 -69.4899 0.895023
0.888119 -69.4777 0.895173
0.888269 -69.4654 0.895323
0.888419 -69.4532 0.895473
0.888569  -69.441 0.895623
0.888719 -69.4288 0.895773
0.888869 -69.4166 0.895923
 0.88902 -69.4044 0.895923
 0.88917 -69.3922 0.896073
 0.88932   -69.38 0.896223
 0.88947 -69.3678 0.896373
 0.88962 -69.3557 0.896523
 0.88977 -69.3435 0.896673
 0.88992 -69.3313 0.896823
 0.89007 -69.3192 0.896973
 0.89022  -69.307 0.897124
 0.89037 -69.2949 0.897274
 0.89052 -69.2827 0.897274
 0.89067 -69.2706 0.897424
 0.89082 -69.2584 0.897574
 0.89097 -69.2463 0.897724
0.891121 -69.2342 0.897874
0.891271  -69.222 0.898024
0.891421 -69.2099 0.898174
0.891571 -69.1978 0.898324
0.891721 -69.1857 0.898474
0.891871 -69.1736 0.898624
0.892021 -69.1615 0.898774
0.892171 -69.1494 0.898774
0.892321 -69.1373 0.898924
0.892471 -69.1252 0.899075
0.892621 -69.1131 0.899225
0.892771 -69.1011 0.899375
0.892921  -69.089 0.899525
0.893072 -69.0769 0.899675
0.893222 -69.0648 0.899825
0.893372 -69.0528 0.899975
0.893522 -69.0407 0.900125
0.893672 -69.0287 0.900275
0.893822 -69.0166 0.900425
0.893972 -69.0046 0.900425
0.894122 -68.9926 0.900575
0.894272 -68.9805 0.900725
0.894422 -68.9685 0.900875
0.894572 -68.9565 0.901026
0.894722 -68.9444 0.901176
0.894872 -68.9324 0.901326
0.895023 -68.9204 0.901476
0.895173 -68.9084 0.901626
0.895323 -68.8964 0.901776
0.895473 -68.8844 0.901926
0.895623 -68.8724 0.902076
0.895773 -68.8604 0.902226
0.895923 -68.8484 0.902226
0.896073 -68.8365 0.902376
0.896223 -68.8245 0.902526
0.896373 -68.8125 0.902676
0.896523 -68.8005 0.902826
0.896673 -68.7886 0.902976
0.896823 -68.7766 0.903127
0.896973 -68.7647 0.903277
0.897124 -68.7527 0.903427
0.897274 -68.7408 0.903577
0.897424 -68.7288 0.903727
0.897574 -68.7169 0.903877
0.897724  -68.705 0.904027
0.897874  -68.693 0.904027
0.898024 -68.6811 0.904177
0.898174 -68.6692 0.904327
0.898324 -68.6573 0.904477
0.898474 -68.6453 0.904627
0.898624 -68.6334 0.904777
0.898774 -68.6215 0.904927
0.898924 -68.6096 0.905078
0.899075 -68.5977 0.905228
0.899225 -68.5858 0.905378
0.899375  -68.574 0.905528
0.899525 -68.5621 0.905678
0.899675 -68.5502 0.905828
0.899825 -68.5383 0.905978
0.899975 -68.5265 0.905978
0.900125 -68.5146 0.906128
0.900275 -68.5027 0.906278
0.900425 -68.4909 0.906428
0.900575  -68.479 0.906578
0.900725 -68.4672 0.906728
0.900875 -68.4553 0.906878
0.901026 -68.4435 0.907029
0.901176 -68.4316 0.907179
0.901326 -68.4198 0.907329
0.901476  -68.408 0.907479
0.901626 -68.3962 0.907629
0.901776 -68.3843 0.907629
0.901926 -68.3725 0.907779
0.902076 -68.3607 0.907929
0.902226 -68.3489 0.908079
0.902376 -68.3371 0.908229
0.902526 -68.3253 0.908379
0.902676 -68.3135 0.908529
0.902826 -68.3017 0.908679
0.902976 -68.2899 0.908829
0.903127 -68.2781 0.908979
0.903277 -68.2664  0.90913
0.903427 -68.2546  0.90928
0.903577 -68.2428  0.90943
0.903727 -68.2311  0.90958
0.903877 -68.2193  0.90973
0.904027 -68.2075  0.90973
0.904177 -68.1958  0.90988
0.904327  -68.184  0.91003
0.904477 -68.1723  0.91018
0.904627 -68.1606  0.91033
0.904777 -68.1488  0.91048
0.904927 -68.1371  0.91063
0.905078 -68.1254  0.91078
0.905228 -68.1136  0.91093
0.905378 -68.1019 0.911081
0.905528 -68.0902 0.911231
0.905678 -68.0785 0.911381
0.905828 -68.0668 0.911531
0.905978 -68.0551 0.911681
0.906128 -68.0434 0.911681
0.906278 -68.0317 0.911831
0.906428   -68.02 0.911981
0.906578 -68.0083 0.912131
0.906728 -67.9966 0.912281
0.906878 -67.9849 0.912431
0.907029 -67.9732 0.912581
0.907179 -67.9616 0.912731
0.907329 -67.9499 0.912881
0.907479 -67.9382 0.913032
0.907629 -67.9266 0.913182
0.907779 -67.9149 0.913332
0.907929 -67.9033 0.913482
0.908079 -67.8916 0.913632
0.908229   -67.88 0.913632
0.908379 -67.8683 0.913782
0.908529 -67.8567 0.913932
0.908679 -67.8451 0.914082
0.908829 -67.8334 0.914232
0.908979 -67.8218 0.914382
 0.90913 -67.8102 0.914532
 0.90928 -67.7986 0.914682
 0.90943  -67.787 0.914832
 0.90958 -67.7753 0.914982
 0.90973 -67.7637 0.915133
 0.90988 -67.7521 0.915283
 0.91003 -67.7405 0.915433
 0.91018 -67.7289 0.915583
 0.91033 -67.7174 0.915733
 0.91048 -67.7058 0.915883
 0.91063 -67.6942 0.915883
 0.91078 -67.6826 0.916033
 0.91093  -67.671 0.916183
0.911081 -67.6595 0.916333
0.911231 -67.6479 0.916483
0.911381 -67.6363 0.916633
0.911531 -67.6248 0.916783
0.911681 -67.6132 0.916933
0.911831 -67.6017 0.917084
0.911981 -67.5901 0.917234
0.912131 -67.5786 0.917384
0.912281  -67.567 0.917534
0.912431 -67.5555 0.917684
0.912581  -67.544 0.917834
0.912731 -67.5324 0.917984
0.912881 -67.5209 0.917984
0.913032 -67.5094 0.918134
0.913182 -67.4979 0.918284
0.913332 -67.4864 0.918434
0.913482 -67.4749 0.918584
0.913632 -67.4634 0.918734
0.913782 -67.4519 0.918884
0.913932 -67.4404 0.919035
0.914082 -67.4289 0.919185
0.914232 -67.4174 0.919335
0.914382 -67.4059 0.919485
0.914532 -67.3944 0.919635
0.914682 -67.3829 0.919785
0.914832 -67.3715 0.919935
0.914982   -67.36 0.920085
0.915133 -67.3485 0.920085
0.915283 -67.3371 0.920235
0.915433 -67.3256 0.920385
0.915583 -67.3142 0.920535
0.915733 -67.3027 0.920685
0.915883 -67.2913 0.920835
0.916033 -67.2798 0.920985
0.916183 -67.2684 0.921136
0.916333 -67.2569 0.921286
0.916483 -67.2455 0.921436
0.916633 -67.2341 0.921586
0.916783 -67.2226 0.921736
0.916933 -67.2112 0.921886
0.917084 -67.1998 0.922036
0.917234 -67.1884 0.922186
0.917384  -67.177 0.922336
0.917534 -67.1656 0.922336
0.917684 -67.1542 0.922486
0.917834 -67.1428 0.922636
0.917984 -67.1314 0.922786
0.918134   -67.12 0.922936
0.918284 -67.1086 0.923087
0.918434 -67.0972 0.923237
0.918584 -67.0858 0.923387
0.918734 -67.0745 0.923537
0.918884 -67.0631 0.923687
0.919035 -67.0517 0.923837
0.919185 -67.0404 0.923987
0.919335  -67.029 0.924137
0.919485 -67.0177 0.924287
0.919635 -67.0063 0.924437
0.919785 -66.9949 0.924587
0.919935 -66.9836 0.924587
0.920085 -66.9723 0.924737
0.920235 -66.9609 0.924887
0.920385 -66.9496 0.925038
0.920535 -66.9383 0.925188
0.920685 -66.9269 0.925338
0.920835 -66.9156 0.925488
0.920985 -66.9043 0.925638
0.921136  -66.893 0.925788
0.921286 -66.8817 0.925938
0.921436 -66.8703 0.926088
0.921586  -66.859 0.926238
0.921736 -66.8477 0.926388
0.921886 -66.8364 0.926538
0.922036 -66.8251 0.926688
0.922186 -66.8139 0.926838
0.922336 -66.8026 0.926838
0.922486 -66.7913 0.926988
0.922636   -66.78 0.927139
0.922786 -66.7687 0.927289
0.922936 -66.7575 0.927439
0.923087 -66.7462 0.927589
0.923237 -66.7349 0.927739
0.923387 -66.7237 0.927889
0.923537 -66.7124 0.928039
0.923687 -66.7012 0.928189
0.923837 -66.6899 0.928339
0.923987 -66.6787 0.928489
0.924137 -66.6674 0.928639
0.924287 -66.6562 0.928789
0.924437 -66.6449 0.928939
0.924587 -66.6337  0.92909
0.924737 -66.6225  0.92924
0.924887 -66.6113  0.92924
0.925038    -66.6  0.92939
0.925188 -66.5888  0.92954
0.925338 -66.5776  0.92969
0.925488 -66.5664  0.92984
0.925638 -66.5552  0.92999
0.925788  -66.544  0.93014
0.925938 -66.5328  0.93029
0.926088 -66.5216  0.93044
0.926238 -66.5104  0.93059
0.926388 -66.4992  0.93074
0.926538  -66.488  0.93089
0.926688 -66.4768 0.931041
0.926838 -66.4657 0.931191
0.926988 -66.4545 0.931341
0.927139 -66.4433 0.931491
0.927289 -66.4322 0.931491
0.927439  -66.421 0.931641
0.927589 -66.4098 0.931791
0.927739 -66.3987 0.931941
0.927889 -66.3875 0.932091
0.928039 -66.3764 0.932241
0.928189 -66.3652 0.932391
0.928339 -66.3541 0.932541
0.928489 -66.3429 0.932691
0.928639 -66.3318 0.932841
0.928789 -66.3207 0.932991
0.928939 -66.3095 0.933142
 0.92909 -66.2984 0.933292
 0.92924 -66.2873 0.933442
 0.92939 -66.2762 0.933592
 0.92954 -66.2651 0.933742
 0.92969  -66.254 0.933892
 0.92984 -66.2428 0.934042
 0.92999 -66.2317 0.934042
 0.93014 -66.2206 0.934192
 0.93029 -66.2095 0.934342
 0.93044 -66.1985 0.934492
 0.93059 -66.1874 0.934642
 0.93074 -66.1763 0.934792
 0.93089 -66.1652 0.934942
0.931041 -66.1541 0.935093
0.931191  -66.143 0.935243
0.931341  -66.132 0.935393
0.931491 -66.1209 0.935543
0.931641 -66.1098 0.935693
0.931791 -66.0988 0.935843
0.931941 -66.0877 0.935993
0.932091 -66.0767 0.936143
0.932241 -66.0656 0.936293
0.932391 -66.0546 0.936443
0.932541 -66.0435 0.936593
0.932691 -66.0325 0.936593
0.932841 -66.0214 0.936743
0.932991 -66.0104 0.936893
0.933142 -65.9994 0.937044
0.933292 -65.9883 0.937194
0.933442 -65.9773 0.937344
0.933592 -65.9663 0.937494
0.933742 -65.9553 0.937644
0.933892 -65.9443 0.937794
0.934042 -65.9333 0.937944
0.934192 -65.9222 0.938094
0.934342 -65.9112 0.938244
0.934492 -65.9002 0.938394
0.934642 -65.8892 0.938544
0.934792 -65.8783 0.938694
0.934942 -65.8673 0.938844
0.935093 -65.8563 0.938994
0.935243 -65.8453 0.938994
0.935393 -65.8343 0.939145
0.935543 -65.8233 0.939295
0.935693 -65.8124 0.939445
0.935843 -65.8014 0.939595
0.935993 -65.7904 0.939745
0.936143 -65.7795 0.939895
0.936293 -65.7685 0.940045
0.936443 -65.7576 0.940195
0.936593 -65.7466 0.940345
0.936743 -65.7357 0.940495
0.936893 -65.7247 0.940645
0.937044 -65.7138 0.940795
0.937194 -65.7028 0.940945
0.937344 -65.6919 0.941096
0.937494  -65.681 0.941246
0.937644   -65.67 0.941396
0.937794 -65.6591 0.941546
0.937944 -65.6482 0.941696
0.938094 -65.6373 0.941696
0.938244 -65.6264 0.941846
0.938394 -65.6154 0.941996
0.938544 -65.6045 0.942146
0.938694 -65.5936 0.942296
0.938844 -65.5827 0.942446
0.938994 -65.5718 0.942596
0.939145 -65.5609 0.942746
0.939295   -65.55 0.942896
0.939445 -65.5392 0.943047
0.939595 -65.5283 0.943197
0.939745 -65.5174 0.943347
0.939895 -65.5065 0.943497
0.940045 -65.4956 0.943647
0.940195 -65.4848 0.943797
0.940345 -65.4739 0.943947
0.940495  -65.463 0.944097
0.940645 -65.4522 0.944247
0.940795 -65.4413 0.944247
0.940945 -65.4305 0.944397
0.941096 -65.4196 0.944547
0.941246 -65.4088 0.944697
0.941396 -65.3979 0.944847
0.941546 -65.3871 0.944997
0.941696 -65.3762 0.945148
0.941846 -65.3654 0.945298
0.941996 -65.3546 0.945448
0.942146 -65.3437 0.945598
0.942296 -65.3329 0.945748
0.942446 -65.3221 0.945898
0.942596 -65.3113 0.946048
0.942746 -65.3005 0.946198
0.942896 -65.2896 0.946348
0.943047 -65.2788 0.946498
0.943197  -65.268 0.946648
0.943347 -65.2572 0.946798
0.943497 -65.2464 0.946948
0.943647 -65.2356 0.946948
0.943797 -65.2248 0.947099
0.943947 -65.2141 0.947249
0.944097 -65.2033 0.947399
0.944247 -65.1925 0.947549
0.944397 -65.1817 0.947699
0.944547 -65.1709 0.947849
0.944697 -65.1602 0.947999
0.944847 -65.1494 0.948149
0.944997 -65.1386 0.948299
0.945148 -65.1279 0.948449
0.945298 -65.1171 0.948599
0.945448 -65.1064 0.948749
0.945598 -65.0956 0.948899
0.945748 -65.0848  0.94905
0.945898 -65.0741   0.9492
0.946048 -65.0634  0.94935
0.946198 -65.0526   0.9495
0.946348 -65.0419  0.94965
0.946498 -65.0312  0.94965
0.946648 -65.0204   0.9498
0.946798 -65.0097  0.94995
0.946948  -64.999   0.9501
0.947099 -64.9883  0.95025
0.947249 -64.9775   0.9504
0.947399 -64.9668  0.95055
0.947549 -64.9561   0.9507
0.947699 -64.9454  0.95085
0.947849 -64.9347 0.951001
0.947999  -64.924 0.951151
0.948149 -64.9133 0.951301
0.948299 -64.9026 0.951451
0.948449 -64.8919 0.951601
0.948599 -64.8812 0.951751
0.948749 -64.8705 0.951901
0.948899 -64.8599 0.952051
 0.94905 -64.8492 0.952201
  0.9492 -64.8385 0.952351
 0.94935 -64.8278 0.952351
  0.9495 -64.8172 0.952501
 0.94965 -64.8065 0.952651
  0.9498 -64.7958 0.952801
 0.94995 -64.7852 0.952951
  0.9501 -64.7745 0.953102
 0.95025 -64.7639 0.953252
  0.9504 -64.7532 0.953402
 0.95055 -64.7426 0.953552
  0.9507 -64.7319 0.953702
 0.95085 -64.7213 0.953852
0.951001 -64.7107 0.954002
0.951151    -64.7 0.954152
0.951301 -64.6894 0.954302
0.951451 -64.6788 0.954452
0.951601 -64.6681 0.954602
0.951751 -64.6575 0.954752
0.951901 -64.6469 0.954902
0.952051 -64.6363 0.955053
0.952201 -64.6257 0.955053
0.952351 -64.6151 0.955203
0.952501 -64.6045 0.955353
0.952651 -64.5939 0.955503
0.952801 -64.5833 0.955653
0.952951 -64.5727 0.955803
0.953102 -64.5621 0.955953
0.953252 -64.5515 0.956103
0.953402 -64.5409 0.956253
0.953552 -64.5303 0.956403
0.953702 -64.5197 0.956553
0.953852 -64.5092 0.956703
0.954002 -64.4986 0.956853
0.954152  -64.488 0.957004
0.954302 -64.4775 0.957154
0.954452 -64.4669 0.957304
0.954602 -64.4563 0.957454
0.954752 -64.4458 0.957604
0.954902 -64.4352 0.957754
0.955053 -64.4247 0.957754
0.955203 -64.4141 0.957904
0.955353 -64.4036 0.958054
0.955503  -64.393 0.958204
0.955653 -64.3825 0.958354
0.955803  -64.372 0.958504
0.955953 -64.3614 0.958654
0.956103 -64.3509 0.958804
0.956253 -64.3404 0.958954
0.956403 -64.3299 0.959105
0.956553 -64.3193 0.959255
0.956703 -64.3088 0.959405
0.956853 -64.2983 0.959555
0.957004 -64.2878 0.959705
0.957154 -64.2773 0.959855
0.957304 -64.2668 0.960005
0.957454 -64.2563 0.960155
0.957604 -64.2458 0.960305
0.957754 -64.2353 0.960455
0.957904 -64.2248 0.960605
0.958054 -64.2143 0.960605
0.958204 -64.2038 0.960755
0.958354 -64.1933 0.960905
0.958504 -64.1829 0.961056
0.958654 -64.1724 0.961206
0.958804 -64.1619 0.961356
0.958954 -64.1514 0.961506
0.959105  -64.141 0.961656
0.959255 -64.1305 0.961806
0.959405   -64.12 0.961956
0.959555 -64.1096 0.962106
0.959705 -64.0991 0.962256
0.959855 -64.0887 0.962406
0.960005 -64.0782 0.962556
0.960155 -64.0678 0.962706
0.960305 -64.0574 0.962856
0.960455 -64.0469 0.963007
0.960605 -64.0365 0.963157
0.960755  -64.026 0.963307
0.960905 -64.0156 0.963457
0.961056 -64.0052 0.963457
0.961206 -63.9948 0.963607
0.961356 -63.9843 0.963757
0.961506 -63.9739 0.963907
0.961656 -63.9635 0.964057
0.961806 -63.9531 0.964207
0.961956 -63.9427 0.964357
0.962106 -63.9323 0.964507
0.962256 -63.9219 0.964657
0.962406 -63.9115 0.964807
0.962556 -63.9011 0.964957
0.962706 -63.8907 0.965108
0.962856 -63.8803 0.965258
0.963007 -63.8699 0.965408
0.963157 -63.8595 0.965558
0.963307 -63.8492 0.965708
0.963457 -63.8388 0.965858
0.963607 -63.8284 0.966008
0.963757  -63.818 0.966158
0.963907 -63.8077 0.966308
0.964057 -63.7973 0.966308
0.964207 -63.7869 0.966458
0.964357 -63.7766 0.966608
0.964507 -63.7662 0.966758
0.964657 -63.7559 0.966908
0.964807 -63.7455 0.967059
0.964957 -63.7352 0.967209
0.965108 -63.7248 0.967359
0.965258 -63.7145 0.967509
0.965408 -63.7041 0.967659
0.965558 -63.6938 0.967809
0.965708 -63.6835 0.967959
0.965858 -63.6731 0.968109
0.966008 -63.6628 0.968259
0.966158 -63.6525 0.968409
0.966308 -63.6422 0.968559
0.966458 -63.6319 0.968709
0.966608 -63.6215 0.968859
0.966758 -63.6112  0.96901
0.966908 -63.6009  0.96916
0.967059 -63.5906  0.96916
0.967209 -63.5803  0.96931
0.967359   -63.57  0.96946
0.967509 -63.5597  0.96961
0.967659 -63.5494  0.96976
0.967809 -63.5391  0.96991
0.967959 -63.5289  0.97006
0.968109 -63.5186  0.97021
0.968259 -63.5083  0.97036
0.968409  -63.498  0.97051
0.968559 -63.4877  0.97066
0.968709 -63.4775  0.97081
0.968859 -63.4672  0.97096
 0.96901 -63.4569 0.971111
 0.96916 -63.4467 0.971261
 0.96931 -63.4364 0.971411
 0.96946 -63.4261 0.971561
 0.96961 -63.4159 0.971711
 0.96976 -63.4056 0.971861
 0.96991 -63.3954 0.972011
 0.97006 -63.3851 0.972011
 0.97021 -63.3749 0.972161
 0.97036 -63.3647 0.972311
 0.97051 -63.3544 0.972461
 0.97066 -63.3442 0.972611
 0.97081  -63.334 0.972761
 0.97096 -63.3237 0.972911
0.971111 -63.3135 0.973062
0.971261 -63.3033 0.973212
0.971411 -63.2931 0.973362
0.971561 -63.2829 0.973512
0.971711 -63.2726 0.973662
0.971861 -63.2624 0.973812
0.972011 -63.2522 0.973962
0.972161  -63.242 0.974112
0.972311 -63.2318 0.974262
0.972461 -63.2216 0.974412
0.972611 -63.2114 0.974562
0.972761 -63.2012 0.974712
0.972911  -63.191 0.974862
0.973062 -63.1809 0.975013
0.973212 -63.1707 0.975013
0.973362 -63.1605 0.975163
0.973512 -63.1503 0.975313
0.973662 -63.1401 0.975463
0.973812   -63.13 0.975613
0.973962 -63.1198 0.975763
0.974112 -63.1096 0.975913
0.974262 -63.0995 0.976063
0.974412 -63.0893 0.976213
0.974562 -63.0792 0.976363
0.974712  -63.069 0.976513
0.974862 -63.0589 0.976663
0.975013 -63.0487 0.976813
0.975163 -63.0386 0.976963
0.975313 -63.0284 0.977114
0.975463 -63.0183 0.977264
0.975613 -63.0081 0.977414
0.975763  -62.998 0.977564
0.975913 -62.9879 0.977714
0.976063 -62.9778 0.977864
0.976213 -62.9676 0.977864
0.976363 -62.9575 0.978014
0.976513 -62.9474 0.978164
0.976663 -62.9373 0.978314
0.976813 -62.9272 0.978464
0.976963  -62.917 0.978614
0.977114 -62.9069 0.978764
0.977264 -62.8968 0.978914
0.977414 -62.8867 0.979065
0.977564 -62.8766 0.979215
0.977714 -62.8665 0.979365
0.977864 -62.8564 0.979515
0.978014 -62.8464 0.979665
0.978164 -62.8363 0.979815
0.978314 -62.8262 0.979965
0.978464 -62.8161 0.980115
0.978614  -62.806 0.980265
0.978764  -62.796 0.980415
0.978914 -62.7859 0.980565
0.979065 -62.7758 0.980715
0.979215 -62.7657 0.980715
0.979365 -62.7557 0.980865
0.979515 -62.7456 0.981016
0.979665 -62.7356 0.981166
0.979815 -62.7255 0.981316
0.979965 -62.7155 0.981466
0.980115 -62.7054 0.981616
0.980265 -62.6954 0.981766
0.980415 -62.6853 0.981916
0.980565 -62.6753 0.982066
0.980715 -62.6652 0.982216
0.980865 -62.6552 0.982366
0.981016 -62.6452 0.982516
0.981166 -62.6351 0.982666
0.981316 -62.6251 0.982816
0.981466 -62.6151 0.982966
0.981616 -62.6051 0.983117
0.981766 -62.5951 0.983267
0.981916  -62.585 0.983417
0.982066  -62.575 0.983567
0.982216  -62.565 0.983717
0.982366  -62.555 0.983717
0.982516  -62.545 0.983867
0.982666  -62.535 0.984017
0.982816  -62.525 0.984167
0.982966  -62.515 0.984317
0.983117  -62.505 0.984467
0.983267  -62.495 0.984617
0.983417  -62.485 0.984767
0.983567 -62.4751 0.984917
0.983717 -62.4651 0.985068
0.983867 -62.4551 0.985218
0.984017 -62.4451 0.985368
0.984167 -62.4352 0.985518
0.984317 -62.4252 0.985668
0.984467 -62.4152 0.985818
0.984617 -62.4053 0.985968
0.984767 -62.3953 0.986118
0.984917 -62.3853 0.986268
0.985068 -62.3754 0.986418
0.985218 -62.3654 0.986568
0.985368 -62.3555 0.986718
0.985518 -62.3455 0.986718
0.985668 -62.3356 0.986868
0.985818 -62.3257 0.987019
0.985968 -62.3157 0.987169
0.986118 -62.3058 0.987319
0.986268 -62.2958 0.987469
0.986418 -62.2859 0.987619
0.986568  -62.276 0.987769
0.986718 -62.2661 0.987919
0.986868 -62.2561 0.988069
0.987019 -62.2462 0.988219
0.987169 -62.2363 0.988369
0.987319 -62.2264 0.988519
0.987469 -62.2165 0.988669
0.987619 -62.2066 0.988819
0.987769 -62.1967 0.988969
0.987919 -62.1868  0.98912
0.988069 -62.1769  0.98927
0.988219  -62.167  0.98942
0.988369 -62.1571  0.98957
0.988519 -62.1472  0.98957
0.988669 -62.1373  0.98972
0.988819 -62.1274  0.98987
0.988969 -62.1175  0.99002
 0.98912 -62.1077  0.99017
 0.98927 -62.0978  0.99032
 0.98942 -62.0879  0.99047
 0.98957  -62.078  0.99062
 0.98972 -62.0682  0.99077
 0.98987 -62.0583  0.99092
 0.99002 -62.0485 0.991071
 0.99017 -62.0386 0.991221
 0.99032 -62.0287 0.991371
 0.99047 -62.0189 0.991521
 0.99062  -62.009 0.991671
 0.99077 -61.9992 0.991821
 0.99092 -61.9893 0.991971
0.991071 -61.9795 0.992121
0.991221 -61.9697 0.992271
0.991371 -61.9598 0.992421
0.991521   -61.95 0.992571
0.991671 -61.9402 0.992571
0.991821 -61.9303 0.992721
0.991971 -61.9205 0.992871
0.992121 -61.9107 0.993022
0.992271 -61.9009 0.993172
0.992421  -61.891 0.993322
0.992571 -61.8812 0.993472
0.992721 -61.8714 0.993622
0.992871 -61.8616 0.993772
0.993022 -61.8518 0.993922
0.993172  -61.842 0.994072
0.993322 -61.8322 0.994222
0.993472 -61.8224 0.994372
0.993622 -61.8126 0.994522
0.993772 -61.8028 0.994672
0.993922  -61.793 0.994822
0.994072 -61.7832 0.994972
0.994222 -61.7734 0.995123
0.994372 -61.7637 0.995273
0.994522 -61.7539 0.995423
0.994672 -61.7441 0.995573
0.994822 -61.7343 0.995573
0.994972 -61.7246 0.995723
0.995123 -61.7148 0.995873
0.995273  -61.705 0.996023
0.995423 -61.6953 0.996173
0.995573 -61.6855 0.996323
0.995723 -61.6757 0.996473
0.995873  -61.666 0.996623
0.996023 -61.6562 0.996773
0.996173 -61.6465 0.996923
0.996323 -61.6367 0.997074
0.996473  -61.627 0.997224
0.996623 -61.6173 0.997374
0.996773 -61.6075 0.997524
0.996923 -61.5978 0.997674
0.997074 -61.5881 0.997824
0.997224 -61.5783 0.997974
0.997374 -61.5686 0.998124
0.997524 -61.5589 0.998274
0.997674 -61.5492 0.998424
0.997824 -61.5394 0.998574
0.997974 -61.5297 0.998574
0.998124   -61.52 0.998724
0.998274 -61.5103 0.998874
0.998424 -61.5006 0.999025
0.998574 -61.4909 0.999175
0.998724 -61.4812 0.999325
0.998874 -61.4715 0.999475
0.999025 -61.4618 0.999625
0.999175 -61.4521 0.999775
0.999325 -61.4424 0.999925
0.999475 -61.4327  1.00008
0.999625  -61.423  1.00023
0.999775 -61.4133  1.00038
0.999925 -61.4037  1.00053
 1.00008  -61.394  1.00068
 1.00023 -61.3843  1.00083
 1.00038 -61.3746  1.00098
 1.00053  -61.365  1.00113
 1.00068 -61.3553  1.00128
 1.00083 -61.3456  1.00143
 1.00098  -61.336  1.00158
 1.00113 -61.3263  1.00158
 1.00128 -61.3167  1.00173
 1.00143  -61.307  1.00188
 1.00158 -61.2974  1.00203
 1.00173 -61.2877  1.00218
 1.00188 -61.2781  1.00233
 1.00203 -61.2684  1.00248
 1.00218 -61.2588  1.00263
 1.00233 -61.2491  1.00278
 1.00248 -61.2395  1.00293
 1.00263 -61.2299  1.00308
 1.00278 -61.2202  1.00323
 1.00293 -61.2106  1.00338
 1.00308  -61.201  1.00353
 1.00323 -61.1914  1.00368
 1.00338 -61.1818  1.00383
 1.00353 -61.1721  1.00398
 1.00368 -61.1625  1.00413
 1.00383 -61.1529  1.00428
 1.00398 -61.1433  1.00443
 1.00413 -61.1337  1.00443
 1.00428 -61.1241  1.00458
 1.00443 -61.1145  1.00473
 1.00458 -61.1049  1.00488
 1.00473 -61.0953  1.00503
 1.00488 -61.0857  1.00518
 1.00503 -61.0761  1.00533
 1.00518 -61.0665  1.00548
 1.00533  -61.057  1.00563
 1.00548 -61.0474  1.00578
 1.00563 -61.0378  1.00593
 1.00578 -61.0282  1.00608
 1.00593 -61.0187  1.00623
 1.00608 -61.0091  1.00638
 1.00623 -60.9995  1.00653
 1.00638   -60.99  1.00668
 1.00653 -60.9804  1.00683
 1.00668 -60.9708  1.00698
 1.00683 -60.9613  1.00713
 1.00698 -60.9517  1.00728
 1.00713 -60.9422  1.00743
 1.00728 -60.9326  1.00743
 1.00743 -60.9231  1.00758
 1.00758 -60.9135  1.00773
 1.00773  -60.904  1.00788
 1.00788 -60.8945  1.00803
 1.00803 -60.8849  1.00818
 1.00818 -60.8754  1.00833
 1.00833 -60.8659  1.00848
 1.00848 -60.8563  1.00863
 1.00863 -60.8468  1.00878
 1.00878 -60.8373  1.00893
 1.00893 -60.8278  1.00908
 1.00908 -60.8182  1.00923
 1.00923 -60.8087  1.00938
 1.00938 -60.7992  1.00953
 1.00953 -60.7897  1.00968
 1.00968 -60.7802  1.00983
 1.00983 -60.7707  1.00998
 1.00998 -60.7612  1.01013
 1.01013 -60.7517  1.01028
 1.01028 -60.7422  1.01043
 1.01043 -60.7327  1.01043
 1.01058 -60.7232  1.01058
 1.01073 -60.7137  1.01073
 1.01088 -60.7042  1.01088
 1.01103 -60.6948  1.01103
 1.01118 -60.6853  1.01118
 1.01133 -60.6758  1.01133
 1.01148 -60.6663  1.01148
 1.01163 -60.6569  1.01163
 1.01178 -60.6474  1.01178
 1.01193 -60.6379  1.01193
 1.01208 -60.6285  1.01208
 1.01223  -60.619  1.01223
 1.01238 -60.6095  1.01238
 1.01253 -60.6001  1.01253
 1.01268 -60.5906  1.01268
 1.01283 -60.5812  1.01283
 1.01298 -60.5717  1.01298
 1.01313 -60.5623  1.01313
 1.01328 -60.5528  1.01328
 1.01343 -60.5434  1.01328
 1.01358  -60.534  1.01343
 1.01373 -60.5245  1.01358
 1.01388 -60.5151  1.01373
 1.01403 -60.5057  1.01388
 1.01418 -60.4962  1.01403
 1.01433 -60.4868  1.01418
 1.01448 -60.4774  1.01433
 1.01463  -60.468  1.01448
 1.01478 -60.4586  1.01463
 1.01493 -60.4491  1.01478
 1.01508 -60.4397  1.01493
 1.01523 -60.4303  1.01508
 1.01538 -60.4209  1.01523
 1.01553 -60.4115  1.01538
 1.01568 -60.4021  1.01553
 1.01583 -60.3927  1.01568
 1.01598 -60.3833  1.01583
 1.01613 -60.3739  1.01598
 1.01628 -60.3645  1.01613
 1.01643 -60.3551  1.01628
 1.01658 -60.3458  1.01628
 1.01673 -60.3364  1.01643
 1.01688  -60.327  1.01658
 1.01703 -60.3176  1.01673
 1.01718 -60.3082  1.01688
 1.01733 -60.2989  1.01703
 1.01748 -60.2895  1.01718
 1.01763 -60.2801  1.01733
 1.01778 -60.2708  1.01748
 1.01793 -60.2614  1.01763
 1.01808  -60.252  1.01778
 1.01823 -60.2427  1.01793
 1.01838 -60.2333  1.01808
 1.01853  -60.224  1.01823
 1.01868 -60.2146  1.01838
 1.01883 -60.2053  1.01853
 1.01898 -60.1959  1.01868
 1.01913 -60.1866  1.01883
 1.01928 -60.1773  1.01898
 1.01943 -60.1679  1.01913
 1.01958 -60.1586  1.01928
 1.01973 -60.1493  1.01928
 1.01988 -60.1399  1.01943
 1.02004 -60.1306  1.01958
 1.02019 -60.1213  1.01973
 1.02034  -60.112  1.01988
 1.02049 -60.1026  1.02004
 1.02064 -60.0933  1.02019
 1.02079  -60.084  1.02034
 1.02094 -60.0747  1.02049
 1.02109 -60.0654  1.02064
 1.02124 -60.0561  1.02079
 1.02139 -60.0468  1.02094
 1.02154 -60.0375  1.02109
 1.02169 -60.0282  1.02124
 1.02184 -60.0189  1.02139
 1.02199 -60.0096  1.02154
 1.02214 -60.0003  1.02169
 1.02229  -59.991  1.02184
 1.02244 -59.9817  1.02199
 1.02259 -59.9725  1.02214
 1.02274 -59.9632  1.02214
 1.02289 -59.9539  1.02229
 1.02304 -59.9446  1.02244
 1.02319 -59.9353  1.02259
 1.02334 -59.9261  1.02274
 1.02349 -59.9168  1.02289
 1.02364 -59.9075  1.02304
 1.02379 -59.8983  1.02319
 1.02394  -59.889  1.02334
 1.02409 -59.8798  1.02349
 1.02424 -59.8705  1.02364
 1.02439 -59.8613  1.02379
 1.02454  -59.852  1.02394
 1.02469 -59.8428  1.02409
 1.02484 -59.8335  1.02424
 1.02499 -59.8243  1.02439
 1.02514  -59.815  1.02454
 1.02529 -59.8058  1.02469
 1.02544 -59.7966  1.02484
 1.02559 -59.7873  1.02499
 1.02574 -59.7781  1.02514
 1.02589 -59.7689  1.02514
 1.02604 -59.7597  1.02529
 1.02619 -59.7504  1.02544
 1.02634 -59.7412  1.02559
 1.02649  -59.732  1.02574
 1.02664 -59.7228  1.02589
 1.02679 -59.7136  1.02604
 1.02694 -59.7044  1.02619
 1.02709 -59.6952  1.02634
 1.02724  -59.686  1.02649
 1.02739 -59.6768  1.02664
 1.02754 -59.6676  1.02679
 1.02769 -59.6584  1.02694
 1.02784 -59.6492  1.02709
 1.02799   -59.64  1.02724
 1.02814 -59.6308  1.02739
 1.02829 -59.6216  1.02754
 1.02844 -59.6124  1.02769
 1.02859 -59.6032  1.02784
 1.02874 -59.5941  1.02784
 1.02889 -59.5849  1.02799
 1.02904 -59.5757  1.02814
 1.02919 -59.5666  1.02829
 1.02934 -59.5574  1.02844
 1.02949 -59.5482  1.02859
 1.02964 -59.5391  1.02874
 1.02979 -59.5299  1.02889
 1.02994 -59.5207  1.02904
 1.03009 -59.5116  1.02919
 1.03024 -59.5024  1.02934
 1.03039 -59.4933  1.02949
 1.03054 -59.4841  1.02964
 1.03069  -59.475  1.02979
 1.03084 -59.4658  1.02994
 1.03099 -59.4567  1.03009
 1.03114 -59.4476  1.03024
 1.03129 -59.4384  1.03039
 1.03144 -59.4293  1.03054
 1.03159 -59.4202  1.03069
 1.03174  -59.411  1.03084
 1.03189 -59.4019  1.03084
 1.03204 -59.3928  1.03099
 1.03219 -59.3837  1.03114
 1.03234 -59.3746  1.03129
 1.03249 -59.3654  1.03144
 1.03264 -59.3563  1.03159
 1.03279 -59.3472  1.03174
 1.03294 -59.3381  1.03189
 1.03309  -59.329  1.03204
 1.03324 -59.3199  1.03219
 1.03339 -59.3108  1.03234
 1.03354 -59.3017  1.03249
 1.03369 -59.2926  1.03264
 1.03384 -59.2835  1.03279
 1.03399 -59.2744  1.03294
 1.03414 -59.2653  1.03309
 1.03429 -59.2563  1.03324
 1.03444 -59.2472  1.03339
 1.03459 -59.2381  1.03354
 1.03474  -59.229  1.03369
 1.03489 -59.2199  1.03369
 1.03504 -59.2109  1.03384
 1.03519 -59.2018  1.03399
 1.03534 -59.1927  1.03414
 1.03549 -59.1837  1.03429
 1.03564 -59.1746  1.03444
 1.03579 -59.1655  1.03459
 1.03594 -59.1565  1.03474
 1.03609 -59.1474  1.03489
 1.03624 -59.1384  1.03504
 1.03639 -59.1293  1.03519
 1.03654 -59.1203  1.03534
 1.03669 -59.1112  1.03549
 1.03684 -59.1022  1.03564
 1.03699 -59.0932  1.03579
 1.03714 -59.0841  1.03594
 1.03729 -59.0751  1.03609
 1.03744  -59.066  1.03624
 1.03759  -59.057  1.03639
 1.03774  -59.048  1.03639
 1.03789  -59.039  1.03654
 1.03804 -59.0299  1.03669
 1.03819 -59.0209  1.03684
 1.03834 -59.0119  1.03699
 1.03849 -59.0029  1.03714
 1.03864 -58.9939  1.03729
 1.03879 -58.9849  1.03744
 1.03894 -58.9759  1.03759
 1.03909 -58.9669  1.03774
 1.03924 -58.9578  1.03789
 1.03939 -58.9488  1.03804
 1.03954 -58.9398  1.03819
 1.03969 -58.9309  1.03834
 1.03984 -58.9219  1.03849
 1.03999 -58.9129  1.03864
 1.04015 -58.9039  1.03879
  1.0403 -58.8949  1.03894
 1.04045 -58.8859  1.03909
  1.0406 -58.8769  1.03924
 1.04075  -58.868  1.03939
  1.0409  -58.859  1.03939
 1.04105   -58.85  1.03954
  1.0412  -58.841  1.03969
 1.04135 -58.8321  1.03984
  1.0415 -58.8231  1.03999
 1.04165 -58.8141  1.04015
  1.0418 -58.8052   1.0403
 1.04195 -58.7962  1.04045
  1.0421 -58.7873   1.0406
 1.04225 -58.7783  1.04075
  1.0424 -58.7694   1.0409
 1.04255 -58.7604  1.04105
  1.0427 -58.7515   1.0412
 1.04285 -58.7425  1.04135
   1.043 -58.7336   1.0415
 1.04315 -58.7246  1.04165
  1.0433 -58.7157   1.0418
 1.04345 -58.7068  1.04195
  1.0436 -58.6978   1.0421
 1.04375 -58.6889   1.0421
  1.0439   -58.68  1.04225
 1.04405 -58.6711   1.0424
  1.0442 -58.6621  1.04255
 1.04435 -58.6532   1.0427
  1.0445 -58.6443  1.04285
 1.04465 -58.6354    1.043
  1.0448 -58.6265  1.04315
 1.04495 -58.6176   1.0433
  1.0451 -58.6087  1.04345
 1.04525 -58.5998   1.0436
  1.0454 -58.5909  1.04375
 1.04555  -58.582   1.0439
  1.0457 -58.5731  1.04405
 1.04585 -58.5642   1.0442
   1.046 -58.5553  1.04435
 1.04615 -58.5464   1.0445
  1.0463 -58.5375  1.04465
 1.04645 -58.5286   1.0448
  1.0466 -58.5197   1.0448
 1.04675 -58.5108  1.04495
  1.0469  -58.502   1.0451
 1.04705 -58.4931  1.04525
  1.0472 -58.4842   1.0454
 1.04735 -58.4754  1.04555
  1.0475 -58.4665   1.0457
 1.04765 -58.4576  1.04585
  1.0478 -58.4488    1.046
 1.04795 -58.4399  1.04615
  1.0481  -58.431   1.0463
 1.04825 -58.4222  1.04645
  1.0484 -58.4133   1.0466
 1.04855 -58.4045  1.04675
  1.0487 -58.3956   1.0469
 1.04885 -58.3868  1.04705
   1.049 -58.3779   1.0472
 1.04915 -58.3691  1.04735
  1.0493 -58.3603   1.0475
 1.04945 -58.3514   1.0475
  1.0496 -58.3426  1.04765
 1.04975 -58.3338   1.0478
  1.0499 -58.3249  1.04795
 1.05005 -58.3161   1.0481
  1.0502 -58.3073  1.04825
 1.05035 -58.2985   1.0484
  1.0505 -58.2896  1.04855
 1.05065 -58.2808   1.0487
  1.0508  -58.272  1.04885
 1.05095 -58.2632    1.049
  1.0511 -58.2544  1.04915
 1.05125 -58.2456   1.0493
  1.0514 -58.2368  1.04945
 1.05155  -58.228   1.0496
  1.0517 -58.2192  1.04975
 1.05185 -58.2104   1.0499
   1.052 -58.2016  1.05005
 1.05215 -58.1928   1.0502
  1.0523  -58.184   1.0502
 1.05245 -58.1752  1.05035
  1.0526 -58.1664   1.0505
 1.05275 -58.1576  1.05065
  1.0529 -58.1489   1.0508
 1.05305 -58.1401  1.05095
  1.0532 -58.1313   1.0511
 1.05335 -58.1225  1.05125
  1.0535 -58.1138   1.0514
 1.05365  -58.105  1.05155
  1.0538 -58.0962   1.0517
 1.05395 -58.0875  1.05185
  1.0541 -58.0787    1.052
 1.05425   -58.07  1.05215
  1.0544 -58.0612   1.0523
 1.05455 -58.0524  1.05245
  1.0547 -58.0437   1.0526
 1.05485 -58.0349  1.05275
   1.055 -58.0262   1.0529
 1.05515 -58.0175   1.0529
  1.0553 -58.0087  1.05305
 1.05545      -58   1.0532
  1.0556 -57.9912  1.05335
 1.05575 -57.9825   1.0535
  1.0559 -57.9738  1.05365
 1.05605  -57.965   1.0538
  1.0562 -57.9563  1.05395
 1.05635 -57.9476   1.0541
  1.0565 -57.9389  1.05425
 1.05665 -57.9302   1.0544
  1.0568 -57.9214  1.05455
 1.05695 -57.9127   1.0547
  1.0571  -57.904  1.05485
 1.05725 -57.8953    1.055
  1.0574 -57.8866  1.05515
 1.05755 -57.8779   1.0553
  1.0577 -57.8692  1.05545
 1.05785 -57.8605   1.0556
   1.058 -57.8518   1.0556
 1.05815 -57.8431  1.05575
  1.0583 -57.8344   1.0559
 1.05845 -57.8257  1.05605
  1.0586  -57.817   1.0562
 1.05875 -57.8083  1.05635
  1.0589 -57.7996   1.0565
 1.05905  -57.791  1.05665
  1.0592 -57.7823   1.0568
 1.05935 -57.7736  1.05695
  1.0595 -57.7649   1.0571
 1.05965 -57.7563  1.05725
  1.0598 -57.7476   1.0574
 1.05995 -57.7389  1.05755
 1.06011 -57.7303   1.0577
 1.06026 -57.7216  1.05785
 1.06041 -57.7129    1.058
 1.06056 -57.7043  1.05815
 1.06071 -57.6956  1.05815
 1.06086  -57.687   1.0583
 1.06101 -57.6783  1.05845
 1.06116 -57.6697   1.0586
 1.06131  -57.661  1.05875
 1.06146 -57.6524   1.0589
 1.06161 -57.6438  1.05905
 1.06176 -57.6351   1.0592
 1.06191 -57.6265  1.05935
 1.06206 -57.6178   1.0595
 1.06221 -57.6092  1.05965
 1.06236 -57.6006   1.0598
 1.06251  -57.592  1.05995
 1.06266 -57.5833  1.06011
 1.06281 -57.5747  1.06026
 1.06296 -57.5661  1.06041
 1.06311 -57.5575  1.06056
 1.06326 -57.5489  1.06071
 1.06341 -57.5403  1.06071
 1.06356 -57.5316  1.06086
 1.06371  -57.523  1.06101
 1.06386 -57.5144  1.06116
 1.06401 -57.5058  1.06131
 1.06416 -57.4972  1.06146
 1.06431 -57.4886  1.06161
 1.06446   -57.48  1.06176
 1.06461 -57.4715  1.06191
 1.06476 -57.4629  1.06206
 1.06491 -57.4543  1.06221
 1.06506 -57.4457  1.06236
 1.06521 -57.4371  1.06251
 1.06536 -57.4285  1.06266
 1.06551 -57.4199  1.06281
 1.06566 -57.4114  1.06296
 1.06581 -57.4028  1.06311
 1.06596 -57.3942  1.06311
 1.06611 -57.3857  1.06326
 1.06626 -57.3771  1.06341
 1.06641 -57.3685  1.06356
 1.06656   -57.36  1.06371
 1.06671 -57.3514  1.06386
 1.06686 -57.3429  1.06401
 1.06701 -57.3343  1.06416
 1.06716 -57.3258  1.06431
 1.06731 -57.3172  1.06446
 1.06746 -57.3087  1.06461
 1.06761 -57.3001  1.06476
 1.06776 -57.2916  1.06491
 1.06791  -57.283  1.06506
 1.06806 -57.2745  1.06521
 1.06821  -57.266  1.06536
 1.06836 -57.2574  1.06551
 1.06851 -57.2489  1.06551
 1.06866 -57.2404  1.06566
 1.06881 -57.2318  1.06581
 1.06896 -57.2233  1.06596
 1.06911 -57.2148  1.06611
 1.06926 -57.2063  1.06626
 1.06941 -57.1978  1.06641
 1.06956 -57.1893  1.06656
 1.06971 -57.1807  1.06671
 1.06986 -57.1722  1.06686
 1.07001 -57.1637  1.06701
 1.07016 -57.1552  1.06716
 1.07031 -57.1467  1.06731
 1.07046 -57.1382  1.06746
 1.07061 -57.1297  1.06761
 1.07076 -57.1212  1.06776
 1.07091 -57.1127  1.06791
 1.07106 -57.1043  1.06806
 1.07121 -57.0958  1.06806
 1.07136 -57.0873  1.06821
 1.07151 -57.0788  1.06836
 1.07166 -57.0703  1.06851
 1.07181 -57.0618  1.06866
 1.07196 -57.0534  1.06881
 1.07211 -57.0449  1.06896
 1.07226 -57.0364  1.06911
 1.07241  -57.028  1.06926
 1.07256 -57.0195  1.06941
 1.07271  -57.011  1.06956
 1.07286 -57.0026  1.06971
 1.07301 -56.9941  1.06986
 1.07316 -56.9857  1.07001
 1.07331 -56.9772  1.07016
 1.07346 -56.9688  1.07031
 1.07361 -56.9603  1.07031
 1.07376 -56.9519  1.07046
 1.07391 -56.9434  1.07061
 1.07406  -56.935  1.07076
 1.07421 -56.9265  1.07091
 1.07436 -56.9181  1.07106
 1.07451 -56.9097  1.07121
 1.07466 -56.9012  1.07136
 1.07481 -56.8928  1.07151
 1.07496 -56.8844  1.07166
 1.07511  -56.876  1.07181
 1.07526 -56.8675  1.07196
 1.07541 -56.8591  1.07211
 1.07556 -56.8507  1.07226
 1.07571 -56.8423  1.07241
 1.07586 -56.8339  1.07256
 1.07601 -56.8255  1.07271
 1.07616  -56.817  1.07271
 1.07631 -56.8086  1.07286
 1.07646 -56.8002  1.07301
 1.07661 -56.7918  1.07316
 1.07676 -56.7834  1.07331
 1.07691  -56.775  1.07346
 1.07706 -56.7666  1.07361
 1.07721 -56.7583  1.07376
 1.07736 -56.7499  1.07391
 1.07751 -56.7415  1.07406
 1.07766 -56.7331  1.07421
 1.07781 -56.7247  1.07436
 1.07796 -56.7163  1.07451
 1.07811 -56.7079  1.07466
 1.07826 -56.6996  1.07481
 1.07841 -56.6912  1.07496
 1.07856 -56.6828  1.07511
 1.07871 -56.6745  1.07511
 1.07886 -56.6661  1.07526
 1.07901 -56.6577  1.07541
 1.07916 -56.6494  1.07556
 1.07931  -56.641  1.07571
 1.07946 -56.6327  1.07586
 1.07961 -56.6243  1.07601
 1.07976  -56.616  1.07616
 1.07991 -56.6076  1.07631
 1.08007 -56.5993  1.07646
 1.08022 -56.5909  1.07661
 1.08037 -56.5826  1.07676
 1.08052 -56.5742  1.07691
 1.08067 -56.5659  1.07706
 1.08082 -56.5576  1.07721
 1.08097 -56.5492  1.07736
 1.08112 -56.5409  1.07736
 1.08127 -56.5326  1.07751
 1.08142 -56.5242  1.07766
 1.08157 -56.5159  1.07781
 1.08172 -56.5076  1.07796
 1.08187 -56.4993  1.07811
 1.08202  -56.491  1.07826
 1.08217 -56.4827  1.07841
 1.08232 -56.4743  1.07856
 1.08247  -56.466  1.07871
 1.08262 -56.4577  1.07886
 1.08277 -56.4494  1.07901
 1.08292 -56.4411  1.07916
 1.08307 -56.4328  1.07931
 1.08322 -56.4245  1.07946
 1.08337 -56.4162  1.07961
 1.08352 -56.4079  1.07961
 1.08367 -56.3996  1.07976
 1.08382 -56.3914  1.07991
 1.08397 -56.3831  1.08007
 1.08412 -56.3748  1.08022
 1.08427 -56.3665  1.08037
 1.08442 -56.3582  1.08052
 1.08457   -56.35  1.08067
 1.08472 -56.3417  1.08082
 1.08487 -56.3334  1.08097
 1.08502 -56.3251  1.08112
 1.08517 -56.3169  1.08127
 1.08532 -56.3086  1.08142
 1.08547 -56.3004  1.08157
 1.08562 -56.2921  1.08172
 1.08577 -56.2838  1.08172
 1.08592 -56.2756  1.08187
 1.08607 -56.2673  1.08202
 1.08622 -56.2591  1.08217
 1.08637 -56.2508  1.08232
 1.08652 -56.2426  1.08247
 1.08667 -56.2344  1.08262
 1.08682 -56.2261  1.08277
 1.08697 -56.2179  1.08292
 1.08712 -56.2096  1.08307
 1.08727 -56.2014  1.08322
 1.08742 -56.1932  1.08337
 1.08757  -56.185  1.08352
 1.08772 -56.1767  1.08367
 1.08787 -56.1685  1.08382
 1.08802 -56.1603  1.08382
 1.08817 -56.1521  1.08397
 1.08832 -56.1439  1.08412
 1.08847 -56.1356  1.08427
 1.08862 -56.1274  1.08442
 1.08877 -56.1192  1.08457
 1.08892  -56.111  1.08472
 1.08907 -56.1028  1.08487
 1.08922 -56.0946  1.08502
 1.08937 -56.0864  1.08517
 1.08952 -56.0782  1.08532
 1.08967   -56.07  1.08547
 1.08982 -56.0618  1.08562
 1.08997 -56.0536  1.08577
 1.09012 -56.0455  1.08592
 1.09027 -56.0373  1.08592
 1.09042 -56.0291  1.08607
 1.09057 -56.0209  1.08622
 1.09072 -56.0127  1.08637
 1.09087 -56.0046  1.08652
 1.09102 -55.9964  1.08667
 1.09117 -55.9882  1.08682
 1.09132   -55.98  1.08697
 1.09147 -55.9719  1.08712
 1.09162 -55.9637  1.08727
 1.09177 -55.9556  1.08742
 1.09192 -55.9474  1.08757
 1.09207 -55.9392  1.08772
 1.09222 -55.9311  1.08787
 1.09237 -55.9229  1.08787
 1.09252 -55.9148  1.08802
 1.09267 -55.9066  1.08817
 1.09282 -55.8985  1.08832
 1.09297 -55.8904  1.08847
 1.09312 -55.8822  1.08862
 1.09327 -55.8741  1.08877
 1.09342 -55.8659  1.08892
 1.09357 -55.8578  1.08907
 1.09372 -55.8497  1.08922
 1.09387 -55.8416  1.08937
 1.09402 -55.8334  1.08952
 1.09417 -55.8253  1.08967
 1.09432 -55.8172  1.08982
 1.09447 -55.8091  1.08997
 1.09462  -55.801  1.08997
 1.09477 -55.7928  1.09012
 1.09492 -55.7847  1.09027
 1.09507 -55.7766  1.09042
 1.09522 -55.7685  1.09057
 1.09537 -55.7604  1.09072
 1.09552 -55.7523  1.09087
 1.09567 -55.7442  1.09102
 1.09582 -55.7361  1.09117
 1.09597  -55.728  1.09132
 1.09612 -55.7199  1.09147
 1.09627 -55.7119  1.09162
 1.09642 -55.7038  1.09177
 1.09657 -55.6957  1.09177
 1.09672 -55.6876  1.09192
 1.09687 -55.6795  1.09207
 1.09702 -55.6714  1.09222
 1.09717 -55.6634  1.09237
 1.09732 -55.6553  1.09252
 1.09747 -55.6472  1.09267
 1.09762 -55.6392  1.09282
 1.09777 -55.6311  1.09297
 1.09792  -55.623  1.09312
 1.09807  -55.615  1.09327
 1.09822 -55.6069  1.09342
 1.09837 -55.5989  1.09342
 1.09852 -55.5908  1.09357
 1.09867 -55.5828  1.09372
 1.09882 -55.5747  1.09387
 1.09897 -55.5667  1.09402
 1.09912 -55.5586  1.09417
 1.09927 -55.5506  1.09432
 1.09942 -55.5426  1.09447
 1.09957 -55.5345  1.09462
 1.09972 -55.5265  1.09477
 1.09987 -55.5185  1.09492
 1.10003 -55.5105  1.09507
 1.10018 -55.5024  1.09507
 1.10033 -55.4944  1.09522
 1.10048 -55.4864  1.09537
 1.10063 -55.4784  1.09552
 1.10078 -55.4704  1.09567
 1.10093 -55.4624  1.09582
 1.10108 -55.4543  1.09597
 1.10123 -55.4463  1.09612
 1.10138 -55.4383  1.09627
 1.10153 -55.4303  1.09642
 1.10168 -55.4223  1.09657
 1.10183 -55.4143  1.09672
 1.10198 -55.4064  1.09672
 1.10213 -55.3984  1.09687
 1.10228 -55.3904  1.09702
 1.10243 -55.3824  1.09717
 1.10258 -55.3744  1.09732
 1.10273 -55.3664  1.09747
 1.10288 -55.3584  1.09762
 1.10303 -55.3505  1.09777
 1.10318 -55.3425  1.09792
 1.10333 -55.3345  1.09807
 1.10348 -55.3266  1.09822
 1.10363 -55.3186  1.09837
 1.10378 -55.3106  1.09837
 1.10393 -55.3027  1.09852
 1.10408 -55.2947  1.09867
 1.10423 -55.2868  1.09882
 1.10438 -55.2788  1.09897
 1.10453 -55.2709  1.09912
 1.10468 -55.2629  1.09927
 1.10483  -55.255  1.09942
 1.10498  -55.247  1.09957
 1.10513 -55.2391  1.09972
 1.10528 -55.2311  1.09987
 1.10543 -55.2232  1.10003
 1.10558 -55.2153  1.10003
 1.10573 -55.2073  1.10018
 1.10588 -55.1994  1.10033
 1.10603 -55.1915  1.10048
 1.10618 -55.1836  1.10063
 1.10633 -55.1756  1.10078
 1.10648 -55.1677  1.10093
 1.10663 -55.1598  1.10108
 1.10678 -55.1519  1.10123
 1.10693  -55.144  1.10138
 1.10708 -55.1361  1.10153
 1.10723 -55.1282  1.10153
 1.10738 -55.1203  1.10168
 1.10753 -55.1124  1.10183
 1.10768 -55.1045  1.10198
 1.10783 -55.0966  1.10213
 1.10798 -55.0887  1.10228
 1.10813 -55.0808  1.10243
 1.10828 -55.0729  1.10258
 1.10843  -55.065  1.10273
 1.10858 -55.0572  1.10288
 1.10873 -55.0493  1.10303
 1.10888 -55.0414  1.10318
 1.10903 -55.0335  1.10318
 1.10918 -55.0257  1.10333
 1.10933 -55.0178  1.10348
 1.10948 -55.0099  1.10363
 1.10963 -55.0021  1.10378
 1.10978 -54.9942  1.10393
 1.10993 -54.9863  1.10408
 1.11008 -54.9785  1.10423
 1.11023 -54.9706  1.10438
 1.11038 -54.9628  1.10453
 1.11053 -54.9549  1.10468
 1.11068 -54.9471  1.10468
 1.11083 -54.9392  1.10483
 1.11098 -54.9314  1.10498
 1.11113 -54.9235  1.10513
 1.11128 -54.9157  1.10528
 1.11143 -54.9079  1.10543
 1.11158    -54.9  1.10558
 1.11173 -54.8922  1.10573
 1.11188 -54.8844  1.10588
 1.11203 -54.8766  1.10603
 1.11218 -54.8687  1.10618
 1.11233 -54.8609  1.10618
 1.11248 -54.8531  1.10633
 1.11263 -54.8453  1.10648
 1.11278 -54.8375  1.10663
 1.11293 -54.8297  1.10678
 1.11308 -54.8219  1.10693
 1.11323 -54.8141  1.10708
 1.11338 -54.8063  1.10723
 1.11353 -54.7985  1.10738
 1.11368 -54.7907  1.10753
 1.11383 -54.7829  1.10768
 1.11398 -54.7751  1.10768
 1.11413 -54.7673  1.10783
 1.11428 -54.7595  1.10798
 1.11443 -54.7517  1.10813
 1.11458 -54.7439  1.10828
 1.11473 -54.7362  1.10843
 1.11488 -54.7284  1.10858
 1.11503 -54.7206  1.10873
 1.11518 -54.7128  1.10888
 1.11533 -54.7051  1.10903
 1.11548 -54.6973  1.10918
 1.11563 -54.6896  1.10918
 1.11578 -54.6818  1.10933
 1.11593  -54.674  1.10948
 1.11608 -54.6663  1.10963
 1.11623 -54.6585  1.10978
 1.11638 -54.6508  1.10993
 1.11653  -54.643  1.11008
 1.11668 -54.6353  1.11023
 1.11683 -54.6275  1.11038
 1.11698 -54.6198  1.11053
 1.11713 -54.6121  1.11053
 1.11728 -54.6043  1.11068
 1.11743 -54.5966  1.11083
 1.11758 -54.5889  1.11098
 1.11773 -54.5811  1.11113
 1.11788 -54.5734  1.11128
 1.11803 -54.5657  1.11143
 1.11818  -54.558  1.11158
 1.11833 -54.5502  1.11173
 1.11848 -54.5425  1.11188
 1.11863 -54.5348  1.11203
 1.11878 -54.5271  1.11203
 1.11893 -54.5194  1.11218
 1.11908 -54.5117  1.11233
 1.11923  -54.504  1.11248
 1.11938 -54.4963  1.11263
 1.11953 -54.4886  1.11278
 1.11968 -54.4809  1.11293
 1.11983 -54.4732  1.11308
 1.11998 -54.4655  1.11323
 1.12014 -54.4578  1.11323
 1.12029 -54.4502  1.11338
 1.12044 -54.4425  1.11353
 1.12059 -54.4348  1.11368
 1.12074 -54.4271  1.11383
 1.12089 -54.4194  1.11398
 1.12104 -54.4118  1.11413
 1.12119 -54.4041  1.11428
 1.12134 -54.3964  1.11443
 1.12149 -54.3888  1.11458
 1.12164 -54.3811  1.11458
 1.12179 -54.3735  1.11473
 1.12194 -54.3658  1.11488
 1.12209 -54.3582  1.11503
 1.12224 -54.3505  1.11518
 1.12239 -54.3429  1.11533
 1.12254 -54.3352  1.11548
 1.12269 -54.3276  1.11563
 1.12284 -54.3199  1.11578
 1.12299 -54.3123  1.11593
 1.12314 -54.3047  1.11593
 1.12329  -54.297  1.11608
 1.12344 -54.2894  1.11623
 1.12359 -54.2818  1.11638
 1.12374 -54.2742  1.11653
 1.12389 -54.2665  1.11668
 1.12404 -54.2589  1.11683
 1.12419 -54.2513  1.11698
 1.12434 -54.2437  1.11713
 1.12449 -54.2361  1.11713
 1.12464 -54.2285  1.11728
 1.12479 -54.2209  1.11743
 1.12494 -54.2133  1.11758
 1.12509 -54.2057  1.11773
 1.12524 -54.1981  1.11788
 1.12539 -54.1905  1.11803
 1.12554 -54.1829  1.11818
 1.12569 -54.1753  1.11818
 1.12584 -54.1677  1.11833
 1.12599 -54.1601  1.11848
 1.12614 -54.1526  1.11863
 1.12629  -54.145  1.11878
 1.12644 -54.1374  1.11893
 1.12659 -54.1298  1.11908
 1.12674 -54.1223  1.11923
 1.12689 -54.1147  1.11938
 1.12704 -54.1071  1.11938
 1.12719 -54.0996  1.11953
 1.12734  -54.092  1.11968
 1.12749 -54.0845  1.11983
 1.12764 -54.0769  1.11998
 1.12779 -54.0694  1.12014
 1.12794 -54.0618  1.12029
 1.12809 -54.0543  1.12044
 1.12824 -54.0467  1.12059
 1.12839 -54.0392  1.12059
 1.12854 -54.0317  1.12074
 1.12869 -54.0241  1.12089
 1.12884 -54.0166  1.12104
 1.12899 -54.0091  1.12119
 1.12914 -54.0015  1.12134
 1.12929  -53.994  1.12149
 1.12944 -53.9865  1.12164
 1.12959  -53.979  1.12164
 1.12974 -53.9715  1.12179
 1.12989  -53.964  1.12194
 1.13004 -53.9564  1.12209
 1.13019 -53.9489  1.12224
 1.13034 -53.9414  1.12239
 1.13049 -53.9339  1.12254
 1.13064 -53.9264  1.12269
 1.13079 -53.9189  1.12269
 1.13094 -53.9115  1.12284
 1.13109  -53.904  1.12299
 1.13124 -53.8965  1.12314
 1.13139  -53.889  1.12329
 1.13154 -53.8815  1.12344
 1.13169  -53.874  1.12359
 1.13184 -53.8666  1.12374
 1.13199 -53.8591  1.12389
 1.13214 -53.8516  1.12389
 1.13229 -53.8441  1.12404
 1.13244 -53.8367  1.12419
 1.13259 -53.8292  1.12434
 1.13274 -53.8218  1.12449
 1.13289 -53.8143  1.12449
 1.13304 -53.8069  1.12464
 1.13319 -53.7994  1.12479
 1.13334  -53.792  1.12494
 1.13349 -53.7845  1.12509
 1.13364 -53.7771  1.12509
 1.13379 -53.7697  1.12524
 1.13394 -53.7622  1.12539
 1.13409 -53.7548  1.12554
 1.13424 -53.7474  1.12569
 1.13439   -53.74  1.12569
 1.13454 -53.7326  1.12584
 1.13469 -53.7252  1.12599
 1.13484 -53.7178  1.12614
 1.13499 -53.7104  1.12629
 1.13514  -53.703  1.12629
 1.13529 -53.6956  1.12644
 1.13544 -53.6882  1.12659
 1.13559 -53.6808  1.12674
 1.13574 -53.6734  1.12689
 1.13589  -53.666  1.12689
 1.13604 -53.6586  1.12704
 1.13619 -53.6513  1.12719
 1.13634 -53.6439  1.12734
 1.13649 -53.6365  1.12749
 1.13664 -53.6292  1.12749
 1.13679 -53.6218  1.12764
 1.13694 -53.6145  1.12779
 1.13709 -53.6071  1.12794
 1.13724 -53.5998  1.12809
 1.13739 -53.5924  1.12809
 1.13754 -53.5851  1.12824
 1.13769 -53.5777  1.12839
 1.13784 -53.5704  1.12854
 1.13799 -53.5631  1.12869
 1.13814 -53.5558  1.12869
 1.13829 -53.5484  1.12884
 1.13844 -53.5411  1.12899
 1.13859 -53.5338  1.12914
 1.13874 -53.5265  1.12929
 1.13889 -53.5192  1.12929
 1.13904 -53.5119  1.12944
 1.13919 -53.5046  1.12959
 1.13934 -53.4973  1.12974
 1.13949   -53.49  1.12989
 1.13964 -53.4827  1.12989
 1.13979 -53.4754  1.13004
 1.13994 -53.4681  1.13019
  1.1401 -53.4608  1.13034
 1.14025 -53.4536  1.13049
  1.1404 -53.4463  1.13049
 1.14055  -53.439  1.13064
  1.1407 -53.4318  1.13079
 1.14085 -53.4245  1.13094
   1.141 -53.4172  1.13109
 1.14115   -53.41  1.13109
  1.1413 -53.4027  1.13124
 1.14145 -53.3955  1.13139
  1.1416 -53.3882  1.13154
 1.14175  -53.381  1.13169
  1.1419 -53.3738  1.13184
 1.14205 -53.3665  1.13184
  1.1422 -53.3593  1.13199
 1.14235 -53.3521  1.13214
  1.1425 -53.3448  1.13229
 1.14265 -53.3376  1.13244
  1.1428 -53.3304  1.13244
 1.14295 -53.3232  1.13259
  1.1431  -53.316  1.13274
 1.14325 -53.3088  1.13289
  1.1434 -53.3016  1.13289
 1.14355 -53.2944  1.13304
  1.1437 -53.2872  1.13319
 1.14385   -53.28  1.13334
   1.144 -53.2728  1.13349
 1.14415 -53.2656  1.13349
  1.1443 -53.2584  1.13364
 1.14445 -53.2513  1.13379
  1.1446 -53.2441  1.13394
 1.14475 -53.2369  1.13409
  1.1449 -53.2298  1.13409
 1.14505 -53.2226  1.13424
  1.1452 -53.2154  1.13439
 1.14535 -53.2083  1.13454
  1.1455 -53.2011  1.13469
 1.14565  -53.194  1.13469
  1.1458 -53.1868  1.13484
 1.14595 -53.1797  1.13499
  1.1461 -53.1726  1.13514
 1.14625 -53.1654  1.13529
  1.1464 -53.1583  1.13529
 1.14655 -53.1512  1.13544
  1.1467 -53.1441  1.13559
 1.14685 -53.1369  1.13574
   1.147 -53.1298  1.13589
 1.14715 -53.1227  1.13589
  1.1473 -53.1156  1.13604
 1.14745 -53.1085  1.13619
  1.1476 -53.1014  1.13634
 1.14775 -53.0943  1.13649
  1.1479 -53.0872  1.13649
 1.14805 -53.0801  1.13664
  1.1482  -53.073  1.13679
 1.14835 -53.0659  1.13694
  1.1485 -53.0589  1.13694
 1.14865 -53.0518  1.13709
  1.1488 -53.0447  1.13724
 1.14895 -53.0376  1.13739
  1.1491 -53.0306  1.13754
 1.14925 -53.0235  1.13754
  1.1494 -53.0164  1.13769
 1.14955 -53.0094  1.13784
  1.1497 -53.0023  1.13799
 1.14985 -52.9953  1.13814
    1.15 -52.9882  1.13814