 kgrid  ValNew  Policy 
    0.85 -74.3895 0.862756
 0.85015 -74.3756 0.862906
  0.8503 -74.3617 0.863057
 0.85045 -74.3478 0.863057
  0.8506  -74.334 0.863207
 0.85075 -74.3201 0.863357
  0.8509 -74.3063 0.863507
0.851051 -74.2925 0.863507
0.851201 -74.2786 0.863657
0.851351 -74.2648 0.863807
0.851501  -74.251 0.863957
0.851651 -74.2372 0.863957
0.851801 -74.2235 0.864107
0.851951 -74.2097 0.864257
0.852101 -74.1959 0.864407
0.852251 -74.1822 0.864407
0.852401 -74.1684 0.864557
0.852551 -74.1547 0.864707
0.852701  -74.141 0.864857
0.852851 -74.1273 0.864857
0.853002 -74.1135 0.865008
0.853152 -74.0999 0.865158
0.853302 -74.0862 0.865308
0.853452 -74.0725 0.865308
0.853602 -74.0588 0.865458
0.853752 -74.0452 0.865608
0.853902 -74.0315 0.865758
0.854052 -74.0179 0.865758
0.854202 -74.0042 0.865908
0.854352 -73.9906 0.866058
0.854502  -73.977 0.866208
0.854652 -73.9634 0.866358
0.854802 -73.9498 0.866358
0.854952 -73.9362 0.866508
0.855103 -73.9226 0.866658
0.855253 -73.9091 0.866808
0.855403 -73.8955 0.866808
0.855553 -73.8819 0.866958
0.855703 -73.8684 0.867109
0.855853 -73.8549 0.867259
0.856003 -73.8413 0.867259
0.856153 -73.8278 0.867409
0.856303 -73.8143 0.867559
0.856453 -73.8008 0.867709
0.856603 -73.7873 0.867709
0.856753 -73.7739 0.867859
0.856903 -73.7604 0.868009
0.857054 -73.7469 0.868159
0.857204 -73.7335 0.868159
0.857354   -73.72 0.868309
0.857504 -73.7066 0.868459
0.857654 -73.6932 0.868609
0.857804 -73.6798 0.868759
0.857954 -73.6664 0.868759
0.858104 -73.6529 0.868909
0.858254 -73.6396  0.86906
0.858404 -73.6262  0.86921
0.858554 -73.6128  0.86921
0.858704 -73.5994  0.86936
0.858854 -73.5861  0.86951
0.859005 -73.5727  0.86966
0.859155 -73.5594  0.86966
0.859305 -73.5461  0.86981
0.859455 -73.5328  0.86996
0.859605 -73.5195  0.87011
0.859755 -73.5062  0.87011
0.859905 -73.4929  0.87026
0.860055 -73.4796  0.87041
0.860205 -73.4663  0.87056
0.860355  -73.453  0.87071
0.860505 -73.4398  0.87071
0.860655 -73.4265  0.87086
0.860805 -73.4133 0.871011
0.860955    -73.4 0.871161
0.861106 -73.3868 0.871311
0.861256 -73.3736 0.871461
0.861406 -73.3604 0.871611
0.861556 -73.3471 0.871611
0.861706 -73.3339 0.871761
0.861856 -73.3207 0.871911
0.862006 -73.3075 0.872061
0.862156 -73.2944 0.872211
0.862306 -73.2812 0.872361
0.862456  -73.268 0.872511
0.862606 -73.2548 0.872511
0.862756 -73.2417 0.872661
0.862906 -73.2285 0.872811
0.863057 -73.2154 0.872961
0.863207 -73.2022 0.873112
0.863357 -73.1891 0.873262
0.863507  -73.176 0.873412
0.863657 -73.1628 0.873562
0.863807 -73.1497 0.873562
0.863957 -73.1366 0.873712
0.864107 -73.1235 0.873862
0.864257 -73.1104 0.874012
0.864407 -73.0973 0.874162
0.864557 -73.0842 0.874312
0.864707 -73.0711 0.874462
0.864857 -73.0581 0.874462
0.865008  -73.045 0.874612
0.865158 -73.0319 0.874762
0.865308 -73.0189 0.874912
0.865458 -73.0058 0.875063
0.865608 -72.9928 0.875213
0.865758 -72.9797 0.875363
0.865908 -72.9667 0.875513
0.866058 -72.9537 0.875513
0.866208 -72.9407 0.875663
0.866358 -72.9277 0.875813
0.866508 -72.9146 0.875963
0.866658 -72.9016 0.876113
0.866808 -72.8886 0.876263
0.866958 -72.8757 0.876413
0.867109 -72.8627 0.876563
0.867259 -72.8497 0.876563
0.867409 -72.8367 0.876713
0.867559 -72.8238 0.876863
0.867709 -72.8108 0.877014
0.867859 -72.7978 0.877164
0.868009 -72.7849 0.877314
0.868159  -72.772 0.877464
0.868309  -72.759 0.877614
0.868459 -72.7461 0.877614
0.868609 -72.7332 0.877764
0.868759 -72.7202 0.877914
0.868909 -72.7073 0.878064
 0.86906 -72.6944 0.878214
 0.86921 -72.6815 0.878364
 0.86936 -72.6686 0.878514
 0.86951 -72.6558 0.878664
 0.86966 -72.6429 0.878664
 0.86981   -72.63 0.878814
 0.86996 -72.6171 0.878964
 0.87011 -72.6043 0.879115
 0.87026 -72.5914 0.879265
 0.87041 -72.5785 0.879415
 0.87056 -72.5657 0.879565
 0.87071 -72.5529 0.879565
 0.87086   -72.54 0.879715
0.871011 -72.5272 0.879865
0.871161 -72.5144 0.880015
0.871311 -72.5015 0.880165
0.871461 -72.4887 0.880315
0.871611 -72.4759 0.880465
0.871761 -72.4631 0.880615
0.871911 -72.4503 0.880765
0.872061 -72.4375 0.880915
0.872211 -72.4247 0.880915
0.872361  -72.412 0.881066
0.872511 -72.3992 0.881216
0.872661 -72.3864 0.881366
0.872811 -72.3737 0.881516
0.872961 -72.3609 0.881666
0.873112 -72.3481 0.881816
0.873262 -72.3354 0.881966
0.873412 -72.3227 0.882116
0.873562 -72.3099 0.882116
0.873712 -72.2972 0.882266
0.873862 -72.2845 0.882416
0.874012 -72.2717 0.882566
0.874162  -72.259 0.882716
0.874312 -72.2463 0.882866
0.874462 -72.2336 0.883017
0.874612 -72.2209 0.883167
0.874762 -72.2082 0.883317
0.874912 -72.1955 0.883317
0.875063 -72.1829 0.883467
0.875213 -72.1702 0.883617
0.875363 -72.1575 0.883767
0.875513 -72.1448 0.883917
0.875663 -72.1322 0.884067
0.875813 -72.1195 0.884217
0.875963 -72.1069 0.884367
0.876113 -72.0942 0.884517
0.876263 -72.0816 0.884517
0.876413  -72.069 0.884667
0.876563 -72.0563 0.884817
0.876713 -72.0437 0.884967
0.876863 -72.0311 0.885118
0.877014 -72.0185 0.885268
0.877164 -72.0059 0.885418
0.877314 -71.9933 0.885568
0.877464 -71.9807 0.885718
0.877614 -71.9681 0.885718
0.877764 -71.9555 0.885868
0.877914 -71.9429 0.886018
0.878064 -71.9303 0.886168
0.878214 -71.9178 0.886318
0.878364 -71.9052 0.886468
0.878514 -71.8926 0.886618
0.878664 -71.8801 0.886768
0.878814 -71.8675 0.886918
0.878964  -71.855 0.887069
0.879115 -71.8425 0.887069
0.879265 -71.8299 0.887219
0.879415 -71.8174 0.887369
0.879565 -71.8049 0.887519
0.879715 -71.7924 0.887669
0.879865 -71.7798 0.887819
0.880015 -71.7673 0.887969
0.880165 -71.7548 0.888119
0.880315 -71.7423 0.888269
0.880465 -71.7298 0.888419
0.880615 -71.7174 0.888419
0.880765 -71.7049 0.888569
0.880915 -71.6924 0.888719
0.881066 -71.6799 0.888869
0.881216 -71.6675  0.88902
0.881366  -71.655  0.88917
0.881516 -71.6425  0.88932
0.881666 -71.6301  0.88947
0.881816 -71.6177  0.88962
0.881966 -71.6052  0.88962
0.882116 -71.5928  0.88977
0.882266 -71.5803  0.88992
0.882416 -71.5679  0.89007
0.882566 -71.5555  0.89022
0.882716 -71.5431  0.89037
0.882866 -71.5307  0.89052
0.883017 -71.5183  0.89067
0.883167 -71.5059  0.89082
0.883317 -71.4935  0.89097
0.883467 -71.4811  0.89097
0.883617 -71.4687 0.891121
0.883767 -71.4563 0.891271
0.883917  -71.444 0.891421
0.884067 -71.4316 0.891571
0.884217 -71.4192 0.891721
0.884367 -71.4069 0.891871
0.884517 -71.3945 0.892021
0.884667 -71.3822 0.892171
0.884817 -71.3698 0.892321
0.884967 -71.3575 0.892321
0.885118 -71.3451 0.892471
0.885268 -71.3328 0.892621
0.885418 -71.3205 0.892771
0.885568 -71.3082 0.892921
0.885718 -71.2958 0.893072
0.885868 -71.2835 0.893222
0.886018 -71.2712 0.893372
0.886168 -71.2589 0.893522
0.886318 -71.2466 0.893672
0.886468 -71.2344 0.893822
0.886618 -71.2221 0.893822
0.886768 -71.2098 0.893972
0.886918 -71.1975 0.894122
0.887069 -71.1852 0.894272
0.887219  -71.173 0.894422
0.887369 -71.1607 0.894572
0.887519 -71.1485 0.894722
0.887669 -71.1362 0.894872
0.887819  -71.124 0.895023
0.887969 -71.1117 0.895173
0.888119 -71.0995 0.895173
0.888269 -71.0873 0.895323
0.888419  -71.075 0.895473
0.888569 -71.0628 0.895623
0.888719 -71.0506 0.895773
0.888869 -71.0384 0.895923
 0.88902 -71.0262 0.896073
 0.88917  -71.014 0.896223
 0.88932 -71.0018 0.896373
 0.88947 -70.9896 0.896523
 0.88962 -70.9774 0.896673
 0.88977 -70.9652 0.896673
 0.88992  -70.953 0.896823
 0.89007 -70.9409 0.896973
 0.89022 -70.9287 0.897124
 0.89037 -70.9165 0.897274
 0.89052 -70.9044 0.897424
 0.89067 -70.8922 0.897574
 0.89082 -70.8801 0.897724
 0.89097 -70.8679 0.897874
0.891121 -70.8558 0.898024
0.891271 -70.8437 0.898024
0.891421 -70.8315 0.898174
0.891571 -70.8194 0.898324
0.891721 -70.8073 0.898474
0.891871 -70.7952 0.898624
0.892021  -70.783 0.898774
0.892171 -70.7709 0.898924
0.892321 -70.7588 0.899075
0.892471 -70.7467 0.899225
0.892621 -70.7346 0.899375
0.892771 -70.7226 0.899525
0.892921 -70.7105 0.899675
0.893072 -70.6984 0.899675
0.893222 -70.6863 0.899825
0.893372 -70.6743 0.899975
0.893522 -70.6622 0.900125
0.893672 -70.6501 0.900275
0.893822 -70.6381 0.900425
0.893972  -70.626 0.900575
0.894122  -70.614 0.900725
0.894272 -70.6019 0.900875
0.894422 -70.5899 0.901026
0.894572 -70.5778 0.901176
0.894722 -70.5658 0.901326
0.894872 -70.5538 0.901326
0.895023 -70.5418 0.901476
0.895173 -70.5297 0.901626
0.895323 -70.5177 0.901776
0.895473 -70.5057 0.901926
0.895623 -70.4937 0.902076
0.895773 -70.4817 0.902226
0.895923 -70.4697 0.902376
0.896073 -70.4577 0.902526
0.896223 -70.4457 0.902676
0.896373 -70.4338 0.902826
0.896523 -70.4218 0.902976
0.896673 -70.4098 0.903127
0.896823 -70.3978 0.903277
0.896973 -70.3859 0.903277
0.897124 -70.3739 0.903427
0.897274  -70.362 0.903577
0.897424   -70.35 0.903727
0.897574  -70.338 0.903877
0.897724 -70.3261 0.904027
0.897874 -70.3142 0.904177
0.898024 -70.3022 0.904327
0.898174 -70.2903 0.904477
0.898324 -70.2784 0.904627
0.898474 -70.2664 0.904777
0.898624 -70.2545 0.904927
0.898774 -70.2426 0.905078
0.898924 -70.2307 0.905078
0.899075 -70.2188 0.905228
0.899225 -70.2069 0.905378
0.899375  -70.195 0.905528
0.899525 -70.1831 0.905678
0.899675 -70.1712 0.905828
0.899825 -70.1593 0.905978
0.899975 -70.1474 0.906128
0.900125 -70.1356 0.906278
0.900275 -70.1237 0.906428
0.900425 -70.1118 0.906578
0.900575    -70.1 0.906728
0.900725 -70.0881 0.906878
0.900875 -70.0762 0.906878
0.901026 -70.0644 0.907029
0.901176 -70.0525 0.907179
0.901326 -70.0407 0.907329
0.901476 -70.0289 0.907479
0.901626  -70.017 0.907629
0.901776 -70.0052 0.907779
0.901926 -69.9934 0.907929
0.902076 -69.9815 0.908079
0.902226 -69.9697 0.908229
0.902376 -69.9579 0.908379
0.902526 -69.9461 0.908529
0.902676 -69.9343 0.908679
0.902826 -69.9225 0.908829
0.902976 -69.9107 0.908829
0.903127 -69.8989 0.908979
0.903277 -69.8871  0.90913
0.903427 -69.8753  0.90928
0.903577 -69.8635  0.90943
0.903727 -69.8518  0.90958
0.903877   -69.84  0.90973
0.904027 -69.8282  0.90988
0.904177 -69.8165  0.91003
0.904327 -69.8047  0.91018
0.904477 -69.7929  0.91033
0.904627 -69.7812  0.91048
0.904777 -69.7694  0.91063
0.904927 -69.7577  0.91078
0.905078  -69.746  0.91093
0.905228 -69.7342  0.91093
0.905378 -69.7225 0.911081
0.905528 -69.7108 0.911231
0.905678  -69.699 0.911381
0.905828 -69.6873 0.911531
0.905978 -69.6756 0.911681
0.906128 -69.6639 0.911831
0.906278 -69.6522 0.911981
0.906428 -69.6405 0.912131
0.906578 -69.6288 0.912281
0.906728 -69.6171 0.912431
0.906878 -69.6054 0.912581
0.907029 -69.5937 0.912731
0.907179  -69.582 0.912881
0.907329 -69.5703 0.912881
0.907479 -69.5587 0.913032
0.907629  -69.547 0.913182
0.907779 -69.5353 0.913332
0.907929 -69.5237 0.913482
0.908079  -69.512 0.913632
0.908229 -69.5003 0.913782
0.908379 -69.4887 0.913932
0.908529  -69.477 0.914082
0.908679 -69.4654 0.914232
0.908829 -69.4537 0.914382
0.908979 -69.4421 0.914532
 0.90913 -69.4305 0.914682
 0.90928 -69.4188 0.914832
 0.90943 -69.4072 0.914982
 0.90958 -69.3956 0.914982
 0.90973  -69.384 0.915133
 0.90988 -69.3724 0.915283
 0.91003 -69.3608 0.915433
 0.91018 -69.3492 0.915583
 0.91033 -69.3375 0.915733
 0.91048  -69.326 0.915883
 0.91063 -69.3144 0.916033
 0.91078 -69.3028 0.916183
 0.91093 -69.2912 0.916333
0.911081 -69.2796 0.916483
0.911231  -69.268 0.916633
0.911381 -69.2564 0.916783
0.911531 -69.2449 0.916933
0.911681 -69.2333 0.917084
0.911831 -69.2217 0.917234
0.911981 -69.2102 0.917234
0.912131 -69.1986 0.917384
0.912281 -69.1871 0.917534
0.912431 -69.1755 0.917684
0.912581  -69.164 0.917834
0.912731 -69.1524 0.917984
0.912881 -69.1409 0.918134
0.913032 -69.1294 0.918284
0.913182 -69.1178 0.918434
0.913332 -69.1063 0.918584
0.913482 -69.0948 0.918734
0.913632 -69.0833 0.918884
0.913782 -69.0718 0.919035
0.913932 -69.0603 0.919185
0.914082 -69.0488 0.919335
0.914232 -69.0373 0.919335
0.914382 -69.0258 0.919485
0.914532 -69.0143 0.919635
0.914682 -69.0028 0.919785
0.914832 -68.9913 0.919935
0.914982 -68.9798 0.920085
0.915133 -68.9683 0.920235
0.915283 -68.9569 0.920385
0.915433 -68.9454 0.920535
0.915583 -68.9339 0.920685
0.915733 -68.9225 0.920835
0.915883  -68.911 0.920985
0.916033 -68.8995 0.921136
0.916183 -68.8881 0.921286
0.916333 -68.8766 0.921436
0.916483 -68.8652 0.921586
0.916633 -68.8538 0.921586
0.916783 -68.8423 0.921736
0.916933 -68.8309 0.921886
0.917084 -68.8195 0.922036
0.917234  -68.808 0.922186
0.917384 -68.7966 0.922336
0.917534 -68.7852 0.922486
0.917684 -68.7738 0.922636
0.917834 -68.7624 0.922786
0.917984  -68.751 0.922936
0.918134 -68.7396 0.923087
0.918284 -68.7282 0.923237
0.918434 -68.7168 0.923387
0.918584 -68.7054 0.923537
0.918734  -68.694 0.923687
0.918884 -68.6826 0.923837
0.919035 -68.6712 0.923837
0.919185 -68.6598 0.923987
0.919335 -68.6485 0.924137
0.919485 -68.6371 0.924287
0.919635 -68.6257 0.924437
0.919785 -68.6144 0.924587
0.919935  -68.603 0.924737
0.920085 -68.5917 0.924887
0.920235 -68.5803 0.925038
0.920385  -68.569 0.925188
0.920535 -68.5576 0.925338
0.920685 -68.5463 0.925488
0.920835 -68.5349 0.925638
0.920985 -68.5236 0.925788
0.921136 -68.5123 0.925938
0.921286 -68.5009 0.926088
0.921436 -68.4896 0.926088
0.921586 -68.4783 0.926238
0.921736  -68.467 0.926388
0.921886 -68.4557 0.926538
0.922036 -68.4444 0.926688
0.922186 -68.4331 0.926838
0.922336 -68.4218 0.926988
0.922486 -68.4105 0.927139
0.922636 -68.3992 0.927289
0.922786 -68.3879 0.927439
0.922936 -68.3766 0.927589
0.923087 -68.3653 0.927739
0.923237 -68.3541 0.927889
0.923387 -68.3428 0.928039
0.923537 -68.3315 0.928189
0.923687 -68.3202 0.928339
0.923837  -68.309 0.928489
0.923987 -68.2977 0.928489
0.924137 -68.2865 0.928639
0.924287 -68.2752 0.928789
0.924437  -68.264 0.928939
0.924587 -68.2527  0.92909
0.924737 -68.2415  0.92924
0.924887 -68.2302  0.92939
0.925038  -68.219  0.92954
0.925188 -68.2078  0.92969
0.925338 -68.1965  0.92984
0.925488 -68.1853  0.92999
0.925638 -68.1741  0.93014
0.925788 -68.1629  0.93029
0.925938 -68.1517  0.93044
0.926088 -68.1405  0.93059
0.926238 -68.1293  0.93074
0.926388 -68.1181  0.93089
0.926538 -68.1069  0.93089
0.926688 -68.0957 0.931041
0.926838 -68.0845 0.931191
0.926988 -68.0733 0.931341
0.927139 -68.0621 0.931491
0.927289 -68.0509 0.931641
0.927439 -68.0397 0.931791
0.927589 -68.0286 0.931941
0.927739 -68.0174 0.932091
0.927889 -68.0062 0.932241
0.928039 -67.9951 0.932391
0.928189 -67.9839 0.932541
0.928339 -67.9728 0.932691
0.928489 -67.9616 0.932841
0.928639 -67.9505 0.932991
0.928789 -67.9393 0.933142
0.928939 -67.9282 0.933292
 0.92909  -67.917 0.933292
 0.92924 -67.9059 0.933442
 0.92939 -67.8948 0.933592
 0.92954 -67.8836 0.933742
 0.92969 -67.8725 0.933892
 0.92984 -67.8614 0.934042
 0.92999 -67.8503 0.934192
 0.93014 -67.8392 0.934342
 0.93029 -67.8281 0.934492
 0.93044 -67.8169 0.934642
 0.93059 -67.8058 0.934792
 0.93074 -67.7947 0.934942
 0.93089 -67.7837 0.935093
0.931041 -67.7726 0.935243
0.931191 -67.7615 0.935393
0.931341 -67.7504 0.935543
0.931491 -67.7393 0.935693
0.931641 -67.7282 0.935843
0.931791 -67.7171 0.935843
0.931941 -67.7061 0.935993
0.932091  -67.695 0.936143
0.932241 -67.6839 0.936293
0.932391 -67.6729 0.936443
0.932541 -67.6618 0.936593
0.932691 -67.6508 0.936743
0.932841 -67.6397 0.936893
0.932991 -67.6287 0.937044
0.933142 -67.6176 0.937194
0.933292 -67.6066 0.937344
0.933442 -67.5955 0.937494
0.933592 -67.5845 0.937644
0.933742 -67.5735 0.937794
0.933892 -67.5625 0.937944
0.934042 -67.5514 0.938094
0.934192 -67.5404 0.938244
0.934342 -67.5294 0.938394
0.934492 -67.5184 0.938394
0.934642 -67.5074 0.938544
0.934792 -67.4964 0.938694
0.934942 -67.4854 0.938844
0.935093 -67.4744 0.938994
0.935243 -67.4634 0.939145
0.935393 -67.4524 0.939295
0.935543 -67.4414 0.939445
0.935693 -67.4304 0.939595
0.935843 -67.4194 0.939745
0.935993 -67.4084 0.939895
0.936143 -67.3975 0.940045
0.936293 -67.3865 0.940195
0.936443 -67.3755 0.940345
0.936593 -67.3645 0.940495
0.936743 -67.3536 0.940645
0.936893 -67.3426 0.940795
0.937044 -67.3317 0.940945
0.937194 -67.3207 0.941096
0.937344 -67.3098 0.941096
0.937494 -67.2988 0.941246
0.937644 -67.2879 0.941396
0.937794 -67.2769 0.941546
0.937944  -67.266 0.941696
0.938094 -67.2551 0.941846
0.938244 -67.2441 0.941996
0.938394 -67.2332 0.942146
0.938544 -67.2223 0.942296
0.938694 -67.2114 0.942446
0.938844 -67.2005 0.942596
0.938994 -67.1896 0.942746
0.939145 -67.1786 0.942896
0.939295 -67.1677 0.943047
0.939445 -67.1568 0.943197
0.939595 -67.1459 0.943347
0.939745  -67.135 0.943497
0.939895 -67.1242 0.943647
0.940045 -67.1133 0.943647
0.940195 -67.1024 0.943797
0.940345 -67.0915 0.943947
0.940495 -67.0806 0.944097
0.940645 -67.0697 0.944247
0.940795 -67.0589 0.944397
0.940945  -67.048 0.944547
0.941096 -67.0371 0.944697
0.941246 -67.0263 0.944847
0.941396 -67.0154 0.944997
0.941546 -67.0046 0.945148
0.941696 -66.9937 0.945298
0.941846 -66.9829 0.945448
0.941996  -66.972 0.945598
0.942146 -66.9612 0.945748
0.942296 -66.9503 0.945898
0.942446 -66.9395 0.946048
0.942596 -66.9287 0.946198
0.942746 -66.9178 0.946348
0.942896  -66.907 0.946348
0.943047 -66.8962 0.946498
0.943197 -66.8854 0.946648
0.943347 -66.8746 0.946798
0.943497 -66.8637 0.946948
0.943647 -66.8529 0.947099
0.943797 -66.8421 0.947249
0.943947 -66.8313 0.947399
0.944097 -66.8205 0.947549
0.944247 -66.8097 0.947699
0.944397 -66.7989 0.947849
0.944547 -66.7881 0.947999
0.944697 -66.7774 0.948149
0.944847 -66.7666 0.948299
0.944997 -66.7558 0.948449
0.945148  -66.745 0.948599
0.945298 -66.7342 0.948749
0.945448 -66.7235 0.948899
0.945598 -66.7127  0.94905
0.945748 -66.7019  0.94905
0.945898 -66.6912   0.9492
0.946048 -66.6804  0.94935
0.946198 -66.6697   0.9495
0.946348 -66.6589  0.94965
0.946498 -66.6482   0.9498
0.946648 -66.6374  0.94995
0.946798 -66.6267   0.9501
0.946948  -66.616  0.95025
0.947099 -66.6052   0.9504
0.947249 -66.5945  0.95055
0.947399 -66.5838   0.9507
0.947549  -66.573  0.95085
0.947699 -66.5623 0.951001
0.947849 -66.5516 0.951151
0.947999 -66.5409 0.951301
0.948149 -66.5302 0.951451
0.948299 -66.5195 0.951601
0.948449 -66.5088 0.951751
0.948599 -66.4981 0.951901
0.948749 -66.4874 0.951901
0.948899 -66.4767 0.952051
 0.94905  -66.466 0.952201
  0.9492 -66.4553 0.952351
 0.94935 -66.4446 0.952501
  0.9495 -66.4339 0.952651
 0.94965 -66.4232 0.952801
  0.9498 -66.4126 0.952951
 0.94995 -66.4019 0.953102
  0.9501 -66.3912 0.953252
 0.95025 -66.3805 0.953402
  0.9504 -66.3699 0.953552
 0.95055 -66.3592 0.953702
  0.9507 -66.3486 0.953852
 0.95085 -66.3379 0.954002
0.951001 -66.3273 0.954152
0.951151 -66.3166 0.954302
0.951301  -66.306 0.954452
0.951451 -66.2953 0.954602
0.951601 -66.2847 0.954602
0.951751 -66.2741 0.954752
0.951901 -66.2634 0.954902
0.952051 -66.2528 0.955053
0.952201 -66.2422 0.955203
0.952351 -66.2315 0.955353
0.952501 -66.2209 0.955503
0.952651 -66.2103 0.955653
0.952801 -66.1997 0.955803
0.952951 -66.1891 0.955953
0.953102 -66.1785 0.956103
0.953252 -66.1679 0.956253
0.953402 -66.1573 0.956403
0.953552 -66.1467 0.956553
0.953702 -66.1361 0.956703
0.953852 -66.1255 0.956853
0.954002 -66.1149 0.957004
0.954152 -66.1043 0.957154
0.954302 -66.0937 0.957304
0.954452 -66.0832 0.957454
0.954602 -66.0726 0.957454
0.954752  -66.062 0.957604
0.954902 -66.0514 0.957754
0.955053 -66.0409 0.957904
0.955203 -66.0303 0.958054
0.955353 -66.0198 0.958204
0.955503 -66.0092 0.958354
0.955653 -65.9987 0.958504
0.955803 -65.9881 0.958654
0.955953 -65.9776 0.958804
0.956103  -65.967 0.958954
0.956253 -65.9565 0.959105
0.956403 -65.9459 0.959255
0.956553 -65.9354 0.959405
0.956703 -65.9249 0.959555
0.956853 -65.9143 0.959705
0.957004 -65.9038 0.959855
0.957154 -65.8933 0.960005
0.957304 -65.8828 0.960155
0.957454 -65.8723 0.960155
0.957604 -65.8617 0.960305
0.957754 -65.8512 0.960455
0.957904 -65.8407 0.960605
0.958054 -65.8302 0.960755
0.958204 -65.8197 0.960905
0.958354 -65.8092 0.961056
0.958504 -65.7987 0.961206
0.958654 -65.7882 0.961356
0.958804 -65.7778 0.961506
0.958954 -65.7673 0.961656
0.959105 -65.7568 0.961806
0.959255 -65.7463 0.961956
0.959405 -65.7358 0.962106
0.959555 -65.7254 0.962256
0.959705 -65.7149 0.962406
0.959855 -65.7044 0.962556
0.960005  -65.694 0.962706
0.960155 -65.6835 0.962856
0.960305 -65.6731 0.963007
0.960455 -65.6626 0.963007
0.960605 -65.6522 0.963157
0.960755 -65.6417 0.963307
0.960905 -65.6313 0.963457
0.961056 -65.6208 0.963607
0.961206 -65.6104 0.963757
0.961356 -65.5999 0.963907
0.961506 -65.5895 0.964057
0.961656 -65.5791 0.964207
0.961806 -65.5687 0.964357
0.961956 -65.5582 0.964507
0.962106 -65.5478 0.964657
0.962256 -65.5374 0.964807
0.962406  -65.527 0.964957
0.962556 -65.5166 0.965108
0.962706 -65.5062 0.965258
0.962856 -65.4958 0.965408
0.963007 -65.4854 0.965558
0.963157  -65.475 0.965708
0.963307 -65.4646 0.965858
0.963457 -65.4542 0.965858
0.963607 -65.4438 0.966008
0.963757 -65.4334 0.966158
0.963907  -65.423 0.966308
0.964057 -65.4126 0.966458
0.964207 -65.4023 0.966608
0.964357 -65.3919 0.966758
0.964507 -65.3815 0.966908
0.964657 -65.3711 0.967059
0.964807 -65.3608 0.967209
0.964957 -65.3504 0.967359
0.965108 -65.3401 0.967509
0.965258 -65.3297 0.967659
0.965408 -65.3193 0.967809
0.965558  -65.309 0.967959
0.965708 -65.2986 0.968109
0.965858 -65.2883 0.968259
0.966008  -65.278 0.968409
0.966158 -65.2676 0.968559
0.966308 -65.2573 0.968709
0.966458  -65.247 0.968859
0.966608 -65.2366 0.968859
0.966758 -65.2263  0.96901
0.966908  -65.216  0.96916
0.967059 -65.2057  0.96931
0.967209 -65.1953  0.96946
0.967359  -65.185  0.96961
0.967509 -65.1747  0.96976
0.967659 -65.1644  0.96991
0.967809 -65.1541  0.97006
0.967959 -65.1438  0.97021
0.968109 -65.1335  0.97036
0.968259 -65.1232  0.97051
0.968409 -65.1129  0.97066
0.968559 -65.1026  0.97081
0.968709 -65.0923  0.97096
0.968859 -65.0821 0.971111
 0.96901 -65.0718 0.971261
 0.96916 -65.0615 0.971411
 0.96931 -65.0512 0.971561
 0.96946 -65.0409 0.971711
 0.96961 -65.0307 0.971711
 0.96976 -65.0204 0.971861
 0.96991 -65.0101 0.972011
 0.97006 -64.9999 0.972161
 0.97021 -64.9896 0.972311
 0.97036 -64.9794 0.972461
 0.97051 -64.9691 0.972611
 0.97066 -64.9589 0.972761
 0.97081 -64.9486 0.972911
 0.97096 -64.9384 0.973062
0.971111 -64.9281 0.973212
0.971261 -64.9179 0.973362
0.971411 -64.9077 0.973512
0.971561 -64.8974 0.973662
0.971711 -64.8872 0.973812
0.971861  -64.877 0.973962
0.972011 -64.8668 0.974112
0.972161 -64.8566 0.974262
0.972311 -64.8463 0.974412
0.972461 -64.8361 0.974562
0.972611 -64.8259 0.974712
0.972761 -64.8157 0.974712
0.972911 -64.8055 0.974862
0.973062 -64.7953 0.975013
0.973212 -64.7851 0.975163
0.973362 -64.7749 0.975313
0.973512 -64.7647 0.975463
0.973662 -64.7545 0.975613
0.973812 -64.7443 0.975763
0.973962 -64.7342 0.975913
0.974112  -64.724 0.976063
0.974262 -64.7138 0.976213
0.974412 -64.7036 0.976363
0.974562 -64.6935 0.976513
0.974712 -64.6833 0.976663
0.974862 -64.6731 0.976813
0.975013  -64.663 0.976963
0.975163 -64.6528 0.977114
0.975313 -64.6426 0.977264
0.975463 -64.6325 0.977414
0.975613 -64.6223 0.977564
0.975763 -64.6122 0.977564
0.975913  -64.602 0.977714
0.976063 -64.5919 0.977864
0.976213 -64.5818 0.978014
0.976363 -64.5716 0.978164
0.976513 -64.5615 0.978314
0.976663 -64.5514 0.978464
0.976813 -64.5412 0.978614
0.976963 -64.5311 0.978764
0.977114  -64.521 0.978914
0.977264 -64.5109 0.979065
0.977414 -64.5007 0.979215
0.977564 -64.4906 0.979365
0.977714 -64.4805 0.979515
0.977864 -64.4704 0.979665
0.978014 -64.4603 0.979815
0.978164 -64.4502 0.979965
0.978314 -64.4401 0.980115
0.978464   -64.43 0.980265
0.978614 -64.4199 0.980415
0.978764 -64.4098 0.980565
0.978914 -64.3997 0.980565
0.979065 -64.3897 0.980715
0.979215 -64.3796 0.980865
0.979365 -64.3695 0.981016
0.979515 -64.3594 0.981166
0.979665 -64.3493 0.981316
0.979815 -64.3393 0.981466
0.979965 -64.3292 0.981616
0.980115 -64.3191 0.981766
0.980265 -64.3091 0.981916
0.980415  -64.299 0.982066
0.980565  -64.289 0.982216
0.980715 -64.2789 0.982366
0.980865 -64.2689 0.982516
0.981016 -64.2588 0.982666
0.981166 -64.2488 0.982816
0.981316 -64.2387 0.982966
0.981466 -64.2287 0.983117
0.981616 -64.2187 0.983267
0.981766 -64.2086 0.983417
0.981916 -64.1986 0.983567
0.982066 -64.1886 0.983567
0.982216 -64.1785 0.983717
0.982366 -64.1685 0.983867
0.982516 -64.1585 0.984017
0.982666 -64.1485 0.984167
0.982816 -64.1385 0.984317
0.982966 -64.1285 0.984467
0.983117 -64.1185 0.984617
0.983267 -64.1085 0.984767
0.983417 -64.0985 0.984917
0.983567 -64.0885 0.985068
0.983717 -64.0785 0.985218
0.983867 -64.0685 0.985368
0.984017 -64.0585 0.985518
0.984167 -64.0485 0.985668
0.984317 -64.0385 0.985818
0.984467 -64.0285 0.985968
0.984617 -64.0185 0.986118
0.984767 -64.0086 0.986268
0.984917 -63.9986 0.986418
0.985068 -63.9886 0.986568
0.985218 -63.9787 0.986568
0.985368 -63.9687 0.986718
0.985518 -63.9587 0.986868
0.985668 -63.9488 0.987019
0.985818 -63.9388 0.987169
0.985968 -63.9289 0.987319
0.986118 -63.9189 0.987469
0.986268  -63.909 0.987619
0.986418  -63.899 0.987769
0.986568 -63.8891 0.987919
0.986718 -63.8791 0.988069
0.986868 -63.8692 0.988219
0.987019 -63.8593 0.988369
0.987169 -63.8493 0.988519
0.987319 -63.8394 0.988669
0.987469 -63.8295 0.988819
0.987619 -63.8196 0.988969
0.987769 -63.8096  0.98912
0.987919 -63.7997  0.98927
0.988069 -63.7898  0.98942
0.988219 -63.7799  0.98942
0.988369   -63.77  0.98957
0.988519 -63.7601  0.98972
0.988669 -63.7502  0.98987
0.988819 -63.7403  0.99002
0.988969 -63.7304  0.99017
 0.98912 -63.7205  0.99032
 0.98927 -63.7106  0.99047
 0.98942 -63.7007  0.99062
 0.98957 -63.6908  0.99077
 0.98972 -63.6809  0.99092
 0.98987 -63.6711 0.991071
 0.99002 -63.6612 0.991221
 0.99017 -63.6513 0.991371
 0.99032 -63.6414 0.991521
 0.99047 -63.6316 0.991671
 0.99062 -63.6217 0.991821
 0.99077 -63.6118 0.991971
 0.99092  -63.602 0.992121
0.991071 -63.5921 0.992271
0.991221 -63.5823 0.992421
0.991371 -63.5724 0.992421
0.991521 -63.5626 0.992571
0.991671 -63.5527 0.992721
0.991821 -63.5429 0.992871
0.991971  -63.533 0.993022
0.992121 -63.5232 0.993172
0.992271 -63.5134 0.993322
0.992421 -63.5035 0.993472
0.992571 -63.4937 0.993622
0.992721 -63.4839 0.993772
0.992871  -63.474 0.993922
0.993022 -63.4642 0.994072
0.993172 -63.4544 0.994222
0.993322 -63.4446 0.994372
0.993472 -63.4348 0.994522
0.993622  -63.425 0.994672
0.993772 -63.4152 0.994822
0.993922 -63.4054 0.994972
0.994072 -63.3955 0.995123
0.994222 -63.3857 0.995273
0.994372  -63.376 0.995423
0.994522 -63.3662 0.995423
0.994672 -63.3564 0.995573
0.994822 -63.3466 0.995723
0.994972 -63.3368 0.995873
0.995123  -63.327 0.996023
0.995273 -63.3172 0.996173
0.995423 -63.3074 0.996323
0.995573 -63.2977 0.996473
0.995723 -63.2879 0.996623
0.995873 -63.2781 0.996773
0.996023 -63.2684 0.996923
0.996173 -63.2586 0.997074
0.996323 -63.2488 0.997224
0.996473 -63.2391 0.997374
0.996623 -63.2293 0.997524
0.996773 -63.2196 0.997674
0.996923 -63.2098 0.997824
0.997074 -63.2001 0.997974
0.997224 -63.1903 0.998124
0.997374 -63.1806 0.998274
0.997524 -63.1709 0.998424
0.997674 -63.1611 0.998424
0.997824 -63.1514 0.998574
0.997974 -63.1416 0.998724
0.998124 -63.1319 0.998874
0.998274 -63.1222 0.999025
0.998424 -63.1125 0.999175
0.998574 -63.1027 0.999325
0.998724  -63.093 0.999475
0.998874 -63.0833 0.999625
0.999025 -63.0736 0.999775
0.999175 -63.0639 0.999925
0.999325 -63.0542  1.00008
0.999475 -63.0445  1.00023
0.999625 -63.0348  1.00038
0.999775 -63.0251  1.00053
0.999925 -63.0154  1.00068
 1.00008 -63.0057  1.00083
 1.00023  -62.996  1.00098
 1.00038 -62.9863  1.00113
 1.00053 -62.9766  1.00128
 1.00068  -62.967  1.00143
 1.00083 -62.9573  1.00143
 1.00098 -62.9476  1.00158
 1.00113 -62.9379  1.00173
 1.00128 -62.9283  1.00188
 1.00143 -62.9186  1.00203
 1.00158 -62.9089  1.00218
 1.00173 -62.8993  1.00233
 1.00188 -62.8896  1.00248
 1.00203 -62.8799  1.00263
 1.00218 -62.8703  1.00278
 1.00233 -62.8606  1.00293
 1.00248  -62.851  1.00308
 1.00263 -62.8413  1.00323
 1.00278 -62.8317  1.00338
 1.00293  -62.822  1.00353
 1.00308 -62.8124  1.00368
 1.00323 -62.8028  1.00383
 1.00338 -62.7931  1.00398
 1.00353 -62.7835  1.00413
 1.00368 -62.7739  1.00428
 1.00383 -62.7643  1.00443
 1.00398 -62.7546  1.00443
 1.00413  -62.745  1.00458
 1.00428 -62.7354  1.00473
 1.00443 -62.7258  1.00488
 1.00458 -62.7162  1.00503
 1.00473 -62.7066  1.00518
 1.00488 -62.6969  1.00533
 1.00503 -62.6873  1.00548
 1.00518 -62.6777  1.00563
 1.00533 -62.6681  1.00578
 1.00548 -62.6585  1.00593
 1.00563  -62.649  1.00608
 1.00578 -62.6394  1.00623
 1.00593 -62.6298  1.00638
 1.00608 -62.6202  1.00653
 1.00623 -62.6106  1.00668
 1.00638  -62.601  1.00683
 1.00653 -62.5915  1.00698
 1.00668 -62.5819  1.00713
 1.00683 -62.5723  1.00728
 1.00698 -62.5627  1.00743
 1.00713 -62.5532  1.00743
 1.00728 -62.5436  1.00758
 1.00743  -62.534  1.00773
 1.00758 -62.5245  1.00788
 1.00773 -62.5149  1.00803
 1.00788 -62.5054  1.00818
 1.00803 -62.4958  1.00833
 1.00818 -62.4863  1.00848
 1.00833 -62.4767  1.00863
 1.00848 -62.4672  1.00878
 1.00863 -62.4576  1.00893
 1.00878 -62.4481  1.00908
 1.00893 -62.4386  1.00923
 1.00908  -62.429  1.00938
 1.00923 -62.4195  1.00953
 1.00938   -62.41  1.00968
 1.00953 -62.4005  1.00983
 1.00968 -62.3909  1.00998
 1.00983 -62.3814  1.01013
 1.00998 -62.3719  1.01028
 1.01013 -62.3624  1.01043
 1.01028 -62.3529  1.01043
 1.01043 -62.3434  1.01058
 1.01058 -62.3339  1.01073
 1.01073 -62.3244  1.01088
 1.01088 -62.3149  1.01103
 1.01103 -62.3054  1.01118
 1.01118 -62.2959  1.01133
 1.01133 -62.2864  1.01148
 1.01148 -62.2769  1.01163
 1.01163 -62.2674  1.01178
 1.01178 -62.2579  1.01193
 1.01193 -62.2484  1.01208
 1.01208  -62.239  1.01223
 1.01223 -62.2295  1.01238
 1.01238   -62.22  1.01253
 1.01253 -62.2105  1.01268
 1.01268 -62.2011  1.01283
 1.01283 -62.1916  1.01298
 1.01298 -62.1821  1.01313
 1.01313 -62.1727  1.01328
 1.01328 -62.1632  1.01343
 1.01343 -62.1538  1.01343
 1.01358 -62.1443  1.01358
 1.01373 -62.1349  1.01373
 1.01388 -62.1254  1.01388
 1.01403  -62.116  1.01403
 1.01418 -62.1065  1.01418
 1.01433 -62.0971  1.01433
 1.01448 -62.0876  1.01448
 1.01463 -62.0782  1.01463
 1.01478 -62.0688  1.01478
 1.01493 -62.0593  1.01493
 1.01508 -62.0499  1.01508
 1.01523 -62.0405  1.01523
 1.01538 -62.0311  1.01538
 1.01553 -62.0217  1.01553
 1.01568 -62.0122  1.01568
 1.01583 -62.0028  1.01583
 1.01598 -61.9934  1.01598
 1.01613  -61.984  1.01613
 1.01628 -61.9746  1.01628
 1.01643 -61.9652  1.01628
 1.01658 -61.9558  1.01643
 1.01673 -61.9464  1.01658
 1.01688  -61.937  1.01673
 1.01703 -61.9276  1.01688
 1.01718 -61.9182  1.01703
 1.01733 -61.9088  1.01718
 1.01748 -61.8994  1.01733
 1.01763 -61.8901  1.01748
 1.01778 -61.8807  1.01763
 1.01793 -61.8713  1.01778
 1.01808 -61.8619  1.01793
 1.01823 -61.8526  1.01808
 1.01838 -61.8432  1.01823
 1.01853 -61.8338  1.01838
 1.01868 -61.8245  1.01853
 1.01883 -61.8151  1.01868
 1.01898 -61.8057  1.01883
 1.01913 -61.7964  1.01898
 1.01928  -61.787  1.01913
 1.01943 -61.7777  1.01928
 1.01958 -61.7683  1.01928
 1.01973  -61.759  1.01943
 1.01988 -61.7496  1.01958
 1.02004 -61.7403  1.01973
 1.02019  -61.731  1.01988
 1.02034 -61.7216  1.02004
 1.02049 -61.7123  1.02019
 1.02064  -61.703  1.02034
 1.02079 -61.6936  1.02049
 1.02094 -61.6843  1.02064
 1.02109  -61.675  1.02079
 1.02124 -61.6657  1.02094
 1.02139 -61.6563  1.02109
 1.02154  -61.647  1.02124
 1.02169 -61.6377  1.02139
 1.02184 -61.6284  1.02154
 1.02199 -61.6191  1.02169
 1.02214 -61.6098  1.02184
 1.02229 -61.6005  1.02199
 1.02244 -61.5912  1.02214
 1.02259 -61.5819  1.02214
 1.02274 -61.5726  1.02229
 1.02289 -61.5633  1.02244
 1.02304  -61.554  1.02259
 1.02319 -61.5447  1.02274
 1.02334 -61.5354  1.02289
 1.02349 -61.5262  1.02304
 1.02364 -61.5169  1.02319
 1.02379 -61.5076  1.02334
 1.02394 -61.4983  1.02349
 1.02409 -61.4891  1.02364
 1.02424 -61.4798  1.02379
 1.02439 -61.4705  1.02394
 1.02454 -61.4613  1.02409
 1.02469  -61.452  1.02424
 1.02484 -61.4427  1.02439
 1.02499 -61.4335  1.02454
 1.02514 -61.4242  1.02469
 1.02529  -61.415  1.02484
 1.02544 -61.4057  1.02499
 1.02559 -61.3965  1.02514
 1.02574 -61.3872  1.02514
 1.02589  -61.378  1.02529
 1.02604 -61.3688  1.02544
 1.02619 -61.3595  1.02559
 1.02634 -61.3503  1.02574
 1.02649  -61.341  1.02589
 1.02664 -61.3318  1.02604
 1.02679 -61.3226  1.02619
 1.02694 -61.3134  1.02634
 1.02709 -61.3042  1.02649
 1.02724 -61.2949  1.02664
 1.02739 -61.2857  1.02679
 1.02754 -61.2765  1.02694
 1.02769 -61.2673  1.02709
 1.02784 -61.2581  1.02724
 1.02799 -61.2489  1.02739
 1.02814 -61.2397  1.02754
 1.02829 -61.2305  1.02769
 1.02844 -61.2213  1.02784
 1.02859 -61.2121  1.02799
 1.02874 -61.2029  1.02799
 1.02889 -61.1937  1.02814
 1.02904 -61.1845  1.02829
 1.02919 -61.1753  1.02844
 1.02934 -61.1661  1.02859
 1.02949  -61.157  1.02874
 1.02964 -61.1478  1.02889
 1.02979 -61.1386  1.02904
 1.02994 -61.1294  1.02919
 1.03009 -61.1203  1.02934
 1.03024 -61.1111  1.02949
 1.03039 -61.1019  1.02964
 1.03054 -61.0928  1.02979
 1.03069 -61.0836  1.02994
 1.03084 -61.0745  1.03009
 1.03099 -61.0653  1.03024
 1.03114 -61.0561  1.03039
 1.03129  -61.047  1.03054
 1.03144 -61.0379  1.03069
 1.03159 -61.0287  1.03084
 1.03174 -61.0196  1.03084
 1.03189 -61.0104  1.03099
 1.03204 -61.0013  1.03114
 1.03219 -60.9922  1.03129
 1.03234  -60.983  1.03144
 1.03249 -60.9739  1.03159
 1.03264 -60.9648  1.03174
 1.03279 -60.9556  1.03189
 1.03294 -60.9465  1.03204
 1.03309 -60.9374  1.03219
 1.03324 -60.9283  1.03234
 1.03339 -60.9192  1.03249
 1.03354 -60.9101  1.03264
 1.03369 -60.9009  1.03279
 1.03384 -60.8918  1.03294
 1.03399 -60.8827  1.03309
 1.03414 -60.8736  1.03324
 1.03429 -60.8645  1.03339
 1.03444 -60.8554  1.03354
 1.03459 -60.8463  1.03369
 1.03474 -60.8372  1.03369
 1.03489 -60.8282  1.03384
 1.03504 -60.8191  1.03399
 1.03519   -60.81  1.03414
 1.03534 -60.8009  1.03429
 1.03549 -60.7918  1.03444
 1.03564 -60.7827  1.03459
 1.03579 -60.7737  1.03474
 1.03594 -60.7646  1.03489
 1.03609 -60.7555  1.03504
 1.03624 -60.7465  1.03519
 1.03639 -60.7374  1.03534
 1.03654 -60.7283  1.03549
 1.03669 -60.7193  1.03564
 1.03684 -60.7102  1.03579
 1.03699 -60.7012  1.03594
 1.03714 -60.6921  1.03609
 1.03729 -60.6831  1.03624
 1.03744  -60.674  1.03639
 1.03759  -60.665  1.03654
 1.03774 -60.6559  1.03654
 1.03789 -60.6469  1.03669
 1.03804 -60.6378  1.03684
 1.03819 -60.6288  1.03699
 1.03834 -60.6198  1.03714
 1.03849 -60.6108  1.03729
 1.03864 -60.6017  1.03744
 1.03879 -60.5927  1.03759
 1.03894 -60.5837  1.03774
 1.03909 -60.5747  1.03789
 1.03924 -60.5656  1.03804
 1.03939 -60.5566  1.03819
 1.03954 -60.5476  1.03834
 1.03969 -60.5386  1.03849
 1.03984 -60.5296  1.03864
 1.03999 -60.5206  1.03879
 1.04015 -60.5116  1.03894
  1.0403 -60.5026  1.03909
 1.04045 -60.4936  1.03924
  1.0406 -60.4846  1.03939
 1.04075 -60.4756  1.03939
  1.0409 -60.4666  1.03954
 1.04105 -60.4576  1.03969
  1.0412 -60.4486  1.03984
 1.04135 -60.4397  1.03999
  1.0415 -60.4307  1.04015
 1.04165 -60.4217   1.0403
  1.0418 -60.4127  1.04045
 1.04195 -60.4037   1.0406
  1.0421 -60.3948  1.04075
 1.04225 -60.3858   1.0409
  1.0424 -60.3768  1.04105
 1.04255 -60.3679   1.0412
  1.0427 -60.3589  1.04135
 1.04285   -60.35   1.0415
   1.043  -60.341  1.04165
 1.04315 -60.3321   1.0418
  1.0433 -60.3231  1.04195
 1.04345 -60.3142   1.0421
  1.0436 -60.3052   1.0421
 1.04375 -60.2963  1.04225
  1.0439 -60.2873   1.0424
 1.04405 -60.2784  1.04255
  1.0442 -60.2694   1.0427
 1.04435 -60.2605  1.04285
  1.0445 -60.2516    1.043
 1.04465 -60.2427  1.04315
  1.0448 -60.2337   1.0433
 1.04495 -60.2248  1.04345
  1.0451 -60.2159   1.0436
 1.04525  -60.207  1.04375
  1.0454 -60.1981   1.0439
 1.04555 -60.1891  1.04405
  1.0457 -60.1802   1.0442
 1.04585 -60.1713  1.04435
   1.046 -60.1624   1.0445
 1.04615 -60.1535  1.04465
  1.0463 -60.1446   1.0448
 1.04645 -60.1357  1.04495
  1.0466 -60.1268  1.04495
 1.04675 -60.1179   1.0451
  1.0469  -60.109  1.04525
 1.04705 -60.1001   1.0454
  1.0472 -60.0912  1.04555
 1.04735 -60.0824   1.0457
  1.0475 -60.0735  1.04585
 1.04765 -60.0646    1.046
  1.0478 -60.0557  1.04615
 1.04795 -60.0468   1.0463
  1.0481  -60.038  1.04645
 1.04825 -60.0291   1.0466
  1.0484 -60.0202  1.04675
 1.04855 -60.0114   1.0469
  1.0487 -60.0025  1.04705
 1.04885 -59.9937   1.0472
   1.049 -59.9848  1.04735
 1.04915 -59.9759   1.0475
  1.0493 -59.9671  1.04765
 1.04945 -59.9582  1.04765
  1.0496 -59.9494   1.0478
 1.04975 -59.9405  1.04795
  1.0499 -59.9317   1.0481
 1.05005 -59.9229  1.04825
  1.0502  -59.914   1.0484
 1.05035 -59.9052  1.04855
  1.0505 -59.8964   1.0487
 1.05065 -59.8875  1.04885
  1.0508 -59.8787    1.049
 1.05095 -59.8699  1.04915
  1.0511  -59.861   1.0493
 1.05125 -59.8522  1.04945
  1.0514 -59.8434   1.0496
 1.05155 -59.8346  1.04975
  1.0517 -59.8258   1.0499
 1.05185  -59.817  1.05005
   1.052 -59.8082   1.0502
 1.05215 -59.7994  1.05035
  1.0523 -59.7906  1.05035
 1.05245 -59.7817   1.0505
  1.0526  -59.773  1.05065
 1.05275 -59.7642   1.0508
  1.0529 -59.7554  1.05095
 1.05305 -59.7466   1.0511
  1.0532 -59.7378  1.05125
 1.05335  -59.729   1.0514
  1.0535 -59.7202  1.05155
 1.05365 -59.7114   1.0517
  1.0538 -59.7026  1.05185
 1.05395 -59.6939    1.052
  1.0541 -59.6851  1.05215
 1.05425 -59.6763   1.0523
  1.0544 -59.6676  1.05245
 1.05455 -59.6588   1.0526
  1.0547   -59.65  1.05275
 1.05485 -59.6413   1.0529
   1.055 -59.6325  1.05305
 1.05515 -59.6237  1.05305
  1.0553  -59.615   1.0532
 1.05545 -59.6062  1.05335
  1.0556 -59.5975   1.0535
 1.05575 -59.5887  1.05365
  1.0559   -59.58   1.0538
 1.05605 -59.5712  1.05395
  1.0562 -59.5625   1.0541
 1.05635 -59.5538  1.05425
  1.0565  -59.545   1.0544
 1.05665 -59.5363  1.05455
  1.0568 -59.5276   1.0547
 1.05695 -59.5188  1.05485
  1.0571 -59.5101    1.055
 1.05725 -59.5014  1.05515
  1.0574 -59.4927   1.0553
 1.05755 -59.4839  1.05545
  1.0577 -59.4752   1.0556
 1.05785 -59.4665   1.0556
   1.058 -59.4578  1.05575
 1.05815 -59.4491   1.0559
  1.0583 -59.4404  1.05605
 1.05845 -59.4317   1.0562
  1.0586  -59.423  1.05635
 1.05875 -59.4143   1.0565
  1.0589 -59.4056  1.05665
 1.05905 -59.3969   1.0568
  1.0592 -59.3882  1.05695
 1.05935 -59.3795   1.0571
  1.0595 -59.3708  1.05725
 1.05965 -59.3621   1.0574
  1.0598 -59.3534  1.05755
 1.05995 -59.3448   1.0577
 1.06011 -59.3361  1.05785
 1.06026 -59.3274    1.058
 1.06041 -59.3187  1.05815
 1.06056 -59.3101  1.05815
 1.06071 -59.3014   1.0583
 1.06086 -59.2927  1.05845
 1.06101 -59.2841   1.0586
 1.06116 -59.2754  1.05875
 1.06131 -59.2668   1.0589
 1.06146 -59.2581  1.05905
 1.06161 -59.2494   1.0592
 1.06176 -59.2408  1.05935
 1.06191 -59.2321   1.0595
 1.06206 -59.2235  1.05965
 1.06221 -59.2149   1.0598
 1.06236 -59.2062  1.05995
 1.06251 -59.1976  1.06011
 1.06266 -59.1889  1.06026
 1.06281 -59.1803  1.06041
 1.06296 -59.1717  1.06056
 1.06311  -59.163  1.06071
 1.06326 -59.1544  1.06071
 1.06341 -59.1458  1.06086
 1.06356 -59.1372  1.06101
 1.06371 -59.1285  1.06116
 1.06386 -59.1199  1.06131
 1.06401 -59.1113  1.06146
 1.06416 -59.1027  1.06161
 1.06431 -59.0941  1.06176
 1.06446 -59.0855  1.06191
 1.06461 -59.0769  1.06206
 1.06476 -59.0683  1.06221
 1.06491 -59.0597  1.06236
 1.06506 -59.0511  1.06251
 1.06521 -59.0425  1.06266
 1.06536 -59.0339  1.06281
 1.06551 -59.0253  1.06296
 1.06566 -59.0167  1.06311
 1.06581 -59.0081  1.06311
 1.06596 -58.9995  1.06326
 1.06611  -58.991  1.06341
 1.06626 -58.9824  1.06356
 1.06641 -58.9738  1.06371
 1.06656 -58.9652  1.06386
 1.06671 -58.9567  1.06401
 1.06686 -58.9481  1.06416
 1.06701 -58.9395  1.06431
 1.06716  -58.931  1.06446
 1.06731 -58.9224  1.06461
 1.06746 -58.9138  1.06476
 1.06761 -58.9053  1.06491
 1.06776 -58.8967  1.06506
 1.06791 -58.8882  1.06521
 1.06806 -58.8796  1.06536
 1.06821 -58.8711  1.06551
 1.06836 -58.8625  1.06551
 1.06851  -58.854  1.06566
 1.06866 -58.8454  1.06581
 1.06881 -58.8369  1.06596
 1.06896 -58.8284  1.06611
 1.06911 -58.8198  1.06626
 1.06926 -58.8113  1.06641
 1.06941 -58.8028  1.06656
 1.06956 -58.7942  1.06671
 1.06971 -58.7857  1.06686
 1.06986 -58.7772  1.06701
 1.07001 -58.7687  1.06716
 1.07016 -58.7602  1.06731
 1.07031 -58.7517  1.06746
 1.07046 -58.7431  1.06761
 1.07061 -58.7346  1.06776
 1.07076 -58.7261  1.06791
 1.07091 -58.7176  1.06791
 1.07106 -58.7091  1.06806
 1.07121 -58.7006  1.06821
 1.07136 -58.6921  1.06836
 1.07151 -58.6836  1.06851
 1.07166 -58.6751  1.06866
 1.07181 -58.6666  1.06881
 1.07196 -58.6582  1.06896
 1.07211 -58.6497  1.06911
 1.07226 -58.6412  1.06926
 1.07241 -58.6327  1.06941
 1.07256 -58.6242  1.06956
 1.07271 -58.6158  1.06971
 1.07286 -58.6073  1.06986
 1.07301 -58.5988  1.07001
 1.07316 -58.5903  1.07016
 1.07331 -58.5819  1.07031
 1.07346 -58.5734  1.07031
 1.07361 -58.5649  1.07046
 1.07376 -58.5565  1.07061
 1.07391  -58.548  1.07076
 1.07406 -58.5396  1.07091
 1.07421 -58.5311  1.07106
 1.07436 -58.5227  1.07121
 1.07451 -58.5142  1.07136
 1.07466 -58.5058  1.07151
 1.07481 -58.4973  1.07166
 1.07496 -58.4889  1.07181
 1.07511 -58.4805  1.07196
 1.07526  -58.472  1.07211
 1.07541 -58.4636  1.07226
 1.07556 -58.4552  1.07241
 1.07571 -58.4467  1.07256
 1.07586 -58.4383  1.07271
 1.07601 -58.4299  1.07271
 1.07616 -58.4215  1.07286
 1.07631  -58.413  1.07301
 1.07646 -58.4046  1.07316
 1.07661 -58.3962  1.07331
 1.07676 -58.3878  1.07346
 1.07691 -58.3794  1.07361
 1.07706  -58.371  1.07376
 1.07721 -58.3626  1.07391
 1.07736 -58.3542  1.07406
 1.07751 -58.3458  1.07421
 1.07766 -58.3374  1.07436
 1.07781  -58.329  1.07451
 1.07796 -58.3206  1.07466
 1.07811 -58.3122  1.07481
 1.07826 -58.3038  1.07496
 1.07841 -58.2954  1.07511
 1.07856 -58.2871  1.07511
 1.07871 -58.2787  1.07526
 1.07886 -58.2703  1.07541
 1.07901 -58.2619  1.07556
 1.07916 -58.2535  1.07571
 1.07931 -58.2452  1.07586
 1.07946 -58.2368  1.07601
 1.07961 -58.2284  1.07616
 1.07976 -58.2201  1.07631
 1.07991 -58.2117  1.07646
 1.08007 -58.2034  1.07661
 1.08022  -58.195  1.07676
 1.08037 -58.1866  1.07691
 1.08052 -58.1783  1.07706
 1.08067 -58.1699  1.07721
 1.08082 -58.1616  1.07721
 1.08097 -58.1532  1.07736
 1.08112 -58.1449  1.07751
 1.08127 -58.1366  1.07766
 1.08142 -58.1282  1.07781
 1.08157 -58.1199  1.07796
 1.08172 -58.1116  1.07811
 1.08187 -58.1032  1.07826
 1.08202 -58.0949  1.07841
 1.08217 -58.0866  1.07856
 1.08232 -58.0783  1.07871
 1.08247 -58.0699  1.07886
 1.08262 -58.0616  1.07901
 1.08277 -58.0533  1.07916
 1.08292  -58.045  1.07931
 1.08307 -58.0367  1.07946
 1.08322 -58.0284  1.07946
 1.08337 -58.0201  1.07961
 1.08352 -58.0118  1.07976
 1.08367 -58.0034  1.07991
 1.08382 -57.9951  1.08007
 1.08397 -57.9869  1.08022
 1.08412 -57.9786  1.08037
 1.08427 -57.9703  1.08052
 1.08442  -57.962  1.08067
 1.08457 -57.9537  1.08082
 1.08472 -57.9454  1.08097
 1.08487 -57.9371  1.08112
 1.08502 -57.9288  1.08127
 1.08517 -57.9206  1.08142
 1.08532 -57.9123  1.08157
 1.08547  -57.904  1.08157
 1.08562 -57.8957  1.08172
 1.08577 -57.8875  1.08187
 1.08592 -57.8792  1.08202
 1.08607 -57.8709  1.08217
 1.08622 -57.8627  1.08232
 1.08637 -57.8544  1.08247
 1.08652 -57.8462  1.08262
 1.08667 -57.8379  1.08277
 1.08682 -57.8297  1.08292
 1.08697 -57.8214  1.08307
 1.08712 -57.8132  1.08322
 1.08727 -57.8049  1.08337
 1.08742 -57.7967  1.08352
 1.08757 -57.7884  1.08367
 1.08772 -57.7802  1.08367
 1.08787  -57.772  1.08382
 1.08802 -57.7637  1.08397
 1.08817 -57.7555  1.08412
 1.08832 -57.7473  1.08427
 1.08847 -57.7391  1.08442
 1.08862 -57.7308  1.08457
 1.08877 -57.7226  1.08472
 1.08892 -57.7144  1.08487
 1.08907 -57.7062  1.08502
 1.08922  -57.698  1.08517
 1.08937 -57.6898  1.08532
 1.08952 -57.6816  1.08547
 1.08967 -57.6734  1.08562
 1.08982 -57.6651  1.08562
 1.08997 -57.6569  1.08577
 1.09012 -57.6487  1.08592
 1.09027 -57.6406  1.08607
 1.09042 -57.6324  1.08622
 1.09057 -57.6242  1.08637
 1.09072  -57.616  1.08652
 1.09087 -57.6078  1.08667
 1.09102 -57.5996  1.08682
 1.09117 -57.5914  1.08697
 1.09132 -57.5832  1.08712
 1.09147 -57.5751  1.08727
 1.09162 -57.5669  1.08742
 1.09177 -57.5587  1.08757
 1.09192 -57.5506  1.08772
 1.09207 -57.5424  1.08772
 1.09222 -57.5342  1.08787
 1.09237 -57.5261  1.08802
 1.09252 -57.5179  1.08817
 1.09267 -57.5097  1.08832
 1.09282 -57.5016  1.08847
 1.09297 -57.4934  1.08862
 1.09312 -57.4853  1.08877
 1.09327 -57.4771  1.08892
 1.09342  -57.469  1.08907
 1.09357 -57.4608  1.08922
 1.09372 -57.4527  1.08937
 1.09387 -57.4446  1.08952
 1.09402 -57.4364  1.08967
 1.09417 -57.4283  1.08982
 1.09432 -57.4202  1.08982
 1.09447  -57.412  1.08997
 1.09462 -57.4039  1.09012
 1.09477 -57.3958  1.09027
 1.09492 -57.3877  1.09042
 1.09507 -57.3795  1.09057
 1.09522 -57.3714  1.09072
 1.09537 -57.3633  1.09087
 1.09552 -57.3552  1.09102
 1.09567 -57.3471  1.09117
 1.09582  -57.339  1.09132
 1.09597 -57.3309  1.09147
 1.09612 -57.3228  1.09162
 1.09627 -57.3147  1.09162
 1.09642 -57.3066  1.09177
 1.09657 -57.2985  1.09192
 1.09672 -57.2904  1.09207
 1.09687 -57.2823  1.09222
 1.09702 -57.2742  1.09237
 1.09717 -57.2661  1.09252
 1.09732 -57.2581  1.09267
 1.09747   -57.25  1.09282
 1.09762 -57.2419  1.09297
 1.09777 -57.2338  1.09312
 1.09792 -57.2258  1.09327
 1.09807 -57.2177  1.09327
 1.09822 -57.2096  1.09342
 1.09837 -57.2016  1.09357
 1.09852 -57.1935  1.09372
 1.09867 -57.1854  1.09387
 1.09882 -57.1774  1.09402
 1.09897 -57.1693  1.09417
 1.09912 -57.1613  1.09432
 1.09927 -57.1532  1.09447
 1.09942 -57.1452  1.09462
 1.09957 -57.1371  1.09477
 1.09972 -57.1291  1.09492
 1.09987 -57.1211  1.09492
 1.10003  -57.113  1.09507
 1.10018  -57.105  1.09522
 1.10033  -57.097  1.09537
 1.10048 -57.0889  1.09552
 1.10063 -57.0809  1.09567
 1.10078 -57.0729  1.09582
 1.10093 -57.0649  1.09597
 1.10108 -57.0568  1.09612
 1.10123 -57.0488  1.09627
 1.10138 -57.0408  1.09642
 1.10153 -57.0328  1.09657
 1.10168 -57.0248  1.09657
 1.10183 -57.0168  1.09672
 1.10198 -57.0088  1.09687
 1.10213 -57.0008  1.09702
 1.10228 -56.9928  1.09717
 1.10243 -56.9848  1.09732
 1.10258 -56.9768  1.09747
 1.10273 -56.9688  1.09762
 1.10288 -56.9608  1.09777
 1.10303 -56.9528  1.09792
 1.10318 -56.9448  1.09807
 1.10333 -56.9369  1.09822
 1.10348 -56.9289  1.09822
 1.10363 -56.9209  1.09837
 1.10378 -56.9129  1.09852
 1.10393  -56.905  1.09867
 1.10408  -56.897  1.09882
 1.10423  -56.889  1.09897
 1.10438 -56.8811  1.09912
 1.10453 -56.8731  1.09927
 1.10468 -56.8651  1.09942
 1.10483 -56.8572  1.09957
 1.10498 -56.8492  1.09972
 1.10513 -56.8413  1.09972
 1.10528 -56.8333  1.09987
 1.10543 -56.8254  1.10003
 1.10558 -56.8175  1.10018
 1.10573 -56.8095  1.10033
 1.10588 -56.8016  1.10048
 1.10603 -56.7936  1.10063
 1.10618 -56.7857  1.10078
 1.10633 -56.7778  1.10093
 1.10648 -56.7699  1.10108
 1.10663 -56.7619  1.10123
 1.10678  -56.754  1.10138
 1.10693 -56.7461  1.10138
 1.10708 -56.7382  1.10153
 1.10723 -56.7303  1.10168
 1.10738 -56.7223  1.10183
 1.10753 -56.7144  1.10198
 1.10768 -56.7065  1.10213
 1.10783 -56.6986  1.10228
 1.10798 -56.6907  1.10243
 1.10813 -56.6828  1.10258
 1.10828 -56.6749  1.10273
 1.10843  -56.667  1.10288
 1.10858 -56.6591  1.10288
 1.10873 -56.6512  1.10303
 1.10888 -56.6434  1.10318
 1.10903 -56.6355  1.10333
 1.10918 -56.6276  1.10348
 1.10933 -56.6197  1.10363
 1.10948 -56.6118  1.10378
 1.10963  -56.604  1.10393
 1.10978 -56.5961  1.10408
 1.10993 -56.5882  1.10423
 1.11008 -56.5804  1.10438
 1.11023 -56.5725  1.10438
 1.11038 -56.5646  1.10453
 1.11053 -56.5568  1.10468
 1.11068 -56.5489  1.10483
 1.11083 -56.5411  1.10498
 1.11098 -56.5332  1.10513
 1.11113 -56.5254  1.10528
 1.11128 -56.5175  1.10543
 1.11143 -56.5097  1.10558
 1.11158 -56.5018  1.10573
 1.11173  -56.494  1.10588
 1.11188 -56.4862  1.10588
 1.11203 -56.4783  1.10603
 1.11218 -56.4705  1.10618
 1.11233 -56.4627  1.10633
 1.11248 -56.4548  1.10648
 1.11263  -56.447  1.10663
 1.11278 -56.4392  1.10678
 1.11293 -56.4314  1.10693
 1.11308 -56.4236  1.10708
 1.11323 -56.4157  1.10723
 1.11338 -56.4079  1.10738
 1.11353 -56.4001  1.10738
 1.11368 -56.3923  1.10753
 1.11383 -56.3845  1.10768
 1.11398 -56.3767  1.10783
 1.11413 -56.3689  1.10798
 1.11428 -56.3611  1.10813
 1.11443 -56.3533  1.10828
 1.11458 -56.3455  1.10843
 1.11473 -56.3378  1.10858
 1.11488   -56.33  1.10873
 1.11503 -56.3222  1.10888
 1.11518 -56.3144  1.10888
 1.11533 -56.3066  1.10903
 1.11548 -56.2989  1.10918
 1.11563 -56.2911  1.10933
 1.11578 -56.2833  1.10948
 1.11593 -56.2755  1.10963
 1.11608 -56.2678  1.10978
 1.11623   -56.26  1.10993
 1.11638 -56.2523  1.11008
 1.11653 -56.2445  1.11023
 1.11668 -56.2367  1.11038
 1.11683  -56.229  1.11038
 1.11698 -56.2212  1.11053
 1.11713 -56.2135  1.11068
 1.11728 -56.2058  1.11083
 1.11743  -56.198  1.11098
 1.11758 -56.1903  1.11113
 1.11773 -56.1825  1.11128
 1.11788 -56.1748  1.11143
 1.11803 -56.1671  1.11158
 1.11818 -56.1593  1.11173
 1.11833 -56.1516  1.11173
 1.11848 -56.1439  1.11188
 1.11863 -56.1362  1.11203
 1.11878 -56.1284  1.11218
 1.11893 -56.1207  1.11233
 1.11908  -56.113  1.11248
 1.11923 -56.1053  1.11263
 1.11938 -56.0976  1.11278
 1.11953 -56.0899  1.11293
 1.11968 -56.0822  1.11293
 1.11983 -56.0745  1.11308
 1.11998 -56.0668  1.11323
 1.12014 -56.0591  1.11338
 1.12029 -56.0514  1.11353
 1.12044 -56.0437  1.11368
 1.12059  -56.036  1.11383
 1.12074 -56.0283  1.11398
 1.12089 -56.0207  1.11413
 1.12104  -56.013  1.11428
 1.12119 -56.0053  1.11428
 1.12134 -55.9976  1.11443
 1.12149   -55.99  1.11458
 1.12164 -55.9823  1.11473
 1.12179 -55.9746  1.11488
 1.12194  -55.967  1.11503
 1.12209 -55.9593  1.11518
 1.12224 -55.9516  1.11533
 1.12239  -55.944  1.11548
 1.12254 -55.9363  1.11563
 1.12269 -55.9287  1.11563
 1.12284  -55.921  1.11578
 1.12299 -55.9134  1.11593
 1.12314 -55.9058  1.11608
 1.12329 -55.8981  1.11623
 1.12344 -55.8905  1.11638
 1.12359 -55.8828  1.11653
 1.12374 -55.8752  1.11668
 1.12389 -55.8676  1.11683
 1.12404   -55.86  1.11683
 1.12419 -55.8523  1.11698
 1.12434 -55.8447  1.11713
 1.12449 -55.8371  1.11728
 1.12464 -55.8295  1.11743
 1.12479 -55.8219  1.11758
 1.12494 -55.8143  1.11773
 1.12509 -55.8067  1.11788
 1.12524  -55.799  1.11803
 1.12539 -55.7914  1.11803
 1.12554 -55.7838  1.11818
 1.12569 -55.7763  1.11833
 1.12584 -55.7687  1.11848
 1.12599 -55.7611  1.11863
 1.12614 -55.7535  1.11878
 1.12629 -55.7459  1.11893
 1.12644 -55.7383  1.11908
 1.12659 -55.7307  1.11908
 1.12674 -55.7232  1.11923
 1.12689 -55.7156  1.11938
 1.12704  -55.708  1.11953
 1.12719 -55.7004  1.11968
 1.12734 -55.6929  1.11983
 1.12749 -55.6853  1.11998
 1.12764 -55.6778  1.12014
 1.12779 -55.6702  1.12029
 1.12794 -55.6626  1.12029
 1.12809 -55.6551  1.12044
 1.12824 -55.6475  1.12059
 1.12839   -55.64  1.12074
 1.12854 -55.6325  1.12089
 1.12869 -55.6249  1.12104
 1.12884 -55.6174  1.12119
 1.12899 -55.6098  1.12134
 1.12914 -55.6023  1.12134
 1.12929 -55.5948  1.12149
 1.12944 -55.5872  1.12164
 1.12959 -55.5797  1.12179
 1.12974 -55.5722  1.12194
 1.12989 -55.5647  1.12209
 1.13004 -55.5572  1.12224
 1.13019 -55.5497  1.12239
 1.13034 -55.5421  1.12239
 1.13049 -55.5346  1.12254
 1.13064 -55.5271  1.12269
 1.13079 -55.5196  1.12284
 1.13094 -55.5121  1.12299
 1.13109 -55.5046  1.12314
 1.13124 -55.4971  1.12329
 1.13139 -55.4896  1.12344
 1.13154 -55.4822  1.12359
 1.13169 -55.4747  1.12359
 1.13184 -55.4672  1.12374
 1.13199 -55.4597  1.12389
 1.13214 -55.4522  1.12404
 1.13229 -55.4448  1.12419
 1.13244 -55.4373  1.12434
 1.13259 -55.4298  1.12434
 1.13274 -55.4224  1.12449
 1.13289 -55.4149  1.12464
 1.13304 -55.4074  1.12479
 1.13319    -55.4  1.12494
 1.13334 -55.3925  1.12494
 1.13349 -55.3851  1.12509
 1.13364 -55.3777  1.12524
 1.13379 -55.3702  1.12539
 1.13394 -55.3628  1.12554
 1.13409 -55.3554  1.12554
 1.13424 -55.3479  1.12569
 1.13439 -55.3405  1.12584
 1.13454 -55.3331  1.12599
 1.13469 -55.3257  1.12614
 1.13484 -55.3183  1.12614
 1.13499 -55.3108  1.12629
 1.13514 -55.3034  1.12644
 1.13529  -55.296  1.12659
 1.13544 -55.2886  1.12674
 1.13559 -55.2813  1.12674
 1.13574 -55.2739  1.12689
 1.13589 -55.2665  1.12704
 1.13604 -55.2591  1.12719
 1.13619 -55.2517  1.12734
 1.13634 -55.2443  1.12734
 1.13649  -55.237  1.12749
 1.13664 -55.2296  1.12764
 1.13679 -55.2222  1.12779
 1.13694 -55.2149  1.12794
 1.13709 -55.2075  1.12794
 1.13724 -55.2002  1.12809
 1.13739 -55.1928  1.12824
 1.13754 -55.1855  1.12839
 1.13769 -55.1781  1.12854
 1.13784 -55.1708  1.12854
 1.13799 -55.1635  1.12869
 1.13814 -55.1561  1.12884
 1.13829 -55.1488  1.12899
 1.13844 -55.1415  1.12914
 1.13859 -55.1341  1.12914
 1.13874 -55.1268  1.12929
 1.13889 -55.1195  1.12944
 1.13904 -55.1122  1.12959
 1.13919 -55.1049  1.12974
 1.13934 -55.0976  1.12974
 1.13949 -55.0903  1.12989
 1.13964  -55.083  1.13004
 1.13979 -55.0757  1.13019
 1.13994 -55.0684  1.13034
  1.1401 -55.0611  1.13034
 1.14025 -55.0538  1.13049
  1.1404 -55.0466  1.13064
 1.14055 -55.0393  1.13079
  1.1407  -55.032  1.13094
 1.14085 -55.0248  1.13094
   1.141 -55.0175  1.13109
 1.14115 -55.0102  1.13124
  1.1413  -55.003  1.13139
 1.14145 -54.9957  1.13154
  1.1416 -54.9885  1.13154
 1.14175 -54.9812  1.13169
  1.1419  -54.974  1.13184
 1.14205 -54.9667  1.13199
  1.1422 -54.9595  1.13214
 1.14235 -54.9523  1.13214
  1.1425  -54.945  1.13229
 1.14265 -54.9378  1.13244
  1.1428 -54.9306  1.13259
 1.14295 -54.9234  1.13274
  1.1431 -54.9162  1.13274
 1.14325  -54.909  1.13289
  1.1434 -54.9017  1.13304
 1.14355 -54.8945  1.13319
  1.1437 -54.8873  1.13334
 1.14385 -54.8802  1.13334
   1.144  -54.873  1.13349
 1.14415 -54.8658  1.13364
  1.1443 -54.8586  1.13379
 1.14445 -54.8514  1.13394
  1.1446 -54.8442  1.13394
 1.14475  -54.837  1.13409
  1.1449 -54.8299  1.13424
 1.14505 -54.8227  1.13439
  1.1452 -54.8155  1.13439
 1.14535 -54.8084  1.13454
  1.1455 -54.8012  1.13469
 1.14565 -54.7941  1.13484
  1.1458 -54.7869  1.13499
 1.14595 -54.7798  1.13499
  1.1461 -54.7726  1.13514
 1.14625 -54.7655  1.13529
  1.1464 -54.7584  1.13544
 1.14655 -54.7512  1.13559
  1.1467 -54.7441  1.13559
 1.14685  -54.737  1.13574
   1.147 -54.7299  1.13589
 1.14715 -54.7227  1.13604
  1.1473 -54.7156  1.13619
 1.14745 -54.7085  1.13619
  1.1476 -54.7014  1.13634
 1.14775 -54.6943  1.13649
  1.1479 -54.6872  1.13664
 1.14805 -54.6801  1.13679
  1.1482  -54.673  1.13679
 1.14835 -54.6659  1.13694
  1.1485 -54.6588  1.13709
 1.14865 -54.6517  1.13724
  1.1488 -54.6447  1.13739
 1.14895 -54.6376  1.13739
  1.1491 -54.6305  1.13754
 1.14925 -54.6235  1.13769
  1.1494 -54.6164  1.13784
 1.14955 -54.6093  1.13799
  1.1497 -54.6023  1.13799
 1.14985 -54.5952  1.13814
    1.15 -54.5882  1.13829