 kgrid  ValNew  Policy 
    0.85 -70.4602     0.85
 0.85015 -70.4449     0.85
  0.8503 -70.4296     0.85
 0.85045 -70.4144     0.85
  0.8506 -70.3991     0.85
 0.85075 -70.3839     0.85
  0.8509 -70.3688     0.85
0.851051 -70.3537     0.85
0.851201 -70.3386     0.85
0.851351 -70.3235     0.85
0.851501 -70.3084     0.85
0.851651 -70.2934     0.85
0.851801 -70.2784  0.85015
0.851951 -70.2635   0.8503
0.852101 -70.2485   0.8503
0.852251 -70.2335  0.85045
0.852401 -70.2186   0.8506
0.852551 -70.2037   0.8506
0.852701 -70.1888  0.85075
0.852851 -70.1739   0.8509
0.853002  -70.159   0.8509
0.853152 -70.1441 0.851051
0.853302 -70.1292 0.851201
0.853452 -70.1144 0.851201
0.853602 -70.0995 0.851351
0.853752 -70.0847 0.851501
0.853902 -70.0699 0.851501
0.854052 -70.0551 0.851651
0.854202 -70.0403 0.851801
0.854352 -70.0255 0.851801
0.854502 -70.0108 0.851951
0.854652  -69.996 0.852101
0.854802 -69.9813 0.852101
0.854952 -69.9665 0.852251
0.855103 -69.9518 0.852401
0.855253 -69.9371 0.852551
0.855403 -69.9224 0.852551
0.855553 -69.9077 0.852701
0.855703  -69.893 0.852851
0.855853 -69.8784 0.853002
0.856003 -69.8637 0.853002
0.856153 -69.8491 0.853152
0.856303 -69.8344 0.853302
0.856453 -69.8198 0.853302
0.856603 -69.8052 0.853452
0.856753 -69.7906 0.853602
0.856903  -69.776 0.853752
0.857054 -69.7614 0.853752
0.857204 -69.7468 0.853902
0.857354 -69.7323 0.854052
0.857504 -69.7177 0.854052
0.857654 -69.7032 0.854202
0.857804 -69.6887 0.854352
0.857954 -69.6742 0.854502
0.858104 -69.6597 0.854502
0.858254 -69.6452 0.854652
0.858404 -69.6307 0.854802
0.858554 -69.6162 0.854802
0.858704 -69.6017 0.854952
0.858854 -69.5873 0.855103
0.859005 -69.5729 0.855253
0.859155 -69.5584 0.855253
0.859305  -69.544 0.855403
0.859455 -69.5296 0.855553
0.859605 -69.5152 0.855703
0.859755 -69.5008 0.855703
0.859905 -69.4864 0.855853
0.860055 -69.4721 0.856003
0.860205 -69.4577 0.856003
0.860355 -69.4434 0.856153
0.860505  -69.429 0.856303
0.860655 -69.4147 0.856453
0.860805 -69.4004 0.856453
0.860955 -69.3861 0.856603
0.861106 -69.3718 0.856753
0.861256 -69.3575 0.856903
0.861406 -69.3432 0.856903
0.861556 -69.3289 0.857054
0.861706 -69.3147 0.857204
0.861856 -69.3005 0.857204
0.862006 -69.2862 0.857354
0.862156  -69.272 0.857504
0.862306 -69.2578 0.857654
0.862456 -69.2436 0.857654
0.862606 -69.2294 0.857804
0.862756 -69.2152 0.857954
0.862906  -69.201 0.858104
0.863057 -69.1869 0.858104
0.863207 -69.1727 0.858254
0.863357 -69.1586 0.858404
0.863507 -69.1444 0.858554
0.863657 -69.1303 0.858554
0.863807 -69.1162 0.858704
0.863957 -69.1021 0.858854
0.864107  -69.088 0.858854
0.864257 -69.0739 0.859005
0.864407 -69.0599 0.859155
0.864557 -69.0458 0.859305
0.864707 -69.0318 0.859305
0.864857 -69.0177 0.859455
0.865008 -69.0037 0.859605
0.865158 -68.9897 0.859755
0.865308 -68.9756 0.859755
0.865458 -68.9616 0.859905
0.865608 -68.9477 0.860055
0.865758 -68.9337 0.860205
0.865908 -68.9197 0.860205
0.866058 -68.9057 0.860355
0.866208 -68.8918 0.860505
0.866358 -68.8778 0.860505
0.866508 -68.8639 0.860655
0.866658   -68.85 0.860805
0.866808 -68.8361 0.860955
0.866958 -68.8222 0.860955
0.867109 -68.8083 0.861106
0.867259 -68.7944 0.861256
0.867409 -68.7805 0.861406
0.867559 -68.7667 0.861406
0.867709 -68.7528 0.861556
0.867859  -68.739 0.861706
0.868009 -68.7251 0.861856
0.868159 -68.7113 0.861856
0.868309 -68.6975 0.862006
0.868459 -68.6837 0.862156
0.868609 -68.6699 0.862306
0.868759 -68.6561 0.862306
0.868909 -68.6423 0.862456
 0.86906 -68.6285 0.862606
 0.86921 -68.6148 0.862756
 0.86936  -68.601 0.862756
 0.86951 -68.5873 0.862906
 0.86966 -68.5736 0.863057
 0.86981 -68.5598 0.863207
 0.86996 -68.5461 0.863207
 0.87011 -68.5324 0.863357
 0.87026 -68.5187 0.863507
 0.87041  -68.505 0.863657
 0.87056 -68.4914 0.863657
 0.87071 -68.4777 0.863807
 0.87086  -68.464 0.863957
0.871011 -68.4504 0.864107
0.871161 -68.4368 0.864107
0.871311 -68.4231 0.864257
0.871461 -68.4095 0.864407
0.871611 -68.3959 0.864557
0.871761 -68.3823 0.864557
0.871911 -68.3687 0.864707
0.872061 -68.3551 0.864857
0.872211 -68.3415 0.865008
0.872361  -68.328 0.865008
0.872511 -68.3144 0.865158
0.872661 -68.3009 0.865308
0.872811 -68.2873 0.865458
0.872961 -68.2738 0.865458
0.873112 -68.2603 0.865608
0.873262 -68.2468 0.865758
0.873412 -68.2333 0.865908
0.873562 -68.2198 0.865908
0.873712 -68.2063 0.866058
0.873862 -68.1928 0.866208
0.874012 -68.1794 0.866358
0.874162 -68.1659 0.866358
0.874312 -68.1525 0.866508
0.874462  -68.139 0.866658
0.874612 -68.1256 0.866808
0.874762 -68.1122 0.866808
0.874912 -68.0988 0.866958
0.875063 -68.0854 0.867109
0.875213  -68.072 0.867259
0.875363 -68.0586 0.867259
0.875513 -68.0452 0.867409
0.875663 -68.0318 0.867559
0.875813 -68.0185 0.867709
0.875963 -68.0051 0.867709
0.876113 -67.9918 0.867859
0.876263 -67.9785 0.868009
0.876413 -67.9652 0.868159
0.876563 -67.9518 0.868159
0.876713 -67.9385 0.868309
0.876863 -67.9252 0.868459
0.877014  -67.912 0.868609
0.877164 -67.8987 0.868759
0.877314 -67.8854 0.868759
0.877464 -67.8721 0.868909
0.877614 -67.8589  0.86906
0.877764 -67.8457  0.86906
0.877914 -67.8324  0.86921
0.878064 -67.8192  0.86936
0.878214  -67.806  0.86951
0.878364 -67.7928  0.86966
0.878514 -67.7796  0.86966
0.878664 -67.7664  0.86981
0.878814 -67.7532  0.86996
0.878964   -67.74  0.87011
0.879115 -67.7269  0.87011
0.879265 -67.7137  0.87026
0.879415 -67.7006  0.87041
0.879565 -67.6874  0.87056
0.879715 -67.6743  0.87056
0.879865 -67.6612  0.87071
0.880015  -67.648  0.87086
0.880165 -67.6349 0.871011
0.880315 -67.6218 0.871161
0.880465 -67.6088 0.871161
0.880615 -67.5957 0.871311
0.880765 -67.5826 0.871461
0.880915 -67.5695 0.871611
0.881066 -67.5564 0.871761
0.881216 -67.5434 0.871911
0.881366 -67.5303 0.872061
0.881516 -67.5173 0.872061
0.881666 -67.5042 0.872211
0.881816 -67.4912 0.872361
0.881966 -67.4782 0.872511
0.882116 -67.4651 0.872661
0.882266 -67.4521 0.872811
0.882416 -67.4391 0.872961
0.882566 -67.4261 0.872961
0.882716 -67.4131 0.873112
0.882866 -67.4001 0.873262
0.883017 -67.3871 0.873412
0.883167 -67.3742 0.873562
0.883317 -67.3612 0.873712
0.883467 -67.3482 0.873712
0.883617 -67.3353 0.873862
0.883767 -67.3223 0.874012
0.883917 -67.3094 0.874162
0.884067 -67.2964 0.874312
0.884217 -67.2835 0.874462
0.884367 -67.2706 0.874612
0.884517 -67.2576 0.874762
0.884667 -67.2447 0.874762
0.884817 -67.2318 0.874912
0.884967 -67.2189 0.875063
0.885118  -67.206 0.875213
0.885268 -67.1931 0.875363
0.885418 -67.1802 0.875513
0.885568 -67.1673 0.875663
0.885718 -67.1545 0.875663
0.885868 -67.1416 0.875813
0.886018 -67.1287 0.875963
0.886168 -67.1159 0.876113
0.886318  -67.103 0.876263
0.886468 -67.0902 0.876413
0.886618 -67.0773 0.876563
0.886768 -67.0645 0.876563
0.886918 -67.0517 0.876713
0.887069 -67.0388 0.876863
0.887219  -67.026 0.877014
0.887369 -67.0132 0.877164
0.887519 -67.0004 0.877314
0.887669 -66.9876 0.877464
0.887819 -66.9748 0.877464
0.887969  -66.962 0.877614
0.888119 -66.9493 0.877764
0.888269 -66.9365 0.877914
0.888419 -66.9237 0.878064
0.888569  -66.911 0.878214
0.888719 -66.8982 0.878364
0.888869 -66.8854 0.878514
 0.88902 -66.8727 0.878514
 0.88917   -66.86 0.878664
 0.88932 -66.8472 0.878814
 0.88947 -66.8345 0.878964
 0.88962 -66.8218 0.879115
 0.88977 -66.8091 0.879265
 0.88992 -66.7963 0.879415
 0.89007 -66.7836 0.879415
 0.89022 -66.7709 0.879565
 0.89037 -66.7583 0.879715
 0.89052 -66.7456 0.879865
 0.89067 -66.7329 0.880015
 0.89082 -66.7202 0.880165
 0.89097 -66.7075 0.880315
0.891121 -66.6949 0.880465
0.891271 -66.6822 0.880465
0.891421 -66.6696 0.880615
0.891571 -66.6569 0.880765
0.891721 -66.6443 0.880915
0.891871 -66.6316 0.881066
0.892021  -66.619 0.881216
0.892171 -66.6064 0.881366
0.892321 -66.5938 0.881516
0.892471 -66.5811 0.881666
0.892621 -66.5685 0.881666
0.892771 -66.5559 0.881816
0.892921 -66.5433 0.881966
0.893072 -66.5307 0.882116
0.893222 -66.5181 0.882266
0.893372 -66.5056 0.882416
0.893522  -66.493 0.882566
0.893672 -66.4804 0.882716
0.893822 -66.4678 0.882716
0.893972 -66.4553 0.882866
0.894122 -66.4427 0.883017
0.894272 -66.4302 0.883167
0.894422 -66.4176 0.883317
0.894572 -66.4051 0.883467
0.894722 -66.3926 0.883617
0.894872   -66.38 0.883767
0.895023 -66.3675 0.883767
0.895173  -66.355 0.883917
0.895323 -66.3425 0.884067
0.895473   -66.33 0.884217
0.895623 -66.3175 0.884367
0.895773  -66.305 0.884517
0.895923 -66.2925 0.884667
0.896073   -66.28 0.884817
0.896223 -66.2675 0.884967
0.896373  -66.255 0.884967
0.896523 -66.2426 0.885118
0.896673 -66.2301 0.885268
0.896823 -66.2176 0.885418
0.896973 -66.2052 0.885568
0.897124 -66.1927 0.885718
0.897274 -66.1803 0.885868
0.897424 -66.1679 0.886018
0.897574 -66.1554 0.886018
0.897724  -66.143 0.886168
0.897874 -66.1306 0.886318
0.898024 -66.1181 0.886468
0.898174 -66.1057 0.886618
0.898324 -66.0933 0.886768
0.898474 -66.0809 0.886918
0.898624 -66.0685 0.887069
0.898774 -66.0561 0.887219
0.898924 -66.0438 0.887219
0.899075 -66.0314 0.887369
0.899225  -66.019 0.887519
0.899375 -66.0066 0.887669
0.899525 -65.9943 0.887819
0.899675 -65.9819 0.887969
0.899825 -65.9695 0.888119
0.899975 -65.9572 0.888269
0.900125 -65.9448 0.888419
0.900275 -65.9325 0.888419
0.900425 -65.9202 0.888569
0.900575 -65.9078 0.888719
0.900725 -65.8955 0.888869
0.900875 -65.8832  0.88902
0.901026 -65.8709  0.88917
0.901176 -65.8586  0.88932
0.901326 -65.8463  0.88947
0.901476  -65.834  0.88962
0.901626 -65.8217  0.88962
0.901776 -65.8094  0.88977
0.901926 -65.7971  0.88992
0.902076 -65.7848  0.89007
0.902226 -65.7725  0.89022
0.902376 -65.7603  0.89037
0.902526  -65.748  0.89052
0.902676 -65.7358  0.89067
0.902826 -65.7235  0.89082
0.902976 -65.7112  0.89082
0.903127  -65.699  0.89097
0.903277 -65.6868 0.891121
0.903427 -65.6745 0.891271
0.903577 -65.6623 0.891421
0.903727 -65.6501 0.891571
0.903877 -65.6379 0.891721
0.904027 -65.6256 0.891871
0.904177 -65.6134 0.892021
0.904327 -65.6012 0.892021
0.904477  -65.589 0.892171
0.904627 -65.5768 0.892321
0.904777 -65.5647 0.892471
0.904927 -65.5525 0.892621
0.905078 -65.5403 0.892771
0.905228 -65.5281 0.892921
0.905378 -65.5159 0.893072
0.905528 -65.5038 0.893222
0.905678 -65.4916 0.893222
0.905828 -65.4795 0.893372
0.905978 -65.4673 0.893522
0.906128 -65.4552 0.893672
0.906278  -65.443 0.893822
0.906428 -65.4309 0.893972
0.906578 -65.4188 0.894122
0.906728 -65.4066 0.894272
0.906878 -65.3945 0.894422
0.907029 -65.3824 0.894422
0.907179 -65.3703 0.894572
0.907329 -65.3582 0.894722
0.907479 -65.3461 0.894872
0.907629  -65.334 0.895023
0.907779 -65.3219 0.895173
0.907929 -65.3098 0.895323
0.908079 -65.2977 0.895473
0.908229 -65.2857 0.895623
0.908379 -65.2736 0.895773
0.908529 -65.2615 0.895773
0.908679 -65.2495 0.895923
0.908829 -65.2374 0.896073
0.908979 -65.2253 0.896223
 0.90913 -65.2133 0.896373
 0.90928 -65.2013 0.896523
 0.90943 -65.1892 0.896673
 0.90958 -65.1772 0.896823
 0.90973 -65.1652 0.896973
 0.90988 -65.1531 0.897124
 0.91003 -65.1411 0.897124
 0.91018 -65.1291 0.897274
 0.91033 -65.1171 0.897424
 0.91048 -65.1051 0.897574
 0.91063 -65.0931 0.897724
 0.91078 -65.0811 0.897874
 0.91093 -65.0691 0.898024
0.911081 -65.0571 0.898174
0.911231 -65.0451 0.898324
0.911381 -65.0332 0.898324
0.911531 -65.0212 0.898474
0.911681 -65.0092 0.898624
0.911831 -64.9973 0.898774
0.911981 -64.9853 0.898924
0.912131 -64.9733 0.899075
0.912281 -64.9614 0.899225
0.912431 -64.9495 0.899375
0.912581 -64.9375 0.899525
0.912731 -64.9256 0.899675
0.912881 -64.9137 0.899675
0.913032 -64.9017 0.899825
0.913182 -64.8898 0.899975
0.913332 -64.8779 0.900125
0.913482  -64.866 0.900275
0.913632 -64.8541 0.900425
0.913782 -64.8422 0.900575
0.913932 -64.8303 0.900725
0.914082 -64.8184 0.900875
0.914232 -64.8065 0.901026
0.914382 -64.7946 0.901176
0.914532 -64.7827 0.901326
0.914682 -64.7708 0.901326
0.914832  -64.759 0.901476
0.914982 -64.7471 0.901626
0.915133 -64.7352 0.901776
0.915283 -64.7234 0.901926
0.915433 -64.7115 0.902076
0.915583 -64.6997 0.902226
0.915733 -64.6878 0.902376
0.915883  -64.676 0.902526
0.916033 -64.6641 0.902676
0.916183 -64.6523 0.902826
0.916333 -64.6405 0.902826
0.916483 -64.6286 0.902976
0.916633 -64.6168 0.903127
0.916783  -64.605 0.903277
0.916933 -64.5932 0.903427
0.917084 -64.5814 0.903577
0.917234 -64.5696 0.903727
0.917384 -64.5578 0.903877
0.917534  -64.546 0.904027
0.917684 -64.5342 0.904177
0.917834 -64.5224 0.904327
0.917984 -64.5106 0.904477
0.918134 -64.4988 0.904477
0.918284 -64.4871 0.904627
0.918434 -64.4753 0.904777
0.918584 -64.4635 0.904927
0.918734 -64.4518 0.905078
0.918884   -64.44 0.905228
0.919035 -64.4282 0.905378
0.919185 -64.4165 0.905528
0.919335 -64.4048 0.905678
0.919485  -64.393 0.905828
0.919635 -64.3813 0.905978
0.919785 -64.3695 0.905978
0.919935 -64.3578 0.906128
0.920085 -64.3461 0.906278
0.920235 -64.3344 0.906428
0.920385 -64.3227 0.906578
0.920535 -64.3109 0.906728
0.920685 -64.2992 0.906878
0.920835 -64.2875 0.907029
0.920985 -64.2758 0.907179
0.921136 -64.2641 0.907329
0.921286 -64.2524 0.907479
0.921436 -64.2408 0.907629
0.921586 -64.2291 0.907779
0.921736 -64.2174 0.907779
0.921886 -64.2057 0.907929
0.922036 -64.1941 0.908079
0.922186 -64.1824 0.908229
0.922336 -64.1707 0.908379
0.922486 -64.1591 0.908529
0.922636 -64.1474 0.908679
0.922786 -64.1358 0.908829
0.922936 -64.1241 0.908979
0.923087 -64.1125  0.90913
0.923237 -64.1008  0.90928
0.923387 -64.0892  0.90943
0.923537 -64.0776  0.90943
0.923687  -64.066  0.90958
0.923837 -64.0543  0.90973
0.923987 -64.0427  0.90988
0.924137 -64.0311  0.91003
0.924287 -64.0195  0.91018
0.924437 -64.0079  0.91033
0.924587 -63.9963  0.91048
0.924737 -63.9847  0.91063
0.924887 -63.9731  0.91078
0.925038 -63.9615  0.91093
0.925188 -63.9499 0.911081
0.925338 -63.9384 0.911081
0.925488 -63.9268 0.911231
0.925638 -63.9152 0.911381
0.925788 -63.9036 0.911531
0.925938 -63.8921 0.911681
0.926088 -63.8805 0.911831
0.926238  -63.869 0.911981
0.926388 -63.8574 0.912131
0.926538 -63.8459 0.912281
0.926688 -63.8343 0.912431
0.926838 -63.8228 0.912581
0.926988 -63.8112 0.912731
0.927139 -63.7997 0.912881
0.927289 -63.7882 0.912881
0.927439 -63.7766 0.913032
0.927589 -63.7651 0.913182
0.927739 -63.7536 0.913332
0.927889 -63.7421 0.913482
0.928039 -63.7306 0.913632
0.928189 -63.7191 0.913782
0.928339 -63.7076 0.913932
0.928489 -63.6961 0.914082
0.928639 -63.6846 0.914232
0.928789 -63.6731 0.914382
0.928939 -63.6616 0.914532
 0.92909 -63.6501 0.914682
 0.92924 -63.6387 0.914682
 0.92939 -63.6272 0.914832
 0.92954 -63.6157 0.914982
 0.92969 -63.6042 0.915133
 0.92984 -63.5928 0.915283
 0.92999 -63.5813 0.915433
 0.93014 -63.5699 0.915583
 0.93029 -63.5584 0.915733
 0.93044  -63.547 0.915883
 0.93059 -63.5355 0.916033
 0.93074 -63.5241 0.916183
 0.93089 -63.5127 0.916333
0.931041 -63.5012 0.916483
0.931191 -63.4898 0.916483
0.931341 -63.4784 0.916633
0.931491  -63.467 0.916783
0.931641 -63.4555 0.916933
0.931791 -63.4441 0.917084
0.931941 -63.4327 0.917234
0.932091 -63.4213 0.917384
0.932241 -63.4099 0.917534
0.932391 -63.3985 0.917684
0.932541 -63.3871 0.917834
0.932691 -63.3757 0.917984
0.932841 -63.3644 0.918134
0.932991  -63.353 0.918284
0.933142 -63.3416 0.918434
0.933292 -63.3302 0.918434
0.933442 -63.3189 0.918584
0.933592 -63.3075 0.918734
0.933742 -63.2961 0.918884
0.933892 -63.2848 0.919035
0.934042 -63.2734 0.919185
0.934192 -63.2621 0.919335
0.934342 -63.2507 0.919485
0.934492 -63.2394 0.919635
0.934642  -63.228 0.919785
0.934792 -63.2167 0.919935
0.934942 -63.2054 0.920085
0.935093 -63.1941 0.920235
0.935243 -63.1827 0.920235
0.935393 -63.1714 0.920385
0.935543 -63.1601 0.920535
0.935693 -63.1488 0.920685
0.935843 -63.1375 0.920835
0.935993 -63.1262 0.920985
0.936143 -63.1149 0.921136
0.936293 -63.1036 0.921286
0.936443 -63.0923 0.921436
0.936593  -63.081 0.921586
0.936743 -63.0697 0.921736
0.936893 -63.0584 0.921886
0.937044 -63.0471 0.922036
0.937194 -63.0359 0.922186
0.937344 -63.0246 0.922186
0.937494 -63.0133 0.922336
0.937644 -63.0021 0.922486
0.937794 -62.9908 0.922636
0.937944 -62.9795 0.922786
0.938094 -62.9683 0.922936
0.938244  -62.957 0.923087
0.938394 -62.9458 0.923237
0.938544 -62.9346 0.923387
0.938694 -62.9233 0.923537
0.938844 -62.9121 0.923687
0.938994 -62.9009 0.923837
0.939145 -62.8896 0.923987
0.939295 -62.8784 0.924137
0.939445 -62.8672 0.924137
0.939595  -62.856 0.924287
0.939745 -62.8448 0.924437
0.939895 -62.8336 0.924587
0.940045 -62.8223 0.924737
0.940195 -62.8111 0.924887
0.940345 -62.7999 0.925038
0.940495 -62.7888 0.925188
0.940645 -62.7776 0.925338
0.940795 -62.7664 0.925488
0.940945 -62.7552 0.925638
0.941096  -62.744 0.925788
0.941246 -62.7328 0.925938
0.941396 -62.7217 0.925938
0.941546 -62.7105 0.926088
0.941696 -62.6993 0.926238
0.941846 -62.6882 0.926388
0.941996  -62.677 0.926538
0.942146 -62.6659 0.926688
0.942296 -62.6547 0.926838
0.942446 -62.6436 0.926988
0.942596 -62.6324 0.927139
0.942746 -62.6213 0.927289
0.942896 -62.6102 0.927439
0.943047  -62.599 0.927589
0.943197 -62.5879 0.927739
0.943347 -62.5768 0.927889
0.943497 -62.5657 0.928039
0.943647 -62.5546 0.928039
0.943797 -62.5434 0.928189
0.943947 -62.5323 0.928339
0.944097 -62.5212 0.928489
0.944247 -62.5101 0.928639
0.944397  -62.499 0.928789
0.944547 -62.4879 0.928939
0.944697 -62.4768  0.92909
0.944847 -62.4657  0.92924
0.944997 -62.4547  0.92939
0.945148 -62.4436  0.92954
0.945298 -62.4325  0.92969
0.945448 -62.4214  0.92984
0.945598 -62.4104  0.92999
0.945748 -62.3993  0.92999
0.945898 -62.3882  0.93014
0.946048 -62.3772  0.93029
0.946198 -62.3661  0.93044
0.946348 -62.3551  0.93059
0.946498  -62.344  0.93074
0.946648  -62.333  0.93089
0.946798 -62.3219 0.931041
0.946948 -62.3109 0.931191
0.947099 -62.2999 0.931341
0.947249 -62.2888 0.931491
0.947399 -62.2778 0.931641
0.947549 -62.2668 0.931791
0.947699 -62.2558 0.931941
0.947849 -62.2447 0.932091
0.947999 -62.2337 0.932091
0.948149 -62.2227 0.932241
0.948299 -62.2117 0.932391
0.948449 -62.2007 0.932541
0.948599 -62.1897 0.932691
0.948749 -62.1787 0.932841
0.948899 -62.1677 0.932991
 0.94905 -62.1567 0.933142
  0.9492 -62.1458 0.933292
 0.94935 -62.1348 0.933442
  0.9495 -62.1238 0.933592
 0.94965 -62.1128 0.933742
  0.9498 -62.1019 0.933892
 0.94995 -62.0909 0.934042
  0.9501 -62.0799 0.934192
 0.95025  -62.069 0.934192
  0.9504  -62.058 0.934342
 0.95055 -62.0471 0.934492
  0.9507 -62.0361 0.934642
 0.95085 -62.0252 0.934792
0.951001 -62.0142 0.934942
0.951151 -62.0033 0.935093
0.951301 -61.9923 0.935243
0.951451 -61.9814 0.935393
0.951601 -61.9705 0.935543
0.951751 -61.9596 0.935693
0.951901 -61.9486 0.935843
0.952051 -61.9377 0.935993
0.952201 -61.9268 0.936143
0.952351 -61.9159 0.936293
0.952501  -61.905 0.936293
0.952651 -61.8941 0.936443
0.952801 -61.8832 0.936593
0.952951 -61.8723 0.936743
0.953102 -61.8614 0.936893
0.953252 -61.8505 0.937044
0.953402 -61.8396 0.937194
0.953552 -61.8287 0.937344
0.953702 -61.8178 0.937494
0.953852  -61.807 0.937644
0.954002 -61.7961 0.937794
0.954152 -61.7852 0.937944
0.954302 -61.7743 0.938094
0.954452 -61.7635 0.938244
0.954602 -61.7526 0.938394
0.954752 -61.7418 0.938394
0.954902 -61.7309 0.938544
0.955053 -61.7201 0.938694
0.955203 -61.7092 0.938844
0.955353 -61.6984 0.938994
0.955503 -61.6875 0.939145
0.955653 -61.6767 0.939295
0.955803 -61.6659 0.939445
0.955953  -61.655 0.939595
0.956103 -61.6442 0.939745
0.956253 -61.6334 0.939895
0.956403 -61.6226 0.940045
0.956553 -61.6117 0.940195
0.956703 -61.6009 0.940345
0.956853 -61.5901 0.940495
0.957004 -61.5793 0.940645
0.957154 -61.5685 0.940645
0.957304 -61.5577 0.940795
0.957454 -61.5469 0.940945
0.957604 -61.5361 0.941096
0.957754 -61.5253 0.941246
0.957904 -61.5145 0.941396
0.958054 -61.5038 0.941546
0.958204  -61.493 0.941696
0.958354 -61.4822 0.941846
0.958504 -61.4714 0.941996
0.958654 -61.4607 0.942146
0.958804 -61.4499 0.942296
0.958954 -61.4391 0.942446
0.959105 -61.4284 0.942596
0.959255 -61.4176 0.942746
0.959405 -61.4069 0.942746
0.959555 -61.3961 0.942896
0.959705 -61.3854 0.943047
0.959855 -61.3746 0.943197
0.960005 -61.3639 0.943347
0.960155 -61.3531 0.943497
0.960305 -61.3424 0.943647
0.960455 -61.3317 0.943797
0.960605  -61.321 0.943947
0.960755 -61.3102 0.944097
0.960905 -61.2995 0.944247
0.961056 -61.2888 0.944397
0.961206 -61.2781 0.944547
0.961356 -61.2674 0.944697
0.961506 -61.2567 0.944847
0.961656  -61.246 0.944997
0.961806 -61.2353 0.944997
0.961956 -61.2246 0.945148
0.962106 -61.2139 0.945298
0.962256 -61.2032 0.945448
0.962406 -61.1925 0.945598
0.962556 -61.1818 0.945748
0.962706 -61.1711 0.945898
0.962856 -61.1605 0.946048
0.963007 -61.1498 0.946198
0.963157 -61.1391 0.946348
0.963307 -61.1285 0.946498
0.963457 -61.1178 0.946648
0.963607 -61.1071 0.946798
0.963757 -61.0965 0.946948
0.963907 -61.0858 0.947099
0.964057 -61.0752 0.947249
0.964207 -61.0645 0.947249
0.964357 -61.0539 0.947399
0.964507 -61.0432 0.947549
0.964657 -61.0326 0.947699
0.964807  -61.022 0.947849
0.964957 -61.0113 0.947999
0.965108 -61.0007 0.948149
0.965258 -60.9901 0.948299
0.965408 -60.9795 0.948449
0.965558 -60.9688 0.948599
0.965708 -60.9582 0.948749
0.965858 -60.9476 0.948899
0.966008  -60.937  0.94905
0.966158 -60.9264   0.9492
0.966308 -60.9158  0.94935
0.966458 -60.9052   0.9495
0.966608 -60.8946   0.9495
0.966758  -60.884  0.94965
0.966908 -60.8734   0.9498
0.967059 -60.8628  0.94995
0.967209 -60.8522   0.9501
0.967359 -60.8417  0.95025
0.967509 -60.8311   0.9504
0.967659 -60.8205  0.95055
0.967809   -60.81   0.9507
0.967959 -60.7994  0.95085
0.968109 -60.7888 0.951001
0.968259 -60.7783 0.951151
0.968409 -60.7677 0.951301
0.968559 -60.7572 0.951451
0.968709 -60.7466 0.951601
0.968859 -60.7361 0.951751
 0.96901 -60.7255 0.951751
 0.96916  -60.715 0.951901
 0.96931 -60.7044 0.952051
 0.96946 -60.6939 0.952201
 0.96961 -60.6834 0.952351
 0.96976 -60.6728 0.952501
 0.96991 -60.6623 0.952651
 0.97006 -60.6518 0.952801
 0.97021 -60.6413 0.952951
 0.97036 -60.6308 0.953102
 0.97051 -60.6202 0.953252
 0.97066 -60.6097 0.953402
 0.97081 -60.5992 0.953552
 0.97096 -60.5887 0.953702
0.971111 -60.5782 0.953852
0.971261 -60.5677 0.954002
0.971411 -60.5572 0.954002
0.971561 -60.5467 0.954152
0.971711 -60.5363 0.954302
0.971861 -60.5258 0.954452
0.972011 -60.5153 0.954602
0.972161 -60.5048 0.954752
0.972311 -60.4943 0.954902
0.972461 -60.4839 0.955053
0.972611 -60.4734 0.955203
0.972761 -60.4629 0.955353
0.972911 -60.4525 0.955503
0.973062  -60.442 0.955653
0.973212 -60.4316 0.955803
0.973362 -60.4211 0.955953
0.973512 -60.4107 0.956103
0.973662 -60.4002 0.956253
0.973812 -60.3898 0.956403
0.973962 -60.3793 0.956403
0.974112 -60.3689 0.956553
0.974262 -60.3585 0.956703
0.974412  -60.348 0.956853
0.974562 -60.3376 0.957004
0.974712 -60.3272 0.957154
0.974862 -60.3168 0.957304
0.975013 -60.3063 0.957454
0.975163 -60.2959 0.957604
0.975313 -60.2855 0.957754
0.975463 -60.2751 0.957904
0.975613 -60.2647 0.958054
0.975763 -60.2543 0.958204
0.975913 -60.2439 0.958354
0.976063 -60.2335 0.958504
0.976213 -60.2231 0.958654
0.976363 -60.2127 0.958654
0.976513 -60.2023 0.958804
0.976663 -60.1919 0.958954
0.976813 -60.1816 0.959105
0.976963 -60.1712 0.959255
0.977114 -60.1608 0.959405
0.977264 -60.1504 0.959555
0.977414 -60.1401 0.959705
0.977564 -60.1297 0.959855
0.977714 -60.1193 0.960005
0.977864  -60.109 0.960155
0.978014 -60.0986 0.960305
0.978164 -60.0883 0.960455
0.978314 -60.0779 0.960605
0.978464 -60.0676 0.960755
0.978614 -60.0572 0.960905
0.978764 -60.0469 0.961056
0.978914 -60.0366 0.961056
0.979065 -60.0262 0.961206
0.979215 -60.0159 0.961356
0.979365 -60.0056 0.961506
0.979515 -59.9952 0.961656
0.979665 -59.9849 0.961806
0.979815 -59.9746 0.961956
0.979965 -59.9643 0.962106
0.980115  -59.954 0.962256
0.980265 -59.9437 0.962406
0.980415 -59.9334 0.962556
0.980565  -59.923 0.962706
0.980715 -59.9127 0.962856
0.980865 -59.9024 0.963007
0.981016 -59.8922 0.963157
0.981166 -59.8819 0.963307
0.981316 -59.8716 0.963457
0.981466 -59.8613 0.963457
0.981616  -59.851 0.963607
0.981766 -59.8407 0.963757
0.981916 -59.8305 0.963907
0.982066 -59.8202 0.964057
0.982216 -59.8099 0.964207
0.982366 -59.7996 0.964357
0.982516 -59.7894 0.964507
0.982666 -59.7791 0.964657
0.982816 -59.7689 0.964807
0.982966 -59.7586 0.964957
0.983117 -59.7484 0.965108
0.983267 -59.7381 0.965258
0.983417 -59.7279 0.965408
0.983567 -59.7176 0.965558
0.983717 -59.7074 0.965708
0.983867 -59.6971 0.965858
0.984017 -59.6869 0.965858
0.984167 -59.6767 0.966008
0.984317 -59.6664 0.966158
0.984467 -59.6562 0.966308
0.984617  -59.646 0.966458
0.984767 -59.6358 0.966608
0.984917 -59.6256 0.966758
0.985068 -59.6154 0.966908
0.985218 -59.6051 0.967059
0.985368 -59.5949 0.967209
0.985518 -59.5847 0.967359
0.985668 -59.5745 0.967509
0.985818 -59.5643 0.967659
0.985968 -59.5541 0.967809
0.986118 -59.5439 0.967959
0.986268 -59.5338 0.968109
0.986418 -59.5236 0.968259
0.986568 -59.5134 0.968259
0.986718 -59.5032 0.968409
0.986868  -59.493 0.968559
0.987019 -59.4829 0.968709
0.987169 -59.4727 0.968859
0.987319 -59.4625  0.96901
0.987469 -59.4524  0.96916
0.987619 -59.4422  0.96931
0.987769  -59.432  0.96946
0.987919 -59.4219  0.96961
0.988069 -59.4117  0.96976
0.988219 -59.4016  0.96991
0.988369 -59.3914  0.97006
0.988519 -59.3813  0.97021
0.988669 -59.3711  0.97036
0.988819  -59.361  0.97051
0.988969 -59.3509  0.97066
 0.98912 -59.3407  0.97066
 0.98927 -59.3306  0.97081
 0.98942 -59.3205  0.97096
 0.98957 -59.3104 0.971111
 0.98972 -59.3002 0.971261
 0.98987 -59.2901 0.971411
 0.99002   -59.28 0.971561
 0.99017 -59.2699 0.971711
 0.99032 -59.2598 0.971861
 0.99047 -59.2497 0.972011
 0.99062 -59.2396 0.972161
 0.99077 -59.2295 0.972311
 0.99092 -59.2194 0.972461
0.991071 -59.2093 0.972611
0.991221 -59.1992 0.972761
0.991371 -59.1891 0.972911
0.991521  -59.179 0.973062
0.991671 -59.1689 0.973062
0.991821 -59.1589 0.973212
0.991971 -59.1488 0.973362
0.992121 -59.1387 0.973512
0.992271 -59.1286 0.973662
0.992421 -59.1186 0.973812
0.992571 -59.1085 0.973962
0.992721 -59.0984 0.974112
0.992871 -59.0884 0.974262
0.993022 -59.0783 0.974412
0.993172 -59.0683 0.974562
0.993322 -59.0582 0.974712
0.993472 -59.0482 0.974862
0.993622 -59.0381 0.975013
0.993772 -59.0281 0.975163
0.993922 -59.0181 0.975313
0.994072  -59.008 0.975463
0.994222  -58.998 0.975463
0.994372  -58.988 0.975613
0.994522 -58.9779 0.975763
0.994672 -58.9679 0.975913
0.994822 -58.9579 0.976063
0.994972 -58.9479 0.976213
0.995123 -58.9379 0.976363
0.995273 -58.9278 0.976513
0.995423 -58.9178 0.976663
0.995573 -58.9078 0.976813
0.995723 -58.8978 0.976963
0.995873 -58.8878 0.977114
0.996023 -58.8778 0.977264
0.996173 -58.8678 0.977414
0.996323 -58.8578 0.977564
0.996473 -58.8479 0.977714
0.996623 -58.8379 0.977864
0.996773 -58.8279 0.978014
0.996923 -58.8179 0.978014
0.997074 -58.8079 0.978164
0.997224  -58.798 0.978314
0.997374  -58.788 0.978464
0.997524  -58.778 0.978614
0.997674  -58.768 0.978764
0.997824 -58.7581 0.978914
0.997974 -58.7481 0.979065
0.998124 -58.7382 0.979215
0.998274 -58.7282 0.979365
0.998424 -58.7183 0.979515
0.998574 -58.7083 0.979665
0.998724 -58.6984 0.979815
0.998874 -58.6884 0.979965
0.999025 -58.6785 0.980115
0.999175 -58.6685 0.980265
0.999325 -58.6586 0.980415
0.999475 -58.6487 0.980415
0.999625 -58.6387 0.980565
0.999775 -58.6288 0.980715
0.999925 -58.6189 0.980865
 1.00008  -58.609 0.981016
 1.00023 -58.5991 0.981166
 1.00038 -58.5891 0.981316
 1.00053 -58.5792 0.981466
 1.00068 -58.5693 0.981616
 1.00083 -58.5594 0.981766
 1.00098 -58.5495 0.981916
 1.00113 -58.5396 0.982066
 1.00128 -58.5297 0.982216
 1.00143 -58.5198 0.982366
 1.00158 -58.5099 0.982516
 1.00173    -58.5 0.982666
 1.00188 -58.4902 0.982816
 1.00203 -58.4803 0.982966
 1.00218 -58.4704 0.982966
 1.00233 -58.4605 0.983117
 1.00248 -58.4506 0.983267
 1.00263 -58.4408 0.983417
 1.00278 -58.4309 0.983567
 1.00293  -58.421 0.983717
 1.00308 -58.4112 0.983867
 1.00323 -58.4013 0.984017
 1.00338 -58.3915 0.984167
 1.00353 -58.3816 0.984317
 1.00368 -58.3718 0.984467
 1.00383 -58.3619 0.984617
 1.00398 -58.3521 0.984767
 1.00413 -58.3422 0.984917
 1.00428 -58.3324 0.985068
 1.00443 -58.3225 0.985218
 1.00458 -58.3127 0.985368
 1.00473 -58.3029 0.985368
 1.00488  -58.293 0.985518
 1.00503 -58.2832 0.985668
 1.00518 -58.2734 0.985818
 1.00533 -58.2636 0.985968
 1.00548 -58.2537 0.986118
 1.00563 -58.2439 0.986268
 1.00578 -58.2341 0.986418
 1.00593 -58.2243 0.986568
 1.00608 -58.2145 0.986718
 1.00623 -58.2047 0.986868
 1.00638 -58.1949 0.987019
 1.00653 -58.1851 0.987169
 1.00668 -58.1753 0.987319
 1.00683 -58.1655 0.987469
 1.00698 -58.1557 0.987619
 1.00713 -58.1459 0.987769
 1.00728 -58.1361 0.987919
 1.00743 -58.1264 0.987919
 1.00758 -58.1166 0.988069
 1.00773 -58.1068 0.988219
 1.00788  -58.097 0.988369
 1.00803 -58.0873 0.988519
 1.00818 -58.0775 0.988669
 1.00833 -58.0677 0.988819
 1.00848  -58.058 0.988969
 1.00863 -58.0482  0.98912
 1.00878 -58.0385  0.98927
 1.00893 -58.0287  0.98942
 1.00908 -58.0189  0.98957
 1.00923 -58.0092  0.98972
 1.00938 -57.9995  0.98987
 1.00953 -57.9897  0.99002
 1.00968   -57.98  0.99017
 1.00983 -57.9702  0.99032
 1.00998 -57.9605  0.99032
 1.01013 -57.9508  0.99047
 1.01028  -57.941  0.99062
 1.01043 -57.9313  0.99077
 1.01058 -57.9216  0.99092
 1.01073 -57.9119 0.991071
 1.01088 -57.9021 0.991221
 1.01103 -57.8924 0.991371
 1.01118 -57.8827 0.991521
 1.01133  -57.873 0.991671
 1.01148 -57.8633 0.991821
 1.01163 -57.8536 0.991971
 1.01178 -57.8439 0.992121
 1.01193 -57.8342 0.992271
 1.01208 -57.8245 0.992421
 1.01223 -57.8148 0.992571
 1.01238 -57.8051 0.992721
 1.01253 -57.7954 0.992871
 1.01268 -57.7857 0.992871
 1.01283 -57.7761 0.993022
 1.01298 -57.7664 0.993172
 1.01313 -57.7567 0.993322
 1.01328  -57.747 0.993472
 1.01343 -57.7374 0.993622
 1.01358 -57.7277 0.993772
 1.01373  -57.718 0.993922
 1.01388 -57.7084 0.994072
 1.01403 -57.6987 0.994222
 1.01418  -57.689 0.994372
 1.01433 -57.6794 0.994522
 1.01448 -57.6697 0.994672
 1.01463 -57.6601 0.994822
 1.01478 -57.6504 0.994972
 1.01493 -57.6408 0.995123
 1.01508 -57.6312 0.995273
 1.01523 -57.6215 0.995423
 1.01538 -57.6119 0.995423
 1.01553 -57.6022 0.995573
 1.01568 -57.5926 0.995723
 1.01583  -57.583 0.995873
 1.01598 -57.5734 0.996023
 1.01613 -57.5637 0.996173
 1.01628 -57.5541 0.996323
 1.01643 -57.5445 0.996473
 1.01658 -57.5349 0.996623
 1.01673 -57.5253 0.996773
 1.01688 -57.5157 0.996923
 1.01703 -57.5061 0.997074
 1.01718 -57.4965 0.997224
 1.01733 -57.4869 0.997374
 1.01748 -57.4773 0.997524
 1.01763 -57.4677 0.997674
 1.01778 -57.4581 0.997824
 1.01793 -57.4485 0.997974
 1.01808 -57.4389 0.997974
 1.01823 -57.4293 0.998124
 1.01838 -57.4197 0.998274
 1.01853 -57.4101 0.998424
 1.01868 -57.4006 0.998574
 1.01883  -57.391 0.998724
 1.01898 -57.3814 0.998874
 1.01913 -57.3719 0.999025
 1.01928 -57.3623 0.999175
 1.01943 -57.3527 0.999325
 1.01958 -57.3432 0.999475
 1.01973 -57.3336 0.999625
 1.01988 -57.3241 0.999775
 1.02004 -57.3145 0.999925
 1.02019  -57.305  1.00008
 1.02034 -57.2954  1.00023
 1.02049 -57.2859  1.00038
 1.02064 -57.2763  1.00038
 1.02079 -57.2668  1.00053
 1.02094 -57.2572  1.00068
 1.02109 -57.2477  1.00083
 1.02124 -57.2382  1.00098
 1.02139 -57.2287  1.00113
 1.02154 -57.2191  1.00128
 1.02169 -57.2096  1.00143
 1.02184 -57.2001  1.00158
 1.02199 -57.1906  1.00173
 1.02214 -57.1811  1.00188
 1.02229 -57.1715  1.00203
 1.02244  -57.162  1.00218
 1.02259 -57.1525  1.00233
 1.02274  -57.143  1.00248
 1.02289 -57.1335  1.00263
 1.02304  -57.124  1.00278
 1.02319 -57.1145  1.00293
 1.02334  -57.105  1.00293
 1.02349 -57.0955  1.00308
 1.02364 -57.0861  1.00323
 1.02379 -57.0766  1.00338
 1.02394 -57.0671  1.00353
 1.02409 -57.0576  1.00368
 1.02424 -57.0481  1.00383
 1.02439 -57.0387  1.00398
 1.02454 -57.0292  1.00413
 1.02469 -57.0197  1.00428
 1.02484 -57.0102  1.00443
 1.02499 -57.0008  1.00458
 1.02514 -56.9913  1.00473
 1.02529 -56.9819  1.00488
 1.02544 -56.9724  1.00503
 1.02559 -56.9629  1.00518
 1.02574 -56.9535  1.00533
 1.02589  -56.944  1.00548
 1.02604 -56.9346  1.00548
 1.02619 -56.9252  1.00563
 1.02634 -56.9157  1.00578
 1.02649 -56.9063  1.00593
 1.02664 -56.8968  1.00608
 1.02679 -56.8874  1.00623
 1.02694  -56.878  1.00638
 1.02709 -56.8686  1.00653
 1.02724 -56.8591  1.00668
 1.02739 -56.8497  1.00683
 1.02754 -56.8403  1.00698
 1.02769 -56.8309  1.00713
 1.02784 -56.8215  1.00728
 1.02799  -56.812  1.00743
 1.02814 -56.8026  1.00758
 1.02829 -56.7932  1.00773
 1.02844 -56.7838  1.00788
 1.02859 -56.7744  1.00803
 1.02874  -56.765  1.00803
 1.02889 -56.7556  1.00818
 1.02904 -56.7462  1.00833
 1.02919 -56.7368  1.00848
 1.02934 -56.7275  1.00863
 1.02949 -56.7181  1.00878
 1.02964 -56.7087  1.00893
 1.02979 -56.6993  1.00908
 1.02994 -56.6899  1.00923
 1.03009 -56.6806  1.00938
 1.03024 -56.6712  1.00953
 1.03039 -56.6618  1.00968
 1.03054 -56.6524  1.00983
 1.03069 -56.6431  1.00998
 1.03084 -56.6337  1.01013
 1.03099 -56.6244  1.01028
 1.03114  -56.615  1.01043
 1.03129 -56.6057  1.01058
 1.03144 -56.5963  1.01058
 1.03159  -56.587  1.01073
 1.03174 -56.5776  1.01088
 1.03189 -56.5683  1.01103
 1.03204 -56.5589  1.01118
 1.03219 -56.5496  1.01133
 1.03234 -56.5402  1.01148
 1.03249 -56.5309  1.01163
 1.03264 -56.5216  1.01178
 1.03279 -56.5123  1.01193
 1.03294 -56.5029  1.01208
 1.03309 -56.4936  1.01223
 1.03324 -56.4843  1.01238
 1.03339  -56.475  1.01253
 1.03354 -56.4657  1.01268
 1.03369 -56.4563  1.01283
 1.03384  -56.447  1.01298
 1.03399 -56.4377  1.01313
 1.03414 -56.4284  1.01313
 1.03429 -56.4191  1.01328
 1.03444 -56.4098  1.01343
 1.03459 -56.4005  1.01358
 1.03474 -56.3912  1.01373
 1.03489 -56.3819  1.01388
 1.03504 -56.3726  1.01403
 1.03519 -56.3634  1.01418
 1.03534 -56.3541  1.01433
 1.03549 -56.3448  1.01448
 1.03564 -56.3355  1.01463
 1.03579 -56.3262  1.01478
 1.03594  -56.317  1.01493
 1.03609 -56.3077  1.01508
 1.03624 -56.2984  1.01523
 1.03639 -56.2891  1.01538
 1.03654 -56.2799  1.01553
 1.03669 -56.2706  1.01553
 1.03684 -56.2614  1.01568
 1.03699 -56.2521  1.01583
 1.03714 -56.2429  1.01598
 1.03729 -56.2336  1.01613
 1.03744 -56.2244  1.01628
 1.03759 -56.2151  1.01643
 1.03774 -56.2059  1.01658
 1.03789 -56.1966  1.01673
 1.03804 -56.1874  1.01688
 1.03819 -56.1782  1.01703
 1.03834 -56.1689  1.01718
 1.03849 -56.1597  1.01733
 1.03864 -56.1505  1.01748
 1.03879 -56.1412  1.01763
 1.03894  -56.132  1.01778
 1.03909 -56.1228  1.01793
 1.03924 -56.1136  1.01808
 1.03939 -56.1044  1.01808
 1.03954 -56.0951  1.01823
 1.03969 -56.0859  1.01838
 1.03984 -56.0767  1.01853
 1.03999 -56.0675  1.01868
 1.04015 -56.0583  1.01883
  1.0403 -56.0491  1.01898
 1.04045 -56.0399  1.01913
  1.0406 -56.0307  1.01928
 1.04075 -56.0215  1.01943
  1.0409 -56.0123  1.01958
 1.04105 -56.0032  1.01973
  1.0412  -55.994  1.01988
 1.04135 -55.9848  1.02004
  1.0415 -55.9756  1.02019
 1.04165 -55.9664  1.02034
  1.0418 -55.9573  1.02049
 1.04195 -55.9481  1.02064
  1.0421 -55.9389  1.02064
 1.04225 -55.9298  1.02079
  1.0424 -55.9206  1.02094
 1.04255 -55.9114  1.02109
  1.0427 -55.9023  1.02124
 1.04285 -55.8931  1.02139
   1.043  -55.884  1.02154
 1.04315 -55.8748  1.02169
  1.0433 -55.8656  1.02184
 1.04345 -55.8565  1.02199
  1.0436 -55.8474  1.02214
 1.04375 -55.8382  1.02229
  1.0439 -55.8291  1.02244
 1.04405 -55.8199  1.02259
  1.0442 -55.8108  1.02274
 1.04435 -55.8017  1.02289
  1.0445 -55.7925  1.02304
 1.04465 -55.7834  1.02319
  1.0448 -55.7743  1.02319
 1.04495 -55.7652  1.02334
  1.0451 -55.7561  1.02349
 1.04525 -55.7469  1.02364
  1.0454 -55.7378  1.02379
 1.04555 -55.7287  1.02394
  1.0457 -55.7196  1.02409
 1.04585 -55.7105  1.02424
   1.046 -55.7014  1.02439
 1.04615 -55.6923  1.02454
  1.0463 -55.6832  1.02469
 1.04645 -55.6741  1.02484
  1.0466  -55.665  1.02499
 1.04675 -55.6559  1.02514
  1.0469 -55.6468  1.02529
 1.04705 -55.6377  1.02544
  1.0472 -55.6286  1.02559
 1.04735 -55.6196  1.02559
  1.0475 -55.6105  1.02574
 1.04765 -55.6014  1.02589
  1.0478 -55.5923  1.02604
 1.04795 -55.5833  1.02619
  1.0481 -55.5742  1.02634
 1.04825 -55.5651  1.02649
  1.0484 -55.5561  1.02664
 1.04855  -55.547  1.02679
  1.0487 -55.5379  1.02694
 1.04885 -55.5289  1.02709
   1.049 -55.5198  1.02724
 1.04915 -55.5108  1.02739
  1.0493 -55.5017  1.02754
 1.04945 -55.4927  1.02769
  1.0496 -55.4836  1.02784
 1.04975 -55.4746  1.02799
  1.0499 -55.4656  1.02814
 1.05005 -55.4565  1.02814
  1.0502 -55.4475  1.02829
 1.05035 -55.4385  1.02844
  1.0505 -55.4294  1.02859
 1.05065 -55.4204  1.02874
  1.0508 -55.4114  1.02889
 1.05095 -55.4023  1.02904
  1.0511 -55.3933  1.02919
 1.05125 -55.3843  1.02934
  1.0514 -55.3753  1.02949
 1.05155 -55.3663  1.02964
  1.0517 -55.3573  1.02979
 1.05185 -55.3483  1.02994
   1.052 -55.3393  1.03009
 1.05215 -55.3303  1.03024
  1.0523 -55.3213  1.03039
 1.05245 -55.3123  1.03054
  1.0526 -55.3033  1.03069
 1.05275 -55.2943  1.03069
  1.0529 -55.2853  1.03084
 1.05305 -55.2763  1.03099
  1.0532 -55.2673  1.03114
 1.05335 -55.2583  1.03129
  1.0535 -55.2494  1.03144
 1.05365 -55.2404  1.03159
  1.0538 -55.2314  1.03174
 1.05395 -55.2224  1.03189
  1.0541 -55.2135  1.03204
 1.05425 -55.2045  1.03219
  1.0544 -55.1955  1.03234
 1.05455 -55.1866  1.03249
  1.0547 -55.1776  1.03264
 1.05485 -55.1686  1.03279
   1.055 -55.1597  1.03294
 1.05515 -55.1507  1.03309
  1.0553 -55.1418  1.03309
 1.05545 -55.1328  1.03324
  1.0556 -55.1239  1.03339
 1.05575 -55.1149  1.03354
  1.0559  -55.106  1.03369
 1.05605 -55.0971  1.03384
  1.0562 -55.0881  1.03399
 1.05635 -55.0792  1.03414
  1.0565 -55.0703  1.03429
 1.05665 -55.0613  1.03444
  1.0568 -55.0524  1.03459
 1.05695 -55.0435  1.03474
  1.0571 -55.0346  1.03489
 1.05725 -55.0256  1.03504
  1.0574 -55.0167  1.03519
 1.05755 -55.0078  1.03534
  1.0577 -54.9989  1.03549
 1.05785   -54.99  1.03564
   1.058 -54.9811  1.03564
 1.05815 -54.9722  1.03579
  1.0583 -54.9633  1.03594
 1.05845 -54.9544  1.03609
  1.0586 -54.9455  1.03624
 1.05875 -54.9366  1.03639
  1.0589 -54.9277  1.03654
 1.05905 -54.9188  1.03669
  1.0592 -54.9099  1.03684
 1.05935  -54.901  1.03699
  1.0595 -54.8922  1.03714
 1.05965 -54.8833  1.03729
  1.0598 -54.8744  1.03744
 1.05995 -54.8655  1.03759
 1.06011 -54.8567  1.03774
 1.06026 -54.8478  1.03789
 1.06041 -54.8389  1.03804
 1.06056   -54.83  1.03804
 1.06071 -54.8212  1.03819
 1.06086 -54.8123  1.03834
 1.06101 -54.8035  1.03849
 1.06116 -54.7946  1.03864
 1.06131 -54.7858  1.03879
 1.06146 -54.7769  1.03894
 1.06161 -54.7681  1.03909
 1.06176 -54.7592  1.03924
 1.06191 -54.7504  1.03939
 1.06206 -54.7415  1.03954
 1.06221 -54.7327  1.03969
 1.06236 -54.7239  1.03984
 1.06251  -54.715  1.03999
 1.06266 -54.7062  1.04015
 1.06281 -54.6974   1.0403
 1.06296 -54.6885  1.04045
 1.06311 -54.6797   1.0406
 1.06326 -54.6709   1.0406
 1.06341 -54.6621  1.04075
 1.06356 -54.6532   1.0409
 1.06371 -54.6444  1.04105
 1.06386 -54.6356   1.0412
 1.06401 -54.6268  1.04135
 1.06416  -54.618   1.0415
 1.06431 -54.6092  1.04165
 1.06446 -54.6004   1.0418
 1.06461 -54.5916  1.04195
 1.06476 -54.5828   1.0421
 1.06491  -54.574  1.04225
 1.06506 -54.5652   1.0424
 1.06521 -54.5564  1.04255
 1.06536 -54.5476   1.0427
 1.06551 -54.5388  1.04285
 1.06566 -54.5301    1.043
 1.06581 -54.5213    1.043
 1.06596 -54.5125  1.04315
 1.06611 -54.5037   1.0433
 1.06626 -54.4949  1.04345
 1.06641 -54.4862   1.0436
 1.06656 -54.4774  1.04375
 1.06671 -54.4686   1.0439
 1.06686 -54.4599  1.04405
 1.06701 -54.4511   1.0442
 1.06716 -54.4424  1.04435
 1.06731 -54.4336   1.0445
 1.06746 -54.4248  1.04465
 1.06761 -54.4161   1.0448
 1.06776 -54.4073  1.04495
 1.06791 -54.3986   1.0451
 1.06806 -54.3898  1.04525
 1.06821 -54.3811   1.0454
 1.06836 -54.3724   1.0454
 1.06851 -54.3636  1.04555
 1.06866 -54.3549   1.0457
 1.06881 -54.3462  1.04585
 1.06896 -54.3374    1.046
 1.06911 -54.3287  1.04615
 1.06926   -54.32   1.0463
 1.06941 -54.3112  1.04645
 1.06956 -54.3025   1.0466
 1.06971 -54.2938  1.04675
 1.06986 -54.2851   1.0469
 1.07001 -54.2764  1.04705
 1.07016 -54.2677   1.0472
 1.07031  -54.259  1.04735
 1.07046 -54.2502   1.0475
 1.07061 -54.2415  1.04765
 1.07076 -54.2328   1.0478
 1.07091 -54.2241   1.0478
 1.07106 -54.2154  1.04795
 1.07121 -54.2068   1.0481
 1.07136 -54.1981  1.04825
 1.07151 -54.1894   1.0484
 1.07166 -54.1807  1.04855
 1.07181  -54.172   1.0487
 1.07196 -54.1633  1.04885
 1.07211 -54.1546    1.049
 1.07226 -54.1459  1.04915
 1.07241 -54.1373   1.0493
 1.07256 -54.1286  1.04945
 1.07271 -54.1199   1.0496
 1.07286 -54.1113  1.04975
 1.07301 -54.1026   1.0499
 1.07316 -54.0939  1.05005
 1.07331 -54.0853   1.0502
 1.07346 -54.0766   1.0502
 1.07361  -54.068  1.05035
 1.07376 -54.0593   1.0505
 1.07391 -54.0506  1.05065
 1.07406  -54.042   1.0508
 1.07421 -54.0333  1.05095
 1.07436 -54.0247   1.0511
 1.07451 -54.0161  1.05125
 1.07466 -54.0074   1.0514
 1.07481 -53.9988  1.05155
 1.07496 -53.9901   1.0517
 1.07511 -53.9815  1.05185
 1.07526 -53.9729    1.052
 1.07541 -53.9642  1.05215
 1.07556 -53.9556   1.0523
 1.07571  -53.947  1.05245
 1.07586 -53.9384   1.0526
 1.07601 -53.9298   1.0526
 1.07616 -53.9211  1.05275
 1.07631 -53.9125   1.0529
 1.07646 -53.9039  1.05305
 1.07661 -53.8953   1.0532
 1.07676 -53.8867  1.05335
 1.07691 -53.8781   1.0535
 1.07706 -53.8695  1.05365
 1.07721 -53.8609   1.0538
 1.07736 -53.8523  1.05395
 1.07751 -53.8437   1.0541
 1.07766 -53.8351  1.05425
 1.07781 -53.8265   1.0544
 1.07796 -53.8179  1.05455
 1.07811 -53.8093   1.0547
 1.07826 -53.8007  1.05485
 1.07841 -53.7922    1.055
 1.07856 -53.7836    1.055
 1.07871  -53.775  1.05515
 1.07886 -53.7664   1.0553
 1.07901 -53.7579  1.05545
 1.07916 -53.7493   1.0556
 1.07931 -53.7407  1.05575
 1.07946 -53.7322   1.0559
 1.07961 -53.7236  1.05605
 1.07976  -53.715   1.0562
 1.07991 -53.7065  1.05635
 1.08007 -53.6979   1.0565
 1.08022 -53.6894  1.05665
 1.08037 -53.6808   1.0568
 1.08052 -53.6723  1.05695
 1.08067 -53.6637   1.0571
 1.08082 -53.6552  1.05725
 1.08097 -53.6466   1.0574
 1.08112 -53.6381   1.0574
 1.08127 -53.6295  1.05755
 1.08142  -53.621   1.0577
 1.08157 -53.6125  1.05785
 1.08172  -53.604    1.058
 1.08187 -53.5954  1.05815
 1.08202 -53.5869   1.0583
 1.08217 -53.5784  1.05845
 1.08232 -53.5699   1.0586
 1.08247 -53.5613  1.05875
 1.08262 -53.5528   1.0589
 1.08277 -53.5443  1.05905
 1.08292 -53.5358   1.0592
 1.08307 -53.5273  1.05935
 1.08322 -53.5188   1.0595
 1.08337 -53.5103  1.05965
 1.08352 -53.5018  1.05965
 1.08367 -53.4933   1.0598
 1.08382 -53.4848  1.05995
 1.08397 -53.4763  1.06011
 1.08412 -53.4678  1.06026
 1.08427 -53.4593  1.06041
 1.08442 -53.4508  1.06056
 1.08457 -53.4423  1.06071
 1.08472 -53.4338  1.06086
 1.08487 -53.4254  1.06101
 1.08502 -53.4169  1.06116
 1.08517 -53.4084  1.06131
 1.08532 -53.3999  1.06146
 1.08547 -53.3915  1.06161
 1.08562  -53.383  1.06176
 1.08577 -53.3745  1.06191
 1.08592 -53.3661  1.06191
 1.08607 -53.3576  1.06206
 1.08622 -53.3491  1.06221
 1.08637 -53.3407  1.06236
 1.08652 -53.3322  1.06251
 1.08667 -53.3238  1.06266
 1.08682 -53.3153  1.06281
 1.08697 -53.3069  1.06296
 1.08712 -53.2984  1.06311
 1.08727   -53.29  1.06326
 1.08742 -53.2815  1.06341
 1.08757 -53.2731  1.06356
 1.08772 -53.2647  1.06371
 1.08787 -53.2562  1.06386
 1.08802 -53.2478  1.06401
 1.08817 -53.2394  1.06416
 1.08832 -53.2309  1.06416
 1.08847 -53.2225  1.06431
 1.08862 -53.2141  1.06446
 1.08877 -53.2057  1.06461
 1.08892 -53.1972  1.06476
 1.08907 -53.1888  1.06491
 1.08922 -53.1804  1.06506
 1.08937  -53.172  1.06521
 1.08952 -53.1636  1.06536
 1.08967 -53.1552  1.06551
 1.08982 -53.1468  1.06566
 1.08997 -53.1384  1.06581
 1.09012   -53.13  1.06596
 1.09027 -53.1216  1.06611
 1.09042 -53.1132  1.06626
 1.09057 -53.1048  1.06641
 1.09072 -53.0964  1.06641
 1.09087  -53.088  1.06656
 1.09102 -53.0796  1.06671
 1.09117 -53.0712  1.06686
 1.09132 -53.0629  1.06701
 1.09147 -53.0545  1.06716
 1.09162 -53.0461  1.06731
 1.09177 -53.0377  1.06746
 1.09192 -53.0294  1.06761
 1.09207  -53.021  1.06776
 1.09222 -53.0126  1.06791
 1.09237 -53.0043  1.06806
 1.09252 -52.9959  1.06821
 1.09267 -52.9875  1.06836
 1.09282 -52.9792  1.06851
 1.09297 -52.9708  1.06866
 1.09312 -52.9625  1.06866
 1.09327 -52.9541  1.06881
 1.09342 -52.9458  1.06896
 1.09357 -52.9374  1.06911
 1.09372 -52.9291  1.06926
 1.09387 -52.9207  1.06941
 1.09402 -52.9124  1.06956
 1.09417 -52.9041  1.06971
 1.09432 -52.8957  1.06986
 1.09447 -52.8874  1.07001
 1.09462 -52.8791  1.07016
 1.09477 -52.8707  1.07031
 1.09492 -52.8624  1.07046
 1.09507 -52.8541  1.07061
 1.09522 -52.8458  1.07076
 1.09537 -52.8375  1.07076
 1.09552 -52.8291  1.07091
 1.09567 -52.8208  1.07106
 1.09582 -52.8125  1.07121
 1.09597 -52.8042  1.07136
 1.09612 -52.7959  1.07151
 1.09627 -52.7876  1.07166
 1.09642 -52.7793  1.07181
 1.09657  -52.771  1.07196
 1.09672 -52.7627  1.07211
 1.09687 -52.7544  1.07226
 1.09702 -52.7461  1.07241
 1.09717 -52.7378  1.07256
 1.09732 -52.7295  1.07271
 1.09747 -52.7212  1.07286
 1.09762  -52.713  1.07286
 1.09777 -52.7047  1.07301
 1.09792 -52.6964  1.07316
 1.09807 -52.6881  1.07331
 1.09822 -52.6798  1.07346
 1.09837 -52.6716  1.07361
 1.09852 -52.6633  1.07376
 1.09867  -52.655  1.07391
 1.09882 -52.6468  1.07406
 1.09897 -52.6385  1.07421
 1.09912 -52.6302  1.07436
 1.09927  -52.622  1.07451
 1.09942 -52.6137  1.07466
 1.09957 -52.6055  1.07481
 1.09972 -52.5972  1.07496
 1.09987  -52.589  1.07511
 1.10003 -52.5807  1.07511
 1.10018 -52.5725  1.07526
 1.10033 -52.5642  1.07541
 1.10048  -52.556  1.07556
 1.10063 -52.5478  1.07571
 1.10078 -52.5395  1.07586
 1.10093 -52.5313  1.07601
 1.10108 -52.5231  1.07616
 1.10123 -52.5148  1.07631
 1.10138 -52.5066  1.07646
 1.10153 -52.4984  1.07661
 1.10168 -52.4902  1.07676
 1.10183 -52.4819  1.07691
 1.10198 -52.4737  1.07706
 1.10213 -52.4655  1.07721
 1.10228 -52.4573  1.07721
 1.10243 -52.4491  1.07736
 1.10258 -52.4409  1.07751
 1.10273 -52.4327  1.07766
 1.10288 -52.4245  1.07781
 1.10303 -52.4163  1.07796
 1.10318 -52.4081  1.07811
 1.10333 -52.3999  1.07826
 1.10348 -52.3917  1.07841
 1.10363 -52.3835  1.07856
 1.10378 -52.3753  1.07871
 1.10393 -52.3671  1.07886
 1.10408 -52.3589  1.07901
 1.10423 -52.3507  1.07916
 1.10438 -52.3425  1.07931
 1.10453 -52.3344  1.07931
 1.10468 -52.3262  1.07946
 1.10483  -52.318  1.07961
 1.10498 -52.3098  1.07976
 1.10513 -52.3017  1.07991
 1.10528 -52.2935  1.08007
 1.10543 -52.2853  1.08022
 1.10558 -52.2772  1.08037
 1.10573  -52.269  1.08052
 1.10588 -52.2609  1.08067
 1.10603 -52.2527  1.08082
 1.10618 -52.2446  1.08097
 1.10633 -52.2364  1.08112
 1.10648 -52.2283  1.08127
 1.10663 -52.2201  1.08127
 1.10678  -52.212  1.08142
 1.10693 -52.2038  1.08157
 1.10708 -52.1957  1.08172
 1.10723 -52.1876  1.08187
 1.10738 -52.1794  1.08202
 1.10753 -52.1713  1.08217
 1.10768 -52.1632  1.08232
 1.10783  -52.155  1.08247
 1.10798 -52.1469  1.08262
 1.10813 -52.1388  1.08277
 1.10828 -52.1307  1.08292
 1.10843 -52.1225  1.08307
 1.10858 -52.1144  1.08322
 1.10873 -52.1063  1.08337
 1.10888 -52.0982  1.08337
 1.10903 -52.0901  1.08352
 1.10918  -52.082  1.08367
 1.10933 -52.0739  1.08382
 1.10948 -52.0658  1.08397
 1.10963 -52.0577  1.08412
 1.10978 -52.0496  1.08427
 1.10993 -52.0415  1.08442
 1.11008 -52.0334  1.08457
 1.11023 -52.0253  1.08472
 1.11038 -52.0172  1.08487
 1.11053 -52.0091  1.08502
 1.11068  -52.001  1.08517
 1.11083  -51.993  1.08532
 1.11098 -51.9849  1.08532
 1.11113 -51.9768  1.08547
 1.11128 -51.9687  1.08562
 1.11143 -51.9607  1.08577
 1.11158 -51.9526  1.08592
 1.11173 -51.9445  1.08607
 1.11188 -51.9365  1.08622
 1.11203 -51.9284  1.08637
 1.11218 -51.9203  1.08652
 1.11233 -51.9123  1.08667
 1.11248 -51.9042  1.08682
 1.11263 -51.8962  1.08697
 1.11278 -51.8881  1.08712
 1.11293 -51.8801  1.08712
 1.11308  -51.872  1.08727
 1.11323  -51.864  1.08742
 1.11338 -51.8559  1.08757
 1.11353 -51.8479  1.08772
 1.11368 -51.8398  1.08787
 1.11383 -51.8318  1.08802
 1.11398 -51.8238  1.08817
 1.11413 -51.8158  1.08832
 1.11428 -51.8077  1.08847
 1.11443 -51.7997  1.08862
 1.11458 -51.7917  1.08877
 1.11473 -51.7837  1.08892
 1.11488 -51.7756  1.08907
 1.11503 -51.7676  1.08907
 1.11518 -51.7596  1.08922
 1.11533 -51.7516  1.08937
 1.11548 -51.7436  1.08952
 1.11563 -51.7356  1.08967
 1.11578 -51.7276  1.08982
 1.11593 -51.7196  1.08997
 1.11608 -51.7116  1.09012
 1.11623 -51.7036  1.09027
 1.11638 -51.6956  1.09042
 1.11653 -51.6876  1.09057
 1.11668 -51.6796  1.09072
 1.11683 -51.6716  1.09087
 1.11698 -51.6636  1.09087
 1.11713 -51.6556  1.09102
 1.11728 -51.6476  1.09117
 1.11743 -51.6397  1.09132
 1.11758 -51.6317  1.09147
 1.11773 -51.6237  1.09162
 1.11788 -51.6157  1.09177
 1.11803 -51.6078  1.09192
 1.11818 -51.5998  1.09207
 1.11833 -51.5918  1.09222
 1.11848 -51.5839  1.09237
 1.11863 -51.5759  1.09252
 1.11878  -51.568  1.09267
 1.11893   -51.56  1.09282
 1.11908  -51.552  1.09282
 1.11923 -51.5441  1.09297
 1.11938 -51.5361  1.09312
 1.11953 -51.5282  1.09327
 1.11968 -51.5202  1.09342
 1.11983 -51.5123  1.09357
 1.11998 -51.5044  1.09372
 1.12014 -51.4964  1.09387
 1.12029 -51.4885  1.09402
 1.12044 -51.4806  1.09417
 1.12059 -51.4726  1.09432
 1.12074 -51.4647  1.09432
 1.12089 -51.4568  1.09447
 1.12104 -51.4489  1.09462
 1.12119 -51.4409  1.09477
 1.12134  -51.433  1.09492
 1.12149 -51.4251  1.09507
 1.12164 -51.4172  1.09522
 1.12179 -51.4093  1.09537
 1.12194 -51.4014  1.09552
 1.12209 -51.3935  1.09567
 1.12224 -51.3856  1.09582
 1.12239 -51.3777  1.09582
 1.12254 -51.3698  1.09597
 1.12269 -51.3619  1.09612
 1.12284  -51.354  1.09627
 1.12299 -51.3461  1.09642
 1.12314 -51.3382  1.09657
 1.12329 -51.3303  1.09672
 1.12344 -51.3224  1.09687
 1.12359 -51.3146  1.09702
 1.12374 -51.3067  1.09717
 1.12389 -51.2988  1.09732
 1.12404 -51.2909  1.09747
 1.12419 -51.2831  1.09747
 1.12434 -51.2752  1.09762
 1.12449 -51.2673  1.09777
 1.12464 -51.2595  1.09792
 1.12479 -51.2516  1.09807
 1.12494 -51.2437  1.09822
 1.12509 -51.2359  1.09837
 1.12524  -51.228  1.09852
 1.12539 -51.2202  1.09867
 1.12554 -51.2123  1.09882
 1.12569 -51.2045  1.09897
 1.12584 -51.1966  1.09897
 1.12599 -51.1888  1.09912
 1.12614  -51.181  1.09927
 1.12629 -51.1731  1.09942
 1.12644 -51.1653  1.09957
 1.12659 -51.1575  1.09972
 1.12674 -51.1496  1.09987
 1.12689 -51.1418  1.10003
 1.12704  -51.134  1.10018
 1.12719 -51.1261  1.10033
 1.12734 -51.1183  1.10048
 1.12749 -51.1105  1.10048
 1.12764 -51.1027  1.10063
 1.12779 -51.0949  1.10078
 1.12794 -51.0871  1.10093
 1.12809 -51.0793  1.10108
 1.12824 -51.0715  1.10123
 1.12839 -51.0637  1.10138
 1.12854 -51.0559  1.10153
 1.12869 -51.0481  1.10168
 1.12884 -51.0403  1.10183
 1.12899 -51.0325  1.10198
 1.12914 -51.0247  1.10198
 1.12929 -51.0169  1.10213
 1.12944 -51.0091  1.10228
 1.12959 -51.0013  1.10243
 1.12974 -50.9935  1.10258
 1.12989 -50.9858  1.10273
 1.13004  -50.978  1.10288
 1.13019 -50.9702  1.10303
 1.13034 -50.9624  1.10318
 1.13049 -50.9547  1.10333
 1.13064 -50.9469  1.10348
 1.13079 -50.9391  1.10348
 1.13094 -50.9314  1.10363
 1.13109 -50.9236  1.10378
 1.13124 -50.9159  1.10393
 1.13139 -50.9081  1.10408
 1.13154 -50.9004  1.10423
 1.13169 -50.8926  1.10438
 1.13184 -50.8849  1.10453
 1.13199 -50.8771  1.10468
 1.13214 -50.8694  1.10483
 1.13229 -50.8616  1.10498
 1.13244 -50.8539  1.10498
 1.13259 -50.8462  1.10513
 1.13274 -50.8384  1.10528
 1.13289 -50.8307  1.10543
 1.13304  -50.823  1.10558
 1.13319 -50.8152  1.10573
 1.13334 -50.8075  1.10588
 1.13349 -50.7998  1.10603
 1.13364 -50.7921  1.10618
 1.13379 -50.7844  1.10633
 1.13394 -50.7767  1.10648
 1.13409 -50.7689  1.10648
 1.13424 -50.7612  1.10663
 1.13439 -50.7535  1.10678
 1.13454 -50.7458  1.10693
 1.13469 -50.7381  1.10708
 1.13484 -50.7304  1.10723
 1.13499 -50.7227  1.10738
 1.13514  -50.715  1.10753
 1.13529 -50.7074  1.10768
 1.13544 -50.6997  1.10783
 1.13559  -50.692  1.10798
 1.13574 -50.6843  1.10798
 1.13589 -50.6766  1.10813
 1.13604 -50.6689  1.10828
 1.13619 -50.6613  1.10843
 1.13634 -50.6536  1.10858
 1.13649 -50.6459  1.10873
 1.13664 -50.6382  1.10888
 1.13679 -50.6306  1.10903
 1.13694 -50.6229  1.10918
 1.13709 -50.6153  1.10933
 1.13724 -50.6076  1.10933
 1.13739 -50.5999  1.10948
 1.13754 -50.5923  1.10963
 1.13769 -50.5846  1.10978
 1.13784  -50.577  1.10993
 1.13799 -50.5693  1.11008
 1.13814 -50.5617  1.11023
 1.13829 -50.5541  1.11038
 1.13844 -50.5464  1.11053
 1.13859 -50.5388  1.11068
 1.13874 -50.5311  1.11068
 1.13889 -50.5235  1.11083
 1.13904 -50.5159  1.11098
 1.13919 -50.5083  1.11113
 1.13934 -50.5006  1.11128
 1.13949  -50.493  1.11143
 1.13964 -50.4854  1.11158
 1.13979 -50.4778  1.11173
 1.13994 -50.4702  1.11188
  1.1401 -50.4625  1.11203
 1.14025 -50.4549  1.11203
  1.1404 -50.4473  1.11218
 1.14055 -50.4397  1.11233
  1.1407 -50.4321  1.11248
 1.14085 -50.4245  1.11263
   1.141 -50.4169  1.11278
 1.14115 -50.4093  1.11293
  1.1413 -50.4017  1.11308
 1.14145 -50.3941  1.11323
  1.1416 -50.3865  1.11338
 1.14175  -50.379  1.11338
  1.1419 -50.3714  1.11353
 1.14205 -50.3638  1.11368
  1.1422 -50.3562  1.11383
 1.14235 -50.3486  1.11398
  1.1425 -50.3411  1.11413
 1.14265 -50.3335  1.11428
  1.1428 -50.3259  1.11443
 1.14295 -50.3184  1.11458
  1.1431 -50.3108  1.11473
 1.14325 -50.3033  1.11473
  1.1434 -50.2957  1.11488
 1.14355 -50.2881  1.11503
  1.1437 -50.2806  1.11518
 1.14385  -50.273  1.11533
   1.144 -50.2655  1.11548
 1.14415 -50.2579  1.11563
  1.1443 -50.2504  1.11578
 1.14445 -50.2429  1.11593
  1.1446 -50.2353  1.11593
 1.14475 -50.2278  1.11608
  1.1449 -50.2203  1.11623
 1.14505 -50.2127  1.11638
  1.1452 -50.2052  1.11653
 1.14535 -50.1977  1.11668
  1.1455 -50.1902  1.11683
 1.14565 -50.1826  1.11698
  1.1458 -50.1751  1.11713
 1.14595 -50.1676  1.11713
  1.1461 -50.1601  1.11728
 1.14625 -50.1526  1.11743
  1.1464 -50.1451  1.11758
 1.14655 -50.1376  1.11773
  1.1467 -50.1301  1.11788
 1.14685 -50.1226  1.11803
   1.147 -50.1151  1.11818
 1.14715 -50.1076  1.11833
  1.1473 -50.1001  1.11833
 1.14745 -50.0926  1.11848
  1.1476 -50.0851  1.11863
 1.14775 -50.0776  1.11878
  1.1479 -50.0702  1.11893
 1.14805 -50.0627  1.11908
  1.1482 -50.0552  1.11923
 1.14835 -50.0477  1.11938
  1.1485 -50.0403  1.11938
 1.14865 -50.0328  1.11953
  1.1488 -50.0253  1.11968
 1.14895 -50.0179  1.11983
  1.1491 -50.0104  1.11998
 1.14925  -50.003  1.12014
  1.1494 -49.9955  1.12029
 1.14955 -49.9881  1.12044
  1.1497 -49.9806  1.12059
 1.14985 -49.9732  1.12059
    1.15 -49.9657  1.12074