 kgrid  ValNew  Policy 
    0.85 -73.7194 0.878214
 0.85015 -73.7064 0.878214
  0.8503 -73.6934 0.878364
 0.85045 -73.6804 0.878514
  0.8506 -73.6674 0.878664
 0.85075 -73.6544 0.878814
  0.8509 -73.6415 0.878964
0.851051 -73.6285 0.879115
0.851201 -73.6156 0.879265
0.851351 -73.6026 0.879265
0.851501 -73.5896 0.879415
0.851651 -73.5767 0.879565
0.851801 -73.5638 0.879715
0.851951 -73.5508 0.879865
0.852101 -73.5379 0.880015
0.852251  -73.525 0.880165
0.852401 -73.5121 0.880315
0.852551 -73.4992 0.880465
0.852701 -73.4863 0.880465
0.852851 -73.4734 0.880615
0.853002 -73.4605 0.880765
0.853152 -73.4476 0.880915
0.853302 -73.4347 0.881066
0.853452 -73.4218 0.881216
0.853602  -73.409 0.881366
0.853752 -73.3961 0.881516
0.853902 -73.3832 0.881666
0.854052 -73.3704 0.881816
0.854202 -73.3576 0.881816
0.854352 -73.3447 0.881966
0.854502 -73.3319 0.882116
0.854652  -73.319 0.882266
0.854802 -73.3062 0.882416
0.854952 -73.2934 0.882566
0.855103 -73.2806 0.882716
0.855253 -73.2678 0.882866
0.855403  -73.255 0.883017
0.855553 -73.2422 0.883167
0.855703 -73.2294 0.883167
0.855853 -73.2166 0.883317
0.856003 -73.2038 0.883467
0.856153  -73.191 0.883617
0.856303 -73.1783 0.883767
0.856453 -73.1655 0.883917
0.856603 -73.1528 0.884067
0.856753   -73.14 0.884217
0.856903 -73.1273 0.884367
0.857054 -73.1145 0.884517
0.857204 -73.1018 0.884517
0.857354  -73.089 0.884667
0.857504 -73.0763 0.884817
0.857654 -73.0636 0.884967
0.857804 -73.0509 0.885118
0.857954 -73.0382 0.885268
0.858104 -73.0255 0.885418
0.858254 -73.0128 0.885568
0.858404 -73.0001 0.885718
0.858554 -72.9874 0.885868
0.858704 -72.9747 0.885868
0.858854  -72.962 0.886018
0.859005 -72.9494 0.886168
0.859155 -72.9367 0.886318
0.859305  -72.924 0.886468
0.859455 -72.9114 0.886618
0.859605 -72.8987 0.886768
0.859755 -72.8861 0.886918
0.859905 -72.8734 0.887069
0.860055 -72.8608 0.887219
0.860205 -72.8482 0.887219
0.860355 -72.8356 0.887369
0.860505 -72.8229 0.887519
0.860655 -72.8103 0.887669
0.860805 -72.7977 0.887819
0.860955 -72.7851 0.887969
0.861106 -72.7725 0.888119
0.861256 -72.7599 0.888269
0.861406 -72.7473 0.888419
0.861556 -72.7348 0.888569
0.861706 -72.7222 0.888569
0.861856 -72.7096 0.888719
0.862006  -72.697 0.888869
0.862156 -72.6845  0.88902
0.862306 -72.6719  0.88917
0.862456 -72.6594  0.88932
0.862606 -72.6468  0.88947
0.862756 -72.6343  0.88962
0.862906 -72.6218  0.88977
0.863057 -72.6092  0.88992
0.863207 -72.5967  0.89007
0.863357 -72.5842  0.89007
0.863507 -72.5717  0.89022
0.863657 -72.5592  0.89037
0.863807 -72.5467  0.89052
0.863957 -72.5342  0.89067
0.864107 -72.5217  0.89082
0.864257 -72.5092  0.89097
0.864407 -72.4967 0.891121
0.864557 -72.4842 0.891271
0.864707 -72.4717 0.891421
0.864857 -72.4593 0.891421
0.865008 -72.4468 0.891571
0.865158 -72.4344 0.891721
0.865308 -72.4219 0.891871
0.865458 -72.4095 0.892021
0.865608  -72.397 0.892171
0.865758 -72.3846 0.892321
0.865908 -72.3721 0.892471
0.866058 -72.3597 0.892621
0.866208 -72.3473 0.892771
0.866358 -72.3349 0.892921
0.866508 -72.3225 0.892921
0.866658 -72.3101 0.893072
0.866808 -72.2977 0.893222
0.866958 -72.2853 0.893372
0.867109 -72.2729 0.893522
0.867259 -72.2605 0.893672
0.867409 -72.2481 0.893822
0.867559 -72.2357 0.893972
0.867709 -72.2234 0.894122
0.867859  -72.211 0.894272
0.868009 -72.1986 0.894422
0.868159 -72.1863 0.894422
0.868309 -72.1739 0.894572
0.868459 -72.1616 0.894722
0.868609 -72.1492 0.894872
0.868759 -72.1369 0.895023
0.868909 -72.1246 0.895173
 0.86906 -72.1122 0.895323
 0.86921 -72.0999 0.895473
 0.86936 -72.0876 0.895623
 0.86951 -72.0753 0.895773
 0.86966  -72.063 0.895923
 0.86981 -72.0507 0.896073
 0.86996 -72.0384 0.896073
 0.87011 -72.0261 0.896223
 0.87026 -72.0138 0.896373
 0.87041 -72.0015 0.896523
 0.87056 -71.9892 0.896673
 0.87071  -71.977 0.896823
 0.87086 -71.9647 0.896973
0.871011 -71.9524 0.897124
0.871161 -71.9402 0.897274
0.871311 -71.9279 0.897424
0.871461 -71.9157 0.897574
0.871611 -71.9034 0.897574
0.871761 -71.8912 0.897724
0.871911  -71.879 0.897874
0.872061 -71.8667 0.898024
0.872211 -71.8545 0.898174
0.872361 -71.8423 0.898324
0.872511 -71.8301 0.898474
0.872661 -71.8179 0.898624
0.872811 -71.8057 0.898774
0.872961 -71.7935 0.898924
0.873112 -71.7813 0.899075
0.873262 -71.7691 0.899225
0.873412 -71.7569 0.899225
0.873562 -71.7447 0.899375
0.873712 -71.7325 0.899525
0.873862 -71.7203 0.899675
0.874012 -71.7082 0.899825
0.874162  -71.696 0.899975
0.874312 -71.6839 0.900125
0.874462 -71.6717 0.900275
0.874612 -71.6596 0.900425
0.874762 -71.6474 0.900575
0.874912 -71.6353 0.900725
0.875063 -71.6231 0.900875
0.875213  -71.611 0.901026
0.875363 -71.5989 0.901176
0.875513 -71.5867 0.901176
0.875663 -71.5746 0.901326
0.875813 -71.5625 0.901476
0.875963 -71.5504 0.901626
0.876113 -71.5383 0.901776
0.876263 -71.5262 0.901926
0.876413 -71.5141 0.902076
0.876563  -71.502 0.902226
0.876713 -71.4899 0.902376
0.876863 -71.4778 0.902526
0.877014 -71.4658 0.902676
0.877164 -71.4537 0.902826
0.877314 -71.4416 0.902976
0.877464 -71.4295 0.903127
0.877614 -71.4175 0.903127
0.877764 -71.4054 0.903277
0.877914 -71.3934 0.903427
0.878064 -71.3813 0.903577
0.878214 -71.3693 0.903727
0.878364 -71.3572 0.903877
0.878514 -71.3452 0.904027
0.878664 -71.3332 0.904177
0.878814 -71.3211 0.904327
0.878964 -71.3091 0.904477
0.879115 -71.2971 0.904627
0.879265 -71.2851 0.904777
0.879415 -71.2731 0.904927
0.879565 -71.2611 0.905078
0.879715 -71.2491 0.905228
0.879865 -71.2371 0.905228
0.880015 -71.2251 0.905378
0.880165 -71.2131 0.905528
0.880315 -71.2011 0.905678
0.880465 -71.1891 0.905828
0.880615 -71.1772 0.905978
0.880765 -71.1652 0.906128
0.880915 -71.1532 0.906278
0.881066 -71.1412 0.906428
0.881216 -71.1293 0.906578
0.881366 -71.1173 0.906728
0.881516 -71.1054 0.906878
0.881666 -71.0934 0.907029
0.881816 -71.0815 0.907179
0.881966 -71.0696 0.907329
0.882116 -71.0576 0.907329
0.882266 -71.0457 0.907479
0.882416 -71.0338 0.907629
0.882566 -71.0219 0.907779
0.882716 -71.0099 0.907929
0.882866  -70.998 0.908079
0.883017 -70.9861 0.908229
0.883167 -70.9742 0.908379
0.883317 -70.9623 0.908529
0.883467 -70.9504 0.908679
0.883617 -70.9385 0.908829
0.883767 -70.9266 0.908979
0.883917 -70.9148  0.90913
0.884067 -70.9029  0.90928
0.884217  -70.891  0.90943
0.884367 -70.8791  0.90943
0.884517 -70.8673  0.90958
0.884667 -70.8554  0.90973
0.884817 -70.8436  0.90988
0.884967 -70.8317  0.91003
0.885118 -70.8199  0.91018
0.885268  -70.808  0.91033
0.885418 -70.7962  0.91048
0.885568 -70.7843  0.91063
0.885718 -70.7725  0.91078
0.885868 -70.7607  0.91093
0.886018 -70.7489 0.911081
0.886168  -70.737 0.911231
0.886318 -70.7252 0.911381
0.886468 -70.7134 0.911531
0.886618 -70.7016 0.911681
0.886768 -70.6898 0.911681
0.886918  -70.678 0.911831
0.887069 -70.6662 0.911981
0.887219 -70.6544 0.912131
0.887369 -70.6426 0.912281
0.887519 -70.6308 0.912431
0.887669 -70.6191 0.912581
0.887819 -70.6073 0.912731
0.887969 -70.5955 0.912881
0.888119 -70.5837 0.913032
0.888269  -70.572 0.913182
0.888419 -70.5602 0.913332
0.888569 -70.5485 0.913482
0.888719 -70.5367 0.913632
0.888869  -70.525 0.913782
 0.88902 -70.5132 0.913932
 0.88917 -70.5015 0.914082
 0.88932 -70.4898 0.914082
 0.88947  -70.478 0.914232
 0.88962 -70.4663 0.914382
 0.88977 -70.4546 0.914532
 0.88992 -70.4428 0.914682
 0.89007 -70.4311 0.914832
 0.89022 -70.4194 0.914982
 0.89037 -70.4077 0.915133
 0.89052  -70.396 0.915283
 0.89067 -70.3843 0.915433
 0.89082 -70.3726 0.915583
 0.89097 -70.3609 0.915733
0.891121 -70.3492 0.915883
0.891271 -70.3376 0.916033
0.891421 -70.3259 0.916183
0.891571 -70.3142 0.916333
0.891721 -70.3025 0.916483
0.891871 -70.2909 0.916483
0.892021 -70.2792 0.916633
0.892171 -70.2675 0.916783
0.892321 -70.2559 0.916933
0.892471 -70.2442 0.917084
0.892621 -70.2326 0.917234
0.892771 -70.2209 0.917384
0.892921 -70.2093 0.917534
0.893072 -70.1977 0.917684
0.893222  -70.186 0.917834
0.893372 -70.1744 0.917984
0.893522 -70.1628 0.918134
0.893672 -70.1512 0.918284
0.893822 -70.1395 0.918434
0.893972 -70.1279 0.918584
0.894122 -70.1163 0.918734
0.894272 -70.1047 0.918884
0.894422 -70.0931 0.919035
0.894572 -70.0815 0.919035
0.894722 -70.0699 0.919185
0.894872 -70.0583 0.919335
0.895023 -70.0467 0.919485
0.895173 -70.0352 0.919635
0.895323 -70.0236 0.919785
0.895473  -70.012 0.919935
0.895623 -70.0004 0.920085
0.895773 -69.9889 0.920235
0.895923 -69.9773 0.920385
0.896073 -69.9658 0.920535
0.896223 -69.9542 0.920685
0.896373 -69.9427 0.920835
0.896523 -69.9311 0.920985
0.896673 -69.9196 0.921136
0.896823  -69.908 0.921286
0.896973 -69.8965 0.921436
0.897124  -69.885 0.921436
0.897274 -69.8734 0.921586
0.897424 -69.8619 0.921736
0.897574 -69.8504 0.921886
0.897724 -69.8389 0.922036
0.897874 -69.8274 0.922186
0.898024 -69.8158 0.922336
0.898174 -69.8043 0.922486
0.898324 -69.7928 0.922636
0.898474 -69.7813 0.922786
0.898624 -69.7699 0.922936
0.898774 -69.7584 0.923087
0.898924 -69.7469 0.923237
0.899075 -69.7354 0.923387
0.899225 -69.7239 0.923537
0.899375 -69.7124 0.923687
0.899525  -69.701 0.923837
0.899675 -69.6895 0.923987
0.899825  -69.678 0.924137
0.899975 -69.6666 0.924137
0.900125 -69.6551 0.924287
0.900275 -69.6437 0.924437
0.900425 -69.6322 0.924587
0.900575 -69.6208 0.924737
0.900725 -69.6093 0.924887
0.900875 -69.5979 0.925038
0.901026 -69.5865 0.925188
0.901176 -69.5751 0.925338
0.901326 -69.5636 0.925488
0.901476 -69.5522 0.925638
0.901626 -69.5408 0.925788
0.901776 -69.5294 0.925938
0.901926  -69.518 0.926088
0.902076 -69.5066 0.926238
0.902226 -69.4952 0.926388
0.902376 -69.4838 0.926538
0.902526 -69.4724 0.926688
0.902676  -69.461 0.926688
0.902826 -69.4496 0.926838
0.902976 -69.4382 0.926988
0.903127 -69.4268 0.927139
0.903277 -69.4154 0.927289
0.903427 -69.4041 0.927439
0.903577 -69.3927 0.927589
0.903727 -69.3813 0.927739
0.903877   -69.37 0.927889
0.904027 -69.3586 0.928039
0.904177 -69.3473 0.928189
0.904327 -69.3359 0.928339
0.904477 -69.3246 0.928489
0.904627 -69.3132 0.928639
0.904777 -69.3019 0.928789
0.904927 -69.2905 0.928939
0.905078 -69.2792  0.92909
0.905228 -69.2679  0.92924
0.905378 -69.2566  0.92939
0.905528 -69.2452  0.92939
0.905678 -69.2339  0.92954
0.905828 -69.2226  0.92969
0.905978 -69.2113  0.92984
0.906128    -69.2  0.92999
0.906278 -69.1887  0.93014
0.906428 -69.1774  0.93029
0.906578 -69.1661  0.93044
0.906728 -69.1548  0.93059
0.906878 -69.1435  0.93074
0.907029 -69.1322  0.93089
0.907179 -69.1209 0.931041
0.907329 -69.1097 0.931191
0.907479 -69.0984 0.931341
0.907629 -69.0871 0.931491
0.907779 -69.0759 0.931641
0.907929 -69.0646 0.931791
0.908079 -69.0533 0.931941
0.908229 -69.0421 0.932091
0.908379 -69.0308 0.932091
0.908529 -69.0196 0.932241
0.908679 -69.0083 0.932391
0.908829 -68.9971 0.932541
0.908979 -68.9859 0.932691
 0.90913 -68.9746 0.932841
 0.90928 -68.9634 0.932991
 0.90943 -68.9522 0.933142
 0.90958 -68.9409 0.933292
 0.90973 -68.9297 0.933442
 0.90988 -68.9185 0.933592
 0.91003 -68.9073 0.933742
 0.91018 -68.8961 0.933892
 0.91033 -68.8849 0.934042
 0.91048 -68.8737 0.934192
 0.91063 -68.8625 0.934342
 0.91078 -68.8513 0.934492
 0.91093 -68.8401 0.934642
0.911081 -68.8289 0.934792
0.911231 -68.8177 0.934942
0.911381 -68.8065 0.934942
0.911531 -68.7954 0.935093
0.911681 -68.7842 0.935243
0.911831  -68.773 0.935393
0.911981 -68.7618 0.935543
0.912131 -68.7507 0.935693
0.912281 -68.7395 0.935843
0.912431 -68.7284 0.935993
0.912581 -68.7172 0.936143
0.912731 -68.7061 0.936293
0.912881 -68.6949 0.936443
0.913032 -68.6838 0.936593
0.913182 -68.6726 0.936743
0.913332 -68.6615 0.936893
0.913482 -68.6504 0.937044
0.913632 -68.6392 0.937194
0.913782 -68.6281 0.937344
0.913932  -68.617 0.937494
0.914082 -68.6059 0.937644
0.914232 -68.5948 0.937794
0.914382 -68.5837 0.937944
0.914532 -68.5725 0.937944
0.914682 -68.5614 0.938094
0.914832 -68.5503 0.938244
0.914982 -68.5392 0.938394
0.915133 -68.5282 0.938544
0.915283 -68.5171 0.938694
0.915433  -68.506 0.938844
0.915583 -68.4949 0.938994
0.915733 -68.4838 0.939145
0.915883 -68.4727 0.939295
0.916033 -68.4617 0.939445
0.916183 -68.4506 0.939595
0.916333 -68.4395 0.939745
0.916483 -68.4285 0.939895
0.916633 -68.4174 0.940045
0.916783 -68.4064 0.940195
0.916933 -68.3953 0.940345
0.917084 -68.3843 0.940495
0.917234 -68.3732 0.940645
0.917384 -68.3622 0.940795
0.917534 -68.3511 0.940945
0.917684 -68.3401 0.940945
0.917834 -68.3291 0.941096
0.917984  -68.318 0.941246
0.918134  -68.307 0.941396
0.918284  -68.296 0.941546
0.918434  -68.285 0.941696
0.918584  -68.274 0.941846
0.918734 -68.2629 0.941996
0.918884 -68.2519 0.942146
0.919035 -68.2409 0.942296
0.919185 -68.2299 0.942446
0.919335 -68.2189 0.942596
0.919485 -68.2079 0.942746
0.919635  -68.197 0.942896
0.919785  -68.186 0.943047
0.919935  -68.175 0.943197
0.920085  -68.164 0.943347
0.920235  -68.153 0.943497
0.920385 -68.1421 0.943647
0.920535 -68.1311 0.943797
0.920685 -68.1201 0.943947
0.920835 -68.1092 0.943947
0.920985 -68.0982 0.944097
0.921136 -68.0872 0.944247
0.921286 -68.0763 0.944397
0.921436 -68.0653 0.944547
0.921586 -68.0544 0.944697
0.921736 -68.0434 0.944847
0.921886 -68.0325 0.944997
0.922036 -68.0216 0.945148
0.922186 -68.0106 0.945298
0.922336 -67.9997 0.945448
0.922486 -67.9888 0.945598
0.922636 -67.9779 0.945748
0.922786 -67.9669 0.945898
0.922936  -67.956 0.946048
0.923087 -67.9451 0.946198
0.923237 -67.9342 0.946348
0.923387 -67.9233 0.946498
0.923537 -67.9124 0.946648
0.923687 -67.9015 0.946798
0.923837 -67.8906 0.946948
0.923987 -67.8797 0.946948
0.924137 -67.8688 0.947099
0.924287 -67.8579 0.947249
0.924437 -67.8471 0.947399
0.924587 -67.8362 0.947549
0.924737 -67.8253 0.947699
0.924887 -67.8144 0.947849
0.925038 -67.8036 0.947999
0.925188 -67.7927 0.948149
0.925338 -67.7818 0.948299
0.925488  -67.771 0.948449
0.925638 -67.7601 0.948599
0.925788 -67.7493 0.948749
0.925938 -67.7384 0.948899
0.926088 -67.7276  0.94905
0.926238 -67.7167   0.9492
0.926388 -67.7059  0.94935
0.926538  -67.695   0.9495
0.926688 -67.6842  0.94965
0.926838 -67.6734   0.9498
0.926988 -67.6626  0.94995
0.927139 -67.6517   0.9501
0.927289 -67.6409  0.95025
0.927439 -67.6301  0.95025
0.927589 -67.6193   0.9504
0.927739 -67.6085  0.95055
0.927889 -67.5977   0.9507
0.928039 -67.5869  0.95085
0.928189 -67.5761 0.951001
0.928339 -67.5653 0.951151
0.928489 -67.5545 0.951301
0.928639 -67.5437 0.951451
0.928789 -67.5329 0.951601
0.928939 -67.5221 0.951751
 0.92909 -67.5113 0.951901
 0.92924 -67.5006 0.952051
 0.92939 -67.4898 0.952201
 0.92954  -67.479 0.952351
 0.92969 -67.4682 0.952501
 0.92984 -67.4575 0.952651
 0.92999 -67.4467 0.952801
 0.93014  -67.436 0.952951
 0.93029 -67.4252 0.953102
 0.93044 -67.4145 0.953252
 0.93059 -67.4037 0.953402
 0.93074  -67.393 0.953402
 0.93089 -67.3822 0.953552
0.931041 -67.3715 0.953702
0.931191 -67.3608 0.953852
0.931341   -67.35 0.954002
0.931491 -67.3393 0.954152
0.931641 -67.3286 0.954302
0.931791 -67.3178 0.954452
0.931941 -67.3071 0.954602
0.932091 -67.2964 0.954752
0.932241 -67.2857 0.954902
0.932391  -67.275 0.955053
0.932541 -67.2643 0.955203
0.932691 -67.2536 0.955353
0.932841 -67.2429 0.955503
0.932991 -67.2322 0.955653
0.933142 -67.2215 0.955803
0.933292 -67.2108 0.955953
0.933442 -67.2001 0.956103
0.933592 -67.1894 0.956253
0.933742 -67.1788 0.956403
0.933892 -67.1681 0.956553
0.934042 -67.1574 0.956703
0.934192 -67.1467 0.956703
0.934342 -67.1361 0.956853
0.934492 -67.1254 0.957004
0.934642 -67.1147 0.957154
0.934792 -67.1041 0.957304
0.934942 -67.0934 0.957454
0.935093 -67.0828 0.957604
0.935243 -67.0721 0.957754
0.935393 -67.0615 0.957904
0.935543 -67.0508 0.958054
0.935693 -67.0402 0.958204
0.935843 -67.0296 0.958354
0.935993 -67.0189 0.958504
0.936143 -67.0083 0.958654
0.936293 -66.9977 0.958804
0.936443 -66.9871 0.958954
0.936593 -66.9764 0.959105
0.936743 -66.9658 0.959255
0.936893 -66.9552 0.959405
0.937044 -66.9446 0.959555
0.937194  -66.934 0.959705
0.937344 -66.9234 0.959855
0.937494 -66.9128 0.959855
0.937644 -66.9022 0.960005
0.937794 -66.8916 0.960155
0.937944  -66.881 0.960305
0.938094 -66.8704 0.960455
0.938244 -66.8598 0.960605
0.938394 -66.8493 0.960755
0.938544 -66.8387 0.960905
0.938694 -66.8281 0.961056
0.938844 -66.8175 0.961206
0.938994  -66.807 0.961356
0.939145 -66.7964 0.961506
0.939295 -66.7858 0.961656
0.939445 -66.7753 0.961806
0.939595 -66.7647 0.961956
0.939745 -66.7542 0.962106
0.939895 -66.7436 0.962256
0.940045 -66.7331 0.962406
0.940195 -66.7225 0.962556
0.940345  -66.712 0.962706
0.940495 -66.7015 0.962856
0.940645 -66.6909 0.963007
0.940795 -66.6804 0.963157
0.940945 -66.6699 0.963157
0.941096 -66.6593 0.963307
0.941246 -66.6488 0.963457
0.941396 -66.6383 0.963607
0.941546 -66.6278 0.963757
0.941696 -66.6173 0.963907
0.941846 -66.6068 0.964057
0.941996 -66.5963 0.964207
0.942146 -66.5857 0.964357
0.942296 -66.5752 0.964507
0.942446 -66.5648 0.964657
0.942596 -66.5543 0.964807
0.942746 -66.5438 0.964957
0.942896 -66.5333 0.965108
0.943047 -66.5228 0.965258
0.943197 -66.5123 0.965408
0.943347 -66.5018 0.965558
0.943497 -66.4914 0.965708
0.943647 -66.4809 0.965858
0.943797 -66.4704 0.966008
0.943947   -66.46 0.966158
0.944097 -66.4495 0.966308
0.944247  -66.439 0.966458
0.944397 -66.4286 0.966458
0.944547 -66.4181 0.966608
0.944697 -66.4077 0.966758
0.944847 -66.3972 0.966908
0.944997 -66.3868 0.967059
0.945148 -66.3763 0.967209
0.945298 -66.3659 0.967359
0.945448 -66.3555 0.967509
0.945598  -66.345 0.967659
0.945748 -66.3346 0.967809
0.945898 -66.3242 0.967959
0.946048 -66.3138 0.968109
0.946198 -66.3033 0.968259
0.946348 -66.2929 0.968409
0.946498 -66.2825 0.968559
0.946648 -66.2721 0.968709
0.946798 -66.2617 0.968859
0.946948 -66.2513  0.96901
0.947099 -66.2409  0.96916
0.947249 -66.2305  0.96931
0.947399 -66.2201  0.96946
0.947549 -66.2097  0.96961
0.947699 -66.1993  0.96976
0.947849 -66.1889  0.96991
0.947999 -66.1785  0.96991
0.948149 -66.1682  0.97006
0.948299 -66.1578  0.97021
0.948449 -66.1474  0.97036
0.948599  -66.137  0.97051
0.948749 -66.1267  0.97066
0.948899 -66.1163  0.97081
 0.94905 -66.1059  0.97096
  0.9492 -66.0956 0.971111
 0.94935 -66.0852 0.971261
  0.9495 -66.0749 0.971411
 0.94965 -66.0645 0.971561
  0.9498 -66.0542 0.971711
 0.94995 -66.0438 0.971861
  0.9501 -66.0335 0.972011
 0.95025 -66.0232 0.972161
  0.9504 -66.0128 0.972311
 0.95055 -66.0025 0.972461
  0.9507 -65.9922 0.972611
 0.95085 -65.9818 0.972761
0.951001 -65.9715 0.972911
0.951151 -65.9612 0.973062
0.951301 -65.9509 0.973212
0.951451 -65.9406 0.973362
0.951601 -65.9303 0.973362
0.951751   -65.92 0.973512
0.951901 -65.9096 0.973662
0.952051 -65.8993 0.973812
0.952201  -65.889 0.973962
0.952351 -65.8788 0.974112
0.952501 -65.8685 0.974262
0.952651 -65.8582 0.974412
0.952801 -65.8479 0.974562
0.952951 -65.8376 0.974712
0.953102 -65.8273 0.974862
0.953252  -65.817 0.975013
0.953402 -65.8068 0.975163
0.953552 -65.7965 0.975313
0.953702 -65.7862 0.975463
0.953852  -65.776 0.975613
0.954002 -65.7657 0.975763
0.954152 -65.7554 0.975913
0.954302 -65.7452 0.976063
0.954452 -65.7349 0.976213
0.954602 -65.7247 0.976363
0.954752 -65.7144 0.976513
0.954902 -65.7042 0.976663
0.955053 -65.6939 0.976813
0.955203 -65.6837 0.976813
0.955353 -65.6735 0.976963
0.955503 -65.6632 0.977114
0.955653  -65.653 0.977264
0.955803 -65.6428 0.977414
0.955953 -65.6326 0.977564
0.956103 -65.6223 0.977714
0.956253 -65.6121 0.977864
0.956403 -65.6019 0.978014
0.956553 -65.5917 0.978164
0.956703 -65.5815 0.978314
0.956853 -65.5713 0.978464
0.957004 -65.5611 0.978614
0.957154 -65.5509 0.978764
0.957304 -65.5407 0.978914
0.957454 -65.5305 0.979065
0.957604 -65.5203 0.979215
0.957754 -65.5101 0.979365
0.957904 -65.4999 0.979515
0.958054 -65.4897 0.979665
0.958204 -65.4796 0.979815
0.958354 -65.4694 0.979965
0.958504 -65.4592 0.980115
0.958654  -65.449 0.980115
0.958804 -65.4389 0.980265
0.958954 -65.4287 0.980415
0.959105 -65.4185 0.980565
0.959255 -65.4084 0.980715
0.959405 -65.3982 0.980865
0.959555 -65.3881 0.981016
0.959705 -65.3779 0.981166
0.959855 -65.3678 0.981316
0.960005 -65.3576 0.981466
0.960155 -65.3475 0.981616
0.960305 -65.3374 0.981766
0.960455 -65.3272 0.981916
0.960605 -65.3171 0.982066
0.960755  -65.307 0.982216
0.960905 -65.2968 0.982366
0.961056 -65.2867 0.982516
0.961206 -65.2766 0.982666
0.961356 -65.2665 0.982816
0.961506 -65.2564 0.982966
0.961656 -65.2462 0.983117
0.961806 -65.2361 0.983267
0.961956  -65.226 0.983417
0.962106 -65.2159 0.983567
0.962256 -65.2058 0.983567
0.962406 -65.1957 0.983717
0.962556 -65.1856 0.983867
0.962706 -65.1755 0.984017
0.962856 -65.1654 0.984167
0.963007 -65.1554 0.984317
0.963157 -65.1453 0.984467
0.963307 -65.1352 0.984617
0.963457 -65.1251 0.984767
0.963607  -65.115 0.984917
0.963757  -65.105 0.985068
0.963907 -65.0949 0.985218
0.964057 -65.0848 0.985368
0.964207 -65.0748 0.985518
0.964357 -65.0647 0.985668
0.964507 -65.0547 0.985818
0.964657 -65.0446 0.985968
0.964807 -65.0346 0.986118
0.964957 -65.0245 0.986268
0.965108 -65.0145 0.986418
0.965258 -65.0044 0.986568
0.965408 -64.9944 0.986718
0.965558 -64.9843 0.986868
0.965708 -64.9743 0.987019
0.965858 -64.9643 0.987019
0.966008 -64.9542 0.987169
0.966158 -64.9442 0.987319
0.966308 -64.9342 0.987469
0.966458 -64.9242 0.987619
0.966608 -64.9142 0.987769
0.966758 -64.9041 0.987919
0.966908 -64.8941 0.988069
0.967059 -64.8841 0.988219
0.967209 -64.8741 0.988369
0.967359 -64.8641 0.988519
0.967509 -64.8541 0.988669
0.967659 -64.8441 0.988819
0.967809 -64.8341 0.988969
0.967959 -64.8241  0.98912
0.968109 -64.8142  0.98927
0.968259 -64.8042  0.98942
0.968409 -64.7942  0.98957
0.968559 -64.7842  0.98972
0.968709 -64.7742  0.98987
0.968859 -64.7643  0.99002
 0.96901 -64.7543  0.99017
 0.96916 -64.7443  0.99032
 0.96931 -64.7344  0.99047
 0.96946 -64.7244  0.99062
 0.96961 -64.7144  0.99062
 0.96976 -64.7045  0.99077
 0.96991 -64.6945  0.99092
 0.97006 -64.6846 0.991071
 0.97021 -64.6746 0.991221
 0.97036 -64.6647 0.991371
 0.97051 -64.6547 0.991521
 0.97066 -64.6448 0.991671
 0.97081 -64.6349 0.991821
 0.97096 -64.6249 0.991971
0.971111  -64.615 0.992121
0.971261 -64.6051 0.992271
0.971411 -64.5951 0.992421
0.971561 -64.5852 0.992571
0.971711 -64.5753 0.992721
0.971861 -64.5654 0.992871
0.972011 -64.5555 0.993022
0.972161 -64.5455 0.993172
0.972311 -64.5356 0.993322
0.972461 -64.5257 0.993472
0.972611 -64.5158 0.993622
0.972761 -64.5059 0.993772
0.972911  -64.496 0.993922
0.973062 -64.4861 0.994072
0.973212 -64.4762 0.994072
0.973362 -64.4664 0.994222
0.973512 -64.4565 0.994372
0.973662 -64.4466 0.994522
0.973812 -64.4367 0.994672
0.973962 -64.4268 0.994822
0.974112  -64.417 0.994972
0.974262 -64.4071 0.995123
0.974412 -64.3972 0.995273
0.974562 -64.3873 0.995423
0.974712 -64.3775 0.995573
0.974862 -64.3676 0.995723
0.975013 -64.3578 0.995873
0.975163 -64.3479 0.996023
0.975313 -64.3381 0.996173
0.975463 -64.3282 0.996323
0.975613 -64.3184 0.996473
0.975763 -64.3085 0.996623
0.975913 -64.2987 0.996773
0.976063 -64.2888 0.996923
0.976213  -64.279 0.997074
0.976363 -64.2692 0.997224
0.976513 -64.2593 0.997374
0.976663 -64.2495 0.997524
0.976813 -64.2397 0.997524
0.976963 -64.2299 0.997674
0.977114   -64.22 0.997824
0.977264 -64.2102 0.997974
0.977414 -64.2004 0.998124
0.977564 -64.1906 0.998274
0.977714 -64.1808 0.998424
0.977864  -64.171 0.998574
0.978014 -64.1612 0.998724
0.978164 -64.1514 0.998874
0.978314 -64.1416 0.999025
0.978464 -64.1318 0.999175
0.978614  -64.122 0.999325
0.978764 -64.1122 0.999475
0.978914 -64.1024 0.999625
0.979065 -64.0926 0.999775
0.979215 -64.0829 0.999925
0.979365 -64.0731  1.00008
0.979515 -64.0633  1.00023
0.979665 -64.0535  1.00038
0.979815 -64.0438  1.00053
0.979965  -64.034  1.00068
0.980115 -64.0242  1.00083
0.980265 -64.0145  1.00098
0.980415 -64.0047  1.00098
0.980565  -63.995  1.00113
0.980715 -63.9852  1.00128
0.980865 -63.9755  1.00143
0.981016 -63.9657  1.00158
0.981166  -63.956  1.00173
0.981316 -63.9462  1.00188
0.981466 -63.9365  1.00203
0.981616 -63.9268  1.00218
0.981766  -63.917  1.00233
0.981916 -63.9073  1.00248
0.982066 -63.8976  1.00263
0.982216 -63.8878  1.00278
0.982366 -63.8781  1.00293
0.982516 -63.8684  1.00308
0.982666 -63.8587  1.00323
0.982816  -63.849  1.00338
0.982966 -63.8393  1.00353
0.983117 -63.8295  1.00368
0.983267 -63.8198  1.00383
0.983417 -63.8101  1.00398
0.983567 -63.8004  1.00413
0.983717 -63.7907  1.00428
0.983867  -63.781  1.00443
0.984017 -63.7714  1.00443
0.984167 -63.7617  1.00458
0.984317  -63.752  1.00473
0.984467 -63.7423  1.00488
0.984617 -63.7326  1.00503
0.984767 -63.7229  1.00518
0.984917 -63.7133  1.00533
0.985068 -63.7036  1.00548
0.985218 -63.6939  1.00563
0.985368 -63.6842  1.00578
0.985518 -63.6746  1.00593
0.985668 -63.6649  1.00608
0.985818 -63.6553  1.00623
0.985968 -63.6456  1.00638
0.986118 -63.6359  1.00653
0.986268 -63.6263  1.00668
0.986418 -63.6166  1.00683
0.986568  -63.607  1.00698
0.986718 -63.5974  1.00713
0.986868 -63.5877  1.00728
0.987019 -63.5781  1.00743
0.987169 -63.5684  1.00758
0.987319 -63.5588  1.00773
0.987469 -63.5492  1.00788
0.987619 -63.5396  1.00788
0.987769 -63.5299  1.00803
0.987919 -63.5203  1.00818
0.988069 -63.5107  1.00833
0.988219 -63.5011  1.00848
0.988369 -63.4915  1.00863
0.988519 -63.4818  1.00878
0.988669 -63.4722  1.00893
0.988819 -63.4626  1.00908
0.988969  -63.453  1.00923
 0.98912 -63.4434  1.00938
 0.98927 -63.4338  1.00953
 0.98942 -63.4242  1.00968
 0.98957 -63.4146  1.00983
 0.98972 -63.4051  1.00998
 0.98987 -63.3955  1.01013
 0.99002 -63.3859  1.01028
 0.99017 -63.3763  1.01043
 0.99032 -63.3667  1.01058
 0.99047 -63.3571  1.01073
 0.99062 -63.3476  1.01088
 0.99077  -63.338  1.01103
 0.99092 -63.3284  1.01118
0.991071 -63.3189  1.01133
0.991221 -63.3093  1.01133
0.991371 -63.2998  1.01148
0.991521 -63.2902  1.01163
0.991671 -63.2806  1.01178
0.991821 -63.2711  1.01193
0.991971 -63.2615  1.01208
0.992121  -63.252  1.01223
0.992271 -63.2424  1.01238
0.992421 -63.2329  1.01253
0.992571 -63.2234  1.01268
0.992721 -63.2138  1.01283
0.992871 -63.2043  1.01298
0.993022 -63.1948  1.01313
0.993172 -63.1852  1.01328
0.993322 -63.1757  1.01343
0.993472 -63.1662  1.01358
0.993622 -63.1567  1.01373
0.993772 -63.1472  1.01388
0.993922 -63.1376  1.01403
0.994072 -63.1281  1.01418
0.994222 -63.1186  1.01433
0.994372 -63.1091  1.01448
0.994522 -63.0996  1.01463
0.994672 -63.0901  1.01478
0.994822 -63.0806  1.01478
0.994972 -63.0711  1.01493
0.995123 -63.0616  1.01508
0.995273 -63.0521  1.01523
0.995423 -63.0426  1.01538
0.995573 -63.0332  1.01553
0.995723 -63.0237  1.01568
0.995873 -63.0142  1.01583
0.996023 -63.0047  1.01598
0.996173 -62.9952  1.01613
0.996323 -62.9858  1.01628
0.996473 -62.9763  1.01643
0.996623 -62.9668  1.01658
0.996773 -62.9574  1.01673
0.996923 -62.9479  1.01688
0.997074 -62.9385  1.01703
0.997224  -62.929  1.01718
0.997374 -62.9195  1.01733
0.997524 -62.9101  1.01748
0.997674 -62.9006  1.01763
0.997824 -62.8912  1.01778
0.997974 -62.8818  1.01793
0.998124 -62.8723  1.01808
0.998274 -62.8629  1.01823
0.998424 -62.8534  1.01823
0.998574  -62.844  1.01838
0.998724 -62.8346  1.01853
0.998874 -62.8252  1.01868
0.999025 -62.8157  1.01883
0.999175 -62.8063  1.01898
0.999325 -62.7969  1.01913
0.999475 -62.7875  1.01928
0.999625 -62.7781  1.01943
0.999775 -62.7686  1.01958
0.999925 -62.7592  1.01973
 1.00008 -62.7498  1.01988
 1.00023 -62.7404  1.02004
 1.00038  -62.731  1.02019
 1.00053 -62.7216  1.02034
 1.00068 -62.7122  1.02049
 1.00083 -62.7028  1.02064
 1.00098 -62.6934  1.02079
 1.00113 -62.6841  1.02094
 1.00128 -62.6747  1.02109
 1.00143 -62.6653  1.02124
 1.00158 -62.6559  1.02139
 1.00173 -62.6465  1.02154
 1.00188 -62.6372  1.02154
 1.00203 -62.6278  1.02169
 1.00218 -62.6184  1.02184
 1.00233 -62.6091  1.02199
 1.00248 -62.5997  1.02214
 1.00263 -62.5903  1.02229
 1.00278  -62.581  1.02244
 1.00293 -62.5716  1.02259
 1.00308 -62.5623  1.02274
 1.00323 -62.5529  1.02289
 1.00338 -62.5436  1.02304
 1.00353 -62.5342  1.02319
 1.00368 -62.5249  1.02334
 1.00383 -62.5155  1.02349
 1.00398 -62.5062  1.02364
 1.00413 -62.4969  1.02379
 1.00428 -62.4875  1.02394
 1.00443 -62.4782  1.02409
 1.00458 -62.4689  1.02424
 1.00473 -62.4595  1.02439
 1.00488 -62.4502  1.02454
 1.00503 -62.4409  1.02469
 1.00518 -62.4316  1.02484
 1.00533 -62.4223  1.02499
 1.00548  -62.413  1.02499
 1.00563 -62.4036  1.02514
 1.00578 -62.3943  1.02529
 1.00593  -62.385  1.02544
 1.00608 -62.3757  1.02559
 1.00623 -62.3664  1.02574
 1.00638 -62.3571  1.02589
 1.00653 -62.3478  1.02604
 1.00668 -62.3385  1.02619
 1.00683 -62.3293  1.02634
 1.00698   -62.32  1.02649
 1.00713 -62.3107  1.02664
 1.00728 -62.3014  1.02679
 1.00743 -62.2921  1.02694
 1.00758 -62.2829  1.02709
 1.00773 -62.2736  1.02724
 1.00788 -62.2643  1.02739
 1.00803  -62.255  1.02754
 1.00818 -62.2458  1.02769
 1.00833 -62.2365  1.02784
 1.00848 -62.2273  1.02799
 1.00863  -62.218  1.02814
 1.00878 -62.2087  1.02829
 1.00893 -62.1995  1.02829
 1.00908 -62.1902  1.02844
 1.00923  -62.181  1.02859
 1.00938 -62.1717  1.02874
 1.00953 -62.1625  1.02889
 1.00968 -62.1533  1.02904
 1.00983  -62.144  1.02919
 1.00998 -62.1348  1.02934
 1.01013 -62.1256  1.02949
 1.01028 -62.1163  1.02964
 1.01043 -62.1071  1.02979
 1.01058 -62.0979  1.02994
 1.01073 -62.0887  1.03009
 1.01088 -62.0794  1.03024
 1.01103 -62.0702  1.03039
 1.01118  -62.061  1.03054
 1.01133 -62.0518  1.03069
 1.01148 -62.0426  1.03084
 1.01163 -62.0334  1.03099
 1.01178 -62.0242  1.03114
 1.01193  -62.015  1.03129
 1.01208 -62.0058  1.03144
 1.01223 -61.9966  1.03159
 1.01238 -61.9874  1.03159
 1.01253 -61.9782  1.03174
 1.01268  -61.969  1.03189
 1.01283 -61.9598  1.03204
 1.01298 -61.9506  1.03219
 1.01313 -61.9415  1.03234
 1.01328 -61.9323  1.03249
 1.01343 -61.9231  1.03264
 1.01358 -61.9139  1.03279
 1.01373 -61.9048  1.03294
 1.01388 -61.8956  1.03309
 1.01403 -61.8864  1.03324
 1.01418 -61.8773  1.03339
 1.01433 -61.8681  1.03354
 1.01448 -61.8589  1.03369
 1.01463 -61.8498  1.03384
 1.01478 -61.8406  1.03399
 1.01493 -61.8315  1.03414
 1.01508 -61.8223  1.03429
 1.01523 -61.8132  1.03444
 1.01538  -61.804  1.03459
 1.01553 -61.7949  1.03474
 1.01568 -61.7858  1.03474
 1.01583 -61.7766  1.03489
 1.01598 -61.7675  1.03504
 1.01613 -61.7584  1.03519
 1.01628 -61.7492  1.03534
 1.01643 -61.7401  1.03549
 1.01658  -61.731  1.03564
 1.01673 -61.7219  1.03579
 1.01688 -61.7128  1.03594
 1.01703 -61.7036  1.03609
 1.01718 -61.6945  1.03624
 1.01733 -61.6854  1.03639
 1.01748 -61.6763  1.03654
 1.01763 -61.6672  1.03669
 1.01778 -61.6581  1.03684
 1.01793  -61.649  1.03699
 1.01808 -61.6399  1.03714
 1.01823 -61.6308  1.03729
 1.01838 -61.6217  1.03744
 1.01853 -61.6126  1.03759
 1.01868 -61.6035  1.03774
 1.01883 -61.5945  1.03789
 1.01898 -61.5854  1.03804
 1.01913 -61.5763  1.03804
 1.01928 -61.5672  1.03819
 1.01943 -61.5581  1.03834
 1.01958 -61.5491  1.03849
 1.01973   -61.54  1.03864
 1.01988 -61.5309  1.03879
 1.02004 -61.5219  1.03894
 1.02019 -61.5128  1.03909
 1.02034 -61.5037  1.03924
 1.02049 -61.4947  1.03939
 1.02064 -61.4856  1.03954
 1.02079 -61.4766  1.03969
 1.02094 -61.4675  1.03984
 1.02109 -61.4585  1.03999
 1.02124 -61.4494  1.04015
 1.02139 -61.4404   1.0403
 1.02154 -61.4314  1.04045
 1.02169 -61.4223   1.0406
 1.02184 -61.4133  1.04075
 1.02199 -61.4043   1.0409
 1.02214 -61.3952  1.04105
 1.02229 -61.3862   1.0412
 1.02244 -61.3772   1.0412
 1.02259 -61.3682  1.04135
 1.02274 -61.3591   1.0415
 1.02289 -61.3501  1.04165
 1.02304 -61.3411   1.0418
 1.02319 -61.3321  1.04195
 1.02334 -61.3231   1.0421
 1.02349 -61.3141  1.04225
 1.02364 -61.3051   1.0424
 1.02379 -61.2961  1.04255
 1.02394 -61.2871   1.0427
 1.02409 -61.2781  1.04285
 1.02424 -61.2691    1.043
 1.02439 -61.2601  1.04315
 1.02454 -61.2511   1.0433
 1.02469 -61.2421  1.04345
 1.02484 -61.2331   1.0436
 1.02499 -61.2242  1.04375
 1.02514 -61.2152   1.0439
 1.02529 -61.2062  1.04405
 1.02544 -61.1972   1.0442
 1.02559 -61.1883  1.04435
 1.02574 -61.1793  1.04435
 1.02589 -61.1703   1.0445
 1.02604 -61.1614  1.04465
 1.02619 -61.1524   1.0448
 1.02634 -61.1434  1.04495
 1.02649 -61.1345   1.0451
 1.02664 -61.1255  1.04525
 1.02679 -61.1166   1.0454
 1.02694 -61.1076  1.04555
 1.02709 -61.0987   1.0457
 1.02724 -61.0897  1.04585
 1.02739 -61.0808    1.046
 1.02754 -61.0718  1.04615
 1.02769 -61.0629   1.0463
 1.02784  -61.054  1.04645
 1.02799  -61.045   1.0466
 1.02814 -61.0361  1.04675
 1.02829 -61.0272   1.0469
 1.02844 -61.0183  1.04705
 1.02859 -61.0093   1.0472
 1.02874 -61.0004  1.04735
 1.02889 -60.9915   1.0475
 1.02904 -60.9826   1.0475
 1.02919 -60.9737  1.04765
 1.02934 -60.9648   1.0478
 1.02949 -60.9559  1.04795
 1.02964  -60.947   1.0481
 1.02979 -60.9381  1.04825
 1.02994 -60.9292   1.0484
 1.03009 -60.9203  1.04855
 1.03024 -60.9114   1.0487
 1.03039 -60.9025  1.04885
 1.03054 -60.8936    1.049
 1.03069 -60.8847  1.04915
 1.03084 -60.8758   1.0493
 1.03099 -60.8669  1.04945
 1.03114  -60.858   1.0496
 1.03129 -60.8492  1.04975
 1.03144 -60.8403   1.0499
 1.03159 -60.8314  1.05005
 1.03174 -60.8226   1.0502
 1.03189 -60.8137  1.05035
 1.03204 -60.8048   1.0505
 1.03219  -60.796   1.0505
 1.03234 -60.7871  1.05065
 1.03249 -60.7782   1.0508
 1.03264 -60.7694  1.05095
 1.03279 -60.7605   1.0511
 1.03294 -60.7517  1.05125
 1.03309 -60.7428   1.0514
 1.03324  -60.734  1.05155
 1.03339 -60.7251   1.0517
 1.03354 -60.7163  1.05185
 1.03369 -60.7075    1.052
 1.03384 -60.6986  1.05215
 1.03399 -60.6898   1.0523
 1.03414  -60.681  1.05245
 1.03429 -60.6721   1.0526
 1.03444 -60.6633  1.05275
 1.03459 -60.6545   1.0529
 1.03474 -60.6457  1.05305
 1.03489 -60.6369   1.0532
 1.03504  -60.628  1.05335
 1.03519 -60.6192   1.0535
 1.03534 -60.6104   1.0535
 1.03549 -60.6016  1.05365
 1.03564 -60.5928   1.0538
 1.03579  -60.584  1.05395
 1.03594 -60.5752   1.0541
 1.03609 -60.5664  1.05425
 1.03624 -60.5576   1.0544
 1.03639 -60.5488  1.05455
 1.03654   -60.54   1.0547
 1.03669 -60.5312  1.05485
 1.03684 -60.5224    1.055
 1.03699 -60.5137  1.05515
 1.03714 -60.5049   1.0553
 1.03729 -60.4961  1.05545
 1.03744 -60.4873   1.0556
 1.03759 -60.4786  1.05575
 1.03774 -60.4698   1.0559
 1.03789  -60.461  1.05605
 1.03804 -60.4522   1.0562
 1.03819 -60.4435  1.05635
 1.03834 -60.4347   1.0565
 1.03849  -60.426   1.0565
 1.03864 -60.4172  1.05665
 1.03879 -60.4084   1.0568
 1.03894 -60.3997  1.05695
 1.03909 -60.3909   1.0571
 1.03924 -60.3822  1.05725
 1.03939 -60.3735   1.0574
 1.03954 -60.3647  1.05755
 1.03969  -60.356   1.0577
 1.03984 -60.3472  1.05785
 1.03999 -60.3385    1.058
 1.04015 -60.3298  1.05815
  1.0403  -60.321   1.0583
 1.04045 -60.3123  1.05845
  1.0406 -60.3036   1.0586
 1.04075 -60.2949  1.05875
  1.0409 -60.2861   1.0589
 1.04105 -60.2774  1.05905
  1.0412 -60.2687   1.0592
 1.04135   -60.26  1.05935
  1.0415 -60.2513  1.05935
 1.04165 -60.2426   1.0595
  1.0418 -60.2339  1.05965
 1.04195 -60.2252   1.0598
  1.0421 -60.2165  1.05995
 1.04225 -60.2078  1.06011
  1.0424 -60.1991  1.06026
 1.04255 -60.1904  1.06041
  1.0427 -60.1817  1.06056
 1.04285  -60.173  1.06071
   1.043 -60.1643  1.06086
 1.04315 -60.1556  1.06101
  1.0433  -60.147  1.06116
 1.04345 -60.1383  1.06131
  1.0436 -60.1296  1.06146
 1.04375 -60.1209  1.06161
  1.0439 -60.1123  1.06176
 1.04405 -60.1036  1.06191
  1.0442 -60.0949  1.06206
 1.04435 -60.0863  1.06206
  1.0445 -60.0776  1.06221
 1.04465  -60.069  1.06236
  1.0448 -60.0603  1.06251
 1.04495 -60.0516  1.06266
  1.0451  -60.043  1.06281
 1.04525 -60.0343  1.06296
  1.0454 -60.0257  1.06311
 1.04555 -60.0171  1.06326
  1.0457 -60.0084  1.06341
 1.04585 -59.9998  1.06356
   1.046 -59.9911  1.06371
 1.04615 -59.9825  1.06386
  1.0463 -59.9739  1.06401
 1.04645 -59.9652  1.06416
  1.0466 -59.9566  1.06431
 1.04675  -59.948  1.06446
  1.0469 -59.9394  1.06461
 1.04705 -59.9308  1.06476
  1.0472 -59.9221  1.06476
 1.04735 -59.9135  1.06491
  1.0475 -59.9049  1.06506
 1.04765 -59.8963  1.06521
  1.0478 -59.8877  1.06536
 1.04795 -59.8791  1.06551
  1.0481 -59.8705  1.06566
 1.04825 -59.8619  1.06581
  1.0484 -59.8533  1.06596
 1.04855 -59.8447  1.06611
  1.0487 -59.8361  1.06626
 1.04885 -59.8275  1.06641
   1.049 -59.8189  1.06656
 1.04915 -59.8103  1.06671
  1.0493 -59.8018  1.06686
 1.04945 -59.7932  1.06701
  1.0496 -59.7846  1.06716
 1.04975  -59.776  1.06731
  1.0499 -59.7675  1.06746
 1.05005 -59.7589  1.06746
  1.0502 -59.7503  1.06761
 1.05035 -59.7418  1.06776
  1.0505 -59.7332  1.06791
 1.05065 -59.7246  1.06806
  1.0508 -59.7161  1.06821
 1.05095 -59.7075  1.06836
  1.0511  -59.699  1.06851
 1.05125 -59.6904  1.06866
  1.0514 -59.6819  1.06881
 1.05155 -59.6733  1.06896
  1.0517 -59.6648  1.06911
 1.05185 -59.6562  1.06926
   1.052 -59.6477  1.06941
 1.05215 -59.6392  1.06956
  1.0523 -59.6306  1.06971
 1.05245 -59.6221  1.06986
  1.0526 -59.6136  1.07001
 1.05275  -59.605  1.07016
  1.0529 -59.5965  1.07016
 1.05305  -59.588  1.07031
  1.0532 -59.5795  1.07046
 1.05335  -59.571  1.07061
  1.0535 -59.5624  1.07076
 1.05365 -59.5539  1.07091
  1.0538 -59.5454  1.07106
 1.05395 -59.5369  1.07121
  1.0541 -59.5284  1.07136
 1.05425 -59.5199  1.07151
  1.0544 -59.5114  1.07166
 1.05455 -59.5029  1.07181
  1.0547 -59.4944  1.07196
 1.05485 -59.4859  1.07211
   1.055 -59.4774  1.07226
 1.05515 -59.4689  1.07241
  1.0553 -59.4605  1.07256
 1.05545  -59.452  1.07271
  1.0556 -59.4435  1.07271
 1.05575  -59.435  1.07286
  1.0559 -59.4265  1.07301
 1.05605 -59.4181  1.07316
  1.0562 -59.4096  1.07331
 1.05635 -59.4011  1.07346
  1.0565 -59.3927  1.07361
 1.05665 -59.3842  1.07376
  1.0568 -59.3757  1.07391
 1.05695 -59.3673  1.07406
  1.0571 -59.3588  1.07421
 1.05725 -59.3504  1.07436
  1.0574 -59.3419  1.07451
 1.05755 -59.3335  1.07466
  1.0577  -59.325  1.07481
 1.05785 -59.3166  1.07496
   1.058 -59.3081  1.07511
 1.05815 -59.2997  1.07526
  1.0583 -59.2913  1.07541
 1.05845 -59.2828  1.07541
  1.0586 -59.2744  1.07556
 1.05875  -59.266  1.07571
  1.0589 -59.2575  1.07586
 1.05905 -59.2491  1.07601
  1.0592 -59.2407  1.07616
 1.05935 -59.2323  1.07631
  1.0595 -59.2238  1.07646
 1.05965 -59.2154  1.07661
  1.0598  -59.207  1.07676
 1.05995 -59.1986  1.07691
 1.06011 -59.1902  1.07706
 1.06026 -59.1818  1.07721
 1.06041 -59.1734  1.07736
 1.06056  -59.165  1.07751
 1.06071 -59.1566  1.07766
 1.06086 -59.1482  1.07781
 1.06101 -59.1398  1.07781
 1.06116 -59.1314  1.07796
 1.06131  -59.123  1.07811
 1.06146 -59.1146  1.07826
 1.06161 -59.1062  1.07841
 1.06176 -59.0979  1.07856
 1.06191 -59.0895  1.07871
 1.06206 -59.0811  1.07886
 1.06221 -59.0727  1.07901
 1.06236 -59.0644  1.07916
 1.06251  -59.056  1.07931
 1.06266 -59.0476  1.07946
 1.06281 -59.0393  1.07961
 1.06296 -59.0309  1.07976
 1.06311 -59.0225  1.07991
 1.06326 -59.0142  1.08007
 1.06341 -59.0058  1.08022
 1.06356 -58.9975  1.08022
 1.06371 -58.9891  1.08037
 1.06386 -58.9808  1.08052
 1.06401 -58.9724  1.08067
 1.06416 -58.9641  1.08082
 1.06431 -58.9558  1.08097
 1.06446 -58.9474  1.08112
 1.06461 -58.9391  1.08127
 1.06476 -58.9308  1.08142
 1.06491 -58.9224  1.08157
 1.06506 -58.9141  1.08172
 1.06521 -58.9058  1.08187
 1.06536 -58.8974  1.08202
 1.06551 -58.8891  1.08217
 1.06566 -58.8808  1.08232
 1.06581 -58.8725  1.08247
 1.06596 -58.8642  1.08247
 1.06611 -58.8559  1.08262
 1.06626 -58.8476  1.08277
 1.06641 -58.8393  1.08292
 1.06656  -58.831  1.08307
 1.06671 -58.8227  1.08322
 1.06686 -58.8144  1.08337
 1.06701 -58.8061  1.08352
 1.06716 -58.7978  1.08367
 1.06731 -58.7895  1.08382
 1.06746 -58.7812  1.08397
 1.06761 -58.7729  1.08412
 1.06776 -58.7646  1.08427
 1.06791 -58.7563  1.08442
 1.06806 -58.7481  1.08457
 1.06821 -58.7398  1.08472
 1.06836 -58.7315  1.08472
 1.06851 -58.7232  1.08487
 1.06866  -58.715  1.08502
 1.06881 -58.7067  1.08517
 1.06896 -58.6984  1.08532
 1.06911 -58.6902  1.08547
 1.06926 -58.6819  1.08562
 1.06941 -58.6737  1.08577
 1.06956 -58.6654  1.08592
 1.06971 -58.6571  1.08607
 1.06986 -58.6489  1.08622
 1.07001 -58.6407  1.08637
 1.07016 -58.6324  1.08652
 1.07031 -58.6242  1.08667
 1.07046 -58.6159  1.08682
 1.07061 -58.6077  1.08697
 1.07076 -58.5995  1.08697
 1.07091 -58.5912  1.08712
 1.07106  -58.583  1.08727
 1.07121 -58.5748  1.08742
 1.07136 -58.5665  1.08757
 1.07151 -58.5583  1.08772
 1.07166 -58.5501  1.08787
 1.07181 -58.5419  1.08802
 1.07196 -58.5337  1.08817
 1.07211 -58.5255  1.08832
 1.07226 -58.5172  1.08847
 1.07241  -58.509  1.08862
 1.07256 -58.5008  1.08877
 1.07271 -58.4926  1.08892
 1.07286 -58.4844  1.08907
 1.07301 -58.4762  1.08922
 1.07316  -58.468  1.08922
 1.07331 -58.4598  1.08937
 1.07346 -58.4516  1.08952
 1.07361 -58.4435  1.08967
 1.07376 -58.4353  1.08982
 1.07391 -58.4271  1.08997
 1.07406 -58.4189  1.09012
 1.07421 -58.4107  1.09027
 1.07436 -58.4026  1.09042
 1.07451 -58.3944  1.09057
 1.07466 -58.3862  1.09072
 1.07481  -58.378  1.09087
 1.07496 -58.3699  1.09102
 1.07511 -58.3617  1.09117
 1.07526 -58.3535  1.09132
 1.07541 -58.3454  1.09132
 1.07556 -58.3372  1.09147
 1.07571 -58.3291  1.09162
 1.07586 -58.3209  1.09177
 1.07601 -58.3128  1.09192
 1.07616 -58.3046  1.09207
 1.07631 -58.2965  1.09222
 1.07646 -58.2883  1.09237
 1.07661 -58.2802  1.09252
 1.07676 -58.2721  1.09267
 1.07691 -58.2639  1.09282
 1.07706 -58.2558  1.09297
 1.07721 -58.2477  1.09312
 1.07736 -58.2396  1.09312
 1.07751 -58.2314  1.09327
 1.07766 -58.2233  1.09342
 1.07781 -58.2152  1.09357
 1.07796 -58.2071  1.09372
 1.07811  -58.199  1.09387
 1.07826 -58.1909  1.09402
 1.07841 -58.1828  1.09417
 1.07856 -58.1746  1.09432
 1.07871 -58.1665  1.09447
 1.07886 -58.1584  1.09462
 1.07901 -58.1503  1.09477
 1.07916 -58.1423  1.09492
 1.07931 -58.1342  1.09492
 1.07946 -58.1261  1.09507
 1.07961  -58.118  1.09522
 1.07976 -58.1099  1.09537
 1.07991 -58.1018  1.09552
 1.08007 -58.0937  1.09567
 1.08022 -58.0857  1.09582
 1.08037 -58.0776  1.09597
 1.08052 -58.0695  1.09612
 1.08067 -58.0614  1.09627
 1.08082 -58.0534  1.09642
 1.08097 -58.0453  1.09657
 1.08112 -58.0373  1.09672
 1.08127 -58.0292  1.09672
 1.08142 -58.0211  1.09687
 1.08157 -58.0131  1.09702
 1.08172  -58.005  1.09717
 1.08187  -57.997  1.09732
 1.08202 -57.9889  1.09747
 1.08217 -57.9809  1.09762
 1.08232 -57.9729  1.09777
 1.08247 -57.9648  1.09792
 1.08262 -57.9568  1.09807
 1.08277 -57.9488  1.09822
 1.08292 -57.9407  1.09837
 1.08307 -57.9327  1.09837
 1.08322 -57.9247  1.09852
 1.08337 -57.9166  1.09867
 1.08352 -57.9086  1.09882
 1.08367 -57.9006  1.09897
 1.08382 -57.8926  1.09912
 1.08397 -57.8846  1.09927
 1.08412 -57.8766  1.09942
 1.08427 -57.8686  1.09957
 1.08442 -57.8606  1.09972
 1.08457 -57.8526  1.09987
 1.08472 -57.8446  1.10003
 1.08487 -57.8366  1.10003
 1.08502 -57.8286  1.10018
 1.08517 -57.8206  1.10033
 1.08532 -57.8126  1.10048
 1.08547 -57.8046  1.10063
 1.08562 -57.7966  1.10078
 1.08577 -57.7886  1.10093
 1.08592 -57.7807  1.10108
 1.08607 -57.7727  1.10123
 1.08622 -57.7647  1.10138
 1.08637 -57.7567  1.10153
 1.08652 -57.7488  1.10168
 1.08667 -57.7408  1.10168
 1.08682 -57.7328  1.10183
 1.08697 -57.7249  1.10198
 1.08712 -57.7169  1.10213
 1.08727  -57.709  1.10228
 1.08742  -57.701  1.10243
 1.08757 -57.6931  1.10258
 1.08772 -57.6851  1.10273
 1.08787 -57.6772  1.10288
 1.08802 -57.6692  1.10303
 1.08817 -57.6613  1.10318
 1.08832 -57.6533  1.10333
 1.08847 -57.6454  1.10333
 1.08862 -57.6375  1.10348
 1.08877 -57.6295  1.10363
 1.08892 -57.6216  1.10378
 1.08907 -57.6137  1.10393
 1.08922 -57.6058  1.10408
 1.08937 -57.5979  1.10423
 1.08952 -57.5899  1.10438
 1.08967  -57.582  1.10453
 1.08982 -57.5741  1.10468
 1.08997 -57.5662  1.10483
 1.09012 -57.5583  1.10498
 1.09027 -57.5504  1.10498
 1.09042 -57.5425  1.10513
 1.09057 -57.5346  1.10528
 1.09072 -57.5267  1.10543
 1.09087 -57.5188  1.10558
 1.09102 -57.5109  1.10573
 1.09117  -57.503  1.10588
 1.09132 -57.4951  1.10603
 1.09147 -57.4873  1.10618
 1.09162 -57.4794  1.10633
 1.09177 -57.4715  1.10648
 1.09192 -57.4636  1.10663
 1.09207 -57.4557  1.10663
 1.09222 -57.4479  1.10678
 1.09237   -57.44  1.10693
 1.09252 -57.4321  1.10708
 1.09267 -57.4243  1.10723
 1.09282 -57.4164  1.10738
 1.09297 -57.4086  1.10753
 1.09312 -57.4007  1.10768
 1.09327 -57.3929  1.10783
 1.09342  -57.385  1.10798
 1.09357 -57.3772  1.10813
 1.09372 -57.3693  1.10813
 1.09387 -57.3615  1.10828
 1.09402 -57.3536  1.10843
 1.09417 -57.3458  1.10858
 1.09432  -57.338  1.10873
 1.09447 -57.3301  1.10888
 1.09462 -57.3223  1.10903
 1.09477 -57.3145  1.10918
 1.09492 -57.3066  1.10933
 1.09507 -57.2988  1.10948
 1.09522  -57.291  1.10963
 1.09537 -57.2832  1.10978
 1.09552 -57.2754  1.10978
 1.09567 -57.2676  1.10993
 1.09582 -57.2598  1.11008
 1.09597 -57.2519  1.11023
 1.09612 -57.2441  1.11038
 1.09627 -57.2363  1.11053
 1.09642 -57.2285  1.11068
 1.09657 -57.2207  1.11083
 1.09672  -57.213  1.11098
 1.09687 -57.2052  1.11113
 1.09702 -57.1974  1.11128
 1.09717 -57.1896  1.11128
 1.09732 -57.1818  1.11143
 1.09747  -57.174  1.11158
 1.09762 -57.1662  1.11173
 1.09777 -57.1585  1.11188
 1.09792 -57.1507  1.11203
 1.09807 -57.1429  1.11218
 1.09822 -57.1352  1.11233
 1.09837 -57.1274  1.11248
 1.09852 -57.1196  1.11263
 1.09867 -57.1119  1.11263
 1.09882 -57.1041  1.11278
 1.09897 -57.0964  1.11293
 1.09912 -57.0886  1.11308
 1.09927 -57.0809  1.11323
 1.09942 -57.0731  1.11338
 1.09957 -57.0654  1.11353
 1.09972 -57.0576  1.11368
 1.09987 -57.0499  1.11383
 1.10003 -57.0422  1.11398
 1.10018 -57.0344  1.11398
 1.10033 -57.0267  1.11413
 1.10048  -57.019  1.11428
 1.10063 -57.0113  1.11443
 1.10078 -57.0035  1.11458
 1.10093 -56.9958  1.11473
 1.10108 -56.9881  1.11488
 1.10123 -56.9804  1.11503
 1.10138 -56.9727  1.11518
 1.10153  -56.965  1.11533
 1.10168 -56.9573  1.11533
 1.10183 -56.9496  1.11548
 1.10198 -56.9419  1.11563
 1.10213 -56.9342  1.11578
 1.10228 -56.9265  1.11593
 1.10243 -56.9188  1.11608
 1.10258 -56.9111  1.11623
 1.10273 -56.9034  1.11638
 1.10288 -56.8957  1.11653
 1.10303  -56.888  1.11668
 1.10318 -56.8804  1.11668
 1.10333 -56.8727  1.11683
 1.10348  -56.865  1.11698
 1.10363 -56.8573  1.11713
 1.10378 -56.8497  1.11728
 1.10393  -56.842  1.11743
 1.10408 -56.8344  1.11758
 1.10423 -56.8267  1.11773
 1.10438  -56.819  1.11788
 1.10453 -56.8114  1.11788
 1.10468 -56.8037  1.11803
 1.10483 -56.7961  1.11818
 1.10498 -56.7884  1.11833
 1.10513 -56.7808  1.11848
 1.10528 -56.7732  1.11863
 1.10543 -56.7655  1.11878
 1.10558 -56.7579  1.11893
 1.10573 -56.7503  1.11908
 1.10588 -56.7426  1.11908
 1.10603  -56.735  1.11923
 1.10618 -56.7274  1.11938
 1.10633 -56.7198  1.11953
 1.10648 -56.7122  1.11968
 1.10663 -56.7045  1.11983
 1.10678 -56.6969  1.11998
 1.10693 -56.6893  1.12014
 1.10708 -56.6817  1.12029
 1.10723 -56.6741  1.12029
 1.10738 -56.6665  1.12044
 1.10753 -56.6589  1.12059
 1.10768 -56.6513  1.12074
 1.10783 -56.6437  1.12089
 1.10798 -56.6361  1.12104
 1.10813 -56.6286  1.12119
 1.10828  -56.621  1.12134
 1.10843 -56.6134  1.12149
 1.10858 -56.6058  1.12149
 1.10873 -56.5982  1.12164
 1.10888 -56.5907  1.12179
 1.10903 -56.5831  1.12194
 1.10918 -56.5755  1.12209
 1.10933  -56.568  1.12224
 1.10948 -56.5604  1.12239
 1.10963 -56.5528  1.12254
 1.10978 -56.5453  1.12269
 1.10993 -56.5377  1.12269
 1.11008 -56.5302  1.12284
 1.11023 -56.5226  1.12299
 1.11038 -56.5151  1.12314
 1.11053 -56.5076  1.12329
 1.11068    -56.5  1.12344
 1.11083 -56.4925  1.12359
 1.11098 -56.4849  1.12374
 1.11113 -56.4774  1.12374
 1.11128 -56.4699  1.12389
 1.11143 -56.4624  1.12404
 1.11158 -56.4548  1.12419
 1.11173 -56.4473  1.12434
 1.11188 -56.4398  1.12449
 1.11203 -56.4323  1.12449
 1.11218 -56.4248  1.12464
 1.11233 -56.4173  1.12479
 1.11248 -56.4098  1.12494
 1.11263 -56.4023  1.12509
 1.11278 -56.3948  1.12509
 1.11293 -56.3873  1.12524
 1.11308 -56.3798  1.12539
 1.11323 -56.3724  1.12554
 1.11338 -56.3649  1.12569
 1.11353 -56.3574  1.12569
 1.11368 -56.3499  1.12584
 1.11383 -56.3425  1.12599
 1.11398  -56.335  1.12614
 1.11413 -56.3276  1.12629
 1.11428 -56.3201  1.12629
 1.11443 -56.3127  1.12644
 1.11458 -56.3052  1.12659
 1.11473 -56.2978  1.12674
 1.11488 -56.2903  1.12689
 1.11503 -56.2829  1.12689
 1.11518 -56.2755  1.12704
 1.11533  -56.268  1.12719
 1.11548 -56.2606  1.12734
 1.11563 -56.2532  1.12749
 1.11578 -56.2458  1.12749
 1.11593 -56.2384  1.12764
 1.11608  -56.231  1.12779
 1.11623 -56.2235  1.12794
 1.11638 -56.2161  1.12809
 1.11653 -56.2087  1.12824
 1.11668 -56.2014  1.12824
 1.11683  -56.194  1.12839
 1.11698 -56.1866  1.12854
 1.11713 -56.1792  1.12869
 1.11728 -56.1718  1.12884
 1.11743 -56.1644  1.12884
 1.11758 -56.1571  1.12899
 1.11773 -56.1497  1.12914
 1.11788 -56.1423  1.12929
 1.11803  -56.135  1.12944
 1.11818 -56.1276  1.12944
 1.11833 -56.1202  1.12959
 1.11848 -56.1129  1.12974
 1.11863 -56.1056  1.12989
 1.11878 -56.0982  1.13004
 1.11893 -56.0909  1.13004
 1.11908 -56.0835  1.13019
 1.11923 -56.0762  1.13034
 1.11938 -56.0689  1.13049
 1.11953 -56.0615  1.13064
 1.11968 -56.0542  1.13064
 1.11983 -56.0469  1.13079
 1.11998 -56.0396  1.13094
 1.12014 -56.0323  1.13109
 1.12029  -56.025  1.13124
 1.12044 -56.0177  1.13124
 1.12059 -56.0104  1.13139
 1.12074 -56.0031  1.13154
 1.12089 -55.9958  1.13169
 1.12104 -55.9885  1.13184
 1.12119 -55.9812  1.13184
 1.12134 -55.9739  1.13199
 1.12149 -55.9666  1.13214
 1.12164 -55.9594  1.13229
 1.12179 -55.9521  1.13244
 1.12194 -55.9448  1.13244
 1.12209 -55.9376  1.13259
 1.12224 -55.9303  1.13274
 1.12239  -55.923  1.13289
 1.12254 -55.9158  1.13304
 1.12269 -55.9085  1.13304
 1.12284 -55.9013  1.13319
 1.12299  -55.894  1.13334
 1.12314 -55.8868  1.13349
 1.12329 -55.8796  1.13364
 1.12344 -55.8723  1.13364
 1.12359 -55.8651  1.13379
 1.12374 -55.8579  1.13394
 1.12389 -55.8507  1.13409
 1.12404 -55.8434  1.13424
 1.12419 -55.8362  1.13424
 1.12434  -55.829  1.13439
 1.12449 -55.8218  1.13454
 1.12464 -55.8146  1.13469
 1.12479 -55.8074  1.13484
 1.12494 -55.8002  1.13484
 1.12509  -55.793  1.13499
 1.12524 -55.7858  1.13514
 1.12539 -55.7787  1.13529
 1.12554 -55.7715  1.13544
 1.12569 -55.7643  1.13544
 1.12584 -55.7571  1.13559
 1.12599   -55.75  1.13574
 1.12614 -55.7428  1.13589
 1.12629 -55.7356  1.13604
 1.12644 -55.7285  1.13604
 1.12659 -55.7213  1.13619
 1.12674 -55.7142  1.13634
 1.12689  -55.707  1.13649
 1.12704 -55.6999  1.13664
 1.12719 -55.6927  1.13664
 1.12734 -55.6856  1.13679
 1.12749 -55.6784  1.13694
 1.12764 -55.6713  1.13709
 1.12779 -55.6642  1.13724
 1.12794 -55.6571  1.13724
 1.12809 -55.6499  1.13739
 1.12824 -55.6428  1.13754
 1.12839 -55.6357  1.13769
 1.12854 -55.6286  1.13784
 1.12869 -55.6215  1.13784
 1.12884 -55.6144  1.13799
 1.12899 -55.6073  1.13814
 1.12914 -55.6002  1.13829
 1.12929 -55.5931  1.13844
 1.12944  -55.586  1.13844
 1.12959 -55.5789  1.13859
 1.12974 -55.5719  1.13874
 1.12989 -55.5648  1.13889
 1.13004 -55.5577  1.13889
 1.13019 -55.5506  1.13904
 1.13034 -55.5436  1.13919
 1.13049 -55.5365  1.13934
 1.13064 -55.5295  1.13949
 1.13079 -55.5224  1.13949
 1.13094 -55.5153  1.13964
 1.13109 -55.5083  1.13979
 1.13124 -55.5013  1.13994
 1.13139 -55.4942   1.1401
 1.13154 -55.4872   1.1401
 1.13169 -55.4801  1.14025
 1.13184 -55.4731   1.1404
 1.13199 -55.4661  1.14055
 1.13214 -55.4591   1.1407
 1.13229  -55.452   1.1407
 1.13244  -55.445  1.14085
 1.13259  -55.438    1.141
 1.13274  -55.431  1.14115
 1.13289  -55.424   1.1413
 1.13304  -55.417   1.1413
 1.13319   -55.41  1.14145
 1.13334  -55.403   1.1416
 1.13349  -55.396  1.14175
 1.13364  -55.389  1.14175
 1.13379  -55.382   1.1419
 1.13394 -55.3751  1.14205
 1.13409 -55.3681   1.1422
 1.13424 -55.3611  1.14235
 1.13439 -55.3541  1.14235
 1.13454 -55.3472   1.1425
 1.13469 -55.3402  1.14265
 1.13484 -55.3333   1.1428
 1.13499 -55.3263  1.14295
 1.13514 -55.3194  1.14295
 1.13529 -55.3124   1.1431
 1.13544 -55.3055  1.14325
 1.13559 -55.2985   1.1434
 1.13574 -55.2916  1.14355
 1.13589 -55.2846  1.14355
 1.13604 -55.2777   1.1437
 1.13619 -55.2708  1.14385
 1.13634 -55.2639    1.144
 1.13649 -55.2569  1.14415
 1.13664   -55.25  1.14415
 1.13679 -55.2431   1.1443
 1.13694 -55.2362  1.14445
 1.13709 -55.2293   1.1446
 1.13724 -55.2224   1.1446
 1.13739 -55.2155  1.14475
 1.13754 -55.2086   1.1449
 1.13769 -55.2017  1.14505
 1.13784 -55.1948  1.14505
 1.13799 -55.1879   1.1452
 1.13814 -55.1811  1.14535
 1.13829 -55.1742   1.1455
 1.13844 -55.1673   1.1455
 1.13859 -55.1605  1.14565
 1.13874 -55.1536   1.1458
 1.13889 -55.1467   1.1458
 1.13904 -55.1399  1.14595
 1.13919  -55.133   1.1461
 1.13934 -55.1262  1.14625
 1.13949 -55.1194  1.14625
 1.13964 -55.1125   1.1464
 1.13979 -55.1057  1.14655
 1.13994 -55.0989  1.14655
  1.1401  -55.092   1.1467
 1.14025 -55.0852  1.14685
  1.1404 -55.0784    1.147
 1.14055 -55.0716    1.147
  1.1407 -55.0648  1.14715
 1.14085  -55.058   1.1473
   1.141 -55.0512   1.1473
 1.14115 -55.0444  1.14745
  1.1413 -55.0376   1.1476
 1.14145 -55.0308  1.14775
  1.1416  -55.024  1.14775
 1.14175 -55.0173   1.1479
  1.1419 -55.0105  1.14805
 1.14205 -55.0037   1.1482
  1.1422  -54.997   1.1482
 1.14235 -54.9902  1.14835
  1.1425 -54.9834   1.1485
 1.14265 -54.9767   1.1485
  1.1428   -54.97  1.14865
 1.14295 -54.9632   1.1488
  1.1431 -54.9565  1.14895
 1.14325 -54.9497  1.14895
  1.1434  -54.943   1.1491
 1.14355 -54.9363  1.14925
  1.1437 -54.9296   1.1494
 1.14385 -54.9228   1.1494
   1.144 -54.9161  1.14955
 1.14415 -54.9094   1.1497
  1.1443 -54.9027   1.1497
 1.14445  -54.896  1.14985
  1.1446 -54.8893     1.15
 1.14475 -54.8826     1.15
  1.1449 -54.8759     1.15
 1.14505 -54.8693     1.15
  1.1452 -54.8626     1.15
 1.14535  -54.856     1.15
  1.1455 -54.8493     1.15
 1.14565 -54.8427     1.15
  1.1458 -54.8361     1.15
 1.14595 -54.8295     1.15
  1.1461 -54.8229     1.15
 1.14625 -54.8163     1.15
  1.1464 -54.8098     1.15
 1.14655 -54.8032     1.15
  1.1467 -54.7967     1.15
 1.14685 -54.7901     1.15
   1.147 -54.7836     1.15
 1.14715 -54.7771     1.15
  1.1473 -54.7706     1.15
 1.14745 -54.7641     1.15
  1.1476 -54.7577     1.15
 1.14775 -54.7512     1.15
  1.1479 -54.7447     1.15
 1.14805 -54.7383     1.15
  1.1482 -54.7319     1.15
 1.14835 -54.7254     1.15
  1.1485  -54.719     1.15
 1.14865 -54.7126     1.15
  1.1488 -54.7063     1.15
 1.14895 -54.6999     1.15
  1.1491 -54.6935     1.15
 1.14925 -54.6872     1.15
  1.1494 -54.6808     1.15
 1.14955 -54.6745     1.15
  1.1497 -54.6682     1.15
 1.14985 -54.6619     1.15
    1.15 -54.6556     1.15