 kgrid  ValNew  Policy 
    0.85 -75.2347 0.862756
 0.85015 -75.2208 0.862906
  0.8503 -75.2069 0.863057
 0.85045  -75.193 0.863057
  0.8506 -75.1792 0.863207
 0.85075 -75.1653 0.863357
  0.8509 -75.1515 0.863507
0.851051 -75.1377 0.863507
0.851201 -75.1238 0.863657
0.851351   -75.11 0.863807
0.851501 -75.0962 0.863957
0.851651 -75.0824 0.863957
0.851801 -75.0687 0.864107
0.851951 -75.0549 0.864257
0.852101 -75.0411 0.864407
0.852251 -75.0274 0.864407
0.852401 -75.0136 0.864557
0.852551 -74.9999 0.864707
0.852701 -74.9861 0.864857
0.852851 -74.9724 0.864857
0.853002 -74.9587 0.865008
0.853152  -74.945 0.865158
0.853302 -74.9313 0.865308
0.853452 -74.9177 0.865458
0.853602  -74.904 0.865458
0.853752 -74.8903 0.865608
0.853902 -74.8767 0.865758
0.854052  -74.863 0.865908
0.854202 -74.8494 0.865908
0.854352 -74.8358 0.866058
0.854502 -74.8221 0.866208
0.854652 -74.8085 0.866358
0.854802 -74.7949 0.866358
0.854952 -74.7813 0.866508
0.855103 -74.7678 0.866658
0.855253 -74.7542 0.866808
0.855403 -74.7406 0.866808
0.855553 -74.7271 0.866958
0.855703 -74.7135 0.867109
0.855853    -74.7 0.867259
0.856003 -74.6865 0.867259
0.856153  -74.673 0.867409
0.856303 -74.6595 0.867559
0.856453  -74.646 0.867709
0.856603 -74.6325 0.867859
0.856753  -74.619 0.867859
0.856903 -74.6055 0.868009
0.857054  -74.592 0.868159
0.857204 -74.5786 0.868309
0.857354 -74.5652 0.868309
0.857504 -74.5517 0.868459
0.857654 -74.5383 0.868609
0.857804 -74.5249 0.868759
0.857954 -74.5115 0.868759
0.858104 -74.4981 0.868909
0.858254 -74.4847  0.86906
0.858404 -74.4713  0.86921
0.858554 -74.4579  0.86921
0.858704 -74.4445  0.86936
0.858854 -74.4312  0.86951
0.859005 -74.4178  0.86966
0.859155 -74.4045  0.86966
0.859305 -74.3912  0.86981
0.859455 -74.3779  0.86996
0.859605 -74.3645  0.87011
0.859755 -74.3512  0.87026
0.859905 -74.3379  0.87026
0.860055 -74.3247  0.87041
0.860205 -74.3114  0.87056
0.860355 -74.2981  0.87071
0.860505 -74.2849  0.87086
0.860655 -74.2716  0.87086
0.860805 -74.2584 0.871011
0.860955 -74.2451 0.871161
0.861106 -74.2319 0.871311
0.861256 -74.2186 0.871461
0.861406 -74.2054 0.871611
0.861556 -74.1922 0.871761
0.861706  -74.179 0.871761
0.861856 -74.1658 0.871911
0.862006 -74.1526 0.872061
0.862156 -74.1394 0.872211
0.862306 -74.1262 0.872361
0.862456 -74.1131 0.872511
0.862606 -74.0999 0.872661
0.862756 -74.0867 0.872661
0.862906 -74.0736 0.872811
0.863057 -74.0604 0.872961
0.863207 -74.0473 0.873112
0.863357 -74.0341 0.873262
0.863507  -74.021 0.873412
0.863657 -74.0079 0.873562
0.863807 -73.9947 0.873562
0.863957 -73.9816 0.873712
0.864107 -73.9685 0.873862
0.864257 -73.9554 0.874012
0.864407 -73.9423 0.874162
0.864557 -73.9292 0.874312
0.864707 -73.9162 0.874462
0.864857 -73.9031 0.874612
0.865008   -73.89 0.874612
0.865158 -73.8769 0.874762
0.865308 -73.8639 0.874912
0.865458 -73.8508 0.875063
0.865608 -73.8378 0.875213
0.865758 -73.8247 0.875363
0.865908 -73.8117 0.875513
0.866058 -73.7987 0.875663
0.866208 -73.7857 0.875663
0.866358 -73.7726 0.875813
0.866508 -73.7596 0.875963
0.866658 -73.7466 0.876113
0.866808 -73.7336 0.876263
0.866958 -73.7206 0.876413
0.867109 -73.7076 0.876563
0.867259 -73.6947 0.876713
0.867409 -73.6817 0.876713
0.867559 -73.6687 0.876863
0.867709 -73.6558 0.877014
0.867859 -73.6428 0.877164
0.868009 -73.6299 0.877314
0.868159 -73.6169 0.877464
0.868309  -73.604 0.877614
0.868459  -73.591 0.877764
0.868609 -73.5781 0.877764
0.868759 -73.5652 0.877914
0.868909 -73.5523 0.878064
 0.86906 -73.5394 0.878214
 0.86921 -73.5265 0.878364
 0.86936 -73.5136 0.878514
 0.86951 -73.5007 0.878664
 0.86966 -73.4878 0.878814
 0.86981 -73.4749 0.878814
 0.86996  -73.462 0.878964
 0.87011 -73.4492 0.879115
 0.87026 -73.4363 0.879265
 0.87041 -73.4235 0.879415
 0.87056 -73.4106 0.879565
 0.87071 -73.3978 0.879715
 0.87086 -73.3849 0.879865
0.871011 -73.3721 0.879865
0.871161 -73.3593 0.880015
0.871311 -73.3464 0.880165
0.871461 -73.3336 0.880315
0.871611 -73.3208 0.880465
0.871761  -73.308 0.880615
0.871911 -73.2952 0.880765
0.872061 -73.2824 0.880915
0.872211 -73.2696 0.881066
0.872361 -73.2568 0.881066
0.872511 -73.2441 0.881216
0.872661 -73.2313 0.881366
0.872811 -73.2185 0.881516
0.872961 -73.2058 0.881666
0.873112  -73.193 0.881816
0.873262 -73.1803 0.881966
0.873412 -73.1675 0.882116
0.873562 -73.1548 0.882266
0.873712  -73.142 0.882266
0.873862 -73.1293 0.882416
0.874012 -73.1166 0.882566
0.874162 -73.1039 0.882716
0.874312 -73.0912 0.882866
0.874462 -73.0785 0.883017
0.874612 -73.0658 0.883167
0.874762 -73.0531 0.883317
0.874912 -73.0404 0.883467
0.875063 -73.0277 0.883467
0.875213  -73.015 0.883617
0.875363 -73.0023 0.883767
0.875513 -72.9897 0.883917
0.875663  -72.977 0.884067
0.875813 -72.9643 0.884217
0.875963 -72.9517 0.884367
0.876113  -72.939 0.884517
0.876263 -72.9264 0.884667
0.876413 -72.9138 0.884667
0.876563 -72.9011 0.884817
0.876713 -72.8885 0.884967
0.876863 -72.8759 0.885118
0.877014 -72.8633 0.885268
0.877164 -72.8507 0.885418
0.877314 -72.8381 0.885568
0.877464 -72.8255 0.885718
0.877614 -72.8129 0.885868
0.877764 -72.8003 0.886018
0.877914 -72.7877 0.886018
0.878064 -72.7751 0.886168
0.878214 -72.7625 0.886318
0.878364   -72.75 0.886468
0.878514 -72.7374 0.886618
0.878664 -72.7249 0.886768
0.878814 -72.7123 0.886918
0.878964 -72.6998 0.887069
0.879115 -72.6872 0.887219
0.879265 -72.6747 0.887219
0.879415 -72.6621 0.887369
0.879565 -72.6496 0.887519
0.879715 -72.6371 0.887669
0.879865 -72.6246 0.887819
0.880015 -72.6121 0.887969
0.880165 -72.5996 0.888119
0.880315 -72.5871 0.888269
0.880465 -72.5746 0.888419
0.880615 -72.5621 0.888569
0.880765 -72.5496 0.888569
0.880915 -72.5371 0.888719
0.881066 -72.5246 0.888869
0.881216 -72.5122  0.88902
0.881366 -72.4997  0.88917
0.881516 -72.4873  0.88932
0.881666 -72.4748  0.88947
0.881816 -72.4623  0.88962
0.881966 -72.4499  0.88977
0.882116 -72.4375  0.88977
0.882266  -72.425  0.88992
0.882416 -72.4126  0.89007
0.882566 -72.4002  0.89022
0.882716 -72.3878  0.89037
0.882866 -72.3754  0.89052
0.883017 -72.3629  0.89067
0.883167 -72.3505  0.89082
0.883317 -72.3381  0.89097
0.883467 -72.3258 0.891121
0.883617 -72.3134 0.891271
0.883767  -72.301 0.891271
0.883917 -72.2886 0.891421
0.884067 -72.2762 0.891571
0.884217 -72.2639 0.891721
0.884367 -72.2515 0.891871
0.884517 -72.2391 0.892021
0.884667 -72.2268 0.892171
0.884817 -72.2144 0.892321
0.884967 -72.2021 0.892471
0.885118 -72.1898 0.892621
0.885268 -72.1774 0.892621
0.885418 -72.1651 0.892771
0.885568 -72.1528 0.892921
0.885718 -72.1405 0.893072
0.885868 -72.1282 0.893222
0.886018 -72.1158 0.893372
0.886168 -72.1035 0.893522
0.886318 -72.0912 0.893672
0.886468  -72.079 0.893822
0.886618 -72.0667 0.893972
0.886768 -72.0544 0.893972
0.886918 -72.0421 0.894122
0.887069 -72.0298 0.894272
0.887219 -72.0176 0.894422
0.887369 -72.0053 0.894572
0.887519  -71.993 0.894722
0.887669 -71.9808 0.894872
0.887819 -71.9685 0.895023
0.887969 -71.9563 0.895173
0.888119 -71.9441 0.895323
0.888269 -71.9318 0.895473
0.888419 -71.9196 0.895473
0.888569 -71.9074 0.895623
0.888719 -71.8951 0.895773
0.888869 -71.8829 0.895923
 0.88902 -71.8707 0.896073
 0.88917 -71.8585 0.896223
 0.88932 -71.8463 0.896373
 0.88947 -71.8341 0.896523
 0.88962 -71.8219 0.896673
 0.88977 -71.8097 0.896823
 0.88992 -71.7976 0.896823
 0.89007 -71.7854 0.896973
 0.89022 -71.7732 0.897124
 0.89037  -71.761 0.897274
 0.89052 -71.7489 0.897424
 0.89067 -71.7367 0.897574
 0.89082 -71.7246 0.897724
 0.89097 -71.7124 0.897874
0.891121 -71.7003 0.898024
0.891271 -71.6881 0.898174
0.891421  -71.676 0.898324
0.891571 -71.6639 0.898324
0.891721 -71.6518 0.898474
0.891871 -71.6396 0.898624
0.892021 -71.6275 0.898774
0.892171 -71.6154 0.898924
0.892321 -71.6033 0.899075
0.892471 -71.5912 0.899225
0.892621 -71.5791 0.899375
0.892771  -71.567 0.899525
0.892921 -71.5549 0.899675
0.893072 -71.5429 0.899825
0.893222 -71.5308 0.899825
0.893372 -71.5187 0.899975
0.893522 -71.5066 0.900125
0.893672 -71.4946 0.900275
0.893822 -71.4825 0.900425
0.893972 -71.4705 0.900575
0.894122 -71.4584 0.900725
0.894272 -71.4464 0.900875
0.894422 -71.4343 0.901026
0.894572 -71.4223 0.901176
0.894722 -71.4102 0.901326
0.894872 -71.3982 0.901476
0.895023 -71.3862 0.901626
0.895173 -71.3742 0.901626
0.895323 -71.3621 0.901776
0.895473 -71.3501 0.901926
0.895623 -71.3381 0.902076
0.895773 -71.3261 0.902226
0.895923 -71.3141 0.902376
0.896073 -71.3021 0.902526
0.896223 -71.2901 0.902676
0.896373 -71.2781 0.902826
0.896523 -71.2662 0.902976
0.896673 -71.2542 0.903127
0.896823 -71.2422 0.903277
0.896973 -71.2302 0.903427
0.897124 -71.2183 0.903577
0.897274 -71.2063 0.903577
0.897424 -71.1944 0.903727
0.897574 -71.1824 0.903877
0.897724 -71.1705 0.904027
0.897874 -71.1585 0.904177
0.898024 -71.1466 0.904327
0.898174 -71.1346 0.904477
0.898324 -71.1227 0.904627
0.898474 -71.1108 0.904777
0.898624 -71.0989 0.904927
0.898774 -71.0869 0.905078
0.898924  -71.075 0.905228
0.899075 -71.0631 0.905378
0.899225 -71.0512 0.905378
0.899375 -71.0393 0.905528
0.899525 -71.0274 0.905678
0.899675 -71.0155 0.905828
0.899825 -71.0036 0.905978
0.899975 -70.9917 0.906128
0.900125 -70.9799 0.906278
0.900275  -70.968 0.906428
0.900425 -70.9561 0.906578
0.900575 -70.9442 0.906728
0.900725 -70.9324 0.906878
0.900875 -70.9205 0.907029
0.901026 -70.9087 0.907179
0.901176 -70.8968 0.907179
0.901326  -70.885 0.907329
0.901476 -70.8731 0.907479
0.901626 -70.8613 0.907629
0.901776 -70.8494 0.907779
0.901926 -70.8376 0.907929
0.902076 -70.8258 0.908079
0.902226  -70.814 0.908229
0.902376 -70.8022 0.908379
0.902526 -70.7903 0.908529
0.902676 -70.7785 0.908679
0.902826 -70.7667 0.908829
0.902976 -70.7549 0.908979
0.903127 -70.7431  0.90913
0.903277 -70.7313  0.90928
0.903427 -70.7195  0.90928
0.903577 -70.7078  0.90943
0.903727  -70.696  0.90958
0.903877 -70.6842  0.90973
0.904027 -70.6724  0.90988
0.904177 -70.6607  0.91003
0.904327 -70.6489  0.91018
0.904477 -70.6371  0.91033
0.904627 -70.6254  0.91048
0.904777 -70.6136  0.91063
0.904927 -70.6019  0.91078
0.905078 -70.5901  0.91093
0.905228 -70.5784 0.911081
0.905378 -70.5667 0.911231
0.905528 -70.5549 0.911231
0.905678 -70.5432 0.911381
0.905828 -70.5315 0.911531
0.905978 -70.5197 0.911681
0.906128  -70.508 0.911831
0.906278 -70.4963 0.911981
0.906428 -70.4846 0.912131
0.906578 -70.4729 0.912281
0.906728 -70.4612 0.912431
0.906878 -70.4495 0.912581
0.907029 -70.4378 0.912731
0.907179 -70.4261 0.912881
0.907329 -70.4144 0.913032
0.907479 -70.4028 0.913182
0.907629 -70.3911 0.913332
0.907779 -70.3794 0.913332
0.907929 -70.3678 0.913482
0.908079 -70.3561 0.913632
0.908229 -70.3444 0.913782
0.908379 -70.3328 0.913932
0.908529 -70.3211 0.914082
0.908679 -70.3095 0.914232
0.908829 -70.2978 0.914382
0.908979 -70.2862 0.914532
 0.90913 -70.2745 0.914682
 0.90928 -70.2629 0.914832
 0.90943 -70.2513 0.914982
 0.90958 -70.2397 0.915133
 0.90973  -70.228 0.915283
 0.90988 -70.2164 0.915433
 0.91003 -70.2048 0.915433
 0.91018 -70.1932 0.915583
 0.91033 -70.1816 0.915733
 0.91048   -70.17 0.915883
 0.91063 -70.1584 0.916033
 0.91078 -70.1468 0.916183
 0.91093 -70.1352 0.916333
0.911081 -70.1236 0.916483
0.911231  -70.112 0.916633
0.911381 -70.1005 0.916783
0.911531 -70.0889 0.916933
0.911681 -70.0773 0.917084
0.911831 -70.0657 0.917234
0.911981 -70.0542 0.917384
0.912131 -70.0426 0.917534
0.912281 -70.0311 0.917684
0.912431 -70.0195 0.917684
0.912581  -70.008 0.917834
0.912731 -69.9964 0.917984
0.912881 -69.9849 0.918134
0.913032 -69.9733 0.918284
0.913182 -69.9618 0.918434
0.913332 -69.9503 0.918584
0.913482 -69.9388 0.918734
0.913632 -69.9272 0.918884
0.913782 -69.9157 0.919035
0.913932 -69.9042 0.919185
0.914082 -69.8927 0.919335
0.914232 -69.8812 0.919485
0.914382 -69.8697 0.919635
0.914532 -69.8582 0.919785
0.914682 -69.8467 0.919935
0.914832 -69.8352 0.919935
0.914982 -69.8237 0.920085
0.915133 -69.8122 0.920235
0.915283 -69.8008 0.920385
0.915433 -69.7893 0.920535
0.915583 -69.7778 0.920685
0.915733 -69.7664 0.920835
0.915883 -69.7549 0.920985
0.916033 -69.7434 0.921136
0.916183  -69.732 0.921286
0.916333 -69.7205 0.921436
0.916483 -69.7091 0.921586
0.916633 -69.6976 0.921736
0.916783 -69.6862 0.921886
0.916933 -69.6748 0.922036
0.917084 -69.6633 0.922036
0.917234 -69.6519 0.922186
0.917384 -69.6405 0.922336
0.917534  -69.629 0.922486
0.917684 -69.6176 0.922636
0.917834 -69.6062 0.922786
0.917984 -69.5948 0.922936
0.918134 -69.5834 0.923087
0.918284  -69.572 0.923237
0.918434 -69.5606 0.923387
0.918584 -69.5492 0.923537
0.918734 -69.5378 0.923687
0.918884 -69.5264 0.923837
0.919035  -69.515 0.923987
0.919185 -69.5036 0.924137
0.919335 -69.4923 0.924287
0.919485 -69.4809 0.924287
0.919635 -69.4695 0.924437
0.919785 -69.4582 0.924587
0.919935 -69.4468 0.924737
0.920085 -69.4354 0.924887
0.920235 -69.4241 0.925038
0.920385 -69.4127 0.925188
0.920535 -69.4014 0.925338
0.920685   -69.39 0.925488
0.920835 -69.3787 0.925638
0.920985 -69.3674 0.925788
0.921136  -69.356 0.925938
0.921286 -69.3447 0.926088
0.921436 -69.3334 0.926238
0.921586 -69.3221 0.926388
0.921736 -69.3107 0.926538
0.921886 -69.2994 0.926688
0.922036 -69.2881 0.926688
0.922186 -69.2768 0.926838
0.922336 -69.2655 0.926988
0.922486 -69.2542 0.927139
0.922636 -69.2429 0.927289
0.922786 -69.2316 0.927439
0.922936 -69.2203 0.927589
0.923087  -69.209 0.927739
0.923237 -69.1977 0.927889
0.923387 -69.1865 0.928039
0.923537 -69.1752 0.928189
0.923687 -69.1639 0.928339
0.923837 -69.1527 0.928489
0.923987 -69.1414 0.928639
0.924137 -69.1301 0.928789
0.924287 -69.1189 0.928939
0.924437 -69.1076 0.928939
0.924587 -69.0964  0.92909
0.924737 -69.0851  0.92924
0.924887 -69.0739  0.92939
0.925038 -69.0627  0.92954
0.925188 -69.0514  0.92969
0.925338 -69.0402  0.92984
0.925488  -69.029  0.92999
0.925638 -69.0177  0.93014
0.925788 -69.0065  0.93029
0.925938 -68.9953  0.93044
0.926088 -68.9841  0.93059
0.926238 -68.9729  0.93074
0.926388 -68.9617  0.93089
0.926538 -68.9505 0.931041
0.926688 -68.9393 0.931191
0.926838 -68.9281 0.931341
0.926988 -68.9169 0.931341
0.927139 -68.9057 0.931491
0.927289 -68.8945 0.931641
0.927439 -68.8833 0.931791
0.927589 -68.8722 0.931941
0.927739  -68.861 0.932091
0.927889 -68.8498 0.932241
0.928039 -68.8386 0.932391
0.928189 -68.8275 0.932541
0.928339 -68.8163 0.932691
0.928489 -68.8052 0.932841
0.928639  -68.794 0.932991
0.928789 -68.7829 0.933142
0.928939 -68.7717 0.933292
 0.92909 -68.7606 0.933442
 0.92924 -68.7494 0.933592
 0.92939 -68.7383 0.933742
 0.92954 -68.7272 0.933892
 0.92969  -68.716 0.933892
 0.92984 -68.7049 0.934042
 0.92999 -68.6938 0.934192
 0.93014 -68.6827 0.934342
 0.93029 -68.6716 0.934492
 0.93044 -68.6604 0.934642
 0.93059 -68.6493 0.934792
 0.93074 -68.6382 0.934942
 0.93089 -68.6271 0.935093
0.931041  -68.616 0.935243
0.931191 -68.6049 0.935393
0.931341 -68.5939 0.935543
0.931491 -68.5828 0.935693
0.931641 -68.5717 0.935843
0.931791 -68.5606 0.935993
0.931941 -68.5495 0.936143
0.932091 -68.5385 0.936293
0.932241 -68.5274 0.936443
0.932391 -68.5163 0.936443
0.932541 -68.5053 0.936593
0.932691 -68.4942 0.936743
0.932841 -68.4831 0.936893
0.932991 -68.4721 0.937044
0.933142  -68.461 0.937194
0.933292   -68.45 0.937344
0.933442  -68.439 0.937494
0.933592 -68.4279 0.937644
0.933742 -68.4169 0.937794
0.933892 -68.4059 0.937944
0.934042 -68.3948 0.938094
0.934192 -68.3838 0.938244
0.934342 -68.3728 0.938394
0.934492 -68.3618 0.938544
0.934642 -68.3507 0.938694
0.934792 -68.3397 0.938844
0.934942 -68.3287 0.938994
0.935093 -68.3177 0.938994
0.935243 -68.3067 0.939145
0.935393 -68.2957 0.939295
0.935543 -68.2847 0.939445
0.935693 -68.2737 0.939595
0.935843 -68.2628 0.939745
0.935993 -68.2518 0.939895
0.936143 -68.2408 0.940045
0.936293 -68.2298 0.940195
0.936443 -68.2188 0.940345
0.936593 -68.2079 0.940495
0.936743 -68.1969 0.940645
0.936893 -68.1859 0.940795
0.937044  -68.175 0.940945
0.937194  -68.164 0.941096
0.937344 -68.1531 0.941246
0.937494 -68.1421 0.941396
0.937644 -68.1312 0.941546
0.937794 -68.1202 0.941696
0.937944 -68.1093 0.941696
0.938094 -68.0984 0.941846
0.938244 -68.0874 0.941996
0.938394 -68.0765 0.942146
0.938544 -68.0656 0.942296
0.938694 -68.0546 0.942446
0.938844 -68.0437 0.942596
0.938994 -68.0328 0.942746
0.939145 -68.0219 0.942896
0.939295  -68.011 0.943047
0.939445 -68.0001 0.943197
0.939595 -67.9892 0.943347
0.939745 -67.9783 0.943497
0.939895 -67.9674 0.943647
0.940045 -67.9565 0.943797
0.940195 -67.9456 0.943947
0.940345 -67.9347 0.944097
0.940495 -67.9238 0.944247
0.940645 -67.9129 0.944397
0.940795 -67.9021 0.944397
0.940945 -67.8912 0.944547
0.941096 -67.8803 0.944697
0.941246 -67.8695 0.944847
0.941396 -67.8586 0.944997
0.941546 -67.8477 0.945148
0.941696 -67.8369 0.945298
0.941846  -67.826 0.945448
0.941996 -67.8152 0.945598
0.942146 -67.8043 0.945748
0.942296 -67.7935 0.945898
0.942446 -67.7826 0.946048
0.942596 -67.7718 0.946198
0.942746  -67.761 0.946348
0.942896 -67.7501 0.946498
0.943047 -67.7393 0.946648
0.943197 -67.7285 0.946798
0.943347 -67.7177 0.946948
0.943497 -67.7069 0.946948
0.943647  -67.696 0.947099
0.943797 -67.6852 0.947249
0.943947 -67.6744 0.947399
0.944097 -67.6636 0.947549
0.944247 -67.6528 0.947699
0.944397  -67.642 0.947849
0.944547 -67.6312 0.947999
0.944697 -67.6204 0.948149
0.944847 -67.6097 0.948299
0.944997 -67.5989 0.948449
0.945148 -67.5881 0.948599
0.945298 -67.5773 0.948749
0.945448 -67.5665 0.948899
0.945598 -67.5558  0.94905
0.945748  -67.545   0.9492
0.945898 -67.5342  0.94935
0.946048 -67.5235   0.9495
0.946198 -67.5127  0.94965
0.946348  -67.502   0.9498
0.946498 -67.4912   0.9498
0.946648 -67.4805  0.94995
0.946798 -67.4697   0.9501
0.946948  -67.459  0.95025
0.947099 -67.4482   0.9504
0.947249 -67.4375  0.95055
0.947399 -67.4268   0.9507
0.947549  -67.416  0.95085
0.947699 -67.4053 0.951001
0.947849 -67.3946 0.951151
0.947999 -67.3839 0.951301
0.948149 -67.3732 0.951451
0.948299 -67.3624 0.951601
0.948449 -67.3517 0.951751
0.948599  -67.341 0.951901
0.948749 -67.3303 0.952051
0.948899 -67.3196 0.952201
 0.94905 -67.3089 0.952351
  0.9492 -67.2982 0.952501
 0.94935 -67.2875 0.952501
  0.9495 -67.2769 0.952651
 0.94965 -67.2662 0.952801
  0.9498 -67.2555 0.952951
 0.94995 -67.2448 0.953102
  0.9501 -67.2341 0.953252
 0.95025 -67.2235 0.953402
  0.9504 -67.2128 0.953552
 0.95055 -67.2021 0.953702
  0.9507 -67.1915 0.953852
 0.95085 -67.1808 0.954002
0.951001 -67.1702 0.954152
0.951151 -67.1595 0.954302
0.951301 -67.1489 0.954452
0.951451 -67.1382 0.954602
0.951601 -67.1276 0.954752
0.951751 -67.1169 0.954902
0.951901 -67.1063 0.955053
0.952051 -67.0957 0.955203
0.952201  -67.085 0.955353
0.952351 -67.0744 0.955353
0.952501 -67.0638 0.955503
0.952651 -67.0532 0.955653
0.952801 -67.0425 0.955803
0.952951 -67.0319 0.955953
0.953102 -67.0213 0.956103
0.953252 -67.0107 0.956253
0.953402 -67.0001 0.956403
0.953552 -66.9895 0.956553
0.953702 -66.9789 0.956703
0.953852 -66.9683 0.956853
0.954002 -66.9577 0.957004
0.954152 -66.9471 0.957154
0.954302 -66.9365 0.957304
0.954452  -66.926 0.957454
0.954602 -66.9154 0.957604
0.954752 -66.9048 0.957754
0.954902 -66.8942 0.957904
0.955053 -66.8837 0.958054
0.955203 -66.8731 0.958054
0.955353 -66.8625 0.958204
0.955503  -66.852 0.958354
0.955653 -66.8414 0.958504
0.955803 -66.8309 0.958654
0.955953 -66.8203 0.958804
0.956103 -66.8098 0.958954
0.956253 -66.7992 0.959105
0.956403 -66.7887 0.959255
0.956553 -66.7781 0.959405
0.956703 -66.7676 0.959555
0.956853 -66.7571 0.959705
0.957004 -66.7465 0.959855
0.957154  -66.736 0.960005
0.957304 -66.7255 0.960155
0.957454  -66.715 0.960305
0.957604 -66.7044 0.960455
0.957754 -66.6939 0.960605
0.957904 -66.6834 0.960755
0.958054 -66.6729 0.960905
0.958204 -66.6624 0.960905
0.958354 -66.6519 0.961056
0.958504 -66.6414 0.961206
0.958654 -66.6309 0.961356
0.958804 -66.6204 0.961506
0.958954 -66.6099 0.961656
0.959105 -66.5994 0.961806
0.959255  -66.589 0.961956
0.959405 -66.5785 0.962106
0.959555  -66.568 0.962256
0.959705 -66.5575 0.962406
0.959855 -66.5471 0.962556
0.960005 -66.5366 0.962706
0.960155 -66.5261 0.962856
0.960305 -66.5157 0.963007
0.960455 -66.5052 0.963157
0.960605 -66.4948 0.963307
0.960755 -66.4843 0.963457
0.960905 -66.4739 0.963607
0.961056 -66.4634 0.963757
0.961206  -66.453 0.963757
0.961356 -66.4425 0.963907
0.961506 -66.4321 0.964057
0.961656 -66.4217 0.964207
0.961806 -66.4112 0.964357
0.961956 -66.4008 0.964507
0.962106 -66.3904 0.964657
0.962256 -66.3799 0.964807
0.962406 -66.3695 0.964957
0.962556 -66.3591 0.965108
0.962706 -66.3487 0.965258
0.962856 -66.3383 0.965408
0.963007 -66.3279 0.965558
0.963157 -66.3175 0.965708
0.963307 -66.3071 0.965858
0.963457 -66.2967 0.966008
0.963607 -66.2863 0.966158
0.963757 -66.2759 0.966308
0.963907 -66.2655 0.966458
0.964057 -66.2551 0.966608
0.964207 -66.2447 0.966758
0.964357 -66.2344 0.966758
0.964507  -66.224 0.966908
0.964657 -66.2136 0.967059
0.964807 -66.2032 0.967209
0.964957 -66.1929 0.967359
0.965108 -66.1825 0.967509
0.965258 -66.1722 0.967659
0.965408 -66.1618 0.967809
0.965558 -66.1514 0.967959
0.965708 -66.1411 0.968109
0.965858 -66.1307 0.968259
0.966008 -66.1204 0.968409
0.966158 -66.1101 0.968559
0.966308 -66.0997 0.968709
0.966458 -66.0894 0.968859
0.966608  -66.079  0.96901
0.966758 -66.0687  0.96916
0.966908 -66.0584  0.96931
0.967059 -66.0481  0.96946
0.967209 -66.0377  0.96961
0.967359 -66.0274  0.96961
0.967509 -66.0171  0.96976
0.967659 -66.0068  0.96991
0.967809 -65.9965  0.97006
0.967959 -65.9862  0.97021
0.968109 -65.9759  0.97036
0.968259 -65.9656  0.97051
0.968409 -65.9553  0.97066
0.968559  -65.945  0.97081
0.968709 -65.9347  0.97096
0.968859 -65.9244 0.971111
 0.96901 -65.9141 0.971261
 0.96916 -65.9038 0.971411
 0.96931 -65.8935 0.971561
 0.96946 -65.8833 0.971711
 0.96961  -65.873 0.971861
 0.96976 -65.8627 0.972011
 0.96991 -65.8525 0.972161
 0.97006 -65.8422 0.972311
 0.97021 -65.8319 0.972461
 0.97036 -65.8217 0.972461
 0.97051 -65.8114 0.972611
 0.97066 -65.8012 0.972761
 0.97081 -65.7909 0.972911
 0.97096 -65.7807 0.973062
0.971111 -65.7704 0.973212
0.971261 -65.7602 0.973362
0.971411 -65.7499 0.973512
0.971561 -65.7397 0.973662
0.971711 -65.7295 0.973812
0.971861 -65.7192 0.973962
0.972011  -65.709 0.974112
0.972161 -65.6988 0.974262
0.972311 -65.6886 0.974412
0.972461 -65.6784 0.974562
0.972611 -65.6681 0.974712
0.972761 -65.6579 0.974862
0.972911 -65.6477 0.975013
0.973062 -65.6375 0.975163
0.973212 -65.6273 0.975313
0.973362 -65.6171 0.975463
0.973512 -65.6069 0.975463
0.973662 -65.5967 0.975613
0.973812 -65.5865 0.975763
0.973962 -65.5763 0.975913
0.974112 -65.5662 0.976063
0.974262  -65.556 0.976213
0.974412 -65.5458 0.976363
0.974562 -65.5356 0.976513
0.974712 -65.5254 0.976663
0.974862 -65.5153 0.976813
0.975013 -65.5051 0.976963
0.975163 -65.4949 0.977114
0.975313 -65.4848 0.977264
0.975463 -65.4746 0.977414
0.975613 -65.4645 0.977564
0.975763 -65.4543 0.977714
0.975913 -65.4442 0.977864
0.976063  -65.434 0.978014
0.976213 -65.4239 0.978164
0.976363 -65.4137 0.978314
0.976513 -65.4036 0.978464
0.976663 -65.3935 0.978464
0.976813 -65.3833 0.978614
0.976963 -65.3732 0.978764
0.977114 -65.3631 0.978914
0.977264 -65.3529 0.979065
0.977414 -65.3428 0.979215
0.977564 -65.3327 0.979365
0.977714 -65.3226 0.979515
0.977864 -65.3125 0.979665
0.978014 -65.3024 0.979815
0.978164 -65.2923 0.979965
0.978314 -65.2822 0.980115
0.978464 -65.2721 0.980265
0.978614  -65.262 0.980415
0.978764 -65.2519 0.980565
0.978914 -65.2418 0.980715
0.979065 -65.2317 0.980865
0.979215 -65.2216 0.981016
0.979365 -65.2115 0.981166
0.979515 -65.2014 0.981316
0.979665 -65.1914 0.981316
0.979815 -65.1813 0.981466
0.979965 -65.1712 0.981616
0.980115 -65.1611 0.981766
0.980265 -65.1511 0.981916
0.980415  -65.141 0.982066
0.980565 -65.1309 0.982216
0.980715 -65.1209 0.982366
0.980865 -65.1108 0.982516
0.981016 -65.1008 0.982666
0.981166 -65.0907 0.982816
0.981316 -65.0807 0.982966
0.981466 -65.0706 0.983117
0.981616 -65.0606 0.983267
0.981766 -65.0506 0.983417
0.981916 -65.0405 0.983567
0.982066 -65.0305 0.983717
0.982216 -65.0205 0.983867
0.982366 -65.0104 0.984017
0.982516 -65.0004 0.984167
0.982666 -64.9904 0.984317
0.982816 -64.9804 0.984467
0.982966 -64.9704 0.984467
0.983117 -64.9604 0.984617
0.983267 -64.9503 0.984767
0.983417 -64.9403 0.984917
0.983567 -64.9303 0.985068
0.983717 -64.9203 0.985218
0.983867 -64.9103 0.985368
0.984017 -64.9003 0.985518
0.984167 -64.8904 0.985668
0.984317 -64.8804 0.985818
0.984467 -64.8704 0.985968
0.984617 -64.8604 0.986118
0.984767 -64.8504 0.986268
0.984917 -64.8404 0.986418
0.985068 -64.8305 0.986568
0.985218 -64.8205 0.986718
0.985368 -64.8105 0.986868
0.985518 -64.8006 0.987019
0.985668 -64.7906 0.987169
0.985818 -64.7806 0.987319
0.985968 -64.7707 0.987319
0.986118 -64.7607 0.987469
0.986268 -64.7508 0.987619
0.986418 -64.7408 0.987769
0.986568 -64.7309 0.987919
0.986718 -64.7209 0.988069
0.986868  -64.711 0.988219
0.987019  -64.701 0.988369
0.987169 -64.6911 0.988519
0.987319 -64.6812 0.988669
0.987469 -64.6712 0.988819
0.987619 -64.6613 0.988969
0.987769 -64.6514  0.98912
0.987919 -64.6415  0.98927
0.988069 -64.6316  0.98942
0.988219 -64.6216  0.98957
0.988369 -64.6117  0.98972
0.988519 -64.6018  0.98987
0.988669 -64.5919  0.99002
0.988819  -64.582  0.99017
0.988969 -64.5721  0.99032
 0.98912 -64.5622  0.99032
 0.98927 -64.5523  0.99047
 0.98942 -64.5424  0.99062
 0.98957 -64.5325  0.99077
 0.98972 -64.5226  0.99092
 0.98987 -64.5128 0.991071
 0.99002 -64.5029 0.991221
 0.99017  -64.493 0.991371
 0.99032 -64.4831 0.991521
 0.99047 -64.4732 0.991671
 0.99062 -64.4634 0.991821
 0.99077 -64.4535 0.991971
 0.99092 -64.4436 0.992121
0.991071 -64.4338 0.992271
0.991221 -64.4239 0.992421
0.991371 -64.4141 0.992571
0.991521 -64.4042 0.992721
0.991671 -64.3944 0.992871
0.991821 -64.3845 0.993022
0.991971 -64.3747 0.993172
0.992121 -64.3648 0.993322
0.992271  -64.355 0.993322
0.992421 -64.3451 0.993472
0.992571 -64.3353 0.993622
0.992721 -64.3255 0.993772
0.992871 -64.3156 0.993922
0.993022 -64.3058 0.994072
0.993172  -64.296 0.994222
0.993322 -64.2862 0.994372
0.993472 -64.2763 0.994522
0.993622 -64.2665 0.994672
0.993772 -64.2567 0.994822
0.993922 -64.2469 0.994972
0.994072 -64.2371 0.995123
0.994222 -64.2273 0.995273
0.994372 -64.2175 0.995423
0.994522 -64.2077 0.995573
0.994672 -64.1979 0.995723
0.994822 -64.1881 0.995873
0.994972 -64.1783 0.996023
0.995123 -64.1685 0.996173
0.995273 -64.1587 0.996323
0.995423  -64.149 0.996323
0.995573 -64.1392 0.996473
0.995723 -64.1294 0.996623
0.995873 -64.1196 0.996773
0.996023 -64.1099 0.996923
0.996173 -64.1001 0.997074
0.996323 -64.0903 0.997224
0.996473 -64.0806 0.997374
0.996623 -64.0708 0.997524
0.996773  -64.061 0.997674
0.996923 -64.0513 0.997824
0.997074 -64.0415 0.997974
0.997224 -64.0318 0.998124
0.997374  -64.022 0.998274
0.997524 -64.0123 0.998424
0.997674 -64.0026 0.998574
0.997824 -63.9928 0.998724
0.997974 -63.9831 0.998874
0.998124 -63.9733 0.999025
0.998274 -63.9636 0.999175
0.998424 -63.9539 0.999325
0.998574 -63.9442 0.999325
0.998724 -63.9344 0.999475
0.998874 -63.9247 0.999625
0.999025  -63.915 0.999775
0.999175 -63.9053 0.999925
0.999325 -63.8956  1.00008
0.999475 -63.8859  1.00023
0.999625 -63.8762  1.00038
0.999775 -63.8665  1.00053
0.999925 -63.8568  1.00068
 1.00008 -63.8471  1.00083
 1.00023 -63.8374  1.00098
 1.00038 -63.8277  1.00113
 1.00053  -63.818  1.00128
 1.00068 -63.8083  1.00143
 1.00083 -63.7986  1.00158
 1.00098 -63.7889  1.00173
 1.00113 -63.7793  1.00188
 1.00128 -63.7696  1.00203
 1.00143 -63.7599  1.00218
 1.00158 -63.7502  1.00233
 1.00173 -63.7406  1.00233
 1.00188 -63.7309  1.00248
 1.00203 -63.7212  1.00263
 1.00218 -63.7116  1.00278
 1.00233 -63.7019  1.00293
 1.00248 -63.6923  1.00308
 1.00263 -63.6826  1.00323
 1.00278  -63.673  1.00338
 1.00293 -63.6633  1.00353
 1.00308 -63.6537  1.00368
 1.00323  -63.644  1.00383
 1.00338 -63.6344  1.00398
 1.00353 -63.6248  1.00413
 1.00368 -63.6151  1.00428
 1.00383 -63.6055  1.00443
 1.00398 -63.5959  1.00458
 1.00413 -63.5862  1.00473
 1.00428 -63.5766  1.00488
 1.00443  -63.567  1.00503
 1.00458 -63.5574  1.00518
 1.00473 -63.5478  1.00533
 1.00488 -63.5382  1.00533
 1.00503 -63.5286  1.00548
 1.00518  -63.519  1.00563
 1.00533 -63.5093  1.00578
 1.00548 -63.4997  1.00593
 1.00563 -63.4901  1.00608
 1.00578 -63.4806  1.00623
 1.00593  -63.471  1.00638
 1.00608 -63.4614  1.00653
 1.00623 -63.4518  1.00668
 1.00638 -63.4422  1.00683
 1.00653 -63.4326  1.00698
 1.00668  -63.423  1.00713
 1.00683 -63.4135  1.00728
 1.00698 -63.4039  1.00743
 1.00713 -63.3943  1.00758
 1.00728 -63.3847  1.00773
 1.00743 -63.3752  1.00788
 1.00758 -63.3656  1.00803
 1.00773 -63.3561  1.00818
 1.00788 -63.3465  1.00833
 1.00803 -63.3369  1.00833
 1.00818 -63.3274  1.00848
 1.00833 -63.3178  1.00863
 1.00848 -63.3083  1.00878
 1.00863 -63.2987  1.00893
 1.00878 -63.2892  1.00908
 1.00893 -63.2797  1.00923
 1.00908 -63.2701  1.00938
 1.00923 -63.2606  1.00953
 1.00938 -63.2511  1.00968
 1.00953 -63.2415  1.00983
 1.00968  -63.232  1.00998
 1.00983 -63.2225  1.01013
 1.00998  -63.213  1.01028
 1.01013 -63.2034  1.01043
 1.01028 -63.1939  1.01058
 1.01043 -63.1844  1.01073
 1.01058 -63.1749  1.01088
 1.01073 -63.1654  1.01103
 1.01088 -63.1559  1.01118
 1.01103 -63.1464  1.01133
 1.01118 -63.1369  1.01133
 1.01133 -63.1274  1.01148
 1.01148 -63.1179  1.01163
 1.01163 -63.1084  1.01178
 1.01178 -63.0989  1.01193
 1.01193 -63.0894  1.01208
 1.01208 -63.0799  1.01223
 1.01223 -63.0705  1.01238
 1.01238  -63.061  1.01253
 1.01253 -63.0515  1.01268
 1.01268  -63.042  1.01283
 1.01283 -63.0326  1.01298
 1.01298 -63.0231  1.01313
 1.01313 -63.0136  1.01328
 1.01328 -63.0042  1.01343
 1.01343 -62.9947  1.01358
 1.01358 -62.9853  1.01373
 1.01373 -62.9758  1.01388
 1.01388 -62.9663  1.01403
 1.01403 -62.9569  1.01418
 1.01418 -62.9474  1.01433
 1.01433  -62.938  1.01433
 1.01448 -62.9286  1.01448
 1.01463 -62.9191  1.01463
 1.01478 -62.9097  1.01478
 1.01493 -62.9003  1.01493
 1.01508 -62.8908  1.01508
 1.01523 -62.8814  1.01523
 1.01538  -62.872  1.01538
 1.01553 -62.8625  1.01553
 1.01568 -62.8531  1.01568
 1.01583 -62.8437  1.01583
 1.01598 -62.8343  1.01598
 1.01613 -62.8249  1.01613
 1.01628 -62.8155  1.01628
 1.01643 -62.8061  1.01643
 1.01658 -62.7966  1.01658
 1.01673 -62.7872  1.01673
 1.01688 -62.7778  1.01688
 1.01703 -62.7684  1.01703
 1.01718 -62.7591  1.01718
 1.01733 -62.7497  1.01718
 1.01748 -62.7403  1.01733
 1.01763 -62.7309  1.01748
 1.01778 -62.7215  1.01763
 1.01793 -62.7121  1.01778
 1.01808 -62.7027  1.01793
 1.01823 -62.6934  1.01808
 1.01838  -62.684  1.01823
 1.01853 -62.6746  1.01838
 1.01868 -62.6652  1.01853
 1.01883 -62.6559  1.01868
 1.01898 -62.6465  1.01883
 1.01913 -62.6372  1.01898
 1.01928 -62.6278  1.01913
 1.01943 -62.6184  1.01928
 1.01958 -62.6091  1.01943
 1.01973 -62.5997  1.01958
 1.01988 -62.5904  1.01973
 1.02004  -62.581  1.01988
 1.02019 -62.5717  1.02004
 1.02034 -62.5624  1.02019
 1.02049  -62.553  1.02019
 1.02064 -62.5437  1.02034
 1.02079 -62.5343  1.02049
 1.02094  -62.525  1.02064
 1.02109 -62.5157  1.02079
 1.02124 -62.5064  1.02094
 1.02139  -62.497  1.02109
 1.02154 -62.4877  1.02124
 1.02169 -62.4784  1.02139
 1.02184 -62.4691  1.02154
 1.02199 -62.4598  1.02169
 1.02214 -62.4505  1.02184
 1.02229 -62.4412  1.02199
 1.02244 -62.4319  1.02214
 1.02259 -62.4226  1.02229
 1.02274 -62.4133  1.02244
 1.02289  -62.404  1.02259
 1.02304 -62.3947  1.02274
 1.02319 -62.3854  1.02289
 1.02334 -62.3761  1.02304
 1.02349 -62.3668  1.02304
 1.02364 -62.3575  1.02319
 1.02379 -62.3482  1.02334
 1.02394  -62.339  1.02349
 1.02409 -62.3297  1.02364
 1.02424 -62.3204  1.02379
 1.02439 -62.3111  1.02394
 1.02454 -62.3019  1.02409
 1.02469 -62.2926  1.02424
 1.02484 -62.2833  1.02439
 1.02499 -62.2741  1.02454
 1.02514 -62.2648  1.02469
 1.02529 -62.2556  1.02484
 1.02544 -62.2463  1.02499
 1.02559 -62.2371  1.02514
 1.02574 -62.2278  1.02529
 1.02589 -62.2186  1.02544
 1.02604 -62.2093  1.02559
 1.02619 -62.2001  1.02574
 1.02634 -62.1908  1.02589
 1.02649 -62.1816  1.02604
 1.02664 -62.1724  1.02604
 1.02679 -62.1631  1.02619
 1.02694 -62.1539  1.02634
 1.02709 -62.1447  1.02649
 1.02724 -62.1355  1.02664
 1.02739 -62.1262  1.02679
 1.02754  -62.117  1.02694
 1.02769 -62.1078  1.02709
 1.02784 -62.0986  1.02724
 1.02799 -62.0894  1.02739
 1.02814 -62.0802  1.02754
 1.02829  -62.071  1.02769
 1.02844 -62.0618  1.02784
 1.02859 -62.0526  1.02799
 1.02874 -62.0434  1.02814
 1.02889 -62.0342  1.02829
 1.02904  -62.025  1.02844
 1.02919 -62.0158  1.02859
 1.02934 -62.0066  1.02874
 1.02949 -61.9974  1.02889
 1.02964 -61.9882  1.02889
 1.02979 -61.9791  1.02904
 1.02994 -61.9699  1.02919
 1.03009 -61.9607  1.02934
 1.03024 -61.9515  1.02949
 1.03039 -61.9424  1.02964
 1.03054 -61.9332  1.02979
 1.03069  -61.924  1.02994
 1.03084 -61.9149  1.03009
 1.03099 -61.9057  1.03024
 1.03114 -61.8966  1.03039
 1.03129 -61.8874  1.03054
 1.03144 -61.8783  1.03069
 1.03159 -61.8691  1.03084
 1.03174   -61.86  1.03099
 1.03189 -61.8508  1.03114
 1.03204 -61.8417  1.03129
 1.03219 -61.8325  1.03144
 1.03234 -61.8234  1.03159
 1.03249 -61.8143  1.03174
 1.03264 -61.8051  1.03174
 1.03279  -61.796  1.03189
 1.03294 -61.7869  1.03204
 1.03309 -61.7778  1.03219
 1.03324 -61.7686  1.03234
 1.03339 -61.7595  1.03249
 1.03354 -61.7504  1.03264
 1.03369 -61.7413  1.03279
 1.03384 -61.7322  1.03294
 1.03399 -61.7231  1.03309
 1.03414  -61.714  1.03324
 1.03429 -61.7048  1.03339
 1.03444 -61.6957  1.03354
 1.03459 -61.6866  1.03369
 1.03474 -61.6775  1.03384
 1.03489 -61.6685  1.03399
 1.03504 -61.6594  1.03414
 1.03519 -61.6503  1.03429
 1.03534 -61.6412  1.03444
 1.03549 -61.6321  1.03459
 1.03564  -61.623  1.03459
 1.03579 -61.6139  1.03474
 1.03594 -61.6049  1.03489
 1.03609 -61.5958  1.03504
 1.03624 -61.5867  1.03519
 1.03639 -61.5777  1.03534
 1.03654 -61.5686  1.03549
 1.03669 -61.5595  1.03564
 1.03684 -61.5505  1.03579
 1.03699 -61.5414  1.03594
 1.03714 -61.5323  1.03609
 1.03729 -61.5233  1.03624
 1.03744 -61.5142  1.03639
 1.03759 -61.5052  1.03654
 1.03774 -61.4961  1.03669
 1.03789 -61.4871  1.03684
 1.03804 -61.4781  1.03699
 1.03819  -61.469  1.03714
 1.03834   -61.46  1.03729
 1.03849 -61.4509  1.03744
 1.03864 -61.4419  1.03744
 1.03879 -61.4329  1.03759
 1.03894 -61.4239  1.03774
 1.03909 -61.4148  1.03789
 1.03924 -61.4058  1.03804
 1.03939 -61.3968  1.03819
 1.03954 -61.3878  1.03834
 1.03969 -61.3788  1.03849
 1.03984 -61.3697  1.03864
 1.03999 -61.3607  1.03879
 1.04015 -61.3517  1.03894
  1.0403 -61.3427  1.03909
 1.04045 -61.3337  1.03924
  1.0406 -61.3247  1.03939
 1.04075 -61.3157  1.03954
  1.0409 -61.3067  1.03969
 1.04105 -61.2977  1.03984
  1.0412 -61.2888  1.03999
 1.04135 -61.2798  1.04015
  1.0415 -61.2708   1.0403
 1.04165 -61.2618   1.0403
  1.0418 -61.2528  1.04045
 1.04195 -61.2438   1.0406
  1.0421 -61.2349  1.04075
 1.04225 -61.2259   1.0409
  1.0424 -61.2169  1.04105
 1.04255  -61.208   1.0412
  1.0427  -61.199  1.04135
 1.04285   -61.19   1.0415
   1.043 -61.1811  1.04165
 1.04315 -61.1721   1.0418
  1.0433 -61.1632  1.04195
 1.04345 -61.1542   1.0421
  1.0436 -61.1453  1.04225
 1.04375 -61.1363   1.0424
  1.0439 -61.1274  1.04255
 1.04405 -61.1184   1.0427
  1.0442 -61.1095  1.04285
 1.04435 -61.1005    1.043
  1.0445 -61.0916    1.043
 1.04465 -61.0827  1.04315
  1.0448 -61.0737   1.0433
 1.04495 -61.0648  1.04345
  1.0451 -61.0559   1.0436
 1.04525  -61.047  1.04375
  1.0454  -61.038   1.0439
 1.04555 -61.0291  1.04405
  1.0457 -61.0202   1.0442
 1.04585 -61.0113  1.04435
   1.046 -61.0024   1.0445
 1.04615 -60.9935  1.04465
  1.0463 -60.9846   1.0448
 1.04645 -60.9757  1.04495
  1.0466 -60.9668   1.0451
 1.04675 -60.9579  1.04525
  1.0469  -60.949   1.0454
 1.04705 -60.9401  1.04555
  1.0472 -60.9312   1.0457
 1.04735 -60.9223   1.0457
  1.0475 -60.9134  1.04585
 1.04765 -60.9045    1.046
  1.0478 -60.8956  1.04615
 1.04795 -60.8868   1.0463
  1.0481 -60.8779  1.04645
 1.04825  -60.869   1.0466
  1.0484 -60.8601  1.04675
 1.04855 -60.8513   1.0469
  1.0487 -60.8424  1.04705
 1.04885 -60.8335   1.0472
   1.049 -60.8247  1.04735
 1.04915 -60.8158   1.0475
  1.0493  -60.807  1.04765
 1.04945 -60.7981   1.0478
  1.0496 -60.7893  1.04795
 1.04975 -60.7804   1.0481
  1.0499 -60.7716  1.04825
 1.05005 -60.7627   1.0484
  1.0502 -60.7539   1.0484
 1.05035  -60.745  1.04855
  1.0505 -60.7362   1.0487
 1.05065 -60.7274  1.04885
  1.0508 -60.7185    1.049
 1.05095 -60.7097  1.04915
  1.0511 -60.7009   1.0493
 1.05125 -60.6921  1.04945
  1.0514 -60.6832   1.0496
 1.05155 -60.6744  1.04975
  1.0517 -60.6656   1.0499
 1.05185 -60.6568  1.05005
   1.052  -60.648   1.0502
 1.05215 -60.6392  1.05035
  1.0523 -60.6303   1.0505
 1.05245 -60.6215  1.05065
  1.0526 -60.6127   1.0508
 1.05275 -60.6039  1.05095
  1.0529 -60.5951   1.0511
 1.05305 -60.5863   1.0511
  1.0532 -60.5776  1.05125
 1.05335 -60.5688   1.0514
  1.0535   -60.56  1.05155
 1.05365 -60.5512   1.0517
  1.0538 -60.5424  1.05185
 1.05395 -60.5336    1.052
  1.0541 -60.5248  1.05215
 1.05425 -60.5161   1.0523
  1.0544 -60.5073  1.05245
 1.05455 -60.4985   1.0526
  1.0547 -60.4897  1.05275
 1.05485  -60.481   1.0529
   1.055 -60.4722  1.05305
 1.05515 -60.4635   1.0532
  1.0553 -60.4547  1.05335
 1.05545 -60.4459   1.0535
  1.0556 -60.4372  1.05365
 1.05575 -60.4284   1.0538
  1.0559 -60.4197   1.0538
 1.05605 -60.4109  1.05395
  1.0562 -60.4022   1.0541
 1.05635 -60.3934  1.05425
  1.0565 -60.3847   1.0544
 1.05665  -60.376  1.05455
  1.0568 -60.3672   1.0547
 1.05695 -60.3585  1.05485
  1.0571 -60.3498    1.055
 1.05725  -60.341  1.05515
  1.0574 -60.3323   1.0553
 1.05755 -60.3236  1.05545
  1.0577 -60.3149   1.0556
 1.05785 -60.3062  1.05575
   1.058 -60.2974   1.0559
 1.05815 -60.2887  1.05605
  1.0583   -60.28   1.0562
 1.05845 -60.2713  1.05635
  1.0586 -60.2626  1.05635
 1.05875 -60.2539   1.0565
  1.0589 -60.2452  1.05665
 1.05905 -60.2365   1.0568
  1.0592 -60.2278  1.05695
 1.05935 -60.2191   1.0571
  1.0595 -60.2104  1.05725
 1.05965 -60.2017   1.0574
  1.0598  -60.193  1.05755
 1.05995 -60.1844   1.0577
 1.06011 -60.1757  1.05785
 1.06026  -60.167    1.058
 1.06041 -60.1583  1.05815
 1.06056 -60.1496   1.0583
 1.06071  -60.141  1.05845
 1.06086 -60.1323   1.0586
 1.06101 -60.1236  1.05875
 1.06116  -60.115   1.0589
 1.06131 -60.1063   1.0589
 1.06146 -60.0976  1.05905
 1.06161  -60.089   1.0592
 1.06176 -60.0803  1.05935
 1.06191 -60.0717   1.0595
 1.06206  -60.063  1.05965
 1.06221 -60.0544   1.0598
 1.06236 -60.0457  1.05995
 1.06251 -60.0371  1.06011
 1.06266 -60.0284  1.06026
 1.06281 -60.0198  1.06041
 1.06296 -60.0112  1.06056
 1.06311 -60.0025  1.06071
 1.06326 -59.9939  1.06086
 1.06341 -59.9853  1.06101
 1.06356 -59.9767  1.06116
 1.06371  -59.968  1.06131
 1.06386 -59.9594  1.06146
 1.06401 -59.9508  1.06146
 1.06416 -59.9422  1.06161
 1.06431 -59.9336  1.06176
 1.06446 -59.9249  1.06191
 1.06461 -59.9163  1.06206
 1.06476 -59.9077  1.06221
 1.06491 -59.8991  1.06236
 1.06506 -59.8905  1.06251
 1.06521 -59.8819  1.06266
 1.06536 -59.8733  1.06281
 1.06551 -59.8647  1.06296
 1.06566 -59.8561  1.06311
 1.06581 -59.8475  1.06326
 1.06596  -59.839  1.06341
 1.06611 -59.8304  1.06356
 1.06626 -59.8218  1.06371
 1.06641 -59.8132  1.06386
 1.06656 -59.8046  1.06386
 1.06671 -59.7961  1.06401
 1.06686 -59.7875  1.06416
 1.06701 -59.7789  1.06431
 1.06716 -59.7703  1.06446
 1.06731 -59.7618  1.06461
 1.06746 -59.7532  1.06476
 1.06761 -59.7447  1.06491
 1.06776 -59.7361  1.06506
 1.06791 -59.7275  1.06521
 1.06806  -59.719  1.06536
 1.06821 -59.7104  1.06551
 1.06836 -59.7019  1.06566
 1.06851 -59.6933  1.06581
 1.06866 -59.6848  1.06596
 1.06881 -59.6763  1.06611
 1.06896 -59.6677  1.06626
 1.06911 -59.6592  1.06626
 1.06926 -59.6506  1.06641
 1.06941 -59.6421  1.06656
 1.06956 -59.6336  1.06671
 1.06971  -59.625  1.06686
 1.06986 -59.6165  1.06701
 1.07001  -59.608  1.06716
 1.07016 -59.5995  1.06731
 1.07031  -59.591  1.06746
 1.07046 -59.5824  1.06761
 1.07061 -59.5739  1.06776
 1.07076 -59.5654  1.06791
 1.07091 -59.5569  1.06806
 1.07106 -59.5484  1.06821
 1.07121 -59.5399  1.06836
 1.07136 -59.5314  1.06851
 1.07151 -59.5229  1.06866
 1.07166 -59.5144  1.06866
 1.07181 -59.5059  1.06881
 1.07196 -59.4974  1.06896
 1.07211 -59.4889  1.06911
 1.07226 -59.4804  1.06926
 1.07241  -59.472  1.06941
 1.07256 -59.4635  1.06956
 1.07271  -59.455  1.06971
 1.07286 -59.4465  1.06986
 1.07301  -59.438  1.07001
 1.07316 -59.4296  1.07016
 1.07331 -59.4211  1.07031
 1.07346 -59.4126  1.07046
 1.07361 -59.4042  1.07061
 1.07376 -59.3957  1.07076
 1.07391 -59.3873  1.07091
 1.07406 -59.3788  1.07106
 1.07421 -59.3703  1.07106
 1.07436 -59.3619  1.07121
 1.07451 -59.3534  1.07136
 1.07466  -59.345  1.07151
 1.07481 -59.3365  1.07166
 1.07496 -59.3281  1.07181
 1.07511 -59.3197  1.07196
 1.07526 -59.3112  1.07211
 1.07541 -59.3028  1.07226
 1.07556 -59.2943  1.07241
 1.07571 -59.2859  1.07256
 1.07586 -59.2775  1.07271
 1.07601 -59.2691  1.07286
 1.07616 -59.2606  1.07301
 1.07631 -59.2522  1.07316
 1.07646 -59.2438  1.07331
 1.07661 -59.2354  1.07346
 1.07676  -59.227  1.07346
 1.07691 -59.2185  1.07361
 1.07706 -59.2101  1.07376
 1.07721 -59.2017  1.07391
 1.07736 -59.1933  1.07406
 1.07751 -59.1849  1.07421
 1.07766 -59.1765  1.07436
 1.07781 -59.1681  1.07451
 1.07796 -59.1597  1.07466
 1.07811 -59.1513  1.07481
 1.07826 -59.1429  1.07496
 1.07841 -59.1345  1.07511
 1.07856 -59.1262  1.07526
 1.07871 -59.1178  1.07541
 1.07886 -59.1094  1.07556
 1.07901  -59.101  1.07571
 1.07916 -59.0926  1.07571
 1.07931 -59.0843  1.07586
 1.07946 -59.0759  1.07601
 1.07961 -59.0675  1.07616
 1.07976 -59.0591  1.07631
 1.07991 -59.0508  1.07646
 1.08007 -59.0424  1.07661
 1.08022 -59.0341  1.07676
 1.08037 -59.0257  1.07691
 1.08052 -59.0173  1.07706
 1.08067  -59.009  1.07721
 1.08082 -59.0006  1.07736
 1.08097 -58.9923  1.07751
 1.08112 -58.9839  1.07766
 1.08127 -58.9756  1.07781
 1.08142 -58.9673  1.07781
 1.08157 -58.9589  1.07796
 1.08172 -58.9506  1.07811
 1.08187 -58.9422  1.07826
 1.08202 -58.9339  1.07841
 1.08217 -58.9256  1.07856
 1.08232 -58.9173  1.07871
 1.08247 -58.9089  1.07886
 1.08262 -58.9006  1.07901
 1.08277 -58.8923  1.07916
 1.08292  -58.884  1.07931
 1.08307 -58.8757  1.07946
 1.08322 -58.8674  1.07961
 1.08337  -58.859  1.07976
 1.08352 -58.8507  1.07991
 1.08367 -58.8424  1.08007
 1.08382 -58.8341  1.08007
 1.08397 -58.8258  1.08022
 1.08412 -58.8175  1.08037
 1.08427 -58.8092  1.08052
 1.08442 -58.8009  1.08067
 1.08457 -58.7926  1.08082
 1.08472 -58.7844  1.08097
 1.08487 -58.7761  1.08112
 1.08502 -58.7678  1.08127
 1.08517 -58.7595  1.08142
 1.08532 -58.7512  1.08157
 1.08547  -58.743  1.08172
 1.08562 -58.7347  1.08187
 1.08577 -58.7264  1.08202
 1.08592 -58.7181  1.08217
 1.08607 -58.7099  1.08217
 1.08622 -58.7016  1.08232
 1.08637 -58.6933  1.08247
 1.08652 -58.6851  1.08262
 1.08667 -58.6768  1.08277
 1.08682 -58.6686  1.08292
 1.08697 -58.6603  1.08307
 1.08712 -58.6521  1.08322
 1.08727 -58.6438  1.08337
 1.08742 -58.6356  1.08352
 1.08757 -58.6273  1.08367
 1.08772 -58.6191  1.08382
 1.08787 -58.6109  1.08397
 1.08802 -58.6026  1.08412
 1.08817 -58.5944  1.08427
 1.08832 -58.5862  1.08427
 1.08847 -58.5779  1.08442
 1.08862 -58.5697  1.08457
 1.08877 -58.5615  1.08472
 1.08892 -58.5533  1.08487
 1.08907  -58.545  1.08502
 1.08922 -58.5368  1.08517
 1.08937 -58.5286  1.08532
 1.08952 -58.5204  1.08547
 1.08967 -58.5122  1.08562
 1.08982  -58.504  1.08577
 1.08997 -58.4958  1.08592
 1.09012 -58.4876  1.08607
 1.09027 -58.4794  1.08622
 1.09042 -58.4712  1.08622
 1.09057  -58.463  1.08637
 1.09072 -58.4548  1.08652
 1.09087 -58.4466  1.08667
 1.09102 -58.4384  1.08682
 1.09117 -58.4302  1.08697
 1.09132  -58.422  1.08712
 1.09147 -58.4139  1.08727
 1.09162 -58.4057  1.08742
 1.09177 -58.3975  1.08757
 1.09192 -58.3893  1.08772
 1.09207 -58.3812  1.08787
 1.09222  -58.373  1.08802
 1.09237 -58.3648  1.08817
 1.09252 -58.3567  1.08817
 1.09267 -58.3485  1.08832
 1.09282 -58.3404  1.08847
 1.09297 -58.3322  1.08862
 1.09312  -58.324  1.08877
 1.09327 -58.3159  1.08892
 1.09342 -58.3077  1.08907
 1.09357 -58.2996  1.08922
 1.09372 -58.2915  1.08937
 1.09387 -58.2833  1.08952
 1.09402 -58.2752  1.08967
 1.09417  -58.267  1.08982
 1.09432 -58.2589  1.08997
 1.09447 -58.2508  1.09012
 1.09462 -58.2426  1.09027
 1.09477 -58.2345  1.09027
 1.09492 -58.2264  1.09042
 1.09507 -58.2183  1.09057
 1.09522 -58.2101  1.09072
 1.09537  -58.202  1.09087
 1.09552 -58.1939  1.09102
 1.09567 -58.1858  1.09117
 1.09582 -58.1777  1.09132
 1.09597 -58.1696  1.09147
 1.09612 -58.1615  1.09162
 1.09627 -58.1534  1.09177
 1.09642 -58.1453  1.09192
 1.09657 -58.1372  1.09207
 1.09672 -58.1291  1.09207
 1.09687  -58.121  1.09222
 1.09702 -58.1129  1.09237
 1.09717 -58.1048  1.09252
 1.09732 -58.0967  1.09267
 1.09747 -58.0886  1.09282
 1.09762 -58.0806  1.09297
 1.09777 -58.0725  1.09312
 1.09792 -58.0644  1.09327
 1.09807 -58.0563  1.09342
 1.09822 -58.0483  1.09357
 1.09837 -58.0402  1.09372
 1.09852 -58.0321  1.09372
 1.09867 -58.0241  1.09387
 1.09882  -58.016  1.09402
 1.09897  -58.008  1.09417
 1.09912 -57.9999  1.09432
 1.09927 -57.9919  1.09447
 1.09942 -57.9838  1.09462
 1.09957 -57.9758  1.09477
 1.09972 -57.9677  1.09492
 1.09987 -57.9597  1.09507
 1.10003 -57.9516  1.09522
 1.10018 -57.9436  1.09537
 1.10033 -57.9356  1.09537
 1.10048 -57.9275  1.09552
 1.10063 -57.9195  1.09567
 1.10078 -57.9115  1.09582
 1.10093 -57.9034  1.09597
 1.10108 -57.8954  1.09612
 1.10123 -57.8874  1.09627
 1.10138 -57.8794  1.09642
 1.10153 -57.8714  1.09657
 1.10168 -57.8634  1.09672
 1.10183 -57.8554  1.09687
 1.10198 -57.8473  1.09702
 1.10213 -57.8393  1.09702
 1.10228 -57.8313  1.09717
 1.10243 -57.8233  1.09732
 1.10258 -57.8153  1.09747
 1.10273 -57.8074  1.09762
 1.10288 -57.7994  1.09777
 1.10303 -57.7914  1.09792
 1.10318 -57.7834  1.09807
 1.10333 -57.7754  1.09822
 1.10348 -57.7674  1.09837
 1.10363 -57.7594  1.09852
 1.10378 -57.7515  1.09852
 1.10393 -57.7435  1.09867
 1.10408 -57.7355  1.09882
 1.10423 -57.7276  1.09897
 1.10438 -57.7196  1.09912
 1.10453 -57.7116  1.09927
 1.10468 -57.7037  1.09942
 1.10483 -57.6957  1.09957
 1.10498 -57.6878  1.09972
 1.10513 -57.6798  1.09987
 1.10528 -57.6718  1.10003
 1.10543 -57.6639  1.10018
 1.10558  -57.656  1.10018
 1.10573  -57.648  1.10033
 1.10588 -57.6401  1.10048
 1.10603 -57.6321  1.10063
 1.10618 -57.6242  1.10078
 1.10633 -57.6163  1.10093
 1.10648 -57.6083  1.10108
 1.10663 -57.6004  1.10123
 1.10678 -57.5925  1.10138
 1.10693 -57.5846  1.10153
 1.10708 -57.5766  1.10168
 1.10723 -57.5687  1.10168
 1.10738 -57.5608  1.10183
 1.10753 -57.5529  1.10198
 1.10768  -57.545  1.10213
 1.10783 -57.5371  1.10228
 1.10798 -57.5292  1.10243
 1.10813 -57.5213  1.10258
 1.10828 -57.5134  1.10273
 1.10843 -57.5055  1.10288
 1.10858 -57.4976  1.10303
 1.10873 -57.4897  1.10318
 1.10888 -57.4818  1.10318
 1.10903 -57.4739  1.10333
 1.10918  -57.466  1.10348
 1.10933 -57.4581  1.10363
 1.10948 -57.4503  1.10378
 1.10963 -57.4424  1.10393
 1.10978 -57.4345  1.10408
 1.10993 -57.4266  1.10423
 1.11008 -57.4188  1.10438
 1.11023 -57.4109  1.10453
 1.11038  -57.403  1.10468
 1.11053 -57.3952  1.10468
 1.11068 -57.3873  1.10483
 1.11083 -57.3795  1.10498
 1.11098 -57.3716  1.10513
 1.11113 -57.3638  1.10528
 1.11128 -57.3559  1.10543
 1.11143 -57.3481  1.10558
 1.11158 -57.3402  1.10573
 1.11173 -57.3324  1.10588
 1.11188 -57.3245  1.10603
 1.11203 -57.3167  1.10618
 1.11218 -57.3089  1.10618
 1.11233  -57.301  1.10633
 1.11248 -57.2932  1.10648
 1.11263 -57.2854  1.10663
 1.11278 -57.2776  1.10678
 1.11293 -57.2697  1.10693
 1.11308 -57.2619  1.10708
 1.11323 -57.2541  1.10723
 1.11338 -57.2463  1.10738
 1.11353 -57.2385  1.10753
 1.11368 -57.2307  1.10768
 1.11383 -57.2229  1.10783
 1.11398 -57.2151  1.10783
 1.11413 -57.2073  1.10798
 1.11428 -57.1995  1.10813
 1.11443 -57.1917  1.10828
 1.11458 -57.1839  1.10843
 1.11473 -57.1761  1.10858
 1.11488 -57.1683  1.10873
 1.11503 -57.1605  1.10888
 1.11518 -57.1527  1.10903
 1.11533 -57.1449  1.10918
 1.11548 -57.1372  1.10918
 1.11563 -57.1294  1.10933
 1.11578 -57.1216  1.10948
 1.11593 -57.1139  1.10963
 1.11608 -57.1061  1.10978
 1.11623 -57.0983  1.10993
 1.11638 -57.0906  1.11008
 1.11653 -57.0828  1.11023
 1.11668  -57.075  1.11038
 1.11683 -57.0673  1.11053
 1.11698 -57.0595  1.11068
 1.11713 -57.0518  1.11068
 1.11728  -57.044  1.11083
 1.11743 -57.0363  1.11098
 1.11758 -57.0285  1.11113
 1.11773 -57.0208  1.11128
 1.11788 -57.0131  1.11143
 1.11803 -57.0053  1.11158
 1.11818 -56.9976  1.11173
 1.11833 -56.9899  1.11188
 1.11848 -56.9821  1.11203
 1.11863 -56.9744  1.11203
 1.11878 -56.9667  1.11218
 1.11893  -56.959  1.11233
 1.11908 -56.9513  1.11248
 1.11923 -56.9436  1.11263
 1.11938 -56.9358  1.11278
 1.11953 -56.9281  1.11293
 1.11968 -56.9204  1.11308
 1.11983 -56.9127  1.11323
 1.11998  -56.905  1.11323
 1.12014 -56.8973  1.11338
 1.12029 -56.8896  1.11353
 1.12044 -56.8819  1.11368
 1.12059 -56.8743  1.11383
 1.12074 -56.8666  1.11398
 1.12089 -56.8589  1.11413
 1.12104 -56.8512  1.11428
 1.12119 -56.8435  1.11443
 1.12134 -56.8358  1.11458
 1.12149 -56.8282  1.11458
 1.12164 -56.8205  1.11473
 1.12179 -56.8128  1.11488
 1.12194 -56.8052  1.11503
 1.12209 -56.7975  1.11518
 1.12224 -56.7898  1.11533
 1.12239 -56.7822  1.11548
 1.12254 -56.7745  1.11563
 1.12269 -56.7669  1.11578
 1.12284 -56.7592  1.11593
 1.12299 -56.7516  1.11593
 1.12314 -56.7439  1.11608
 1.12329 -56.7363  1.11623
 1.12344 -56.7287  1.11638
 1.12359  -56.721  1.11653
 1.12374 -56.7134  1.11668
 1.12389 -56.7058  1.11683
 1.12404 -56.6981  1.11698
 1.12419 -56.6905  1.11698
 1.12434 -56.6829  1.11713
 1.12449 -56.6753  1.11728
 1.12464 -56.6676  1.11743
 1.12479   -56.66  1.11758
 1.12494 -56.6524  1.11773
 1.12509 -56.6448  1.11788
 1.12524 -56.6372  1.11803
 1.12539 -56.6296  1.11818
 1.12554  -56.622  1.11818
 1.12569 -56.6144  1.11833
 1.12584 -56.6068  1.11848
 1.12599 -56.5992  1.11863
 1.12614 -56.5916  1.11878
 1.12629  -56.584  1.11893
 1.12644 -56.5764  1.11908
 1.12659 -56.5689  1.11923
 1.12674 -56.5613  1.11938
 1.12689 -56.5537  1.11938
 1.12704 -56.5461  1.11953
 1.12719 -56.5386  1.11968
 1.12734  -56.531  1.11983
 1.12749 -56.5234  1.11998
 1.12764 -56.5159  1.12014
 1.12779 -56.5083  1.12029
 1.12794 -56.5008  1.12044
 1.12809 -56.4932  1.12044
 1.12824 -56.4856  1.12059
 1.12839 -56.4781  1.12074
 1.12854 -56.4706  1.12089
 1.12869  -56.463  1.12104
 1.12884 -56.4555  1.12119
 1.12899 -56.4479  1.12134
 1.12914 -56.4404  1.12149
 1.12929 -56.4329  1.12164
 1.12944 -56.4253  1.12164
 1.12959 -56.4178  1.12179
 1.12974 -56.4103  1.12194
 1.12989 -56.4028  1.12209
 1.13004 -56.3952  1.12224
 1.13019 -56.3877  1.12239
 1.13034 -56.3802  1.12254
 1.13049 -56.3727  1.12269
 1.13064 -56.3652  1.12269
 1.13079 -56.3577  1.12284
 1.13094 -56.3502  1.12299
 1.13109 -56.3427  1.12314
 1.13124 -56.3352  1.12329
 1.13139 -56.3277  1.12344
 1.13154 -56.3202  1.12359
 1.13169 -56.3127  1.12374
 1.13184 -56.3052  1.12374
 1.13199 -56.2978  1.12389
 1.13214 -56.2903  1.12404
 1.13229 -56.2828  1.12419
 1.13244 -56.2753  1.12434
 1.13259 -56.2679  1.12449
 1.13274 -56.2604  1.12449
 1.13289 -56.2529  1.12464
 1.13304 -56.2455  1.12479
 1.13319  -56.238  1.12494
 1.13334 -56.2306  1.12509
 1.13349 -56.2231  1.12509
 1.13364 -56.2157  1.12524
 1.13379 -56.2082  1.12539
 1.13394 -56.2008  1.12554
 1.13409 -56.1934  1.12569
 1.13424 -56.1859  1.12569
 1.13439 -56.1785  1.12584
 1.13454 -56.1711  1.12599
 1.13469 -56.1637  1.12614
 1.13484 -56.1563  1.12629
 1.13499 -56.1489  1.12629
 1.13514 -56.1415  1.12644
 1.13529  -56.134  1.12659
 1.13544 -56.1267  1.12674
 1.13559 -56.1193  1.12689
 1.13574 -56.1119  1.12689
 1.13589 -56.1045  1.12704
 1.13604 -56.0971  1.12719
 1.13619 -56.0897  1.12734
 1.13634 -56.0823  1.12749
 1.13649  -56.075  1.12749
 1.13664 -56.0676  1.12764
 1.13679 -56.0602  1.12779
 1.13694 -56.0529  1.12794
 1.13709 -56.0455  1.12809
 1.13724 -56.0381  1.12809
 1.13739 -56.0308  1.12824
 1.13754 -56.0234  1.12839
 1.13769 -56.0161  1.12854
 1.13784 -56.0088  1.12869
 1.13799 -56.0014  1.12869
 1.13814 -55.9941  1.12884
 1.13829 -55.9868  1.12899
 1.13844 -55.9794  1.12914
 1.13859 -55.9721  1.12929
 1.13874 -55.9648  1.12929
 1.13889 -55.9575  1.12944
 1.13904 -55.9502  1.12959
 1.13919 -55.9429  1.12974
 1.13934 -55.9356  1.12989
 1.13949 -55.9283  1.12989
 1.13964  -55.921  1.13004
 1.13979 -55.9137  1.13019
 1.13994 -55.9064  1.13034
  1.1401 -55.8991  1.13049
 1.14025 -55.8918  1.13049
  1.1404 -55.8845  1.13064
 1.14055 -55.8772  1.13079
  1.1407   -55.87  1.13094
 1.14085 -55.8627  1.13109
   1.141 -55.8554  1.13109
 1.14115 -55.8482  1.13124
  1.1413 -55.8409  1.13139
 1.14145 -55.8337  1.13154
  1.1416 -55.8264  1.13169
 1.14175 -55.8192  1.13169
  1.1419 -55.8119  1.13184
 1.14205 -55.8047  1.13199
  1.1422 -55.7974  1.13214
 1.14235 -55.7902  1.13229
  1.1425  -55.783  1.13229
 1.14265 -55.7757  1.13244
  1.1428 -55.7685  1.13259
 1.14295 -55.7613  1.13274
  1.1431 -55.7541  1.13289
 1.14325 -55.7469  1.13289
  1.1434 -55.7397  1.13304
 1.14355 -55.7325  1.13319
  1.1437 -55.7253  1.13334
 1.14385 -55.7181  1.13334
   1.144 -55.7109  1.13349
 1.14415 -55.7037  1.13364
  1.1443 -55.6965  1.13379
 1.14445 -55.6893  1.13394
  1.1446 -55.6821  1.13394
 1.14475 -55.6749  1.13409
  1.1449 -55.6678  1.13424
 1.14505 -55.6606  1.13439
  1.1452 -55.6534  1.13454
 1.14535 -55.6463  1.13454
  1.1455 -55.6391  1.13469
 1.14565  -55.632  1.13484
  1.1458 -55.6248  1.13499
 1.14595 -55.6177  1.13514
  1.1461 -55.6105  1.13514
 1.14625 -55.6034  1.13529
  1.1464 -55.5962  1.13544
 1.14655 -55.5891  1.13559
  1.1467  -55.582  1.13574
 1.14685 -55.5749  1.13574
   1.147 -55.5677  1.13589
 1.14715 -55.5606  1.13604
  1.1473 -55.5535  1.13619
 1.14745 -55.5464  1.13634
  1.1476 -55.5393  1.13634
 1.14775 -55.5322  1.13649
  1.1479 -55.5251  1.13664
 1.14805  -55.518  1.13679
  1.1482 -55.5109  1.13694
 1.14835 -55.5038  1.13694
  1.1485 -55.4967  1.13709
 1.14865 -55.4896  1.13724
  1.1488 -55.4825  1.13739
 1.14895 -55.4755  1.13739
  1.1491 -55.4684  1.13754
 1.14925 -55.4613  1.13769
  1.1494 -55.4542  1.13784
 1.14955 -55.4472  1.13799
  1.1497 -55.4401  1.13799
 1.14985 -55.4331  1.13814
    1.15  -55.426  1.13829