 kgrid  ValNew  Policy 
    0.85 -66.7379 0.894872
 0.85015 -66.7255 0.895023
  0.8503 -66.7132 0.895173
 0.85045 -66.7008 0.895323
  0.8506 -66.6884 0.895473
 0.85075 -66.6761 0.895623
  0.8509 -66.6637 0.895773
0.851051 -66.6514 0.895773
0.851201  -66.639 0.895923
0.851351 -66.6267 0.896073
0.851501 -66.6143 0.896223
0.851651  -66.602 0.896373
0.851801 -66.5897 0.896523
0.851951 -66.5773 0.896673
0.852101  -66.565 0.896823
0.852251 -66.5527 0.896973
0.852401 -66.5404 0.897124
0.852551 -66.5281 0.897274
0.852701 -66.5158 0.897424
0.852851 -66.5035 0.897424
0.853002 -66.4912 0.897574
0.853152  -66.479 0.897724
0.853302 -66.4667 0.897874
0.853452 -66.4544 0.898024
0.853602 -66.4421 0.898174
0.853752 -66.4299 0.898324
0.853902 -66.4176 0.898474
0.854052 -66.4054 0.898624
0.854202 -66.3931 0.898774
0.854352 -66.3809 0.898924
0.854502 -66.3687 0.899075
0.854652 -66.3564 0.899075
0.854802 -66.3442 0.899225
0.854952  -66.332 0.899375
0.855103 -66.3198 0.899525
0.855253 -66.3075 0.899675
0.855403 -66.2953 0.899825
0.855553 -66.2831 0.899975
0.855703 -66.2709 0.900125
0.855853 -66.2587 0.900275
0.856003 -66.2465 0.900425
0.856153 -66.2344 0.900575
0.856303 -66.2222 0.900725
0.856453   -66.21 0.900875
0.856603 -66.1978 0.901026
0.856753 -66.1857 0.901176
0.856903 -66.1735 0.901176
0.857054 -66.1613 0.901326
0.857204 -66.1492 0.901476
0.857354  -66.137 0.901626
0.857504 -66.1249 0.901776
0.857654 -66.1128 0.901926
0.857804 -66.1006 0.902076
0.857954 -66.0885 0.902226
0.858104 -66.0764 0.902376
0.858254 -66.0642 0.902526
0.858404 -66.0521 0.902676
0.858554   -66.04 0.902826
0.858704 -66.0279 0.902976
0.858854 -66.0158 0.903127
0.859005 -66.0037 0.903277
0.859155 -65.9916 0.903277
0.859305 -65.9795 0.903427
0.859455 -65.9674 0.903577
0.859605 -65.9554 0.903727
0.859755 -65.9433 0.903877
0.859905 -65.9312 0.904027
0.860055 -65.9191 0.904177
0.860205 -65.9071 0.904327
0.860355  -65.895 0.904477
0.860505  -65.883 0.904627
0.860655 -65.8709 0.904777
0.860805 -65.8589 0.904927
0.860955 -65.8468 0.905078
0.861106 -65.8348 0.905228
0.861256 -65.8228 0.905378
0.861406 -65.8107 0.905528
0.861556 -65.7987 0.905528
0.861706 -65.7867 0.905678
0.861856 -65.7747 0.905828
0.862006 -65.7627 0.905978
0.862156 -65.7507 0.906128
0.862306 -65.7387 0.906278
0.862456 -65.7267 0.906428
0.862606 -65.7147 0.906578
0.862756 -65.7027 0.906728
0.862906 -65.6907 0.906878
0.863057 -65.6787 0.907029
0.863207 -65.6667 0.907179
0.863357 -65.6548 0.907329
0.863507 -65.6428 0.907479
0.863657 -65.6308 0.907629
0.863807 -65.6189 0.907779
0.863957 -65.6069 0.907779
0.864107  -65.595 0.907929
0.864257  -65.583 0.908079
0.864407 -65.5711 0.908229
0.864557 -65.5592 0.908379
0.864707 -65.5472 0.908529
0.864857 -65.5353 0.908679
0.865008 -65.5234 0.908829
0.865158 -65.5114 0.908979
0.865308 -65.4995  0.90913
0.865458 -65.4876  0.90928
0.865608 -65.4757  0.90943
0.865758 -65.4638  0.90958
0.865908 -65.4519  0.90973
0.866058   -65.44  0.90988
0.866208 -65.4281  0.91003
0.866358 -65.4163  0.91003
0.866508 -65.4044  0.91018
0.866658 -65.3925  0.91033
0.866808 -65.3806  0.91048
0.866958 -65.3688  0.91063
0.867109 -65.3569  0.91078
0.867259  -65.345  0.91093
0.867409 -65.3332 0.911081
0.867559 -65.3213 0.911231
0.867709 -65.3095 0.911381
0.867859 -65.2976 0.911531
0.868009 -65.2858 0.911681
0.868159  -65.274 0.911831
0.868309 -65.2621 0.911981
0.868459 -65.2503 0.912131
0.868609 -65.2385 0.912281
0.868759 -65.2267 0.912431
0.868909 -65.2149 0.912431
 0.86906 -65.2031 0.912581
 0.86921 -65.1912 0.912731
 0.86936 -65.1794 0.912881
 0.86951 -65.1677 0.913032
 0.86966 -65.1559 0.913182
 0.86981 -65.1441 0.913332
 0.86996 -65.1323 0.913482
 0.87011 -65.1205 0.913632
 0.87026 -65.1087 0.913782
 0.87041  -65.097 0.913932
 0.87056 -65.0852 0.914082
 0.87071 -65.0734 0.914232
 0.87086 -65.0617 0.914382
0.871011 -65.0499 0.914532
0.871161 -65.0382 0.914682
0.871311 -65.0264 0.914832
0.871461 -65.0147 0.914982
0.871611 -65.0029 0.915133
0.871761 -64.9912 0.915133
0.871911 -64.9795 0.915283
0.872061 -64.9677 0.915433
0.872211  -64.956 0.915583
0.872361 -64.9443 0.915733
0.872511 -64.9326 0.915883
0.872661 -64.9209 0.916033
0.872811 -64.9092 0.916183
0.872961 -64.8975 0.916333
0.873112 -64.8858 0.916483
0.873262 -64.8741 0.916633
0.873412 -64.8624 0.916783
0.873562 -64.8507 0.916933
0.873712  -64.839 0.917084
0.873862 -64.8273 0.917234
0.874012 -64.8157 0.917384
0.874162  -64.804 0.917534
0.874312 -64.7923 0.917684
0.874462 -64.7807 0.917684
0.874612  -64.769 0.917834
0.874762 -64.7574 0.917984
0.874912 -64.7457 0.918134
0.875063 -64.7341 0.918284
0.875213 -64.7224 0.918434
0.875363 -64.7108 0.918584
0.875513 -64.6991 0.918734
0.875663 -64.6875 0.918884
0.875813 -64.6759 0.919035
0.875963 -64.6643 0.919185
0.876113 -64.6527 0.919335
0.876263  -64.641 0.919485
0.876413 -64.6294 0.919635
0.876563 -64.6178 0.919785
0.876713 -64.6062 0.919935
0.876863 -64.5946 0.920085
0.877014  -64.583 0.920235
0.877164 -64.5714 0.920385
0.877314 -64.5599 0.920385
0.877464 -64.5483 0.920535
0.877614 -64.5367 0.920685
0.877764 -64.5251 0.920835
0.877914 -64.5136 0.920985
0.878064  -64.502 0.921136
0.878214 -64.4904 0.921286
0.878364 -64.4789 0.921436
0.878514 -64.4673 0.921586
0.878664 -64.4558 0.921736
0.878814 -64.4442 0.921886
0.878964 -64.4327 0.922036
0.879115 -64.4211 0.922186
0.879265 -64.4096 0.922336
0.879415 -64.3981 0.922486
0.879565 -64.3865 0.922636
0.879715  -64.375 0.922786
0.879865 -64.3635 0.922936
0.880015  -64.352 0.923087
0.880165 -64.3405 0.923087
0.880315  -64.329 0.923237
0.880465 -64.3175 0.923387
0.880615  -64.306 0.923537
0.880765 -64.2945 0.923687
0.880915  -64.283 0.923837
0.881066 -64.2715 0.923987
0.881216   -64.26 0.924137
0.881366 -64.2485 0.924287
0.881516  -64.237 0.924437
0.881666 -64.2256 0.924587
0.881816 -64.2141 0.924737
0.881966 -64.2026 0.924887
0.882116 -64.1912 0.925038
0.882266 -64.1797 0.925188
0.882416 -64.1683 0.925338
0.882566 -64.1568 0.925488
0.882716 -64.1454 0.925638
0.882866 -64.1339 0.925788
0.883017 -64.1225 0.925938
0.883167 -64.1111 0.925938
0.883317 -64.0996 0.926088
0.883467 -64.0882 0.926238
0.883617 -64.0768 0.926388
0.883767 -64.0654 0.926538
0.883917  -64.054 0.926688
0.884067 -64.0425 0.926838
0.884217 -64.0311 0.926988
0.884367 -64.0197 0.927139
0.884517 -64.0083 0.927289
0.884667 -63.9969 0.927439
0.884817 -63.9855 0.927589
0.884967 -63.9742 0.927739
0.885118 -63.9628 0.927889
0.885268 -63.9514 0.928039
0.885418   -63.94 0.928189
0.885568 -63.9286 0.928339
0.885718 -63.9173 0.928489
0.885868 -63.9059 0.928639
0.886018 -63.8946 0.928789
0.886168 -63.8832 0.928789
0.886318 -63.8718 0.928939
0.886468 -63.8605  0.92909
0.886618 -63.8491  0.92924
0.886768 -63.8378  0.92939
0.886918 -63.8265  0.92954
0.887069 -63.8151  0.92969
0.887219 -63.8038  0.92984
0.887369 -63.7925  0.92999
0.887519 -63.7811  0.93014
0.887669 -63.7698  0.93029
0.887819 -63.7585  0.93044
0.887969 -63.7472  0.93059
0.888119 -63.7359  0.93074
0.888269 -63.7246  0.93089
0.888419 -63.7133 0.931041
0.888569  -63.702 0.931191
0.888719 -63.6907 0.931341
0.888869 -63.6794 0.931491
 0.88902 -63.6681 0.931641
 0.88917 -63.6568 0.931641
 0.88932 -63.6456 0.931791
 0.88947 -63.6343 0.931941
 0.88962  -63.623 0.932091
 0.88977 -63.6117 0.932241
 0.88992 -63.6005 0.932391
 0.89007 -63.5892 0.932541
 0.89022  -63.578 0.932691
 0.89037 -63.5667 0.932841
 0.89052 -63.5555 0.932991
 0.89067 -63.5442 0.933142
 0.89082  -63.533 0.933292
 0.89097 -63.5217 0.933442
0.891121 -63.5105 0.933592
0.891271 -63.4993 0.933742
0.891421  -63.488 0.933892
0.891571 -63.4768 0.934042
0.891721 -63.4656 0.934192
0.891871 -63.4544 0.934342
0.892021 -63.4432 0.934492
0.892171  -63.432 0.934642
0.892321 -63.4207 0.934792
0.892471 -63.4095 0.934942
0.892621 -63.3983 0.934942
0.892771 -63.3872 0.935093
0.892921  -63.376 0.935243
0.893072 -63.3648 0.935393
0.893222 -63.3536 0.935543
0.893372 -63.3424 0.935693
0.893522 -63.3312 0.935843
0.893672 -63.3201 0.935993
0.893822 -63.3089 0.936143
0.893972 -63.2977 0.936293
0.894122 -63.2866 0.936443
0.894272 -63.2754 0.936593
0.894422 -63.2642 0.936743
0.894572 -63.2531 0.936893
0.894722 -63.2419 0.937044
0.894872 -63.2308 0.937194
0.895023 -63.2197 0.937344
0.895173 -63.2085 0.937494
0.895323 -63.1974 0.937644
0.895473 -63.1863 0.937794
0.895623 -63.1751 0.937944
0.895773  -63.164 0.938094
0.895923 -63.1529 0.938094
0.896073 -63.1418 0.938244
0.896223 -63.1307 0.938394
0.896373 -63.1196 0.938544
0.896523 -63.1084 0.938694
0.896673 -63.0973 0.938844
0.896823 -63.0862 0.938994
0.896973 -63.0752 0.939145
0.897124 -63.0641 0.939295
0.897274  -63.053 0.939445
0.897424 -63.0419 0.939595
0.897574 -63.0308 0.939745
0.897724 -63.0197 0.939895
0.897874 -63.0087 0.940045
0.898024 -62.9976 0.940195
0.898174 -62.9865 0.940345
0.898324 -62.9755 0.940495
0.898474 -62.9644 0.940645
0.898624 -62.9533 0.940795
0.898774 -62.9423 0.940945
0.898924 -62.9312 0.941096
0.899075 -62.9202 0.941246
0.899225 -62.9092 0.941396
0.899375 -62.8981 0.941396
0.899525 -62.8871 0.941546
0.899675 -62.8761 0.941696
0.899825  -62.865 0.941846
0.899975  -62.854 0.941996
0.900125  -62.843 0.942146
0.900275  -62.832 0.942296
0.900425  -62.821 0.942446
0.900575 -62.8099 0.942596
0.900725 -62.7989 0.942746
0.900875 -62.7879 0.942896
0.901026 -62.7769 0.943047
0.901176 -62.7659 0.943197
0.901326 -62.7549 0.943347
0.901476  -62.744 0.943497
0.901626  -62.733 0.943647
0.901776  -62.722 0.943797
0.901926  -62.711 0.943947
0.902076    -62.7 0.944097
0.902226 -62.6891 0.944247
0.902376 -62.6781 0.944397
0.902526 -62.6671 0.944547
0.902676 -62.6562 0.944697
0.902826 -62.6452 0.944697
0.902976 -62.6343 0.944847
0.903127 -62.6233 0.944997
0.903277 -62.6124 0.945148
0.903427 -62.6014 0.945298
0.903577 -62.5905 0.945448
0.903727 -62.5795 0.945598
0.903877 -62.5686 0.945748
0.904027 -62.5577 0.945898
0.904177 -62.5468 0.946048
0.904327 -62.5358 0.946198
0.904477 -62.5249 0.946348
0.904627  -62.514 0.946498
0.904777 -62.5031 0.946648
0.904927 -62.4922 0.946798
0.905078 -62.4813 0.946948
0.905228 -62.4704 0.947099
0.905378 -62.4595 0.947249
0.905528 -62.4486 0.947399
0.905678 -62.4377 0.947549
0.905828 -62.4268 0.947699
0.905978 -62.4159 0.947849
0.906128  -62.405 0.947999
0.906278 -62.3941 0.948149
0.906428 -62.3833 0.948149
0.906578 -62.3724 0.948299
0.906728 -62.3615 0.948449
0.906878 -62.3507 0.948599
0.907029 -62.3398 0.948749
0.907179 -62.3289 0.948899
0.907329 -62.3181  0.94905
0.907479 -62.3072   0.9492
0.907629 -62.2964  0.94935
0.907779 -62.2855   0.9495
0.907929 -62.2747  0.94965
0.908079 -62.2639   0.9498
0.908229  -62.253  0.94995
0.908379 -62.2422   0.9501
0.908529 -62.2314  0.95025
0.908679 -62.2205   0.9504
0.908829 -62.2097  0.95055
0.908979 -62.1989   0.9507
 0.90913 -62.1881  0.95085
 0.90928 -62.1773 0.951001
 0.90943 -62.1665 0.951151
 0.90958 -62.1557 0.951301
 0.90973 -62.1449 0.951451
 0.90988 -62.1341 0.951601
 0.91003 -62.1233 0.951751
 0.91018 -62.1125 0.951751
 0.91033 -62.1017 0.951901
 0.91048 -62.0909 0.952051
 0.91063 -62.0801 0.952201
 0.91078 -62.0693 0.952351
 0.91093 -62.0586 0.952501
0.911081 -62.0478 0.952651
0.911231  -62.037 0.952801
0.911381 -62.0263 0.952951
0.911531 -62.0155 0.953102
0.911681 -62.0047 0.953252
0.911831  -61.994 0.953402
0.911981 -61.9832 0.953552
0.912131 -61.9725 0.953702
0.912281 -61.9617 0.953852
0.912431  -61.951 0.954002
0.912581 -61.9403 0.954152
0.912731 -61.9295 0.954302
0.912881 -61.9188 0.954452
0.913032 -61.9081 0.954602
0.913182 -61.8973 0.954752
0.913332 -61.8866 0.954902
0.913482 -61.8759 0.955053
0.913632 -61.8652 0.955203
0.913782 -61.8545 0.955353
0.913932 -61.8438 0.955353
0.914082 -61.8331 0.955503
0.914232 -61.8224 0.955653
0.914382 -61.8117 0.955803
0.914532  -61.801 0.955953
0.914682 -61.7903 0.956103
0.914832 -61.7796 0.956253
0.914982 -61.7689 0.956403
0.915133 -61.7582 0.956553
0.915283 -61.7475 0.956703
0.915433 -61.7369 0.956853
0.915583 -61.7262 0.957004
0.915733 -61.7155 0.957154
0.915883 -61.7049 0.957304
0.916033 -61.6942 0.957454
0.916183 -61.6835 0.957604
0.916333 -61.6729 0.957754
0.916483 -61.6622 0.957904
0.916633 -61.6516 0.958054
0.916783 -61.6409 0.958204
0.916933 -61.6303 0.958354
0.917084 -61.6197 0.958504
0.917234  -61.609 0.958654
0.917384 -61.5984 0.958804
0.917534 -61.5878 0.958954
0.917684 -61.5771 0.958954
0.917834 -61.5665 0.959105
0.917984 -61.5559 0.959255
0.918134 -61.5453 0.959405
0.918284 -61.5347 0.959555
0.918434 -61.5241 0.959705
0.918584 -61.5134 0.959855
0.918734 -61.5028 0.960005
0.918884 -61.4922 0.960155
0.919035 -61.4816 0.960305
0.919185 -61.4711 0.960455
0.919335 -61.4605 0.960605
0.919485 -61.4499 0.960755
0.919635 -61.4393 0.960905
0.919785 -61.4287 0.961056
0.919935 -61.4181 0.961206
0.920085 -61.4076 0.961356
0.920235  -61.397 0.961506
0.920385 -61.3864 0.961656
0.920535 -61.3759 0.961806
0.920685 -61.3653 0.961956
0.920835 -61.3547 0.962106
0.920985 -61.3442 0.962256
0.921136 -61.3336 0.962406
0.921286 -61.3231 0.962556
0.921436 -61.3125 0.962556
0.921586  -61.302 0.962706
0.921736 -61.2914 0.962856
0.921886 -61.2809 0.963007
0.922036 -61.2704 0.963157
0.922186 -61.2598 0.963307
0.922336 -61.2493 0.963457
0.922486 -61.2388 0.963607
0.922636 -61.2283 0.963757
0.922786 -61.2178 0.963907
0.922936 -61.2072 0.964057
0.923087 -61.1967 0.964207
0.923237 -61.1862 0.964357
0.923387 -61.1757 0.964507
0.923537 -61.1652 0.964657
0.923687 -61.1547 0.964807
0.923837 -61.1442 0.964957
0.923987 -61.1337 0.965108
0.924137 -61.1233 0.965258
0.924287 -61.1128 0.965408
0.924437 -61.1023 0.965558
0.924587 -61.0918 0.965708
0.924737 -61.0813 0.965858
0.924887 -61.0709 0.966008
0.925038 -61.0604 0.966158
0.925188 -61.0499 0.966308
0.925338 -61.0395 0.966308
0.925488  -61.029 0.966458
0.925638 -61.0185 0.966608
0.925788 -61.0081 0.966758
0.925938 -60.9976 0.966908
0.926088 -60.9872 0.967059
0.926238 -60.9767 0.967209
0.926388 -60.9663 0.967359
0.926538 -60.9559 0.967509
0.926688 -60.9454 0.967659
0.926838  -60.935 0.967809
0.926988 -60.9246 0.967959
0.927139 -60.9142 0.968109
0.927289 -60.9037 0.968259
0.927439 -60.8933 0.968409
0.927589 -60.8829 0.968559
0.927739 -60.8725 0.968709
0.927889 -60.8621 0.968859
0.928039 -60.8517  0.96901
0.928189 -60.8413  0.96916
0.928339 -60.8309  0.96931
0.928489 -60.8205  0.96946
0.928639 -60.8101  0.96961
0.928789 -60.7997  0.96976
0.928939 -60.7893  0.96991
 0.92909 -60.7789  0.97006
 0.92924 -60.7685  0.97006
 0.92939 -60.7581  0.97021
 0.92954 -60.7478  0.97036
 0.92969 -60.7374  0.97051
 0.92984  -60.727  0.97066
 0.92999 -60.7167  0.97081
 0.93014 -60.7063  0.97096
 0.93029 -60.6959 0.971111
 0.93044 -60.6856 0.971261
 0.93059 -60.6752 0.971411
 0.93074 -60.6649 0.971561
 0.93089 -60.6545 0.971711
0.931041 -60.6442 0.971861
0.931191 -60.6338 0.972011
0.931341 -60.6235 0.972161
0.931491 -60.6132 0.972311
0.931641 -60.6028 0.972461
0.931791 -60.5925 0.972611
0.931941 -60.5822 0.972761
0.932091 -60.5719 0.972911
0.932241 -60.5615 0.973062
0.932391 -60.5512 0.973212
0.932541 -60.5409 0.973362
0.932691 -60.5306 0.973512
0.932841 -60.5203 0.973662
0.932991   -60.51 0.973812
0.933142 -60.4997 0.973962
0.933292 -60.4894 0.973962
0.933442 -60.4791 0.974112
0.933592 -60.4688 0.974262
0.933742 -60.4585 0.974412
0.933892 -60.4482 0.974562
0.934042 -60.4379 0.974712
0.934192 -60.4277 0.974862
0.934342 -60.4174 0.975013
0.934492 -60.4071 0.975163
0.934642 -60.3968 0.975313
0.934792 -60.3866 0.975463
0.934942 -60.3763 0.975613
0.935093  -60.366 0.975763
0.935243 -60.3558 0.975913
0.935393 -60.3455 0.976063
0.935543 -60.3353 0.976213
0.935693  -60.325 0.976363
0.935843 -60.3148 0.976513
0.935993 -60.3045 0.976663
0.936143 -60.2943 0.976813
0.936293 -60.2841 0.976963
0.936443 -60.2738 0.977114
0.936593 -60.2636 0.977264
0.936743 -60.2534 0.977414
0.936893 -60.2431 0.977564
0.937044 -60.2329 0.977714
0.937194 -60.2227 0.977714
0.937344 -60.2125 0.977864
0.937494 -60.2023 0.978014
0.937644 -60.1921 0.978164
0.937794 -60.1819 0.978314
0.937944 -60.1717 0.978464
0.938094 -60.1615 0.978614
0.938244 -60.1513 0.978764
0.938394 -60.1411 0.978914
0.938544 -60.1309 0.979065
0.938694 -60.1207 0.979215
0.938844 -60.1105 0.979365
0.938994 -60.1003 0.979515
0.939145 -60.0901 0.979665
0.939295   -60.08 0.979815
0.939445 -60.0698 0.979965
0.939595 -60.0596 0.980115
0.939745 -60.0494 0.980265
0.939895 -60.0393 0.980415
0.940045 -60.0291 0.980565
0.940195  -60.019 0.980715
0.940345 -60.0088 0.980865
0.940495 -59.9986 0.981016
0.940645 -59.9885 0.981166
0.940795 -59.9784 0.981316
0.940945 -59.9682 0.981466
0.941096 -59.9581 0.981616
0.941246 -59.9479 0.981616
0.941396 -59.9378 0.981766
0.941546 -59.9277 0.981916
0.941696 -59.9175 0.982066
0.941846 -59.9074 0.982216
0.941996 -59.8973 0.982366
0.942146 -59.8872 0.982516
0.942296  -59.877 0.982666
0.942446 -59.8669 0.982816
0.942596 -59.8568 0.982966
0.942746 -59.8467 0.983117
0.942896 -59.8366 0.983267
0.943047 -59.8265 0.983417
0.943197 -59.8164 0.983567
0.943347 -59.8063 0.983717
0.943497 -59.7962 0.983867
0.943647 -59.7861 0.984017
0.943797  -59.776 0.984167
0.943947  -59.766 0.984317
0.944097 -59.7559 0.984467
0.944247 -59.7458 0.984617
0.944397 -59.7357 0.984767
0.944547 -59.7256 0.984917
0.944697 -59.7156 0.985068
0.944847 -59.7055 0.985218
0.944997 -59.6954 0.985368
0.945148 -59.6854 0.985518
0.945298 -59.6753 0.985518
0.945448 -59.6653 0.985668
0.945598 -59.6552 0.985818
0.945748 -59.6452 0.985968
0.945898 -59.6351 0.986118
0.946048 -59.6251 0.986268
0.946198  -59.615 0.986418
0.946348  -59.605 0.986568
0.946498  -59.595 0.986718
0.946648 -59.5849 0.986868
0.946798 -59.5749 0.987019
0.946948 -59.5649 0.987169
0.947099 -59.5549 0.987319
0.947249 -59.5448 0.987469
0.947399 -59.5348 0.987619
0.947549 -59.5248 0.987769
0.947699 -59.5148 0.987919
0.947849 -59.5048 0.988069
0.947999 -59.4948 0.988219
0.948149 -59.4848 0.988369
0.948299 -59.4748 0.988519
0.948449 -59.4648 0.988669
0.948599 -59.4548 0.988819
0.948749 -59.4448 0.988969
0.948899 -59.4348  0.98912
 0.94905 -59.4248  0.98927
  0.9492 -59.4148  0.98942
 0.94935 -59.4049  0.98942
  0.9495 -59.3949  0.98957
 0.94965 -59.3849  0.98972
  0.9498 -59.3749  0.98987
 0.94995  -59.365  0.99002
  0.9501  -59.355  0.99017
 0.95025 -59.3451  0.99032
  0.9504 -59.3351  0.99047
 0.95055 -59.3251  0.99062
  0.9507 -59.3152  0.99077
 0.95085 -59.3052  0.99092
0.951001 -59.2953 0.991071
0.951151 -59.2853 0.991221
0.951301 -59.2754 0.991371
0.951451 -59.2655 0.991521
0.951601 -59.2555 0.991671
0.951751 -59.2456 0.991821
0.951901 -59.2357 0.991971
0.952051 -59.2257 0.992121
0.952201 -59.2158 0.992271
0.952351 -59.2059 0.992421
0.952501  -59.196 0.992571
0.952651 -59.1861 0.992721
0.952801 -59.1761 0.992871
0.952951 -59.1662 0.993022
0.953102 -59.1563 0.993172
0.953252 -59.1464 0.993322
0.953402 -59.1365 0.993322
0.953552 -59.1266 0.993472
0.953702 -59.1167 0.993622
0.953852 -59.1068 0.993772
0.954002 -59.0969 0.993922
0.954152 -59.0871 0.994072
0.954302 -59.0772 0.994222
0.954452 -59.0673 0.994372
0.954602 -59.0574 0.994522
0.954752 -59.0475 0.994672
0.954902 -59.0377 0.994822
0.955053 -59.0278 0.994972
0.955203 -59.0179 0.995123
0.955353 -59.0081 0.995273
0.955503 -58.9982 0.995423
0.955653 -58.9883 0.995573
0.955803 -58.9785 0.995723
0.955953 -58.9686 0.995873
0.956103 -58.9588 0.996023
0.956253 -58.9489 0.996173
0.956403 -58.9391 0.996323
0.956553 -58.9293 0.996473
0.956703 -58.9194 0.996623
0.956853 -58.9096 0.996773
0.957004 -58.8998 0.996923
0.957154 -58.8899 0.997074
0.957304 -58.8801 0.997224
0.957454 -58.8703 0.997374
0.957604 -58.8605 0.997374
0.957754 -58.8506 0.997524
0.957904 -58.8408 0.997674
0.958054  -58.831 0.997824
0.958204 -58.8212 0.997974
0.958354 -58.8114 0.998124
0.958504 -58.8016 0.998274
0.958654 -58.7918 0.998424
0.958804  -58.782 0.998574
0.958954 -58.7722 0.998724
0.959105 -58.7624 0.998874
0.959255 -58.7526 0.999025
0.959405 -58.7428 0.999175
0.959555  -58.733 0.999325
0.959705 -58.7232 0.999475
0.959855 -58.7135 0.999625
0.960005 -58.7037 0.999775
0.960155 -58.6939 0.999925
0.960305 -58.6842  1.00008
0.960455 -58.6744  1.00023
0.960605 -58.6646  1.00038
0.960755 -58.6549  1.00053
0.960905 -58.6451  1.00068
0.961056 -58.6353  1.00083
0.961206 -58.6256  1.00098
0.961356 -58.6158  1.00113
0.961506 -58.6061  1.00128
0.961656 -58.5963  1.00128
0.961806 -58.5866  1.00143
0.961956 -58.5769  1.00158
0.962106 -58.5671  1.00173
0.962256 -58.5574  1.00188
0.962406 -58.5477  1.00203
0.962556 -58.5379  1.00218
0.962706 -58.5282  1.00233
0.962856 -58.5185  1.00248
0.963007 -58.5088  1.00263
0.963157  -58.499  1.00278
0.963307 -58.4893  1.00293
0.963457 -58.4796  1.00308
0.963607 -58.4699  1.00323
0.963757 -58.4602  1.00338
0.963907 -58.4505  1.00353
0.964057 -58.4408  1.00368
0.964207 -58.4311  1.00383
0.964357 -58.4214  1.00398
0.964507 -58.4117  1.00413
0.964657  -58.402  1.00428
0.964807 -58.3923  1.00443
0.964957 -58.3827  1.00458
0.965108  -58.373  1.00473
0.965258 -58.3633  1.00488
0.965408 -58.3536  1.00503
0.965558 -58.3439  1.00518
0.965708 -58.3343  1.00533
0.965858 -58.3246  1.00533
0.966008 -58.3149  1.00548
0.966158 -58.3053  1.00563
0.966308 -58.2956  1.00578
0.966458  -58.286  1.00593
0.966608 -58.2763  1.00608
0.966758 -58.2667  1.00623
0.966908  -58.257  1.00638
0.967059 -58.2474  1.00653
0.967209 -58.2377  1.00668
0.967359 -58.2281  1.00683
0.967509 -58.2184  1.00698
0.967659 -58.2088  1.00713
0.967809 -58.1992  1.00728
0.967959 -58.1896  1.00743
0.968109 -58.1799  1.00758
0.968259 -58.1703  1.00773
0.968409 -58.1607  1.00788
0.968559 -58.1511  1.00803
0.968709 -58.1415  1.00818
0.968859 -58.1318  1.00833
 0.96901 -58.1222  1.00848
 0.96916 -58.1126  1.00863
 0.96931  -58.103  1.00878
 0.96946 -58.0934  1.00893
 0.96961 -58.0838  1.00908
 0.96976 -58.0742  1.00923
 0.96991 -58.0646  1.00923
 0.97006  -58.055  1.00938
 0.97021 -58.0455  1.00953
 0.97036 -58.0359  1.00968
 0.97051 -58.0263  1.00983
 0.97066 -58.0167  1.00998
 0.97081 -58.0071  1.01013
 0.97096 -57.9976  1.01028
0.971111  -57.988  1.01043
0.971261 -57.9784  1.01058
0.971411 -57.9688  1.01073
0.971561 -57.9593  1.01088
0.971711 -57.9497  1.01103
0.971861 -57.9402  1.01118
0.972011 -57.9306  1.01133
0.972161 -57.9211  1.01148
0.972311 -57.9115  1.01163
0.972461  -57.902  1.01178
0.972611 -57.8924  1.01193
0.972761 -57.8829  1.01208
0.972911 -57.8733  1.01223
0.973062 -57.8638  1.01238
0.973212 -57.8543  1.01253
0.973362 -57.8447  1.01268
0.973512 -57.8352  1.01283
0.973662 -57.8257  1.01298
0.973812 -57.8162  1.01313
0.973962 -57.8066  1.01328
0.974112 -57.7971  1.01328
0.974262 -57.7876  1.01343
0.974412 -57.7781  1.01358
0.974562 -57.7686  1.01373
0.974712 -57.7591  1.01388
0.974862 -57.7496  1.01403
0.975013 -57.7401  1.01418
0.975163 -57.7306  1.01433
0.975313 -57.7211  1.01448
0.975463 -57.7116  1.01463
0.975613 -57.7021  1.01478
0.975763 -57.6926  1.01493
0.975913 -57.6831  1.01508
0.976063 -57.6737  1.01523
0.976213 -57.6642  1.01538
0.976363 -57.6547  1.01553
0.976513 -57.6452  1.01568
0.976663 -57.6358  1.01583
0.976813 -57.6263  1.01598
0.976963 -57.6168  1.01613
0.977114 -57.6074  1.01628
0.977264 -57.5979  1.01643
0.977414 -57.5884  1.01658
0.977564  -57.579  1.01673
0.977714 -57.5695  1.01688
0.977864 -57.5601  1.01703
0.978014 -57.5506  1.01703
0.978164 -57.5412  1.01718
0.978314 -57.5317  1.01733
0.978464 -57.5223  1.01748
0.978614 -57.5129  1.01763
0.978764 -57.5034  1.01778
0.978914  -57.494  1.01793
0.979065 -57.4846  1.01808
0.979215 -57.4752  1.01823
0.979365 -57.4657  1.01838
0.979515 -57.4563  1.01853
0.979665 -57.4469  1.01868
0.979815 -57.4375  1.01883
0.979965 -57.4281  1.01898
0.980115 -57.4187  1.01913
0.980265 -57.4092  1.01928
0.980415 -57.3998  1.01943
0.980565 -57.3904  1.01958
0.980715  -57.381  1.01973
0.980865 -57.3716  1.01988
0.981016 -57.3623  1.02004
0.981166 -57.3529  1.02019
0.981316 -57.3435  1.02034
0.981466 -57.3341  1.02049
0.981616 -57.3247  1.02064
0.981766 -57.3153  1.02079
0.981916 -57.3059  1.02094
0.982066 -57.2966  1.02109
0.982216 -57.2872  1.02109
0.982366 -57.2778  1.02124
0.982516 -57.2685  1.02139
0.982666 -57.2591  1.02154
0.982816 -57.2497  1.02169
0.982966 -57.2404  1.02184
0.983117  -57.231  1.02199
0.983267 -57.2217  1.02214
0.983417 -57.2123  1.02229
0.983567  -57.203  1.02244
0.983717 -57.1936  1.02259
0.983867 -57.1843  1.02274
0.984017 -57.1749  1.02289
0.984167 -57.1656  1.02304
0.984317 -57.1563  1.02319
0.984467 -57.1469  1.02334
0.984617 -57.1376  1.02349
0.984767 -57.1283  1.02364
0.984917 -57.1189  1.02379
0.985068 -57.1096  1.02394
0.985218 -57.1003  1.02409
0.985368  -57.091  1.02424
0.985518 -57.0817  1.02439
0.985668 -57.0724  1.02454
0.985818 -57.0631  1.02469
0.985968 -57.0537  1.02484
0.986118 -57.0444  1.02499
0.986268 -57.0351  1.02499
0.986418 -57.0258  1.02514
0.986568 -57.0165  1.02529
0.986718 -57.0072  1.02544
0.986868  -56.998  1.02559
0.987019 -56.9887  1.02574
0.987169 -56.9794  1.02589
0.987319 -56.9701  1.02604
0.987469 -56.9608  1.02619
0.987619 -56.9515  1.02634
0.987769 -56.9423  1.02649
0.987919  -56.933  1.02664
0.988069 -56.9237  1.02679
0.988219 -56.9145  1.02694
0.988369 -56.9052  1.02709
0.988519 -56.8959  1.02724
0.988669 -56.8867  1.02739
0.988819 -56.8774  1.02754
0.988969 -56.8682  1.02769
 0.98912 -56.8589  1.02784
 0.98927 -56.8497  1.02799
 0.98942 -56.8404  1.02814
 0.98957 -56.8312  1.02829
 0.98972 -56.8219  1.02844
 0.98987 -56.8127  1.02859
 0.99002 -56.8035  1.02874
 0.99017 -56.7942  1.02874
 0.99032  -56.785  1.02889
 0.99047 -56.7758  1.02904
 0.99062 -56.7665  1.02919
 0.99077 -56.7573  1.02934
 0.99092 -56.7481  1.02949
0.991071 -56.7389  1.02964
0.991221 -56.7297  1.02979
0.991371 -56.7204  1.02994
0.991521 -56.7112  1.03009
0.991671  -56.702  1.03024
0.991821 -56.6928  1.03039
0.991971 -56.6836  1.03054
0.992121 -56.6744  1.03069
0.992271 -56.6652  1.03084
0.992421  -56.656  1.03099
0.992571 -56.6468  1.03114
0.992721 -56.6376  1.03129
0.992871 -56.6285  1.03144
0.993022 -56.6193  1.03159
0.993172 -56.6101  1.03174
0.993322 -56.6009  1.03189
0.993472 -56.5917  1.03204
0.993622 -56.5826  1.03219
0.993772 -56.5734  1.03234
0.993922 -56.5642  1.03249
0.994072 -56.5551  1.03249
0.994222 -56.5459  1.03264
0.994372 -56.5367  1.03279
0.994522 -56.5276  1.03294
0.994672 -56.5184  1.03309
0.994822 -56.5093  1.03324
0.994972 -56.5001  1.03339
0.995123  -56.491  1.03354
0.995273 -56.4818  1.03369
0.995423 -56.4727  1.03384
0.995573 -56.4635  1.03399
0.995723 -56.4544  1.03414
0.995873 -56.4453  1.03429
0.996023 -56.4361  1.03444
0.996173  -56.427  1.03459
0.996323 -56.4179  1.03474
0.996473 -56.4087  1.03489
0.996623 -56.3996  1.03504
0.996773 -56.3905  1.03519
0.996923 -56.3814  1.03534
0.997074 -56.3723  1.03549
0.997224 -56.3632  1.03564
0.997374  -56.354  1.03579
0.997524 -56.3449  1.03594
0.997674 -56.3358  1.03609
0.997824 -56.3267  1.03624
0.997974 -56.3176  1.03624
0.998124 -56.3085  1.03639
0.998274 -56.2994  1.03654
0.998424 -56.2904  1.03669
0.998574 -56.2813  1.03684
0.998724 -56.2722  1.03699
0.998874 -56.2631  1.03714
0.999025  -56.254  1.03729
0.999175 -56.2449  1.03744
0.999325 -56.2359  1.03759
0.999475 -56.2268  1.03774
0.999625 -56.2177  1.03789
0.999775 -56.2086  1.03804
0.999925 -56.1996  1.03819
 1.00008 -56.1905  1.03834
 1.00023 -56.1814  1.03849
 1.00038 -56.1724  1.03864
 1.00053 -56.1633  1.03879
 1.00068 -56.1543  1.03894
 1.00083 -56.1452  1.03909
 1.00098 -56.1362  1.03924
 1.00113 -56.1271  1.03939
 1.00128 -56.1181  1.03954
 1.00143  -56.109  1.03969
 1.00158    -56.1  1.03984
 1.00173  -56.091  1.03999
 1.00188 -56.0819  1.04015
 1.00203 -56.0729  1.04015
 1.00218 -56.0639   1.0403
 1.00233 -56.0549  1.04045
 1.00248 -56.0458   1.0406
 1.00263 -56.0368  1.04075
 1.00278 -56.0278   1.0409
 1.00293 -56.0188  1.04105
 1.00308 -56.0098   1.0412
 1.00323 -56.0007  1.04135
 1.00338 -55.9917   1.0415
 1.00353 -55.9827  1.04165
 1.00368 -55.9737   1.0418
 1.00383 -55.9647  1.04195
 1.00398 -55.9557   1.0421
 1.00413 -55.9467  1.04225
 1.00428 -55.9377   1.0424
 1.00443 -55.9288  1.04255
 1.00458 -55.9198   1.0427
 1.00473 -55.9108  1.04285
 1.00488 -55.9018    1.043
 1.00503 -55.8928  1.04315
 1.00518 -55.8838   1.0433
 1.00533 -55.8749  1.04345
 1.00548 -55.8659   1.0436
 1.00563 -55.8569  1.04375
 1.00578  -55.848  1.04375
 1.00593  -55.839   1.0439
 1.00608   -55.83  1.04405
 1.00623 -55.8211   1.0442
 1.00638 -55.8121  1.04435
 1.00653 -55.8031   1.0445
 1.00668 -55.7942  1.04465
 1.00683 -55.7852   1.0448
 1.00698 -55.7763  1.04495
 1.00713 -55.7674   1.0451
 1.00728 -55.7584  1.04525
 1.00743 -55.7495   1.0454
 1.00758 -55.7405  1.04555
 1.00773 -55.7316   1.0457
 1.00788 -55.7227  1.04585
 1.00803 -55.7137    1.046
 1.00818 -55.7048  1.04615
 1.00833 -55.6959   1.0463
 1.00848  -55.687  1.04645
 1.00863  -55.678   1.0466
 1.00878 -55.6691  1.04675
 1.00893 -55.6602   1.0469
 1.00908 -55.6513  1.04705
 1.00923 -55.6424   1.0472
 1.00938 -55.6335  1.04735
 1.00953 -55.6246  1.04735
 1.00968 -55.6157   1.0475
 1.00983 -55.6068  1.04765
 1.00998 -55.5979   1.0478
 1.01013  -55.589  1.04795
 1.01028 -55.5801   1.0481
 1.01043 -55.5712  1.04825
 1.01058 -55.5623   1.0484
 1.01073 -55.5534  1.04855
 1.01088 -55.5445   1.0487
 1.01103 -55.5356  1.04885
 1.01118 -55.5268    1.049
 1.01133 -55.5179  1.04915
 1.01148  -55.509   1.0493
 1.01163 -55.5002  1.04945
 1.01178 -55.4913   1.0496
 1.01193 -55.4824  1.04975
 1.01208 -55.4736   1.0499
 1.01223 -55.4647  1.05005
 1.01238 -55.4558   1.0502
 1.01253  -55.447  1.05035
 1.01268 -55.4381   1.0505
 1.01283 -55.4293  1.05065
 1.01298 -55.4204   1.0508
 1.01313 -55.4116   1.0508
 1.01328 -55.4027  1.05095
 1.01343 -55.3939   1.0511
 1.01358 -55.3851  1.05125
 1.01373 -55.3762   1.0514
 1.01388 -55.3674  1.05155
 1.01403 -55.3586   1.0517
 1.01418 -55.3497  1.05185
 1.01433 -55.3409    1.052
 1.01448 -55.3321  1.05215
 1.01463 -55.3233   1.0523
 1.01478 -55.3144  1.05245
 1.01493 -55.3056   1.0526
 1.01508 -55.2968  1.05275
 1.01523  -55.288   1.0529
 1.01538 -55.2792  1.05305
 1.01553 -55.2704   1.0532
 1.01568 -55.2616  1.05335
 1.01583 -55.2528   1.0535
 1.01598  -55.244  1.05365
 1.01613 -55.2352   1.0538
 1.01628 -55.2264  1.05395
 1.01643 -55.2176   1.0541
 1.01658 -55.2088  1.05425
 1.01673    -55.2   1.0544
 1.01688 -55.1913   1.0544
 1.01703 -55.1825  1.05455
 1.01718 -55.1737   1.0547
 1.01733 -55.1649  1.05485
 1.01748 -55.1561    1.055
 1.01763 -55.1474  1.05515
 1.01778 -55.1386   1.0553
 1.01793 -55.1298  1.05545
 1.01808 -55.1211   1.0556
 1.01823 -55.1123  1.05575
 1.01838 -55.1035   1.0559
 1.01853 -55.0948  1.05605
 1.01868  -55.086   1.0562
 1.01883 -55.0773  1.05635
 1.01898 -55.0685   1.0565
 1.01913 -55.0598  1.05665
 1.01928  -55.051   1.0568
 1.01943 -55.0423  1.05695
 1.01958 -55.0336   1.0571
 1.01973 -55.0248  1.05725
 1.01988 -55.0161   1.0574
 1.02004 -55.0074  1.05755
 1.02019 -54.9986   1.0577
 1.02034 -54.9899   1.0577
 1.02049 -54.9812  1.05785
 1.02064 -54.9725    1.058
 1.02079 -54.9637  1.05815
 1.02094  -54.955   1.0583
 1.02109 -54.9463  1.05845
 1.02124 -54.9376   1.0586
 1.02139 -54.9289  1.05875
 1.02154 -54.9202   1.0589
 1.02169 -54.9115  1.05905
 1.02184 -54.9028   1.0592
 1.02199 -54.8941  1.05935
 1.02214 -54.8854   1.0595
 1.02229 -54.8767  1.05965
 1.02244  -54.868   1.0598
 1.02259 -54.8593  1.05995
 1.02274 -54.8506  1.06011
 1.02289 -54.8419  1.06026
 1.02304 -54.8332  1.06041
 1.02319 -54.8246  1.06056
 1.02334 -54.8159  1.06071
 1.02349 -54.8072  1.06086
 1.02364 -54.7985  1.06101
 1.02379 -54.7899  1.06101
 1.02394 -54.7812  1.06116
 1.02409 -54.7725  1.06131
 1.02424 -54.7639  1.06146
 1.02439 -54.7552  1.06161
 1.02454 -54.7465  1.06176
 1.02469 -54.7379  1.06191
 1.02484 -54.7292  1.06206
 1.02499 -54.7206  1.06221
 1.02514 -54.7119  1.06236
 1.02529 -54.7033  1.06251
 1.02544 -54.6946  1.06266
 1.02559  -54.686  1.06281
 1.02574 -54.6774  1.06296
 1.02589 -54.6687  1.06311
 1.02604 -54.6601  1.06326
 1.02619 -54.6515  1.06341
 1.02634 -54.6428  1.06356
 1.02649 -54.6342  1.06371
 1.02664 -54.6256  1.06386
 1.02679  -54.617  1.06401
 1.02694 -54.6083  1.06416
 1.02709 -54.5997  1.06416
 1.02724 -54.5911  1.06431
 1.02739 -54.5825  1.06446
 1.02754 -54.5739  1.06461
 1.02769 -54.5653  1.06476
 1.02784 -54.5567  1.06491
 1.02799 -54.5481  1.06506
 1.02814 -54.5395  1.06521
 1.02829 -54.5309  1.06536
 1.02844 -54.5223  1.06551
 1.02859 -54.5137  1.06566
 1.02874 -54.5051  1.06581
 1.02889 -54.4965  1.06596
 1.02904 -54.4879  1.06611
 1.02919 -54.4794  1.06626
 1.02934 -54.4708  1.06641
 1.02949 -54.4622  1.06656
 1.02964 -54.4536  1.06671
 1.02979  -54.445  1.06686
 1.02994 -54.4365  1.06701
 1.03009 -54.4279  1.06716
 1.03024 -54.4193  1.06731
 1.03039 -54.4108  1.06731
 1.03054 -54.4022  1.06746
 1.03069 -54.3937  1.06761
 1.03084 -54.3851  1.06776
 1.03099 -54.3766  1.06791
 1.03114  -54.368  1.06806
 1.03129 -54.3595  1.06821
 1.03144 -54.3509  1.06836
 1.03159 -54.3424  1.06851
 1.03174 -54.3338  1.06866
 1.03189 -54.3253  1.06881
 1.03204 -54.3168  1.06896
 1.03219 -54.3082  1.06911
 1.03234 -54.2997  1.06926
 1.03249 -54.2912  1.06941
 1.03264 -54.2826  1.06956
 1.03279 -54.2741  1.06971
 1.03294 -54.2656  1.06986
 1.03309 -54.2571  1.07001
 1.03324 -54.2486  1.07016
 1.03339   -54.24  1.07031
 1.03354 -54.2315  1.07031
 1.03369  -54.223  1.07046
 1.03384 -54.2145  1.07061
 1.03399  -54.206  1.07076
 1.03414 -54.1975  1.07091
 1.03429  -54.189  1.07106
 1.03444 -54.1805  1.07121
 1.03459  -54.172  1.07136
 1.03474 -54.1635  1.07151
 1.03489  -54.155  1.07166
 1.03504 -54.1465  1.07181
 1.03519 -54.1381  1.07196
 1.03534 -54.1296  1.07211
 1.03549 -54.1211  1.07226
 1.03564 -54.1126  1.07241
 1.03579 -54.1041  1.07256
 1.03594 -54.0957  1.07271
 1.03609 -54.0872  1.07286
 1.03624 -54.0787  1.07301
 1.03639 -54.0703  1.07316
 1.03654 -54.0618  1.07331
 1.03669 -54.0533  1.07346
 1.03684 -54.0449  1.07346
 1.03699 -54.0364  1.07361
 1.03714  -54.028  1.07376
 1.03729 -54.0195  1.07391
 1.03744 -54.0111  1.07406
 1.03759 -54.0026  1.07421
 1.03774 -53.9942  1.07436
 1.03789 -53.9857  1.07451
 1.03804 -53.9773  1.07466
 1.03819 -53.9689  1.07481
 1.03834 -53.9604  1.07496
 1.03849  -53.952  1.07511
 1.03864 -53.9436  1.07526
 1.03879 -53.9351  1.07541
 1.03894 -53.9267  1.07556
 1.03909 -53.9183  1.07571
 1.03924 -53.9099  1.07586
 1.03939 -53.9015  1.07601
 1.03954  -53.893  1.07616
 1.03969 -53.8846  1.07631
 1.03984 -53.8762  1.07631
 1.03999 -53.8678  1.07646
 1.04015 -53.8594  1.07661
  1.0403  -53.851  1.07676
 1.04045 -53.8426  1.07691
  1.0406 -53.8342  1.07706
 1.04075 -53.8258  1.07721
  1.0409 -53.8174  1.07736
 1.04105  -53.809  1.07751
  1.0412 -53.8006  1.07766
 1.04135 -53.7923  1.07781
  1.0415 -53.7839  1.07796
 1.04165 -53.7755  1.07811
  1.0418 -53.7671  1.07826
 1.04195 -53.7587  1.07841
  1.0421 -53.7504  1.07856
 1.04225  -53.742  1.07871
  1.0424 -53.7336  1.07886
 1.04255 -53.7253  1.07901
  1.0427 -53.7169  1.07916
 1.04285 -53.7085  1.07916
   1.043 -53.7002  1.07931
 1.04315 -53.6918  1.07946
  1.0433 -53.6835  1.07961
 1.04345 -53.6751  1.07976
  1.0436 -53.6668  1.07991
 1.04375 -53.6584  1.08007
  1.0439 -53.6501  1.08022
 1.04405 -53.6417  1.08037
  1.0442 -53.6334  1.08052
 1.04435  -53.625  1.08067
  1.0445 -53.6167  1.08082
 1.04465 -53.6084  1.08097
  1.0448    -53.6  1.08112
 1.04495 -53.5917  1.08127
  1.0451 -53.5834  1.08142
 1.04525 -53.5751  1.08157
  1.0454 -53.5668  1.08172
 1.04555 -53.5584  1.08187
  1.0457 -53.5501  1.08187
 1.04585 -53.5418  1.08202
   1.046 -53.5335  1.08217
 1.04615 -53.5252  1.08232
  1.0463 -53.5169  1.08247
 1.04645 -53.5086  1.08262
  1.0466 -53.5003  1.08277
 1.04675  -53.492  1.08292
  1.0469 -53.4837  1.08307
 1.04705 -53.4754  1.08322
  1.0472 -53.4671  1.08337
 1.04735 -53.4588  1.08352
  1.0475 -53.4505  1.08367
 1.04765 -53.4422  1.08382
  1.0478  -53.434  1.08397
 1.04795 -53.4257  1.08412
  1.0481 -53.4174  1.08427
 1.04825 -53.4091  1.08442
  1.0484 -53.4009  1.08442
 1.04855 -53.3926  1.08457
  1.0487 -53.3843  1.08472
 1.04885 -53.3761  1.08487
   1.049 -53.3678  1.08502
 1.04915 -53.3595  1.08517
  1.0493 -53.3513  1.08532
 1.04945  -53.343  1.08547
  1.0496 -53.3348  1.08562
 1.04975 -53.3265  1.08577
  1.0499 -53.3183  1.08592
 1.05005   -53.31  1.08607
  1.0502 -53.3018  1.08622
 1.05035 -53.2935  1.08637
  1.0505 -53.2853  1.08652
 1.05065 -53.2771  1.08667
  1.0508 -53.2688  1.08682
 1.05095 -53.2606  1.08697
  1.0511 -53.2524  1.08697
 1.05125 -53.2442  1.08712
  1.0514 -53.2359  1.08727
 1.05155 -53.2277  1.08742
  1.0517 -53.2195  1.08757
 1.05185 -53.2113  1.08772
   1.052 -53.2031  1.08787
 1.05215 -53.1949  1.08802
  1.0523 -53.1866  1.08817
 1.05245 -53.1784  1.08832
  1.0526 -53.1702  1.08847
 1.05275  -53.162  1.08862
  1.0529 -53.1538  1.08877
 1.05305 -53.1456  1.08892
  1.0532 -53.1374  1.08907
 1.05335 -53.1293  1.08922
  1.0535 -53.1211  1.08937
 1.05365 -53.1129  1.08952
  1.0538 -53.1047  1.08952
 1.05395 -53.0965  1.08967
  1.0541 -53.0883  1.08982
 1.05425 -53.0802  1.08997
  1.0544  -53.072  1.09012
 1.05455 -53.0638  1.09027
  1.0547 -53.0556  1.09042
 1.05485 -53.0475  1.09057
   1.055 -53.0393  1.09072
 1.05515 -53.0311  1.09087
  1.0553  -53.023  1.09102
 1.05545 -53.0148  1.09117
  1.0556 -53.0067  1.09132
 1.05575 -52.9985  1.09147
  1.0559 -52.9904  1.09162
 1.05605 -52.9822  1.09177
  1.0562 -52.9741  1.09192
 1.05635 -52.9659  1.09192
  1.0565 -52.9578  1.09207
 1.05665 -52.9497  1.09222
  1.0568 -52.9415  1.09237
 1.05695 -52.9334  1.09252
  1.0571 -52.9253  1.09267
 1.05725 -52.9171  1.09282
  1.0574  -52.909  1.09297
 1.05755 -52.9009  1.09312
  1.0577 -52.8928  1.09327
 1.05785 -52.8846  1.09342
   1.058 -52.8765  1.09357
 1.05815 -52.8684  1.09372
  1.0583 -52.8603  1.09387
 1.05845 -52.8522  1.09387
  1.0586 -52.8441  1.09402
 1.05875  -52.836  1.09417
  1.0589 -52.8279  1.09432
 1.05905 -52.8198  1.09447
  1.0592 -52.8117  1.09462
 1.05935 -52.8036  1.09477
  1.0595 -52.7955  1.09492
 1.05965 -52.7874  1.09507
  1.0598 -52.7794  1.09522
 1.05995 -52.7713  1.09537
 1.06011 -52.7632  1.09552
 1.06026 -52.7551  1.09567
 1.06041  -52.747  1.09582
 1.06056  -52.739  1.09597
 1.06071 -52.7309  1.09597
 1.06086 -52.7228  1.09612
 1.06101 -52.7148  1.09627
 1.06116 -52.7067  1.09642
 1.06131 -52.6987  1.09657
 1.06146 -52.6906  1.09672
 1.06161 -52.6826  1.09687
 1.06176 -52.6745  1.09702
 1.06191 -52.6665  1.09717
 1.06206 -52.6584  1.09732
 1.06221 -52.6504  1.09747
 1.06236 -52.6423  1.09762
 1.06251 -52.6343  1.09777
 1.06266 -52.6263  1.09792
 1.06281 -52.6182  1.09792
 1.06296 -52.6102  1.09807
 1.06311 -52.6022  1.09822
 1.06326 -52.5941  1.09837
 1.06341 -52.5861  1.09852
 1.06356 -52.5781  1.09867
 1.06371 -52.5701  1.09882
 1.06386 -52.5621  1.09897
 1.06401  -52.554  1.09912
 1.06416  -52.546  1.09927
 1.06431  -52.538  1.09942
 1.06446   -52.53  1.09957
 1.06461  -52.522  1.09972
 1.06476  -52.514  1.09972
 1.06491  -52.506  1.09987
 1.06506  -52.498  1.10003
 1.06521   -52.49  1.10018
 1.06536 -52.4821  1.10033
 1.06551 -52.4741  1.10048
 1.06566 -52.4661  1.10063
 1.06581 -52.4581  1.10078
 1.06596 -52.4501  1.10093
 1.06611 -52.4421  1.10108
 1.06626 -52.4342  1.10123
 1.06641 -52.4262  1.10138
 1.06656 -52.4182  1.10153
 1.06671 -52.4103  1.10168
 1.06686 -52.4023  1.10168
 1.06701 -52.3943  1.10183
 1.06716 -52.3864  1.10198
 1.06731 -52.3784  1.10213
 1.06746 -52.3705  1.10228
 1.06761 -52.3625  1.10243
 1.06776 -52.3546  1.10258
 1.06791 -52.3466  1.10273
 1.06806 -52.3387  1.10288
 1.06821 -52.3307  1.10303
 1.06836 -52.3228  1.10318
 1.06851 -52.3149  1.10333
 1.06866 -52.3069  1.10348
 1.06881  -52.299  1.10348
 1.06896 -52.2911  1.10363
 1.06911 -52.2832  1.10378
 1.06926 -52.2752  1.10393
 1.06941 -52.2673  1.10408
 1.06956 -52.2594  1.10423
 1.06971 -52.2515  1.10438
 1.06986 -52.2436  1.10453
 1.07001 -52.2357  1.10468
 1.07016 -52.2278  1.10483
 1.07031 -52.2199  1.10498
 1.07046  -52.212  1.10513
 1.07061 -52.2041  1.10528
 1.07076 -52.1962  1.10528
 1.07091 -52.1883  1.10543
 1.07106 -52.1804  1.10558
 1.07121 -52.1725  1.10573
 1.07136 -52.1646  1.10588
 1.07151 -52.1567  1.10603
 1.07166 -52.1488  1.10618
 1.07181 -52.1409  1.10633
 1.07196 -52.1331  1.10648
 1.07211 -52.1252  1.10663
 1.07226 -52.1173  1.10678
 1.07241 -52.1095  1.10693
 1.07256 -52.1016  1.10708
 1.07271 -52.0937  1.10708
 1.07286 -52.0859  1.10723
 1.07301  -52.078  1.10738
 1.07316 -52.0702  1.10753
 1.07331 -52.0623  1.10768
 1.07346 -52.0545  1.10783
 1.07361 -52.0466  1.10798
 1.07376 -52.0388  1.10813
 1.07391 -52.0309  1.10828
 1.07406 -52.0231  1.10843
 1.07421 -52.0152  1.10858
 1.07436 -52.0074  1.10873
 1.07451 -51.9996  1.10888
 1.07466 -51.9917  1.10888
 1.07481 -51.9839  1.10903
 1.07496 -51.9761  1.10918
 1.07511 -51.9683  1.10933
 1.07526 -51.9604  1.10948
 1.07541 -51.9526  1.10963
 1.07556 -51.9448  1.10978
 1.07571  -51.937  1.10993
 1.07586 -51.9292  1.11008
 1.07601 -51.9214  1.11023
 1.07616 -51.9136  1.11038
 1.07631 -51.9058  1.11053
 1.07646  -51.898  1.11053
 1.07661 -51.8902  1.11068
 1.07676 -51.8824  1.11083
 1.07691 -51.8746  1.11098
 1.07706 -51.8668  1.11113
 1.07721  -51.859  1.11128
 1.07736 -51.8512  1.11143
 1.07751 -51.8435  1.11158
 1.07766 -51.8357  1.11173
 1.07781 -51.8279  1.11188
 1.07796 -51.8201  1.11203
 1.07811 -51.8124  1.11218
 1.07826 -51.8046  1.11218
 1.07841 -51.7968  1.11233
 1.07856 -51.7891  1.11248
 1.07871 -51.7813  1.11263
 1.07886 -51.7735  1.11278
 1.07901 -51.7658  1.11293
 1.07916  -51.758  1.11308
 1.07931 -51.7503  1.11323
 1.07946 -51.7425  1.11338
 1.07961 -51.7348  1.11353
 1.07976 -51.7271  1.11368
 1.07991 -51.7193  1.11368
 1.08007 -51.7116  1.11383
 1.08022 -51.7038  1.11398
 1.08037 -51.6961  1.11413
 1.08052 -51.6884  1.11428
 1.08067 -51.6807  1.11443
 1.08082 -51.6729  1.11458
 1.08097 -51.6652  1.11473
 1.08112 -51.6575  1.11488
 1.08127 -51.6498  1.11503
 1.08142 -51.6421  1.11518
 1.08157 -51.6344  1.11518
 1.08172 -51.6267  1.11533
 1.08187 -51.6189  1.11548
 1.08202 -51.6112  1.11563
 1.08217 -51.6035  1.11578
 1.08232 -51.5959  1.11593
 1.08247 -51.5882  1.11608
 1.08262 -51.5805  1.11623
 1.08277 -51.5728  1.11638
 1.08292 -51.5651  1.11653
 1.08307 -51.5574  1.11653
 1.08322 -51.5497  1.11668
 1.08337 -51.5421  1.11683
 1.08352 -51.5344  1.11698
 1.08367 -51.5267  1.11713
 1.08382  -51.519  1.11728
 1.08397 -51.5114  1.11743
 1.08412 -51.5037  1.11758
 1.08427  -51.496  1.11773
 1.08442 -51.4884  1.11788
 1.08457 -51.4807  1.11803
 1.08472 -51.4731  1.11803
 1.08487 -51.4654  1.11818
 1.08502 -51.4578  1.11833
 1.08517 -51.4501  1.11848
 1.08532 -51.4425  1.11863
 1.08547 -51.4349  1.11878
 1.08562 -51.4272  1.11893
 1.08577 -51.4196  1.11908
 1.08592  -51.412  1.11923
 1.08607 -51.4043  1.11938
 1.08622 -51.3967  1.11938
 1.08637 -51.3891  1.11953
 1.08652 -51.3815  1.11968
 1.08667 -51.3738  1.11983
 1.08682 -51.3662  1.11998
 1.08697 -51.3586  1.12014
 1.08712  -51.351  1.12029
 1.08727 -51.3434  1.12044
 1.08742 -51.3358  1.12059
 1.08757 -51.3282  1.12059
 1.08772 -51.3206  1.12074
 1.08787  -51.313  1.12089
 1.08802 -51.3054  1.12104
 1.08817 -51.2978  1.12119
 1.08832 -51.2902  1.12134
 1.08847 -51.2827  1.12149
 1.08862 -51.2751  1.12164
 1.08877 -51.2675  1.12179
 1.08892 -51.2599  1.12179
 1.08907 -51.2524  1.12194
 1.08922 -51.2448  1.12209
 1.08937 -51.2372  1.12224
 1.08952 -51.2297  1.12239
 1.08967 -51.2221  1.12254
 1.08982 -51.2145  1.12269
 1.08997  -51.207  1.12284
 1.09012 -51.1994  1.12299
 1.09027 -51.1919  1.12314
 1.09042 -51.1843  1.12314
 1.09057 -51.1768  1.12329
 1.09072 -51.1692  1.12344
 1.09087 -51.1617  1.12359
 1.09102 -51.1542  1.12374
 1.09117 -51.1466  1.12389
 1.09132 -51.1391  1.12404
 1.09147 -51.1316  1.12419
 1.09162  -51.124  1.12434
 1.09177 -51.1165  1.12434
 1.09192  -51.109  1.12449
 1.09207 -51.1015  1.12464
 1.09222  -51.094  1.12479
 1.09237 -51.0865  1.12494
 1.09252  -51.079  1.12494
 1.09267 -51.0715  1.12509
 1.09282  -51.064  1.12524
 1.09297 -51.0565  1.12539
 1.09312  -51.049  1.12554
 1.09327 -51.0415  1.12554
 1.09342  -51.034  1.12569
 1.09357 -51.0265  1.12584
 1.09372 -51.0191  1.12599
 1.09387 -51.0116  1.12614
 1.09402 -51.0041  1.12629
 1.09417 -50.9967  1.12629
 1.09432 -50.9892  1.12644
 1.09447 -50.9818  1.12659
 1.09462 -50.9743  1.12674
 1.09477 -50.9669  1.12689
 1.09492 -50.9594  1.12689
 1.09507  -50.952  1.12704
 1.09522 -50.9445  1.12719
 1.09537 -50.9371  1.12734
 1.09552 -50.9297  1.12749
 1.09567 -50.9223  1.12749
 1.09582 -50.9148  1.12764
 1.09597 -50.9074  1.12779
 1.09612    -50.9  1.12794
 1.09627 -50.8926  1.12809
 1.09642 -50.8852  1.12809
 1.09657 -50.8778  1.12824
 1.09672 -50.8704  1.12839
 1.09687  -50.863  1.12854
 1.09702 -50.8556  1.12869
 1.09717 -50.8482  1.12884
 1.09732 -50.8408  1.12884
 1.09747 -50.8334  1.12899
 1.09762 -50.8261  1.12914
 1.09777 -50.8187  1.12929
 1.09792 -50.8113  1.12944
 1.09807 -50.8039  1.12944
 1.09822 -50.7966  1.12959
 1.09837 -50.7892  1.12974
 1.09852 -50.7819  1.12989
 1.09867 -50.7745  1.13004
 1.09882 -50.7672  1.13004
 1.09897 -50.7598  1.13019
 1.09912 -50.7525  1.13034
 1.09927 -50.7451  1.13049
 1.09942 -50.7378  1.13064
 1.09957 -50.7305  1.13079
 1.09972 -50.7232  1.13079
 1.09987 -50.7158  1.13094
 1.10003 -50.7085  1.13109
 1.10018 -50.7012  1.13124
 1.10033 -50.6939  1.13139
 1.10048 -50.6866  1.13139
 1.10063 -50.6793  1.13154
 1.10078  -50.672  1.13169
 1.10093 -50.6647  1.13184
 1.10108 -50.6574  1.13199
 1.10123 -50.6501  1.13199
 1.10138 -50.6428  1.13214
 1.10153 -50.6355  1.13229
 1.10168 -50.6282  1.13244
 1.10183  -50.621  1.13259
 1.10198 -50.6137  1.13274
 1.10213 -50.6064  1.13274
 1.10228 -50.5991  1.13289
 1.10243 -50.5919  1.13304
 1.10258 -50.5846  1.13319
 1.10273 -50.5774  1.13334
 1.10288 -50.5701  1.13334
 1.10303 -50.5629  1.13349
 1.10318 -50.5556  1.13364
 1.10333 -50.5484  1.13379
 1.10348 -50.5411  1.13394
 1.10363 -50.5339  1.13394
 1.10378 -50.5267  1.13409
 1.10393 -50.5195  1.13424
 1.10408 -50.5122  1.13439
 1.10423  -50.505  1.13454
 1.10438 -50.4978  1.13454
 1.10453 -50.4906  1.13469
 1.10468 -50.4834  1.13484
 1.10483 -50.4762  1.13499
 1.10498  -50.469  1.13514
 1.10513 -50.4618  1.13514
 1.10528 -50.4546  1.13529
 1.10543 -50.4474  1.13544
 1.10558 -50.4402  1.13559
 1.10573  -50.433  1.13574
 1.10588 -50.4259  1.13574
 1.10603 -50.4187  1.13589
 1.10618 -50.4115  1.13604
 1.10633 -50.4043  1.13619
 1.10648 -50.3972  1.13634
 1.10663   -50.39  1.13634
 1.10678 -50.3829  1.13649
 1.10693 -50.3757  1.13664
 1.10708 -50.3686  1.13679
 1.10723 -50.3614  1.13694
 1.10738 -50.3543  1.13709
 1.10753 -50.3471  1.13709
 1.10768   -50.34  1.13724
 1.10783 -50.3329  1.13739
 1.10798 -50.3257  1.13754
 1.10813 -50.3186  1.13769
 1.10828 -50.3115  1.13769
 1.10843 -50.3044  1.13784
 1.10858 -50.2973  1.13799
 1.10873 -50.2901  1.13814
 1.10888  -50.283  1.13829
 1.10903 -50.2759  1.13829
 1.10918 -50.2688  1.13844
 1.10933 -50.2617  1.13859
 1.10948 -50.2546  1.13874
 1.10963 -50.2476  1.13889
 1.10978 -50.2405  1.13889
 1.10993 -50.2334  1.13904
 1.11008 -50.2263  1.13919
 1.11023 -50.2192  1.13934
 1.11038 -50.2122  1.13949
 1.11053 -50.2051  1.13949
 1.11068  -50.198  1.13964
 1.11083  -50.191  1.13979
 1.11098 -50.1839  1.13994
 1.11113 -50.1769   1.1401
 1.11128 -50.1698   1.1401
 1.11143 -50.1628  1.14025
 1.11158 -50.1557   1.1404
 1.11173 -50.1487  1.14055
 1.11188 -50.1416   1.1407
 1.11203 -50.1346   1.1407
 1.11218 -50.1276  1.14085
 1.11233 -50.1206    1.141
 1.11248 -50.1135  1.14115
 1.11263 -50.1065   1.1413
 1.11278 -50.0995   1.1413
 1.11293 -50.0925  1.14145
 1.11308 -50.0855   1.1416
 1.11323 -50.0785  1.14175
 1.11338 -50.0715  1.14175
 1.11353 -50.0645   1.1419
 1.11368 -50.0575  1.14205
 1.11383 -50.0505   1.1422
 1.11398 -50.0435  1.14235
 1.11413 -50.0366  1.14235
 1.11428 -50.0296   1.1425
 1.11443 -50.0226  1.14265
 1.11458 -50.0156   1.1428
 1.11473 -50.0087  1.14295
 1.11488 -50.0017  1.14295
 1.11503 -49.9947   1.1431
 1.11518 -49.9878  1.14325
 1.11533 -49.9808   1.1434
 1.11548 -49.9739  1.14355
 1.11563 -49.9669  1.14355
 1.11578   -49.96   1.1437
 1.11593  -49.953  1.14385
 1.11608 -49.9461    1.144
 1.11623 -49.9392  1.14415
 1.11638 -49.9323  1.14415
 1.11653 -49.9253   1.1443
 1.11668 -49.9184  1.14445
 1.11683 -49.9115   1.1446
 1.11698 -49.9046  1.14475
 1.11713 -49.8977  1.14475
 1.11728 -49.8908   1.1449
 1.11743 -49.8838  1.14505
 1.11758 -49.8769   1.1452
 1.11773 -49.8701   1.1452
 1.11788 -49.8632  1.14535
 1.11803 -49.8563   1.1455
 1.11818 -49.8494  1.14565
 1.11833 -49.8425  1.14565
 1.11848 -49.8356   1.1458
 1.11863 -49.8288  1.14595
 1.11878 -49.8219   1.1461
 1.11893  -49.815   1.1461
 1.11908 -49.8082  1.14625
 1.11923 -49.8013   1.1464
 1.11938 -49.7945   1.1464
 1.11953 -49.7876  1.14655
 1.11968 -49.7808   1.1467
 1.11983  -49.774  1.14685
 1.11998 -49.7671  1.14685
 1.12014 -49.7603    1.147
 1.12029 -49.7535  1.14715
 1.12044 -49.7467   1.1473
 1.12059 -49.7398   1.1473
 1.12074  -49.733  1.14745
 1.12089 -49.7262   1.1476
 1.12104 -49.7194   1.1476
 1.12119 -49.7126  1.14775
 1.12134 -49.7058   1.1479
 1.12149  -49.699  1.14805
 1.12164 -49.6923  1.14805
 1.12179 -49.6855   1.1482
 1.12194 -49.6787  1.14835
 1.12209 -49.6719   1.1485
 1.12224 -49.6652   1.1485
 1.12239 -49.6584  1.14865
 1.12254 -49.6516   1.1488
 1.12269 -49.6449   1.1488
 1.12284 -49.6381  1.14895
 1.12299 -49.6314   1.1491
 1.12314 -49.6246  1.14925
 1.12329 -49.6179  1.14925
 1.12344 -49.6112   1.1494
 1.12359 -49.6044  1.14955
 1.12374 -49.5977   1.1497
 1.12389  -49.591   1.1497
 1.12404 -49.5843  1.14985
 1.12419 -49.5775     1.15
 1.12434 -49.5708     1.15
 1.12449 -49.5641     1.15
 1.12464 -49.5574     1.15
 1.12479 -49.5508     1.15
 1.12494 -49.5441     1.15
 1.12509 -49.5375     1.15
 1.12524 -49.5308     1.15
 1.12539 -49.5242     1.15
 1.12554 -49.5176     1.15
 1.12569  -49.511     1.15
 1.12584 -49.5044     1.15
 1.12599 -49.4978     1.15
 1.12614 -49.4912     1.15
 1.12629 -49.4847     1.15
 1.12644 -49.4781     1.15
 1.12659 -49.4716     1.15
 1.12674 -49.4651     1.15
 1.12689 -49.4585     1.15
 1.12704  -49.452     1.15
 1.12719 -49.4456     1.15
 1.12734 -49.4391     1.15
 1.12749 -49.4326     1.15
 1.12764 -49.4262     1.15
 1.12779 -49.4197     1.15
 1.12794 -49.4133     1.15
 1.12809 -49.4068     1.15
 1.12824 -49.4004     1.15
 1.12839  -49.394     1.15
 1.12854 -49.3876     1.15
 1.12869 -49.3813     1.15
 1.12884 -49.3749     1.15
 1.12899 -49.3685     1.15
 1.12914 -49.3622     1.15
 1.12929 -49.3559     1.15
 1.12944 -49.3495     1.15
 1.12959 -49.3432     1.15
 1.12974 -49.3369     1.15
 1.12989 -49.3306     1.15
 1.13004 -49.3244     1.15
 1.13019 -49.3181     1.15
 1.13034 -49.3118     1.15
 1.13049 -49.3056     1.15
 1.13064 -49.2994     1.15
 1.13079 -49.2931     1.15
 1.13094 -49.2869     1.15
 1.13109 -49.2807     1.15
 1.13124 -49.2745     1.15
 1.13139 -49.2683     1.15
 1.13154 -49.2622     1.15
 1.13169  -49.256     1.15
 1.13184 -49.2498     1.15
 1.13199 -49.2437     1.15
 1.13214 -49.2376     1.15
 1.13229 -49.2315     1.15
 1.13244 -49.2254     1.15
 1.13259 -49.2193     1.15
 1.13274 -49.2132     1.15
 1.13289 -49.2071     1.15
 1.13304  -49.201     1.15
 1.13319  -49.195     1.15
 1.13334 -49.1889     1.15
 1.13349 -49.1829     1.15
 1.13364 -49.1769     1.15
 1.13379 -49.1709     1.15
 1.13394 -49.1648     1.15
 1.13409 -49.1589     1.15
 1.13424 -49.1529     1.15
 1.13439 -49.1469     1.15
 1.13454 -49.1409     1.15
 1.13469  -49.135     1.15
 1.13484  -49.129     1.15
 1.13499 -49.1231     1.15
 1.13514 -49.1172     1.15
 1.13529 -49.1113     1.15
 1.13544 -49.1054     1.15
 1.13559 -49.0995     1.15
 1.13574 -49.0936     1.15
 1.13589 -49.0877     1.15
 1.13604 -49.0819     1.15
 1.13619  -49.076     1.15
 1.13634 -49.0702     1.15
 1.13649 -49.0643     1.15
 1.13664 -49.0585     1.15
 1.13679 -49.0527     1.15
 1.13694 -49.0469     1.15
 1.13709 -49.0411     1.15
 1.13724 -49.0353     1.15
 1.13739 -49.0296     1.15
 1.13754 -49.0238     1.15
 1.13769  -49.018     1.15
 1.13784 -49.0123     1.15
 1.13799 -49.0066     1.15
 1.13814 -49.0008     1.15
 1.13829 -48.9951     1.15
 1.13844 -48.9894     1.15
 1.13859 -48.9837     1.15
 1.13874  -48.978     1.15
 1.13889 -48.9724     1.15
 1.13904 -48.9667     1.15
 1.13919  -48.961     1.15
 1.13934 -48.9554     1.15
 1.13949 -48.9498     1.15
 1.13964 -48.9441     1.15
 1.13979 -48.9385     1.15
 1.13994 -48.9329     1.15
  1.1401 -48.9273     1.15
 1.14025 -48.9217     1.15
  1.1404 -48.9161     1.15
 1.14055 -48.9106     1.15
  1.1407  -48.905     1.15
 1.14085 -48.8995     1.15
   1.141 -48.8939     1.15
 1.14115 -48.8884     1.15
  1.1413 -48.8829     1.15
 1.14145 -48.8774     1.15
  1.1416 -48.8718     1.15
 1.14175 -48.8664     1.15
  1.1419 -48.8609     1.15
 1.14205 -48.8554     1.15
  1.1422 -48.8499     1.15
 1.14235 -48.8445     1.15
  1.1425  -48.839     1.15
 1.14265 -48.8336     1.15
  1.1428 -48.8281     1.15
 1.14295 -48.8227     1.15
  1.1431 -48.8173     1.15
 1.14325 -48.8119     1.15
  1.1434 -48.8065     1.15
 1.14355 -48.8011     1.15
  1.1437 -48.7957     1.15
 1.14385 -48.7904     1.15
   1.144  -48.785     1.15
 1.14415 -48.7797     1.15
  1.1443 -48.7743     1.15
 1.14445  -48.769     1.15
  1.1446 -48.7637     1.15
 1.14475 -48.7584     1.15
  1.1449 -48.7531     1.15
 1.14505 -48.7478     1.15
  1.1452 -48.7425     1.15
 1.14535 -48.7372     1.15
  1.1455 -48.7319     1.15
 1.14565 -48.7267     1.15
  1.1458 -48.7214     1.15
 1.14595 -48.7162     1.15
  1.1461 -48.7109     1.15
 1.14625 -48.7057     1.15
  1.1464 -48.7005     1.15
 1.14655 -48.6953     1.15
  1.1467 -48.6901     1.15
 1.14685 -48.6849     1.15
   1.147 -48.6797     1.15
 1.14715 -48.6745     1.15
  1.1473 -48.6694     1.15
 1.14745 -48.6642     1.15
  1.1476 -48.6591     1.15
 1.14775 -48.6539     1.15
  1.1479 -48.6488     1.15
 1.14805 -48.6437     1.15
  1.1482 -48.6386     1.15
 1.14835 -48.6335     1.15
  1.1485 -48.6284     1.15
 1.14865 -48.6233     1.15
  1.1488 -48.6182     1.15
 1.14895 -48.6131     1.15
  1.1491 -48.6081     1.15
 1.14925  -48.603     1.15
  1.1494  -48.598     1.15
 1.14955 -48.5929     1.15
  1.1497 -48.5879     1.15
 1.14985 -48.5829     1.15
    1.15 -48.5779     1.15