 kgrid  ValNew  Policy 
    0.85 -58.9664 0.877314
 0.85015 -58.9535 0.877464
  0.8503 -58.9406 0.877464
 0.85045 -58.9278 0.877614
  0.8506 -58.9149 0.877764
 0.85075 -58.9021 0.877914
  0.8509 -58.8892 0.878064
0.851051 -58.8764 0.878214
0.851201 -58.8636 0.878364
0.851351 -58.8508 0.878514
0.851501  -58.838 0.878514
0.851651 -58.8251 0.878664
0.851801 -58.8123 0.878814
0.851951 -58.7995 0.878964
0.852101 -58.7868 0.879115
0.852251  -58.774 0.879265
0.852401 -58.7612 0.879415
0.852551 -58.7484 0.879565
0.852701 -58.7357 0.879565
0.852851 -58.7229 0.879715
0.853002 -58.7102 0.879865
0.853152 -58.6974 0.880015
0.853302 -58.6847 0.880165
0.853452 -58.6719 0.880315
0.853602 -58.6592 0.880465
0.853752 -58.6465 0.880465
0.853902 -58.6338 0.880615
0.854052 -58.6211 0.880765
0.854202 -58.6084 0.880915
0.854352 -58.5957 0.881066
0.854502  -58.583 0.881216
0.854652 -58.5703 0.881366
0.854802 -58.5576 0.881516
0.854952 -58.5449 0.881516
0.855103 -58.5323 0.881666
0.855253 -58.5196 0.881816
0.855403  -58.507 0.881966
0.855553 -58.4943 0.882116
0.855703 -58.4817 0.882266
0.855853  -58.469 0.882416
0.856003 -58.4564 0.882566
0.856153 -58.4438 0.882716
0.856303 -58.4311 0.882716
0.856453 -58.4185 0.882866
0.856603 -58.4059 0.883017
0.856753 -58.3933 0.883167
0.856903 -58.3807 0.883317
0.857054 -58.3681 0.883467
0.857204 -58.3555 0.883617
0.857354 -58.3429 0.883767
0.857504 -58.3304 0.883917
0.857654 -58.3178 0.883917
0.857804 -58.3052 0.884067
0.857954 -58.2927 0.884217
0.858104 -58.2801 0.884367
0.858254 -58.2676 0.884517
0.858404  -58.255 0.884667
0.858554 -58.2425 0.884817
0.858704   -58.23 0.884967
0.858854 -58.2174 0.885118
0.859005 -58.2049 0.885118
0.859155 -58.1924 0.885268
0.859305 -58.1799 0.885418
0.859455 -58.1674 0.885568
0.859605 -58.1549 0.885718
0.859755 -58.1424 0.885868
0.859905 -58.1299 0.886018
0.860055 -58.1174 0.886168
0.860205 -58.1049 0.886318
0.860355 -58.0925 0.886318
0.860505   -58.08 0.886468
0.860655 -58.0675 0.886618
0.860805 -58.0551 0.886768
0.860955 -58.0426 0.886918
0.861106 -58.0302 0.887069
0.861256 -58.0178 0.887219
0.861406 -58.0053 0.887369
0.861556 -57.9929 0.887519
0.861706 -57.9805 0.887519
0.861856 -57.9681 0.887669
0.862006 -57.9557 0.887819
0.862156 -57.9433 0.887969
0.862306 -57.9309 0.888119
0.862456 -57.9185 0.888269
0.862606 -57.9061 0.888419
0.862756 -57.8937 0.888569
0.862906 -57.8813 0.888719
0.863057 -57.8689 0.888719
0.863207 -57.8566 0.888869
0.863357 -57.8442  0.88902
0.863507 -57.8319  0.88917
0.863657 -57.8195  0.88932
0.863807 -57.8072  0.88947
0.863957 -57.7948  0.88962
0.864107 -57.7825  0.88977
0.864257 -57.7702  0.88992
0.864407 -57.7578  0.89007
0.864557 -57.7455  0.89007
0.864707 -57.7332  0.89022
0.864857 -57.7209  0.89037
0.865008 -57.7086  0.89052
0.865158 -57.6963  0.89067
0.865308  -57.684  0.89082
0.865458 -57.6717  0.89097
0.865608 -57.6594 0.891121
0.865758 -57.6472 0.891271
0.865908 -57.6349 0.891271
0.866058 -57.6226 0.891421
0.866208 -57.6104 0.891571
0.866358 -57.5981 0.891721
0.866508 -57.5859 0.891871
0.866658 -57.5736 0.892021
0.866808 -57.5614 0.892171
0.866958 -57.5491 0.892321
0.867109 -57.5369 0.892471
0.867259 -57.5247 0.892471
0.867409 -57.5125 0.892621
0.867559 -57.5003 0.892771
0.867709 -57.4881 0.892921
0.867859 -57.4759 0.893072
0.868009 -57.4637 0.893222
0.868159 -57.4515 0.893372
0.868309 -57.4393 0.893522
0.868459 -57.4271 0.893672
0.868609 -57.4149 0.893822
0.868759 -57.4028 0.893822
0.868909 -57.3906 0.893972
 0.86906 -57.3784 0.894122
 0.86921 -57.3663 0.894272
 0.86936 -57.3541 0.894422
 0.86951  -57.342 0.894572
 0.86966 -57.3298 0.894722
 0.86981 -57.3177 0.894872
 0.86996 -57.3056 0.895023
 0.87011 -57.2935 0.895173
 0.87026 -57.2813 0.895173
 0.87041 -57.2692 0.895323
 0.87056 -57.2571 0.895473
 0.87071  -57.245 0.895623
 0.87086 -57.2329 0.895773
0.871011 -57.2208 0.895923
0.871161 -57.2087 0.896073
0.871311 -57.1967 0.896223
0.871461 -57.1846 0.896373
0.871611 -57.1725 0.896373
0.871761 -57.1604 0.896523
0.871911 -57.1484 0.896673
0.872061 -57.1363 0.896823
0.872211 -57.1243 0.896973
0.872361 -57.1122 0.897124
0.872511 -57.1002 0.897274
0.872661 -57.0881 0.897424
0.872811 -57.0761 0.897574
0.872961 -57.0641 0.897724
0.873112 -57.0521 0.897724
0.873262   -57.04 0.897874
0.873412  -57.028 0.898024
0.873562  -57.016 0.898174
0.873712  -57.004 0.898324
0.873862  -56.992 0.898474
0.874012   -56.98 0.898624
0.874162  -56.968 0.898774
0.874312 -56.9561 0.898924
0.874462 -56.9441 0.899075
0.874612 -56.9321 0.899225
0.874762 -56.9201 0.899225
0.874912 -56.9082 0.899375
0.875063 -56.8962 0.899525
0.875213 -56.8843 0.899675
0.875363 -56.8723 0.899825
0.875513 -56.8604 0.899975
0.875663 -56.8484 0.900125
0.875813 -56.8365 0.900275
0.875963 -56.8246 0.900425
0.876113 -56.8126 0.900575
0.876263 -56.8007 0.900575
0.876413 -56.7888 0.900725
0.876563 -56.7769 0.900875
0.876713  -56.765 0.901026
0.876863 -56.7531 0.901176
0.877014 -56.7412 0.901326
0.877164 -56.7293 0.901476
0.877314 -56.7174 0.901626
0.877464 -56.7055 0.901776
0.877614 -56.6937 0.901926
0.877764 -56.6818 0.902076
0.877914 -56.6699 0.902226
0.878064 -56.6581 0.902226
0.878214 -56.6462 0.902376
0.878364 -56.6344 0.902526
0.878514 -56.6225 0.902676
0.878664 -56.6107 0.902826
0.878814 -56.5988 0.902976
0.878964  -56.587 0.903127
0.879115 -56.5752 0.903277
0.879265 -56.5633 0.903427
0.879415 -56.5515 0.903577
0.879565 -56.5397 0.903727
0.879715 -56.5279 0.903877
0.879865 -56.5161 0.903877
0.880015 -56.5043 0.904027
0.880165 -56.4925 0.904177
0.880315 -56.4807 0.904327
0.880465 -56.4689 0.904477
0.880615 -56.4571 0.904627
0.880765 -56.4453 0.904777
0.880915 -56.4335 0.904927
0.881066 -56.4218 0.905078
0.881216   -56.41 0.905228
0.881366 -56.3982 0.905378
0.881516 -56.3865 0.905528
0.881666 -56.3747 0.905528
0.881816  -56.363 0.905678
0.881966 -56.3512 0.905828
0.882116 -56.3395 0.905978
0.882266 -56.3278 0.906128
0.882416  -56.316 0.906278
0.882566 -56.3043 0.906428
0.882716 -56.2926 0.906578
0.882866 -56.2809 0.906728
0.883017 -56.2691 0.906878
0.883167 -56.2574 0.907029
0.883317 -56.2457 0.907179
0.883467  -56.234 0.907179
0.883617 -56.2223 0.907329
0.883767 -56.2106 0.907479
0.883917  -56.199 0.907629
0.884067 -56.1873 0.907779
0.884217 -56.1756 0.907929
0.884367 -56.1639 0.908079
0.884517 -56.1522 0.908229
0.884667 -56.1406 0.908379
0.884817 -56.1289 0.908529
0.884967 -56.1173 0.908679
0.885118 -56.1056 0.908829
0.885268  -56.094 0.908979
0.885418 -56.0823 0.908979
0.885568 -56.0707  0.90913
0.885718  -56.059  0.90928
0.885868 -56.0474  0.90943
0.886018 -56.0358  0.90958
0.886168 -56.0242  0.90973
0.886318 -56.0126  0.90988
0.886468 -56.0009  0.91003
0.886618 -55.9893  0.91018
0.886768 -55.9777  0.91033
0.886918 -55.9661  0.91048
0.887069 -55.9545  0.91063
0.887219 -55.9429  0.91078
0.887369 -55.9314  0.91078
0.887519 -55.9198  0.91093
0.887669 -55.9082 0.911081
0.887819 -55.8966 0.911231
0.887969 -55.8851 0.911381
0.888119 -55.8735 0.911531
0.888269 -55.8619 0.911681
0.888419 -55.8504 0.911831
0.888569 -55.8388 0.911981
0.888719 -55.8273 0.912131
0.888869 -55.8157 0.912281
 0.88902 -55.8042 0.912431
 0.88917 -55.7927 0.912431
 0.88932 -55.7811 0.912581
 0.88947 -55.7696 0.912731
 0.88962 -55.7581 0.912881
 0.88977 -55.7466 0.913032
 0.88992  -55.735 0.913182
 0.89007 -55.7235 0.913332
 0.89022  -55.712 0.913482
 0.89037 -55.7005 0.913632
 0.89052  -55.689 0.913782
 0.89067 -55.6775 0.913932
 0.89082  -55.666 0.914082
 0.89097 -55.6546 0.914232
0.891121 -55.6431 0.914382
0.891271 -55.6316 0.914382
0.891421 -55.6201 0.914532
0.891571 -55.6087 0.914682
0.891721 -55.5972 0.914832
0.891871 -55.5857 0.914982
0.892021 -55.5743 0.915133
0.892171 -55.5628 0.915283
0.892321 -55.5514 0.915433
0.892471 -55.5399 0.915583
0.892621 -55.5285 0.915733
0.892771 -55.5171 0.915883
0.892921 -55.5056 0.916033
0.893072 -55.4942 0.916183
0.893222 -55.4828 0.916183
0.893372 -55.4714 0.916333
0.893522   -55.46 0.916483
0.893672 -55.4486 0.916633
0.893822 -55.4372 0.916783
0.893972 -55.4257 0.916933
0.894122 -55.4144 0.917084
0.894272  -55.403 0.917234
0.894422 -55.3916 0.917384
0.894572 -55.3802 0.917534
0.894722 -55.3688 0.917684
0.894872 -55.3574 0.917834
0.895023 -55.3461 0.917984
0.895173 -55.3347 0.918134
0.895323 -55.3233 0.918284
0.895473  -55.312 0.918284
0.895623 -55.3006 0.918434
0.895773 -55.2892 0.918584
0.895923 -55.2779 0.918734
0.896073 -55.2666 0.918884
0.896223 -55.2552 0.919035
0.896373 -55.2439 0.919185
0.896523 -55.2325 0.919335
0.896673 -55.2212 0.919485
0.896823 -55.2099 0.919635
0.896973 -55.1986 0.919785
0.897124 -55.1873 0.919935
0.897274 -55.1759 0.920085
0.897424 -55.1646 0.920235
0.897574 -55.1533 0.920235
0.897724  -55.142 0.920385
0.897874 -55.1307 0.920535
0.898024 -55.1194 0.920685
0.898174 -55.1082 0.920835
0.898324 -55.0969 0.920985
0.898474 -55.0856 0.921136
0.898624 -55.0743 0.921286
0.898774  -55.063 0.921436
0.898924 -55.0518 0.921586
0.899075 -55.0405 0.921736
0.899225 -55.0293 0.921886
0.899375  -55.018 0.922036
0.899525 -55.0067 0.922186
0.899675 -54.9955 0.922186
0.899825 -54.9843 0.922336
0.899975  -54.973 0.922486
0.900125 -54.9618 0.922636
0.900275 -54.9505 0.922786
0.900425 -54.9393 0.922936
0.900575 -54.9281 0.923087
0.900725 -54.9169 0.923237
0.900875 -54.9057 0.923387
0.901026 -54.8944 0.923537
0.901176 -54.8832 0.923687
0.901326  -54.872 0.923837
0.901476 -54.8608 0.923987
0.901626 -54.8496 0.924137
0.901776 -54.8384 0.924287
0.901926 -54.8273 0.924287
0.902076 -54.8161 0.924437
0.902226 -54.8049 0.924587
0.902376 -54.7937 0.924737
0.902526 -54.7825 0.924887
0.902676 -54.7714 0.925038
0.902826 -54.7602 0.925188
0.902976  -54.749 0.925338
0.903127 -54.7379 0.925488
0.903277 -54.7267 0.925638
0.903427 -54.7156 0.925788
0.903577 -54.7044 0.925938
0.903727 -54.6933 0.926088
0.903877 -54.6822 0.926238
0.904027  -54.671 0.926238
0.904177 -54.6599 0.926388
0.904327 -54.6488 0.926538
0.904477 -54.6377 0.926688
0.904627 -54.6265 0.926838
0.904777 -54.6154 0.926988
0.904927 -54.6043 0.927139
0.905078 -54.5932 0.927289
0.905228 -54.5821 0.927439
0.905378  -54.571 0.927589
0.905528 -54.5599 0.927739
0.905678 -54.5488 0.927889
0.905828 -54.5377 0.928039
0.905978 -54.5267 0.928189
0.906128 -54.5156 0.928339
0.906278 -54.5045 0.928339
0.906428 -54.4934 0.928489
0.906578 -54.4824 0.928639
0.906728 -54.4713 0.928789
0.906878 -54.4602 0.928939
0.907029 -54.4492  0.92909
0.907179 -54.4381  0.92924
0.907329 -54.4271  0.92939
0.907479  -54.416  0.92954
0.907629  -54.405  0.92969
0.907779  -54.394  0.92984
0.907929 -54.3829  0.92999
0.908079 -54.3719  0.93014
0.908229 -54.3609  0.93029
0.908379 -54.3498  0.93044
0.908529 -54.3388  0.93044
0.908679 -54.3278  0.93059
0.908829 -54.3168  0.93074
0.908979 -54.3058  0.93089
 0.90913 -54.2948 0.931041
 0.90928 -54.2838 0.931191
 0.90943 -54.2728 0.931341
 0.90958 -54.2618 0.931491
 0.90973 -54.2508 0.931641
 0.90988 -54.2398 0.931791
 0.91003 -54.2289 0.931941
 0.91018 -54.2179 0.932091
 0.91033 -54.2069 0.932241
 0.91048 -54.1959 0.932391
 0.91063  -54.185 0.932541
 0.91078  -54.174 0.932541
 0.91093 -54.1631 0.932691
0.911081 -54.1521 0.932841
0.911231 -54.1412 0.932991
0.911381 -54.1302 0.933142
0.911531 -54.1193 0.933292
0.911681 -54.1083 0.933442
0.911831 -54.0974 0.933592
0.911981 -54.0865 0.933742
0.912131 -54.0755 0.933892
0.912281 -54.0646 0.934042
0.912431 -54.0537 0.934192
0.912581 -54.0428 0.934342
0.912731 -54.0319 0.934492
0.912881  -54.021 0.934642
0.913032 -54.0101 0.934642
0.913182 -53.9992 0.934792
0.913332 -53.9883 0.934942
0.913482 -53.9774 0.935093
0.913632 -53.9665 0.935243
0.913782 -53.9556 0.935393
0.913932 -53.9447 0.935543
0.914082 -53.9338 0.935693
0.914232  -53.923 0.935843
0.914382 -53.9121 0.935993
0.914532 -53.9012 0.936143
0.914682 -53.8904 0.936293
0.914832 -53.8795 0.936443
0.914982 -53.8686 0.936593
0.915133 -53.8578 0.936743
0.915283 -53.8469 0.936893
0.915433 -53.8361 0.936893
0.915583 -53.8252 0.937044
0.915733 -53.8144 0.937194
0.915883 -53.8036 0.937344
0.916033 -53.7927 0.937494
0.916183 -53.7819 0.937644
0.916333 -53.7711 0.937794
0.916483 -53.7603 0.937944
0.916633 -53.7495 0.938094
0.916783 -53.7386 0.938244
0.916933 -53.7278 0.938394
0.917084  -53.717 0.938544
0.917234 -53.7062 0.938694
0.917384 -53.6954 0.938844
0.917534 -53.6846 0.938994
0.917684 -53.6738 0.939145
0.917834  -53.663 0.939145
0.917984 -53.6523 0.939295
0.918134 -53.6415 0.939445
0.918284 -53.6307 0.939595
0.918434 -53.6199 0.939745
0.918584 -53.6092 0.939895
0.918734 -53.5984 0.940045
0.918884 -53.5876 0.940195
0.919035 -53.5769 0.940345
0.919185 -53.5661 0.940495
0.919335 -53.5554 0.940645
0.919485 -53.5446 0.940795
0.919635 -53.5339 0.940945
0.919785 -53.5231 0.941096
0.919935 -53.5124 0.941246
0.920085 -53.5017 0.941396
0.920235 -53.4909 0.941546
0.920385 -53.4802 0.941546
0.920535 -53.4695 0.941696
0.920685 -53.4588 0.941846
0.920835  -53.448 0.941996
0.920985 -53.4373 0.942146
0.921136 -53.4266 0.942296
0.921286 -53.4159 0.942446
0.921436 -53.4052 0.942596
0.921586 -53.3945 0.942746
0.921736 -53.3838 0.942896
0.921886 -53.3731 0.943047
0.922036 -53.3624 0.943197
0.922186 -53.3518 0.943347
0.922336 -53.3411 0.943497
0.922486 -53.3304 0.943647
0.922636 -53.3197 0.943797
0.922786 -53.3091 0.943797
0.922936 -53.2984 0.943947
0.923087 -53.2877 0.944097
0.923237 -53.2771 0.944247
0.923387 -53.2664 0.944397
0.923537 -53.2558 0.944547
0.923687 -53.2451 0.944697
0.923837 -53.2345 0.944847
0.923987 -53.2238 0.944997
0.924137 -53.2132 0.945148
0.924287 -53.2026 0.945298
0.924437 -53.1919 0.945448
0.924587 -53.1813 0.945598
0.924737 -53.1707 0.945748
0.924887   -53.16 0.945898
0.925038 -53.1494 0.946048
0.925188 -53.1388 0.946198
0.925338 -53.1282 0.946198
0.925488 -53.1176 0.946348
0.925638  -53.107 0.946498
0.925788 -53.0964 0.946648
0.925938 -53.0858 0.946798
0.926088 -53.0752 0.946948
0.926238 -53.0646 0.947099
0.926388  -53.054 0.947249
0.926538 -53.0434 0.947399
0.926688 -53.0329 0.947549
0.926838 -53.0223 0.947699
0.926988 -53.0117 0.947849
0.927139 -53.0012 0.947999
0.927289 -52.9906 0.948149
0.927439   -52.98 0.948299
0.927589 -52.9695 0.948449
0.927739 -52.9589 0.948449
0.927889 -52.9484 0.948599
0.928039 -52.9378 0.948749
0.928189 -52.9273 0.948899
0.928339 -52.9167  0.94905
0.928489 -52.9062   0.9492
0.928639 -52.8957  0.94935
0.928789 -52.8851   0.9495
0.928939 -52.8746  0.94965
 0.92909 -52.8641   0.9498
 0.92924 -52.8536  0.94995
 0.92939  -52.843   0.9501
 0.92954 -52.8325  0.95025
 0.92969  -52.822   0.9504
 0.92984 -52.8115  0.95055
 0.92999  -52.801   0.9507
 0.93014 -52.7905  0.95085
 0.93029   -52.78  0.95085
 0.93044 -52.7695 0.951001
 0.93059  -52.759 0.951151
 0.93074 -52.7485 0.951301
 0.93089 -52.7381 0.951451
0.931041 -52.7276 0.951601
0.931191 -52.7171 0.951751
0.931341 -52.7066 0.951901
0.931491 -52.6962 0.952051
0.931641 -52.6857 0.952201
0.931791 -52.6752 0.952351
0.931941 -52.6648 0.952501
0.932091 -52.6543 0.952651
0.932241 -52.6439 0.952801
0.932391 -52.6334 0.952951
0.932541  -52.623 0.953102
0.932691 -52.6125 0.953252
0.932841 -52.6021 0.953252
0.932991 -52.5917 0.953402
0.933142 -52.5812 0.953552
0.933292 -52.5708 0.953702
0.933442 -52.5604 0.953852
0.933592   -52.55 0.954002
0.933742 -52.5395 0.954152
0.933892 -52.5291 0.954302
0.934042 -52.5187 0.954452
0.934192 -52.5083 0.954602
0.934342 -52.4979 0.954752
0.934492 -52.4875 0.954902
0.934642 -52.4771 0.955053
0.934792 -52.4667 0.955203
0.934942 -52.4563 0.955353
0.935093 -52.4459 0.955503
0.935243 -52.4356 0.955653
0.935393 -52.4252 0.955653
0.935543 -52.4148 0.955803
0.935693 -52.4044 0.955953
0.935843  -52.394 0.956103
0.935993 -52.3837 0.956253
0.936143 -52.3733 0.956403
0.936293  -52.363 0.956553
0.936443 -52.3526 0.956703
0.936593 -52.3422 0.956853
0.936743 -52.3319 0.957004
0.936893 -52.3215 0.957154
0.937044 -52.3112 0.957304
0.937194 -52.3009 0.957454
0.937344 -52.2905 0.957604
0.937494 -52.2802 0.957754
0.937644 -52.2699 0.957904
0.937794 -52.2595 0.958054
0.937944 -52.2492 0.958054
0.938094 -52.2389 0.958204
0.938244 -52.2286 0.958354
0.938394 -52.2182 0.958504
0.938544 -52.2079 0.958654
0.938694 -52.1976 0.958804
0.938844 -52.1873 0.958954
0.938994  -52.177 0.959105
0.939145 -52.1667 0.959255
0.939295 -52.1564 0.959405
0.939445 -52.1461 0.959555
0.939595 -52.1358 0.959705
0.939745 -52.1256 0.959855
0.939895 -52.1153 0.960005
0.940045  -52.105 0.960155
0.940195 -52.0947 0.960305
0.940345 -52.0845 0.960455
0.940495 -52.0742 0.960605
0.940645 -52.0639 0.960605
0.940795 -52.0537 0.960755
0.940945 -52.0434 0.960905
0.941096 -52.0331 0.961056
0.941246 -52.0229 0.961206
0.941396 -52.0126 0.961356
0.941546 -52.0024 0.961506
0.941696 -51.9922 0.961656
0.941846 -51.9819 0.961806
0.941996 -51.9717 0.961956
0.942146 -51.9614 0.962106
0.942296 -51.9512 0.962256
0.942446  -51.941 0.962406
0.942596 -51.9308 0.962556
0.942746 -51.9205 0.962706
0.942896 -51.9103 0.962856
0.943047 -51.9001 0.963007
0.943197 -51.8899 0.963157
0.943347 -51.8797 0.963157
0.943497 -51.8695 0.963307
0.943647 -51.8593 0.963457
0.943797 -51.8491 0.963607
0.943947 -51.8389 0.963757
0.944097 -51.8287 0.963907
0.944247 -51.8185 0.964057
0.944397 -51.8083 0.964207
0.944547 -51.7982 0.964357
0.944697  -51.788 0.964507
0.944847 -51.7778 0.964657
0.944997 -51.7676 0.964807
0.945148 -51.7575 0.964957
0.945298 -51.7473 0.965108
0.945448 -51.7371 0.965258
0.945598  -51.727 0.965408
0.945748 -51.7168 0.965558
0.945898 -51.7067 0.965558
0.946048 -51.6965 0.965708
0.946198 -51.6864 0.965858
0.946348 -51.6762 0.966008
0.946498 -51.6661 0.966158
0.946648  -51.656 0.966308
0.946798 -51.6458 0.966458
0.946948 -51.6357 0.966608
0.947099 -51.6256 0.966758
0.947249 -51.6155 0.966908
0.947399 -51.6053 0.967059
0.947549 -51.5952 0.967209
0.947699 -51.5851 0.967359
0.947849  -51.575 0.967509
0.947999 -51.5649 0.967659
0.948149 -51.5548 0.967809
0.948299 -51.5447 0.967959
0.948449 -51.5346 0.968109
0.948599 -51.5245 0.968109
0.948749 -51.5144 0.968259
0.948899 -51.5043 0.968409
 0.94905 -51.4942 0.968559
  0.9492 -51.4842 0.968709
 0.94935 -51.4741 0.968859
  0.9495  -51.464  0.96901
 0.94965 -51.4539  0.96916
  0.9498 -51.4439  0.96931
 0.94995 -51.4338  0.96946
  0.9501 -51.4237  0.96961
 0.95025 -51.4137  0.96976
  0.9504 -51.4036  0.96991
 0.95055 -51.3936  0.97006
  0.9507 -51.3835  0.97021
 0.95085 -51.3735  0.97036
0.951001 -51.3634  0.97051
0.951151 -51.3534  0.97066
0.951301 -51.3433  0.97066
0.951451 -51.3333  0.97081
0.951601 -51.3233  0.97096
0.951751 -51.3133 0.971111
0.951901 -51.3032 0.971261
0.952051 -51.2932 0.971411
0.952201 -51.2832 0.971561
0.952351 -51.2732 0.971711
0.952501 -51.2632 0.971861
0.952651 -51.2532 0.972011
0.952801 -51.2431 0.972161
0.952951 -51.2331 0.972311
0.953102 -51.2231 0.972461
0.953252 -51.2131 0.972611
0.953402 -51.2032 0.972761
0.953552 -51.1932 0.972911
0.953702 -51.1832 0.973062
0.953852 -51.1732 0.973212
0.954002 -51.1632 0.973212
0.954152 -51.1532 0.973362
0.954302 -51.1433 0.973512
0.954452 -51.1333 0.973662
0.954602 -51.1233 0.973812
0.954752 -51.1134 0.973962
0.954902 -51.1034 0.974112
0.955053 -51.0934 0.974262
0.955203 -51.0835 0.974412
0.955353 -51.0735 0.974562
0.955503 -51.0636 0.974712
0.955653 -51.0536 0.974862
0.955803 -51.0437 0.975013
0.955953 -51.0337 0.975163
0.956103 -51.0238 0.975313
0.956253 -51.0139 0.975463
0.956403 -51.0039 0.975613
0.956553  -50.994 0.975763
0.956703 -50.9841 0.975763
0.956853 -50.9742 0.975913
0.957004 -50.9642 0.976063
0.957154 -50.9543 0.976213
0.957304 -50.9444 0.976363
0.957454 -50.9345 0.976513
0.957604 -50.9246 0.976663
0.957754 -50.9147 0.976813
0.957904 -50.9048 0.976963
0.958054 -50.8949 0.977114
0.958204  -50.885 0.977264
0.958354 -50.8751 0.977414
0.958504 -50.8652 0.977564
0.958654 -50.8553 0.977714
0.958804 -50.8455 0.977864
0.958954 -50.8356 0.978014
0.959105 -50.8257 0.978164
0.959255 -50.8158 0.978314
0.959405  -50.806 0.978314
0.959555 -50.7961 0.978464
0.959705 -50.7862 0.978614
0.959855 -50.7764 0.978764
0.960005 -50.7665 0.978914
0.960155 -50.7567 0.979065
0.960305 -50.7468 0.979215
0.960455  -50.737 0.979365
0.960605 -50.7271 0.979515
0.960755 -50.7173 0.979665
0.960905 -50.7074 0.979815
0.961056 -50.6976 0.979965
0.961206 -50.6878 0.980115
0.961356 -50.6779 0.980265
0.961506 -50.6681 0.980415
0.961656 -50.6583 0.980565
0.961806 -50.6485 0.980715
0.961956 -50.6386 0.980865
0.962106 -50.6288 0.980865
0.962256  -50.619 0.981016
0.962406 -50.6092 0.981166
0.962556 -50.5994 0.981316
0.962706 -50.5896 0.981466
0.962856 -50.5798 0.981616
0.963007   -50.57 0.981766
0.963157 -50.5602 0.981916
0.963307 -50.5504 0.982066
0.963457 -50.5406 0.982216
0.963607 -50.5308 0.982366
0.963757 -50.5211 0.982516
0.963907 -50.5113 0.982666
0.964057 -50.5015 0.982816
0.964207 -50.4917 0.982966
0.964357  -50.482 0.983117
0.964507 -50.4722 0.983267
0.964657 -50.4624 0.983417
0.964807 -50.4527 0.983417
0.964957 -50.4429 0.983567
0.965108 -50.4332 0.983717
0.965258 -50.4234 0.983867
0.965408 -50.4137 0.984017
0.965558 -50.4039 0.984167
0.965708 -50.3942 0.984317
0.965858 -50.3844 0.984467
0.966008 -50.3747 0.984617
0.966158  -50.365 0.984767
0.966308 -50.3552 0.984917
0.966458 -50.3455 0.985068
0.966608 -50.3358 0.985218
0.966758 -50.3261 0.985368
0.966908 -50.3163 0.985518
0.967059 -50.3066 0.985668
0.967209 -50.2969 0.985818
0.967359 -50.2872 0.985968
0.967509 -50.2775 0.986118
0.967659 -50.2678 0.986118
0.967809 -50.2581 0.986268
0.967959 -50.2484 0.986418
0.968109 -50.2387 0.986568
0.968259  -50.229 0.986718
0.968409 -50.2193 0.986868
0.968559 -50.2096 0.987019
0.968709 -50.1999 0.987169
0.968859 -50.1903 0.987319
 0.96901 -50.1806 0.987469
 0.96916 -50.1709 0.987619
 0.96931 -50.1612 0.987769
 0.96946 -50.1516 0.987919
 0.96961 -50.1419 0.988069
 0.96976 -50.1322 0.988219
 0.96991 -50.1226 0.988369
 0.97006 -50.1129 0.988519
 0.97021 -50.1033 0.988669
 0.97036 -50.0936 0.988669
 0.97051  -50.084 0.988819
 0.97066 -50.0743 0.988969
 0.97081 -50.0647  0.98912
 0.97096  -50.055  0.98927
0.971111 -50.0454  0.98942
0.971261 -50.0358  0.98957
0.971411 -50.0261  0.98972
0.971561 -50.0165  0.98987
0.971711 -50.0069  0.99002
0.971861 -49.9973  0.99017
0.972011 -49.9876  0.99032
0.972161  -49.978  0.99047
0.972311 -49.9684  0.99062
0.972461 -49.9588  0.99077
0.972611 -49.9492  0.99092
0.972761 -49.9396 0.991071
0.972911   -49.93 0.991221
0.973062 -49.9204 0.991371
0.973212 -49.9108 0.991371
0.973362 -49.9012 0.991521
0.973512 -49.8916 0.991671
0.973662  -49.882 0.991821
0.973812 -49.8725 0.991971
0.973962 -49.8629 0.992121
0.974112 -49.8533 0.992271
0.974262 -49.8437 0.992421
0.974412 -49.8341 0.992571
0.974562 -49.8246 0.992721
0.974712  -49.815 0.992871
0.974862 -49.8054 0.993022
0.975013 -49.7959 0.993172
0.975163 -49.7863 0.993322
0.975313 -49.7768 0.993472
0.975463 -49.7672 0.993622
0.975613 -49.7577 0.993772
0.975763 -49.7481 0.993922
0.975913 -49.7386 0.993922
0.976063  -49.729 0.994072
0.976213 -49.7195 0.994222
0.976363   -49.71 0.994372
0.976513 -49.7004 0.994522
0.976663 -49.6909 0.994672
0.976813 -49.6814 0.994822
0.976963 -49.6719 0.994972
0.977114 -49.6623 0.995123
0.977264 -49.6528 0.995273
0.977414 -49.6433 0.995423
0.977564 -49.6338 0.995573
0.977714 -49.6243 0.995723
0.977864 -49.6148 0.995873
0.978014 -49.6053 0.996023
0.978164 -49.5958 0.996173
0.978314 -49.5863 0.996323
0.978464 -49.5768 0.996473
0.978614 -49.5673 0.996623
0.978764 -49.5578 0.996623
0.978914 -49.5483 0.996773
0.979065 -49.5388 0.996923
0.979215 -49.5294 0.997074
0.979365 -49.5199 0.997224
0.979515 -49.5104 0.997374
0.979665 -49.5009 0.997524
0.979815 -49.4915 0.997674
0.979965  -49.482 0.997824
0.980115 -49.4725 0.997974
0.980265 -49.4631 0.998124
0.980415 -49.4536 0.998274
0.980565 -49.4442 0.998424
0.980715 -49.4347 0.998574
0.980865 -49.4253 0.998724
0.981016 -49.4158 0.998874
0.981166 -49.4064 0.999025
0.981316 -49.3969 0.999175
0.981466 -49.3875 0.999325
0.981616 -49.3781 0.999325
0.981766 -49.3686 0.999475
0.981916 -49.3592 0.999625
0.982066 -49.3498 0.999775
0.982216 -49.3404 0.999925
0.982366 -49.3309  1.00008
0.982516 -49.3215  1.00023
0.982666 -49.3121  1.00038
0.982816 -49.3027  1.00053
0.982966 -49.2933  1.00068
0.983117 -49.2839  1.00083
0.983267 -49.2745  1.00098
0.983417 -49.2651  1.00113
0.983567 -49.2557  1.00128
0.983717 -49.2463  1.00143
0.983867 -49.2369  1.00158
0.984017 -49.2275  1.00173
0.984167 -49.2181  1.00188
0.984317 -49.2087  1.00188
0.984467 -49.1994  1.00203
0.984617   -49.19  1.00218
0.984767 -49.1806  1.00233
0.984917 -49.1712  1.00248
0.985068 -49.1619  1.00263
0.985218 -49.1525  1.00278
0.985368 -49.1431  1.00293
0.985518 -49.1338  1.00308
0.985668 -49.1244  1.00323
0.985818 -49.1151  1.00338
0.985968 -49.1057  1.00353
0.986118 -49.0964  1.00368
0.986268  -49.087  1.00383
0.986418 -49.0777  1.00398
0.986568 -49.0683  1.00413
0.986718  -49.059  1.00428
0.986868 -49.0497  1.00443
0.987019 -49.0403  1.00458
0.987169  -49.031  1.00458
0.987319 -49.0217  1.00473
0.987469 -49.0123  1.00488
0.987619  -49.003  1.00503
0.987769 -48.9937  1.00518
0.987919 -48.9844  1.00533
0.988069 -48.9751  1.00548
0.988219 -48.9658  1.00563
0.988369 -48.9564  1.00578
0.988519 -48.9471  1.00593
0.988669 -48.9378  1.00608
0.988819 -48.9285  1.00623
0.988969 -48.9192  1.00638
 0.98912 -48.9099  1.00653
 0.98927 -48.9007  1.00668
 0.98942 -48.8914  1.00683
 0.98957 -48.8821  1.00698
 0.98972 -48.8728  1.00713
 0.98987 -48.8635  1.00728
 0.99002 -48.8542  1.00728
 0.99017  -48.845  1.00743
 0.99032 -48.8357  1.00758
 0.99047 -48.8264  1.00773
 0.99062 -48.8172  1.00788
 0.99077 -48.8079  1.00803
 0.99092 -48.7986  1.00818
0.991071 -48.7894  1.00833
0.991221 -48.7801  1.00848
0.991371 -48.7709  1.00863
0.991521 -48.7616  1.00878
0.991671 -48.7524  1.00893
0.991821 -48.7431  1.00908
0.991971 -48.7339  1.00923
0.992121 -48.7246  1.00938
0.992271 -48.7154  1.00953
0.992421 -48.7062  1.00968
0.992571 -48.6969  1.00983
0.992721 -48.6877  1.00998
0.992871 -48.6785  1.00998
0.993022 -48.6693  1.01013
0.993172   -48.66  1.01028
0.993322 -48.6508  1.01043
0.993472 -48.6416  1.01058
0.993622 -48.6324  1.01073
0.993772 -48.6232  1.01088
0.993922  -48.614  1.01103
0.994072 -48.6048  1.01118
0.994222 -48.5956  1.01133
0.994372 -48.5864  1.01148
0.994522 -48.5772  1.01163
0.994672  -48.568  1.01178
0.994822 -48.5588  1.01193
0.994972 -48.5496  1.01208
0.995123 -48.5404  1.01223
0.995273 -48.5313  1.01238
0.995423 -48.5221  1.01253
0.995573 -48.5129  1.01268
0.995723 -48.5037  1.01268
0.995873 -48.4946  1.01283
0.996023 -48.4854  1.01298
0.996173 -48.4762  1.01313
0.996323 -48.4671  1.01328
0.996473 -48.4579  1.01343
0.996623 -48.4487  1.01358
0.996773 -48.4396  1.01373
0.996923 -48.4304  1.01388
0.997074 -48.4213  1.01403
0.997224 -48.4121  1.01418
0.997374  -48.403  1.01433
0.997524 -48.3939  1.01448
0.997674 -48.3847  1.01463
0.997824 -48.3756  1.01478
0.997974 -48.3664  1.01493
0.998124 -48.3573  1.01508
0.998274 -48.3482  1.01523
0.998424 -48.3391  1.01538
0.998574 -48.3299  1.01538
0.998724 -48.3208  1.01553
0.998874 -48.3117  1.01568
0.999025 -48.3026  1.01583
0.999175 -48.2935  1.01598
0.999325 -48.2844  1.01613
0.999475 -48.2753  1.01628
0.999625 -48.2662  1.01643
0.999775 -48.2571  1.01658
0.999925  -48.248  1.01673
 1.00008 -48.2389  1.01688
 1.00023 -48.2298  1.01703
 1.00038 -48.2207  1.01718
 1.00053 -48.2116  1.01733
 1.00068 -48.2025  1.01748
 1.00083 -48.1934  1.01763
 1.00098 -48.1844  1.01778
 1.00113 -48.1753  1.01793
 1.00128 -48.1662  1.01808
 1.00143 -48.1571  1.01808
 1.00158 -48.1481  1.01823
 1.00173  -48.139  1.01838
 1.00188 -48.1299  1.01853
 1.00203 -48.1209  1.01868
 1.00218 -48.1118  1.01883
 1.00233 -48.1028  1.01898
 1.00248 -48.0937  1.01913
 1.00263 -48.0847  1.01928
 1.00278 -48.0756  1.01943
 1.00293 -48.0666  1.01958
 1.00308 -48.0575  1.01973
 1.00323 -48.0485  1.01988
 1.00338 -48.0394  1.02004
 1.00353 -48.0304  1.02019
 1.00368 -48.0214  1.02034
 1.00383 -48.0124  1.02049
 1.00398 -48.0033  1.02064
 1.00413 -47.9943  1.02079
 1.00428 -47.9853  1.02079
 1.00443 -47.9763  1.02094
 1.00458 -47.9672  1.02109
 1.00473 -47.9582  1.02124
 1.00488 -47.9492  1.02139
 1.00503 -47.9402  1.02154
 1.00518 -47.9312  1.02169
 1.00533 -47.9222  1.02184
 1.00548 -47.9132  1.02199
 1.00563 -47.9042  1.02214
 1.00578 -47.8952  1.02229
 1.00593 -47.8862  1.02244
 1.00608 -47.8772  1.02259
 1.00623 -47.8683  1.02274
 1.00638 -47.8593  1.02289
 1.00653 -47.8503  1.02304
 1.00668 -47.8413  1.02319
 1.00683 -47.8323  1.02334
 1.00698 -47.8234  1.02349
 1.00713 -47.8144  1.02349
 1.00728 -47.8054  1.02364
 1.00743 -47.7965  1.02379
 1.00758 -47.7875  1.02394
 1.00773 -47.7785  1.02409
 1.00788 -47.7696  1.02424
 1.00803 -47.7606  1.02439
 1.00818 -47.7517  1.02454
 1.00833 -47.7427  1.02469
 1.00848 -47.7338  1.02484
 1.00863 -47.7248  1.02499
 1.00878 -47.7159  1.02514
 1.00893 -47.7069  1.02529
 1.00908  -47.698  1.02544
 1.00923 -47.6891  1.02559
 1.00938 -47.6801  1.02574
 1.00953 -47.6712  1.02589
 1.00968 -47.6623  1.02604
 1.00983 -47.6534  1.02619
 1.00998 -47.6444  1.02619
 1.01013 -47.6355  1.02634
 1.01028 -47.6266  1.02649
 1.01043 -47.6177  1.02664
 1.01058 -47.6088  1.02679
 1.01073 -47.5999  1.02694
 1.01088  -47.591  1.02709
 1.01103 -47.5821  1.02724
 1.01118 -47.5732  1.02739
 1.01133 -47.5643  1.02754
 1.01148 -47.5554  1.02769
 1.01163 -47.5465  1.02784
 1.01178 -47.5376  1.02799
 1.01193 -47.5287  1.02814
 1.01208 -47.5198  1.02829
 1.01223 -47.5109  1.02844
 1.01238 -47.5021  1.02859
 1.01253 -47.4932  1.02874
 1.01268 -47.4843  1.02889
 1.01283 -47.4754  1.02889
 1.01298 -47.4666  1.02904
 1.01313 -47.4577  1.02919
 1.01328 -47.4488  1.02934
 1.01343   -47.44  1.02949
 1.01358 -47.4311  1.02964
 1.01373 -47.4222  1.02979
 1.01388 -47.4134  1.02994
 1.01403 -47.4045  1.03009
 1.01418 -47.3957  1.03024
 1.01433 -47.3868  1.03039
 1.01448  -47.378  1.03054
 1.01463 -47.3692  1.03069
 1.01478 -47.3603  1.03084
 1.01493 -47.3515  1.03099
 1.01508 -47.3427  1.03114
 1.01523 -47.3338  1.03129
 1.01538  -47.325  1.03144
 1.01553 -47.3162  1.03144
 1.01568 -47.3073  1.03159
 1.01583 -47.2985  1.03174
 1.01598 -47.2897  1.03189
 1.01613 -47.2809  1.03204
 1.01628 -47.2721  1.03219
 1.01643 -47.2633  1.03234
 1.01658 -47.2545  1.03249
 1.01673 -47.2457  1.03264
 1.01688 -47.2369  1.03279
 1.01703 -47.2281  1.03294
 1.01718 -47.2193  1.03309
 1.01733 -47.2105  1.03324
 1.01748 -47.2017  1.03339
 1.01763 -47.1929  1.03354
 1.01778 -47.1841  1.03369
 1.01793 -47.1753  1.03384
 1.01808 -47.1665  1.03399
 1.01823 -47.1577  1.03414
 1.01838  -47.149  1.03429
 1.01853 -47.1402  1.03429
 1.01868 -47.1314  1.03444
 1.01883 -47.1226  1.03459
 1.01898 -47.1139  1.03474
 1.01913 -47.1051  1.03489
 1.01928 -47.0964  1.03504
 1.01943 -47.0876  1.03519
 1.01958 -47.0788  1.03534
 1.01973 -47.0701  1.03549
 1.01988 -47.0613  1.03564
 1.02004 -47.0526  1.03579
 1.02019 -47.0438  1.03594
 1.02034 -47.0351  1.03609
 1.02049 -47.0263  1.03624
 1.02064 -47.0176  1.03639
 1.02079 -47.0089  1.03654
 1.02094 -47.0001  1.03669
 1.02109 -46.9914  1.03684
 1.02124 -46.9827  1.03699
 1.02139  -46.974  1.03699
 1.02154 -46.9652  1.03714
 1.02169 -46.9565  1.03729
 1.02184 -46.9478  1.03744
 1.02199 -46.9391  1.03759
 1.02214 -46.9304  1.03774
 1.02229 -46.9216  1.03789
 1.02244 -46.9129  1.03804
 1.02259 -46.9042  1.03819
 1.02274 -46.8955  1.03834
 1.02289 -46.8868  1.03849
 1.02304 -46.8781  1.03864
 1.02319 -46.8694  1.03879
 1.02334 -46.8607  1.03894
 1.02349  -46.852  1.03909
 1.02364 -46.8434  1.03924
 1.02379 -46.8347  1.03939
 1.02394  -46.826  1.03954
 1.02409 -46.8173  1.03954
 1.02424 -46.8086  1.03969
 1.02439 -46.7999  1.03984
 1.02454 -46.7913  1.03999
 1.02469 -46.7826  1.04015
 1.02484 -46.7739   1.0403
 1.02499 -46.7653  1.04045
 1.02514 -46.7566   1.0406
 1.02529 -46.7479  1.04075
 1.02544 -46.7393   1.0409
 1.02559 -46.7306  1.04105
 1.02574  -46.722   1.0412
 1.02589 -46.7133  1.04135
 1.02604 -46.7047   1.0415
 1.02619  -46.696  1.04165
 1.02634 -46.6874   1.0418
 1.02649 -46.6787  1.04195
 1.02664 -46.6701   1.0421
 1.02679 -46.6615  1.04225
 1.02694 -46.6528   1.0424
 1.02709 -46.6442   1.0424
 1.02724 -46.6356  1.04255
 1.02739 -46.6269   1.0427
 1.02754 -46.6183  1.04285
 1.02769 -46.6097    1.043
 1.02784 -46.6011  1.04315
 1.02799 -46.5925   1.0433
 1.02814 -46.5838  1.04345
 1.02829 -46.5752   1.0436
 1.02844 -46.5666  1.04375
 1.02859  -46.558   1.0439
 1.02874 -46.5494  1.04405
 1.02889 -46.5408   1.0442
 1.02904 -46.5322  1.04435
 1.02919 -46.5236   1.0445
 1.02934  -46.515  1.04465
 1.02949 -46.5064   1.0448
 1.02964 -46.4978  1.04495
 1.02979 -46.4892  1.04495
 1.02994 -46.4807   1.0451
 1.03009 -46.4721  1.04525
 1.03024 -46.4635   1.0454
 1.03039 -46.4549  1.04555
 1.03054 -46.4463   1.0457
 1.03069 -46.4378  1.04585
 1.03084 -46.4292    1.046
 1.03099 -46.4206  1.04615
 1.03114 -46.4121   1.0463
 1.03129 -46.4035  1.04645
 1.03144 -46.3949   1.0466
 1.03159 -46.3864  1.04675
 1.03174 -46.3778   1.0469
 1.03189 -46.3693  1.04705
 1.03204 -46.3607   1.0472
 1.03219 -46.3522  1.04735
 1.03234 -46.3436   1.0475
 1.03249 -46.3351  1.04765
 1.03264 -46.3266  1.04765
 1.03279  -46.318   1.0478
 1.03294 -46.3095  1.04795
 1.03309 -46.3009   1.0481
 1.03324 -46.2924  1.04825
 1.03339 -46.2839   1.0484
 1.03354 -46.2754  1.04855
 1.03369 -46.2668   1.0487
 1.03384 -46.2583  1.04885
 1.03399 -46.2498    1.049
 1.03414 -46.2413  1.04915
 1.03429 -46.2328   1.0493
 1.03444 -46.2243  1.04945
 1.03459 -46.2157   1.0496
 1.03474 -46.2072  1.04975
 1.03489 -46.1987   1.0499
 1.03504 -46.1902  1.05005
 1.03519 -46.1817   1.0502
 1.03534 -46.1732  1.05035
 1.03549 -46.1647  1.05035
 1.03564 -46.1563   1.0505
 1.03579 -46.1478  1.05065
 1.03594 -46.1393   1.0508
 1.03609 -46.1308  1.05095
 1.03624 -46.1223   1.0511
 1.03639 -46.1138  1.05125
 1.03654 -46.1054   1.0514
 1.03669 -46.0969  1.05155
 1.03684 -46.0884   1.0517
 1.03699 -46.0799  1.05185
 1.03714 -46.0715    1.052
 1.03729  -46.063  1.05215
 1.03744 -46.0545   1.0523
 1.03759 -46.0461  1.05245
 1.03774 -46.0376   1.0526
 1.03789 -46.0292  1.05275
 1.03804 -46.0207   1.0529
 1.03819 -46.0123  1.05305
 1.03834 -46.0038  1.05305
 1.03849 -45.9954   1.0532
 1.03864 -45.9869  1.05335
 1.03879 -45.9785   1.0535
 1.03894   -45.97  1.05365
 1.03909 -45.9616   1.0538
 1.03924 -45.9532  1.05395
 1.03939 -45.9447   1.0541
 1.03954 -45.9363  1.05425
 1.03969 -45.9279   1.0544
 1.03984 -45.9195  1.05455
 1.03999  -45.911   1.0547
 1.04015 -45.9026  1.05485
  1.0403 -45.8942    1.055
 1.04045 -45.8858  1.05515
  1.0406 -45.8774   1.0553
 1.04075  -45.869  1.05545
  1.0409 -45.8606   1.0556
 1.04105 -45.8521  1.05575
  1.0412 -45.8437  1.05575
 1.04135 -45.8353   1.0559
  1.0415 -45.8269  1.05605
 1.04165 -45.8186   1.0562
  1.0418 -45.8102  1.05635
 1.04195 -45.8018   1.0565
  1.0421 -45.7934  1.05665
 1.04225  -45.785   1.0568
  1.0424 -45.7766  1.05695
 1.04255 -45.7682   1.0571
  1.0427 -45.7598  1.05725
 1.04285 -45.7515   1.0574
   1.043 -45.7431  1.05755
 1.04315 -45.7347   1.0577
  1.0433 -45.7264  1.05785
 1.04345  -45.718    1.058
  1.0436 -45.7096  1.05815
 1.04375 -45.7013   1.0583
  1.0439 -45.6929  1.05845
 1.04405 -45.6845  1.05845
  1.0442 -45.6762   1.0586
 1.04435 -45.6678  1.05875
  1.0445 -45.6595   1.0589
 1.04465 -45.6511  1.05905
  1.0448 -45.6428   1.0592
 1.04495 -45.6344  1.05935
  1.0451 -45.6261   1.0595
 1.04525 -45.6178  1.05965
  1.0454 -45.6094   1.0598
 1.04555 -45.6011  1.05995
  1.0457 -45.5928  1.06011
 1.04585 -45.5844  1.06026
   1.046 -45.5761  1.06041
 1.04615 -45.5678  1.06056
  1.0463 -45.5595  1.06071
 1.04645 -45.5511  1.06086
  1.0466 -45.5428  1.06101
 1.04675 -45.5345  1.06101
  1.0469 -45.5262  1.06116
 1.04705 -45.5179  1.06131
  1.0472 -45.5096  1.06146
 1.04735 -45.5013  1.06161
  1.0475  -45.493  1.06176
 1.04765 -45.4847  1.06191
  1.0478 -45.4764  1.06206
 1.04795 -45.4681  1.06221
  1.0481 -45.4598  1.06236
 1.04825 -45.4515  1.06251
  1.0484 -45.4432  1.06266
 1.04855 -45.4349  1.06281
  1.0487 -45.4266  1.06296
 1.04885 -45.4183  1.06311
   1.049 -45.4101  1.06326
 1.04915 -45.4018  1.06341
  1.0493 -45.3935  1.06356
 1.04945 -45.3852  1.06371
  1.0496  -45.377  1.06371
 1.04975 -45.3687  1.06386
  1.0499 -45.3604  1.06401
 1.05005 -45.3522  1.06416
  1.0502 -45.3439  1.06431
 1.05035 -45.3357  1.06446
  1.0505 -45.3274  1.06461
 1.05065 -45.3191  1.06476
  1.0508 -45.3109  1.06491
 1.05095 -45.3026  1.06506
  1.0511 -45.2944  1.06521
 1.05125 -45.2862  1.06536
  1.0514 -45.2779  1.06551
 1.05155 -45.2697  1.06566
  1.0517 -45.2614  1.06581
 1.05185 -45.2532  1.06596
   1.052  -45.245  1.06611
 1.05215 -45.2367  1.06626
  1.0523 -45.2285  1.06626
 1.05245 -45.2203  1.06641
  1.0526 -45.2121  1.06656
 1.05275 -45.2038  1.06671
  1.0529 -45.1956  1.06686
 1.05305 -45.1874  1.06701
  1.0532 -45.1792  1.06716
 1.05335  -45.171  1.06731
  1.0535 -45.1628  1.06746
 1.05365 -45.1546  1.06761
  1.0538 -45.1464  1.06776
 1.05395 -45.1381  1.06791
  1.0541 -45.1299  1.06806
 1.05425 -45.1218  1.06821
  1.0544 -45.1136  1.06836
 1.05455 -45.1054  1.06851
  1.0547 -45.0972  1.06866
 1.05485  -45.089  1.06881
   1.055 -45.0808  1.06881
 1.05515 -45.0726  1.06896
  1.0553 -45.0644  1.06911
 1.05545 -45.0563  1.06926
  1.0556 -45.0481  1.06941
 1.05575 -45.0399  1.06956
  1.0559 -45.0317  1.06971
 1.05605 -45.0236  1.06986
  1.0562 -45.0154  1.07001
 1.05635 -45.0072  1.07016
  1.0565 -44.9991  1.07031
 1.05665 -44.9909  1.07046
  1.0568 -44.9827  1.07061
 1.05695 -44.9746  1.07076
  1.0571 -44.9664  1.07091
 1.05725 -44.9583  1.07106
  1.0574 -44.9501  1.07121
 1.05755  -44.942  1.07136
  1.0577 -44.9338  1.07136
 1.05785 -44.9257  1.07151
   1.058 -44.9176  1.07166
 1.05815 -44.9094  1.07181
  1.0583 -44.9013  1.07196
 1.05845 -44.8932  1.07211
  1.0586  -44.885  1.07226
 1.05875 -44.8769  1.07241
  1.0589 -44.8688  1.07256
 1.05905 -44.8607  1.07271
  1.0592 -44.8525  1.07286
 1.05935 -44.8444  1.07301
  1.0595 -44.8363  1.07316
 1.05965 -44.8282  1.07331
  1.0598 -44.8201  1.07346
 1.05995  -44.812  1.07361
 1.06011 -44.8039  1.07376
 1.06026 -44.7957  1.07391
 1.06041 -44.7876  1.07391
 1.06056 -44.7795  1.07406
 1.06071 -44.7714  1.07421
 1.06086 -44.7634  1.07436
 1.06101 -44.7553  1.07451
 1.06116 -44.7472  1.07466
 1.06131 -44.7391  1.07481
 1.06146  -44.731  1.07496
 1.06161 -44.7229  1.07511
 1.06176 -44.7148  1.07526
 1.06191 -44.7067  1.07541
 1.06206 -44.6987  1.07556
 1.06221 -44.6906  1.07571
 1.06236 -44.6825  1.07586
 1.06251 -44.6745  1.07601
 1.06266 -44.6664  1.07616
 1.06281 -44.6583  1.07631
 1.06296 -44.6503  1.07631
 1.06311 -44.6422  1.07646
 1.06326 -44.6341  1.07661
 1.06341 -44.6261  1.07676
 1.06356  -44.618  1.07691
 1.06371   -44.61  1.07706
 1.06386 -44.6019  1.07721
 1.06401 -44.5939  1.07736
 1.06416 -44.5858  1.07751
 1.06431 -44.5778  1.07766
 1.06446 -44.5697  1.07781
 1.06461 -44.5617  1.07796
 1.06476 -44.5537  1.07811
 1.06491 -44.5456  1.07826
 1.06506 -44.5376  1.07841
 1.06521 -44.5296  1.07856
 1.06536 -44.5216  1.07871
 1.06551 -44.5135  1.07886
 1.06566 -44.5055  1.07886
 1.06581 -44.4975  1.07901
 1.06596 -44.4895  1.07916
 1.06611 -44.4815  1.07931
 1.06626 -44.4734  1.07946
 1.06641 -44.4654  1.07961
 1.06656 -44.4574  1.07976
 1.06671 -44.4494  1.07991
 1.06686 -44.4414  1.08007
 1.06701 -44.4334  1.08022
 1.06716 -44.4254  1.08037
 1.06731 -44.4174  1.08052
 1.06746 -44.4094  1.08067
 1.06761 -44.4014  1.08082
 1.06776 -44.3934  1.08097
 1.06791 -44.3854  1.08112
 1.06806 -44.3775  1.08127
 1.06821 -44.3695  1.08142
 1.06836 -44.3615  1.08142
 1.06851 -44.3535  1.08157
 1.06866 -44.3455  1.08172
 1.06881 -44.3376  1.08187
 1.06896 -44.3296  1.08202
 1.06911 -44.3216  1.08217
 1.06926 -44.3137  1.08232
 1.06941 -44.3057  1.08247
 1.06956 -44.2977  1.08262
 1.06971 -44.2898  1.08277
 1.06986 -44.2818  1.08292
 1.07001 -44.2738  1.08307
 1.07016 -44.2659  1.08322
 1.07031 -44.2579  1.08337
 1.07046   -44.25  1.08352
 1.07061  -44.242  1.08367
 1.07076 -44.2341  1.08382
 1.07091 -44.2262  1.08382
 1.07106 -44.2182  1.08397
 1.07121 -44.2103  1.08412
 1.07136 -44.2023  1.08427
 1.07151 -44.1944  1.08442
 1.07166 -44.1865  1.08457
 1.07181 -44.1786  1.08472
 1.07196 -44.1706  1.08487
 1.07211 -44.1627  1.08502
 1.07226 -44.1548  1.08517
 1.07241 -44.1469  1.08532
 1.07256 -44.1389  1.08547
 1.07271  -44.131  1.08562
 1.07286 -44.1231  1.08577
 1.07301 -44.1152  1.08592
 1.07316 -44.1073  1.08607
 1.07331 -44.0994  1.08622
 1.07346 -44.0915  1.08622
 1.07361 -44.0836  1.08637
 1.07376 -44.0757  1.08652
 1.07391 -44.0678  1.08667
 1.07406 -44.0599  1.08682
 1.07421  -44.052  1.08697
 1.07436 -44.0441  1.08712
 1.07451 -44.0362  1.08727
 1.07466 -44.0283  1.08742
 1.07481 -44.0204  1.08757
 1.07496 -44.0126  1.08772
 1.07511 -44.0047  1.08787
 1.07526 -43.9968  1.08802
 1.07541 -43.9889  1.08817
 1.07556 -43.9811  1.08832
 1.07571 -43.9732  1.08847
 1.07586 -43.9653  1.08862
 1.07601 -43.9575  1.08862
 1.07616 -43.9496  1.08877
 1.07631 -43.9417  1.08892
 1.07646 -43.9339  1.08907
 1.07661  -43.926  1.08922
 1.07676 -43.9182  1.08937
 1.07691 -43.9103  1.08952
 1.07706 -43.9025  1.08967
 1.07721 -43.8946  1.08982
 1.07736 -43.8868  1.08997
 1.07751 -43.8789  1.09012
 1.07766 -43.8711  1.09027
 1.07781 -43.8632  1.09042
 1.07796 -43.8554  1.09057
 1.07811 -43.8476  1.09072
 1.07826 -43.8397  1.09087
 1.07841 -43.8319  1.09087
 1.07856 -43.8241  1.09102
 1.07871 -43.8163  1.09117
 1.07886 -43.8084  1.09132
 1.07901 -43.8006  1.09147
 1.07916 -43.7928  1.09162
 1.07931  -43.785  1.09177
 1.07946 -43.7772  1.09192
 1.07961 -43.7693  1.09207
 1.07976 -43.7615  1.09222
 1.07991 -43.7537  1.09237
 1.08007 -43.7459  1.09252
 1.08022 -43.7381  1.09267
 1.08037 -43.7303  1.09282
 1.08052 -43.7225  1.09297
 1.08067 -43.7147  1.09312
 1.08082 -43.7069  1.09312
 1.08097 -43.6991  1.09327
 1.08112 -43.6914  1.09342
 1.08127 -43.6836  1.09357
 1.08142 -43.6758  1.09372
 1.08157  -43.668  1.09387
 1.08172 -43.6602  1.09402
 1.08187 -43.6524  1.09417
 1.08202 -43.6447  1.09432
 1.08217 -43.6369  1.09447
 1.08232 -43.6291  1.09462
 1.08247 -43.6214  1.09477
 1.08262 -43.6136  1.09492
 1.08277 -43.6058  1.09507
 1.08292 -43.5981  1.09522
 1.08307 -43.5903  1.09537
 1.08322 -43.5825  1.09537
 1.08337 -43.5748  1.09552
 1.08352  -43.567  1.09567
 1.08367 -43.5593  1.09582
 1.08382 -43.5515  1.09597
 1.08397 -43.5438  1.09612
 1.08412  -43.536  1.09627
 1.08427 -43.5283  1.09642
 1.08442 -43.5206  1.09657
 1.08457 -43.5128  1.09672
 1.08472 -43.5051  1.09687
 1.08487 -43.4974  1.09702
 1.08502 -43.4896  1.09717
 1.08517 -43.4819  1.09732
 1.08532 -43.4742  1.09747
 1.08547 -43.4665  1.09762
 1.08562 -43.4587  1.09762
 1.08577  -43.451  1.09777
 1.08592 -43.4433  1.09792
 1.08607 -43.4356  1.09807
 1.08622 -43.4279  1.09822
 1.08637 -43.4202  1.09837
 1.08652 -43.4125  1.09852
 1.08667 -43.4047  1.09867
 1.08682  -43.397  1.09882
 1.08697 -43.3893  1.09897
 1.08712 -43.3816  1.09912
 1.08727  -43.374  1.09927
 1.08742 -43.3663  1.09942
 1.08757 -43.3586  1.09942
 1.08772 -43.3509  1.09957
 1.08787 -43.3432  1.09972
 1.08802 -43.3355  1.09987
 1.08817 -43.3278  1.10003
 1.08832 -43.3202  1.10018
 1.08847 -43.3125  1.10033
 1.08862 -43.3048  1.10048
 1.08877 -43.2971  1.10063
 1.08892 -43.2895  1.10078
 1.08907 -43.2818  1.10093
 1.08922 -43.2741  1.10108
 1.08937 -43.2665  1.10123
 1.08952 -43.2588  1.10123
 1.08967 -43.2512  1.10138
 1.08982 -43.2435  1.10153
 1.08997 -43.2358  1.10168
 1.09012 -43.2282  1.10183
 1.09027 -43.2205  1.10198
 1.09042 -43.2129  1.10213
 1.09057 -43.2053  1.10228
 1.09072 -43.1976  1.10243
 1.09087   -43.19  1.10258
 1.09102 -43.1823  1.10273
 1.09117 -43.1747  1.10288
 1.09132 -43.1671  1.10303
 1.09147 -43.1595  1.10303
 1.09162 -43.1518  1.10318
 1.09177 -43.1442  1.10333
 1.09192 -43.1366  1.10348
 1.09207  -43.129  1.10363
 1.09222 -43.1213  1.10378
 1.09237 -43.1137  1.10393
 1.09252 -43.1061  1.10408
 1.09267 -43.0985  1.10423
 1.09282 -43.0909  1.10438
 1.09297 -43.0833  1.10453
 1.09312 -43.0757  1.10468
 1.09327 -43.0681  1.10483
 1.09342 -43.0605  1.10483
 1.09357 -43.0529  1.10498
 1.09372 -43.0453  1.10513
 1.09387 -43.0377  1.10528
 1.09402 -43.0301  1.10543
 1.09417 -43.0225  1.10558
 1.09432  -43.015  1.10573
 1.09447 -43.0074  1.10588
 1.09462 -42.9998  1.10603
 1.09477 -42.9922  1.10618
 1.09492 -42.9846  1.10633
 1.09507 -42.9771  1.10648
 1.09522 -42.9695  1.10663
 1.09537 -42.9619  1.10663
 1.09552 -42.9544  1.10678
 1.09567 -42.9468  1.10693
 1.09582 -42.9392  1.10708
 1.09597 -42.9317  1.10723
 1.09612 -42.9241  1.10738
 1.09627 -42.9166  1.10753
 1.09642  -42.909  1.10768
 1.09657 -42.9015  1.10783
 1.09672 -42.8939  1.10798
 1.09687 -42.8864  1.10813
 1.09702 -42.8789  1.10828
 1.09717 -42.8713  1.10843
 1.09732 -42.8638  1.10843
 1.09747 -42.8562  1.10858
 1.09762 -42.8487  1.10873
 1.09777 -42.8412  1.10888
 1.09792 -42.8337  1.10903
 1.09807 -42.8261  1.10918
 1.09822 -42.8186  1.10933
 1.09837 -42.8111  1.10948
 1.09852 -42.8036  1.10963
 1.09867 -42.7961  1.10978
 1.09882 -42.7885  1.10993
 1.09897  -42.781  1.11008
 1.09912 -42.7735  1.11008
 1.09927  -42.766  1.11023
 1.09942 -42.7585  1.11038
 1.09957  -42.751  1.11053
 1.09972 -42.7435  1.11068
 1.09987  -42.736  1.11083
 1.10003 -42.7285  1.11098
 1.10018  -42.721  1.11113
 1.10033 -42.7135  1.11128
 1.10048  -42.706  1.11143
 1.10063 -42.6986  1.11158
 1.10078 -42.6911  1.11173
 1.10093 -42.6836  1.11188
 1.10108 -42.6761  1.11188
 1.10123 -42.6686  1.11203
 1.10138 -42.6612  1.11218
 1.10153 -42.6537  1.11233
 1.10168 -42.6462  1.11248
 1.10183 -42.6388  1.11263
 1.10198 -42.6313  1.11278
 1.10213 -42.6238  1.11293
 1.10228 -42.6164  1.11308
 1.10243 -42.6089  1.11323
 1.10258 -42.6015  1.11338
 1.10273  -42.594  1.11353
 1.10288 -42.5866  1.11353
 1.10303 -42.5791  1.11368
 1.10318 -42.5717  1.11383
 1.10333 -42.5642  1.11398
 1.10348 -42.5568  1.11413
 1.10363 -42.5494  1.11428
 1.10378 -42.5419  1.11443
 1.10393 -42.5345  1.11458
 1.10408 -42.5271  1.11473
 1.10423 -42.5196  1.11488
 1.10438 -42.5122  1.11503
 1.10453 -42.5048  1.11518
 1.10468 -42.4974  1.11518
 1.10483 -42.4899  1.11533
 1.10498 -42.4825  1.11548
 1.10513 -42.4751  1.11563
 1.10528 -42.4677  1.11578
 1.10543 -42.4603  1.11593
 1.10558 -42.4529  1.11608
 1.10573 -42.4455  1.11623
 1.10588 -42.4381  1.11638
 1.10603 -42.4307  1.11653
 1.10618 -42.4233  1.11668
 1.10633 -42.4159  1.11683
 1.10648 -42.4085  1.11683
 1.10663 -42.4011  1.11698
 1.10678 -42.3937  1.11713
 1.10693 -42.3863  1.11728
 1.10708 -42.3789  1.11743
 1.10723 -42.3716  1.11758
 1.10738 -42.3642  1.11773
 1.10753 -42.3568  1.11788
 1.10768 -42.3494  1.11803
 1.10783 -42.3421  1.11818
 1.10798 -42.3347  1.11833
 1.10813 -42.3273  1.11848
 1.10828   -42.32  1.11848
 1.10843 -42.3126  1.11863
 1.10858 -42.3052  1.11878
 1.10873 -42.2979  1.11893
 1.10888 -42.2905  1.11908
 1.10903 -42.2832  1.11923
 1.10918 -42.2758  1.11938
 1.10933 -42.2685  1.11953
 1.10948 -42.2611  1.11968
 1.10963 -42.2538  1.11983
 1.10978 -42.2464  1.11998
 1.10993 -42.2391  1.11998
 1.11008 -42.2318  1.12014
 1.11023 -42.2244  1.12029
 1.11038 -42.2171  1.12044
 1.11053 -42.2098  1.12059
 1.11068 -42.2024  1.12074
 1.11083 -42.1951  1.12089
 1.11098 -42.1878  1.12104
 1.11113 -42.1805  1.12119
 1.11128 -42.1732  1.12134
 1.11143 -42.1659  1.12134
 1.11158 -42.1585  1.12149
 1.11173 -42.1512  1.12164
 1.11188 -42.1439  1.12179
 1.11203 -42.1366  1.12194
 1.11218 -42.1293  1.12209
 1.11233  -42.122  1.12224
 1.11248 -42.1147  1.12239
 1.11263 -42.1074  1.12254
 1.11278 -42.1002  1.12269
 1.11293 -42.0929  1.12269
 1.11308 -42.0856  1.12284
 1.11323 -42.0783  1.12299
 1.11338  -42.071  1.12314
 1.11353 -42.0637  1.12329
 1.11368 -42.0565  1.12344
 1.11383 -42.0492  1.12359
 1.11398 -42.0419  1.12374
 1.11413 -42.0346  1.12389
 1.11428 -42.0274  1.12404
 1.11443 -42.0201  1.12404
 1.11458 -42.0129  1.12419
 1.11473 -42.0056  1.12434
 1.11488 -41.9983  1.12449
 1.11503 -41.9911  1.12464
 1.11518 -41.9838  1.12479
 1.11533 -41.9766  1.12494
 1.11548 -41.9693  1.12509
 1.11563 -41.9621  1.12524
 1.11578 -41.9549  1.12524
 1.11593 -41.9476  1.12539
 1.11608 -41.9404  1.12554
 1.11623 -41.9332  1.12569
 1.11638 -41.9259  1.12584
 1.11653 -41.9187  1.12599
 1.11668 -41.9115  1.12614
 1.11683 -41.9043  1.12629
 1.11698  -41.897  1.12644
 1.11713 -41.8898  1.12644
 1.11728 -41.8826  1.12659
 1.11743 -41.8754  1.12674
 1.11758 -41.8682  1.12689
 1.11773  -41.861  1.12704
 1.11788 -41.8538  1.12704
 1.11803 -41.8466  1.12719
 1.11818 -41.8394  1.12734
 1.11833 -41.8322  1.12749
 1.11848  -41.825  1.12764
 1.11863 -41.8178  1.12779
 1.11878 -41.8107  1.12779
 1.11893 -41.8035  1.12794
 1.11908 -41.7963  1.12809
 1.11923 -41.7891  1.12824
 1.11938  -41.782  1.12839
 1.11953 -41.7748  1.12839
 1.11968 -41.7677  1.12854
 1.11983 -41.7605  1.12869
 1.11998 -41.7534  1.12884
 1.12014 -41.7462  1.12899
 1.12029 -41.7391  1.12899
 1.12044 -41.7319  1.12914
 1.12059 -41.7248  1.12929
 1.12074 -41.7176  1.12944
 1.12089 -41.7105  1.12959
 1.12104 -41.7034  1.12959
 1.12119 -41.6963  1.12974
 1.12134 -41.6891  1.12989
 1.12149  -41.682  1.13004
 1.12164 -41.6749  1.13019
 1.12179 -41.6678  1.13034
 1.12194 -41.6607  1.13034
 1.12209 -41.6536  1.13049
 1.12224 -41.6465  1.13064
 1.12239 -41.6394  1.13079
 1.12254 -41.6323  1.13094
 1.12269 -41.6252  1.13094
 1.12284 -41.6181  1.13109
 1.12299  -41.611  1.13124
 1.12314  -41.604  1.13139
 1.12329 -41.5969  1.13154
 1.12344 -41.5898  1.13154
 1.12359 -41.5828  1.13169
 1.12374 -41.5757  1.13184
 1.12389 -41.5686  1.13199
 1.12404 -41.5616  1.13214
 1.12419 -41.5545  1.13214
 1.12434 -41.5475  1.13229
 1.12449 -41.5404  1.13244
 1.12464 -41.5334  1.13259
 1.12479 -41.5263  1.13274
 1.12494 -41.5193  1.13289
 1.12509 -41.5123  1.13289
 1.12524 -41.5052  1.13304
 1.12539 -41.4982  1.13319
 1.12554 -41.4912  1.13334
 1.12569 -41.4841  1.13349
 1.12584 -41.4771  1.13349
 1.12599 -41.4701  1.13364
 1.12614 -41.4631  1.13379
 1.12629 -41.4561  1.13394
 1.12644 -41.4491  1.13409
 1.12659 -41.4421  1.13409
 1.12674 -41.4351  1.13424
 1.12689 -41.4281  1.13439
 1.12704 -41.4211  1.13454
 1.12719 -41.4141  1.13469
 1.12734 -41.4071  1.13469
 1.12749 -41.4002  1.13484
 1.12764 -41.3932  1.13499
 1.12779 -41.3862  1.13514
 1.12794 -41.3792  1.13529
 1.12809 -41.3723  1.13544
 1.12824 -41.3653  1.13544
 1.12839 -41.3583  1.13559
 1.12854 -41.3514  1.13574
 1.12869 -41.3444  1.13589
 1.12884 -41.3375  1.13604
 1.12899 -41.3305  1.13604
 1.12914 -41.3236  1.13619
 1.12929 -41.3166  1.13634
 1.12944 -41.3097  1.13649
 1.12959 -41.3028  1.13664
 1.12974 -41.2958  1.13679
 1.12989 -41.2889  1.13679
 1.13004  -41.282  1.13694
 1.13019 -41.2751  1.13709
 1.13034 -41.2681  1.13724
 1.13049 -41.2612  1.13739
 1.13064 -41.2543  1.13739
 1.13079 -41.2474  1.13754
 1.13094 -41.2405  1.13769
 1.13109 -41.2336  1.13784
 1.13124 -41.2267  1.13799
 1.13139 -41.2198  1.13799
 1.13154 -41.2129  1.13814
 1.13169  -41.206  1.13829
 1.13184 -41.1991  1.13844
 1.13199 -41.1923  1.13859
 1.13214 -41.1854  1.13859
 1.13229 -41.1785  1.13874
 1.13244 -41.1716  1.13889
 1.13259 -41.1648  1.13904
 1.13274 -41.1579  1.13919
 1.13289  -41.151  1.13934
 1.13304 -41.1442  1.13934
 1.13319 -41.1373  1.13949
 1.13334 -41.1305  1.13964
 1.13349 -41.1236  1.13979
 1.13364 -41.1168  1.13994
 1.13379 -41.1099  1.13994
 1.13394 -41.1031   1.1401
 1.13409 -41.0963  1.14025
 1.13424 -41.0894   1.1404
 1.13439 -41.0826  1.14055
 1.13454 -41.0758  1.14055
 1.13469 -41.0689   1.1407
 1.13484 -41.0621  1.14085
 1.13499 -41.0553    1.141
 1.13514 -41.0485  1.14115
 1.13529 -41.0417  1.14115
 1.13544 -41.0349   1.1413
 1.13559 -41.0281  1.14145
 1.13574 -41.0213   1.1416
 1.13589 -41.0145  1.14175
 1.13604 -41.0077  1.14175
 1.13619 -41.0009   1.1419
 1.13634 -40.9941  1.14205
 1.13649 -40.9873   1.1422
 1.13664 -40.9806  1.14235
 1.13679 -40.9738  1.14235
 1.13694  -40.967   1.1425
 1.13709 -40.9602  1.14265
 1.13724 -40.9535   1.1428
 1.13739 -40.9467  1.14295
 1.13754 -40.9399  1.14295
 1.13769 -40.9332   1.1431
 1.13784 -40.9264  1.14325
 1.13799 -40.9197   1.1434
 1.13814 -40.9129  1.14355
 1.13829 -40.9062  1.14355
 1.13844 -40.8995   1.1437
 1.13859 -40.8927  1.14385
 1.13874  -40.886    1.144
 1.13889 -40.8793  1.14415
 1.13904 -40.8725   1.1443
 1.13919 -40.8658   1.1443
 1.13934 -40.8591  1.14445
 1.13949 -40.8524   1.1446
 1.13964 -40.8456  1.14475
 1.13979 -40.8389  1.14475
 1.13994 -40.8322   1.1449
  1.1401 -40.8255  1.14505
 1.14025 -40.8188   1.1452
  1.1404 -40.8121  1.14535
 1.14055 -40.8054  1.14535
  1.1407 -40.7987   1.1455
 1.14085 -40.7921  1.14565
   1.141 -40.7854   1.1458
 1.14115 -40.7787  1.14595
  1.1413  -40.772  1.14595
 1.14145 -40.7653   1.1461
  1.1416 -40.7587  1.14625
 1.14175  -40.752   1.1464
  1.1419 -40.7453  1.14655
 1.14205 -40.7387  1.14655
  1.1422  -40.732   1.1467
 1.14235 -40.7254  1.14685
  1.1425 -40.7187    1.147
 1.14265 -40.7121  1.14715
  1.1428 -40.7054  1.14715
 1.14295 -40.6988   1.1473
  1.1431 -40.6921  1.14745
 1.14325 -40.6855   1.1476
  1.1434 -40.6789   1.1476
 1.14355 -40.6723  1.14775
  1.1437 -40.6656   1.1479
 1.14385  -40.659   1.1479
   1.144 -40.6524  1.14805
 1.14415 -40.6458   1.1482
  1.1443 -40.6392  1.14835
 1.14445 -40.6326  1.14835
  1.1446  -40.626   1.1485
 1.14475 -40.6194  1.14865
  1.1449 -40.6128   1.1488
 1.14505 -40.6062   1.1488
  1.1452 -40.5997  1.14895
 1.14535 -40.5931   1.1491
  1.1455 -40.5865   1.1491
 1.14565 -40.5799  1.14925
  1.1458 -40.5734   1.1494
 1.14595 -40.5668  1.14955
  1.1461 -40.5603  1.14955
 1.14625 -40.5537   1.1497
  1.1464 -40.5472  1.14985
 1.14655 -40.5406     1.15
  1.1467 -40.5341     1.15
 1.14685 -40.5275     1.15
   1.147  -40.521     1.15
 1.14715 -40.5145     1.15
  1.1473  -40.508     1.15
 1.14745 -40.5015     1.15
  1.1476 -40.4951     1.15
 1.14775 -40.4886     1.15
  1.1479 -40.4821     1.15
 1.14805 -40.4757     1.15
  1.1482 -40.4693     1.15
 1.14835 -40.4628     1.15
  1.1485 -40.4564     1.15
 1.14865   -40.45     1.15
  1.1488 -40.4437     1.15
 1.14895 -40.4373     1.15
  1.1491 -40.4309     1.15
 1.14925 -40.4246     1.15
  1.1494 -40.4182     1.15
 1.14955 -40.4119     1.15
  1.1497 -40.4056     1.15
 1.14985 -40.3993     1.15
    1.15  -40.393     1.15