 kgrid  ValNew  Policy 
    0.85 -67.7444     0.85
 0.85015 -67.7291     0.85
  0.8503 -67.7138     0.85
 0.85045 -67.6986     0.85
  0.8506 -67.6833     0.85
 0.85075 -67.6681     0.85
  0.8509  -67.653     0.85
0.851051 -67.6378     0.85
0.851201 -67.6227     0.85
0.851351 -67.6077     0.85
0.851501 -67.5926     0.85
0.851651 -67.5776     0.85
0.851801 -67.5627  0.85015
0.851951 -67.5477  0.85015
0.852101 -67.5327   0.8503
0.852251 -67.5178  0.85045
0.852401 -67.5029  0.85045
0.852551 -67.4879   0.8506
0.852701  -67.473  0.85075
0.852851 -67.4581  0.85075
0.853002 -67.4433   0.8509
0.853152 -67.4284 0.851051
0.853302 -67.4135 0.851051
0.853452 -67.3987 0.851201
0.853602 -67.3839 0.851201
0.853752 -67.3691 0.851351
0.853902 -67.3543 0.851501
0.854052 -67.3395 0.851501
0.854202 -67.3247 0.851651
0.854352 -67.3099 0.851801
0.854502 -67.2952 0.851951
0.854652 -67.2804 0.851951
0.854802 -67.2657 0.852101
0.854952  -67.251 0.852251
0.855103 -67.2363 0.852251
0.855253 -67.2216 0.852401
0.855403 -67.2069 0.852551
0.855553 -67.1922 0.852701
0.855703 -67.1775 0.852701
0.855853 -67.1629 0.852851
0.856003 -67.1483 0.853002
0.856153 -67.1336 0.853002
0.856303  -67.119 0.853152
0.856453 -67.1044 0.853302
0.856603 -67.0898 0.853452
0.856753 -67.0752 0.853452
0.856903 -67.0606 0.853602
0.857054 -67.0461 0.853752
0.857204 -67.0315 0.853752
0.857354  -67.017 0.853902
0.857504 -67.0024 0.854052
0.857654 -66.9879 0.854202
0.857804 -66.9734 0.854202
0.857954 -66.9589 0.854352
0.858104 -66.9444 0.854502
0.858254 -66.9299 0.854502
0.858404 -66.9155 0.854652
0.858554  -66.901 0.854802
0.858704 -66.8866 0.854952
0.858854 -66.8721 0.854952
0.859005 -66.8577 0.855103
0.859155 -66.8433 0.855253
0.859305 -66.8289 0.855403
0.859455 -66.8145 0.855403
0.859605 -66.8001 0.855553
0.859755 -66.7857 0.855703
0.859905 -66.7714 0.855703
0.860055  -66.757 0.855853
0.860205 -66.7427 0.856003
0.860355 -66.7283 0.856153
0.860505  -66.714 0.856153
0.860655 -66.6997 0.856303
0.860805 -66.6854 0.856453
0.860955 -66.6711 0.856603
0.861106 -66.6568 0.856603
0.861256 -66.6426 0.856753
0.861406 -66.6283 0.856903
0.861556  -66.614 0.856903
0.861706 -66.5998 0.857054
0.861856 -66.5856 0.857204
0.862006 -66.5714 0.857354
0.862156 -66.5572 0.857354
0.862306  -66.543 0.857504
0.862456 -66.5288 0.857654
0.862606 -66.5146 0.857804
0.862756 -66.5004 0.857804
0.862906 -66.4863 0.857954
0.863057 -66.4721 0.858104
0.863207  -66.458 0.858104
0.863357 -66.4439 0.858254
0.863507 -66.4297 0.858404
0.863657 -66.4156 0.858554
0.863807 -66.4015 0.858554
0.863957 -66.3875 0.858704
0.864107 -66.3734 0.858854
0.864257 -66.3593 0.859005
0.864407 -66.3453 0.859005
0.864557 -66.3312 0.859155
0.864707 -66.3172 0.859305
0.864857 -66.3032 0.859455
0.865008 -66.2891 0.859455
0.865158 -66.2751 0.859605
0.865308 -66.2611 0.859755
0.865458 -66.2472 0.859755
0.865608 -66.2332 0.859905
0.865758 -66.2192 0.860055
0.865908 -66.2053 0.860205
0.866058 -66.1913 0.860205
0.866208 -66.1774 0.860355
0.866358 -66.1634 0.860505
0.866508 -66.1495 0.860655
0.866658 -66.1356 0.860655
0.866808 -66.1217 0.860805
0.866958 -66.1078 0.860955
0.867109  -66.094 0.861106
0.867259 -66.0801 0.861106
0.867409 -66.0662 0.861256
0.867559 -66.0524 0.861406
0.867709 -66.0386 0.861556
0.867859 -66.0247 0.861556
0.868009 -66.0109 0.861706
0.868159 -65.9971 0.861856
0.868309 -65.9833 0.861856
0.868459 -65.9695 0.862006
0.868609 -65.9557 0.862156
0.868759  -65.942 0.862306
0.868909 -65.9282 0.862306
 0.86906 -65.9144 0.862456
 0.86921 -65.9007 0.862606
 0.86936  -65.887 0.862756
 0.86951 -65.8733 0.862756
 0.86966 -65.8595 0.862906
 0.86981 -65.8458 0.863057
 0.86996 -65.8321 0.863207
 0.87011 -65.8185 0.863207
 0.87026 -65.8048 0.863357
 0.87041 -65.7911 0.863507
 0.87056 -65.7774 0.863657
 0.87071 -65.7638 0.863657
 0.87086 -65.7502 0.863807
0.871011 -65.7365 0.863957
0.871161 -65.7229 0.864107
0.871311 -65.7093 0.864107
0.871461 -65.6957 0.864257
0.871611 -65.6821 0.864407
0.871761 -65.6685 0.864557
0.871911 -65.6549 0.864557
0.872061 -65.6414 0.864707
0.872211 -65.6278 0.864857
0.872361 -65.6143 0.865008
0.872511 -65.6007 0.865008
0.872661 -65.5872 0.865158
0.872811 -65.5737 0.865308
0.872961 -65.5602 0.865458
0.873112 -65.5467 0.865458
0.873262 -65.5332 0.865608
0.873412 -65.5197 0.865758
0.873562 -65.5062 0.865908
0.873712 -65.4928 0.865908
0.873862 -65.4793 0.866058
0.874012 -65.4659 0.866208
0.874162 -65.4524 0.866358
0.874312  -65.439 0.866358
0.874462 -65.4256 0.866508
0.874612 -65.4122 0.866658
0.874762 -65.3988 0.866808
0.874912 -65.3854 0.866808
0.875063  -65.372 0.866958
0.875213 -65.3586 0.867109
0.875363 -65.3453 0.867259
0.875513 -65.3319 0.867259
0.875663 -65.3185 0.867409
0.875813 -65.3052 0.867559
0.875963 -65.2919 0.867709
0.876113 -65.2786 0.867709
0.876263 -65.2652 0.867859
0.876413 -65.2519 0.868009
0.876563 -65.2387 0.868159
0.876713 -65.2254 0.868159
0.876863 -65.2121 0.868309
0.877014 -65.1988 0.868459
0.877164 -65.1856 0.868609
0.877314 -65.1723 0.868609
0.877464 -65.1591 0.868759
0.877614 -65.1458 0.868909
0.877764 -65.1326  0.86906
0.877914 -65.1194  0.86906
0.878064 -65.1062  0.86921
0.878214  -65.093  0.86936
0.878364 -65.0798  0.86951
0.878514 -65.0666  0.86951
0.878664 -65.0535  0.86966
0.878814 -65.0403  0.86981
0.878964 -65.0271  0.86996
0.879115  -65.014  0.87011
0.879265 -65.0009  0.87011
0.879415 -64.9877  0.87026
0.879565 -64.9746  0.87041
0.879715 -64.9615  0.87056
0.879865 -64.9484  0.87056
0.880015 -64.9353  0.87071
0.880165 -64.9222  0.87086
0.880315 -64.9091 0.871011
0.880465 -64.8961 0.871011
0.880615  -64.883 0.871161
0.880765   -64.87 0.871311
0.880915 -64.8569 0.871461
0.881066 -64.8439 0.871611
0.881216 -64.8308 0.871761
0.881366 -64.8178 0.871911
0.881516 -64.8048 0.871911
0.881666 -64.7917 0.872061
0.881816 -64.7787 0.872211
0.881966 -64.7657 0.872361
0.882116 -64.7527 0.872511
0.882266 -64.7397 0.872661
0.882416 -64.7268 0.872661
0.882566 -64.7138 0.872811
0.882716 -64.7008 0.872961
0.882866 -64.6878 0.873112
0.883017 -64.6749 0.873262
0.883167 -64.6619 0.873412
0.883317  -64.649 0.873562
0.883467  -64.636 0.873562
0.883617 -64.6231 0.873712
0.883767 -64.6102 0.873862
0.883917 -64.5972 0.874012
0.884067 -64.5843 0.874162
0.884217 -64.5714 0.874312
0.884367 -64.5585 0.874462
0.884517 -64.5456 0.874462
0.884667 -64.5327 0.874612
0.884817 -64.5198 0.874762
0.884967  -64.507 0.874912
0.885118 -64.4941 0.875063
0.885268 -64.4812 0.875213
0.885418 -64.4684 0.875363
0.885568 -64.4555 0.875363
0.885718 -64.4426 0.875513
0.885868 -64.4298 0.875663
0.886018  -64.417 0.875813
0.886168 -64.4041 0.875963
0.886318 -64.3913 0.876113
0.886468 -64.3785 0.876263
0.886618 -64.3657 0.876263
0.886768 -64.3529 0.876413
0.886918 -64.3401 0.876563
0.887069 -64.3273 0.876713
0.887219 -64.3145 0.876863
0.887369 -64.3017 0.877014
0.887519 -64.2889 0.877164
0.887669 -64.2761 0.877314
0.887819 -64.2634 0.877314
0.887969 -64.2506 0.877464
0.888119 -64.2379 0.877614
0.888269 -64.2251 0.877764
0.888419 -64.2124 0.877914
0.888569 -64.1996 0.878064
0.888719 -64.1869 0.878214
0.888869 -64.1742 0.878214
 0.88902 -64.1615 0.878364
 0.88917 -64.1488 0.878514
 0.88932  -64.136 0.878664
 0.88947 -64.1233 0.878814
 0.88962 -64.1107 0.878964
 0.88977  -64.098 0.879115
 0.88992 -64.0853 0.879115
 0.89007 -64.0726 0.879265
 0.89022 -64.0599 0.879415
 0.89037 -64.0473 0.879565
 0.89052 -64.0346 0.879715
 0.89067 -64.0219 0.879865
 0.89082 -64.0093 0.880015
 0.89097 -63.9967 0.880015
0.891121  -63.984 0.880165
0.891271 -63.9714 0.880315
0.891421 -63.9588 0.880465
0.891571 -63.9461 0.880615
0.891721 -63.9335 0.880765
0.891871 -63.9209 0.880915
0.892021 -63.9083 0.881066
0.892171 -63.8957 0.881066
0.892321 -63.8831 0.881216
0.892471 -63.8705 0.881366
0.892621  -63.858 0.881516
0.892771 -63.8454 0.881666
0.892921 -63.8328 0.881816
0.893072 -63.8203 0.881966
0.893222 -63.8077 0.882116
0.893372 -63.7951 0.882266
0.893522 -63.7826 0.882266
0.893672   -63.77 0.882416
0.893822 -63.7575 0.882566
0.893972  -63.745 0.882716
0.894122 -63.7325 0.882866
0.894272 -63.7199 0.883017
0.894422 -63.7074 0.883167
0.894572 -63.6949 0.883317
0.894722 -63.6824 0.883317
0.894872 -63.6699 0.883467
0.895023 -63.6574 0.883617
0.895173 -63.6449 0.883767
0.895323 -63.6324 0.883917
0.895473   -63.62 0.884067
0.895623 -63.6075 0.884217
0.895773  -63.595 0.884367
0.895923 -63.5826 0.884367
0.896073 -63.5701 0.884517
0.896223 -63.5576 0.884667
0.896373 -63.5452 0.884817
0.896523 -63.5328 0.884967
0.896673 -63.5203 0.885118
0.896823 -63.5079 0.885268
0.896973 -63.4955 0.885418
0.897124 -63.4831 0.885568
0.897274 -63.4706 0.885568
0.897424 -63.4582 0.885718
0.897574 -63.4458 0.885868
0.897724 -63.4334 0.886018
0.897874  -63.421 0.886168
0.898024 -63.4086 0.886318
0.898174 -63.3963 0.886468
0.898324 -63.3839 0.886618
0.898474 -63.3715 0.886618
0.898624 -63.3591 0.886768
0.898774 -63.3468 0.886918
0.898924 -63.3344 0.887069
0.899075 -63.3221 0.887219
0.899225 -63.3097 0.887369
0.899375 -63.2974 0.887519
0.899525 -63.2851 0.887669
0.899675 -63.2727 0.887819
0.899825 -63.2604 0.887819
0.899975 -63.2481 0.887969
0.900125 -63.2358 0.888119
0.900275 -63.2235 0.888269
0.900425 -63.2112 0.888419
0.900575 -63.1989 0.888569
0.900725 -63.1866 0.888719
0.900875 -63.1743 0.888869
0.901026  -63.162 0.888869
0.901176 -63.1497  0.88902
0.901326 -63.1374  0.88917
0.901476 -63.1252  0.88932
0.901626 -63.1129  0.88947
0.901776 -63.1006  0.88962
0.901926 -63.0884  0.88977
0.902076 -63.0761  0.88992
0.902226 -63.0639  0.89007
0.902376 -63.0517  0.89007
0.902526 -63.0394  0.89022
0.902676 -63.0272  0.89037
0.902826  -63.015  0.89052
0.902976 -63.0028  0.89067
0.903127 -62.9906  0.89082
0.903277 -62.9783  0.89097
0.903427 -62.9661 0.891121
0.903577  -62.954 0.891271
0.903727 -62.9418 0.891271
0.903877 -62.9296 0.891421
0.904027 -62.9174 0.891571
0.904177 -62.9052 0.891721
0.904327  -62.893 0.891871
0.904477 -62.8809 0.892021
0.904627 -62.8687 0.892171
0.904777 -62.8566 0.892321
0.904927 -62.8444 0.892471
0.905078 -62.8323 0.892471
0.905228 -62.8201 0.892621
0.905378  -62.808 0.892771
0.905528 -62.7958 0.892921
0.905678 -62.7837 0.893072
0.905828 -62.7716 0.893222
0.905978 -62.7595 0.893372
0.906128 -62.7474 0.893522
0.906278 -62.7353 0.893672
0.906428 -62.7232 0.893672
0.906578 -62.7111 0.893822
0.906728  -62.699 0.893972
0.906878 -62.6869 0.894122
0.907029 -62.6748 0.894272
0.907179 -62.6627 0.894422
0.907329 -62.6507 0.894572
0.907479 -62.6386 0.894722
0.907629 -62.6265 0.894872
0.907779 -62.6145 0.894872
0.907929 -62.6024 0.895023
0.908079 -62.5904 0.895173
0.908229 -62.5783 0.895323
0.908379 -62.5663 0.895473
0.908529 -62.5542 0.895623
0.908679 -62.5422 0.895773
0.908829 -62.5302 0.895923
0.908979 -62.5182 0.896073
 0.90913 -62.5062 0.896073
 0.90928 -62.4942 0.896223
 0.90943 -62.4822 0.896373
 0.90958 -62.4701 0.896523
 0.90973 -62.4582 0.896673
 0.90988 -62.4462 0.896823
 0.91003 -62.4342 0.896973
 0.91018 -62.4222 0.897124
 0.91033 -62.4102 0.897274
 0.91048 -62.3983 0.897274
 0.91063 -62.3863 0.897424
 0.91078 -62.3743 0.897574
 0.91093 -62.3624 0.897724
0.911081 -62.3504 0.897874
0.911231 -62.3385 0.898024
0.911381 -62.3265 0.898174
0.911531 -62.3146 0.898324
0.911681 -62.3027 0.898474
0.911831 -62.2907 0.898624
0.911981 -62.2788 0.898624
0.912131 -62.2669 0.898774
0.912281  -62.255 0.898924
0.912431 -62.2431 0.899075
0.912581 -62.2312 0.899225
0.912731 -62.2193 0.899375
0.912881 -62.2074 0.899525
0.913032 -62.1955 0.899675
0.913182 -62.1836 0.899825
0.913332 -62.1717 0.899825
0.913482 -62.1598 0.899975
0.913632  -62.148 0.900125
0.913782 -62.1361 0.900275
0.913932 -62.1242 0.900425
0.914082 -62.1124 0.900575
0.914232 -62.1005 0.900725
0.914382 -62.0887 0.900875
0.914532 -62.0768 0.901026
0.914682  -62.065 0.901176
0.914832 -62.0531 0.901326
0.914982 -62.0413 0.901326
0.915133 -62.0295 0.901476
0.915283 -62.0177 0.901626
0.915433 -62.0058 0.901776
0.915583  -61.994 0.901926
0.915733 -61.9822 0.902076
0.915883 -61.9704 0.902226
0.916033 -61.9586 0.902376
0.916183 -61.9468 0.902526
0.916333  -61.935 0.902676
0.916483 -61.9232 0.902826
0.916633 -61.9114 0.902976
0.916783 -61.8997 0.902976
0.916933 -61.8879 0.903127
0.917084 -61.8761 0.903277
0.917234 -61.8643 0.903427
0.917384 -61.8526 0.903577
0.917534 -61.8408 0.903727
0.917684 -61.8291 0.903877
0.917834 -61.8173 0.904027
0.917984 -61.8056 0.904177
0.918134 -61.7938 0.904327
0.918284 -61.7821 0.904477
0.918434 -61.7704 0.904477
0.918584 -61.7586 0.904627
0.918734 -61.7469 0.904777
0.918884 -61.7352 0.904927
0.919035 -61.7235 0.905078
0.919185 -61.7118 0.905228
0.919335 -61.7001 0.905378
0.919485 -61.6884 0.905528
0.919635 -61.6767 0.905678
0.919785  -61.665 0.905828
0.919935 -61.6533 0.905978
0.920085 -61.6416 0.906128
0.920235 -61.6299 0.906128
0.920385 -61.6182 0.906278
0.920535 -61.6066 0.906428
0.920685 -61.5949 0.906578
0.920835 -61.5832 0.906728
0.920985 -61.5716 0.906878
0.921136 -61.5599 0.907029
0.921286 -61.5482 0.907179
0.921436 -61.5366 0.907329
0.921586  -61.525 0.907479
0.921736 -61.5133 0.907629
0.921886 -61.5017 0.907629
0.922036 -61.4901 0.907779
0.922186 -61.4784 0.907929
0.922336 -61.4668 0.908079
0.922486 -61.4552 0.908229
0.922636 -61.4436 0.908379
0.922786  -61.432 0.908529
0.922936 -61.4203 0.908679
0.923087 -61.4087 0.908829
0.923237 -61.3971 0.908979
0.923387 -61.3856  0.90913
0.923537  -61.374  0.90928
0.923687 -61.3624  0.90928
0.923837 -61.3508  0.90943
0.923987 -61.3392  0.90958
0.924137 -61.3276  0.90973
0.924287 -61.3161  0.90988
0.924437 -61.3045  0.91003
0.924587 -61.2929  0.91018
0.924737 -61.2814  0.91033
0.924887 -61.2698  0.91048
0.925038 -61.2583  0.91063
0.925188 -61.2467  0.91078
0.925338 -61.2352  0.91078
0.925488 -61.2237  0.91093
0.925638 -61.2121 0.911081
0.925788 -61.2006 0.911231
0.925938 -61.1891 0.911381
0.926088 -61.1776 0.911531
0.926238  -61.166 0.911681
0.926388 -61.1545 0.911831
0.926538  -61.143 0.911981
0.926688 -61.1315 0.912131
0.926838   -61.12 0.912281
0.926988 -61.1085 0.912431
0.927139  -61.097 0.912581
0.927289 -61.0855 0.912581
0.927439 -61.0741 0.912731
0.927589 -61.0626 0.912881
0.927739 -61.0511 0.913032
0.927889 -61.0396 0.913182
0.928039 -61.0282 0.913332
0.928189 -61.0167 0.913482
0.928339 -61.0052 0.913632
0.928489 -60.9938 0.913782
0.928639 -60.9823 0.913932
0.928789 -60.9709 0.914082
0.928939 -60.9594 0.914232
 0.92909  -60.948 0.914232
 0.92924 -60.9366 0.914382
 0.92939 -60.9251 0.914532
 0.92954 -60.9137 0.914682
 0.92969 -60.9023 0.914832
 0.92984 -60.8909 0.914982
 0.92999 -60.8794 0.915133
 0.93014  -60.868 0.915283
 0.93029 -60.8566 0.915433
 0.93044 -60.8452 0.915583
 0.93059 -60.8338 0.915733
 0.93074 -60.8224 0.915883
 0.93089  -60.811 0.916033
0.931041 -60.7996 0.916033
0.931191 -60.7883 0.916183
0.931341 -60.7769 0.916333
0.931491 -60.7655 0.916483
0.931641 -60.7541 0.916633
0.931791 -60.7427 0.916783
0.931941 -60.7314 0.916933
0.932091   -60.72 0.917084
0.932241 -60.7087 0.917234
0.932391 -60.6973 0.917384
0.932541  -60.686 0.917534
0.932691 -60.6746 0.917684
0.932841 -60.6633 0.917834
0.932991 -60.6519 0.917834
0.933142 -60.6406 0.917984
0.933292 -60.6293 0.918134
0.933442 -60.6179 0.918284
0.933592 -60.6066 0.918434
0.933742 -60.5953 0.918584
0.933892  -60.584 0.918734
0.934042 -60.5727 0.918884
0.934192 -60.5614 0.919035
0.934342 -60.5501 0.919185
0.934492 -60.5388 0.919335
0.934642 -60.5275 0.919485
0.934792 -60.5162 0.919635
0.934942 -60.5049 0.919635
0.935093 -60.4936 0.919785
0.935243 -60.4823 0.919935
0.935393  -60.471 0.920085
0.935543 -60.4598 0.920235
0.935693 -60.4485 0.920385
0.935843 -60.4372 0.920535
0.935993  -60.426 0.920685
0.936143 -60.4147 0.920835
0.936293 -60.4035 0.920985
0.936443 -60.3922 0.921136
0.936593  -60.381 0.921286
0.936743 -60.3697 0.921436
0.936893 -60.3585 0.921436
0.937044 -60.3472 0.921586
0.937194  -60.336 0.921736
0.937344 -60.3248 0.921886
0.937494 -60.3136 0.922036
0.937644 -60.3023 0.922186
0.937794 -60.2911 0.922336
0.937944 -60.2799 0.922486
0.938094 -60.2687 0.922636
0.938244 -60.2575 0.922786
0.938394 -60.2463 0.922936
0.938544 -60.2351 0.923087
0.938694 -60.2239 0.923237
0.938844 -60.2127 0.923237
0.938994 -60.2015 0.923387
0.939145 -60.1903 0.923537
0.939295 -60.1792 0.923687
0.939445  -60.168 0.923837
0.939595 -60.1568 0.923987
0.939745 -60.1456 0.924137
0.939895 -60.1345 0.924287
0.940045 -60.1233 0.924437
0.940195 -60.1122 0.924587
0.940345  -60.101 0.924737
0.940495 -60.0899 0.924887
0.940645 -60.0787 0.925038
0.940795 -60.0676 0.925188
0.940945 -60.0564 0.925188
0.941096 -60.0453 0.925338
0.941246 -60.0342 0.925488
0.941396  -60.023 0.925638
0.941546 -60.0119 0.925788
0.941696 -60.0008 0.925938
0.941846 -59.9897 0.926088
0.941996 -59.9786 0.926238
0.942146 -59.9675 0.926388
0.942296 -59.9564 0.926538
0.942446 -59.9453 0.926688
0.942596 -59.9342 0.926838
0.942746 -59.9231 0.926988
0.942896  -59.912 0.926988
0.943047 -59.9009 0.927139
0.943197 -59.8898 0.927289
0.943347 -59.8787 0.927439
0.943497 -59.8677 0.927589
0.943647 -59.8566 0.927739
0.943797 -59.8455 0.927889
0.943947 -59.8345 0.928039
0.944097 -59.8234 0.928189
0.944247 -59.8123 0.928339
0.944397 -59.8013 0.928489
0.944547 -59.7902 0.928639
0.944697 -59.7792 0.928789
0.944847 -59.7682 0.928939
0.944997 -59.7571 0.928939
0.945148 -59.7461  0.92909
0.945298 -59.7351  0.92924
0.945448  -59.724  0.92939
0.945598  -59.713  0.92954
0.945748  -59.702  0.92969
0.945898  -59.691  0.92984
0.946048 -59.6799  0.92999
0.946198 -59.6689  0.93014
0.946348 -59.6579  0.93029
0.946498 -59.6469  0.93044
0.946648 -59.6359  0.93059
0.946798 -59.6249  0.93074
0.946948 -59.6139  0.93074
0.947099  -59.603  0.93089
0.947249  -59.592 0.931041
0.947399  -59.581 0.931191
0.947549   -59.57 0.931341
0.947699  -59.559 0.931491
0.947849 -59.5481 0.931641
0.947999 -59.5371 0.931791
0.948149 -59.5261 0.931941
0.948299 -59.5152 0.932091
0.948449 -59.5042 0.932241
0.948599 -59.4933 0.932391
0.948749 -59.4823 0.932541
0.948899 -59.4714 0.932691
 0.94905 -59.4604 0.932841
  0.9492 -59.4495 0.932841
 0.94935 -59.4386 0.932991
  0.9495 -59.4276 0.933142
 0.94965 -59.4167 0.933292
  0.9498 -59.4058 0.933442
 0.94995 -59.3949 0.933592
  0.9501 -59.3839 0.933742
 0.95025  -59.373 0.933892
  0.9504 -59.3621 0.934042
 0.95055 -59.3512 0.934192
  0.9507 -59.3403 0.934342
 0.95085 -59.3294 0.934492
0.951001 -59.3185 0.934642
0.951151 -59.3076 0.934792
0.951301 -59.2967 0.934792
0.951451 -59.2859 0.934942
0.951601  -59.275 0.935093
0.951751 -59.2641 0.935243
0.951901 -59.2532 0.935393
0.952051 -59.2423 0.935543
0.952201 -59.2315 0.935693
0.952351 -59.2206 0.935843
0.952501 -59.2098 0.935993
0.952651 -59.1989 0.936143
0.952801  -59.188 0.936293
0.952951 -59.1772 0.936443
0.953102 -59.1663 0.936593
0.953252 -59.1555 0.936743
0.953402 -59.1447 0.936893
0.953552 -59.1338 0.936893
0.953702  -59.123 0.937044
0.953852 -59.1122 0.937194
0.954002 -59.1013 0.937344
0.954152 -59.0905 0.937494
0.954302 -59.0797 0.937644
0.954452 -59.0689 0.937794
0.954602 -59.0581 0.937944
0.954752 -59.0473 0.938094
0.954902 -59.0365 0.938244
0.955053 -59.0256 0.938394
0.955203 -59.0149 0.938544
0.955353 -59.0041 0.938694
0.955503 -58.9933 0.938844
0.955653 -58.9825 0.938844
0.955803 -58.9717 0.938994
0.955953 -58.9609 0.939145
0.956103 -58.9501 0.939295
0.956253 -58.9394 0.939445
0.956403 -58.9286 0.939595
0.956553 -58.9178 0.939745
0.956703  -58.907 0.939895
0.956853 -58.8963 0.940045
0.957004 -58.8855 0.940195
0.957154 -58.8748 0.940345
0.957304  -58.864 0.940495
0.957454 -58.8533 0.940645
0.957604 -58.8425 0.940795
0.957754 -58.8318 0.940945
0.957904 -58.8211 0.940945
0.958054 -58.8103 0.941096
0.958204 -58.7996 0.941246
0.958354 -58.7889 0.941396
0.958504 -58.7781 0.941546
0.958654 -58.7674 0.941696
0.958804 -58.7567 0.941846
0.958954  -58.746 0.941996
0.959105 -58.7353 0.942146
0.959255 -58.7246 0.942296
0.959405 -58.7139 0.942446
0.959555 -58.7032 0.942596
0.959705 -58.6925 0.942746
0.959855 -58.6818 0.942896
0.960005 -58.6711 0.943047
0.960155 -58.6604 0.943047
0.960305 -58.6497 0.943197
0.960455  -58.639 0.943347
0.960605 -58.6284 0.943497
0.960755 -58.6177 0.943647
0.960905  -58.607 0.943797
0.961056 -58.5963 0.943947
0.961206 -58.5857 0.944097
0.961356  -58.575 0.944247
0.961506 -58.5644 0.944397
0.961656 -58.5537 0.944547
0.961806 -58.5431 0.944697
0.961956 -58.5324 0.944847
0.962106 -58.5218 0.944997
0.962256 -58.5111 0.945148
0.962406 -58.5005 0.945148
0.962556 -58.4899 0.945298
0.962706 -58.4792 0.945448
0.962856 -58.4686 0.945598
0.963007  -58.458 0.945748
0.963157 -58.4474 0.945898
0.963307 -58.4367 0.946048
0.963457 -58.4261 0.946198
0.963607 -58.4155 0.946348
0.963757 -58.4049 0.946498
0.963907 -58.3943 0.946648
0.964057 -58.3837 0.946798
0.964207 -58.3731 0.946948
0.964357 -58.3625 0.947099
0.964507 -58.3519 0.947249
0.964657 -58.3413 0.947399
0.964807 -58.3308 0.947399
0.964957 -58.3202 0.947549
0.965108 -58.3096 0.947699
0.965258  -58.299 0.947849
0.965408 -58.2885 0.947999
0.965558 -58.2779 0.948149
0.965708 -58.2673 0.948299
0.965858 -58.2568 0.948449
0.966008 -58.2462 0.948599
0.966158 -58.2357 0.948749
0.966308 -58.2251 0.948899
0.966458 -58.2146  0.94905
0.966608  -58.204   0.9492
0.966758 -58.1935  0.94935
0.966908 -58.1829   0.9495
0.967059 -58.1724   0.9495
0.967209 -58.1619  0.94965
0.967359 -58.1513   0.9498
0.967509 -58.1408  0.94995
0.967659 -58.1303   0.9501
0.967809 -58.1198  0.95025
0.967959 -58.1093   0.9504
0.968109 -58.0987  0.95055
0.968259 -58.0882   0.9507
0.968409 -58.0777  0.95085
0.968559 -58.0672 0.951001
0.968709 -58.0567 0.951151
0.968859 -58.0462 0.951301
 0.96901 -58.0357 0.951451
 0.96916 -58.0253 0.951601
 0.96931 -58.0148 0.951601
 0.96946 -58.0043 0.951751
 0.96961 -57.9938 0.951901
 0.96976 -57.9833 0.952051
 0.96991 -57.9729 0.952201
 0.97006 -57.9624 0.952351
 0.97021 -57.9519 0.952501
 0.97036 -57.9415 0.952651
 0.97051  -57.931 0.952801
 0.97066 -57.9205 0.952951
 0.97081 -57.9101 0.953102
 0.97096 -57.8996 0.953252
0.971111 -57.8892 0.953402
0.971261 -57.8787 0.953552
0.971411 -57.8683 0.953702
0.971561 -57.8579 0.953852
0.971711 -57.8474 0.953852
0.971861  -57.837 0.954002
0.972011 -57.8266 0.954152
0.972161 -57.8161 0.954302
0.972311 -57.8057 0.954452
0.972461 -57.7953 0.954602
0.972611 -57.7849 0.954752
0.972761 -57.7745 0.954902
0.972911 -57.7641 0.955053
0.973062 -57.7537 0.955203
0.973212 -57.7433 0.955353
0.973362 -57.7329 0.955503
0.973512 -57.7225 0.955653
0.973662 -57.7121 0.955803
0.973812 -57.7017 0.955953
0.973962 -57.6913 0.956103
0.974112 -57.6809 0.956103
0.974262 -57.6705 0.956253
0.974412 -57.6601 0.956403
0.974562 -57.6498 0.956553
0.974712 -57.6394 0.956703
0.974862  -57.629 0.956853
0.975013 -57.6187 0.957004
0.975163 -57.6083 0.957154
0.975313 -57.5979 0.957304
0.975463 -57.5876 0.957454
0.975613 -57.5772 0.957604
0.975763 -57.5669 0.957754
0.975913 -57.5565 0.957904
0.976063 -57.5462 0.958054
0.976213 -57.5359 0.958204
0.976363 -57.5255 0.958204
0.976513 -57.5152 0.958354
0.976663 -57.5049 0.958504
0.976813 -57.4945 0.958654
0.976963 -57.4842 0.958804
0.977114 -57.4739 0.958954
0.977264 -57.4636 0.959105
0.977414 -57.4532 0.959255
0.977564 -57.4429 0.959405
0.977714 -57.4326 0.959555
0.977864 -57.4223 0.959705
0.978014  -57.412 0.959855
0.978164 -57.4017 0.960005
0.978314 -57.3914 0.960155
0.978464 -57.3811 0.960305
0.978614 -57.3708 0.960455
0.978764 -57.3606 0.960605
0.978914 -57.3503 0.960605
0.979065   -57.34 0.960755
0.979215 -57.3297 0.960905
0.979365 -57.3194 0.961056
0.979515 -57.3092 0.961206
0.979665 -57.2989 0.961356
0.979815 -57.2886 0.961506
0.979965 -57.2784 0.961656
0.980115 -57.2681 0.961806
0.980265 -57.2579 0.961956
0.980415 -57.2476 0.962106
0.980565 -57.2374 0.962256
0.980715 -57.2271 0.962406
0.980865 -57.2169 0.962556
0.981016 -57.2066 0.962706
0.981166 -57.1964 0.962706
0.981316 -57.1862 0.962856
0.981466 -57.1759 0.963007
0.981616 -57.1657 0.963157
0.981766 -57.1555 0.963307
0.981916 -57.1452 0.963457
0.982066  -57.135 0.963607
0.982216 -57.1248 0.963757
0.982366 -57.1146 0.963907
0.982516 -57.1044 0.964057
0.982666 -57.0942 0.964207
0.982816  -57.084 0.964357
0.982966 -57.0738 0.964507
0.983117 -57.0636 0.964657
0.983267 -57.0534 0.964807
0.983417 -57.0432 0.964957
0.983567  -57.033 0.965108
0.983717 -57.0228 0.965108
0.983867 -57.0126 0.965258
0.984017 -57.0025 0.965408
0.984167 -56.9923 0.965558
0.984317 -56.9821 0.965708
0.984467 -56.9719 0.965858
0.984617 -56.9618 0.966008
0.984767 -56.9516 0.966158
0.984917 -56.9414 0.966308
0.985068 -56.9313 0.966458
0.985218 -56.9211 0.966608
0.985368  -56.911 0.966758
0.985518 -56.9008 0.966908
0.985668 -56.8907 0.967059
0.985818 -56.8805 0.967209
0.985968 -56.8704 0.967359
0.986118 -56.8603 0.967359
0.986268 -56.8501 0.967509
0.986418   -56.84 0.967659
0.986568 -56.8299 0.967809
0.986718 -56.8198 0.967959
0.986868 -56.8096 0.968109
0.987019 -56.7995 0.968259
0.987169 -56.7894 0.968409
0.987319 -56.7793 0.968559
0.987469 -56.7692 0.968709
0.987619 -56.7591 0.968859
0.987769  -56.749  0.96901
0.987919 -56.7389  0.96916
0.988069 -56.7288  0.96931
0.988219 -56.7187  0.96946
0.988369 -56.7086  0.96961
0.988519 -56.6985  0.96961
0.988669 -56.6884  0.96976
0.988819 -56.6783  0.96991
0.988969 -56.6682  0.97006
 0.98912 -56.6582  0.97021
 0.98927 -56.6481  0.97036
 0.98942  -56.638  0.97051
 0.98957  -56.628  0.97066
 0.98972 -56.6179  0.97081
 0.98987 -56.6078  0.97096
 0.99002 -56.5978 0.971111
 0.99017 -56.5877 0.971261
 0.99032 -56.5777 0.971411
 0.99047 -56.5676 0.971561
 0.99062 -56.5576 0.971711
 0.99077 -56.5475 0.971861
 0.99092 -56.5375 0.972011
0.991071 -56.5275 0.972011
0.991221 -56.5174 0.972161
0.991371 -56.5074 0.972311
0.991521 -56.4974 0.972461
0.991671 -56.4873 0.972611
0.991821 -56.4773 0.972761
0.991971 -56.4673 0.972911
0.992121 -56.4573 0.973062
0.992271 -56.4473 0.973212
0.992421 -56.4372 0.973362
0.992571 -56.4272 0.973512
0.992721 -56.4172 0.973662
0.992871 -56.4072 0.973812
0.993022 -56.3972 0.973962
0.993172 -56.3872 0.974112
0.993322 -56.3772 0.974262
0.993472 -56.3672 0.974262
0.993622 -56.3573 0.974412
0.993772 -56.3473 0.974562
0.993922 -56.3373 0.974712
0.994072 -56.3273 0.974862
0.994222 -56.3173 0.975013
0.994372 -56.3074 0.975163
0.994522 -56.2974 0.975313
0.994672 -56.2874 0.975463
0.994822 -56.2775 0.975613
0.994972 -56.2675 0.975763
0.995123 -56.2575 0.975913
0.995273 -56.2476 0.976063
0.995423 -56.2376 0.976213
0.995573 -56.2277 0.976363
0.995723 -56.2177 0.976513
0.995873 -56.2078 0.976663
0.996023 -56.1979 0.976663
0.996173 -56.1879 0.976813
0.996323  -56.178 0.976963
0.996473 -56.1681 0.977114
0.996623 -56.1581 0.977264
0.996773 -56.1482 0.977414
0.996923 -56.1383 0.977564
0.997074 -56.1284 0.977714
0.997224 -56.1184 0.977864
0.997374 -56.1085 0.978014
0.997524 -56.0986 0.978164
0.997674 -56.0887 0.978314
0.997824 -56.0788 0.978464
0.997974 -56.0689 0.978614
0.998124  -56.059 0.978764
0.998274 -56.0491 0.978914
0.998424 -56.0392 0.978914
0.998574 -56.0293 0.979065
0.998724 -56.0194 0.979215
0.998874 -56.0095 0.979365
0.999025 -55.9997 0.979515
0.999175 -55.9898 0.979665
0.999325 -55.9799 0.979815
0.999475   -55.97 0.979965
0.999625 -55.9602 0.980115
0.999775 -55.9503 0.980265
0.999925 -55.9404 0.980415
 1.00008 -55.9306 0.980565
 1.00023 -55.9207 0.980715
 1.00038 -55.9108 0.980865
 1.00053  -55.901 0.981016
 1.00068 -55.8911 0.981166
 1.00083 -55.8813 0.981316
 1.00098 -55.8714 0.981316
 1.00113 -55.8616 0.981466
 1.00128 -55.8518 0.981616
 1.00143 -55.8419 0.981766
 1.00158 -55.8321 0.981916
 1.00173 -55.8223 0.982066
 1.00188 -55.8124 0.982216
 1.00203 -55.8026 0.982366
 1.00218 -55.7928 0.982516
 1.00233  -55.783 0.982666
 1.00248 -55.7731 0.982816
 1.00263 -55.7633 0.982966
 1.00278 -55.7535 0.983117
 1.00293 -55.7437 0.983267
 1.00308 -55.7339 0.983417
 1.00323 -55.7241 0.983567
 1.00338 -55.7143 0.983567
 1.00353 -55.7045 0.983717
 1.00368 -55.6947 0.983867
 1.00383 -55.6849 0.984017
 1.00398 -55.6751 0.984167
 1.00413 -55.6654 0.984317
 1.00428 -55.6556 0.984467
 1.00443 -55.6458 0.984617
 1.00458  -55.636 0.984767
 1.00473 -55.6262 0.984917
 1.00488 -55.6165 0.985068
 1.00503 -55.6067 0.985218
 1.00518 -55.5969 0.985368
 1.00533 -55.5872 0.985518
 1.00548 -55.5774 0.985668
 1.00563 -55.5677 0.985818
 1.00578 -55.5579 0.985968
 1.00593 -55.5482 0.985968
 1.00608 -55.5384 0.986118
 1.00623 -55.5287 0.986268
 1.00638 -55.5189 0.986418
 1.00653 -55.5092 0.986568
 1.00668 -55.4994 0.986718
 1.00683 -55.4897 0.986868
 1.00698   -55.48 0.987019
 1.00713 -55.4702 0.987169
 1.00728 -55.4605 0.987319
 1.00743 -55.4508 0.987469
 1.00758 -55.4411 0.987619
 1.00773 -55.4314 0.987769
 1.00788 -55.4216 0.987919
 1.00803 -55.4119 0.988069
 1.00818 -55.4022 0.988219
 1.00833 -55.3925 0.988369
 1.00848 -55.3828 0.988369
 1.00863 -55.3731 0.988519
 1.00878 -55.3634 0.988669
 1.00893 -55.3537 0.988819
 1.00908  -55.344 0.988969
 1.00923 -55.3343  0.98912
 1.00938 -55.3247  0.98927
 1.00953  -55.315  0.98942
 1.00968 -55.3053  0.98957
 1.00983 -55.2956  0.98972
 1.00998 -55.2859  0.98987
 1.01013 -55.2763  0.99002
 1.01028 -55.2666  0.99017
 1.01043 -55.2569  0.99032
 1.01058 -55.2473  0.99047
 1.01073 -55.2376  0.99062
 1.01088 -55.2279  0.99077
 1.01103 -55.2183  0.99077
 1.01118 -55.2086  0.99092
 1.01133  -55.199 0.991071
 1.01148 -55.1893 0.991221
 1.01163 -55.1797 0.991371
 1.01178   -55.17 0.991521
 1.01193 -55.1604 0.991671
 1.01208 -55.1508 0.991821
 1.01223 -55.1411 0.991971
 1.01238 -55.1315 0.992121
 1.01253 -55.1219 0.992271
 1.01268 -55.1123 0.992421
 1.01283 -55.1026 0.992571
 1.01298  -55.093 0.992721
 1.01313 -55.0834 0.992871
 1.01328 -55.0738 0.993022
 1.01343 -55.0642 0.993172
 1.01358 -55.0546 0.993172
 1.01373  -55.045 0.993322
 1.01388 -55.0353 0.993472
 1.01403 -55.0257 0.993622
 1.01418 -55.0161 0.993772
 1.01433 -55.0066 0.993922
 1.01448  -54.997 0.994072
 1.01463 -54.9874 0.994222
 1.01478 -54.9778 0.994372
 1.01493 -54.9682 0.994522
 1.01508 -54.9586 0.994672
 1.01523  -54.949 0.994822
 1.01538 -54.9395 0.994972
 1.01553 -54.9299 0.995123
 1.01568 -54.9203 0.995273
 1.01583 -54.9108 0.995423
 1.01598 -54.9012 0.995573
 1.01613 -54.8916 0.995573
 1.01628 -54.8821 0.995723
 1.01643 -54.8725 0.995873
 1.01658  -54.863 0.996023
 1.01673 -54.8534 0.996173
 1.01688 -54.8439 0.996323
 1.01703 -54.8343 0.996473
 1.01718 -54.8248 0.996623
 1.01733 -54.8152 0.996773
 1.01748 -54.8057 0.996923
 1.01763 -54.7962 0.997074
 1.01778 -54.7866 0.997224
 1.01793 -54.7771 0.997374
 1.01808 -54.7676 0.997524
 1.01823  -54.758 0.997674
 1.01838 -54.7485 0.997824
 1.01853  -54.739 0.997974
 1.01868 -54.7295 0.997974
 1.01883   -54.72 0.998124
 1.01898 -54.7105 0.998274
 1.01913  -54.701 0.998424
 1.01928 -54.6914 0.998574
 1.01943 -54.6819 0.998724
 1.01958 -54.6724 0.998874
 1.01973 -54.6629 0.999025
 1.01988 -54.6535 0.999175
 1.02004  -54.644 0.999325
 1.02019 -54.6345 0.999475
 1.02034  -54.625 0.999625
 1.02049 -54.6155 0.999775
 1.02064  -54.606 0.999925
 1.02079 -54.5965  1.00008
 1.02094 -54.5871  1.00023
 1.02109 -54.5776  1.00038
 1.02124 -54.5681  1.00038
 1.02139 -54.5587  1.00053
 1.02154 -54.5492  1.00068
 1.02169 -54.5397  1.00083
 1.02184 -54.5303  1.00098
 1.02199 -54.5208  1.00113
 1.02214 -54.5114  1.00128
 1.02229 -54.5019  1.00143
 1.02244 -54.4925  1.00158
 1.02259  -54.483  1.00173
 1.02274 -54.4736  1.00188
 1.02289 -54.4641  1.00203
 1.02304 -54.4547  1.00218
 1.02319 -54.4453  1.00233
 1.02334 -54.4358  1.00248
 1.02349 -54.4264  1.00263
 1.02364  -54.417  1.00278
 1.02379 -54.4075  1.00278
 1.02394 -54.3981  1.00293
 1.02409 -54.3887  1.00308
 1.02424 -54.3793  1.00323
 1.02439 -54.3699  1.00338
 1.02454 -54.3605  1.00353
 1.02469 -54.3511  1.00368
 1.02484 -54.3416  1.00383
 1.02499 -54.3322  1.00398
 1.02514 -54.3228  1.00413
 1.02529 -54.3134  1.00428
 1.02544  -54.304  1.00443
 1.02559 -54.2947  1.00458
 1.02574 -54.2853  1.00473
 1.02589 -54.2759  1.00488
 1.02604 -54.2665  1.00503
 1.02619 -54.2571  1.00518
 1.02634 -54.2477  1.00518
 1.02649 -54.2384  1.00533
 1.02664  -54.229  1.00548
 1.02679 -54.2196  1.00563
 1.02694 -54.2102  1.00578
 1.02709 -54.2009  1.00593
 1.02724 -54.1915  1.00608
 1.02739 -54.1822  1.00623
 1.02754 -54.1728  1.00638
 1.02769 -54.1634  1.00653
 1.02784 -54.1541  1.00668
 1.02799 -54.1447  1.00683
 1.02814 -54.1354  1.00698
 1.02829  -54.126  1.00713
 1.02844 -54.1167  1.00728
 1.02859 -54.1074  1.00743
 1.02874  -54.098  1.00758
 1.02889 -54.0887  1.00758
 1.02904 -54.0794  1.00773
 1.02919   -54.07  1.00788
 1.02934 -54.0607  1.00803
 1.02949 -54.0514  1.00818
 1.02964 -54.0421  1.00833
 1.02979 -54.0327  1.00848
 1.02994 -54.0234  1.00863
 1.03009 -54.0141  1.00878
 1.03024 -54.0048  1.00893
 1.03039 -53.9955  1.00908
 1.03054 -53.9862  1.00923
 1.03069 -53.9769  1.00938
 1.03084 -53.9676  1.00953
 1.03099 -53.9583  1.00968
 1.03114  -53.949  1.00983
 1.03129 -53.9397  1.00998
 1.03144 -53.9304  1.00998
 1.03159 -53.9211  1.01013
 1.03174 -53.9118  1.01028
 1.03189 -53.9026  1.01043
 1.03204 -53.8933  1.01058
 1.03219  -53.884  1.01073
 1.03234 -53.8747  1.01088
 1.03249 -53.8655  1.01103
 1.03264 -53.8562  1.01118
 1.03279 -53.8469  1.01133
 1.03294 -53.8377  1.01148
 1.03309 -53.8284  1.01163
 1.03324 -53.8191  1.01178
 1.03339 -53.8099  1.01193
 1.03354 -53.8006  1.01208
 1.03369 -53.7914  1.01223
 1.03384 -53.7821  1.01238
 1.03399 -53.7729  1.01253
 1.03414 -53.7636  1.01253
 1.03429 -53.7544  1.01268
 1.03444 -53.7452  1.01283
 1.03459 -53.7359  1.01298
 1.03474 -53.7267  1.01313
 1.03489 -53.7175  1.01328
 1.03504 -53.7082  1.01343
 1.03519  -53.699  1.01358
 1.03534 -53.6898  1.01373
 1.03549 -53.6806  1.01388
 1.03564 -53.6714  1.01403
 1.03579 -53.6621  1.01418
 1.03594 -53.6529  1.01433
 1.03609 -53.6437  1.01448
 1.03624 -53.6345  1.01463
 1.03639 -53.6253  1.01478
 1.03654 -53.6161  1.01493
 1.03669 -53.6069  1.01493
 1.03684 -53.5977  1.01508
 1.03699 -53.5885  1.01523
 1.03714 -53.5793  1.01538
 1.03729 -53.5701  1.01553
 1.03744  -53.561  1.01568
 1.03759 -53.5518  1.01583
 1.03774 -53.5426  1.01598
 1.03789 -53.5334  1.01613
 1.03804 -53.5242  1.01628
 1.03819 -53.5151  1.01643
 1.03834 -53.5059  1.01658
 1.03849 -53.4967  1.01673
 1.03864 -53.4876  1.01688
 1.03879 -53.4784  1.01703
 1.03894 -53.4692  1.01718
 1.03909 -53.4601  1.01733
 1.03924 -53.4509  1.01733
 1.03939 -53.4418  1.01748
 1.03954 -53.4326  1.01763
 1.03969 -53.4235  1.01778
 1.03984 -53.4143  1.01793
 1.03999 -53.4052  1.01808
 1.04015  -53.396  1.01823
  1.0403 -53.3869  1.01838
 1.04045 -53.3778  1.01853
  1.0406 -53.3686  1.01868
 1.04075 -53.3595  1.01883
  1.0409 -53.3504  1.01898
 1.04105 -53.3413  1.01913
  1.0412 -53.3321  1.01928
 1.04135  -53.323  1.01943
  1.0415 -53.3139  1.01958
 1.04165 -53.3048  1.01973
  1.0418 -53.2957  1.01973
 1.04195 -53.2866  1.01988
  1.0421 -53.2775  1.02004
 1.04225 -53.2683  1.02019
  1.0424 -53.2592  1.02034
 1.04255 -53.2501  1.02049
  1.0427  -53.241  1.02064
 1.04285  -53.232  1.02079
   1.043 -53.2229  1.02094
 1.04315 -53.2138  1.02109
  1.0433 -53.2047  1.02124
 1.04345 -53.1956  1.02139
  1.0436 -53.1865  1.02154
 1.04375 -53.1774  1.02169
  1.0439 -53.1684  1.02184
 1.04405 -53.1593  1.02199
  1.0442 -53.1502  1.02214
 1.04435 -53.1412  1.02214
  1.0445 -53.1321  1.02229
 1.04465  -53.123  1.02244
  1.0448  -53.114  1.02259
 1.04495 -53.1049  1.02274
  1.0451 -53.0958  1.02289
 1.04525 -53.0868  1.02304
  1.0454 -53.0777  1.02319
 1.04555 -53.0687  1.02334
  1.0457 -53.0596  1.02349
 1.04585 -53.0506  1.02364
   1.046 -53.0416  1.02379
 1.04615 -53.0325  1.02394
  1.0463 -53.0235  1.02409
 1.04645 -53.0144  1.02424
  1.0466 -53.0054  1.02439
 1.04675 -52.9964  1.02454
  1.0469 -52.9874  1.02454
 1.04705 -52.9783  1.02469
  1.0472 -52.9693  1.02484
 1.04735 -52.9603  1.02499
  1.0475 -52.9513  1.02514
 1.04765 -52.9423  1.02529
  1.0478 -52.9333  1.02544
 1.04795 -52.9242  1.02559
  1.0481 -52.9152  1.02574
 1.04825 -52.9062  1.02589
  1.0484 -52.8972  1.02604
 1.04855 -52.8882  1.02619
  1.0487 -52.8792  1.02634
 1.04885 -52.8702  1.02649
   1.049 -52.8613  1.02664
 1.04915 -52.8523  1.02679
  1.0493 -52.8433  1.02694
 1.04945 -52.8343  1.02709
  1.0496 -52.8253  1.02709
 1.04975 -52.8163  1.02724
  1.0499 -52.8074  1.02739
 1.05005 -52.7984  1.02754
  1.0502 -52.7894  1.02769
 1.05035 -52.7804  1.02784
  1.0505 -52.7715  1.02799
 1.05065 -52.7625  1.02814
  1.0508 -52.7536  1.02829
 1.05095 -52.7446  1.02844
  1.0511 -52.7356  1.02859
 1.05125 -52.7267  1.02874
  1.0514 -52.7177  1.02889
 1.05155 -52.7088  1.02904
  1.0517 -52.6998  1.02919
 1.05185 -52.6909  1.02934
   1.052  -52.682  1.02949
 1.05215  -52.673  1.02949
  1.0523 -52.6641  1.02964
 1.05245 -52.6551  1.02979
  1.0526 -52.6462  1.02994
 1.05275 -52.6373  1.03009
  1.0529 -52.6284  1.03024
 1.05305 -52.6194  1.03039
  1.0532 -52.6105  1.03054
 1.05335 -52.6016  1.03069
  1.0535 -52.5927  1.03084
 1.05365 -52.5838  1.03099
  1.0538 -52.5748  1.03114
 1.05395 -52.5659  1.03129
  1.0541  -52.557  1.03144
 1.05425 -52.5481  1.03159
  1.0544 -52.5392  1.03174
 1.05455 -52.5303  1.03189
  1.0547 -52.5214  1.03189
 1.05485 -52.5125  1.03204
   1.055 -52.5036  1.03219
 1.05515 -52.4947  1.03234
  1.0553 -52.4859  1.03249
 1.05545  -52.477  1.03264
  1.0556 -52.4681  1.03279
 1.05575 -52.4592  1.03294
  1.0559 -52.4503  1.03309
 1.05605 -52.4415  1.03324
  1.0562 -52.4326  1.03339
 1.05635 -52.4237  1.03354
  1.0565 -52.4148  1.03369
 1.05665  -52.406  1.03384
  1.0568 -52.3971  1.03399
 1.05695 -52.3883  1.03414
  1.0571 -52.3794  1.03429
 1.05725 -52.3705  1.03429
  1.0574 -52.3617  1.03444
 1.05755 -52.3528  1.03459
  1.0577  -52.344  1.03474
 1.05785 -52.3351  1.03489
   1.058 -52.3263  1.03504
 1.05815 -52.3175  1.03519
  1.0583 -52.3086  1.03534
 1.05845 -52.2998  1.03549
  1.0586  -52.291  1.03564
 1.05875 -52.2821  1.03579
  1.0589 -52.2733  1.03594
 1.05905 -52.2645  1.03609
  1.0592 -52.2556  1.03624
 1.05935 -52.2468  1.03639
  1.0595  -52.238  1.03654
 1.05965 -52.2292  1.03669
  1.0598 -52.2204  1.03669
 1.05995 -52.2116  1.03684
 1.06011 -52.2028  1.03699
 1.06026 -52.1939  1.03714
 1.06041 -52.1851  1.03729
 1.06056 -52.1763  1.03744
 1.06071 -52.1675  1.03759
 1.06086 -52.1587  1.03774
 1.06101 -52.1499  1.03789
 1.06116 -52.1412  1.03804
 1.06131 -52.1324  1.03819
 1.06146 -52.1236  1.03834
 1.06161 -52.1148  1.03849
 1.06176  -52.106  1.03864
 1.06191 -52.0972  1.03879
 1.06206 -52.0885  1.03894
 1.06221 -52.0797  1.03909
 1.06236 -52.0709  1.03909
 1.06251 -52.0621  1.03924
 1.06266 -52.0534  1.03939
 1.06281 -52.0446  1.03954
 1.06296 -52.0358  1.03969
 1.06311 -52.0271  1.03984
 1.06326 -52.0183  1.03999
 1.06341 -52.0096  1.04015
 1.06356 -52.0008   1.0403
 1.06371 -51.9921  1.04045
 1.06386 -51.9833   1.0406
 1.06401 -51.9746  1.04075
 1.06416 -51.9658   1.0409
 1.06431 -51.9571  1.04105
 1.06446 -51.9483   1.0412
 1.06461 -51.9396  1.04135
 1.06476 -51.9309   1.0415
 1.06491 -51.9221   1.0415
 1.06506 -51.9134  1.04165
 1.06521 -51.9047   1.0418
 1.06536 -51.8959  1.04195
 1.06551 -51.8872   1.0421
 1.06566 -51.8785  1.04225
 1.06581 -51.8698   1.0424
 1.06596 -51.8611  1.04255
 1.06611 -51.8524   1.0427
 1.06626 -51.8436  1.04285
 1.06641 -51.8349    1.043
 1.06656 -51.8262  1.04315
 1.06671 -51.8175   1.0433
 1.06686 -51.8088  1.04345
 1.06701 -51.8001   1.0436
 1.06716 -51.7914  1.04375
 1.06731 -51.7827   1.0439
 1.06746  -51.774   1.0439
 1.06761 -51.7654  1.04405
 1.06776 -51.7567   1.0442
 1.06791  -51.748  1.04435
 1.06806 -51.7393   1.0445
 1.06821 -51.7306  1.04465
 1.06836 -51.7219   1.0448
 1.06851 -51.7133  1.04495
 1.06866 -51.7046   1.0451
 1.06881 -51.6959  1.04525
 1.06896 -51.6873   1.0454
 1.06911 -51.6786  1.04555
 1.06926 -51.6699   1.0457
 1.06941 -51.6613  1.04585
 1.06956 -51.6526    1.046
 1.06971  -51.644  1.04615
 1.06986 -51.6353   1.0463
 1.07001 -51.6267   1.0463
 1.07016  -51.618  1.04645
 1.07031 -51.6094   1.0466
 1.07046 -51.6007  1.04675
 1.07061 -51.5921   1.0469
 1.07076 -51.5834  1.04705
 1.07091 -51.5748   1.0472
 1.07106 -51.5662  1.04735
 1.07121 -51.5575   1.0475
 1.07136 -51.5489  1.04765
 1.07151 -51.5403   1.0478
 1.07166 -51.5316  1.04795
 1.07181  -51.523   1.0481
 1.07196 -51.5144  1.04825
 1.07211 -51.5058   1.0484
 1.07226 -51.4972  1.04855
 1.07241 -51.4886  1.04855
 1.07256 -51.4799   1.0487
 1.07271 -51.4713  1.04885
 1.07286 -51.4627    1.049
 1.07301 -51.4541  1.04915
 1.07316 -51.4455   1.0493
 1.07331 -51.4369  1.04945
 1.07346 -51.4283   1.0496
 1.07361 -51.4197  1.04975
 1.07376 -51.4111   1.0499
 1.07391 -51.4026  1.05005
 1.07406  -51.394   1.0502
 1.07421 -51.3854  1.05035
 1.07436 -51.3768   1.0505
 1.07451 -51.3682  1.05065
 1.07466 -51.3596   1.0508
 1.07481 -51.3511  1.05095
 1.07496 -51.3425  1.05095
 1.07511 -51.3339   1.0511
 1.07526 -51.3254  1.05125
 1.07541 -51.3168   1.0514
 1.07556 -51.3082  1.05155
 1.07571 -51.2997   1.0517
 1.07586 -51.2911  1.05185
 1.07601 -51.2825    1.052
 1.07616  -51.274  1.05215
 1.07631 -51.2654   1.0523
 1.07646 -51.2569  1.05245
 1.07661 -51.2483   1.0526
 1.07676 -51.2398  1.05275
 1.07691 -51.2313   1.0529
 1.07706 -51.2227  1.05305
 1.07721 -51.2142   1.0532
 1.07736 -51.2056  1.05335
 1.07751 -51.1971  1.05335
 1.07766 -51.1886   1.0535
 1.07781   -51.18  1.05365
 1.07796 -51.1715   1.0538
 1.07811  -51.163  1.05395
 1.07826 -51.1545   1.0541
 1.07841  -51.146  1.05425
 1.07856 -51.1374   1.0544
 1.07871 -51.1289  1.05455
 1.07886 -51.1204   1.0547
 1.07901 -51.1119  1.05485
 1.07916 -51.1034    1.055
 1.07931 -51.0949  1.05515
 1.07946 -51.0864   1.0553
 1.07961 -51.0779  1.05545
 1.07976 -51.0694   1.0556
 1.07991 -51.0609   1.0556
 1.08007 -51.0524  1.05575
 1.08022 -51.0439   1.0559
 1.08037 -51.0354  1.05605
 1.08052 -51.0269   1.0562
 1.08067 -51.0184  1.05635
 1.08082   -51.01   1.0565
 1.08097 -51.0015  1.05665
 1.08112  -50.993   1.0568
 1.08127 -50.9845  1.05695
 1.08142 -50.9761   1.0571
 1.08157 -50.9676  1.05725
 1.08172 -50.9591   1.0574
 1.08187 -50.9507  1.05755
 1.08202 -50.9422   1.0577
 1.08217 -50.9337  1.05785
 1.08232 -50.9253    1.058
 1.08247 -50.9168    1.058
 1.08262 -50.9084  1.05815
 1.08277 -50.8999   1.0583
 1.08292 -50.8915  1.05845
 1.08307  -50.883   1.0586
 1.08322 -50.8746  1.05875
 1.08337 -50.8661   1.0589
 1.08352 -50.8577  1.05905
 1.08367 -50.8492   1.0592
 1.08382 -50.8408  1.05935
 1.08397 -50.8324   1.0595
 1.08412 -50.8239  1.05965
 1.08427 -50.8155   1.0598
 1.08442 -50.8071  1.05995
 1.08457 -50.7987  1.06011
 1.08472 -50.7902  1.06026
 1.08487 -50.7818  1.06026
 1.08502 -50.7734  1.06041
 1.08517  -50.765  1.06056
 1.08532 -50.7566  1.06071
 1.08547 -50.7482  1.06086
 1.08562 -50.7398  1.06101
 1.08577 -50.7314  1.06116
 1.08592  -50.723  1.06131
 1.08607 -50.7146  1.06146
 1.08622 -50.7062  1.06161
 1.08637 -50.6978  1.06176
 1.08652 -50.6894  1.06191
 1.08667  -50.681  1.06206
 1.08682 -50.6726  1.06221
 1.08697 -50.6642  1.06236
 1.08712 -50.6558  1.06251
 1.08727 -50.6474  1.06251
 1.08742 -50.6391  1.06266
 1.08757 -50.6307  1.06281
 1.08772 -50.6223  1.06296
 1.08787 -50.6139  1.06311
 1.08802 -50.6056  1.06326
 1.08817 -50.5972  1.06341
 1.08832 -50.5888  1.06356
 1.08847 -50.5805  1.06371
 1.08862 -50.5721  1.06386
 1.08877 -50.5637  1.06401
 1.08892 -50.5554  1.06416
 1.08907  -50.547  1.06431
 1.08922 -50.5387  1.06446
 1.08937 -50.5303  1.06461
 1.08952  -50.522  1.06476
 1.08967 -50.5136  1.06476
 1.08982 -50.5053  1.06491
 1.08997 -50.4969  1.06506
 1.09012 -50.4886  1.06521
 1.09027 -50.4803  1.06536
 1.09042 -50.4719  1.06551
 1.09057 -50.4636  1.06566
 1.09072 -50.4553  1.06581
 1.09087 -50.4469  1.06596
 1.09102 -50.4386  1.06611
 1.09117 -50.4303  1.06626
 1.09132  -50.422  1.06641
 1.09147 -50.4137  1.06656
 1.09162 -50.4053  1.06671
 1.09177  -50.397  1.06686
 1.09192 -50.3887  1.06701
 1.09207 -50.3804  1.06701
 1.09222 -50.3721  1.06716
 1.09237 -50.3638  1.06731
 1.09252 -50.3555  1.06746
 1.09267 -50.3472  1.06761
 1.09282 -50.3389  1.06776
 1.09297 -50.3306  1.06791
 1.09312 -50.3223  1.06806
 1.09327  -50.314  1.06821
 1.09342 -50.3057  1.06836
 1.09357 -50.2975  1.06851
 1.09372 -50.2892  1.06866
 1.09387 -50.2809  1.06881
 1.09402 -50.2726  1.06896
 1.09417 -50.2643  1.06911
 1.09432 -50.2561  1.06911
 1.09447 -50.2478  1.06926
 1.09462 -50.2395  1.06941
 1.09477 -50.2313  1.06956
 1.09492  -50.223  1.06971
 1.09507 -50.2147  1.06986
 1.09522 -50.2065  1.07001
 1.09537 -50.1982  1.07016
 1.09552   -50.19  1.07031
 1.09567 -50.1817  1.07046
 1.09582 -50.1734  1.07061
 1.09597 -50.1652  1.07076
 1.09612  -50.157  1.07091
 1.09627 -50.1487  1.07106
 1.09642 -50.1405  1.07121
 1.09657 -50.1322  1.07136
 1.09672  -50.124  1.07136
 1.09687 -50.1158  1.07151
 1.09702 -50.1075  1.07166
 1.09717 -50.0993  1.07181
 1.09732 -50.0911  1.07196
 1.09747 -50.0828  1.07211
 1.09762 -50.0746  1.07226
 1.09777 -50.0664  1.07241
 1.09792 -50.0582  1.07256
 1.09807   -50.05  1.07271
 1.09822 -50.0417  1.07286
 1.09837 -50.0335  1.07301
 1.09852 -50.0253  1.07316
 1.09867 -50.0171  1.07331
 1.09882 -50.0089  1.07346
 1.09897 -50.0007  1.07346
 1.09912 -49.9925  1.07361
 1.09927 -49.9843  1.07376
 1.09942 -49.9761  1.07391
 1.09957 -49.9679  1.07406
 1.09972 -49.9597  1.07421
 1.09987 -49.9515  1.07436
 1.10003 -49.9433  1.07451
 1.10018 -49.9352  1.07466
 1.10033  -49.927  1.07481
 1.10048 -49.9188  1.07496
 1.10063 -49.9106  1.07511
 1.10078 -49.9024  1.07526
 1.10093 -49.8943  1.07541
 1.10108 -49.8861  1.07556
 1.10123 -49.8779  1.07556
 1.10138 -49.8698  1.07571
 1.10153 -49.8616  1.07586
 1.10168 -49.8534  1.07601
 1.10183 -49.8453  1.07616
 1.10198 -49.8371  1.07631
 1.10213  -49.829  1.07646
 1.10228 -49.8208  1.07661
 1.10243 -49.8126  1.07676
 1.10258 -49.8045  1.07691
 1.10273 -49.7964  1.07706
 1.10288 -49.7882  1.07721
 1.10303 -49.7801  1.07736
 1.10318 -49.7719  1.07751
 1.10333 -49.7638  1.07766
 1.10348 -49.7557  1.07781
 1.10363 -49.7475  1.07781
 1.10378 -49.7394  1.07796
 1.10393 -49.7313  1.07811
 1.10408 -49.7231  1.07826
 1.10423  -49.715  1.07841
 1.10438 -49.7069  1.07856
 1.10453 -49.6988  1.07871
 1.10468 -49.6907  1.07886
 1.10483 -49.6825  1.07901
 1.10498 -49.6744  1.07916
 1.10513 -49.6663  1.07931
 1.10528 -49.6582  1.07946
 1.10543 -49.6501  1.07961
 1.10558  -49.642  1.07976
 1.10573 -49.6339  1.07991
 1.10588 -49.6258  1.07991
 1.10603 -49.6177  1.08007
 1.10618 -49.6096  1.08022
 1.10633 -49.6015  1.08037
 1.10648 -49.5934  1.08052
 1.10663 -49.5853  1.08067
 1.10678 -49.5773  1.08082
 1.10693 -49.5692  1.08097
 1.10708 -49.5611  1.08112
 1.10723  -49.553  1.08127
 1.10738 -49.5449  1.08142
 1.10753 -49.5369  1.08157
 1.10768 -49.5288  1.08172
 1.10783 -49.5207  1.08187
 1.10798 -49.5126  1.08187
 1.10813 -49.5046  1.08202
 1.10828 -49.4965  1.08217
 1.10843 -49.4885  1.08232
 1.10858 -49.4804  1.08247
 1.10873 -49.4723  1.08262
 1.10888 -49.4643  1.08277
 1.10903 -49.4562  1.08292
 1.10918 -49.4482  1.08307
 1.10933 -49.4401  1.08322
 1.10948 -49.4321  1.08337
 1.10963 -49.4241  1.08352
 1.10978  -49.416  1.08367
 1.10993  -49.408  1.08382
 1.11008 -49.3999  1.08397
 1.11023 -49.3919  1.08397
 1.11038 -49.3839  1.08412
 1.11053 -49.3758  1.08427
 1.11068 -49.3678  1.08442
 1.11083 -49.3598  1.08457
 1.11098 -49.3518  1.08472
 1.11113 -49.3438  1.08487
 1.11128 -49.3357  1.08502
 1.11143 -49.3277  1.08517
 1.11158 -49.3197  1.08532
 1.11173 -49.3117  1.08547
 1.11188 -49.3037  1.08562
 1.11203 -49.2957  1.08577
 1.11218 -49.2877  1.08592
 1.11233 -49.2797  1.08592
 1.11248 -49.2717  1.08607
 1.11263 -49.2637  1.08622
 1.11278 -49.2557  1.08637
 1.11293 -49.2477  1.08652
 1.11308 -49.2397  1.08667
 1.11323 -49.2317  1.08682
 1.11338 -49.2237  1.08697
 1.11353 -49.2158  1.08712
 1.11368 -49.2078  1.08727
 1.11383 -49.1998  1.08742
 1.11398 -49.1918  1.08757
 1.11413 -49.1838  1.08772
 1.11428 -49.1759  1.08787
 1.11443 -49.1679  1.08787
 1.11458 -49.1599  1.08802
 1.11473  -49.152  1.08817
 1.11488  -49.144  1.08832
 1.11503  -49.136  1.08847
 1.11518 -49.1281  1.08862
 1.11533 -49.1201  1.08877
 1.11548 -49.1122  1.08892
 1.11563 -49.1042  1.08907
 1.11578 -49.0963  1.08922
 1.11593 -49.0883  1.08937
 1.11608 -49.0804  1.08952
 1.11623 -49.0724  1.08967
 1.11638 -49.0645  1.08982
 1.11653 -49.0566  1.08982
 1.11668 -49.0486  1.08997
 1.11683 -49.0407  1.09012
 1.11698 -49.0328  1.09027
 1.11713 -49.0248  1.09042
 1.11728 -49.0169  1.09057
 1.11743  -49.009  1.09072
 1.11758 -49.0011  1.09087
 1.11773 -48.9931  1.09102
 1.11788 -48.9852  1.09117
 1.11803 -48.9773  1.09132
 1.11818 -48.9694  1.09147
 1.11833 -48.9615  1.09162
 1.11848 -48.9536  1.09162
 1.11863 -48.9457  1.09177
 1.11878 -48.9378  1.09192
 1.11893 -48.9299  1.09207
 1.11908  -48.922  1.09222
 1.11923 -48.9141  1.09237
 1.11938 -48.9062  1.09252
 1.11953 -48.8983  1.09267
 1.11968 -48.8904  1.09282
 1.11983 -48.8825  1.09297
 1.11998 -48.8746  1.09312
 1.12014 -48.8667  1.09327
 1.12029 -48.8589  1.09342
 1.12044  -48.851  1.09342
 1.12059 -48.8431  1.09357
 1.12074 -48.8352  1.09372
 1.12089 -48.8274  1.09387
 1.12104 -48.8195  1.09402
 1.12119 -48.8116  1.09417
 1.12134 -48.8038  1.09432
 1.12149 -48.7959  1.09447
 1.12164  -48.788  1.09462
 1.12179 -48.7802  1.09477
 1.12194 -48.7723  1.09492
 1.12209 -48.7645  1.09507
 1.12224 -48.7566  1.09507
 1.12239 -48.7488  1.09522
 1.12254 -48.7409  1.09537
 1.12269 -48.7331  1.09552
 1.12284 -48.7252  1.09567
 1.12299 -48.7174  1.09582
 1.12314 -48.7096  1.09597
 1.12329 -48.7017  1.09612
 1.12344 -48.6939  1.09627
 1.12359 -48.6861  1.09642
 1.12374 -48.6782  1.09657
 1.12389 -48.6704  1.09672
 1.12404 -48.6626  1.09672
 1.12419 -48.6548  1.09687
 1.12434  -48.647  1.09702
 1.12449 -48.6392  1.09717
 1.12464 -48.6313  1.09732
 1.12479 -48.6235  1.09747
 1.12494 -48.6157  1.09762
 1.12509 -48.6079  1.09777
 1.12524 -48.6001  1.09792
 1.12539 -48.5923  1.09807
 1.12554 -48.5845  1.09822
 1.12569 -48.5767  1.09822
 1.12584 -48.5689  1.09837
 1.12599 -48.5611  1.09852
 1.12614 -48.5534  1.09867
 1.12629 -48.5456  1.09882
 1.12644 -48.5378  1.09897
 1.12659   -48.53  1.09912
 1.12674 -48.5222  1.09927
 1.12689 -48.5145  1.09942
 1.12704 -48.5067  1.09957
 1.12719 -48.4989  1.09972
 1.12734 -48.4911  1.09987
 1.12749 -48.4834  1.09987
 1.12764 -48.4756  1.10003
 1.12779 -48.4678  1.10018
 1.12794 -48.4601  1.10033
 1.12809 -48.4523  1.10048
 1.12824 -48.4446  1.10063
 1.12839 -48.4368  1.10078
 1.12854 -48.4291  1.10093
 1.12869 -48.4213  1.10108
 1.12884 -48.4136  1.10123
 1.12899 -48.4058  1.10138
 1.12914 -48.3981  1.10138
 1.12929 -48.3904  1.10153
 1.12944 -48.3826  1.10168
 1.12959 -48.3749  1.10183
 1.12974 -48.3672  1.10198
 1.12989 -48.3594  1.10213
 1.13004 -48.3517  1.10228
 1.13019  -48.344  1.10243
 1.13034 -48.3363  1.10258
 1.13049 -48.3285  1.10273
 1.13064 -48.3208  1.10288
 1.13079 -48.3131  1.10288
 1.13094 -48.3054  1.10303
 1.13109 -48.2977  1.10318
 1.13124   -48.29  1.10333
 1.13139 -48.2823  1.10348
 1.13154 -48.2746  1.10363
 1.13169 -48.2669  1.10378
 1.13184 -48.2592  1.10393
 1.13199 -48.2515  1.10408
 1.13214 -48.2438  1.10423
 1.13229 -48.2361  1.10438
 1.13244 -48.2284  1.10438
 1.13259 -48.2207  1.10453
 1.13274 -48.2131  1.10468
 1.13289 -48.2054  1.10483
 1.13304 -48.1977  1.10498
 1.13319   -48.19  1.10513
 1.13334 -48.1823  1.10528
 1.13349 -48.1747  1.10543
 1.13364  -48.167  1.10558
 1.13379 -48.1593  1.10573
 1.13394 -48.1517  1.10588
 1.13409  -48.144  1.10603
 1.13424 -48.1364  1.10603
 1.13439 -48.1287  1.10618
 1.13454 -48.1211  1.10633
 1.13469 -48.1134  1.10648
 1.13484 -48.1057  1.10663
 1.13499 -48.0981  1.10678
 1.13514 -48.0905  1.10693
 1.13529 -48.0828  1.10708
 1.13544 -48.0752  1.10723
 1.13559 -48.0675  1.10738
 1.13574 -48.0599  1.10738
 1.13589 -48.0523  1.10753
 1.13604 -48.0446  1.10768
 1.13619  -48.037  1.10783
 1.13634 -48.0294  1.10798
 1.13649 -48.0218  1.10813
 1.13664 -48.0141  1.10828
 1.13679 -48.0065  1.10843
 1.13694 -47.9989  1.10858
 1.13709 -47.9913  1.10873
 1.13724 -47.9837  1.10888
 1.13739 -47.9761  1.10888
 1.13754 -47.9685  1.10903
 1.13769 -47.9609  1.10918
 1.13784 -47.9533  1.10933
 1.13799 -47.9457  1.10948
 1.13814 -47.9381  1.10963
 1.13829 -47.9305  1.10978
 1.13844 -47.9229  1.10993
 1.13859 -47.9153  1.11008
 1.13874 -47.9077  1.11023
 1.13889 -47.9001  1.11038
 1.13904 -47.8925  1.11038
 1.13919  -47.885  1.11053
 1.13934 -47.8774  1.11068
 1.13949 -47.8698  1.11083
 1.13964 -47.8622  1.11098
 1.13979 -47.8547  1.11113
 1.13994 -47.8471  1.11128
  1.1401 -47.8395  1.11143
 1.14025  -47.832  1.11158
  1.1404 -47.8244  1.11173
 1.14055 -47.8169  1.11173
  1.1407 -47.8093  1.11188
 1.14085 -47.8017  1.11203
   1.141 -47.7942  1.11218
 1.14115 -47.7866  1.11233
  1.1413 -47.7791  1.11248
 1.14145 -47.7716  1.11263
  1.1416  -47.764  1.11278
 1.14175 -47.7565  1.11293
  1.1419 -47.7489  1.11308
 1.14205 -47.7414  1.11323
  1.1422 -47.7339  1.11323
 1.14235 -47.7263  1.11338
  1.1425 -47.7188  1.11353
 1.14265 -47.7113  1.11368
  1.1428 -47.7038  1.11383
 1.14295 -47.6963  1.11398
  1.1431 -47.6887  1.11413
 1.14325 -47.6812  1.11428
  1.1434 -47.6737  1.11443
 1.14355 -47.6662  1.11458
  1.1437 -47.6587  1.11458
 1.14385 -47.6512  1.11473
   1.144 -47.6437  1.11488
 1.14415 -47.6362  1.11503
  1.1443 -47.6287  1.11518
 1.14445 -47.6212  1.11533
  1.1446 -47.6137  1.11548
 1.14475 -47.6062  1.11563
  1.1449 -47.5987  1.11578
 1.14505 -47.5912  1.11578
  1.1452 -47.5838  1.11593
 1.14535 -47.5763  1.11608
  1.1455 -47.5688  1.11623
 1.14565 -47.5613  1.11638
  1.1458 -47.5538  1.11653
 1.14595 -47.5464  1.11668
  1.1461 -47.5389  1.11683
 1.14625 -47.5314  1.11698
  1.1464  -47.524  1.11698
 1.14655 -47.5165  1.11713
  1.1467 -47.5091  1.11728
 1.14685 -47.5016  1.11743
   1.147 -47.4942  1.11758
 1.14715 -47.4867  1.11773
  1.1473 -47.4793  1.11788
 1.14745 -47.4718  1.11803
  1.1476 -47.4644  1.11818
 1.14775 -47.4569  1.11833
  1.1479 -47.4495  1.11833
 1.14805 -47.4421  1.11848
  1.1482 -47.4346  1.11863
 1.14835 -47.4272  1.11878
  1.1485 -47.4198  1.11893
 1.14865 -47.4123  1.11908
  1.1488 -47.4049  1.11923
 1.14895 -47.3975  1.11938
  1.1491 -47.3901  1.11938
 1.14925 -47.3827  1.11953
  1.1494 -47.3753  1.11968
 1.14955 -47.3679  1.11983
  1.1497 -47.3604  1.11998
 1.14985  -47.353  1.12014
    1.15 -47.3456  1.12029