 kgrid  ValNew  Policy 
    0.85 -73.8693     0.85
 0.85015 -73.8539     0.85
  0.8503 -73.8387     0.85
 0.85045 -73.8234     0.85
  0.8506 -73.8082     0.85
 0.85075  -73.793     0.85
  0.8509 -73.7778     0.85
0.851051 -73.7627     0.85
0.851201 -73.7476     0.85
0.851351 -73.7325     0.85
0.851501 -73.7175     0.85
0.851651 -73.7025  0.85015
0.851801 -73.6875  0.85015
0.851951 -73.6725   0.8503
0.852101 -73.6575  0.85045
0.852251 -73.6425  0.85045
0.852401 -73.6276   0.8506
0.852551 -73.6126  0.85075
0.852701 -73.5977  0.85075
0.852851 -73.5828   0.8509
0.853002 -73.5679 0.851051
0.853152  -73.553 0.851051
0.853302 -73.5381 0.851201
0.853452 -73.5233 0.851351
0.853602 -73.5084 0.851351
0.853752 -73.4936 0.851501
0.853902 -73.4788 0.851651
0.854052 -73.4639 0.851651
0.854202 -73.4491 0.851801
0.854352 -73.4343 0.851951
0.854502 -73.4196 0.852101
0.854652 -73.4048 0.852101
0.854802   -73.39 0.852251
0.854952 -73.3753 0.852401
0.855103 -73.3606 0.852401
0.855253 -73.3458 0.852551
0.855403 -73.3311 0.852701
0.855553 -73.3164 0.852851
0.855703 -73.3017 0.852851
0.855853  -73.287 0.853002
0.856003 -73.2724 0.853152
0.856153 -73.2577 0.853152
0.856303 -73.2431 0.853302
0.856453 -73.2284 0.853452
0.856603 -73.2138 0.853602
0.856753 -73.1992 0.853602
0.856903 -73.1846 0.853752
0.857054   -73.17 0.853902
0.857204 -73.1554 0.854052
0.857354 -73.1408 0.854052
0.857504 -73.1263 0.854202
0.857654 -73.1117 0.854352
0.857804 -73.0972 0.854352
0.857954 -73.0826 0.854502
0.858104 -73.0681 0.854652
0.858254 -73.0536 0.854802
0.858404 -73.0391 0.854802
0.858554 -73.0246 0.854952
0.858704 -73.0101 0.855103
0.858854 -72.9957 0.855253
0.859005 -72.9812 0.855253
0.859155 -72.9668 0.855403
0.859305 -72.9523 0.855553
0.859455 -72.9379 0.855553
0.859605 -72.9235 0.855703
0.859755 -72.9091 0.855853
0.859905 -72.8947 0.856003
0.860055 -72.8803 0.856003
0.860205 -72.8659 0.856153
0.860355 -72.8516 0.856303
0.860505 -72.8372 0.856453
0.860655 -72.8229 0.856453
0.860805 -72.8086 0.856603
0.860955 -72.7942 0.856753
0.861106 -72.7799 0.856753
0.861256 -72.7656 0.856903
0.861406 -72.7513 0.857054
0.861556 -72.7371 0.857204
0.861706 -72.7228 0.857204
0.861856 -72.7085 0.857354
0.862006 -72.6943 0.857504
0.862156   -72.68 0.857654
0.862306 -72.6658 0.857654
0.862456 -72.6516 0.857804
0.862606 -72.6374 0.857954
0.862756 -72.6232 0.857954
0.862906  -72.609 0.858104
0.863057 -72.5948 0.858254
0.863207 -72.5807 0.858404
0.863357 -72.5665 0.858404
0.863507 -72.5523 0.858554
0.863657 -72.5382 0.858704
0.863807 -72.5241 0.858854
0.863957   -72.51 0.858854
0.864107 -72.4959 0.859005
0.864257 -72.4818 0.859155
0.864407 -72.4677 0.859305
0.864557 -72.4536 0.859305
0.864707 -72.4395 0.859455
0.864857 -72.4255 0.859605
0.865008 -72.4114 0.859755
0.865158 -72.3974 0.859755
0.865308 -72.3834 0.859905
0.865458 -72.3693 0.860055
0.865608 -72.3553 0.860055
0.865758 -72.3413 0.860205
0.865908 -72.3273 0.860355
0.866058 -72.3134 0.860505
0.866208 -72.2994 0.860505
0.866358 -72.2854 0.860655
0.866508 -72.2715 0.860805
0.866658 -72.2576 0.860955
0.866808 -72.2436 0.860955
0.866958 -72.2297 0.861106
0.867109 -72.2158 0.861256
0.867259 -72.2019 0.861406
0.867409  -72.188 0.861406
0.867559 -72.1741 0.861556
0.867709 -72.1602 0.861706
0.867859 -72.1464 0.861856
0.868009 -72.1325 0.861856
0.868159 -72.1187 0.862006
0.868309 -72.1049 0.862156
0.868459  -72.091 0.862306
0.868609 -72.0772 0.862306
0.868759 -72.0634 0.862456
0.868909 -72.0496 0.862606
 0.86906 -72.0358 0.862756
 0.86921 -72.0221 0.862756
 0.86936 -72.0083 0.862906
 0.86951 -71.9945 0.863057
 0.86966 -71.9808 0.863207
 0.86981  -71.967 0.863207
 0.86996 -71.9533 0.863357
 0.87011 -71.9396 0.863507
 0.87026 -71.9259 0.863657
 0.87041 -71.9122 0.863657
 0.87056 -71.8985 0.863807
 0.87071 -71.8848 0.863957
 0.87086 -71.8711 0.864107
0.871011 -71.8575 0.864107
0.871161 -71.8438 0.864257
0.871311 -71.8301 0.864407
0.871461 -71.8165 0.864557
0.871611 -71.8029 0.864557
0.871761 -71.7893 0.864707
0.871911 -71.7757 0.864857
0.872061 -71.7621 0.865008
0.872211 -71.7485 0.865008
0.872361 -71.7349 0.865158
0.872511 -71.7213 0.865308
0.872661 -71.7077 0.865458
0.872811 -71.6942 0.865458
0.872961 -71.6806 0.865608
0.873112 -71.6671 0.865758
0.873262 -71.6536 0.865908
0.873412 -71.6401 0.865908
0.873562 -71.6265 0.866058
0.873712  -71.613 0.866208
0.873862 -71.5995 0.866358
0.874012 -71.5861 0.866358
0.874162 -71.5726 0.866508
0.874312 -71.5591 0.866658
0.874462 -71.5457 0.866808
0.874612 -71.5322 0.866808
0.874762 -71.5188 0.866958
0.874912 -71.5054 0.867109
0.875063 -71.4919 0.867259
0.875213 -71.4785 0.867259
0.875363 -71.4651 0.867409
0.875513 -71.4517 0.867559
0.875663 -71.4383 0.867709
0.875813  -71.425 0.867709
0.875963 -71.4116 0.867859
0.876113 -71.3982 0.868009
0.876263 -71.3849 0.868159
0.876413 -71.3716 0.868159
0.876563 -71.3582 0.868309
0.876713 -71.3449 0.868459
0.876863 -71.3316 0.868609
0.877014 -71.3183 0.868759
0.877164  -71.305 0.868759
0.877314 -71.2917 0.868909
0.877464 -71.2784  0.86906
0.877614 -71.2651  0.86921
0.877764 -71.2519  0.86921
0.877914 -71.2386  0.86936
0.878064 -71.2254  0.86951
0.878214 -71.2121  0.86966
0.878364 -71.1989  0.86966
0.878514 -71.1857  0.86981
0.878664 -71.1725  0.86996
0.878814 -71.1593  0.87011
0.878964 -71.1461  0.87011
0.879115 -71.1329  0.87026
0.879265 -71.1197  0.87041
0.879415 -71.1066  0.87056
0.879565 -71.0934  0.87056
0.879715 -71.0803  0.87071
0.879865 -71.0671  0.87086
0.880015  -71.054 0.871011
0.880165 -71.0408 0.871161
0.880315 -71.0277 0.871311
0.880465 -71.0146 0.871311
0.880615 -71.0015 0.871461
0.880765 -70.9884 0.871611
0.880915 -70.9753 0.871761
0.881066 -70.9622 0.871911
0.881216 -70.9491 0.872061
0.881366  -70.936 0.872211
0.881516  -70.923 0.872211
0.881666 -70.9099 0.872361
0.881816 -70.8968 0.872511
0.881966 -70.8838 0.872661
0.882116 -70.8707 0.872811
0.882266 -70.8577 0.872961
0.882416 -70.8447 0.873112
0.882566 -70.8316 0.873112
0.882716 -70.8186 0.873262
0.882866 -70.8056 0.873412
0.883017 -70.7926 0.873562
0.883167 -70.7796 0.873712
0.883317 -70.7666 0.873862
0.883467 -70.7536 0.874012
0.883617 -70.7406 0.874012
0.883767 -70.7276 0.874162
0.883917 -70.7147 0.874312
0.884067 -70.7017 0.874462
0.884217 -70.6887 0.874612
0.884367 -70.6758 0.874762
0.884517 -70.6628 0.874912
0.884667 -70.6499 0.874912
0.884817 -70.6369 0.875063
0.884967  -70.624 0.875213
0.885118 -70.6111 0.875363
0.885268 -70.5982 0.875513
0.885418 -70.5853 0.875663
0.885568 -70.5723 0.875813
0.885718 -70.5594 0.875963
0.885868 -70.5465 0.875963
0.886018 -70.5337 0.876113
0.886168 -70.5208 0.876263
0.886318 -70.5079 0.876413
0.886468  -70.495 0.876563
0.886618 -70.4822 0.876713
0.886768 -70.4693 0.876863
0.886918 -70.4564 0.876863
0.887069 -70.4436 0.877014
0.887219 -70.4308 0.877164
0.887369 -70.4179 0.877314
0.887519 -70.4051 0.877464
0.887669 -70.3923 0.877614
0.887819 -70.3794 0.877764
0.887969 -70.3666 0.877914
0.888119 -70.3538 0.877914
0.888269  -70.341 0.878064
0.888419 -70.3282 0.878214
0.888569 -70.3154 0.878364
0.888719 -70.3026 0.878514
0.888869 -70.2899 0.878664
 0.88902 -70.2771 0.878814
 0.88917 -70.2643 0.878814
 0.88932 -70.2516 0.878964
 0.88947 -70.2388 0.879115
 0.88962 -70.2261 0.879265
 0.88977 -70.2133 0.879415
 0.88992 -70.2006 0.879565
 0.89007 -70.1879 0.879715
 0.89022 -70.1751 0.879865
 0.89037 -70.1624 0.879865
 0.89052 -70.1497 0.880015
 0.89067  -70.137 0.880165
 0.89082 -70.1243 0.880315
 0.89097 -70.1116 0.880465
0.891121 -70.0989 0.880615
0.891271 -70.0862 0.880765
0.891421 -70.0735 0.880915
0.891571 -70.0608 0.880915
0.891721 -70.0482 0.881066
0.891871 -70.0355 0.881216
0.892021 -70.0228 0.881366
0.892171 -70.0102 0.881516
0.892321 -69.9975 0.881666
0.892471 -69.9849 0.881816
0.892621 -69.9723 0.881966
0.892771 -69.9596 0.882116
0.892921  -69.947 0.882116
0.893072 -69.9344 0.882266
0.893222 -69.9218 0.882416
0.893372 -69.9091 0.882566
0.893522 -69.8965 0.882716
0.893672 -69.8839 0.882866
0.893822 -69.8713 0.883017
0.893972 -69.8588 0.883167
0.894122 -69.8462 0.883167
0.894272 -69.8336 0.883317
0.894422  -69.821 0.883467
0.894572 -69.8084 0.883617
0.894722 -69.7959 0.883767
0.894872 -69.7833 0.883917
0.895023 -69.7708 0.884067
0.895173 -69.7582 0.884217
0.895323 -69.7457 0.884367
0.895473 -69.7331 0.884367
0.895623 -69.7206 0.884517
0.895773 -69.7081 0.884667
0.895923 -69.6956 0.884817
0.896073  -69.683 0.884967
0.896223 -69.6705 0.885118
0.896373  -69.658 0.885268
0.896523 -69.6455 0.885418
0.896673  -69.633 0.885568
0.896823 -69.6206 0.885568
0.896973 -69.6081 0.885718
0.897124 -69.5956 0.885868
0.897274 -69.5831 0.886018
0.897424 -69.5706 0.886168
0.897574 -69.5582 0.886318
0.897724 -69.5457 0.886468
0.897874 -69.5333 0.886618
0.898024 -69.5208 0.886768
0.898174 -69.5084 0.886768
0.898324 -69.4959 0.886918
0.898474 -69.4835 0.887069
0.898624 -69.4711 0.887219
0.898774 -69.4587 0.887369
0.898924 -69.4462 0.887519
0.899075 -69.4338 0.887669
0.899225 -69.4214 0.887819
0.899375  -69.409 0.887969
0.899525 -69.3966 0.887969
0.899675 -69.3842 0.888119
0.899825 -69.3718 0.888269
0.899975 -69.3595 0.888419
0.900125 -69.3471 0.888569
0.900275 -69.3347 0.888719
0.900425 -69.3223 0.888869
0.900575   -69.31  0.88902
0.900725 -69.2976  0.88917
0.900875 -69.2853  0.88917
0.901026 -69.2729  0.88932
0.901176 -69.2606  0.88947
0.901326 -69.2483  0.88962
0.901476 -69.2359  0.88977
0.901626 -69.2236  0.88992
0.901776 -69.2113  0.89007
0.901926  -69.199  0.89022
0.902076 -69.1866  0.89037
0.902226 -69.1743  0.89037
0.902376  -69.162  0.89052
0.902526 -69.1497  0.89067
0.902676 -69.1375  0.89082
0.902826 -69.1252  0.89097
0.902976 -69.1129 0.891121
0.903127 -69.1006 0.891271
0.903277 -69.0883 0.891421
0.903427 -69.0761 0.891571
0.903577 -69.0638 0.891721
0.903727 -69.0516 0.891721
0.903877 -69.0393 0.891871
0.904027 -69.0271 0.892021
0.904177 -69.0148 0.892171
0.904327 -69.0026 0.892321
0.904477 -68.9904 0.892471
0.904627 -68.9781 0.892621
0.904777 -68.9659 0.892771
0.904927 -68.9537 0.892921
0.905078 -68.9415 0.892921
0.905228 -68.9293 0.893072
0.905378 -68.9171 0.893222
0.905528 -68.9049 0.893372
0.905678 -68.8927 0.893522
0.905828 -68.8805 0.893672
0.905978 -68.8683 0.893822
0.906128 -68.8561 0.893972
0.906278  -68.844 0.894122
0.906428 -68.8318 0.894122
0.906578 -68.8196 0.894272
0.906728 -68.8075 0.894422
0.906878 -68.7953 0.894572
0.907029 -68.7832 0.894722
0.907179  -68.771 0.894872
0.907329 -68.7589 0.895023
0.907479 -68.7468 0.895173
0.907629 -68.7346 0.895323
0.907779 -68.7225 0.895473
0.907929 -68.7104 0.895473
0.908079 -68.6983 0.895623
0.908229 -68.6862 0.895773
0.908379 -68.6741 0.895923
0.908529  -68.662 0.896073
0.908679 -68.6499 0.896223
0.908829 -68.6378 0.896373
0.908979 -68.6257 0.896523
 0.90913 -68.6136 0.896673
 0.90928 -68.6015 0.896823
 0.90943 -68.5895 0.896823
 0.90958 -68.5774 0.896973
 0.90973 -68.5653 0.897124
 0.90988 -68.5533 0.897274
 0.91003 -68.5412 0.897424
 0.91018 -68.5292 0.897574
 0.91033 -68.5171 0.897724
 0.91048 -68.5051 0.897874
 0.91063  -68.493 0.898024
 0.91078  -68.481 0.898174
 0.91093  -68.469 0.898174
0.911081  -68.457 0.898324
0.911231  -68.445 0.898474
0.911381 -68.4329 0.898624
0.911531 -68.4209 0.898774
0.911681 -68.4089 0.898924
0.911831 -68.3969 0.899075
0.911981 -68.3849 0.899225
0.912131  -68.373 0.899375
0.912281  -68.361 0.899525
0.912431  -68.349 0.899525
0.912581  -68.337 0.899675
0.912731 -68.3251 0.899825
0.912881 -68.3131 0.899975
0.913032 -68.3011 0.900125
0.913182 -68.2892 0.900275
0.913332 -68.2772 0.900425
0.913482 -68.2653 0.900575
0.913632 -68.2533 0.900725
0.913782 -68.2414 0.900875
0.913932 -68.2294 0.901026
0.914082 -68.2175 0.901026
0.914232 -68.2056 0.901176
0.914382 -68.1937 0.901326
0.914532 -68.1817 0.901476
0.914682 -68.1698 0.901626
0.914832 -68.1579 0.901776
0.914982  -68.146 0.901926
0.915133 -68.1341 0.902076
0.915283 -68.1222 0.902226
0.915433 -68.1103 0.902376
0.915583 -68.0984 0.902526
0.915733 -68.0866 0.902676
0.915883 -68.0747 0.902676
0.916033 -68.0628 0.902826
0.916183 -68.0509 0.902976
0.916333 -68.0391 0.903127
0.916483 -68.0272 0.903277
0.916633 -68.0153 0.903427
0.916783 -68.0035 0.903577
0.916933 -67.9916 0.903727
0.917084 -67.9798 0.903877
0.917234  -67.968 0.904027
0.917384 -67.9561 0.904177
0.917534 -67.9443 0.904327
0.917684 -67.9325 0.904327
0.917834 -67.9206 0.904477
0.917984 -67.9088 0.904627
0.918134  -67.897 0.904777
0.918284 -67.8852 0.904927
0.918434 -67.8734 0.905078
0.918584 -67.8616 0.905228
0.918734 -67.8498 0.905378
0.918884  -67.838 0.905528
0.919035 -67.8262 0.905678
0.919185 -67.8144 0.905828
0.919335 -67.8026 0.905978
0.919485 -67.7908 0.906128
0.919635 -67.7791 0.906128
0.919785 -67.7673 0.906278
0.919935 -67.7555 0.906428
0.920085 -67.7438 0.906578
0.920235  -67.732 0.906728
0.920385 -67.7202 0.906878
0.920535 -67.7085 0.907029
0.920685 -67.6967 0.907179
0.920835  -67.685 0.907329
0.920985 -67.6733 0.907479
0.921136 -67.6615 0.907629
0.921286 -67.6498 0.907779
0.921436 -67.6381 0.907779
0.921586 -67.6264 0.907929
0.921736 -67.6146 0.908079
0.921886 -67.6029 0.908229
0.922036 -67.5912 0.908379
0.922186 -67.5795 0.908529
0.922336 -67.5678 0.908679
0.922486 -67.5561 0.908829
0.922636 -67.5444 0.908979
0.922786 -67.5327  0.90913
0.922936 -67.5211  0.90928
0.923087 -67.5094  0.90943
0.923237 -67.4977  0.90958
0.923387  -67.486  0.90958
0.923537 -67.4744  0.90973
0.923687 -67.4627  0.90988
0.923837  -67.451  0.91003
0.923987 -67.4394  0.91018
0.924137 -67.4277  0.91033
0.924287 -67.4161  0.91048
0.924437 -67.4044  0.91063
0.924587 -67.3928  0.91078
0.924737 -67.3812  0.91093
0.924887 -67.3695 0.911081
0.925038 -67.3579 0.911231
0.925188 -67.3463 0.911231
0.925338 -67.3347 0.911381
0.925488  -67.323 0.911531
0.925638 -67.3114 0.911681
0.925788 -67.2998 0.911831
0.925938 -67.2882 0.911981
0.926088 -67.2766 0.912131
0.926238  -67.265 0.912281
0.926388 -67.2534 0.912431
0.926538 -67.2418 0.912581
0.926688 -67.2303 0.912731
0.926838 -67.2187 0.912881
0.926988 -67.2071 0.913032
0.927139 -67.1955 0.913182
0.927289  -67.184 0.913182
0.927439 -67.1724 0.913332
0.927589 -67.1608 0.913482
0.927739 -67.1493 0.913632
0.927889 -67.1377 0.913782
0.928039 -67.1262 0.913932
0.928189 -67.1146 0.914082
0.928339 -67.1031 0.914232
0.928489 -67.0915 0.914382
0.928639   -67.08 0.914532
0.928789 -67.0685 0.914682
0.928939  -67.057 0.914832
 0.92909 -67.0454 0.914982
 0.92924 -67.0339 0.914982
 0.92939 -67.0224 0.915133
 0.92954 -67.0109 0.915283
 0.92969 -66.9994 0.915433
 0.92984 -66.9879 0.915583
 0.92999 -66.9764 0.915733
 0.93014 -66.9649 0.915883
 0.93029 -66.9534 0.916033
 0.93044 -66.9419 0.916183
 0.93059 -66.9304 0.916333
 0.93074 -66.9189 0.916483
 0.93089 -66.9075 0.916633
0.931041  -66.896 0.916783
0.931191 -66.8845 0.916933
0.931341 -66.8731 0.916933
0.931491 -66.8616 0.917084
0.931641 -66.8501 0.917234
0.931791 -66.8387 0.917384
0.931941 -66.8272 0.917534
0.932091 -66.8158 0.917684
0.932241 -66.8044 0.917834
0.932391 -66.7929 0.917984
0.932541 -66.7815 0.918134
0.932691 -66.7701 0.918284
0.932841 -66.7586 0.918434
0.932991 -66.7472 0.918584
0.933142 -66.7358 0.918734
0.933292 -66.7244 0.918884
0.933442  -66.713 0.918884
0.933592 -66.7016 0.919035
0.933742 -66.6901 0.919185
0.933892 -66.6787 0.919335
0.934042 -66.6674 0.919485
0.934192  -66.656 0.919635
0.934342 -66.6446 0.919785
0.934492 -66.6332 0.919935
0.934642 -66.6218 0.920085
0.934792 -66.6104 0.920235
0.934942 -66.5991 0.920385
0.935093 -66.5877 0.920535
0.935243 -66.5763 0.920685
0.935393  -66.565 0.920835
0.935543 -66.5536 0.920835
0.935693 -66.5422 0.920985
0.935843 -66.5309 0.921136
0.935993 -66.5195 0.921286
0.936143 -66.5082 0.921436
0.936293 -66.4969 0.921586
0.936443 -66.4855 0.921736
0.936593 -66.4742 0.921886
0.936743 -66.4629 0.922036
0.936893 -66.4515 0.922186
0.937044 -66.4402 0.922336
0.937194 -66.4289 0.922486
0.937344 -66.4176 0.922636
0.937494 -66.4063 0.922786
0.937644  -66.395 0.922786
0.937794 -66.3837 0.922936
0.937944 -66.3724 0.923087
0.938094 -66.3611 0.923237
0.938244 -66.3498 0.923387
0.938394 -66.3385 0.923537
0.938544 -66.3272 0.923687
0.938694 -66.3159 0.923837
0.938844 -66.3046 0.923987
0.938994 -66.2934 0.924137
0.939145 -66.2821 0.924287
0.939295 -66.2708 0.924437
0.939445 -66.2596 0.924587
0.939595 -66.2483 0.924737
0.939745 -66.2371 0.924887
0.939895 -66.2258 0.924887
0.940045 -66.2146 0.925038
0.940195 -66.2033 0.925188
0.940345 -66.1921 0.925338
0.940495 -66.1808 0.925488
0.940645 -66.1696 0.925638
0.940795 -66.1584 0.925788
0.940945 -66.1472 0.925938
0.941096 -66.1359 0.926088
0.941246 -66.1247 0.926238
0.941396 -66.1135 0.926388
0.941546 -66.1023 0.926538
0.941696 -66.0911 0.926688
0.941846 -66.0799 0.926838
0.941996 -66.0687 0.926838
0.942146 -66.0575 0.926988
0.942296 -66.0463 0.927139
0.942446 -66.0351 0.927289
0.942596 -66.0239 0.927439
0.942746 -66.0127 0.927589
0.942896 -66.0015 0.927739
0.943047 -65.9904 0.927889
0.943197 -65.9792 0.928039
0.943347  -65.968 0.928189
0.943497 -65.9569 0.928339
0.943647 -65.9457 0.928489
0.943797 -65.9345 0.928639
0.943947 -65.9234 0.928789
0.944097 -65.9122 0.928939
0.944247 -65.9011 0.928939
0.944397   -65.89  0.92909
0.944547 -65.8788  0.92924
0.944697 -65.8677  0.92939
0.944847 -65.8565  0.92954
0.944997 -65.8454  0.92969
0.945148 -65.8343  0.92984
0.945298 -65.8232  0.92999
0.945448  -65.812  0.93014
0.945598 -65.8009  0.93029
0.945748 -65.7898  0.93044
0.945898 -65.7787  0.93059
0.946048 -65.7676  0.93074
0.946198 -65.7565  0.93089
0.946348 -65.7454 0.931041
0.946498 -65.7343 0.931041
0.946648 -65.7232 0.931191
0.946798 -65.7121 0.931341
0.946948 -65.7011 0.931491
0.947099   -65.69 0.931641
0.947249 -65.6789 0.931791
0.947399 -65.6678 0.931941
0.947549 -65.6568 0.932091
0.947699 -65.6457 0.932241
0.947849 -65.6346 0.932391
0.947999 -65.6236 0.932541
0.948149 -65.6125 0.932691
0.948299 -65.6015 0.932841
0.948449 -65.5904 0.932991
0.948599 -65.5794 0.933142
0.948749 -65.5683 0.933292
0.948899 -65.5573 0.933292
 0.94905 -65.5463 0.933442
  0.9492 -65.5352 0.933592
 0.94935 -65.5242 0.933742
  0.9495 -65.5132 0.933892
 0.94965 -65.5022 0.934042
  0.9498 -65.4911 0.934192
 0.94995 -65.4801 0.934342
  0.9501 -65.4691 0.934492
 0.95025 -65.4581 0.934642
  0.9504 -65.4471 0.934792
 0.95055 -65.4361 0.934942
  0.9507 -65.4251 0.935093
 0.95085 -65.4141 0.935243
0.951001 -65.4031 0.935393
0.951151 -65.3922 0.935543
0.951301 -65.3812 0.935543
0.951451 -65.3702 0.935693
0.951601 -65.3592 0.935843
0.951751 -65.3482 0.935993
0.951901 -65.3373 0.936143
0.952051 -65.3263 0.936293
0.952201 -65.3153 0.936443
0.952351 -65.3044 0.936593
0.952501 -65.2934 0.936743
0.952651 -65.2825 0.936893
0.952801 -65.2715 0.937044
0.952951 -65.2606 0.937194
0.953102 -65.2496 0.937344
0.953252 -65.2387 0.937494
0.953402 -65.2278 0.937644
0.953552 -65.2168 0.937644
0.953702 -65.2059 0.937794
0.953852  -65.195 0.937944
0.954002 -65.1841 0.938094
0.954152 -65.1731 0.938244
0.954302 -65.1622 0.938394
0.954452 -65.1513 0.938544
0.954602 -65.1404 0.938694
0.954752 -65.1295 0.938844
0.954902 -65.1186 0.938994
0.955053 -65.1077 0.939145
0.955203 -65.0968 0.939295
0.955353 -65.0859 0.939445
0.955503  -65.075 0.939595
0.955653 -65.0642 0.939745
0.955803 -65.0533 0.939895
0.955953 -65.0424 0.939895
0.956103 -65.0315 0.940045
0.956253 -65.0206 0.940195
0.956403 -65.0098 0.940345
0.956553 -64.9989 0.940495
0.956703 -64.9881 0.940645
0.956853 -64.9772 0.940795
0.957004 -64.9663 0.940945
0.957154 -64.9555 0.941096
0.957304 -64.9446 0.941246
0.957454 -64.9338 0.941396
0.957604  -64.923 0.941546
0.957754 -64.9121 0.941696
0.957904 -64.9013 0.941846
0.958054 -64.8905 0.941996
0.958204 -64.8796 0.942146
0.958354 -64.8688 0.942296
0.958504  -64.858 0.942296
0.958654 -64.8472 0.942446
0.958804 -64.8363 0.942596
0.958954 -64.8255 0.942746
0.959105 -64.8147 0.942896
0.959255 -64.8039 0.943047
0.959405 -64.7931 0.943197
0.959555 -64.7823 0.943347
0.959705 -64.7715 0.943497
0.959855 -64.7607 0.943647
0.960005   -64.75 0.943797
0.960155 -64.7392 0.943947
0.960305 -64.7284 0.944097
0.960455 -64.7176 0.944247
0.960605 -64.7068 0.944397
0.960755 -64.6961 0.944547
0.960905 -64.6853 0.944547
0.961056 -64.6745 0.944697
0.961206 -64.6638 0.944847
0.961356  -64.653 0.944997
0.961506 -64.6423 0.945148
0.961656 -64.6315 0.945298
0.961806 -64.6207 0.945448
0.961956   -64.61 0.945598
0.962106 -64.5993 0.945748
0.962256 -64.5885 0.945898
0.962406 -64.5778 0.946048
0.962556 -64.5671 0.946198
0.962706 -64.5563 0.946348
0.962856 -64.5456 0.946498
0.963007 -64.5349 0.946648
0.963157 -64.5242 0.946798
0.963307 -64.5134 0.946798
0.963457 -64.5027 0.946948
0.963607  -64.492 0.947099
0.963757 -64.4813 0.947249
0.963907 -64.4706 0.947399
0.964057 -64.4599 0.947549
0.964207 -64.4492 0.947699
0.964357 -64.4385 0.947849
0.964507 -64.4278 0.947999
0.964657 -64.4171 0.948149
0.964807 -64.4065 0.948299
0.964957 -64.3958 0.948449
0.965108 -64.3851 0.948599
0.965258 -64.3744 0.948749
0.965408 -64.3638 0.948899
0.965558 -64.3531  0.94905
0.965708 -64.3424   0.9492
0.965858 -64.3318   0.9492
0.966008 -64.3211  0.94935
0.966158 -64.3104   0.9495
0.966308 -64.2998  0.94965
0.966458 -64.2891   0.9498
0.966608 -64.2785  0.94995
0.966758 -64.2679   0.9501
0.966908 -64.2572  0.95025
0.967059 -64.2466   0.9504
0.967209 -64.2359  0.95055
0.967359 -64.2253   0.9507
0.967509 -64.2147  0.95085
0.967659 -64.2041 0.951001
0.967809 -64.1934 0.951151
0.967959 -64.1828 0.951301
0.968109 -64.1722 0.951451
0.968259 -64.1616 0.951601
0.968409  -64.151 0.951601
0.968559 -64.1404 0.951751
0.968709 -64.1298 0.951901
0.968859 -64.1192 0.952051
 0.96901 -64.1086 0.952201
 0.96916  -64.098 0.952351
 0.96931 -64.0874 0.952501
 0.96946 -64.0768 0.952651
 0.96961 -64.0663 0.952801
 0.96976 -64.0557 0.952951
 0.96991 -64.0451 0.953102
 0.97006 -64.0345 0.953252
 0.97021  -64.024 0.953402
 0.97036 -64.0134 0.953552
 0.97051 -64.0028 0.953702
 0.97066 -63.9923 0.953852
 0.97081 -63.9817 0.954002
 0.97096 -63.9712 0.954002
0.971111 -63.9606 0.954152
0.971261 -63.9501 0.954302
0.971411 -63.9395 0.954452
0.971561  -63.929 0.954602
0.971711 -63.9184 0.954752
0.971861 -63.9079 0.954902
0.972011 -63.8974 0.955053
0.972161 -63.8868 0.955203
0.972311 -63.8763 0.955353
0.972461 -63.8658 0.955503
0.972611 -63.8553 0.955653
0.972761 -63.8448 0.955803
0.972911 -63.8342 0.955953
0.973062 -63.8237 0.956103
0.973212 -63.8132 0.956253
0.973362 -63.8027 0.956403
0.973512 -63.7922 0.956403
0.973662 -63.7817 0.956553
0.973812 -63.7712 0.956703
0.973962 -63.7607 0.956853
0.974112 -63.7503 0.957004
0.974262 -63.7398 0.957154
0.974412 -63.7293 0.957304
0.974562 -63.7188 0.957454
0.974712 -63.7083 0.957604
0.974862 -63.6979 0.957754
0.975013 -63.6874 0.957904
0.975163 -63.6769 0.958054
0.975313 -63.6665 0.958204
0.975463  -63.656 0.958354
0.975613 -63.6455 0.958504
0.975763 -63.6351 0.958654
0.975913 -63.6246 0.958804
0.976063 -63.6142 0.958954
0.976213 -63.6037 0.958954
0.976363 -63.5933 0.959105
0.976513 -63.5829 0.959255
0.976663 -63.5724 0.959405
0.976813  -63.562 0.959555
0.976963 -63.5516 0.959705
0.977114 -63.5411 0.959855
0.977264 -63.5307 0.960005
0.977414 -63.5203 0.960155
0.977564 -63.5099 0.960305
0.977714 -63.4995 0.960455
0.977864 -63.4891 0.960605
0.978014 -63.4786 0.960755
0.978164 -63.4682 0.960905
0.978314 -63.4578 0.961056
0.978464 -63.4474 0.961206
0.978614  -63.437 0.961356
0.978764 -63.4267 0.961356
0.978914 -63.4163 0.961506
0.979065 -63.4059 0.961656
0.979215 -63.3955 0.961806
0.979365 -63.3851 0.961956
0.979515 -63.3747 0.962106
0.979665 -63.3644 0.962256
0.979815  -63.354 0.962406
0.979965 -63.3436 0.962556
0.980115 -63.3333 0.962706
0.980265 -63.3229 0.962856
0.980415 -63.3125 0.963007
0.980565 -63.3022 0.963157
0.980715 -63.2918 0.963307
0.980865 -63.2815 0.963457
0.981016 -63.2711 0.963607
0.981166 -63.2608 0.963757
0.981316 -63.2504 0.963757
0.981466 -63.2401 0.963907
0.981616 -63.2298 0.964057
0.981766 -63.2194 0.964207
0.981916 -63.2091 0.964357
0.982066 -63.1988 0.964507
0.982216 -63.1885 0.964657
0.982366 -63.1781 0.964807
0.982516 -63.1678 0.964957
0.982666 -63.1575 0.965108
0.982816 -63.1472 0.965258
0.982966 -63.1369 0.965408
0.983117 -63.1266 0.965558
0.983267 -63.1163 0.965708
0.983417  -63.106 0.965858
0.983567 -63.0957 0.966008
0.983717 -63.0854 0.966158
0.983867 -63.0751 0.966308
0.984017 -63.0648 0.966308
0.984167 -63.0545 0.966458
0.984317 -63.0443 0.966608
0.984467  -63.034 0.966758
0.984617 -63.0237 0.966908
0.984767 -63.0134 0.967059
0.984917 -63.0032 0.967209
0.985068 -62.9929 0.967359
0.985218 -62.9826 0.967509
0.985368 -62.9724 0.967659
0.985518 -62.9621 0.967809
0.985668 -62.9519 0.967959
0.985818 -62.9416 0.968109
0.985968 -62.9314 0.968259
0.986118 -62.9211 0.968409
0.986268 -62.9109 0.968559
0.986418 -62.9006 0.968709
0.986568 -62.8904 0.968859
0.986718 -62.8802 0.968859
0.986868 -62.8699  0.96901
0.987019 -62.8597  0.96916
0.987169 -62.8495  0.96931
0.987319 -62.8393  0.96946
0.987469  -62.829  0.96961
0.987619 -62.8188  0.96976
0.987769 -62.8086  0.96991
0.987919 -62.7984  0.97006
0.988069 -62.7882  0.97021
0.988219  -62.778  0.97036
0.988369 -62.7678  0.97051
0.988519 -62.7576  0.97066
0.988669 -62.7474  0.97081
0.988819 -62.7372  0.97096
0.988969  -62.727 0.971111
 0.98912 -62.7168 0.971261
 0.98927 -62.7067 0.971411
 0.98942 -62.6965 0.971411
 0.98957 -62.6863 0.971561
 0.98972 -62.6761 0.971711
 0.98987 -62.6659 0.971861
 0.99002 -62.6558 0.972011
 0.99017 -62.6456 0.972161
 0.99032 -62.6355 0.972311
 0.99047 -62.6253 0.972461
 0.99062 -62.6151 0.972611
 0.99077  -62.605 0.972761
 0.99092 -62.5948 0.972911
0.991071 -62.5847 0.973062
0.991221 -62.5745 0.973212
0.991371 -62.5644 0.973362
0.991521 -62.5543 0.973512
0.991671 -62.5441 0.973662
0.991821  -62.534 0.973812
0.991971 -62.5239 0.973962
0.992121 -62.5137 0.973962
0.992271 -62.5036 0.974112
0.992421 -62.4935 0.974262
0.992571 -62.4834 0.974412
0.992721 -62.4732 0.974562
0.992871 -62.4631 0.974712
0.993022  -62.453 0.974862
0.993172 -62.4429 0.975013
0.993322 -62.4328 0.975163
0.993472 -62.4227 0.975313
0.993622 -62.4126 0.975463
0.993772 -62.4025 0.975613
0.993922 -62.3924 0.975763
0.994072 -62.3823 0.975913
0.994222 -62.3722 0.976063
0.994372 -62.3622 0.976213
0.994522 -62.3521 0.976363
0.994672  -62.342 0.976513
0.994822 -62.3319 0.976513
0.994972 -62.3219 0.976663
0.995123 -62.3118 0.976813
0.995273 -62.3017 0.976963
0.995423 -62.2917 0.977114
0.995573 -62.2816 0.977264
0.995723 -62.2715 0.977414
0.995873 -62.2615 0.977564
0.996023 -62.2514 0.977714
0.996173 -62.2414 0.977864
0.996323 -62.2313 0.978014
0.996473 -62.2213 0.978164
0.996623 -62.2112 0.978314
0.996773 -62.2012 0.978464
0.996923 -62.1912 0.978614
0.997074 -62.1811 0.978764
0.997224 -62.1711 0.978914
0.997374 -62.1611 0.979065
0.997524 -62.1511 0.979065
0.997674  -62.141 0.979215
0.997824  -62.131 0.979365
0.997974  -62.121 0.979515
0.998124  -62.111 0.979665
0.998274  -62.101 0.979815
0.998424  -62.091 0.979965
0.998574  -62.081 0.980115
0.998724  -62.071 0.980265
0.998874  -62.061 0.980415
0.999025  -62.051 0.980565
0.999175  -62.041 0.980715
0.999325  -62.031 0.980865
0.999475  -62.021 0.981016
0.999625  -62.011 0.981166
0.999775  -62.001 0.981316
0.999925 -61.9911 0.981466
 1.00008 -61.9811 0.981616
 1.00023 -61.9711 0.981616
 1.00038 -61.9612 0.981766
 1.00053 -61.9512 0.981916
 1.00068 -61.9412 0.982066
 1.00083 -61.9313 0.982216
 1.00098 -61.9213 0.982366
 1.00113 -61.9113 0.982516
 1.00128 -61.9014 0.982666
 1.00143 -61.8914 0.982816
 1.00158 -61.8815 0.982966
 1.00173 -61.8715 0.983117
 1.00188 -61.8616 0.983267
 1.00203 -61.8517 0.983417
 1.00218 -61.8417 0.983567
 1.00233 -61.8318 0.983717
 1.00248 -61.8219 0.983867
 1.00263 -61.8119 0.984017
 1.00278  -61.802 0.984167
 1.00293 -61.7921 0.984167
 1.00308 -61.7822 0.984317
 1.00323 -61.7723 0.984467
 1.00338 -61.7623 0.984617
 1.00353 -61.7524 0.984767
 1.00368 -61.7425 0.984917
 1.00383 -61.7326 0.985068
 1.00398 -61.7227 0.985218
 1.00413 -61.7128 0.985368
 1.00428 -61.7029 0.985518
 1.00443  -61.693 0.985668
 1.00458 -61.6831 0.985818
 1.00473 -61.6733 0.985968
 1.00488 -61.6634 0.986118
 1.00503 -61.6535 0.986268
 1.00518 -61.6436 0.986418
 1.00533 -61.6337 0.986568
 1.00548 -61.6239 0.986718
 1.00563  -61.614 0.986718
 1.00578 -61.6041 0.986868
 1.00593 -61.5943 0.987019
 1.00608 -61.5844 0.987169
 1.00623 -61.5745 0.987319
 1.00638 -61.5647 0.987469
 1.00653 -61.5548 0.987619
 1.00668  -61.545 0.987769
 1.00683 -61.5351 0.987919
 1.00698 -61.5253 0.988069
 1.00713 -61.5154 0.988219
 1.00728 -61.5056 0.988369
 1.00743 -61.4957 0.988519
 1.00758 -61.4859 0.988669
 1.00773 -61.4761 0.988819
 1.00788 -61.4662 0.988969
 1.00803 -61.4564  0.98912
 1.00818 -61.4466  0.98927
 1.00833 -61.4368  0.98942
 1.00848  -61.427  0.98942
 1.00863 -61.4171  0.98957
 1.00878 -61.4073  0.98972
 1.00893 -61.3975  0.98987
 1.00908 -61.3877  0.99002
 1.00923 -61.3779  0.99017
 1.00938 -61.3681  0.99032
 1.00953 -61.3583  0.99047
 1.00968 -61.3485  0.99062
 1.00983 -61.3387  0.99077
 1.00998 -61.3289  0.99092
 1.01013 -61.3191 0.991071
 1.01028 -61.3093 0.991221
 1.01043 -61.2996 0.991371
 1.01058 -61.2898 0.991521
 1.01073   -61.28 0.991671
 1.01088 -61.2702 0.991821
 1.01103 -61.2605 0.991971
 1.01118 -61.2507 0.991971
 1.01133 -61.2409 0.992121
 1.01148 -61.2312 0.992271
 1.01163 -61.2214 0.992421
 1.01178 -61.2116 0.992571
 1.01193 -61.2019 0.992721
 1.01208 -61.1921 0.992871
 1.01223 -61.1824 0.993022
 1.01238 -61.1726 0.993172
 1.01253 -61.1629 0.993322
 1.01268 -61.1531 0.993472
 1.01283 -61.1434 0.993622
 1.01298 -61.1337 0.993772
 1.01313 -61.1239 0.993922
 1.01328 -61.1142 0.994072
 1.01343 -61.1045 0.994222
 1.01358 -61.0948 0.994372
 1.01373  -61.085 0.994522
 1.01388 -61.0753 0.994522
 1.01403 -61.0656 0.994672
 1.01418 -61.0559 0.994822
 1.01433 -61.0462 0.994972
 1.01448 -61.0365 0.995123
 1.01463 -61.0268 0.995273
 1.01478  -61.017 0.995423
 1.01493 -61.0073 0.995573
 1.01508 -60.9977 0.995723
 1.01523  -60.988 0.995873
 1.01538 -60.9783 0.996023
 1.01553 -60.9686 0.996173
 1.01568 -60.9589 0.996323
 1.01583 -60.9492 0.996473
 1.01598 -60.9395 0.996623
 1.01613 -60.9298 0.996773
 1.01628 -60.9202 0.996923
 1.01643 -60.9105 0.997074
 1.01658 -60.9008 0.997224
 1.01673 -60.8911 0.997224
 1.01688 -60.8815 0.997374
 1.01703 -60.8718 0.997524
 1.01718 -60.8622 0.997674
 1.01733 -60.8525 0.997824
 1.01748 -60.8428 0.997974
 1.01763 -60.8332 0.998124
 1.01778 -60.8235 0.998274
 1.01793 -60.8139 0.998424
 1.01808 -60.8043 0.998574
 1.01823 -60.7946 0.998724
 1.01838  -60.785 0.998874
 1.01853 -60.7753 0.999025
 1.01868 -60.7657 0.999175
 1.01883 -60.7561 0.999325
 1.01898 -60.7464 0.999475
 1.01913 -60.7368 0.999625
 1.01928 -60.7272 0.999775
 1.01943 -60.7176 0.999775
 1.01958  -60.708 0.999925
 1.01973 -60.6983  1.00008
 1.01988 -60.6887  1.00023
 1.02004 -60.6791  1.00038
 1.02019 -60.6695  1.00053
 1.02034 -60.6599  1.00068
 1.02049 -60.6503  1.00083
 1.02064 -60.6407  1.00098
 1.02079 -60.6311  1.00113
 1.02094 -60.6215  1.00128
 1.02109 -60.6119  1.00143
 1.02124 -60.6023  1.00158
 1.02139 -60.5928  1.00173
 1.02154 -60.5832  1.00188
 1.02169 -60.5736  1.00203
 1.02184  -60.564  1.00218
 1.02199 -60.5544  1.00233
 1.02214 -60.5449  1.00233
 1.02229 -60.5353  1.00248
 1.02244 -60.5257  1.00263
 1.02259 -60.5162  1.00278
 1.02274 -60.5066  1.00293
 1.02289  -60.497  1.00308
 1.02304 -60.4875  1.00323
 1.02319 -60.4779  1.00338
 1.02334 -60.4684  1.00353
 1.02349 -60.4588  1.00368
 1.02364 -60.4493  1.00383
 1.02379 -60.4398  1.00398
 1.02394 -60.4302  1.00413
 1.02409 -60.4207  1.00428
 1.02424 -60.4111  1.00443
 1.02439 -60.4016  1.00458
 1.02454 -60.3921  1.00473
 1.02469 -60.3825  1.00488
 1.02484  -60.373  1.00503
 1.02499 -60.3635  1.00503
 1.02514  -60.354  1.00518
 1.02529 -60.3445  1.00533
 1.02544  -60.335  1.00548
 1.02559 -60.3254  1.00563
 1.02574 -60.3159  1.00578
 1.02589 -60.3064  1.00593
 1.02604 -60.2969  1.00608
 1.02619 -60.2874  1.00623
 1.02634 -60.2779  1.00638
 1.02649 -60.2684  1.00653
 1.02664 -60.2589  1.00668
 1.02679 -60.2494  1.00683
 1.02694   -60.24  1.00698
 1.02709 -60.2305  1.00713
 1.02724  -60.221  1.00728
 1.02739 -60.2115  1.00743
 1.02754  -60.202  1.00758
 1.02769 -60.1926  1.00758
 1.02784 -60.1831  1.00773
 1.02799 -60.1736  1.00788
 1.02814 -60.1642  1.00803
 1.02829 -60.1547  1.00818
 1.02844 -60.1452  1.00833
 1.02859 -60.1358  1.00848
 1.02874 -60.1263  1.00863
 1.02889 -60.1169  1.00878
 1.02904 -60.1074  1.00893
 1.02919  -60.098  1.00908
 1.02934 -60.0885  1.00923
 1.02949 -60.0791  1.00938
 1.02964 -60.0696  1.00953
 1.02979 -60.0602  1.00968
 1.02994 -60.0508  1.00983
 1.03009 -60.0413  1.00998
 1.03024 -60.0319  1.01013
 1.03039 -60.0225  1.01013
 1.03054  -60.013  1.01028
 1.03069 -60.0036  1.01043
 1.03084 -59.9942  1.01058
 1.03099 -59.9848  1.01073
 1.03114 -59.9754  1.01088
 1.03129  -59.966  1.01103
 1.03144 -59.9565  1.01118
 1.03159 -59.9471  1.01133
 1.03174 -59.9377  1.01148
 1.03189 -59.9283  1.01163
 1.03204 -59.9189  1.01178
 1.03219 -59.9095  1.01193
 1.03234 -59.9001  1.01208
 1.03249 -59.8908  1.01223
 1.03264 -59.8814  1.01238
 1.03279  -59.872  1.01253
 1.03294 -59.8626  1.01268
 1.03309 -59.8532  1.01283
 1.03324 -59.8438  1.01283
 1.03339 -59.8345  1.01298
 1.03354 -59.8251  1.01313
 1.03369 -59.8157  1.01328
 1.03384 -59.8063  1.01343
 1.03399  -59.797  1.01358
 1.03414 -59.7876  1.01373
 1.03429 -59.7783  1.01388
 1.03444 -59.7689  1.01403
 1.03459 -59.7595  1.01418
 1.03474 -59.7502  1.01433
 1.03489 -59.7408  1.01448
 1.03504 -59.7315  1.01463
 1.03519 -59.7222  1.01478
 1.03534 -59.7128  1.01493
 1.03549 -59.7035  1.01508
 1.03564 -59.6941  1.01523
 1.03579 -59.6848  1.01538
 1.03594 -59.6755  1.01538
 1.03609 -59.6661  1.01553
 1.03624 -59.6568  1.01568
 1.03639 -59.6475  1.01583
 1.03654 -59.6382  1.01598
 1.03669 -59.6288  1.01613
 1.03684 -59.6195  1.01628
 1.03699 -59.6102  1.01643
 1.03714 -59.6009  1.01658
 1.03729 -59.5916  1.01673
 1.03744 -59.5823  1.01688
 1.03759  -59.573  1.01703
 1.03774 -59.5637  1.01718
 1.03789 -59.5544  1.01733
 1.03804 -59.5451  1.01748
 1.03819 -59.5358  1.01763
 1.03834 -59.5265  1.01778
 1.03849 -59.5172  1.01793
 1.03864 -59.5079  1.01793
 1.03879 -59.4986  1.01808
 1.03894 -59.4894  1.01823
 1.03909 -59.4801  1.01838
 1.03924 -59.4708  1.01853
 1.03939 -59.4615  1.01868
 1.03954 -59.4523  1.01883
 1.03969  -59.443  1.01898
 1.03984 -59.4337  1.01913
 1.03999 -59.4245  1.01928
 1.04015 -59.4152  1.01943
  1.0403 -59.4059  1.01958
 1.04045 -59.3967  1.01973
  1.0406 -59.3874  1.01988
 1.04075 -59.3782  1.02004
  1.0409 -59.3689  1.02019
 1.04105 -59.3597  1.02034
  1.0412 -59.3505  1.02049
 1.04135 -59.3412  1.02064
  1.0415  -59.332  1.02064
 1.04165 -59.3227  1.02079
  1.0418 -59.3135  1.02094
 1.04195 -59.3043  1.02109
  1.0421  -59.295  1.02124
 1.04225 -59.2858  1.02139
  1.0424 -59.2766  1.02154
 1.04255 -59.2674  1.02169
  1.0427 -59.2582  1.02184
 1.04285 -59.2489  1.02199
   1.043 -59.2397  1.02214
 1.04315 -59.2305  1.02229
  1.0433 -59.2213  1.02244
 1.04345 -59.2121  1.02259
  1.0436 -59.2029  1.02274
 1.04375 -59.1937  1.02289
  1.0439 -59.1845  1.02304
 1.04405 -59.1753  1.02319
  1.0442 -59.1661  1.02319
 1.04435 -59.1569  1.02334
  1.0445 -59.1478  1.02349
 1.04465 -59.1386  1.02364
  1.0448 -59.1294  1.02379
 1.04495 -59.1202  1.02394
  1.0451  -59.111  1.02409
 1.04525 -59.1019  1.02424
  1.0454 -59.0927  1.02439
 1.04555 -59.0835  1.02454
  1.0457 -59.0743  1.02469
 1.04585 -59.0652  1.02484
   1.046  -59.056  1.02499
 1.04615 -59.0469  1.02514
  1.0463 -59.0377  1.02529
 1.04645 -59.0285  1.02544
  1.0466 -59.0194  1.02559
 1.04675 -59.0102  1.02574
  1.0469 -59.0011  1.02574
 1.04705  -58.992  1.02589
  1.0472 -58.9828  1.02604
 1.04735 -58.9737  1.02619
  1.0475 -58.9645  1.02634
 1.04765 -58.9554  1.02649
  1.0478 -58.9463  1.02664
 1.04795 -58.9371  1.02679
  1.0481  -58.928  1.02694
 1.04825 -58.9189  1.02709
  1.0484 -58.9098  1.02724
 1.04855 -58.9006  1.02739
  1.0487 -58.8915  1.02754
 1.04885 -58.8824  1.02769
   1.049 -58.8733  1.02784
 1.04915 -58.8642  1.02799
  1.0493 -58.8551  1.02814
 1.04945  -58.846  1.02829
  1.0496 -58.8369  1.02829
 1.04975 -58.8278  1.02844
  1.0499 -58.8187  1.02859
 1.05005 -58.8096  1.02874
  1.0502 -58.8005  1.02889
 1.05035 -58.7914  1.02904
  1.0505 -58.7823  1.02919
 1.05065 -58.7732  1.02934
  1.0508 -58.7641  1.02949
 1.05095 -58.7551  1.02964
  1.0511  -58.746  1.02979
 1.05125 -58.7369  1.02994
  1.0514 -58.7278  1.03009
 1.05155 -58.7188  1.03024
  1.0517 -58.7097  1.03039
 1.05185 -58.7006  1.03054
   1.052 -58.6916  1.03069
 1.05215 -58.6825  1.03084
  1.0523 -58.6735  1.03084
 1.05245 -58.6644  1.03099
  1.0526 -58.6554  1.03114
 1.05275 -58.6463  1.03129
  1.0529 -58.6373  1.03144
 1.05305 -58.6282  1.03159
  1.0532 -58.6192  1.03174
 1.05335 -58.6101  1.03189
  1.0535 -58.6011  1.03204
 1.05365 -58.5921  1.03219
  1.0538  -58.583  1.03234
 1.05395  -58.574  1.03249
  1.0541  -58.565  1.03264
 1.05425 -58.5559  1.03279
  1.0544 -58.5469  1.03294
 1.05455 -58.5379  1.03309
  1.0547 -58.5289  1.03324
 1.05485 -58.5199  1.03339
   1.055 -58.5108  1.03339
 1.05515 -58.5018  1.03354
  1.0553 -58.4928  1.03369
 1.05545 -58.4838  1.03384
  1.0556 -58.4748  1.03399
 1.05575 -58.4658  1.03414
  1.0559 -58.4568  1.03429
 1.05605 -58.4478  1.03444
  1.0562 -58.4388  1.03459
 1.05635 -58.4298  1.03474
  1.0565 -58.4208  1.03489
 1.05665 -58.4119  1.03504
  1.0568 -58.4029  1.03519
 1.05695 -58.3939  1.03534
  1.0571 -58.3849  1.03549
 1.05725 -58.3759  1.03564
  1.0574  -58.367  1.03579
 1.05755  -58.358  1.03594
  1.0577  -58.349  1.03594
 1.05785 -58.3401  1.03609
   1.058 -58.3311  1.03624
 1.05815 -58.3221  1.03639
  1.0583 -58.3132  1.03654
 1.05845 -58.3042  1.03669
  1.0586 -58.2953  1.03684
 1.05875 -58.2863  1.03699
  1.0589 -58.2774  1.03714
 1.05905 -58.2684  1.03729
  1.0592 -58.2595  1.03744
 1.05935 -58.2505  1.03759
  1.0595 -58.2416  1.03774
 1.05965 -58.2327  1.03789
  1.0598 -58.2237  1.03804
 1.05995 -58.2148  1.03819
 1.06011 -58.2059  1.03834
 1.06026 -58.1969  1.03834
 1.06041  -58.188  1.03849
 1.06056 -58.1791  1.03864
 1.06071 -58.1702  1.03879
 1.06086 -58.1612  1.03894
 1.06101 -58.1523  1.03909
 1.06116 -58.1434  1.03924
 1.06131 -58.1345  1.03939
 1.06146 -58.1256  1.03954
 1.06161 -58.1167  1.03969
 1.06176 -58.1078  1.03984
 1.06191 -58.0989  1.03999
 1.06206   -58.09  1.04015
 1.06221 -58.0811   1.0403
 1.06236 -58.0722  1.04045
 1.06251 -58.0633   1.0406
 1.06266 -58.0544  1.04075
 1.06281 -58.0455   1.0409
 1.06296 -58.0366   1.0409
 1.06311 -58.0278  1.04105
 1.06326 -58.0189   1.0412
 1.06341   -58.01  1.04135
 1.06356 -58.0011   1.0415
 1.06371 -57.9923  1.04165
 1.06386 -57.9834   1.0418
 1.06401 -57.9745  1.04195
 1.06416 -57.9657   1.0421
 1.06431 -57.9568  1.04225
 1.06446 -57.9479   1.0424
 1.06461 -57.9391  1.04255
 1.06476 -57.9302   1.0427
 1.06491 -57.9214  1.04285
 1.06506 -57.9125    1.043
 1.06521 -57.9037  1.04315
 1.06536 -57.8948   1.0433
 1.06551  -57.886   1.0433
 1.06566 -57.8771  1.04345
 1.06581 -57.8683   1.0436
 1.06596 -57.8595  1.04375
 1.06611 -57.8506   1.0439
 1.06626 -57.8418  1.04405
 1.06641  -57.833   1.0442
 1.06656 -57.8241  1.04435
 1.06671 -57.8153   1.0445
 1.06686 -57.8065  1.04465
 1.06701 -57.7977   1.0448
 1.06716 -57.7889  1.04495
 1.06731 -57.7801   1.0451
 1.06746 -57.7712  1.04525
 1.06761 -57.7624   1.0454
 1.06776 -57.7536  1.04555
 1.06791 -57.7448   1.0457
 1.06806  -57.736   1.0457
 1.06821 -57.7272  1.04585
 1.06836 -57.7184    1.046
 1.06851 -57.7096  1.04615
 1.06866 -57.7008   1.0463
 1.06881  -57.692  1.04645
 1.06896 -57.6833   1.0466
 1.06911 -57.6745  1.04675
 1.06926 -57.6657   1.0469
 1.06941 -57.6569  1.04705
 1.06956 -57.6481   1.0472
 1.06971 -57.6394  1.04735
 1.06986 -57.6306   1.0475
 1.07001 -57.6218  1.04765
 1.07016  -57.613   1.0478
 1.07031 -57.6043  1.04795
 1.07046 -57.5955   1.0481
 1.07061 -57.5868  1.04825
 1.07076  -57.578  1.04825
 1.07091 -57.5692   1.0484
 1.07106 -57.5605  1.04855
 1.07121 -57.5517   1.0487
 1.07136  -57.543  1.04885
 1.07151 -57.5342    1.049
 1.07166 -57.5255  1.04915
 1.07181 -57.5168   1.0493
 1.07196  -57.508  1.04945
 1.07211 -57.4993   1.0496
 1.07226 -57.4905  1.04975
 1.07241 -57.4818   1.0499
 1.07256 -57.4731  1.05005
 1.07271 -57.4643   1.0502
 1.07286 -57.4556  1.05035
 1.07301 -57.4469   1.0505
 1.07316 -57.4382  1.05065
 1.07331 -57.4295  1.05065
 1.07346 -57.4207   1.0508
 1.07361  -57.412  1.05095
 1.07376 -57.4033   1.0511
 1.07391 -57.3946  1.05125
 1.07406 -57.3859   1.0514
 1.07421 -57.3772  1.05155
 1.07436 -57.3685   1.0517
 1.07451 -57.3598  1.05185
 1.07466 -57.3511    1.052
 1.07481 -57.3424  1.05215
 1.07496 -57.3337   1.0523
 1.07511  -57.325  1.05245
 1.07526 -57.3163   1.0526
 1.07541 -57.3077  1.05275
 1.07556  -57.299   1.0529
 1.07571 -57.2903  1.05305
 1.07586 -57.2816  1.05305
 1.07601 -57.2729   1.0532
 1.07616 -57.2643  1.05335
 1.07631 -57.2556   1.0535
 1.07646 -57.2469  1.05365
 1.07661 -57.2383   1.0538
 1.07676 -57.2296  1.05395
 1.07691 -57.2209   1.0541
 1.07706 -57.2123  1.05425
 1.07721 -57.2036   1.0544
 1.07736  -57.195  1.05455
 1.07751 -57.1863   1.0547
 1.07766 -57.1777  1.05485
 1.07781  -57.169    1.055
 1.07796 -57.1604  1.05515
 1.07811 -57.1517   1.0553
 1.07826 -57.1431  1.05545
 1.07841 -57.1345  1.05545
 1.07856 -57.1258   1.0556
 1.07871 -57.1172  1.05575
 1.07886 -57.1086   1.0559
 1.07901 -57.0999  1.05605
 1.07916 -57.0913   1.0562
 1.07931 -57.0827  1.05635
 1.07946 -57.0741   1.0565
 1.07961 -57.0654  1.05665
 1.07976 -57.0568   1.0568
 1.07991 -57.0482  1.05695
 1.08007 -57.0396   1.0571
 1.08022  -57.031  1.05725
 1.08037 -57.0224   1.0574
 1.08052 -57.0138  1.05755
 1.08067 -57.0052   1.0577
 1.08082 -56.9966   1.0577
 1.08097  -56.988  1.05785
 1.08112 -56.9794    1.058
 1.08127 -56.9708  1.05815
 1.08142 -56.9622   1.0583
 1.08157 -56.9536  1.05845
 1.08172  -56.945   1.0586
 1.08187 -56.9364  1.05875
 1.08202 -56.9279   1.0589
 1.08217 -56.9193  1.05905
 1.08232 -56.9107   1.0592
 1.08247 -56.9021  1.05935
 1.08262 -56.8936   1.0595
 1.08277  -56.885  1.05965
 1.08292 -56.8764   1.0598
 1.08307 -56.8679  1.05995
 1.08322 -56.8593  1.05995
 1.08337 -56.8507  1.06011
 1.08352 -56.8422  1.06026
 1.08367 -56.8336  1.06041
 1.08382 -56.8251  1.06056
 1.08397 -56.8165  1.06071
 1.08412  -56.808  1.06086
 1.08427 -56.7994  1.06101
 1.08442 -56.7909  1.06116
 1.08457 -56.7824  1.06131
 1.08472 -56.7738  1.06146
 1.08487 -56.7653  1.06161
 1.08502 -56.7567  1.06176
 1.08517 -56.7482  1.06191
 1.08532 -56.7397  1.06206
 1.08547 -56.7312  1.06221
 1.08562 -56.7226  1.06221
 1.08577 -56.7141  1.06236
 1.08592 -56.7056  1.06251
 1.08607 -56.6971  1.06266
 1.08622 -56.6886  1.06281
 1.08637 -56.6801  1.06296
 1.08652 -56.6715  1.06311
 1.08667  -56.663  1.06326
 1.08682 -56.6545  1.06341
 1.08697  -56.646  1.06356
 1.08712 -56.6375  1.06371
 1.08727  -56.629  1.06386
 1.08742 -56.6205  1.06401
 1.08757  -56.612  1.06416
 1.08772 -56.6035  1.06431
 1.08787 -56.5951  1.06446
 1.08802 -56.5866  1.06446
 1.08817 -56.5781  1.06461
 1.08832 -56.5696  1.06476
 1.08847 -56.5611  1.06491
 1.08862 -56.5527  1.06506
 1.08877 -56.5442  1.06521
 1.08892 -56.5357  1.06536
 1.08907 -56.5272  1.06551
 1.08922 -56.5188  1.06566
 1.08937 -56.5103  1.06581
 1.08952 -56.5018  1.06596
 1.08967 -56.4934  1.06611
 1.08982 -56.4849  1.06626
 1.08997 -56.4765  1.06641
 1.09012  -56.468  1.06656
 1.09027 -56.4596  1.06671
 1.09042 -56.4511  1.06671
 1.09057 -56.4427  1.06686
 1.09072 -56.4342  1.06701
 1.09087 -56.4258  1.06716
 1.09102 -56.4173  1.06731
 1.09117 -56.4089  1.06746
 1.09132 -56.4005  1.06761
 1.09147  -56.392  1.06776
 1.09162 -56.3836  1.06791
 1.09177 -56.3752  1.06806
 1.09192 -56.3668  1.06821
 1.09207 -56.3583  1.06836
 1.09222 -56.3499  1.06851
 1.09237 -56.3415  1.06866
 1.09252 -56.3331  1.06881
 1.09267 -56.3247  1.06881
 1.09282 -56.3163  1.06896
 1.09297 -56.3078  1.06911
 1.09312 -56.2994  1.06926
 1.09327  -56.291  1.06941
 1.09342 -56.2826  1.06956
 1.09357 -56.2742  1.06971
 1.09372 -56.2658  1.06986
 1.09387 -56.2574  1.07001
 1.09402 -56.2491  1.07016
 1.09417 -56.2407  1.07031
 1.09432 -56.2323  1.07046
 1.09447 -56.2239  1.07061
 1.09462 -56.2155  1.07076
 1.09477 -56.2071  1.07091
 1.09492 -56.1987  1.07106
 1.09507 -56.1904  1.07106
 1.09522  -56.182  1.07121
 1.09537 -56.1736  1.07136
 1.09552 -56.1653  1.07151
 1.09567 -56.1569  1.07166
 1.09582 -56.1485  1.07181
 1.09597 -56.1402  1.07196
 1.09612 -56.1318  1.07211
 1.09627 -56.1234  1.07226
 1.09642 -56.1151  1.07241
 1.09657 -56.1067  1.07256
 1.09672 -56.0984  1.07271
 1.09687   -56.09  1.07286
 1.09702 -56.0817  1.07301
 1.09717 -56.0734  1.07316
 1.09732  -56.065  1.07316
 1.09747 -56.0567  1.07331
 1.09762 -56.0483  1.07346
 1.09777   -56.04  1.07361
 1.09792 -56.0317  1.07376
 1.09807 -56.0233  1.07391
 1.09822  -56.015  1.07406
 1.09837 -56.0067  1.07421
 1.09852 -55.9984  1.07436
 1.09867   -55.99  1.07451
 1.09882 -55.9817  1.07466
 1.09897 -55.9734  1.07481
 1.09912 -55.9651  1.07496
 1.09927 -55.9568  1.07511
 1.09942 -55.9485  1.07526
 1.09957 -55.9402  1.07526
 1.09972 -55.9319  1.07541
 1.09987 -55.9236  1.07556
 1.10003 -55.9153  1.07571
 1.10018  -55.907  1.07586
 1.10033 -55.8987  1.07601
 1.10048 -55.8904  1.07616
 1.10063 -55.8821  1.07631
 1.10078 -55.8738  1.07646
 1.10093 -55.8655  1.07661
 1.10108 -55.8572  1.07676
 1.10123  -55.849  1.07691
 1.10138 -55.8407  1.07706
 1.10153 -55.8324  1.07721
 1.10168 -55.8241  1.07736
 1.10183 -55.8159  1.07736
 1.10198 -55.8076  1.07751
 1.10213 -55.7993  1.07766
 1.10228 -55.7911  1.07781
 1.10243 -55.7828  1.07796
 1.10258 -55.7745  1.07811
 1.10273 -55.7663  1.07826
 1.10288  -55.758  1.07841
 1.10303 -55.7498  1.07856
 1.10318 -55.7415  1.07871
 1.10333 -55.7333  1.07886
 1.10348  -55.725  1.07901
 1.10363 -55.7168  1.07916
 1.10378 -55.7086  1.07931
 1.10393 -55.7003  1.07931
 1.10408 -55.6921  1.07946
 1.10423 -55.6838  1.07961
 1.10438 -55.6756  1.07976
 1.10453 -55.6674  1.07991
 1.10468 -55.6592  1.08007
 1.10483 -55.6509  1.08022
 1.10498 -55.6427  1.08037
 1.10513 -55.6345  1.08052
 1.10528 -55.6263  1.08067
 1.10543 -55.6181  1.08082
 1.10558 -55.6098  1.08097
 1.10573 -55.6016  1.08112
 1.10588 -55.5934  1.08127
 1.10603 -55.5852  1.08127
 1.10618  -55.577  1.08142
 1.10633 -55.5688  1.08157
 1.10648 -55.5606  1.08172
 1.10663 -55.5524  1.08187
 1.10678 -55.5442  1.08202
 1.10693  -55.536  1.08217
 1.10708 -55.5279  1.08232
 1.10723 -55.5197  1.08247
 1.10738 -55.5115  1.08262
 1.10753 -55.5033  1.08277
 1.10768 -55.4951  1.08292
 1.10783 -55.4869  1.08307
 1.10798 -55.4788  1.08322
 1.10813 -55.4706  1.08337
 1.10828 -55.4624  1.08337
 1.10843 -55.4543  1.08352
 1.10858 -55.4461  1.08367
 1.10873 -55.4379  1.08382
 1.10888 -55.4298  1.08397
 1.10903 -55.4216  1.08412
 1.10918 -55.4135  1.08427
 1.10933 -55.4053  1.08442
 1.10948 -55.3971  1.08457
 1.10963  -55.389  1.08472
 1.10978 -55.3809  1.08487
 1.10993 -55.3727  1.08502
 1.11008 -55.3646  1.08517
 1.11023 -55.3564  1.08517
 1.11038 -55.3483  1.08532
 1.11053 -55.3402  1.08547
 1.11068  -55.332  1.08562
 1.11083 -55.3239  1.08577
 1.11098 -55.3158  1.08592
 1.11113 -55.3076  1.08607
 1.11128 -55.2995  1.08622
 1.11143 -55.2914  1.08637
 1.11158 -55.2833  1.08652
 1.11173 -55.2752  1.08667
 1.11188  -55.267  1.08682
 1.11203 -55.2589  1.08697
 1.11218 -55.2508  1.08712
 1.11233 -55.2427  1.08712
 1.11248 -55.2346  1.08727
 1.11263 -55.2265  1.08742
 1.11278 -55.2184  1.08757
 1.11293 -55.2103  1.08772
 1.11308 -55.2022  1.08787
 1.11323 -55.1941  1.08802
 1.11338  -55.186  1.08817
 1.11353 -55.1779  1.08832
 1.11368 -55.1699  1.08847
 1.11383 -55.1618  1.08862
 1.11398 -55.1537  1.08877
 1.11413 -55.1456  1.08892
 1.11428 -55.1375  1.08892
 1.11443 -55.1295  1.08907
 1.11458 -55.1214  1.08922
 1.11473 -55.1133  1.08937
 1.11488 -55.1053  1.08952
 1.11503 -55.0972  1.08967
 1.11518 -55.0891  1.08982
 1.11533 -55.0811  1.08997
 1.11548  -55.073  1.09012
 1.11563  -55.065  1.09027
 1.11578 -55.0569  1.09042
 1.11593 -55.0489  1.09057
 1.11608 -55.0408  1.09072
 1.11623 -55.0328  1.09087
 1.11638 -55.0247  1.09087
 1.11653 -55.0167  1.09102
 1.11668 -55.0086  1.09117
 1.11683 -55.0006  1.09132
 1.11698 -54.9926  1.09147
 1.11713 -54.9845  1.09162
 1.11728 -54.9765  1.09177
 1.11743 -54.9685  1.09192
 1.11758 -54.9605  1.09207
 1.11773 -54.9524  1.09222
 1.11788 -54.9444  1.09237
 1.11803 -54.9364  1.09237
 1.11818 -54.9284  1.09252
 1.11833 -54.9204  1.09267
 1.11848 -54.9124  1.09282
 1.11863 -54.9044  1.09297
 1.11878 -54.8964  1.09312
 1.11893 -54.8884  1.09327
 1.11908 -54.8804  1.09342
 1.11923 -54.8724  1.09357
 1.11938 -54.8644  1.09372
 1.11953 -54.8564  1.09387
 1.11968 -54.8484  1.09387
 1.11983 -54.8404  1.09402
 1.11998 -54.8324  1.09417
 1.12014 -54.8244  1.09432
 1.12029 -54.8165  1.09447
 1.12044 -54.8085  1.09462
 1.12059 -54.8005  1.09477
 1.12074 -54.7925  1.09492
 1.12089 -54.7846  1.09507
 1.12104 -54.7766  1.09522
 1.12119 -54.7686  1.09537
 1.12134 -54.7607  1.09552
 1.12149 -54.7527  1.09552
 1.12164 -54.7448  1.09567
 1.12179 -54.7368  1.09582
 1.12194 -54.7288  1.09597
 1.12209 -54.7209  1.09612
 1.12224 -54.7129  1.09627
 1.12239  -54.705  1.09642
 1.12254 -54.6971  1.09657
 1.12269 -54.6891  1.09672
 1.12284 -54.6812  1.09687
 1.12299 -54.6733  1.09702
 1.12314 -54.6653  1.09702
 1.12329 -54.6574  1.09717
 1.12344 -54.6495  1.09732
 1.12359 -54.6415  1.09747
 1.12374 -54.6336  1.09762
 1.12389 -54.6257  1.09777
 1.12404 -54.6178  1.09792
 1.12419 -54.6099  1.09807
 1.12434 -54.6019  1.09822
 1.12449  -54.594  1.09837
 1.12464 -54.5861  1.09852
 1.12479 -54.5782  1.09852
 1.12494 -54.5703  1.09867
 1.12509 -54.5624  1.09882
 1.12524 -54.5545  1.09897
 1.12539 -54.5466  1.09912
 1.12554 -54.5387  1.09927
 1.12569 -54.5308  1.09942
 1.12584  -54.523  1.09957
 1.12599 -54.5151  1.09972
 1.12614 -54.5072  1.09987
 1.12629 -54.4993  1.10003
 1.12644 -54.4914  1.10003
 1.12659 -54.4836  1.10018
 1.12674 -54.4757  1.10033
 1.12689 -54.4678  1.10048
 1.12704 -54.4599  1.10063
 1.12719 -54.4521  1.10078
 1.12734 -54.4442  1.10093
 1.12749 -54.4364  1.10108
 1.12764 -54.4285  1.10123
 1.12779 -54.4206  1.10138
 1.12794 -54.4128  1.10153
 1.12809 -54.4049  1.10153
 1.12824 -54.3971  1.10168
 1.12839 -54.3892  1.10183
 1.12854 -54.3814  1.10198
 1.12869 -54.3736  1.10213
 1.12884 -54.3657  1.10228
 1.12899 -54.3579  1.10243
 1.12914 -54.3501  1.10258
 1.12929 -54.3422  1.10273
 1.12944 -54.3344  1.10288
 1.12959 -54.3266  1.10303
 1.12974 -54.3187  1.10303
 1.12989 -54.3109  1.10318
 1.13004 -54.3031  1.10333
 1.13019 -54.2953  1.10348
 1.13034 -54.2875  1.10363
 1.13049 -54.2797  1.10378
 1.13064 -54.2719  1.10393
 1.13079 -54.2641  1.10408
 1.13094 -54.2563  1.10423
 1.13109 -54.2484  1.10438
 1.13124 -54.2407  1.10453
 1.13139 -54.2329  1.10453
 1.13154 -54.2251  1.10468
 1.13169 -54.2173  1.10483
 1.13184 -54.2095  1.10498
 1.13199 -54.2017  1.10513
 1.13214 -54.1939  1.10528
 1.13229 -54.1861  1.10543
 1.13244 -54.1784  1.10558
 1.13259 -54.1706  1.10573
 1.13274 -54.1628  1.10588
 1.13289  -54.155  1.10588
 1.13304 -54.1473  1.10603
 1.13319 -54.1395  1.10618
 1.13334 -54.1317  1.10633
 1.13349  -54.124  1.10648
 1.13364 -54.1162  1.10663
 1.13379 -54.1085  1.10678
 1.13394 -54.1007  1.10693
 1.13409  -54.093  1.10708
 1.13424 -54.0852  1.10723
 1.13439 -54.0775  1.10738
 1.13454 -54.0697  1.10738
 1.13469  -54.062  1.10753
 1.13484 -54.0542  1.10768
 1.13499 -54.0465  1.10783
 1.13514 -54.0388  1.10798
 1.13529  -54.031  1.10813
 1.13544 -54.0233  1.10828
 1.13559 -54.0156  1.10843
 1.13574 -54.0079  1.10858
 1.13589 -54.0001  1.10873
 1.13604 -53.9924  1.10873
 1.13619 -53.9847  1.10888
 1.13634  -53.977  1.10903
 1.13649 -53.9693  1.10918
 1.13664 -53.9616  1.10933
 1.13679 -53.9539  1.10948
 1.13694 -53.9462  1.10963
 1.13709 -53.9385  1.10978
 1.13724 -53.9308  1.10993
 1.13739 -53.9231  1.11008
 1.13754 -53.9154  1.11008
 1.13769 -53.9077  1.11023
 1.13784    -53.9  1.11038
 1.13799 -53.8923  1.11053
 1.13814 -53.8846  1.11068
 1.13829 -53.8769  1.11083
 1.13844 -53.8692  1.11098
 1.13859 -53.8616  1.11113
 1.13874 -53.8539  1.11128
 1.13889 -53.8462  1.11143
 1.13904 -53.8386  1.11143
 1.13919 -53.8309  1.11158
 1.13934 -53.8232  1.11173
 1.13949 -53.8156  1.11188
 1.13964 -53.8079  1.11203
 1.13979 -53.8002  1.11218
 1.13994 -53.7926  1.11233
  1.1401 -53.7849  1.11248
 1.14025 -53.7773  1.11263
  1.1404 -53.7696  1.11278
 1.14055  -53.762  1.11278
  1.1407 -53.7544  1.11293
 1.14085 -53.7467  1.11308
   1.141 -53.7391  1.11323
 1.14115 -53.7315  1.11338
  1.1413 -53.7238  1.11353
 1.14145 -53.7162  1.11368
  1.1416 -53.7086  1.11383
 1.14175  -53.701  1.11398
  1.1419 -53.6933  1.11398
 1.14205 -53.6857  1.11413
  1.1422 -53.6781  1.11428
 1.14235 -53.6705  1.11443
  1.1425 -53.6629  1.11458
 1.14265 -53.6553  1.11473
  1.1428 -53.6477  1.11488
 1.14295 -53.6401  1.11503
  1.1431 -53.6325  1.11518
 1.14325 -53.6249  1.11518
  1.1434 -53.6173  1.11533
 1.14355 -53.6097  1.11548
  1.1437 -53.6021  1.11563
 1.14385 -53.5945  1.11578
   1.144 -53.5869  1.11593
 1.14415 -53.5793  1.11608
  1.1443 -53.5718  1.11623
 1.14445 -53.5642  1.11638
  1.1446 -53.5566  1.11638
 1.14475  -53.549  1.11653
  1.1449 -53.5415  1.11668
 1.14505 -53.5339  1.11683
  1.1452 -53.5263  1.11698
 1.14535 -53.5188  1.11713
  1.1455 -53.5112  1.11728
 1.14565 -53.5037  1.11743
  1.1458 -53.4961  1.11758
 1.14595 -53.4886  1.11758
  1.1461  -53.481  1.11773
 1.14625 -53.4735  1.11788
  1.1464 -53.4659  1.11803
 1.14655 -53.4584  1.11818
  1.1467 -53.4509  1.11833
 1.14685 -53.4433  1.11848
   1.147 -53.4358  1.11863
 1.14715 -53.4283  1.11863
  1.1473 -53.4207  1.11878
 1.14745 -53.4132  1.11893
  1.1476 -53.4057  1.11908
 1.14775 -53.3982  1.11923
  1.1479 -53.3907  1.11938
 1.14805 -53.3831  1.11953
  1.1482 -53.3756  1.11968
 1.14835 -53.3681  1.11968
  1.1485 -53.3606  1.11983
 1.14865 -53.3531  1.11998
  1.1488 -53.3456  1.12014
 1.14895 -53.3381  1.12029
  1.1491 -53.3306  1.12044
 1.14925 -53.3231  1.12059
  1.1494 -53.3157  1.12074
 1.14955 -53.3082  1.12074
  1.1497 -53.3007  1.12089
 1.14985 -53.2932  1.12104
    1.15 -53.2857  1.12119