 kgrid  ValNew  Policy 
    0.85 -73.2121 0.878064
 0.85015 -73.1991 0.878214
  0.8503 -73.1861 0.878364
 0.85045 -73.1731 0.878514
  0.8506 -73.1601 0.878664
 0.85075 -73.1472 0.878814
  0.8509 -73.1342 0.878964
0.851051 -73.1212 0.879115
0.851201 -73.1083 0.879265
0.851351 -73.0953 0.879265
0.851501 -73.0824 0.879415
0.851651 -73.0694 0.879565
0.851801 -73.0565 0.879715
0.851951 -73.0436 0.879865
0.852101 -73.0306 0.880015
0.852251 -73.0177 0.880165
0.852401 -73.0048 0.880315
0.852551 -72.9919 0.880465
0.852701  -72.979 0.880465
0.852851 -72.9661 0.880615
0.853002 -72.9532 0.880765
0.853152 -72.9403 0.880915
0.853302 -72.9274 0.881066
0.853452 -72.9146 0.881216
0.853602 -72.9017 0.881366
0.853752 -72.8888 0.881516
0.853902  -72.876 0.881666
0.854052 -72.8631 0.881666
0.854202 -72.8503 0.881816
0.854352 -72.8375 0.881966
0.854502 -72.8246 0.882116
0.854652 -72.8118 0.882266
0.854802  -72.799 0.882416
0.854952 -72.7861 0.882566
0.855103 -72.7733 0.882716
0.855253 -72.7605 0.882866
0.855403 -72.7477 0.883017
0.855553 -72.7349 0.883017
0.855703 -72.7221 0.883167
0.855853 -72.7094 0.883317
0.856003 -72.6966 0.883467
0.856153 -72.6838 0.883617
0.856303  -72.671 0.883767
0.856453 -72.6583 0.883917
0.856603 -72.6455 0.884067
0.856753 -72.6328 0.884217
0.856903   -72.62 0.884367
0.857054 -72.6073 0.884367
0.857204 -72.5945 0.884517
0.857354 -72.5818 0.884667
0.857504 -72.5691 0.884817
0.857654 -72.5564 0.884967
0.857804 -72.5437 0.885118
0.857954  -72.531 0.885268
0.858104 -72.5182 0.885418
0.858254 -72.5056 0.885568
0.858404 -72.4929 0.885718
0.858554 -72.4802 0.885718
0.858704 -72.4675 0.885868
0.858854 -72.4548 0.886018
0.859005 -72.4421 0.886168
0.859155 -72.4295 0.886318
0.859305 -72.4168 0.886468
0.859455 -72.4042 0.886618
0.859605 -72.3915 0.886768
0.859755 -72.3789 0.886918
0.859905 -72.3662 0.887069
0.860055 -72.3536 0.887069
0.860205  -72.341 0.887219
0.860355 -72.3283 0.887369
0.860505 -72.3157 0.887519
0.860655 -72.3031 0.887669
0.860805 -72.2905 0.887819
0.860955 -72.2779 0.887969
0.861106 -72.2653 0.888119
0.861256 -72.2527 0.888269
0.861406 -72.2401 0.888419
0.861556 -72.2276 0.888419
0.861706  -72.215 0.888569
0.861856 -72.2024 0.888719
0.862006 -72.1899 0.888869
0.862156 -72.1773  0.88902
0.862306 -72.1647  0.88917
0.862456 -72.1522  0.88932
0.862606 -72.1396  0.88947
0.862756 -72.1271  0.88962
0.862906 -72.1146  0.88977
0.863057  -72.102  0.88992
0.863207 -72.0895  0.88992
0.863357  -72.077  0.89007
0.863507 -72.0645  0.89022
0.863657  -72.052  0.89037
0.863807 -72.0395  0.89052
0.863957  -72.027  0.89067
0.864107 -72.0145  0.89082
0.864257  -72.002  0.89097
0.864407 -71.9895 0.891121
0.864557 -71.9771 0.891271
0.864707 -71.9646 0.891421
0.864857 -71.9521 0.891421
0.865008 -71.9397 0.891571
0.865158 -71.9272 0.891721
0.865308 -71.9147 0.891871
0.865458 -71.9023 0.892021
0.865608 -71.8899 0.892171
0.865758 -71.8774 0.892321
0.865908  -71.865 0.892471
0.866058 -71.8526 0.892621
0.866208 -71.8401 0.892771
0.866358 -71.8277 0.892771
0.866508 -71.8153 0.892921
0.866658 -71.8029 0.893072
0.866808 -71.7905 0.893222
0.866958 -71.7781 0.893372
0.867109 -71.7657 0.893522
0.867259 -71.7533 0.893672
0.867409  -71.741 0.893822
0.867559 -71.7286 0.893972
0.867709 -71.7162 0.894122
0.867859 -71.7039 0.894272
0.868009 -71.6915 0.894422
0.868159 -71.6791 0.894422
0.868309 -71.6668 0.894572
0.868459 -71.6544 0.894722
0.868609 -71.6421 0.894872
0.868759 -71.6298 0.895023
0.868909 -71.6174 0.895173
 0.86906 -71.6051 0.895323
 0.86921 -71.5928 0.895473
 0.86936 -71.5805 0.895623
 0.86951 -71.5682 0.895773
 0.86966 -71.5559 0.895923
 0.86981 -71.5436 0.895923
 0.86996 -71.5313 0.896073
 0.87011  -71.519 0.896223
 0.87026 -71.5067 0.896373
 0.87041 -71.4944 0.896523
 0.87056 -71.4821 0.896673
 0.87071 -71.4699 0.896823
 0.87086 -71.4576 0.896973
0.871011 -71.4453 0.897124
0.871161 -71.4331 0.897274
0.871311 -71.4208 0.897424
0.871461 -71.4086 0.897424
0.871611 -71.3963 0.897574
0.871761 -71.3841 0.897724
0.871911 -71.3719 0.897874
0.872061 -71.3596 0.898024
0.872211 -71.3474 0.898174
0.872361 -71.3352 0.898324
0.872511  -71.323 0.898474
0.872661 -71.3108 0.898624
0.872811 -71.2986 0.898774
0.872961 -71.2864 0.898924
0.873112 -71.2742 0.899075
0.873262  -71.262 0.899075
0.873412 -71.2498 0.899225
0.873562 -71.2376 0.899375
0.873712 -71.2255 0.899525
0.873862 -71.2133 0.899675
0.874012 -71.2011 0.899825
0.874162  -71.189 0.899975
0.874312 -71.1768 0.900125
0.874462 -71.1646 0.900275
0.874612 -71.1525 0.900425
0.874762 -71.1403 0.900575
0.874912 -71.1282 0.900725
0.875063 -71.1161 0.900875
0.875213 -71.1039 0.901026
0.875363 -71.0918 0.901026
0.875513 -71.0797 0.901176
0.875663 -71.0676 0.901326
0.875813 -71.0555 0.901476
0.875963 -71.0434 0.901626
0.876113 -71.0313 0.901776
0.876263 -71.0192 0.901926
0.876413 -71.0071 0.902076
0.876563  -70.995 0.902226
0.876713 -70.9829 0.902376
0.876863 -70.9708 0.902526
0.877014 -70.9587 0.902676
0.877164 -70.9466 0.902826
0.877314 -70.9346 0.902976
0.877464 -70.9225 0.902976
0.877614 -70.9105 0.903127
0.877764 -70.8984 0.903277
0.877914 -70.8863 0.903427
0.878064 -70.8743 0.903577
0.878214 -70.8623 0.903727
0.878364 -70.8502 0.903877
0.878514 -70.8382 0.904027
0.878664 -70.8262 0.904177
0.878814 -70.8141 0.904327
0.878964 -70.8021 0.904477
0.879115 -70.7901 0.904627
0.879265 -70.7781 0.904777
0.879415 -70.7661 0.904927
0.879565 -70.7541 0.905078
0.879715 -70.7421 0.905078
0.879865 -70.7301 0.905228
0.880015 -70.7181 0.905378
0.880165 -70.7061 0.905528
0.880315 -70.6941 0.905678
0.880465 -70.6821 0.905828
0.880615 -70.6702 0.905978
0.880765 -70.6582 0.906128
0.880915 -70.6462 0.906278
0.881066 -70.6343 0.906428
0.881216 -70.6223 0.906578
0.881366 -70.6104 0.906728
0.881516 -70.5984 0.906878
0.881666 -70.5865 0.907029
0.881816 -70.5745 0.907179
0.881966 -70.5626 0.907179
0.882116 -70.5507 0.907329
0.882266 -70.5387 0.907479
0.882416 -70.5268 0.907629
0.882566 -70.5149 0.907779
0.882716  -70.503 0.907929
0.882866 -70.4911 0.908079
0.883017 -70.4792 0.908229
0.883167 -70.4673 0.908379
0.883317 -70.4554 0.908529
0.883467 -70.4435 0.908679
0.883617 -70.4316 0.908829
0.883767 -70.4197 0.908979
0.883917 -70.4078  0.90913
0.884067 -70.3959  0.90928
0.884217 -70.3841  0.90928
0.884367 -70.3722  0.90943
0.884517 -70.3603  0.90958
0.884667 -70.3485  0.90973
0.884817 -70.3366  0.90988
0.884967 -70.3248  0.91003
0.885118 -70.3129  0.91018
0.885268 -70.3011  0.91033
0.885418 -70.2892  0.91048
0.885568 -70.2774  0.91063
0.885718 -70.2656  0.91078
0.885868 -70.2537  0.91093
0.886018 -70.2419 0.911081
0.886168 -70.2301 0.911231
0.886318 -70.2183 0.911381
0.886468 -70.2065 0.911531
0.886618 -70.1947 0.911531
0.886768 -70.1829 0.911681
0.886918 -70.1711 0.911831
0.887069 -70.1593 0.911981
0.887219 -70.1475 0.912131
0.887369 -70.1357 0.912281
0.887519 -70.1239 0.912431
0.887669 -70.1121 0.912581
0.887819 -70.1004 0.912731
0.887969 -70.0886 0.912881
0.888119 -70.0768 0.913032
0.888269 -70.0651 0.913182
0.888419 -70.0533 0.913332
0.888569 -70.0416 0.913482
0.888719 -70.0298 0.913632
0.888869 -70.0181 0.913782
 0.88902 -70.0063 0.913932
 0.88917 -69.9946 0.913932
 0.88932 -69.9829 0.914082
 0.88947 -69.9711 0.914232
 0.88962 -69.9594 0.914382
 0.88977 -69.9477 0.914532
 0.88992  -69.936 0.914682
 0.89007 -69.9242 0.914832
 0.89022 -69.9125 0.914982
 0.89037 -69.9008 0.915133
 0.89052 -69.8891 0.915283
 0.89067 -69.8774 0.915433
 0.89082 -69.8657 0.915583
 0.89097 -69.8541 0.915733
0.891121 -69.8424 0.915883
0.891271 -69.8307 0.916033
0.891421  -69.819 0.916183
0.891571 -69.8073 0.916333
0.891721 -69.7957 0.916333
0.891871  -69.784 0.916483
0.892021 -69.7723 0.916633
0.892171 -69.7607 0.916783
0.892321  -69.749 0.916933
0.892471 -69.7374 0.917084
0.892621 -69.7257 0.917234
0.892771 -69.7141 0.917384
0.892921 -69.7024 0.917534
0.893072 -69.6908 0.917684
0.893222 -69.6792 0.917834
0.893372 -69.6676 0.917984
0.893522 -69.6559 0.918134
0.893672 -69.6443 0.918284
0.893822 -69.6327 0.918434
0.893972 -69.6211 0.918584
0.894122 -69.6095 0.918734
0.894272 -69.5979 0.918734
0.894422 -69.5863 0.918884
0.894572 -69.5747 0.919035
0.894722 -69.5631 0.919185
0.894872 -69.5515 0.919335
0.895023 -69.5399 0.919485
0.895173 -69.5283 0.919635
0.895323 -69.5168 0.919785
0.895473 -69.5052 0.919935
0.895623 -69.4936 0.920085
0.895773 -69.4821 0.920235
0.895923 -69.4705 0.920385
0.896073 -69.4589 0.920535
0.896223 -69.4474 0.920685
0.896373 -69.4358 0.920835
0.896523 -69.4243 0.920985
0.896673 -69.4128 0.921136
0.896823 -69.4012 0.921286
0.896973 -69.3897 0.921286
0.897124 -69.3782 0.921436
0.897274 -69.3666 0.921586
0.897424 -69.3551 0.921736
0.897574 -69.3436 0.921886
0.897724 -69.3321 0.922036
0.897874 -69.3206 0.922186
0.898024 -69.3091 0.922336
0.898174 -69.2976 0.922486
0.898324 -69.2861 0.922636
0.898474 -69.2746 0.922786
0.898624 -69.2631 0.922936
0.898774 -69.2516 0.923087
0.898924 -69.2401 0.923237
0.899075 -69.2286 0.923387
0.899225 -69.2171 0.923537
0.899375 -69.2057 0.923687
0.899525 -69.1942 0.923837
0.899675 -69.1827 0.923837
0.899825 -69.1713 0.923987
0.899975 -69.1598 0.924137
0.900125 -69.1484 0.924287
0.900275 -69.1369 0.924437
0.900425 -69.1255 0.924587
0.900575  -69.114 0.924737
0.900725 -69.1026 0.924887
0.900875 -69.0912 0.925038
0.901026 -69.0797 0.925188
0.901176 -69.0683 0.925338
0.901326 -69.0569 0.925488
0.901476 -69.0455 0.925638
0.901626  -69.034 0.925788
0.901776 -69.0226 0.925938
0.901926 -69.0112 0.926088
0.902076 -68.9998 0.926238
0.902226 -68.9884 0.926388
0.902376  -68.977 0.926388
0.902526 -68.9656 0.926538
0.902676 -68.9542 0.926688
0.902826 -68.9429 0.926838
0.902976 -68.9315 0.926988
0.903127 -68.9201 0.927139
0.903277 -68.9087 0.927289
0.903427 -68.8973 0.927439
0.903577  -68.886 0.927589
0.903727 -68.8746 0.927739
0.903877 -68.8633 0.927889
0.904027 -68.8519 0.928039
0.904177 -68.8406 0.928189
0.904327 -68.8292 0.928339
0.904477 -68.8179 0.928489
0.904627 -68.8065 0.928639
0.904777 -68.7952 0.928789
0.904927 -68.7838 0.928939
0.905078 -68.7725 0.928939
0.905228 -68.7612  0.92909
0.905378 -68.7499  0.92924
0.905528 -68.7385  0.92939
0.905678 -68.7272  0.92954
0.905828 -68.7159  0.92969
0.905978 -68.7046  0.92984
0.906128 -68.6933  0.92999
0.906278  -68.682  0.93014
0.906428 -68.6707  0.93029
0.906578 -68.6594  0.93044
0.906728 -68.6481  0.93059
0.906878 -68.6368  0.93074
0.907029 -68.6256  0.93089
0.907179 -68.6143 0.931041
0.907329  -68.603 0.931191
0.907479 -68.5917 0.931341
0.907629 -68.5805 0.931491
0.907779 -68.5692 0.931641
0.907929 -68.5579 0.931791
0.908079 -68.5467 0.931791
0.908229 -68.5354 0.931941
0.908379 -68.5242 0.932091
0.908529 -68.5129 0.932241
0.908679 -68.5017 0.932391
0.908829 -68.4904 0.932541
0.908979 -68.4792 0.932691
 0.90913  -68.468 0.932841
 0.90928 -68.4567 0.932991
 0.90943 -68.4455 0.933142
 0.90958 -68.4343 0.933292
 0.90973 -68.4231 0.933442
 0.90988 -68.4119 0.933592
 0.91003 -68.4007 0.933742
 0.91018 -68.3895 0.933892
 0.91033 -68.3782 0.934042
 0.91048  -68.367 0.934192
 0.91063 -68.3559 0.934342
 0.91078 -68.3447 0.934492
 0.91093 -68.3335 0.934642
0.911081 -68.3223 0.934642
0.911231 -68.3111 0.934792
0.911381 -68.2999 0.934942
0.911531 -68.2887 0.935093
0.911681 -68.2776 0.935243
0.911831 -68.2664 0.935393
0.911981 -68.2552 0.935543
0.912131 -68.2441 0.935693
0.912281 -68.2329 0.935843
0.912431 -68.2218 0.935993
0.912581 -68.2106 0.936143
0.912731 -68.1995 0.936293
0.912881 -68.1883 0.936443
0.913032 -68.1772 0.936593
0.913182  -68.166 0.936743
0.913332 -68.1549 0.936893
0.913482 -68.1438 0.937044
0.913632 -68.1327 0.937194
0.913782 -68.1215 0.937344
0.913932 -68.1104 0.937494
0.914082 -68.0993 0.937644
0.914232 -68.0882 0.937644
0.914382 -68.0771 0.937794
0.914532  -68.066 0.937944
0.914682 -68.0549 0.938094
0.914832 -68.0438 0.938244
0.914982 -68.0327 0.938394
0.915133 -68.0216 0.938544
0.915283 -68.0105 0.938694
0.915433 -67.9994 0.938844
0.915583 -67.9883 0.938994
0.915733 -67.9773 0.939145
0.915883 -67.9662 0.939295
0.916033 -67.9551 0.939445
0.916183  -67.944 0.939595
0.916333  -67.933 0.939745
0.916483 -67.9219 0.939895
0.916633 -67.9109 0.940045
0.916783 -67.8998 0.940195
0.916933 -67.8888 0.940345
0.917084 -67.8777 0.940495
0.917234 -67.8667 0.940645
0.917384 -67.8556 0.940645
0.917534 -67.8446 0.940795
0.917684 -67.8336 0.940945
0.917834 -67.8225 0.941096
0.917984 -67.8115 0.941246
0.918134 -67.8005 0.941396
0.918284 -67.7895 0.941546
0.918434 -67.7785 0.941696
0.918584 -67.7674 0.941846
0.918734 -67.7564 0.941996
0.918884 -67.7454 0.942146
0.919035 -67.7344 0.942296
0.919185 -67.7234 0.942446
0.919335 -67.7124 0.942596
0.919485 -67.7014 0.942746
0.919635 -67.6905 0.942896
0.919785 -67.6795 0.943047
0.919935 -67.6685 0.943197
0.920085 -67.6575 0.943347
0.920235 -67.6465 0.943497
0.920385 -67.6356 0.943497
0.920535 -67.6246 0.943647
0.920685 -67.6136 0.943797
0.920835 -67.6027 0.943947
0.920985 -67.5917 0.944097
0.921136 -67.5808 0.944247
0.921286 -67.5698 0.944397
0.921436 -67.5589 0.944547
0.921586 -67.5479 0.944697
0.921736  -67.537 0.944847
0.921886  -67.526 0.944997
0.922036 -67.5151 0.945148
0.922186 -67.5042 0.945298
0.922336 -67.4932 0.945448
0.922486 -67.4823 0.945598
0.922636 -67.4714 0.945748
0.922786 -67.4605 0.945898
0.922936 -67.4496 0.946048
0.923087 -67.4387 0.946198
0.923237 -67.4278 0.946348
0.923387 -67.4169 0.946498
0.923537  -67.406 0.946648
0.923687 -67.3951 0.946648
0.923837 -67.3842 0.946798
0.923987 -67.3733 0.946948
0.924137 -67.3624 0.947099
0.924287 -67.3515 0.947249
0.924437 -67.3406 0.947399
0.924587 -67.3297 0.947549
0.924737 -67.3189 0.947699
0.924887  -67.308 0.947849
0.925038 -67.2971 0.947999
0.925188 -67.2863 0.948149
0.925338 -67.2754 0.948299
0.925488 -67.2645 0.948449
0.925638 -67.2537 0.948599
0.925788 -67.2428 0.948749
0.925938  -67.232 0.948899
0.926088 -67.2212  0.94905
0.926238 -67.2103   0.9492
0.926388 -67.1995  0.94935
0.926538 -67.1886   0.9495
0.926688 -67.1778  0.94965
0.926838  -67.167   0.9498
0.926988 -67.1562   0.9498
0.927139 -67.1453  0.94995
0.927289 -67.1345   0.9501
0.927439 -67.1237  0.95025
0.927589 -67.1129   0.9504
0.927739 -67.1021  0.95055
0.927889 -67.0913   0.9507
0.928039 -67.0805  0.95085
0.928189 -67.0697 0.951001
0.928339 -67.0589 0.951151
0.928489 -67.0481 0.951301
0.928639 -67.0373 0.951451
0.928789 -67.0265 0.951601
0.928939 -67.0157 0.951751
 0.92909  -67.005 0.951901
 0.92924 -66.9942 0.952051
 0.92939 -66.9834 0.952201
 0.92954 -66.9726 0.952351
 0.92969 -66.9619 0.952501
 0.92984 -66.9511 0.952651
 0.92999 -66.9404 0.952801
 0.93014 -66.9296 0.952951
 0.93029 -66.9189 0.952951
 0.93044 -66.9081 0.953102
 0.93059 -66.8974 0.953252
 0.93074 -66.8866 0.953402
 0.93089 -66.8759 0.953552
0.931041 -66.8651 0.953702
0.931191 -66.8544 0.953852
0.931341 -66.8437 0.954002
0.931491  -66.833 0.954152
0.931641 -66.8222 0.954302
0.931791 -66.8115 0.954452
0.931941 -66.8008 0.954602
0.932091 -66.7901 0.954752
0.932241 -66.7794 0.954902
0.932391 -66.7687 0.955053
0.932541  -66.758 0.955203
0.932691 -66.7473 0.955353
0.932841 -66.7366 0.955503
0.932991 -66.7259 0.955653
0.933142 -66.7152 0.955803
0.933292 -66.7045 0.955953
0.933442 -66.6938 0.956103
0.933592 -66.6831 0.956253
0.933742 -66.6724 0.956253
0.933892 -66.6618 0.956403
0.934042 -66.6511 0.956553
0.934192 -66.6404 0.956703
0.934342 -66.6298 0.956853
0.934492 -66.6191 0.957004
0.934642 -66.6084 0.957154
0.934792 -66.5978 0.957304
0.934942 -66.5871 0.957454
0.935093 -66.5765 0.957604
0.935243 -66.5658 0.957754
0.935393 -66.5552 0.957904
0.935543 -66.5446 0.958054
0.935693 -66.5339 0.958204
0.935843 -66.5233 0.958354
0.935993 -66.5127 0.958504
0.936143  -66.502 0.958654
0.936293 -66.4914 0.958804
0.936443 -66.4808 0.958954
0.936593 -66.4702 0.959105
0.936743 -66.4596 0.959255
0.936893  -66.449 0.959405
0.937044 -66.4383 0.959405
0.937194 -66.4277 0.959555
0.937344 -66.4171 0.959705
0.937494 -66.4065 0.959855
0.937644 -66.3959 0.960005
0.937794 -66.3854 0.960155
0.937944 -66.3748 0.960305
0.938094 -66.3642 0.960455
0.938244 -66.3536 0.960605
0.938394  -66.343 0.960755
0.938544 -66.3324 0.960905
0.938694 -66.3219 0.961056
0.938844 -66.3113 0.961206
0.938994 -66.3007 0.961356
0.939145 -66.2902 0.961506
0.939295 -66.2796 0.961656
0.939445 -66.2691 0.961806
0.939595 -66.2585 0.961956
0.939745 -66.2479 0.962106
0.939895 -66.2374 0.962256
0.940045 -66.2269 0.962406
0.940195 -66.2163 0.962556
0.940345 -66.2058 0.962706
0.940495 -66.1952 0.962856
0.940645 -66.1847 0.962856
0.940795 -66.1742 0.963007
0.940945 -66.1637 0.963157
0.941096 -66.1531 0.963307
0.941246 -66.1426 0.963457
0.941396 -66.1321 0.963607
0.941546 -66.1216 0.963757
0.941696 -66.1111 0.963907
0.941846 -66.1006 0.964057
0.941996 -66.0901 0.964207
0.942146 -66.0796 0.964357
0.942296 -66.0691 0.964507
0.942446 -66.0586 0.964657
0.942596 -66.0481 0.964807
0.942746 -66.0376 0.964957
0.942896 -66.0271 0.965108
0.943047 -66.0166 0.965258
0.943197 -66.0061 0.965408
0.943347 -65.9957 0.965558
0.943497 -65.9852 0.965708
0.943647 -65.9747 0.965858
0.943797 -65.9643 0.966008
0.943947 -65.9538 0.966158
0.944097 -65.9433 0.966158
0.944247 -65.9329 0.966308
0.944397 -65.9224 0.966458
0.944547  -65.912 0.966608
0.944697 -65.9015 0.966758
0.944847 -65.8911 0.966908
0.944997 -65.8806 0.967059
0.945148 -65.8702 0.967209
0.945298 -65.8598 0.967359
0.945448 -65.8493 0.967509
0.945598 -65.8389 0.967659
0.945748 -65.8285 0.967809
0.945898  -65.818 0.967959
0.946048 -65.8076 0.968109
0.946198 -65.7972 0.968259
0.946348 -65.7868 0.968409
0.946498 -65.7764 0.968559
0.946648  -65.766 0.968709
0.946798 -65.7556 0.968859
0.946948 -65.7452  0.96901
0.947099 -65.7348  0.96916
0.947249 -65.7244  0.96931
0.947399  -65.714  0.96946
0.947549 -65.7036  0.96946
0.947699 -65.6932  0.96961
0.947849 -65.6828  0.96976
0.947999 -65.6724  0.96991
0.948149 -65.6621  0.97006
0.948299 -65.6517  0.97021
0.948449 -65.6413  0.97036
0.948599 -65.6309  0.97051
0.948749 -65.6206  0.97066
0.948899 -65.6102  0.97081
 0.94905 -65.5999  0.97096
  0.9492 -65.5895 0.971111
 0.94935 -65.5791 0.971261
  0.9495 -65.5688 0.971411
 0.94965 -65.5584 0.971561
  0.9498 -65.5481 0.971711
 0.94995 -65.5378 0.971861
  0.9501 -65.5274 0.972011
 0.95025 -65.5171 0.972161
  0.9504 -65.5068 0.972311
 0.95055 -65.4964 0.972461
  0.9507 -65.4861 0.972611
 0.95085 -65.4758 0.972761
0.951001 -65.4655 0.972911
0.951151 -65.4551 0.972911
0.951301 -65.4448 0.973062
0.951451 -65.4345 0.973212
0.951601 -65.4242 0.973362
0.951751 -65.4139 0.973512
0.951901 -65.4036 0.973662
0.952051 -65.3933 0.973812
0.952201  -65.383 0.973962
0.952351 -65.3727 0.974112
0.952501 -65.3624 0.974262
0.952651 -65.3521 0.974412
0.952801 -65.3419 0.974562
0.952951 -65.3316 0.974712
0.953102 -65.3213 0.974862
0.953252  -65.311 0.975013
0.953402 -65.3007 0.975163
0.953552 -65.2905 0.975313
0.953702 -65.2802 0.975463
0.953852 -65.2699 0.975613
0.954002 -65.2597 0.975763
0.954152 -65.2494 0.975913
0.954302 -65.2392 0.976063
0.954452 -65.2289 0.976213
0.954602 -65.2187 0.976363
0.954752 -65.2084 0.976363
0.954902 -65.1982 0.976513
0.955053 -65.1879 0.976663
0.955203 -65.1777 0.976813
0.955353 -65.1675 0.976963
0.955503 -65.1572 0.977114
0.955653  -65.147 0.977264
0.955803 -65.1368 0.977414
0.955953 -65.1266 0.977564
0.956103 -65.1164 0.977714
0.956253 -65.1061 0.977864
0.956403 -65.0959 0.978014
0.956553 -65.0857 0.978164
0.956703 -65.0755 0.978314
0.956853 -65.0653 0.978464
0.957004 -65.0551 0.978614
0.957154 -65.0449 0.978764
0.957304 -65.0347 0.978914
0.957454 -65.0245 0.979065
0.957604 -65.0143 0.979215
0.957754 -65.0041 0.979365
0.957904  -64.994 0.979515
0.958054 -64.9838 0.979665
0.958204 -64.9736 0.979665
0.958354 -64.9634 0.979815
0.958504 -64.9533 0.979965
0.958654 -64.9431 0.980115
0.958804 -64.9329 0.980265
0.958954 -64.9228 0.980415
0.959105 -64.9126 0.980565
0.959255 -64.9024 0.980715
0.959405 -64.8923 0.980865
0.959555 -64.8821 0.981016
0.959705  -64.872 0.981166
0.959855 -64.8618 0.981316
0.960005 -64.8517 0.981466
0.960155 -64.8416 0.981616
0.960305 -64.8314 0.981766
0.960455 -64.8213 0.981916
0.960605 -64.8112 0.982066
0.960755  -64.801 0.982216
0.960905 -64.7909 0.982366
0.961056 -64.7808 0.982516
0.961206 -64.7707 0.982666
0.961356 -64.7606 0.982816
0.961506 -64.7504 0.982966
0.961656 -64.7403 0.983117
0.961806 -64.7302 0.983117
0.961956 -64.7201 0.983267
0.962106   -64.71 0.983417
0.962256 -64.6999 0.983567
0.962406 -64.6898 0.983717
0.962556 -64.6797 0.983867
0.962706 -64.6696 0.984017
0.962856 -64.6596 0.984167
0.963007 -64.6495 0.984317
0.963157 -64.6394 0.984467
0.963307 -64.6293 0.984617
0.963457 -64.6192 0.984767
0.963607 -64.6092 0.984917
0.963757 -64.5991 0.985068
0.963907  -64.589 0.985218
0.964057  -64.579 0.985368
0.964207 -64.5689 0.985518
0.964357 -64.5589 0.985668
0.964507 -64.5488 0.985818
0.964657 -64.5387 0.985968
0.964807 -64.5287 0.986118
0.964957 -64.5187 0.986268
0.965108 -64.5086 0.986418
0.965258 -64.4986 0.986568
0.965408 -64.4885 0.986568
0.965558 -64.4785 0.986718
0.965708 -64.4685 0.986868
0.965858 -64.4584 0.987019
0.966008 -64.4484 0.987169
0.966158 -64.4384 0.987319
0.966308 -64.4284 0.987469
0.966458 -64.4183 0.987619
0.966608 -64.4083 0.987769
0.966758 -64.3983 0.987919
0.966908 -64.3883 0.988069
0.967059 -64.3783 0.988219
0.967209 -64.3683 0.988369
0.967359 -64.3583 0.988519
0.967509 -64.3483 0.988669
0.967659 -64.3383 0.988819
0.967809 -64.3283 0.988969
0.967959 -64.3183  0.98912
0.968109 -64.3083  0.98927
0.968259 -64.2984  0.98942
0.968409 -64.2884  0.98957
0.968559 -64.2784  0.98972
0.968709 -64.2684  0.98987
0.968859 -64.2585  0.99002
 0.96901 -64.2485  0.99002
 0.96916 -64.2385  0.99017
 0.96931 -64.2286  0.99032
 0.96946 -64.2186  0.99047
 0.96961 -64.2086  0.99062
 0.96976 -64.1987  0.99077
 0.96991 -64.1887  0.99092
 0.97006 -64.1788 0.991071
 0.97021 -64.1688 0.991221
 0.97036 -64.1589 0.991371
 0.97051  -64.149 0.991521
 0.97066  -64.139 0.991671
 0.97081 -64.1291 0.991821
 0.97096 -64.1192 0.991971
0.971111 -64.1092 0.992121
0.971261 -64.0993 0.992271
0.971411 -64.0894 0.992421
0.971561 -64.0795 0.992571
0.971711 -64.0695 0.992721
0.971861 -64.0596 0.992871
0.972011 -64.0497 0.993022
0.972161 -64.0398 0.993172
0.972311 -64.0299 0.993322
0.972461   -64.02 0.993472
0.972611 -64.0101 0.993622
0.972761 -64.0002 0.993622
0.972911 -63.9903 0.993772
0.973062 -63.9804 0.993922
0.973212 -63.9705 0.994072
0.973362 -63.9606 0.994222
0.973512 -63.9507 0.994372
0.973662 -63.9409 0.994522
0.973812  -63.931 0.994672
0.973962 -63.9211 0.994822
0.974112 -63.9112 0.994972
0.974262 -63.9014 0.995123
0.974412 -63.8915 0.995273
0.974562 -63.8816 0.995423
0.974712 -63.8718 0.995573
0.974862 -63.8619 0.995723
0.975013 -63.8521 0.995873
0.975163 -63.8422 0.996023
0.975313 -63.8324 0.996173
0.975463 -63.8225 0.996323
0.975613 -63.8127 0.996473
0.975763 -63.8028 0.996623
0.975913  -63.793 0.996773
0.976063 -63.7831 0.996923
0.976213 -63.7733 0.997074
0.976363 -63.7635 0.997074
0.976513 -63.7537 0.997224
0.976663 -63.7438 0.997374
0.976813  -63.734 0.997524
0.976963 -63.7242 0.997674
0.977114 -63.7144 0.997824
0.977264 -63.7046 0.997974
0.977414 -63.6947 0.998124
0.977564 -63.6849 0.998274
0.977714 -63.6751 0.998424
0.977864 -63.6653 0.998574
0.978014 -63.6555 0.998724
0.978164 -63.6457 0.998874
0.978314 -63.6359 0.999025
0.978464 -63.6261 0.999175
0.978614 -63.6163 0.999325
0.978764 -63.6066 0.999475
0.978914 -63.5968 0.999625
0.979065  -63.587 0.999775
0.979215 -63.5772 0.999925
0.979365 -63.5674  1.00008
0.979515 -63.5577  1.00023
0.979665 -63.5479  1.00038
0.979815 -63.5381  1.00053
0.979965 -63.5284  1.00053
0.980115 -63.5186  1.00068
0.980265 -63.5089  1.00083
0.980415 -63.4991  1.00098
0.980565 -63.4893  1.00113
0.980715 -63.4796  1.00128
0.980865 -63.4698  1.00143
0.981016 -63.4601  1.00158
0.981166 -63.4504  1.00173
0.981316 -63.4406  1.00188
0.981466 -63.4309  1.00203
0.981616 -63.4211  1.00218
0.981766 -63.4114  1.00233
0.981916 -63.4017  1.00248
0.982066  -63.392  1.00263
0.982216 -63.3822  1.00278
0.982366 -63.3725  1.00293
0.982516 -63.3628  1.00308
0.982666 -63.3531  1.00323
0.982816 -63.3434  1.00338
0.982966 -63.3337  1.00353
0.983117  -63.324  1.00368
0.983267 -63.3143  1.00383
0.983417 -63.3046  1.00398
0.983567 -63.2949  1.00398
0.983717 -63.2852  1.00413
0.983867 -63.2755  1.00428
0.984017 -63.2658  1.00443
0.984167 -63.2561  1.00458
0.984317 -63.2464  1.00473
0.984467 -63.2367  1.00488
0.984617  -63.227  1.00503
0.984767 -63.2174  1.00518
0.984917 -63.2077  1.00533
0.985068  -63.198  1.00548
0.985218 -63.1884  1.00563
0.985368 -63.1787  1.00578
0.985518  -63.169  1.00593
0.985668 -63.1594  1.00608
0.985818 -63.1497  1.00623
0.985968 -63.1401  1.00638
0.986118 -63.1304  1.00653
0.986268 -63.1208  1.00668
0.986418 -63.1111  1.00683
0.986568 -63.1015  1.00698
0.986718 -63.0918  1.00713
0.986868 -63.0822  1.00728
0.987019 -63.0725  1.00743
0.987169 -63.0629  1.00743
0.987319 -63.0533  1.00758
0.987469 -63.0437  1.00773
0.987619  -63.034  1.00788
0.987769 -63.0244  1.00803
0.987919 -63.0148  1.00818
0.988069 -63.0052  1.00833
0.988219 -62.9956  1.00848
0.988369 -62.9859  1.00863
0.988519 -62.9763  1.00878
0.988669 -62.9667  1.00893
0.988819 -62.9571  1.00908
0.988969 -62.9475  1.00923
 0.98912 -62.9379  1.00938
 0.98927 -62.9283  1.00953
 0.98942 -62.9187  1.00968
 0.98957 -62.9091  1.00983
 0.98972 -62.8996  1.00998
 0.98987   -62.89  1.01013
 0.99002 -62.8804  1.01028
 0.99017 -62.8708  1.01043
 0.99032 -62.8612  1.01058
 0.99047 -62.8517  1.01073
 0.99062 -62.8421  1.01088
 0.99077 -62.8325  1.01088
 0.99092  -62.823  1.01103
0.991071 -62.8134  1.01118
0.991221 -62.8038  1.01133
0.991371 -62.7943  1.01148
0.991521 -62.7847  1.01163
0.991671 -62.7752  1.01178
0.991821 -62.7656  1.01193
0.991971 -62.7561  1.01208
0.992121 -62.7465  1.01223
0.992271  -62.737  1.01238
0.992421 -62.7275  1.01253
0.992571 -62.7179  1.01268
0.992721 -62.7084  1.01283
0.992871 -62.6989  1.01298
0.993022 -62.6893  1.01313
0.993172 -62.6798  1.01328
0.993322 -62.6703  1.01343
0.993472 -62.6608  1.01358
0.993622 -62.6512  1.01373
0.993772 -62.6417  1.01388
0.993922 -62.6322  1.01403
0.994072 -62.6227  1.01418
0.994222 -62.6132  1.01433
0.994372 -62.6037  1.01433
0.994522 -62.5942  1.01448
0.994672 -62.5847  1.01463
0.994822 -62.5752  1.01478
0.994972 -62.5657  1.01493
0.995123 -62.5562  1.01508
0.995273 -62.5467  1.01523
0.995423 -62.5372  1.01538
0.995573 -62.5278  1.01553
0.995723 -62.5183  1.01568
0.995873 -62.5088  1.01583
0.996023 -62.4993  1.01598
0.996173 -62.4898  1.01613
0.996323 -62.4804  1.01628
0.996473 -62.4709  1.01643
0.996623 -62.4614  1.01658
0.996773  -62.452  1.01673
0.996923 -62.4425  1.01688
0.997074 -62.4331  1.01703
0.997224 -62.4236  1.01718
0.997374 -62.4142  1.01733
0.997524 -62.4047  1.01748
0.997674 -62.3953  1.01763
0.997824 -62.3858  1.01778
0.997974 -62.3764  1.01778
0.998124 -62.3669  1.01793
0.998274 -62.3575  1.01808
0.998424 -62.3481  1.01823
0.998574 -62.3386  1.01838
0.998724 -62.3292  1.01853
0.998874 -62.3198  1.01868
0.999025 -62.3104  1.01883
0.999175 -62.3009  1.01898
0.999325 -62.2915  1.01913
0.999475 -62.2821  1.01928
0.999625 -62.2727  1.01943
0.999775 -62.2633  1.01958
0.999925 -62.2539  1.01973
 1.00008 -62.2445  1.01988
 1.00023 -62.2351  1.02004
 1.00038 -62.2257  1.02019
 1.00053 -62.2163  1.02034
 1.00068 -62.2069  1.02049
 1.00083 -62.1975  1.02064
 1.00098 -62.1881  1.02079
 1.00113 -62.1787  1.02094
 1.00128 -62.1693  1.02109
 1.00143   -62.16  1.02109
 1.00158 -62.1506  1.02124
 1.00173 -62.1412  1.02139
 1.00188 -62.1318  1.02154
 1.00203 -62.1225  1.02169
 1.00218 -62.1131  1.02184
 1.00233 -62.1037  1.02199
 1.00248 -62.0944  1.02214
 1.00263  -62.085  1.02229
 1.00278 -62.0757  1.02244
 1.00293 -62.0663  1.02259
 1.00308  -62.057  1.02274
 1.00323 -62.0476  1.02289
 1.00338 -62.0383  1.02304
 1.00353 -62.0289  1.02319
 1.00368 -62.0196  1.02334
 1.00383 -62.0102  1.02349
 1.00398 -62.0009  1.02364
 1.00413 -61.9916  1.02379
 1.00428 -61.9822  1.02394
 1.00443 -61.9729  1.02409
 1.00458 -61.9636  1.02424
 1.00473 -61.9543  1.02439
 1.00488 -61.9449  1.02439
 1.00503 -61.9356  1.02454
 1.00518 -61.9263  1.02469
 1.00533  -61.917  1.02484
 1.00548 -61.9077  1.02499
 1.00563 -61.8984  1.02514
 1.00578 -61.8891  1.02529
 1.00593 -61.8798  1.02544
 1.00608 -61.8705  1.02559
 1.00623 -61.8612  1.02574
 1.00638 -61.8519  1.02589
 1.00653 -61.8426  1.02604
 1.00668 -61.8333  1.02619
 1.00683  -61.824  1.02634
 1.00698 -61.8147  1.02649
 1.00713 -61.8054  1.02664
 1.00728 -61.7962  1.02679
 1.00743 -61.7869  1.02694
 1.00758 -61.7776  1.02709
 1.00773 -61.7683  1.02724
 1.00788 -61.7591  1.02739
 1.00803 -61.7498  1.02754
 1.00818 -61.7405  1.02769
 1.00833 -61.7313  1.02784
 1.00848  -61.722  1.02784
 1.00863 -61.7128  1.02799
 1.00878 -61.7035  1.02814
 1.00893 -61.6943  1.02829
 1.00908  -61.685  1.02844
 1.00923 -61.6758  1.02859
 1.00938 -61.6665  1.02874
 1.00953 -61.6573  1.02889
 1.00968 -61.6481  1.02904
 1.00983 -61.6388  1.02919
 1.00998 -61.6296  1.02934
 1.01013 -61.6204  1.02949
 1.01028 -61.6111  1.02964
 1.01043 -61.6019  1.02979
 1.01058 -61.5927  1.02994
 1.01073 -61.5835  1.03009
 1.01088 -61.5742  1.03024
 1.01103  -61.565  1.03039
 1.01118 -61.5558  1.03054
 1.01133 -61.5466  1.03069
 1.01148 -61.5374  1.03084
 1.01163 -61.5282  1.03099
 1.01178  -61.519  1.03114
 1.01193 -61.5098  1.03114
 1.01208 -61.5006  1.03129
 1.01223 -61.4914  1.03144
 1.01238 -61.4822  1.03159
 1.01253  -61.473  1.03174
 1.01268 -61.4638  1.03189
 1.01283 -61.4547  1.03204
 1.01298 -61.4455  1.03219
 1.01313 -61.4363  1.03234
 1.01328 -61.4271  1.03249
 1.01343 -61.4179  1.03264
 1.01358 -61.4088  1.03279
 1.01373 -61.3996  1.03294
 1.01388 -61.3904  1.03309
 1.01403 -61.3813  1.03324
 1.01418 -61.3721  1.03339
 1.01433  -61.363  1.03354
 1.01448 -61.3538  1.03369
 1.01463 -61.3446  1.03384
 1.01478 -61.3355  1.03399
 1.01493 -61.3263  1.03414
 1.01508 -61.3172  1.03429
 1.01523 -61.3081  1.03429
 1.01538 -61.2989  1.03444
 1.01553 -61.2898  1.03459
 1.01568 -61.2806  1.03474
 1.01583 -61.2715  1.03489
 1.01598 -61.2624  1.03504
 1.01613 -61.2532  1.03519
 1.01628 -61.2441  1.03534
 1.01643  -61.235  1.03549
 1.01658 -61.2259  1.03564
 1.01673 -61.2168  1.03579
 1.01688 -61.2076  1.03594
 1.01703 -61.1985  1.03609
 1.01718 -61.1894  1.03624
 1.01733 -61.1803  1.03639
 1.01748 -61.1712  1.03654
 1.01763 -61.1621  1.03669
 1.01778  -61.153  1.03684
 1.01793 -61.1439  1.03699
 1.01808 -61.1348  1.03714
 1.01823 -61.1257  1.03729
 1.01838 -61.1166  1.03744
 1.01853 -61.1075  1.03759
 1.01868 -61.0985  1.03759
 1.01883 -61.0894  1.03774
 1.01898 -61.0803  1.03789
 1.01913 -61.0712  1.03804
 1.01928 -61.0621  1.03819
 1.01943 -61.0531  1.03834
 1.01958  -61.044  1.03849
 1.01973 -61.0349  1.03864
 1.01988 -61.0259  1.03879
 1.02004 -61.0168  1.03894
 1.02019 -61.0077  1.03909
 1.02034 -60.9987  1.03924
 1.02049 -60.9896  1.03939
 1.02064 -60.9806  1.03954
 1.02079 -60.9715  1.03969
 1.02094 -60.9625  1.03984
 1.02109 -60.9534  1.03999
 1.02124 -60.9444  1.04015
 1.02139 -60.9354   1.0403
 1.02154 -60.9263  1.04045
 1.02169 -60.9173   1.0406
 1.02184 -60.9083  1.04075
 1.02199 -60.8992  1.04075
 1.02214 -60.8902   1.0409
 1.02229 -60.8812  1.04105
 1.02244 -60.8721   1.0412
 1.02259 -60.8631  1.04135
 1.02274 -60.8541   1.0415
 1.02289 -60.8451  1.04165
 1.02304 -60.8361   1.0418
 1.02319 -60.8271  1.04195
 1.02334 -60.8181   1.0421
 1.02349 -60.8091  1.04225
 1.02364 -60.8001   1.0424
 1.02379 -60.7911  1.04255
 1.02394 -60.7821   1.0427
 1.02409 -60.7731  1.04285
 1.02424 -60.7641    1.043
 1.02439 -60.7551  1.04315
 1.02454 -60.7461   1.0433
 1.02469 -60.7371  1.04345
 1.02484 -60.7281   1.0436
 1.02499 -60.7192  1.04375
 1.02514 -60.7102   1.0439
 1.02529 -60.7012   1.0439
 1.02544 -60.6922  1.04405
 1.02559 -60.6833   1.0442
 1.02574 -60.6743  1.04435
 1.02589 -60.6653   1.0445
 1.02604 -60.6564  1.04465
 1.02619 -60.6474   1.0448
 1.02634 -60.6384  1.04495
 1.02649 -60.6295   1.0451
 1.02664 -60.6205  1.04525
 1.02679 -60.6116   1.0454
 1.02694 -60.6026  1.04555
 1.02709 -60.5937   1.0457
 1.02724 -60.5848  1.04585
 1.02739 -60.5758    1.046
 1.02754 -60.5669  1.04615
 1.02769 -60.5579   1.0463
 1.02784  -60.549  1.04645
 1.02799 -60.5401   1.0466
 1.02814 -60.5312  1.04675
 1.02829 -60.5222   1.0469
 1.02844 -60.5133  1.04705
 1.02859 -60.5044  1.04705
 1.02874 -60.4955   1.0472
 1.02889 -60.4866  1.04735
 1.02904 -60.4776   1.0475
 1.02919 -60.4687  1.04765
 1.02934 -60.4598   1.0478
 1.02949 -60.4509  1.04795
 1.02964  -60.442   1.0481
 1.02979 -60.4331  1.04825
 1.02994 -60.4242   1.0484
 1.03009 -60.4153  1.04855
 1.03024 -60.4064   1.0487
 1.03039 -60.3975  1.04885
 1.03054 -60.3887    1.049
 1.03069 -60.3798  1.04915
 1.03084 -60.3709   1.0493
 1.03099  -60.362  1.04945
 1.03114 -60.3531   1.0496
 1.03129 -60.3443  1.04975
 1.03144 -60.3354   1.0499
 1.03159 -60.3265  1.05005
 1.03174 -60.3176   1.0502
 1.03189 -60.3088   1.0502
 1.03204 -60.2999  1.05035
 1.03219 -60.2911   1.0505
 1.03234 -60.2822  1.05065
 1.03249 -60.2733   1.0508
 1.03264 -60.2645  1.05095
 1.03279 -60.2556   1.0511
 1.03294 -60.2468  1.05125
 1.03309 -60.2379   1.0514
 1.03324 -60.2291  1.05155
 1.03339 -60.2203   1.0517
 1.03354 -60.2114  1.05185
 1.03369 -60.2026    1.052
 1.03384 -60.1937  1.05215
 1.03399 -60.1849   1.0523
 1.03414 -60.1761  1.05245
 1.03429 -60.1673   1.0526
 1.03444 -60.1584  1.05275
 1.03459 -60.1496   1.0529
 1.03474 -60.1408  1.05305
 1.03489  -60.132   1.0532
 1.03504 -60.1232   1.0532
 1.03519 -60.1144  1.05335
 1.03534 -60.1056   1.0535
 1.03549 -60.0967  1.05365
 1.03564 -60.0879   1.0538
 1.03579 -60.0791  1.05395
 1.03594 -60.0703   1.0541
 1.03609 -60.0615  1.05425
 1.03624 -60.0527   1.0544
 1.03639  -60.044  1.05455
 1.03654 -60.0352   1.0547
 1.03669 -60.0264  1.05485
 1.03684 -60.0176    1.055
 1.03699 -60.0088  1.05515
 1.03714      -60   1.0553
 1.03729 -59.9913  1.05545
 1.03744 -59.9825   1.0556
 1.03759 -59.9737  1.05575
 1.03774 -59.9649   1.0559
 1.03789 -59.9562  1.05605
 1.03804 -59.9474  1.05605
 1.03819 -59.9386   1.0562
 1.03834 -59.9299  1.05635
 1.03849 -59.9211   1.0565
 1.03864 -59.9124  1.05665
 1.03879 -59.9036   1.0568
 1.03894 -59.8949  1.05695
 1.03909 -59.8861   1.0571
 1.03924 -59.8774  1.05725
 1.03939 -59.8686   1.0574
 1.03954 -59.8599  1.05755
 1.03969 -59.8512   1.0577
 1.03984 -59.8424  1.05785
 1.03999 -59.8337    1.058
 1.04015  -59.825  1.05815
  1.0403 -59.8162   1.0583
 1.04045 -59.8075  1.05845
  1.0406 -59.7988   1.0586
 1.04075 -59.7901  1.05875
  1.0409 -59.7814   1.0589
 1.04105 -59.7726   1.0589
  1.0412 -59.7639  1.05905
 1.04135 -59.7552   1.0592
  1.0415 -59.7465  1.05935
 1.04165 -59.7378   1.0595
  1.0418 -59.7291  1.05965
 1.04195 -59.7204   1.0598
  1.0421 -59.7117  1.05995
 1.04225  -59.703  1.06011
  1.0424 -59.6943  1.06026
 1.04255 -59.6856  1.06041
  1.0427 -59.6769  1.06056
 1.04285 -59.6682  1.06071
   1.043 -59.6596  1.06086
 1.04315 -59.6509  1.06101
  1.0433 -59.6422  1.06116
 1.04345 -59.6335  1.06131
  1.0436 -59.6249  1.06146
 1.04375 -59.6162  1.06161
  1.0439 -59.6075  1.06176
 1.04405 -59.5988  1.06176
  1.0442 -59.5902  1.06191
 1.04435 -59.5815  1.06206
  1.0445 -59.5729  1.06221
 1.04465 -59.5642  1.06236
  1.0448 -59.5556  1.06251
 1.04495 -59.5469  1.06266
  1.0451 -59.5382  1.06281
 1.04525 -59.5296  1.06296
  1.0454  -59.521  1.06311
 1.04555 -59.5123  1.06326
  1.0457 -59.5037  1.06341
 1.04585  -59.495  1.06356
   1.046 -59.4864  1.06371
 1.04615 -59.4778  1.06386
  1.0463 -59.4691  1.06401
 1.04645 -59.4605  1.06416
  1.0466 -59.4519  1.06431
 1.04675 -59.4433  1.06446
  1.0469 -59.4347  1.06446
 1.04705  -59.426  1.06461
  1.0472 -59.4174  1.06476
 1.04735 -59.4088  1.06491
  1.0475 -59.4002  1.06506
 1.04765 -59.3916  1.06521
  1.0478  -59.383  1.06536
 1.04795 -59.3744  1.06551
  1.0481 -59.3658  1.06566
 1.04825 -59.3572  1.06581
  1.0484 -59.3486  1.06596
 1.04855   -59.34  1.06611
  1.0487 -59.3314  1.06626
 1.04885 -59.3228  1.06641
   1.049 -59.3142  1.06656
 1.04915 -59.3056  1.06671
  1.0493 -59.2971  1.06686
 1.04945 -59.2885  1.06701
  1.0496 -59.2799  1.06716
 1.04975 -59.2713  1.06716
  1.0499 -59.2628  1.06731
 1.05005 -59.2542  1.06746
  1.0502 -59.2456  1.06761
 1.05035 -59.2371  1.06776
  1.0505 -59.2285  1.06791
 1.05065 -59.2199  1.06806
  1.0508 -59.2114  1.06821
 1.05095 -59.2028  1.06836
  1.0511 -59.1943  1.06851
 1.05125 -59.1857  1.06866
  1.0514 -59.1772  1.06881
 1.05155 -59.1686  1.06896
  1.0517 -59.1601  1.06911
 1.05185 -59.1516  1.06926
   1.052  -59.143  1.06941
 1.05215 -59.1345  1.06956
  1.0523  -59.126  1.06971
 1.05245 -59.1174  1.06971
  1.0526 -59.1089  1.06986
 1.05275 -59.1004  1.07001
  1.0529 -59.0919  1.07016
 1.05305 -59.0833  1.07031
  1.0532 -59.0748  1.07046
 1.05335 -59.0663  1.07061
  1.0535 -59.0578  1.07076
 1.05365 -59.0493  1.07091
  1.0538 -59.0408  1.07106
 1.05395 -59.0323  1.07121
  1.0541 -59.0238  1.07136
 1.05425 -59.0153  1.07151
  1.0544 -59.0068  1.07166
 1.05455 -58.9983  1.07181
  1.0547 -58.9898  1.07196
 1.05485 -58.9813  1.07211
   1.055 -58.9728  1.07226
 1.05515 -58.9643  1.07241
  1.0553 -58.9558  1.07241
 1.05545 -58.9473  1.07256
  1.0556 -58.9389  1.07271
 1.05575 -58.9304  1.07286
  1.0559 -58.9219  1.07301
 1.05605 -58.9134  1.07316
  1.0562  -58.905  1.07331
 1.05635 -58.8965  1.07346
  1.0565  -58.888  1.07361
 1.05665 -58.8796  1.07376
  1.0568 -58.8711  1.07391
 1.05695 -58.8627  1.07406
  1.0571 -58.8542  1.07421
 1.05725 -58.8458  1.07436
  1.0574 -58.8373  1.07451
 1.05755 -58.8289  1.07466
  1.0577 -58.8204  1.07481
 1.05785  -58.812  1.07496
   1.058 -58.8035  1.07511
 1.05815 -58.7951  1.07511
  1.0583 -58.7867  1.07526
 1.05845 -58.7782  1.07541
  1.0586 -58.7698  1.07556
 1.05875 -58.7614  1.07571
  1.0589 -58.7529  1.07586
 1.05905 -58.7445  1.07601
  1.0592 -58.7361  1.07616
 1.05935 -58.7277  1.07631
  1.0595 -58.7193  1.07646
 1.05965 -58.7108  1.07661
  1.0598 -58.7024  1.07676
 1.05995  -58.694  1.07691
 1.06011 -58.6856  1.07706
 1.06026 -58.6772  1.07721
 1.06041 -58.6688  1.07736
 1.06056 -58.6604  1.07751
 1.06071  -58.652  1.07751
 1.06086 -58.6436  1.07766
 1.06101 -58.6352  1.07781
 1.06116 -58.6268  1.07796
 1.06131 -58.6185  1.07811
 1.06146 -58.6101  1.07826
 1.06161 -58.6017  1.07841
 1.06176 -58.5933  1.07856
 1.06191 -58.5849  1.07871
 1.06206 -58.5766  1.07886
 1.06221 -58.5682  1.07901
 1.06236 -58.5598  1.07916
 1.06251 -58.5515  1.07931
 1.06266 -58.5431  1.07946
 1.06281 -58.5347  1.07961
 1.06296 -58.5264  1.07976
 1.06311  -58.518  1.07991
 1.06326 -58.5097  1.07991
 1.06341 -58.5013  1.08007
 1.06356 -58.4929  1.08022
 1.06371 -58.4846  1.08037
 1.06386 -58.4763  1.08052
 1.06401 -58.4679  1.08067
 1.06416 -58.4596  1.08082
 1.06431 -58.4512  1.08097
 1.06446 -58.4429  1.08112
 1.06461 -58.4346  1.08127
 1.06476 -58.4262  1.08142
 1.06491 -58.4179  1.08157
 1.06506 -58.4096  1.08172
 1.06521 -58.4013  1.08187
 1.06536 -58.3929  1.08202
 1.06551 -58.3846  1.08217
 1.06566 -58.3763  1.08217
 1.06581  -58.368  1.08232
 1.06596 -58.3597  1.08247
 1.06611 -58.3514  1.08262
 1.06626 -58.3431  1.08277
 1.06641 -58.3348  1.08292
 1.06656 -58.3265  1.08307
 1.06671 -58.3182  1.08322
 1.06686 -58.3099  1.08337
 1.06701 -58.3016  1.08352
 1.06716 -58.2933  1.08367
 1.06731  -58.285  1.08382
 1.06746 -58.2767  1.08397
 1.06761 -58.2684  1.08412
 1.06776 -58.2601  1.08427
 1.06791 -58.2518  1.08442
 1.06806 -58.2436  1.08457
 1.06821 -58.2353  1.08457
 1.06836  -58.227  1.08472
 1.06851 -58.2188  1.08487
 1.06866 -58.2105  1.08502
 1.06881 -58.2022  1.08517
 1.06896  -58.194  1.08532
 1.06911 -58.1857  1.08547
 1.06926 -58.1774  1.08562
 1.06941 -58.1692  1.08577
 1.06956 -58.1609  1.08592
 1.06971 -58.1527  1.08607
 1.06986 -58.1444  1.08622
 1.07001 -58.1362  1.08637
 1.07016 -58.1279  1.08652
 1.07031 -58.1197  1.08667
 1.07046 -58.1115  1.08667
 1.07061 -58.1032  1.08682
 1.07076  -58.095  1.08697
 1.07091 -58.0868  1.08712
 1.07106 -58.0785  1.08727
 1.07121 -58.0703  1.08742
 1.07136 -58.0621  1.08757
 1.07151 -58.0539  1.08772
 1.07166 -58.0457  1.08787
 1.07181 -58.0374  1.08802
 1.07196 -58.0292  1.08817
 1.07211  -58.021  1.08832
 1.07226 -58.0128  1.08847
 1.07241 -58.0046  1.08862
 1.07256 -57.9964  1.08877
 1.07271 -57.9882  1.08892
 1.07286   -57.98  1.08892
 1.07301 -57.9718  1.08907
 1.07316 -57.9636  1.08922
 1.07331 -57.9554  1.08937
 1.07346 -57.9472  1.08952
 1.07361  -57.939  1.08967
 1.07376 -57.9308  1.08982
 1.07391 -57.9227  1.08997
 1.07406 -57.9145  1.09012
 1.07421 -57.9063  1.09027
 1.07436 -57.8981  1.09042
 1.07451   -57.89  1.09057
 1.07466 -57.8818  1.09072
 1.07481 -57.8736  1.09087
 1.07496 -57.8655  1.09102
 1.07511 -57.8573  1.09102
 1.07526 -57.8491  1.09117
 1.07541  -57.841  1.09132
 1.07556 -57.8328  1.09147
 1.07571 -57.8247  1.09162
 1.07586 -57.8165  1.09177
 1.07601 -57.8084  1.09192
 1.07616 -57.8002  1.09207
 1.07631 -57.7921  1.09222
 1.07646 -57.7839  1.09237
 1.07661 -57.7758  1.09252
 1.07676 -57.7677  1.09267
 1.07691 -57.7595  1.09282
 1.07706 -57.7514  1.09282
 1.07721 -57.7433  1.09297
 1.07736 -57.7352  1.09312
 1.07751  -57.727  1.09327
 1.07766 -57.7189  1.09342
 1.07781 -57.7108  1.09357
 1.07796 -57.7027  1.09372
 1.07811 -57.6946  1.09387
 1.07826 -57.6865  1.09402
 1.07841 -57.6784  1.09417
 1.07856 -57.6703  1.09432
 1.07871 -57.6622  1.09447
 1.07886 -57.6541  1.09462
 1.07901  -57.646  1.09462
 1.07916 -57.6379  1.09477
 1.07931 -57.6298  1.09492
 1.07946 -57.6217  1.09507
 1.07961 -57.6136  1.09522
 1.07976 -57.6055  1.09537
 1.07991 -57.5975  1.09552
 1.08007 -57.5894  1.09567
 1.08022 -57.5813  1.09582
 1.08037 -57.5732  1.09597
 1.08052 -57.5652  1.09612
 1.08067 -57.5571  1.09627
 1.08082  -57.549  1.09642
 1.08097  -57.541  1.09642
 1.08112 -57.5329  1.09657
 1.08127 -57.5248  1.09672
 1.08142 -57.5168  1.09687
 1.08157 -57.5087  1.09702
 1.08172 -57.5007  1.09717
 1.08187 -57.4926  1.09732
 1.08202 -57.4846  1.09747
 1.08217 -57.4766  1.09762
 1.08232 -57.4685  1.09777
 1.08247 -57.4605  1.09792
 1.08262 -57.4524  1.09807
 1.08277 -57.4444  1.09807
 1.08292 -57.4364  1.09822
 1.08307 -57.4284  1.09837
 1.08322 -57.4203  1.09852
 1.08337 -57.4123  1.09867
 1.08352 -57.4043  1.09882
 1.08367 -57.3963  1.09897
 1.08382 -57.3883  1.09912
 1.08397 -57.3803  1.09927
 1.08412 -57.3722  1.09942
 1.08427 -57.3642  1.09957
 1.08442 -57.3562  1.09972
 1.08457 -57.3482  1.09987
 1.08472 -57.3402  1.09987
 1.08487 -57.3322  1.10003
 1.08502 -57.3242  1.10018
 1.08517 -57.3163  1.10033
 1.08532 -57.3083  1.10048
 1.08547 -57.3003  1.10063
 1.08562 -57.2923  1.10078
 1.08577 -57.2843  1.10093
 1.08592 -57.2763  1.10108
 1.08607 -57.2684  1.10123
 1.08622 -57.2604  1.10138
 1.08637 -57.2524  1.10153
 1.08652 -57.2445  1.10153
 1.08667 -57.2365  1.10168
 1.08682 -57.2285  1.10183
 1.08697 -57.2206  1.10198
 1.08712 -57.2126  1.10213
 1.08727 -57.2047  1.10228
 1.08742 -57.1967  1.10243
 1.08757 -57.1888  1.10258
 1.08772 -57.1808  1.10273
 1.08787 -57.1729  1.10288
 1.08802 -57.1649  1.10303
 1.08817  -57.157  1.10318
 1.08832 -57.1491  1.10318
 1.08847 -57.1411  1.10333
 1.08862 -57.1332  1.10348
 1.08877 -57.1253  1.10363
 1.08892 -57.1173  1.10378
 1.08907 -57.1094  1.10393
 1.08922 -57.1015  1.10408
 1.08937 -57.0936  1.10423
 1.08952 -57.0857  1.10438
 1.08967 -57.0777  1.10453
 1.08982 -57.0698  1.10468
 1.08997 -57.0619  1.10483
 1.09012  -57.054  1.10483
 1.09027 -57.0461  1.10498
 1.09042 -57.0382  1.10513
 1.09057 -57.0303  1.10528
 1.09072 -57.0224  1.10543
 1.09087 -57.0145  1.10558
 1.09102 -57.0066  1.10573
 1.09117 -56.9988  1.10588
 1.09132 -56.9909  1.10603
 1.09147  -56.983  1.10618
 1.09162 -56.9751  1.10633
 1.09177 -56.9672  1.10633
 1.09192 -56.9594  1.10648
 1.09207 -56.9515  1.10663
 1.09222 -56.9436  1.10678
 1.09237 -56.9358  1.10693
 1.09252 -56.9279  1.10708
 1.09267   -56.92  1.10723
 1.09282 -56.9122  1.10738
 1.09297 -56.9043  1.10753
 1.09312 -56.8965  1.10768
 1.09327 -56.8886  1.10783
 1.09342 -56.8808  1.10798
 1.09357 -56.8729  1.10798
 1.09372 -56.8651  1.10813
 1.09387 -56.8572  1.10828
 1.09402 -56.8494  1.10843
 1.09417 -56.8416  1.10858
 1.09432 -56.8337  1.10873
 1.09447 -56.8259  1.10888
 1.09462 -56.8181  1.10903
 1.09477 -56.8102  1.10918
 1.09492 -56.8024  1.10933
 1.09507 -56.7946  1.10948
 1.09522 -56.7868  1.10963
 1.09537  -56.779  1.10963
 1.09552 -56.7711  1.10978
 1.09567 -56.7633  1.10993
 1.09582 -56.7555  1.11008
 1.09597 -56.7477  1.11023
 1.09612 -56.7399  1.11038
 1.09627 -56.7321  1.11053
 1.09642 -56.7243  1.11068
 1.09657 -56.7165  1.11083
 1.09672 -56.7087  1.11098
 1.09687 -56.7009  1.11113
 1.09702 -56.6932  1.11113
 1.09717 -56.6854  1.11128
 1.09732 -56.6776  1.11143
 1.09747 -56.6698  1.11158
 1.09762  -56.662  1.11173
 1.09777 -56.6543  1.11188
 1.09792 -56.6465  1.11203
 1.09807 -56.6387  1.11218
 1.09822  -56.631  1.11233
 1.09837 -56.6232  1.11248
 1.09852 -56.6154  1.11248
 1.09867 -56.6077  1.11263
 1.09882 -56.5999  1.11278
 1.09897 -56.5922  1.11293
 1.09912 -56.5844  1.11308
 1.09927 -56.5767  1.11323
 1.09942 -56.5689  1.11338
 1.09957 -56.5612  1.11353
 1.09972 -56.5535  1.11368
 1.09987 -56.5457  1.11383
 1.10003  -56.538  1.11383
 1.10018 -56.5303  1.11398
 1.10033 -56.5225  1.11413
 1.10048 -56.5148  1.11428
 1.10063 -56.5071  1.11443
 1.10078 -56.4994  1.11458
 1.10093 -56.4916  1.11473
 1.10108 -56.4839  1.11488
 1.10123 -56.4762  1.11503
 1.10138 -56.4685  1.11518
 1.10153 -56.4608  1.11518
 1.10168 -56.4531  1.11533
 1.10183 -56.4454  1.11548
 1.10198 -56.4377  1.11563
 1.10213   -56.43  1.11578
 1.10228 -56.4223  1.11593
 1.10243 -56.4146  1.11608
 1.10258 -56.4069  1.11623
 1.10273 -56.3992  1.11638
 1.10288 -56.3916  1.11653
 1.10303 -56.3839  1.11653
 1.10318 -56.3762  1.11668
 1.10333 -56.3685  1.11683
 1.10348 -56.3609  1.11698
 1.10363 -56.3532  1.11713
 1.10378 -56.3455  1.11728
 1.10393 -56.3379  1.11743
 1.10408 -56.3302  1.11758
 1.10423 -56.3225  1.11773
 1.10438 -56.3149  1.11773
 1.10453 -56.3072  1.11788
 1.10468 -56.2996  1.11803
 1.10483 -56.2919  1.11818
 1.10498 -56.2843  1.11833
 1.10513 -56.2767  1.11848
 1.10528  -56.269  1.11863
 1.10543 -56.2614  1.11878
 1.10558 -56.2537  1.11893
 1.10573 -56.2461  1.11893
 1.10588 -56.2385  1.11908
 1.10603 -56.2309  1.11923
 1.10618 -56.2232  1.11938
 1.10633 -56.2156  1.11953
 1.10648  -56.208  1.11968
 1.10663 -56.2004  1.11983
 1.10678 -56.1928  1.11998
 1.10693 -56.1852  1.12014
 1.10708 -56.1776  1.12014
 1.10723   -56.17  1.12029
 1.10738 -56.1624  1.12044
 1.10753 -56.1548  1.12059
 1.10768 -56.1472  1.12074
 1.10783 -56.1396  1.12089
 1.10798  -56.132  1.12104
 1.10813 -56.1244  1.12119
 1.10828 -56.1168  1.12134
 1.10843 -56.1093  1.12134
 1.10858 -56.1017  1.12149
 1.10873 -56.0941  1.12164
 1.10888 -56.0865  1.12179
 1.10903  -56.079  1.12194
 1.10918 -56.0714  1.12209
 1.10933 -56.0638  1.12224
 1.10948 -56.0563  1.12239
 1.10963 -56.0487  1.12254
 1.10978 -56.0412  1.12254
 1.10993 -56.0336  1.12269
 1.11008 -56.0261  1.12284
 1.11023 -56.0185  1.12299
 1.11038  -56.011  1.12314
 1.11053 -56.0034  1.12329
 1.11068 -55.9959  1.12344
 1.11083 -55.9884  1.12359
 1.11098 -55.9808  1.12359
 1.11113 -55.9733  1.12374
 1.11128 -55.9658  1.12389
 1.11143 -55.9583  1.12404
 1.11158 -55.9507  1.12419
 1.11173 -55.9432  1.12434
 1.11188 -55.9357  1.12449
 1.11203 -55.9282  1.12449
 1.11218 -55.9207  1.12464
 1.11233 -55.9132  1.12479
 1.11248 -55.9057  1.12494
 1.11263 -55.8982  1.12509
 1.11278 -55.8907  1.12509
 1.11293 -55.8832  1.12524
 1.11308 -55.8757  1.12539
 1.11323 -55.8683  1.12554
 1.11338 -55.8608  1.12569
 1.11353 -55.8533  1.12569
 1.11368 -55.8458  1.12584
 1.11383 -55.8384  1.12599
 1.11398 -55.8309  1.12614
 1.11413 -55.8235  1.12629
 1.11428  -55.816  1.12629
 1.11443 -55.8086  1.12644
 1.11458 -55.8011  1.12659
 1.11473 -55.7937  1.12674
 1.11488 -55.7862  1.12689
 1.11503 -55.7788  1.12689
 1.11518 -55.7714  1.12704
 1.11533 -55.7639  1.12719
 1.11548 -55.7565  1.12734
 1.11563 -55.7491  1.12749
 1.11578 -55.7417  1.12749
 1.11593 -55.7343  1.12764
 1.11608 -55.7269  1.12779
 1.11623 -55.7195  1.12794
 1.11638 -55.7121  1.12809
 1.11653 -55.7047  1.12809
 1.11668 -55.6973  1.12824
 1.11683 -55.6899  1.12839
 1.11698 -55.6825  1.12854
 1.11713 -55.6751  1.12869
 1.11728 -55.6677  1.12869
 1.11743 -55.6604  1.12884
 1.11758  -55.653  1.12899
 1.11773 -55.6456  1.12914
 1.11788 -55.6383  1.12929
 1.11803 -55.6309  1.12929
 1.11818 -55.6235  1.12944
 1.11833 -55.6162  1.12959
 1.11848 -55.6088  1.12974
 1.11863 -55.6015  1.12989
 1.11878 -55.5941  1.12989
 1.11893 -55.5868  1.13004
 1.11908 -55.5795  1.13019
 1.11923 -55.5721  1.13034
 1.11938 -55.5648  1.13049
 1.11953 -55.5575  1.13064
 1.11968 -55.5502  1.13064
 1.11983 -55.5428  1.13079
 1.11998 -55.5355  1.13094
 1.12014 -55.5282  1.13109
 1.12029 -55.5209  1.13124
 1.12044 -55.5136  1.13124
 1.12059 -55.5063  1.13139
 1.12074  -55.499  1.13154
 1.12089 -55.4917  1.13169
 1.12104 -55.4844  1.13184
 1.12119 -55.4771  1.13184
 1.12134 -55.4699  1.13199
 1.12149 -55.4626  1.13214
 1.12164 -55.4553  1.13229
 1.12179  -55.448  1.13244
 1.12194 -55.4408  1.13244
 1.12209 -55.4335  1.13259
 1.12224 -55.4262  1.13274
 1.12239  -55.419  1.13289
 1.12254 -55.4117  1.13304
 1.12269 -55.4045  1.13304
 1.12284 -55.3972  1.13319
 1.12299   -55.39  1.13334
 1.12314 -55.3828  1.13349
 1.12329 -55.3755  1.13364
 1.12344 -55.3683  1.13364
 1.12359 -55.3611  1.13379
 1.12374 -55.3538  1.13394
 1.12389 -55.3466  1.13409
 1.12404 -55.3394  1.13424
 1.12419 -55.3322  1.13424
 1.12434  -55.325  1.13439
 1.12449 -55.3178  1.13454
 1.12464 -55.3106  1.13469
 1.12479 -55.3034  1.13484
 1.12494 -55.2962  1.13484
 1.12509  -55.289  1.13499
 1.12524 -55.2818  1.13514
 1.12539 -55.2746  1.13529
 1.12554 -55.2674  1.13544
 1.12569 -55.2603  1.13544
 1.12584 -55.2531  1.13559
 1.12599 -55.2459  1.13574
 1.12614 -55.2388  1.13589
 1.12629 -55.2316  1.13604
 1.12644 -55.2244  1.13604
 1.12659 -55.2173  1.13619
 1.12674 -55.2101  1.13634
 1.12689  -55.203  1.13649
 1.12704 -55.1958  1.13664
 1.12719 -55.1887  1.13664
 1.12734 -55.1816  1.13679
 1.12749 -55.1744  1.13694
 1.12764 -55.1673  1.13709
 1.12779 -55.1602  1.13724
 1.12794  -55.153  1.13724
 1.12809 -55.1459  1.13739
 1.12824 -55.1388  1.13754
 1.12839 -55.1317  1.13769
 1.12854 -55.1246  1.13769
 1.12869 -55.1175  1.13784
 1.12884 -55.1104  1.13799
 1.12899 -55.1033  1.13814
 1.12914 -55.0962  1.13829
 1.12929 -55.0891  1.13829
 1.12944  -55.082  1.13844
 1.12959 -55.0749  1.13859
 1.12974 -55.0678  1.13874
 1.12989 -55.0608  1.13889
 1.13004 -55.0537  1.13889
 1.13019 -55.0466  1.13904
 1.13034 -55.0396  1.13919
 1.13049 -55.0325  1.13934
 1.13064 -55.0254  1.13949
 1.13079 -55.0184  1.13949
 1.13094 -55.0113  1.13964
 1.13109 -55.0043  1.13979
 1.13124 -54.9972  1.13994
 1.13139 -54.9902   1.1401
 1.13154 -54.9832   1.1401
 1.13169 -54.9761  1.14025
 1.13184 -54.9691   1.1404
 1.13199 -54.9621  1.14055
 1.13214 -54.9551  1.14055
 1.13229  -54.948   1.1407
 1.13244  -54.941  1.14085
 1.13259  -54.934    1.141
 1.13274  -54.927  1.14115
 1.13289   -54.92  1.14115
 1.13304  -54.913   1.1413
 1.13319  -54.906  1.14145
 1.13334  -54.899   1.1416
 1.13349  -54.892  1.14175
 1.13364  -54.885  1.14175
 1.13379  -54.878   1.1419
 1.13394 -54.8711  1.14205
 1.13409 -54.8641   1.1422
 1.13424 -54.8571  1.14235
 1.13439 -54.8502  1.14235
 1.13454 -54.8432   1.1425
 1.13469 -54.8362  1.14265
 1.13484 -54.8293   1.1428
 1.13499 -54.8223  1.14295
 1.13514 -54.8154  1.14295
 1.13529 -54.8084   1.1431
 1.13544 -54.8015  1.14325
 1.13559 -54.7945   1.1434
 1.13574 -54.7876   1.1434
 1.13589 -54.7807  1.14355
 1.13604 -54.7737   1.1437
 1.13619 -54.7668  1.14385
 1.13634 -54.7599    1.144
 1.13649  -54.753    1.144
 1.13664  -54.746  1.14415
 1.13679 -54.7391   1.1443
 1.13694 -54.7322  1.14445
 1.13709 -54.7253   1.1446
 1.13724 -54.7184   1.1446
 1.13739 -54.7115  1.14475
 1.13754 -54.7046   1.1449
 1.13769 -54.6977  1.14505
 1.13784 -54.6908  1.14505
 1.13799  -54.684   1.1452
 1.13814 -54.6771  1.14535
 1.13829 -54.6702  1.14535
 1.13844 -54.6633   1.1455
 1.13859 -54.6565  1.14565
 1.13874 -54.6496   1.1458
 1.13889 -54.6428   1.1458
 1.13904 -54.6359  1.14595
 1.13919 -54.6291   1.1461
 1.13934 -54.6222  1.14625
 1.13949 -54.6154  1.14625
 1.13964 -54.6085   1.1464
 1.13979 -54.6017  1.14655
 1.13994 -54.5949  1.14655
  1.1401 -54.5881   1.1467
 1.14025 -54.5812  1.14685
  1.1404 -54.5744    1.147
 1.14055 -54.5676    1.147
  1.1407 -54.5608  1.14715
 1.14085  -54.554   1.1473
   1.141 -54.5472   1.1473
 1.14115 -54.5404  1.14745
  1.1413 -54.5336   1.1476
 1.14145 -54.5269  1.14775
  1.1416 -54.5201  1.14775
 1.14175 -54.5133   1.1479
  1.1419 -54.5065  1.14805
 1.14205 -54.4998   1.1482
  1.1422  -54.493   1.1482
 1.14235 -54.4862  1.14835
  1.1425 -54.4795   1.1485
 1.14265 -54.4727   1.1485
  1.1428  -54.466  1.14865
 1.14295 -54.4592   1.1488
  1.1431 -54.4525  1.14895
 1.14325 -54.4458  1.14895
  1.1434  -54.439   1.1491
 1.14355 -54.4323  1.14925
  1.1437 -54.4256  1.14925
 1.14385 -54.4189   1.1494
   1.144 -54.4122  1.14955
 1.14415 -54.4054   1.1497
  1.1443 -54.3987   1.1497
 1.14445  -54.392  1.14985
  1.1446 -54.3853     1.15
 1.14475 -54.3786     1.15
  1.1449  -54.372     1.15
 1.14505 -54.3653     1.15
  1.1452 -54.3586     1.15
 1.14535  -54.352     1.15
  1.1455 -54.3454     1.15
 1.14565 -54.3387     1.15
  1.1458 -54.3321     1.15
 1.14595 -54.3255     1.15
  1.1461 -54.3189     1.15
 1.14625 -54.3124     1.15
  1.1464 -54.3058     1.15
 1.14655 -54.2992     1.15
  1.1467 -54.2927     1.15
 1.14685 -54.2862     1.15
   1.147 -54.2797     1.15
 1.14715 -54.2731     1.15
  1.1473 -54.2666     1.15
 1.14745 -54.2602     1.15
  1.1476 -54.2537     1.15
 1.14775 -54.2472     1.15
  1.1479 -54.2408     1.15
 1.14805 -54.2343     1.15
  1.1482 -54.2279     1.15
 1.14835 -54.2215     1.15
  1.1485 -54.2151     1.15
 1.14865 -54.2087     1.15
  1.1488 -54.2023     1.15
 1.14895 -54.1959     1.15
  1.1491 -54.1896     1.15
 1.14925 -54.1832     1.15
  1.1494 -54.1769     1.15
 1.14955 -54.1705     1.15
  1.1497 -54.1642     1.15
 1.14985 -54.1579     1.15
    1.15 -54.1516     1.15