 kgrid  ValNew  Policy 
    0.85 -71.8054 0.895173
 0.85015  -71.793 0.895323
  0.8503 -71.7806 0.895473
 0.85045 -71.7681 0.895623
  0.8506 -71.7557 0.895623
 0.85075 -71.7433 0.895773
  0.8509 -71.7309 0.895923
0.851051 -71.7186 0.896073
0.851201 -71.7062 0.896223
0.851351 -71.6938 0.896373
0.851501 -71.6814 0.896523
0.851651  -71.669 0.896673
0.851801 -71.6567 0.896823
0.851951 -71.6443 0.896973
0.852101  -71.632 0.897124
0.852251 -71.6196 0.897274
0.852401 -71.6073 0.897274
0.852551 -71.5949 0.897424
0.852701 -71.5826 0.897574
0.852851 -71.5703 0.897724
0.853002 -71.5579 0.897874
0.853152 -71.5456 0.898024
0.853302 -71.5333 0.898174
0.853452  -71.521 0.898324
0.853602 -71.5087 0.898474
0.853752 -71.4964 0.898624
0.853902 -71.4841 0.898774
0.854052 -71.4718 0.898924
0.854202 -71.4595 0.898924
0.854352 -71.4473 0.899075
0.854502  -71.435 0.899225
0.854652 -71.4227 0.899375
0.854802 -71.4104 0.899525
0.854952 -71.3982 0.899675
0.855103 -71.3859 0.899825
0.855253 -71.3737 0.899975
0.855403 -71.3614 0.900125
0.855553 -71.3492 0.900275
0.855703 -71.3369 0.900425
0.855853 -71.3247 0.900575
0.856003 -71.3125 0.900725
0.856153 -71.3002 0.900875
0.856303  -71.288 0.901026
0.856453 -71.2758 0.901176
0.856603 -71.2636 0.901176
0.856753 -71.2514 0.901326
0.856903 -71.2392 0.901476
0.857054  -71.227 0.901626
0.857204 -71.2148 0.901776
0.857354 -71.2026 0.901926
0.857504 -71.1904 0.902076
0.857654 -71.1782 0.902226
0.857804 -71.1661 0.902376
0.857954 -71.1539 0.902526
0.858104 -71.1417 0.902676
0.858254 -71.1296 0.902826
0.858404 -71.1174 0.902976
0.858554 -71.1052 0.903127
0.858704 -71.0931 0.903277
0.858854 -71.0809 0.903427
0.859005 -71.0688 0.903427
0.859155 -71.0567 0.903577
0.859305 -71.0445 0.903727
0.859455 -71.0324 0.903877
0.859605 -71.0203 0.904027
0.859755 -71.0082 0.904177
0.859905 -70.9961 0.904327
0.860055 -70.9839 0.904477
0.860205 -70.9718 0.904627
0.860355 -70.9597 0.904777
0.860505 -70.9476 0.904927
0.860655 -70.9356 0.905078
0.860805 -70.9235 0.905228
0.860955 -70.9114 0.905378
0.861106 -70.8993 0.905528
0.861256 -70.8872 0.905678
0.861406 -70.8752 0.905828
0.861556 -70.8631 0.905828
0.861706  -70.851 0.905978
0.861856  -70.839 0.906128
0.862006 -70.8269 0.906278
0.862156 -70.8149 0.906428
0.862306 -70.8028 0.906578
0.862456 -70.7908 0.906728
0.862606 -70.7788 0.906878
0.862756 -70.7667 0.907029
0.862906 -70.7547 0.907179
0.863057 -70.7427 0.907329
0.863207 -70.7307 0.907479
0.863357 -70.7186 0.907629
0.863507 -70.7066 0.907779
0.863657 -70.6946 0.907929
0.863807 -70.6826 0.908079
0.863957 -70.6706 0.908079
0.864107 -70.6586 0.908229
0.864257 -70.6466 0.908379
0.864407 -70.6347 0.908529
0.864557 -70.6227 0.908679
0.864707 -70.6107 0.908829
0.864857 -70.5987 0.908979
0.865008 -70.5868  0.90913
0.865158 -70.5748  0.90928
0.865308 -70.5629  0.90943
0.865458 -70.5509  0.90958
0.865608 -70.5389  0.90973
0.865758  -70.527  0.90988
0.865908 -70.5151  0.91003
0.866058 -70.5031  0.91018
0.866208 -70.4912  0.91033
0.866358 -70.4793  0.91048
0.866508 -70.4673  0.91063
0.866658 -70.4554  0.91063
0.866808 -70.4435  0.91078
0.866958 -70.4316  0.91093
0.867109 -70.4197 0.911081
0.867259 -70.4078 0.911231
0.867409 -70.3959 0.911381
0.867559  -70.384 0.911531
0.867709 -70.3721 0.911681
0.867859 -70.3602 0.911831
0.868009 -70.3483 0.911981
0.868159 -70.3364 0.912131
0.868309 -70.3246 0.912281
0.868459 -70.3127 0.912431
0.868609 -70.3008 0.912581
0.868759  -70.289 0.912731
0.868909 -70.2771 0.912881
 0.86906 -70.2653 0.913032
 0.86921 -70.2534 0.913182
 0.86936 -70.2416 0.913182
 0.86951 -70.2297 0.913332
 0.86966 -70.2179 0.913482
 0.86981 -70.2061 0.913632
 0.86996 -70.1942 0.913782
 0.87011 -70.1824 0.913932
 0.87026 -70.1706 0.914082
 0.87041 -70.1588 0.914232
 0.87056  -70.147 0.914382
 0.87071 -70.1351 0.914532
 0.87086 -70.1233 0.914682
0.871011 -70.1115 0.914832
0.871161 -70.0997 0.914982
0.871311 -70.0879 0.915133
0.871461 -70.0762 0.915283
0.871611 -70.0644 0.915433
0.871761 -70.0526 0.915583
0.871911 -70.0408 0.915733
0.872061  -70.029 0.915883
0.872211 -70.0173 0.916033
0.872361 -70.0055 0.916033
0.872511 -69.9938 0.916183
0.872661  -69.982 0.916333
0.872811 -69.9702 0.916483
0.872961 -69.9585 0.916633
0.873112 -69.9468 0.916783
0.873262  -69.935 0.916933
0.873412 -69.9233 0.917084
0.873562 -69.9115 0.917234
0.873712 -69.8998 0.917384
0.873862 -69.8881 0.917534
0.874012 -69.8764 0.917684
0.874162 -69.8647 0.917834
0.874312 -69.8529 0.917984
0.874462 -69.8412 0.918134
0.874612 -69.8295 0.918284
0.874762 -69.8178 0.918434
0.874912 -69.8061 0.918584
0.875063 -69.7944 0.918734
0.875213 -69.7828 0.918884
0.875363 -69.7711 0.918884
0.875513 -69.7594 0.919035
0.875663 -69.7477 0.919185
0.875813  -69.736 0.919335
0.875963 -69.7244 0.919485
0.876113 -69.7127 0.919635
0.876263  -69.701 0.919785
0.876413 -69.6894 0.919935
0.876563 -69.6777 0.920085
0.876713 -69.6661 0.920235
0.876863 -69.6544 0.920385
0.877014 -69.6428 0.920535
0.877164 -69.6312 0.920685
0.877314 -69.6195 0.920835
0.877464 -69.6079 0.920985
0.877614 -69.5963 0.921136
0.877764 -69.5847 0.921286
0.877914  -69.573 0.921436
0.878064 -69.5614 0.921586
0.878214 -69.5498 0.921586
0.878364 -69.5382 0.921736
0.878514 -69.5266 0.921886
0.878664  -69.515 0.922036
0.878814 -69.5034 0.922186
0.878964 -69.4918 0.922336
0.879115 -69.4802 0.922486
0.879265 -69.4687 0.922636
0.879415 -69.4571 0.922786
0.879565 -69.4455 0.922936
0.879715 -69.4339 0.923087
0.879865 -69.4224 0.923237
0.880015 -69.4108 0.923387
0.880165 -69.3992 0.923537
0.880315 -69.3877 0.923687
0.880465 -69.3761 0.923837
0.880615 -69.3646 0.923987
0.880765  -69.353 0.924137
0.880915 -69.3415 0.924287
0.881066   -69.33 0.924437
0.881216 -69.3184 0.924587
0.881366 -69.3069 0.924587
0.881516 -69.2954 0.924737
0.881666 -69.2839 0.924887
0.881816 -69.2723 0.925038
0.881966 -69.2608 0.925188
0.882116 -69.2493 0.925338
0.882266 -69.2378 0.925488
0.882416 -69.2263 0.925638
0.882566 -69.2148 0.925788
0.882716 -69.2033 0.925938
0.882866 -69.1918 0.926088
0.883017 -69.1803 0.926238
0.883167 -69.1689 0.926388
0.883317 -69.1574 0.926538
0.883467 -69.1459 0.926688
0.883617 -69.1344 0.926838
0.883767  -69.123 0.926988
0.883917 -69.1115 0.927139
0.884067 -69.1001 0.927289
0.884217 -69.0886 0.927439
0.884367 -69.0771 0.927589
0.884517 -69.0657 0.927589
0.884667 -69.0543 0.927739
0.884817 -69.0428 0.927889
0.884967 -69.0314 0.928039
0.885118 -69.0199 0.928189
0.885268 -69.0085 0.928339
0.885418 -68.9971 0.928489
0.885568 -68.9857 0.928639
0.885718 -68.9742 0.928789
0.885868 -68.9628 0.928939
0.886018 -68.9514  0.92909
0.886168   -68.94  0.92924
0.886318 -68.9286  0.92939
0.886468 -68.9172  0.92954
0.886618 -68.9058  0.92969
0.886768 -68.8944  0.92984
0.886918  -68.883  0.92999
0.887069 -68.8716  0.93014
0.887219 -68.8603  0.93029
0.887369 -68.8489  0.93044
0.887519 -68.8375  0.93059
0.887669 -68.8261  0.93074
0.887819 -68.8148  0.93074
0.887969 -68.8034  0.93089
0.888119 -68.7921 0.931041
0.888269 -68.7807 0.931191
0.888419 -68.7694 0.931341
0.888569  -68.758 0.931491
0.888719 -68.7467 0.931641
0.888869 -68.7353 0.931791
 0.88902  -68.724 0.931941
 0.88917 -68.7126 0.932091
 0.88932 -68.7013 0.932241
 0.88947   -68.69 0.932391
 0.88962 -68.6787 0.932541
 0.88977 -68.6674 0.932691
 0.88992  -68.656 0.932841
 0.89007 -68.6447 0.932991
 0.89022 -68.6334 0.933142
 0.89037 -68.6221 0.933292
 0.89052 -68.6108 0.933442
 0.89067 -68.5995 0.933592
 0.89082 -68.5882 0.933742
 0.89097 -68.5769 0.933892
0.891121 -68.5657 0.934042
0.891271 -68.5544 0.934042
0.891421 -68.5431 0.934192
0.891571 -68.5318 0.934342
0.891721 -68.5205 0.934492
0.891871 -68.5093 0.934642
0.892021  -68.498 0.934792
0.892171 -68.4867 0.934942
0.892321 -68.4755 0.935093
0.892471 -68.4642 0.935243
0.892621  -68.453 0.935393
0.892771 -68.4417 0.935543
0.892921 -68.4305 0.935693
0.893072 -68.4193 0.935843
0.893222  -68.408 0.935993
0.893372 -68.3968 0.936143
0.893522 -68.3856 0.936293
0.893672 -68.3743 0.936443
0.893822 -68.3631 0.936593
0.893972 -68.3519 0.936743
0.894122 -68.3407 0.936893
0.894272 -68.3295 0.937044
0.894422 -68.3183 0.937194
0.894572 -68.3071 0.937344
0.894722 -68.2959 0.937494
0.894872 -68.2847 0.937494
0.895023 -68.2735 0.937644
0.895173 -68.2623 0.937794
0.895323 -68.2511 0.937944
0.895473 -68.2399 0.938094
0.895623 -68.2287 0.938244
0.895773 -68.2176 0.938394
0.895923 -68.2064 0.938544
0.896073 -68.1952 0.938694
0.896223 -68.1841 0.938844
0.896373 -68.1729 0.938994
0.896523 -68.1617 0.939145
0.896673 -68.1506 0.939295
0.896823 -68.1394 0.939445
0.896973 -68.1283 0.939595
0.897124 -68.1171 0.939745
0.897274  -68.106 0.939895
0.897424 -68.0949 0.940045
0.897574 -68.0837 0.940195
0.897724 -68.0726 0.940345
0.897874 -68.0615 0.940495
0.898024 -68.0504 0.940645
0.898174 -68.0392 0.940795
0.898324 -68.0281 0.940945
0.898474  -68.017 0.941096
0.898624 -68.0059 0.941096
0.898774 -67.9948 0.941246
0.898924 -67.9837 0.941396
0.899075 -67.9726 0.941546
0.899225 -67.9615 0.941696
0.899375 -67.9504 0.941846
0.899525 -67.9393 0.941996
0.899675 -67.9282 0.942146
0.899825 -67.9172 0.942296
0.899975 -67.9061 0.942446
0.900125  -67.895 0.942596
0.900275 -67.8839 0.942746
0.900425 -67.8729 0.942896
0.900575 -67.8618 0.943047
0.900725 -67.8508 0.943197
0.900875 -67.8397 0.943347
0.901026 -67.8286 0.943497
0.901176 -67.8176 0.943647
0.901326 -67.8066 0.943797
0.901476 -67.7955 0.943947
0.901626 -67.7845 0.944097
0.901776 -67.7734 0.944247
0.901926 -67.7624 0.944397
0.902076 -67.7514 0.944547
0.902226 -67.7404 0.944547
0.902376 -67.7293 0.944697
0.902526 -67.7183 0.944847
0.902676 -67.7073 0.944997
0.902826 -67.6963 0.945148
0.902976 -67.6853 0.945298
0.903127 -67.6743 0.945448
0.903277 -67.6633 0.945598
0.903427 -67.6523 0.945748
0.903577 -67.6413 0.945898
0.903727 -67.6303 0.946048
0.903877 -67.6193 0.946198
0.904027 -67.6083 0.946348
0.904177 -67.5973 0.946498
0.904327 -67.5864 0.946648
0.904477 -67.5754 0.946798
0.904627 -67.5644 0.946948
0.904777 -67.5534 0.947099
0.904927 -67.5425 0.947249
0.905078 -67.5315 0.947399
0.905228 -67.5206 0.947549
0.905378 -67.5096 0.947699
0.905528 -67.4987 0.947849
0.905678 -67.4877 0.947999
0.905828 -67.4768 0.948149
0.905978 -67.4658 0.948299
0.906128 -67.4549 0.948299
0.906278  -67.444 0.948449
0.906428  -67.433 0.948599
0.906578 -67.4221 0.948749
0.906728 -67.4112 0.948899
0.906878 -67.4003  0.94905
0.907029 -67.3893   0.9492
0.907179 -67.3784  0.94935
0.907329 -67.3675   0.9495
0.907479 -67.3566  0.94965
0.907629 -67.3457   0.9498
0.907779 -67.3348  0.94995
0.907929 -67.3239   0.9501
0.908079  -67.313  0.95025
0.908229 -67.3021   0.9504
0.908379 -67.2912  0.95055
0.908529 -67.2804   0.9507
0.908679 -67.2695  0.95085
0.908829 -67.2586 0.951001
0.908979 -67.2477 0.951151
 0.90913 -67.2369 0.951301
 0.90928  -67.226 0.951451
 0.90943 -67.2151 0.951601
 0.90958 -67.2043 0.951751
 0.90973 -67.1934 0.951901
 0.90988 -67.1826 0.952051
 0.91003 -67.1717 0.952051
 0.91018 -67.1609 0.952201
 0.91033   -67.15 0.952351
 0.91048 -67.1392 0.952501
 0.91063 -67.1284 0.952651
 0.91078 -67.1175 0.952801
 0.91093 -67.1067 0.952951
0.911081 -67.0959 0.953102
0.911231  -67.085 0.953252
0.911381 -67.0742 0.953402
0.911531 -67.0634 0.953552
0.911681 -67.0526 0.953702
0.911831 -67.0418 0.953852
0.911981  -67.031 0.954002
0.912131 -67.0202 0.954152
0.912281 -67.0094 0.954302
0.912431 -66.9986 0.954452
0.912581 -66.9878 0.954602
0.912731  -66.977 0.954752
0.912881 -66.9662 0.954902
0.913032 -66.9554 0.955053
0.913182 -66.9446 0.955203
0.913332 -66.9339 0.955353
0.913482 -66.9231 0.955503
0.913632 -66.9123 0.955653
0.913782 -66.9016 0.955803
0.913932 -66.8908 0.955803
0.914082   -66.88 0.955953
0.914232 -66.8693 0.956103
0.914382 -66.8585 0.956253
0.914532 -66.8478 0.956403
0.914682  -66.837 0.956553
0.914832 -66.8263 0.956703
0.914982 -66.8155 0.956853
0.915133 -66.8048 0.957004
0.915283 -66.7941 0.957154
0.915433 -66.7833 0.957304
0.915583 -66.7726 0.957454
0.915733 -66.7619 0.957604
0.915883 -66.7511 0.957754
0.916033 -66.7404 0.957904
0.916183 -66.7297 0.958054
0.916333  -66.719 0.958204
0.916483 -66.7083 0.958354
0.916633 -66.6976 0.958504
0.916783 -66.6869 0.958654
0.916933 -66.6762 0.958804
0.917084 -66.6655 0.958954
0.917234 -66.6548 0.959105
0.917384 -66.6441 0.959255
0.917534 -66.6334 0.959405
0.917684 -66.6227 0.959555
0.917834 -66.6121 0.959705
0.917984 -66.6014 0.959705
0.918134 -66.5907 0.959855
0.918284   -66.58 0.960005
0.918434 -66.5694 0.960155
0.918584 -66.5587 0.960305
0.918734 -66.5481 0.960455
0.918884 -66.5374 0.960605
0.919035 -66.5267 0.960755
0.919185 -66.5161 0.960905
0.919335 -66.5054 0.961056
0.919485 -66.4948 0.961206
0.919635 -66.4842 0.961356
0.919785 -66.4735 0.961506
0.919935 -66.4629 0.961656
0.920085 -66.4523 0.961806
0.920235 -66.4416 0.961956
0.920385  -66.431 0.962106
0.920535 -66.4204 0.962256
0.920685 -66.4098 0.962406
0.920835 -66.3991 0.962556
0.920985 -66.3885 0.962706
0.921136 -66.3779 0.962856
0.921286 -66.3673 0.963007
0.921436 -66.3567 0.963157
0.921586 -66.3461 0.963307
0.921736 -66.3355 0.963457
0.921886 -66.3249 0.963607
0.922036 -66.3143 0.963607
0.922186 -66.3038 0.963757
0.922336 -66.2932 0.963907
0.922486 -66.2826 0.964057
0.922636  -66.272 0.964207
0.922786 -66.2614 0.964357
0.922936 -66.2509 0.964507
0.923087 -66.2403 0.964657
0.923237 -66.2297 0.964807
0.923387 -66.2192 0.964957
0.923537 -66.2086 0.965108
0.923687 -66.1981 0.965258
0.923837 -66.1875 0.965408
0.923987  -66.177 0.965558
0.924137 -66.1664 0.965708
0.924287 -66.1559 0.965858
0.924437 -66.1453 0.966008
0.924587 -66.1348 0.966158
0.924737 -66.1243 0.966308
0.924887 -66.1137 0.966458
0.925038 -66.1032 0.966608
0.925188 -66.0927 0.966758
0.925338 -66.0822 0.966908
0.925488 -66.0716 0.967059
0.925638 -66.0611 0.967209
0.925788 -66.0506 0.967359
0.925938 -66.0401 0.967509
0.926088 -66.0296 0.967659
0.926238 -66.0191 0.967659
0.926388 -66.0086 0.967809
0.926538 -65.9981 0.967959
0.926688 -65.9876 0.968109
0.926838 -65.9771 0.968259
0.926988 -65.9666 0.968409
0.927139 -65.9562 0.968559
0.927289 -65.9457 0.968709
0.927439 -65.9352 0.968859
0.927589 -65.9247  0.96901
0.927739 -65.9143  0.96916
0.927889 -65.9038  0.96931
0.928039 -65.8933  0.96946
0.928189 -65.8829  0.96961
0.928339 -65.8724  0.96976
0.928489 -65.8619  0.96991
0.928639 -65.8515  0.97006
0.928789  -65.841  0.97021
0.928939 -65.8306  0.97036
 0.92909 -65.8202  0.97051
 0.92924 -65.8097  0.97066
 0.92939 -65.7993  0.97081
 0.92954 -65.7888  0.97096
 0.92969 -65.7784 0.971111
 0.92984  -65.768 0.971261
 0.92999 -65.7576 0.971411
 0.93014 -65.7471 0.971561
 0.93029 -65.7367 0.971561
 0.93044 -65.7263 0.971711
 0.93059 -65.7159 0.971861
 0.93074 -65.7055 0.972011
 0.93089 -65.6951 0.972161
0.931041 -65.6847 0.972311
0.931191 -65.6743 0.972461
0.931341 -65.6639 0.972611
0.931491 -65.6535 0.972761
0.931641 -65.6431 0.972911
0.931791 -65.6327 0.973062
0.931941 -65.6223 0.973212
0.932091 -65.6119 0.973362
0.932241 -65.6016 0.973512
0.932391 -65.5912 0.973662
0.932541 -65.5808 0.973812
0.932691 -65.5704 0.973962
0.932841 -65.5601 0.974112
0.932991 -65.5497 0.974262
0.933142 -65.5394 0.974412
0.933292  -65.529 0.974562
0.933442 -65.5186 0.974712
0.933592 -65.5083 0.974862
0.933742  -65.498 0.975013
0.933892 -65.4876 0.975163
0.934042 -65.4773 0.975313
0.934192 -65.4669 0.975463
0.934342 -65.4566 0.975613
0.934492 -65.4463 0.975763
0.934642 -65.4359 0.975763
0.934792 -65.4256 0.975913
0.934942 -65.4153 0.976063
0.935093  -65.405 0.976213
0.935243 -65.3946 0.976363
0.935393 -65.3843 0.976513
0.935543  -65.374 0.976663
0.935693 -65.3637 0.976813
0.935843 -65.3534 0.976963
0.935993 -65.3431 0.977114
0.936143 -65.3328 0.977264
0.936293 -65.3225 0.977414
0.936443 -65.3122 0.977564
0.936593 -65.3019 0.977714
0.936743 -65.2916 0.977864
0.936893 -65.2813 0.978014
0.937044 -65.2711 0.978164
0.937194 -65.2608 0.978314
0.937344 -65.2505 0.978464
0.937494 -65.2402 0.978614
0.937644   -65.23 0.978764
0.937794 -65.2197 0.978914
0.937944 -65.2094 0.979065
0.938094 -65.1992 0.979215
0.938244 -65.1889 0.979365
0.938394 -65.1787 0.979515
0.938544 -65.1684 0.979665
0.938694 -65.1582 0.979815
0.938844 -65.1479 0.979815
0.938994 -65.1377 0.979965
0.939145 -65.1274 0.980115
0.939295 -65.1172 0.980265
0.939445  -65.107 0.980415
0.939595 -65.0967 0.980565
0.939745 -65.0865 0.980715
0.939895 -65.0763 0.980865
0.940045 -65.0661 0.981016
0.940195 -65.0559 0.981166
0.940345 -65.0456 0.981316
0.940495 -65.0354 0.981466
0.940645 -65.0252 0.981616
0.940795  -65.015 0.981766
0.940945 -65.0048 0.981916
0.941096 -64.9946 0.982066
0.941246 -64.9844 0.982216
0.941396 -64.9742 0.982366
0.941546  -64.964 0.982516
0.941696 -64.9538 0.982666
0.941846 -64.9436 0.982816
0.941996 -64.9335 0.982966
0.942146 -64.9233 0.983117
0.942296 -64.9131 0.983267
0.942446 -64.9029 0.983417
0.942596 -64.8928 0.983567
0.942746 -64.8826 0.983717
0.942896 -64.8724 0.983867
0.943047 -64.8623 0.984017
0.943197 -64.8521 0.984017
0.943347  -64.842 0.984167
0.943497 -64.8318 0.984317
0.943647 -64.8217 0.984467
0.943797 -64.8115 0.984617
0.943947 -64.8014 0.984767
0.944097 -64.7912 0.984917
0.944247 -64.7811 0.985068
0.944397 -64.7709 0.985218
0.944547 -64.7608 0.985368
0.944697 -64.7507 0.985518
0.944847 -64.7406 0.985668
0.944997 -64.7304 0.985818
0.945148 -64.7203 0.985968
0.945298 -64.7102 0.986118
0.945448 -64.7001 0.986268
0.945598   -64.69 0.986418
0.945748 -64.6799 0.986568
0.945898 -64.6697 0.986718
0.946048 -64.6596 0.986868
0.946198 -64.6495 0.987019
0.946348 -64.6394 0.987169
0.946498 -64.6294 0.987319
0.946648 -64.6193 0.987469
0.946798 -64.6092 0.987619
0.946948 -64.5991 0.987769
0.947099  -64.589 0.987919
0.947249 -64.5789 0.988069
0.947399 -64.5689 0.988069
0.947549 -64.5588 0.988219
0.947699 -64.5487 0.988369
0.947849 -64.5386 0.988519
0.947999 -64.5286 0.988669
0.948149 -64.5185 0.988819
0.948299 -64.5084 0.988969
0.948449 -64.4984  0.98912
0.948599 -64.4883  0.98927
0.948749 -64.4783  0.98942
0.948899 -64.4682  0.98957
 0.94905 -64.4582  0.98972
  0.9492 -64.4482  0.98987
 0.94935 -64.4381  0.99002
  0.9495 -64.4281  0.99017
 0.94965  -64.418  0.99032
  0.9498  -64.408  0.99047
 0.94995  -64.398  0.99062
  0.9501  -64.388  0.99077
 0.95025 -64.3779  0.99092
  0.9504 -64.3679 0.991071
 0.95055 -64.3579 0.991221
  0.9507 -64.3479 0.991371
 0.95085 -64.3379 0.991521
0.951001 -64.3279 0.991671
0.951151 -64.3179 0.991821
0.951301 -64.3079 0.991971
0.951451 -64.2979 0.992121
0.951601 -64.2879 0.992271
0.951751 -64.2779 0.992271
0.951901 -64.2679 0.992421
0.952051 -64.2579 0.992571
0.952201 -64.2479 0.992721
0.952351 -64.2379 0.992871
0.952501  -64.228 0.993022
0.952651  -64.218 0.993172
0.952801  -64.208 0.993322
0.952951  -64.198 0.993472
0.953102 -64.1881 0.993622
0.953252 -64.1781 0.993772
0.953402 -64.1681 0.993922
0.953552 -64.1582 0.994072
0.953702 -64.1482 0.994222
0.953852 -64.1383 0.994372
0.954002 -64.1283 0.994522
0.954152 -64.1184 0.994672
0.954302 -64.1084 0.994822
0.954452 -64.0985 0.994972
0.954602 -64.0886 0.995123
0.954752 -64.0786 0.995273
0.954902 -64.0687 0.995423
0.955053 -64.0588 0.995573
0.955203 -64.0488 0.995723
0.955353 -64.0389 0.995873
0.955503  -64.029 0.996023
0.955653 -64.0191 0.996173
0.955803 -64.0091 0.996323
0.955953 -63.9992 0.996473
0.956103 -63.9893 0.996473
0.956253 -63.9794 0.996623
0.956403 -63.9695 0.996773
0.956553 -63.9596 0.996923
0.956703 -63.9497 0.997074
0.956853 -63.9398 0.997224
0.957004 -63.9299 0.997374
0.957154   -63.92 0.997524
0.957304 -63.9101 0.997674
0.957454 -63.9003 0.997824
0.957604 -63.8904 0.997974
0.957754 -63.8805 0.998124
0.957904 -63.8706 0.998274
0.958054 -63.8607 0.998424
0.958204 -63.8509 0.998574
0.958354  -63.841 0.998724
0.958504 -63.8311 0.998874
0.958654 -63.8213 0.999025
0.958804 -63.8114 0.999175
0.958954 -63.8016 0.999325
0.959105 -63.7917 0.999475
0.959255 -63.7819 0.999625
0.959405  -63.772 0.999775
0.959555 -63.7622 0.999925
0.959705 -63.7523  1.00008
0.959855 -63.7425  1.00023
0.960005 -63.7327  1.00038
0.960155 -63.7228  1.00053
0.960305  -63.713  1.00053
0.960455 -63.7032  1.00068
0.960605 -63.6933  1.00083
0.960755 -63.6835  1.00098
0.960905 -63.6737  1.00113
0.961056 -63.6639  1.00128
0.961206 -63.6541  1.00143
0.961356 -63.6442  1.00158
0.961506 -63.6344  1.00173
0.961656 -63.6246  1.00188
0.961806 -63.6148  1.00203
0.961956  -63.605  1.00218
0.962106 -63.5952  1.00233
0.962256 -63.5854  1.00248
0.962406 -63.5756  1.00263
0.962556 -63.5659  1.00278
0.962706 -63.5561  1.00293
0.962856 -63.5463  1.00308
0.963007 -63.5365  1.00323
0.963157 -63.5267  1.00338
0.963307  -63.517  1.00353
0.963457 -63.5072  1.00368
0.963607 -63.4974  1.00383
0.963757 -63.4876  1.00398
0.963907 -63.4779  1.00413
0.964057 -63.4681  1.00428
0.964207 -63.4584  1.00443
0.964357 -63.4486  1.00458
0.964507 -63.4389  1.00473
0.964657 -63.4291  1.00473
0.964807 -63.4194  1.00488
0.964957 -63.4096  1.00503
0.965108 -63.3999  1.00518
0.965258 -63.3901  1.00533
0.965408 -63.3804  1.00548
0.965558 -63.3707  1.00563
0.965708 -63.3609  1.00578
0.965858 -63.3512  1.00593
0.966008 -63.3415  1.00608
0.966158 -63.3317  1.00623
0.966308  -63.322  1.00638
0.966458 -63.3123  1.00653
0.966608 -63.3026  1.00668
0.966758 -63.2929  1.00683
0.966908 -63.2832  1.00698
0.967059 -63.2735  1.00713
0.967209 -63.2638  1.00728
0.967359 -63.2541  1.00743
0.967509 -63.2444  1.00758
0.967659 -63.2347  1.00773
0.967809  -63.225  1.00788
0.967959 -63.2153  1.00803
0.968109 -63.2056  1.00818
0.968259 -63.1959  1.00833
0.968409 -63.1862  1.00848
0.968559 -63.1766  1.00863
0.968709 -63.1669  1.00878
0.968859 -63.1572  1.00878
 0.96901 -63.1475  1.00893
 0.96916 -63.1379  1.00908
 0.96931 -63.1282  1.00923
 0.96946 -63.1185  1.00938
 0.96961 -63.1089  1.00953
 0.96976 -63.0992  1.00968
 0.96991 -63.0896  1.00983
 0.97006 -63.0799  1.00998
 0.97021 -63.0703  1.01013
 0.97036 -63.0606  1.01028
 0.97051  -63.051  1.01043
 0.97066 -63.0414  1.01058
 0.97081 -63.0317  1.01073
 0.97096 -63.0221  1.01088
0.971111 -63.0124  1.01103
0.971261 -63.0028  1.01118
0.971411 -62.9932  1.01133
0.971561 -62.9836  1.01148
0.971711 -62.9739  1.01163
0.971861 -62.9643  1.01178
0.972011 -62.9547  1.01193
0.972161 -62.9451  1.01208
0.972311 -62.9355  1.01223
0.972461 -62.9259  1.01238
0.972611 -62.9163  1.01253
0.972761 -62.9067  1.01268
0.972911 -62.8971  1.01283
0.973062 -62.8875  1.01283
0.973212 -62.8779  1.01298
0.973362 -62.8683  1.01313
0.973512 -62.8587  1.01328
0.973662 -62.8491  1.01343
0.973812 -62.8395  1.01358
0.973962   -62.83  1.01373
0.974112 -62.8204  1.01388
0.974262 -62.8108  1.01403
0.974412 -62.8012  1.01418
0.974562 -62.7917  1.01433
0.974712 -62.7821  1.01448
0.974862 -62.7725  1.01463
0.975013  -62.763  1.01478
0.975163 -62.7534  1.01493
0.975313 -62.7439  1.01508
0.975463 -62.7343  1.01523
0.975613 -62.7247  1.01538
0.975763 -62.7152  1.01553
0.975913 -62.7057  1.01568
0.976063 -62.6961  1.01583
0.976213 -62.6866  1.01598
0.976363  -62.677  1.01613
0.976513 -62.6675  1.01628
0.976663  -62.658  1.01643
0.976813 -62.6484  1.01658
0.976963 -62.6389  1.01673
0.977114 -62.6294  1.01688
0.977264 -62.6199  1.01688
0.977414 -62.6103  1.01703
0.977564 -62.6008  1.01718
0.977714 -62.5913  1.01733
0.977864 -62.5818  1.01748
0.978014 -62.5723  1.01763
0.978164 -62.5628  1.01778
0.978314 -62.5533  1.01793
0.978464 -62.5438  1.01808
0.978614 -62.5343  1.01823
0.978764 -62.5248  1.01838
0.978914 -62.5153  1.01853
0.979065 -62.5058  1.01868
0.979215 -62.4963  1.01883
0.979365 -62.4869  1.01898
0.979515 -62.4774  1.01913
0.979665 -62.4679  1.01928
0.979815 -62.4584  1.01943
0.979965 -62.4489  1.01958
0.980115 -62.4395  1.01973
0.980265   -62.43  1.01988
0.980415 -62.4205  1.02004
0.980565 -62.4111  1.02019
0.980715 -62.4016  1.02034
0.980865 -62.3922  1.02049
0.981016 -62.3827  1.02064
0.981166 -62.3733  1.02079
0.981316 -62.3638  1.02094
0.981466 -62.3544  1.02094
0.981616 -62.3449  1.02109
0.981766 -62.3355  1.02124
0.981916  -62.326  1.02139
0.982066 -62.3166  1.02154
0.982216 -62.3072  1.02169
0.982366 -62.2977  1.02184
0.982516 -62.2883  1.02199
0.982666 -62.2789  1.02214
0.982816 -62.2695  1.02229
0.982966   -62.26  1.02244
0.983117 -62.2506  1.02259
0.983267 -62.2412  1.02274
0.983417 -62.2318  1.02289
0.983567 -62.2224  1.02304
0.983717  -62.213  1.02319
0.983867 -62.2036  1.02334
0.984017 -62.1942  1.02349
0.984167 -62.1848  1.02364
0.984317 -62.1754  1.02379
0.984467  -62.166  1.02394
0.984617 -62.1566  1.02409
0.984767 -62.1472  1.02424
0.984917 -62.1378  1.02439
0.985068 -62.1284  1.02454
0.985218 -62.1191  1.02469
0.985368 -62.1097  1.02484
0.985518 -62.1003  1.02484
0.985668 -62.0909  1.02499
0.985818 -62.0816  1.02514
0.985968 -62.0722  1.02529
0.986118 -62.0628  1.02544
0.986268 -62.0535  1.02559
0.986418 -62.0441  1.02574
0.986568 -62.0348  1.02589
0.986718 -62.0254  1.02604
0.986868 -62.0161  1.02619
0.987019 -62.0067  1.02634
0.987169 -61.9974  1.02649
0.987319  -61.988  1.02664
0.987469 -61.9787  1.02679
0.987619 -61.9693  1.02694
0.987769   -61.96  1.02709
0.987919 -61.9507  1.02724
0.988069 -61.9413  1.02739
0.988219  -61.932  1.02754
0.988369 -61.9227  1.02769
0.988519 -61.9134  1.02784
0.988669 -61.9041  1.02799
0.988819 -61.8947  1.02814
0.988969 -61.8854  1.02829
 0.98912 -61.8761  1.02844
 0.98927 -61.8668  1.02859
 0.98942 -61.8575  1.02874
 0.98957 -61.8482  1.02874
 0.98972 -61.8389  1.02889
 0.98987 -61.8296  1.02904
 0.99002 -61.8203  1.02919
 0.99017  -61.811  1.02934
 0.99032 -61.8017  1.02949
 0.99047 -61.7924  1.02964
 0.99062 -61.7831  1.02979
 0.99077 -61.7739  1.02994
 0.99092 -61.7646  1.03009
0.991071 -61.7553  1.03024
0.991221  -61.746  1.03039
0.991371 -61.7367  1.03054
0.991521 -61.7275  1.03069
0.991671 -61.7182  1.03084
0.991821 -61.7089  1.03099
0.991971 -61.6997  1.03114
0.992121 -61.6904  1.03129
0.992271 -61.6812  1.03144
0.992421 -61.6719  1.03159
0.992571 -61.6627  1.03174
0.992721 -61.6534  1.03189
0.992871 -61.6442  1.03204
0.993022 -61.6349  1.03219
0.993172 -61.6257  1.03234
0.993322 -61.6164  1.03249
0.993472 -61.6072  1.03264
0.993622  -61.598  1.03279
0.993772 -61.5887  1.03279
0.993922 -61.5795  1.03294
0.994072 -61.5703  1.03309
0.994222 -61.5611  1.03324
0.994372 -61.5518  1.03339
0.994522 -61.5426  1.03354
0.994672 -61.5334  1.03369
0.994822 -61.5242  1.03384
0.994972  -61.515  1.03399
0.995123 -61.5058  1.03414
0.995273 -61.4966  1.03429
0.995423 -61.4874  1.03444
0.995573 -61.4782  1.03459
0.995723  -61.469  1.03474
0.995873 -61.4598  1.03489
0.996023 -61.4506  1.03504
0.996173 -61.4414  1.03519
0.996323 -61.4322  1.03534
0.996473  -61.423  1.03549
0.996623 -61.4138  1.03564
0.996773 -61.4047  1.03579
0.996923 -61.3955  1.03594
0.997074 -61.3863  1.03609
0.997224 -61.3771  1.03624
0.997374  -61.368  1.03639
0.997524 -61.3588  1.03654
0.997674 -61.3496  1.03654
0.997824 -61.3405  1.03669
0.997974 -61.3313  1.03684
0.998124 -61.3222  1.03699
0.998274  -61.313  1.03714
0.998424 -61.3038  1.03729
0.998574 -61.2947  1.03744
0.998724 -61.2856  1.03759
0.998874 -61.2764  1.03774
0.999025 -61.2673  1.03789
0.999175 -61.2581  1.03804
0.999325  -61.249  1.03819
0.999475 -61.2399  1.03834
0.999625 -61.2307  1.03849
0.999775 -61.2216  1.03864
0.999925 -61.2125  1.03879
 1.00008 -61.2034  1.03894
 1.00023 -61.1942  1.03909
 1.00038 -61.1851  1.03924
 1.00053  -61.176  1.03939
 1.00068 -61.1669  1.03954
 1.00083 -61.1578  1.03969
 1.00098 -61.1487  1.03984
 1.00113 -61.1396  1.03999
 1.00128 -61.1305  1.04015
 1.00143 -61.1214   1.0403
 1.00158 -61.1123   1.0403
 1.00173 -61.1032  1.04045
 1.00188 -61.0941   1.0406
 1.00203  -61.085  1.04075
 1.00218 -61.0759   1.0409
 1.00233 -61.0668  1.04105
 1.00248 -61.0577   1.0412
 1.00263 -61.0486  1.04135
 1.00278 -61.0396   1.0415
 1.00293 -61.0305  1.04165
 1.00308 -61.0214   1.0418
 1.00323 -61.0124  1.04195
 1.00338 -61.0033   1.0421
 1.00353 -60.9942  1.04225
 1.00368 -60.9852   1.0424
 1.00383 -60.9761  1.04255
 1.00398  -60.967   1.0427
 1.00413  -60.958  1.04285
 1.00428 -60.9489    1.043
 1.00443 -60.9399  1.04315
 1.00458 -60.9308   1.0433
 1.00473 -60.9218  1.04345
 1.00488 -60.9128   1.0436
 1.00503 -60.9037  1.04375
 1.00518 -60.8947   1.0439
 1.00533 -60.8857   1.0439
 1.00548 -60.8766  1.04405
 1.00563 -60.8676   1.0442
 1.00578 -60.8586  1.04435
 1.00593 -60.8495   1.0445
 1.00608 -60.8405  1.04465
 1.00623 -60.8315   1.0448
 1.00638 -60.8225  1.04495
 1.00653 -60.8135   1.0451
 1.00668 -60.8045  1.04525
 1.00683 -60.7954   1.0454
 1.00698 -60.7864  1.04555
 1.00713 -60.7774   1.0457
 1.00728 -60.7684  1.04585
 1.00743 -60.7594    1.046
 1.00758 -60.7504  1.04615
 1.00773 -60.7415   1.0463
 1.00788 -60.7325  1.04645
 1.00803 -60.7235   1.0466
 1.00818 -60.7145  1.04675
 1.00833 -60.7055   1.0469
 1.00848 -60.6965  1.04705
 1.00863 -60.6875   1.0472
 1.00878 -60.6786  1.04735
 1.00893 -60.6696   1.0475
 1.00908 -60.6606   1.0475
 1.00923 -60.6517  1.04765
 1.00938 -60.6427   1.0478
 1.00953 -60.6337  1.04795
 1.00968 -60.6248   1.0481
 1.00983 -60.6158  1.04825
 1.00998 -60.6069   1.0484
 1.01013 -60.5979  1.04855
 1.01028 -60.5889   1.0487
 1.01043   -60.58  1.04885
 1.01058 -60.5711    1.049
 1.01073 -60.5621  1.04915
 1.01088 -60.5532   1.0493
 1.01103 -60.5442  1.04945
 1.01118 -60.5353   1.0496
 1.01133 -60.5264  1.04975
 1.01148 -60.5174   1.0499
 1.01163 -60.5085  1.05005
 1.01178 -60.4996   1.0502
 1.01193 -60.4907  1.05035
 1.01208 -60.4817   1.0505
 1.01223 -60.4728  1.05065
 1.01238 -60.4639   1.0508
 1.01253  -60.455  1.05095
 1.01268 -60.4461   1.0511
 1.01283 -60.4372   1.0511
 1.01298 -60.4283  1.05125
 1.01313 -60.4194   1.0514
 1.01328 -60.4105  1.05155
 1.01343 -60.4016   1.0517
 1.01358 -60.3927  1.05185
 1.01373 -60.3838    1.052
 1.01388 -60.3749  1.05215
 1.01403  -60.366   1.0523
 1.01418 -60.3571  1.05245
 1.01433 -60.3482   1.0526
 1.01448 -60.3394  1.05275
 1.01463 -60.3305   1.0529
 1.01478 -60.3216  1.05305
 1.01493 -60.3127   1.0532
 1.01508 -60.3039  1.05335
 1.01523  -60.295   1.0535
 1.01538 -60.2861  1.05365
 1.01553 -60.2773   1.0538
 1.01568 -60.2684  1.05395
 1.01583 -60.2595   1.0541
 1.01598 -60.2507  1.05425
 1.01613 -60.2418   1.0544
 1.01628  -60.233  1.05455
 1.01643 -60.2241  1.05455
 1.01658 -60.2153   1.0547
 1.01673 -60.2064  1.05485
 1.01688 -60.1976    1.055
 1.01703 -60.1888  1.05515
 1.01718 -60.1799   1.0553
 1.01733 -60.1711  1.05545
 1.01748 -60.1623   1.0556
 1.01763 -60.1534  1.05575
 1.01778 -60.1446   1.0559
 1.01793 -60.1358  1.05605
 1.01808  -60.127   1.0562
 1.01823 -60.1182  1.05635
 1.01838 -60.1093   1.0565
 1.01853 -60.1005  1.05665
 1.01868 -60.0917   1.0568
 1.01883 -60.0829  1.05695
 1.01898 -60.0741   1.0571
 1.01913 -60.0653  1.05725
 1.01928 -60.0565   1.0574
 1.01943 -60.0477  1.05755
 1.01958 -60.0389   1.0577
 1.01973 -60.0301  1.05785
 1.01988 -60.0213  1.05785
 1.02004 -60.0125    1.058
 1.02019 -60.0037  1.05815
 1.02034  -59.995   1.0583
 1.02049 -59.9862  1.05845
 1.02064 -59.9774   1.0586
 1.02079 -59.9686  1.05875
 1.02094 -59.9599   1.0589
 1.02109 -59.9511  1.05905
 1.02124 -59.9423   1.0592
 1.02139 -59.9336  1.05935
 1.02154 -59.9248   1.0595
 1.02169  -59.916  1.05965
 1.02184 -59.9073   1.0598
 1.02199 -59.8985  1.05995
 1.02214 -59.8898  1.06011
 1.02229  -59.881  1.06026
 1.02244 -59.8723  1.06041
 1.02259 -59.8635  1.06056
 1.02274 -59.8548  1.06071
 1.02289  -59.846  1.06086
 1.02304 -59.8373  1.06101
 1.02319 -59.8286  1.06101
 1.02334 -59.8198  1.06116
 1.02349 -59.8111  1.06131
 1.02364 -59.8024  1.06146
 1.02379 -59.7936  1.06161
 1.02394 -59.7849  1.06176
 1.02409 -59.7762  1.06191
 1.02424 -59.7675  1.06206
 1.02439 -59.7588  1.06221
 1.02454 -59.7501  1.06236
 1.02469 -59.7413  1.06251
 1.02484 -59.7326  1.06266
 1.02499 -59.7239  1.06281
 1.02514 -59.7152  1.06296
 1.02529 -59.7065  1.06311
 1.02544 -59.6978  1.06326
 1.02559 -59.6891  1.06341
 1.02574 -59.6804  1.06356
 1.02589 -59.6717  1.06371
 1.02604 -59.6631  1.06386
 1.02619 -59.6544  1.06401
 1.02634 -59.6457  1.06416
 1.02649  -59.637  1.06416
 1.02664 -59.6283  1.06431
 1.02679 -59.6197  1.06446
 1.02694  -59.611  1.06461
 1.02709 -59.6023  1.06476
 1.02724 -59.5936  1.06491
 1.02739  -59.585  1.06506
 1.02754 -59.5763  1.06521
 1.02769 -59.5677  1.06536
 1.02784  -59.559  1.06551
 1.02799 -59.5503  1.06566
 1.02814 -59.5417  1.06581
 1.02829  -59.533  1.06596
 1.02844 -59.5244  1.06611
 1.02859 -59.5157  1.06626
 1.02874 -59.5071  1.06641
 1.02889 -59.4985  1.06656
 1.02904 -59.4898  1.06671
 1.02919 -59.4812  1.06686
 1.02934 -59.4725  1.06701
 1.02949 -59.4639  1.06716
 1.02964 -59.4553  1.06731
 1.02979 -59.4467  1.06731
 1.02994  -59.438  1.06746
 1.03009 -59.4294  1.06761
 1.03024 -59.4208  1.06776
 1.03039 -59.4122  1.06791
 1.03054 -59.4036  1.06806
 1.03069 -59.3949  1.06821
 1.03084 -59.3863  1.06836
 1.03099 -59.3777  1.06851
 1.03114 -59.3691  1.06866
 1.03129 -59.3605  1.06881
 1.03144 -59.3519  1.06896
 1.03159 -59.3433  1.06911
 1.03174 -59.3347  1.06926
 1.03189 -59.3261  1.06941
 1.03204 -59.3176  1.06956
 1.03219  -59.309  1.06971
 1.03234 -59.3004  1.06986
 1.03249 -59.2918  1.07001
 1.03264 -59.2832  1.07016
 1.03279 -59.2746  1.07031
 1.03294 -59.2661  1.07031
 1.03309 -59.2575  1.07046
 1.03324 -59.2489  1.07061
 1.03339 -59.2404  1.07076
 1.03354 -59.2318  1.07091
 1.03369 -59.2232  1.07106
 1.03384 -59.2147  1.07121
 1.03399 -59.2061  1.07136
 1.03414 -59.1976  1.07151
 1.03429  -59.189  1.07166
 1.03444 -59.1805  1.07181
 1.03459 -59.1719  1.07196
 1.03474 -59.1634  1.07211
 1.03489 -59.1548  1.07226
 1.03504 -59.1463  1.07241
 1.03519 -59.1378  1.07256
 1.03534 -59.1292  1.07271
 1.03549 -59.1207  1.07286
 1.03564 -59.1122  1.07301
 1.03579 -59.1036  1.07316
 1.03594 -59.0951  1.07331
 1.03609 -59.0866  1.07331
 1.03624 -59.0781  1.07346
 1.03639 -59.0695  1.07361
 1.03654  -59.061  1.07376
 1.03669 -59.0525  1.07391
 1.03684  -59.044  1.07406
 1.03699 -59.0355  1.07421
 1.03714  -59.027  1.07436
 1.03729 -59.0185  1.07451
 1.03744   -59.01  1.07466
 1.03759 -59.0015  1.07481
 1.03774  -58.993  1.07496
 1.03789 -58.9845  1.07511
 1.03804  -58.976  1.07526
 1.03819 -58.9675  1.07541
 1.03834  -58.959  1.07556
 1.03849 -58.9505  1.07571
 1.03864 -58.9421  1.07586
 1.03879 -58.9336  1.07601
 1.03894 -58.9251  1.07616
 1.03909 -58.9166  1.07616
 1.03924 -58.9082  1.07631
 1.03939 -58.8997  1.07646
 1.03954 -58.8912  1.07661
 1.03969 -58.8828  1.07676
 1.03984 -58.8743  1.07691
 1.03999 -58.8658  1.07706
 1.04015 -58.8574  1.07721
  1.0403 -58.8489  1.07736
 1.04045 -58.8405  1.07751
  1.0406  -58.832  1.07766
 1.04075 -58.8236  1.07781
  1.0409 -58.8151  1.07796
 1.04105 -58.8067  1.07811
  1.0412 -58.7983  1.07826
 1.04135 -58.7898  1.07841
  1.0415 -58.7814  1.07856
 1.04165  -58.773  1.07871
  1.0418 -58.7645  1.07871
 1.04195 -58.7561  1.07886
  1.0421 -58.7477  1.07901
 1.04225 -58.7392  1.07916
  1.0424 -58.7308  1.07931
 1.04255 -58.7224  1.07946
  1.0427  -58.714  1.07961
 1.04285 -58.7056  1.07976
   1.043 -58.6972  1.07991
 1.04315 -58.6888  1.08007
  1.0433 -58.6804  1.08022
 1.04345  -58.672  1.08037
  1.0436 -58.6636  1.08052
 1.04375 -58.6552  1.08067
  1.0439 -58.6468  1.08082
 1.04405 -58.6384  1.08097
  1.0442   -58.63  1.08112
 1.04435 -58.6216  1.08127
  1.0445 -58.6132  1.08142
 1.04465 -58.6048  1.08157
  1.0448 -58.5965  1.08157
 1.04495 -58.5881  1.08172
  1.0451 -58.5797  1.08187
 1.04525 -58.5713  1.08202
  1.0454  -58.563  1.08217
 1.04555 -58.5546  1.08232
  1.0457 -58.5462  1.08247
 1.04585 -58.5379  1.08262
   1.046 -58.5295  1.08277
 1.04615 -58.5211  1.08292
  1.0463 -58.5128  1.08307
 1.04645 -58.5044  1.08322
  1.0466 -58.4961  1.08337
 1.04675 -58.4877  1.08352
  1.0469 -58.4794  1.08367
 1.04705 -58.4711  1.08382
  1.0472 -58.4627  1.08397
 1.04735 -58.4544  1.08397
  1.0475  -58.446  1.08412
 1.04765 -58.4377  1.08427
  1.0478 -58.4294  1.08442
 1.04795  -58.421  1.08457
  1.0481 -58.4127  1.08472
 1.04825 -58.4044  1.08487
  1.0484 -58.3961  1.08502
 1.04855 -58.3878  1.08517
  1.0487 -58.3794  1.08532
 1.04885 -58.3711  1.08547
   1.049 -58.3628  1.08562
 1.04915 -58.3545  1.08577
  1.0493 -58.3462  1.08592
 1.04945 -58.3379  1.08607
  1.0496 -58.3296  1.08622
 1.04975 -58.3213  1.08637
  1.0499  -58.313  1.08652
 1.05005 -58.3047  1.08652
  1.0502 -58.2964  1.08667
 1.05035 -58.2881  1.08682
  1.0505 -58.2799  1.08697
 1.05065 -58.2716  1.08712
  1.0508 -58.2633  1.08727
 1.05095  -58.255  1.08742
  1.0511 -58.2467  1.08757
 1.05125 -58.2385  1.08772
  1.0514 -58.2302  1.08787
 1.05155 -58.2219  1.08802
  1.0517 -58.2137  1.08817
 1.05185 -58.2054  1.08832
   1.052 -58.1971  1.08847
 1.05215 -58.1889  1.08862
  1.0523 -58.1806  1.08877
 1.05245 -58.1724  1.08892
  1.0526 -58.1641  1.08892
 1.05275 -58.1559  1.08907
  1.0529 -58.1476  1.08922
 1.05305 -58.1394  1.08937
  1.0532 -58.1311  1.08952
 1.05335 -58.1229  1.08967
  1.0535 -58.1147  1.08982
 1.05365 -58.1064  1.08997
  1.0538 -58.0982  1.09012
 1.05395   -58.09  1.09027
  1.0541 -58.0817  1.09042
 1.05425 -58.0735  1.09057
  1.0544 -58.0653  1.09072
 1.05455 -58.0571  1.09087
  1.0547 -58.0489  1.09102
 1.05485 -58.0406  1.09117
   1.055 -58.0324  1.09132
 1.05515 -58.0242  1.09132
  1.0553  -58.016  1.09147
 1.05545 -58.0078  1.09162
  1.0556 -57.9996  1.09177
 1.05575 -57.9914  1.09192
  1.0559 -57.9832  1.09207
 1.05605  -57.975  1.09222
  1.0562 -57.9668  1.09237
 1.05635 -57.9586  1.09252
  1.0565 -57.9505  1.09267
 1.05665 -57.9423  1.09282
  1.0568 -57.9341  1.09297
 1.05695 -57.9259  1.09312
  1.0571 -57.9177  1.09312
 1.05725 -57.9096  1.09327
  1.0574 -57.9014  1.09342
 1.05755 -57.8932  1.09357
  1.0577 -57.8851  1.09372
 1.05785 -57.8769  1.09387
   1.058 -57.8687  1.09402
 1.05815 -57.8606  1.09417
  1.0583 -57.8524  1.09432
 1.05845 -57.8443  1.09447
  1.0586 -57.8361  1.09462
 1.05875  -57.828  1.09477
  1.0589 -57.8198  1.09492
 1.05905 -57.8117  1.09507
  1.0592 -57.8036  1.09522
 1.05935 -57.7954  1.09522
  1.0595 -57.7873  1.09537
 1.05965 -57.7792  1.09552
  1.0598  -57.771  1.09567
 1.05995 -57.7629  1.09582
 1.06011 -57.7548  1.09597
 1.06026 -57.7467  1.09612
 1.06041 -57.7386  1.09627
 1.06056 -57.7304  1.09642
 1.06071 -57.7223  1.09657
 1.06086 -57.7142  1.09672
 1.06101 -57.7061  1.09687
 1.06116  -57.698  1.09702
 1.06131 -57.6899  1.09702
 1.06146 -57.6818  1.09717
 1.06161 -57.6737  1.09732
 1.06176 -57.6656  1.09747
 1.06191 -57.6575  1.09762
 1.06206 -57.6494  1.09777
 1.06221 -57.6413  1.09792
 1.06236 -57.6333  1.09807
 1.06251 -57.6252  1.09822
 1.06266 -57.6171  1.09837
 1.06281  -57.609  1.09852
 1.06296  -57.601  1.09867
 1.06311 -57.5929  1.09882
 1.06326 -57.5848  1.09897
 1.06341 -57.5768  1.09897
 1.06356 -57.5687  1.09912
 1.06371 -57.5606  1.09927
 1.06386 -57.5526  1.09942
 1.06401 -57.5445  1.09957
 1.06416 -57.5365  1.09972
 1.06431 -57.5284  1.09987
 1.06446 -57.5204  1.10003
 1.06461 -57.5123  1.10018
 1.06476 -57.5043  1.10033
 1.06491 -57.4962  1.10048
 1.06506 -57.4882  1.10063
 1.06521 -57.4802  1.10078
 1.06536 -57.4721  1.10078
 1.06551 -57.4641  1.10093
 1.06566 -57.4561  1.10108
 1.06581 -57.4481  1.10123
 1.06596   -57.44  1.10138
 1.06611  -57.432  1.10153
 1.06626  -57.424  1.10168
 1.06641  -57.416  1.10183
 1.06656  -57.408  1.10198
 1.06671    -57.4  1.10213
 1.06686  -57.392  1.10228
 1.06701  -57.384  1.10243
 1.06716  -57.376  1.10258
 1.06731  -57.368  1.10258
 1.06746   -57.36  1.10273
 1.06761  -57.352  1.10288
 1.06776  -57.344  1.10303
 1.06791  -57.336  1.10318
 1.06806  -57.328  1.10333
 1.06821   -57.32  1.10348
 1.06836 -57.3121  1.10363
 1.06851 -57.3041  1.10378
 1.06866 -57.2961  1.10393
 1.06881 -57.2881  1.10408
 1.06896 -57.2802  1.10423
 1.06911 -57.2722  1.10423
 1.06926 -57.2642  1.10438
 1.06941 -57.2563  1.10453
 1.06956 -57.2483  1.10468
 1.06971 -57.2404  1.10483
 1.06986 -57.2324  1.10498
 1.07001 -57.2245  1.10513
 1.07016 -57.2165  1.10528
 1.07031 -57.2086  1.10543
 1.07046 -57.2006  1.10558
 1.07061 -57.1927  1.10573
 1.07076 -57.1848  1.10588
 1.07091 -57.1768  1.10603
 1.07106 -57.1689  1.10603
 1.07121  -57.161  1.10618
 1.07136  -57.153  1.10633
 1.07151 -57.1451  1.10648
 1.07166 -57.1372  1.10663
 1.07181 -57.1293  1.10678
 1.07196 -57.1213  1.10693
 1.07211 -57.1134  1.10708
 1.07226 -57.1055  1.10723
 1.07241 -57.0976  1.10738
 1.07256 -57.0897  1.10753
 1.07271 -57.0818  1.10768
 1.07286 -57.0739  1.10768
 1.07301  -57.066  1.10783
 1.07316 -57.0581  1.10798
 1.07331 -57.0502  1.10813
 1.07346 -57.0423  1.10828
 1.07361 -57.0344  1.10843
 1.07376 -57.0266  1.10858
 1.07391 -57.0187  1.10873
 1.07406 -57.0108  1.10888
 1.07421 -57.0029  1.10903
 1.07436  -56.995  1.10918
 1.07451 -56.9872  1.10933
 1.07466 -56.9793  1.10933
 1.07481 -56.9714  1.10948
 1.07496 -56.9636  1.10963
 1.07511 -56.9557  1.10978
 1.07526 -56.9478  1.10993
 1.07541   -56.94  1.11008
 1.07556 -56.9321  1.11023
 1.07571 -56.9243  1.11038
 1.07586 -56.9164  1.11053
 1.07601 -56.9086  1.11068
 1.07616 -56.9008  1.11083
 1.07631 -56.8929  1.11098
 1.07646 -56.8851  1.11113
 1.07661 -56.8772  1.11113
 1.07676 -56.8694  1.11128
 1.07691 -56.8616  1.11143
 1.07706 -56.8537  1.11158
 1.07721 -56.8459  1.11173
 1.07736 -56.8381  1.11188
 1.07751 -56.8303  1.11203
 1.07766 -56.8225  1.11218
 1.07781 -56.8147  1.11233
 1.07796 -56.8068  1.11248
 1.07811  -56.799  1.11248
 1.07826 -56.7912  1.11263
 1.07841 -56.7834  1.11278
 1.07856 -56.7756  1.11293
 1.07871 -56.7678  1.11308
 1.07886   -56.76  1.11323
 1.07901 -56.7522  1.11338
 1.07916 -56.7444  1.11353
 1.07931 -56.7367  1.11368
 1.07946 -56.7289  1.11383
 1.07961 -56.7211  1.11398
 1.07976 -56.7133  1.11398
 1.07991 -56.7055  1.11413
 1.08007 -56.6978  1.11428
 1.08022   -56.69  1.11443
 1.08037 -56.6822  1.11458
 1.08052 -56.6745  1.11473
 1.08067 -56.6667  1.11488
 1.08082 -56.6589  1.11503
 1.08097 -56.6512  1.11518
 1.08112 -56.6434  1.11533
 1.08127 -56.6357  1.11548
 1.08142 -56.6279  1.11548
 1.08157 -56.6202  1.11563
 1.08172 -56.6125  1.11578
 1.08187 -56.6047  1.11593
 1.08202  -56.597  1.11608
 1.08217 -56.5892  1.11623
 1.08232 -56.5815  1.11638
 1.08247 -56.5738  1.11653
 1.08262  -56.566  1.11668
 1.08277 -56.5583  1.11683
 1.08292 -56.5506  1.11683
 1.08307 -56.5429  1.11698
 1.08322 -56.5352  1.11713
 1.08337 -56.5275  1.11728
 1.08352 -56.5197  1.11743
 1.08367  -56.512  1.11758
 1.08382 -56.5043  1.11773
 1.08397 -56.4966  1.11788
 1.08412 -56.4889  1.11803
 1.08427 -56.4812  1.11818
 1.08442 -56.4736  1.11818
 1.08457 -56.4659  1.11833
 1.08472 -56.4582  1.11848
 1.08487 -56.4505  1.11863
 1.08502 -56.4428  1.11878
 1.08517 -56.4351  1.11893
 1.08532 -56.4275  1.11908
 1.08547 -56.4198  1.11923
 1.08562 -56.4121  1.11938
 1.08577 -56.4044  1.11938
 1.08592 -56.3968  1.11953
 1.08607 -56.3891  1.11968
 1.08622 -56.3815  1.11983
 1.08637 -56.3738  1.11998
 1.08652 -56.3661  1.12014
 1.08667 -56.3585  1.12029
 1.08682 -56.3509  1.12044
 1.08697 -56.3432  1.12059
 1.08712 -56.3356  1.12059
 1.08727 -56.3279  1.12074
 1.08742 -56.3203  1.12089
 1.08757 -56.3127  1.12104
 1.08772  -56.305  1.12119
 1.08787 -56.2974  1.12134
 1.08802 -56.2898  1.12149
 1.08817 -56.2822  1.12164
 1.08832 -56.2745  1.12179
 1.08847 -56.2669  1.12179
 1.08862 -56.2593  1.12194
 1.08877 -56.2517  1.12209
 1.08892 -56.2441  1.12224
 1.08907 -56.2365  1.12239
 1.08922 -56.2289  1.12254
 1.08937 -56.2213  1.12269
 1.08952 -56.2137  1.12284
 1.08967 -56.2061  1.12299
 1.08982 -56.1985  1.12314
 1.08997 -56.1909  1.12314
 1.09012 -56.1833  1.12329
 1.09027 -56.1757  1.12344
 1.09042 -56.1682  1.12359
 1.09057 -56.1606  1.12374
 1.09072  -56.153  1.12389
 1.09087 -56.1454  1.12404
 1.09102 -56.1379  1.12419
 1.09117 -56.1303  1.12419
 1.09132 -56.1227  1.12434
 1.09147 -56.1152  1.12449
 1.09162 -56.1076  1.12464
 1.09177 -56.1001  1.12479
 1.09192 -56.0925  1.12479
 1.09207  -56.085  1.12494
 1.09222 -56.0775  1.12509
 1.09237 -56.0699  1.12524
 1.09252 -56.0624  1.12539
 1.09267 -56.0549  1.12539
 1.09282 -56.0474  1.12554
 1.09297 -56.0398  1.12569
 1.09312 -56.0323  1.12584
 1.09327 -56.0248  1.12599
 1.09342 -56.0173  1.12599
 1.09357 -56.0098  1.12614
 1.09372 -56.0023  1.12629
 1.09387 -55.9948  1.12644
 1.09402 -55.9873  1.12659
 1.09417 -55.9798  1.12674
 1.09432 -55.9723  1.12674
 1.09447 -55.9649  1.12689
 1.09462 -55.9574  1.12704
 1.09477 -55.9499  1.12719
 1.09492 -55.9424  1.12734
 1.09507  -55.935  1.12734
 1.09522 -55.9275  1.12749
 1.09537   -55.92  1.12764
 1.09552 -55.9126  1.12779
 1.09567 -55.9051  1.12794
 1.09582 -55.8977  1.12794
 1.09597 -55.8902  1.12809
 1.09612 -55.8828  1.12824
 1.09627 -55.8754  1.12839
 1.09642 -55.8679  1.12854
 1.09657 -55.8605  1.12854
 1.09672 -55.8531  1.12869
 1.09687 -55.8457  1.12884
 1.09702 -55.8382  1.12899
 1.09717 -55.8308  1.12914
 1.09732 -55.8234  1.12914
 1.09747  -55.816  1.12929
 1.09762 -55.8086  1.12944
 1.09777 -55.8012  1.12959
 1.09792 -55.7938  1.12974
 1.09807 -55.7864  1.12989
 1.09822  -55.779  1.12989
 1.09837 -55.7717  1.13004
 1.09852 -55.7643  1.13019
 1.09867 -55.7569  1.13034
 1.09882 -55.7495  1.13049
 1.09897 -55.7422  1.13049
 1.09912 -55.7348  1.13064
 1.09927 -55.7274  1.13079
 1.09942 -55.7201  1.13094
 1.09957 -55.7127  1.13109
 1.09972 -55.7054  1.13109
 1.09987  -55.698  1.13124
 1.10003 -55.6907  1.13139
 1.10018 -55.6833  1.13154
 1.10033  -55.676  1.13169
 1.10048 -55.6687  1.13184
 1.10063 -55.6613  1.13184
 1.10078  -55.654  1.13199
 1.10093 -55.6467  1.13214
 1.10108 -55.6394  1.13229
 1.10123  -55.632  1.13244
 1.10138 -55.6247  1.13244
 1.10153 -55.6174  1.13259
 1.10168 -55.6101  1.13274
 1.10183 -55.6028  1.13289
 1.10198 -55.5955  1.13304
 1.10213 -55.5882  1.13304
 1.10228 -55.5809  1.13319
 1.10243 -55.5736  1.13334
 1.10258 -55.5664  1.13349
 1.10273 -55.5591  1.13364
 1.10288 -55.5518  1.13364
 1.10303 -55.5445  1.13379
 1.10318 -55.5373  1.13394
 1.10333   -55.53  1.13409
 1.10348 -55.5227  1.13424
 1.10363 -55.5155  1.13424
 1.10378 -55.5082  1.13439
 1.10393  -55.501  1.13454
 1.10408 -55.4937  1.13469
 1.10423 -55.4865  1.13484
 1.10438 -55.4793  1.13484
 1.10453  -55.472  1.13499
 1.10468 -55.4648  1.13514
 1.10483 -55.4576  1.13529
 1.10498 -55.4504  1.13544
 1.10513 -55.4431  1.13544
 1.10528 -55.4359  1.13559
 1.10543 -55.4287  1.13574
 1.10558 -55.4215  1.13589
 1.10573 -55.4143  1.13604
 1.10588 -55.4071  1.13604
 1.10603 -55.3999  1.13619
 1.10618 -55.3927  1.13634
 1.10633 -55.3855  1.13649
 1.10648 -55.3783  1.13664
 1.10663 -55.3711  1.13679
 1.10678  -55.364  1.13679
 1.10693 -55.3568  1.13694
 1.10708 -55.3496  1.13709
 1.10723 -55.3424  1.13724
 1.10738 -55.3353  1.13739
 1.10753 -55.3281  1.13739
 1.10768 -55.3209  1.13754
 1.10783 -55.3138  1.13769
 1.10798 -55.3066  1.13784
 1.10813 -55.2995  1.13784
 1.10828 -55.2924  1.13799
 1.10843 -55.2852  1.13814
 1.10858 -55.2781  1.13829
 1.10873 -55.2709  1.13844
 1.10888 -55.2638  1.13844
 1.10903 -55.2567  1.13859
 1.10918 -55.2496  1.13874
 1.10933 -55.2424  1.13889
 1.10948 -55.2353  1.13904
 1.10963 -55.2282  1.13904
 1.10978 -55.2211  1.13919
 1.10993  -55.214  1.13934
 1.11008 -55.2069  1.13949
 1.11023 -55.1998  1.13964
 1.11038 -55.1927  1.13964
 1.11053 -55.1856  1.13979
 1.11068 -55.1786  1.13994
 1.11083 -55.1715   1.1401
 1.11098 -55.1644  1.14025
 1.11113 -55.1573  1.14025
 1.11128 -55.1502   1.1404
 1.11143 -55.1432  1.14055
 1.11158 -55.1361   1.1407
 1.11173 -55.1291  1.14085
 1.11188  -55.122  1.14085
 1.11203  -55.115    1.141
 1.11218 -55.1079  1.14115
 1.11233 -55.1009   1.1413
 1.11248 -55.0938  1.14145
 1.11263 -55.0868  1.14145
 1.11278 -55.0797   1.1416
 1.11293 -55.0727  1.14175
 1.11308 -55.0657   1.1419
 1.11323 -55.0587  1.14205
 1.11338 -55.0516  1.14205
 1.11353 -55.0446   1.1422
 1.11368 -55.0376  1.14235
 1.11383 -55.0306   1.1425
 1.11398 -55.0236  1.14265
 1.11413 -55.0166  1.14265
 1.11428 -55.0096   1.1428
 1.11443 -55.0026  1.14295
 1.11458 -54.9956   1.1431
 1.11473 -54.9886  1.14325
 1.11488 -54.9816  1.14325
 1.11503 -54.9747   1.1434
 1.11518 -54.9677  1.14355
 1.11533 -54.9607   1.1437
 1.11548 -54.9537  1.14385
 1.11563 -54.9468  1.14385
 1.11578 -54.9398    1.144
 1.11593 -54.9328  1.14415
 1.11608 -54.9259   1.1443
 1.11623 -54.9189  1.14445
 1.11638  -54.912  1.14445
 1.11653  -54.905   1.1446
 1.11668 -54.8981  1.14475
 1.11683 -54.8912   1.1449
 1.11698 -54.8842   1.1449
 1.11713 -54.8773  1.14505
 1.11728 -54.8704   1.1452
 1.11743 -54.8635   1.1452
 1.11758 -54.8565  1.14535
 1.11773 -54.8496   1.1455
 1.11788 -54.8427  1.14565
 1.11803 -54.8358  1.14565
 1.11818 -54.8289   1.1458
 1.11833  -54.822  1.14595
 1.11848 -54.8151   1.1461
 1.11863 -54.8083   1.1461
 1.11878 -54.8014  1.14625
 1.11893 -54.7945   1.1464
 1.11908 -54.7876   1.1464
 1.11923 -54.7808  1.14655
 1.11938 -54.7739   1.1467
 1.11953  -54.767  1.14685
 1.11968 -54.7602  1.14685
 1.11983 -54.7533    1.147
 1.11998 -54.7465  1.14715
 1.12014 -54.7396   1.1473
 1.12029 -54.7328   1.1473
 1.12044  -54.726  1.14745
 1.12059 -54.7191   1.1476
 1.12074 -54.7123   1.1476
 1.12089 -54.7055  1.14775
 1.12104 -54.6987   1.1479
 1.12119 -54.6919  1.14805
 1.12134  -54.685  1.14805
 1.12149 -54.6782   1.1482
 1.12164 -54.6714  1.14835
 1.12179 -54.6646   1.1485
 1.12194 -54.6578   1.1485
 1.12209 -54.6511  1.14865
 1.12224 -54.6443   1.1488
 1.12239 -54.6375   1.1488
 1.12254 -54.6307  1.14895
 1.12269 -54.6239   1.1491
 1.12284 -54.6172  1.14925
 1.12299 -54.6104  1.14925
 1.12314 -54.6037   1.1494
 1.12329 -54.5969  1.14955
 1.12344 -54.5902   1.1497
 1.12359 -54.5834   1.1497
 1.12374 -54.5767  1.14985
 1.12389 -54.5699     1.15
 1.12404 -54.5632     1.15
 1.12419 -54.5565     1.15
 1.12434 -54.5498     1.15
 1.12449 -54.5431     1.15
 1.12464 -54.5364     1.15
 1.12479 -54.5297     1.15
 1.12494  -54.523     1.15
 1.12509 -54.5164     1.15
 1.12524 -54.5097     1.15
 1.12539 -54.5031     1.15
 1.12554 -54.4965     1.15
 1.12569 -54.4899     1.15
 1.12584 -54.4833     1.15
 1.12599 -54.4767     1.15
 1.12614 -54.4701     1.15
 1.12629 -54.4636     1.15
 1.12644  -54.457     1.15
 1.12659 -54.4505     1.15
 1.12674  -54.444     1.15
 1.12689 -54.4375     1.15
 1.12704  -54.431     1.15
 1.12719 -54.4245     1.15
 1.12734  -54.418     1.15
 1.12749 -54.4115     1.15
 1.12764 -54.4051     1.15
 1.12779 -54.3986     1.15
 1.12794 -54.3922     1.15
 1.12809 -54.3858     1.15
 1.12824 -54.3794     1.15
 1.12839  -54.373     1.15
 1.12854 -54.3666     1.15
 1.12869 -54.3602     1.15
 1.12884 -54.3538     1.15
 1.12899 -54.3475     1.15
 1.12914 -54.3411     1.15
 1.12929 -54.3348     1.15
 1.12944 -54.3285     1.15
 1.12959 -54.3222     1.15
 1.12974 -54.3159     1.15
 1.12989 -54.3096     1.15
 1.13004 -54.3033     1.15
 1.13019  -54.297     1.15
 1.13034 -54.2908     1.15
 1.13049 -54.2845     1.15
 1.13064 -54.2783     1.15
 1.13079 -54.2721     1.15
 1.13094 -54.2658     1.15
 1.13109 -54.2596     1.15
 1.13124 -54.2534     1.15
 1.13139 -54.2473     1.15
 1.13154 -54.2411     1.15
 1.13169 -54.2349     1.15
 1.13184 -54.2288     1.15
 1.13199 -54.2226     1.15
 1.13214 -54.2165     1.15
 1.13229 -54.2104     1.15
 1.13244 -54.2043     1.15
 1.13259 -54.1982     1.15
 1.13274 -54.1921     1.15
 1.13289  -54.186     1.15
 1.13304   -54.18     1.15
 1.13319 -54.1739     1.15
 1.13334 -54.1678     1.15
 1.13349 -54.1618     1.15
 1.13364 -54.1558     1.15
 1.13379 -54.1498     1.15
 1.13394 -54.1438     1.15
 1.13409 -54.1378     1.15
 1.13424 -54.1318     1.15
 1.13439 -54.1258     1.15
 1.13454 -54.1199     1.15
 1.13469 -54.1139     1.15
 1.13484  -54.108     1.15
 1.13499  -54.102     1.15
 1.13514 -54.0961     1.15
 1.13529 -54.0902     1.15
 1.13544 -54.0843     1.15
 1.13559 -54.0784     1.15
 1.13574 -54.0725     1.15
 1.13589 -54.0667     1.15
 1.13604 -54.0608     1.15
 1.13619 -54.0549     1.15
 1.13634 -54.0491     1.15
 1.13649 -54.0433     1.15
 1.13664 -54.0374     1.15
 1.13679 -54.0316     1.15
 1.13694 -54.0258     1.15
 1.13709   -54.02     1.15
 1.13724 -54.0143     1.15
 1.13739 -54.0085     1.15
 1.13754 -54.0027     1.15
 1.13769  -53.997     1.15
 1.13784 -53.9912     1.15
 1.13799 -53.9855     1.15
 1.13814 -53.9798     1.15
 1.13829 -53.9741     1.15
 1.13844 -53.9683     1.15
 1.13859 -53.9627     1.15
 1.13874  -53.957     1.15
 1.13889 -53.9513     1.15
 1.13904 -53.9456     1.15
 1.13919   -53.94     1.15
 1.13934 -53.9343     1.15
 1.13949 -53.9287     1.15
 1.13964 -53.9231     1.15
 1.13979 -53.9174     1.15
 1.13994 -53.9118     1.15
  1.1401 -53.9062     1.15
 1.14025 -53.9007     1.15
  1.1404 -53.8951     1.15
 1.14055 -53.8895     1.15
  1.1407 -53.8839     1.15
 1.14085 -53.8784     1.15
   1.141 -53.8728     1.15
 1.14115 -53.8673     1.15
  1.1413 -53.8618     1.15
 1.14145 -53.8563     1.15
  1.1416 -53.8508     1.15
 1.14175 -53.8453     1.15
  1.1419 -53.8398     1.15
 1.14205 -53.8343     1.15
  1.1422 -53.8288     1.15
 1.14235 -53.8234     1.15
  1.1425 -53.8179     1.15
 1.14265 -53.8125     1.15
  1.1428 -53.8071     1.15
 1.14295 -53.8016     1.15
  1.1431 -53.7962     1.15
 1.14325 -53.7908     1.15
  1.1434 -53.7854     1.15
 1.14355   -53.78     1.15
  1.1437 -53.7747     1.15
 1.14385 -53.7693     1.15
   1.144 -53.7639     1.15
 1.14415 -53.7586     1.15
  1.1443 -53.7533     1.15
 1.14445 -53.7479     1.15
  1.1446 -53.7426     1.15
 1.14475 -53.7373     1.15
  1.1449  -53.732     1.15
 1.14505 -53.7267     1.15
  1.1452 -53.7214     1.15
 1.14535 -53.7161     1.15
  1.1455 -53.7109     1.15
 1.14565 -53.7056     1.15
  1.1458 -53.7003     1.15
 1.14595 -53.6951     1.15
  1.1461 -53.6899     1.15
 1.14625 -53.6846     1.15
  1.1464 -53.6794     1.15
 1.14655 -53.6742     1.15
  1.1467  -53.669     1.15
 1.14685 -53.6638     1.15
   1.147 -53.6586     1.15
 1.14715 -53.6535     1.15
  1.1473 -53.6483     1.15
 1.14745 -53.6431     1.15
  1.1476  -53.638     1.15
 1.14775 -53.6329     1.15
  1.1479 -53.6277     1.15
 1.14805 -53.6226     1.15
  1.1482 -53.6175     1.15
 1.14835 -53.6124     1.15
  1.1485 -53.6073     1.15
 1.14865 -53.6022     1.15
  1.1488 -53.5971     1.15
 1.14895  -53.592     1.15
  1.1491  -53.587     1.15
 1.14925 -53.5819     1.15
  1.1494 -53.5769     1.15
 1.14955 -53.5718     1.15
  1.1497 -53.5668     1.15
 1.14985 -53.5618     1.15
    1.15 -53.5568     1.15