 kgrid  ValNew  Policy 
    0.85 -73.4236     0.85
 0.85015 -73.4036     0.85
  0.8503 -73.3837     0.85
 0.85045 -73.3639     0.85
  0.8506  -73.344     0.85
 0.85075 -73.3242     0.85
  0.8509 -73.3045     0.85
0.851051 -73.2848     0.85
0.851201 -73.2651     0.85
0.851351 -73.2455     0.85
0.851501 -73.2259     0.85
0.851651 -73.2064     0.85
0.851801 -73.1869     0.85
0.851951 -73.1675     0.85
0.852101  -73.148     0.85
0.852251 -73.1287     0.85
0.852401 -73.1094     0.85
0.852551 -73.0901     0.85
0.852701 -73.0708     0.85
0.852851 -73.0517     0.85
0.853002 -73.0325     0.85
0.853152 -73.0134     0.85
0.853302 -72.9943     0.85
0.853452 -72.9753     0.85
0.853602 -72.9563     0.85
0.853752 -72.9373     0.85
0.853902 -72.9184     0.85
0.854052 -72.8996     0.85
0.854202 -72.8807     0.85
0.854352  -72.862     0.85
0.854502 -72.8432     0.85
0.854652 -72.8245     0.85
0.854802 -72.8058     0.85
0.854952 -72.7872     0.85
0.855103 -72.7686     0.85
0.855253 -72.7501     0.85
0.855403 -72.7316     0.85
0.855553 -72.7131     0.85
0.855703 -72.6947     0.85
0.855853 -72.6763     0.85
0.856003  -72.658     0.85
0.856153 -72.6397     0.85
0.856303 -72.6214     0.85
0.856453 -72.6032     0.85
0.856603  -72.585     0.85
0.856753 -72.5668     0.85
0.856903 -72.5487     0.85
0.857054 -72.5307     0.85
0.857204 -72.5126     0.85
0.857354 -72.4946     0.85
0.857504 -72.4767     0.85
0.857654 -72.4588     0.85
0.857804 -72.4409     0.85
0.857954  -72.423     0.85
0.858104 -72.4052     0.85
0.858254 -72.3875     0.85
0.858404 -72.3698     0.85
0.858554 -72.3521     0.85
0.858704 -72.3344     0.85
0.858854 -72.3168     0.85
0.859005 -72.2992     0.85
0.859155 -72.2817     0.85
0.859305 -72.2642     0.85
0.859455 -72.2467     0.85
0.859605 -72.2293     0.85
0.859755 -72.2119     0.85
0.859905 -72.1945     0.85
0.860055 -72.1772     0.85
0.860205   -72.16     0.85
0.860355 -72.1427     0.85
0.860505 -72.1255     0.85
0.860655 -72.1083     0.85
0.860805 -72.0912     0.85
0.860955 -72.0741     0.85
0.861106  -72.057     0.85
0.861256   -72.04     0.85
0.861406  -72.023     0.85
0.861556 -72.0061     0.85
0.861706 -71.9892     0.85
0.861856 -71.9723     0.85
0.862006 -71.9554     0.85
0.862156 -71.9386     0.85
0.862306 -71.9218     0.85
0.862456 -71.9051     0.85
0.862606 -71.8884     0.85
0.862756 -71.8717     0.85
0.862906 -71.8551     0.85
0.863057 -71.8385     0.85
0.863207 -71.8219     0.85
0.863357 -71.8054     0.85
0.863507 -71.7889     0.85
0.863657 -71.7725     0.85
0.863807  -71.756     0.85
0.863957 -71.7396     0.85
0.864107 -71.7233     0.85
0.864257  -71.707     0.85
0.864407 -71.6907     0.85
0.864557 -71.6744     0.85
0.864707 -71.6582     0.85
0.864857  -71.642     0.85
0.865008 -71.6259     0.85
0.865158 -71.6097     0.85
0.865308 -71.5937     0.85
0.865458 -71.5776     0.85
0.865608 -71.5616     0.85
0.865758 -71.5456     0.85
0.865908 -71.5297     0.85
0.866058 -71.5137     0.85
0.866208 -71.4979     0.85
0.866358  -71.482     0.85
0.866508 -71.4662     0.85
0.866658 -71.4504     0.85
0.866808 -71.4347     0.85
0.866958 -71.4189     0.85
0.867109 -71.4033     0.85
0.867259 -71.3876     0.85
0.867409  -71.372     0.85
0.867559 -71.3564     0.85
0.867709 -71.3408     0.85
0.867859 -71.3253     0.85
0.868009 -71.3098     0.85
0.868159 -71.2944     0.85
0.868309 -71.2789     0.85
0.868459 -71.2635     0.85
0.868609 -71.2482     0.85
0.868759 -71.2328     0.85
0.868909 -71.2175     0.85
 0.86906 -71.2023     0.85
 0.86921  -71.187     0.85
 0.86936 -71.1718     0.85
 0.86951 -71.1567     0.85
 0.86966 -71.1415     0.85
 0.86981 -71.1264     0.85
 0.86996 -71.1113     0.85
 0.87011 -71.0963     0.85
 0.87026 -71.0813     0.85
 0.87041 -71.0663     0.85
 0.87056 -71.0513     0.85
 0.87071 -71.0364     0.85
 0.87086 -71.0215     0.85
0.871011 -71.0066  0.85015
0.871161 -70.9917   0.8503
0.871311 -70.9769   0.8503
0.871461  -70.962  0.85045
0.871611 -70.9472   0.8506
0.871761 -70.9324   0.8506
0.871911 -70.9175  0.85075
0.872061 -70.9028   0.8509
0.872211  -70.888   0.8509
0.872361 -70.8732 0.851051
0.872511 -70.8584 0.851201
0.872661 -70.8437 0.851201
0.872811  -70.829 0.851351
0.872961 -70.8142 0.851501
0.873112 -70.7995 0.851501
0.873262 -70.7848 0.851651
0.873412 -70.7701 0.851801
0.873562 -70.7555 0.851801
0.873712 -70.7408 0.851951
0.873862 -70.7262 0.852101
0.874012 -70.7115 0.852251
0.874162 -70.6969 0.852251
0.874312 -70.6823 0.852401
0.874462 -70.6677 0.852551
0.874612 -70.6531 0.852551
0.874762 -70.6385 0.852701
0.874912 -70.6239 0.852851
0.875063 -70.6093 0.853002
0.875213 -70.5948 0.853002
0.875363 -70.5802 0.853152
0.875513 -70.5657 0.853302
0.875663 -70.5512 0.853302
0.875813 -70.5367 0.853452
0.875963 -70.5222 0.853602
0.876113 -70.5077 0.853602
0.876263 -70.4932 0.853752
0.876413 -70.4787 0.853902
0.876563 -70.4643 0.854052
0.876713 -70.4498 0.854052
0.876863 -70.4354 0.854202
0.877014 -70.4209 0.854352
0.877164 -70.4065 0.854502
0.877314 -70.3921 0.854502
0.877464 -70.3777 0.854652
0.877614 -70.3633 0.854802
0.877764  -70.349 0.854802
0.877914 -70.3346 0.854952
0.878064 -70.3202 0.855103
0.878214 -70.3059 0.855253
0.878364 -70.2916 0.855253
0.878514 -70.2772 0.855403
0.878664 -70.2629 0.855553
0.878814 -70.2486 0.855553
0.878964 -70.2343 0.855703
0.879115 -70.2201 0.855853
0.879265 -70.2058 0.856003
0.879415 -70.1915 0.856003
0.879565 -70.1773 0.856153
0.879715  -70.163 0.856303
0.879865 -70.1488 0.856453
0.880015 -70.1346 0.856453
0.880165 -70.1204 0.856603
0.880315 -70.1062 0.856753
0.880465  -70.092 0.856753
0.880615 -70.0778 0.856903
0.880765 -70.0636 0.857054
0.880915 -70.0495 0.857204
0.881066 -70.0353 0.857204
0.881216 -70.0212 0.857354
0.881366 -70.0071 0.857504
0.881516 -69.9929 0.857654
0.881666 -69.9788 0.857654
0.881816 -69.9647 0.857804
0.881966 -69.9506 0.857954
0.882116 -69.9366 0.857954
0.882266 -69.9225 0.858104
0.882416 -69.9084 0.858254
0.882566 -69.8944 0.858404
0.882716 -69.8803 0.858404
0.882866 -69.8663 0.858554
0.883017 -69.8523 0.858704
0.883167 -69.8383 0.858854
0.883317 -69.8243 0.858854
0.883467 -69.8103 0.859005
0.883617 -69.7963 0.859155
0.883767 -69.7824 0.859155
0.883917 -69.7684 0.859305
0.884067 -69.7544 0.859455
0.884217 -69.7405 0.859605
0.884367 -69.7266 0.859605
0.884517 -69.7127 0.859755
0.884667 -69.6987 0.859905
0.884817 -69.6848 0.860055
0.884967  -69.671 0.860055
0.885118 -69.6571 0.860205
0.885268 -69.6432 0.860355
0.885418 -69.6293 0.860355
0.885568 -69.6155 0.860505
0.885718 -69.6016 0.860655
0.885868 -69.5878 0.860805
0.886018  -69.574 0.860805
0.886168 -69.5602 0.860955
0.886318 -69.5464 0.861106
0.886468 -69.5326 0.861256
0.886618 -69.5188 0.861256
0.886768  -69.505 0.861406
0.886918 -69.4912 0.861556
0.887069 -69.4775 0.861706
0.887219 -69.4637 0.861706
0.887369   -69.45 0.861856
0.887519 -69.4363 0.862006
0.887669 -69.4226 0.862156
0.887819 -69.4088 0.862156
0.887969 -69.3951 0.862306
0.888119 -69.3815 0.862456
0.888269 -69.3678 0.862456
0.888419 -69.3541 0.862606
0.888569 -69.3404 0.862756
0.888719 -69.3268 0.862906
0.888869 -69.3131 0.862906
 0.88902 -69.2995 0.863057
 0.88917 -69.2859 0.863207
 0.88932 -69.2723 0.863357
 0.88947 -69.2586 0.863357
 0.88962  -69.245 0.863507
 0.88977 -69.2315 0.863657
 0.88992 -69.2179 0.863807
 0.89007 -69.2043 0.863807
 0.89022 -69.1907 0.863957
 0.89037 -69.1772 0.864107
 0.89052 -69.1636 0.864257
 0.89067 -69.1501 0.864257
 0.89082 -69.1366 0.864407
 0.89097 -69.1231 0.864557
0.891121 -69.1096 0.864707
0.891271 -69.0961 0.864707
0.891421 -69.0826 0.864857
0.891571 -69.0691 0.865008
0.891721 -69.0556 0.865158
0.891871 -69.0422 0.865158
0.892021 -69.0287 0.865308
0.892171 -69.0153 0.865458
0.892321 -69.0018 0.865608
0.892471 -68.9884 0.865608
0.892621  -68.975 0.865758
0.892771 -68.9616 0.865908
0.892921 -68.9482 0.866058
0.893072 -68.9348 0.866058
0.893222 -68.9214 0.866208
0.893372  -68.908 0.866358
0.893522 -68.8947 0.866508
0.893672 -68.8813 0.866508
0.893822  -68.868 0.866658
0.893972 -68.8546 0.866808
0.894122 -68.8413 0.866958
0.894272  -68.828 0.866958
0.894422 -68.8147 0.867109
0.894572 -68.8013 0.867259
0.894722 -68.7881 0.867409
0.894872 -68.7748 0.867409
0.895023 -68.7615 0.867559
0.895173 -68.7482 0.867709
0.895323  -68.735 0.867859
0.895473 -68.7217 0.867859
0.895623 -68.7085 0.868009
0.895773 -68.6952 0.868159
0.895923  -68.682 0.868309
0.896073 -68.6688 0.868309
0.896223 -68.6556 0.868459
0.896373 -68.6424 0.868609
0.896523 -68.6292 0.868759
0.896673  -68.616 0.868759
0.896823 -68.6029 0.868909
0.896973 -68.5897  0.86906
0.897124 -68.5765  0.86921
0.897274 -68.5634  0.86921
0.897424 -68.5503  0.86936
0.897574 -68.5371  0.86951
0.897724  -68.524  0.86966
0.897874 -68.5109  0.86966
0.898024 -68.4978  0.86981
0.898174 -68.4847  0.86996
0.898324 -68.4716  0.87011
0.898474 -68.4585  0.87011
0.898624 -68.4455  0.87026
0.898774 -68.4324  0.87041
0.898924 -68.4193  0.87056
0.899075 -68.4063  0.87056
0.899225 -68.3933  0.87071
0.899375 -68.3802  0.87086
0.899525 -68.3672 0.871011
0.899675 -68.3542 0.871161
0.899825 -68.3412 0.871161
0.899975 -68.3282 0.871311
0.900125 -68.3152 0.871461
0.900275 -68.3022 0.871611
0.900425 -68.2892 0.871761
0.900575 -68.2762 0.871911
0.900725 -68.2633 0.871911
0.900875 -68.2503 0.872061
0.901026 -68.2374 0.872211
0.901176 -68.2244 0.872361
0.901326 -68.2115 0.872511
0.901476 -68.1985 0.872661
0.901626 -68.1856 0.872811
0.901776 -68.1727 0.872811
0.901926 -68.1597 0.872961
0.902076 -68.1468 0.873112
0.902226 -68.1339 0.873262
0.902376  -68.121 0.873412
0.902526 -68.1081 0.873562
0.902676 -68.0952 0.873712
0.902826 -68.0823 0.873712
0.902976 -68.0695 0.873862
0.903127 -68.0566 0.874012
0.903277 -68.0437 0.874162
0.903427 -68.0309 0.874312
0.903577  -68.018 0.874462
0.903727 -68.0052 0.874462
0.903877 -67.9923 0.874612
0.904027 -67.9795 0.874762
0.904177 -67.9667 0.874912
0.904327 -67.9538 0.875063
0.904477  -67.941 0.875213
0.904627 -67.9282 0.875363
0.904777 -67.9154 0.875363
0.904927 -67.9026 0.875513
0.905078 -67.8898 0.875663
0.905228  -67.877 0.875813
0.905378 -67.8642 0.875963
0.905528 -67.8515 0.876113
0.905678 -67.8387 0.876263
0.905828 -67.8259 0.876413
0.905978 -67.8132 0.876413
0.906128 -67.8004 0.876563
0.906278 -67.7877 0.876713
0.906428 -67.7749 0.876863
0.906578 -67.7622 0.877014
0.906728 -67.7495 0.877164
0.906878 -67.7367 0.877314
0.907029  -67.724 0.877314
0.907179 -67.7113 0.877464
0.907329 -67.6986 0.877614
0.907479 -67.6859 0.877764
0.907629 -67.6732 0.877914
0.907779 -67.6605 0.878064
0.907929 -67.6478 0.878214
0.908079 -67.6351 0.878214
0.908229 -67.6225 0.878364
0.908379 -67.6098 0.878514
0.908529 -67.5971 0.878664
0.908679 -67.5845 0.878814
0.908829 -67.5718 0.878964
0.908979 -67.5592 0.879115
 0.90913 -67.5466 0.879115
 0.90928 -67.5339 0.879265
 0.90943 -67.5213 0.879415
 0.90958 -67.5087 0.879565
 0.90973 -67.4961 0.879715
 0.90988 -67.4835 0.879865
 0.91003 -67.4709 0.880015
 0.91018 -67.4583 0.880015
 0.91033 -67.4457 0.880165
 0.91048 -67.4331 0.880315
 0.91063 -67.4205 0.880465
 0.91078 -67.4079 0.880615
 0.91093 -67.3953 0.880765
0.911081 -67.3828 0.880915
0.911231 -67.3702 0.881066
0.911381 -67.3577 0.881066
0.911531 -67.3451 0.881216
0.911681 -67.3326 0.881366
0.911831   -67.32 0.881516
0.911981 -67.3075 0.881666
0.912131  -67.295 0.881816
0.912281 -67.2824 0.881966
0.912431 -67.2699 0.882116
0.912581 -67.2574 0.882116
0.912731 -67.2449 0.882266
0.912881 -67.2324 0.882416
0.913032 -67.2199 0.882566
0.913182 -67.2074 0.882716
0.913332 -67.1949 0.882866
0.913482 -67.1825 0.883017
0.913632   -67.17 0.883167
0.913782 -67.1575 0.883167
0.913932 -67.1451 0.883317
0.914082 -67.1326 0.883467
0.914232 -67.1201 0.883617
0.914382 -67.1077 0.883767
0.914532 -67.0952 0.883917
0.914682 -67.0828 0.884067
0.914832 -67.0704 0.884217
0.914982  -67.058 0.884217
0.915133 -67.0455 0.884367
0.915283 -67.0331 0.884517
0.915433 -67.0207 0.884667
0.915583 -67.0083 0.884817
0.915733 -66.9959 0.884967
0.915883 -66.9835 0.885118
0.916033 -66.9711 0.885268
0.916183 -66.9587 0.885268
0.916333 -66.9463 0.885418
0.916483  -66.934 0.885568
0.916633 -66.9216 0.885718
0.916783 -66.9092 0.885868
0.916933 -66.8969 0.886018
0.917084 -66.8845 0.886168
0.917234 -66.8722 0.886318
0.917384 -66.8598 0.886318
0.917534 -66.8475 0.886468
0.917684 -66.8351 0.886618
0.917834 -66.8228 0.886768
0.917984 -66.8105 0.886918
0.918134 -66.7982 0.887069
0.918284 -66.7859 0.887219
0.918434 -66.7735 0.887369
0.918584 -66.7612 0.887369
0.918734 -66.7489 0.887519
0.918884 -66.7367 0.887669
0.919035 -66.7244 0.887819
0.919185 -66.7121 0.887969
0.919335 -66.6998 0.888119
0.919485 -66.6875 0.888269
0.919635 -66.6753 0.888419
0.919785  -66.663 0.888569
0.919935 -66.6507 0.888569
0.920085 -66.6385 0.888719
0.920235 -66.6262 0.888869
0.920385  -66.614  0.88902
0.920535 -66.6018  0.88917
0.920685 -66.5895  0.88932
0.920835 -66.5773  0.88947
0.920985 -66.5651  0.88962
0.921136 -66.5529  0.88962
0.921286 -66.5406  0.88977
0.921436 -66.5284  0.88992
0.921586 -66.5162  0.89007
0.921736  -66.504  0.89022
0.921886 -66.4918  0.89037
0.922036 -66.4796  0.89052
0.922186 -66.4675  0.89067
0.922336 -66.4553  0.89082
0.922486 -66.4431  0.89082
0.922636 -66.4309  0.89097
0.922786 -66.4188 0.891121
0.922936 -66.4066 0.891271
0.923087 -66.3945 0.891421
0.923237 -66.3823 0.891571
0.923387 -66.3702 0.891721
0.923537  -66.358 0.891871
0.923687 -66.3459 0.892021
0.923837 -66.3338 0.892021
0.923987 -66.3217 0.892171
0.924137 -66.3095 0.892321
0.924287 -66.2974 0.892471
0.924437 -66.2853 0.892621
0.924587 -66.2732 0.892771
0.924737 -66.2611 0.892921
0.924887  -66.249 0.893072
0.925038 -66.2369 0.893072
0.925188 -66.2248 0.893222
0.925338 -66.2127 0.893372
0.925488 -66.2007 0.893522
0.925638 -66.1886 0.893672
0.925788 -66.1765 0.893822
0.925938 -66.1645 0.893972
0.926088 -66.1524 0.894122
0.926238 -66.1404 0.894272
0.926388 -66.1283 0.894272
0.926538 -66.1163 0.894422
0.926688 -66.1042 0.894572
0.926838 -66.0922 0.894722
0.926988 -66.0802 0.894872
0.927139 -66.0682 0.895023
0.927289 -66.0561 0.895173
0.927439 -66.0441 0.895323
0.927589 -66.0321 0.895473
0.927739 -66.0201 0.895473
0.927889 -66.0081 0.895623
0.928039 -65.9961 0.895773
0.928189 -65.9841 0.895923
0.928339 -65.9721 0.896073
0.928489 -65.9602 0.896223
0.928639 -65.9482 0.896373
0.928789 -65.9362 0.896523
0.928939 -65.9242 0.896673
 0.92909 -65.9123 0.896823
 0.92924 -65.9003 0.896823
 0.92939 -65.8884 0.896973
 0.92954 -65.8764 0.897124
 0.92969 -65.8645 0.897274
 0.92984 -65.8525 0.897424
 0.92999 -65.8406 0.897574
 0.93014 -65.8287 0.897724
 0.93029 -65.8168 0.897874
 0.93044 -65.8048 0.898024
 0.93059 -65.7929 0.898024
 0.93074  -65.781 0.898174
 0.93089 -65.7691 0.898324
0.931041 -65.7572 0.898474
0.931191 -65.7453 0.898624
0.931341 -65.7334 0.898774
0.931491 -65.7215 0.898924
0.931641 -65.7096 0.899075
0.931791 -65.6978 0.899225
0.931941 -65.6859 0.899225
0.932091  -65.674 0.899375
0.932241 -65.6622 0.899525
0.932391 -65.6503 0.899675
0.932541 -65.6384 0.899825
0.932691 -65.6266 0.899975
0.932841 -65.6147 0.900125
0.932991 -65.6029 0.900275
0.933142 -65.5911 0.900425
0.933292 -65.5792 0.900575
0.933442 -65.5674 0.900575
0.933592 -65.5556 0.900725
0.933742 -65.5438 0.900875
0.933892 -65.5319 0.901026
0.934042 -65.5201 0.901176
0.934192 -65.5083 0.901326
0.934342 -65.4965 0.901476
0.934492 -65.4847 0.901626
0.934642 -65.4729 0.901776
0.934792 -65.4611 0.901926
0.934942 -65.4493 0.902076
0.935093 -65.4376 0.902076
0.935243 -65.4258 0.902226
0.935393  -65.414 0.902376
0.935543 -65.4022 0.902526
0.935693 -65.3905 0.902676
0.935843 -65.3787 0.902826
0.935993 -65.3669 0.902976
0.936143 -65.3552 0.903127
0.936293 -65.3434 0.903277
0.936443 -65.3317 0.903427
0.936593   -65.32 0.903577
0.936743 -65.3082 0.903577
0.936893 -65.2965 0.903727
0.937044 -65.2848 0.903877
0.937194  -65.273 0.904027
0.937344 -65.2613 0.904177
0.937494 -65.2496 0.904327
0.937644 -65.2379 0.904477
0.937794 -65.2262 0.904627
0.937944 -65.2145 0.904777
0.938094 -65.2028 0.904927
0.938244 -65.1911 0.905078
0.938394 -65.1794 0.905078
0.938544 -65.1677 0.905228
0.938694  -65.156 0.905378
0.938844 -65.1443 0.905528
0.938994 -65.1327 0.905678
0.939145  -65.121 0.905828
0.939295 -65.1093 0.905978
0.939445 -65.0977 0.906128
0.939595  -65.086 0.906278
0.939745 -65.0744 0.906428
0.939895 -65.0627 0.906578
0.940045 -65.0511 0.906578
0.940195 -65.0394 0.906728
0.940345 -65.0278 0.906878
0.940495 -65.0161 0.907029
0.940645 -65.0045 0.907179
0.940795 -64.9929 0.907329
0.940945 -64.9813 0.907479
0.941096 -64.9696 0.907629
0.941246  -64.958 0.907779
0.941396 -64.9464 0.907929
0.941546 -64.9348 0.908079
0.941696 -64.9232 0.908079
0.941846 -64.9116 0.908229
0.941996    -64.9 0.908379
0.942146 -64.8884 0.908529
0.942296 -64.8769 0.908679
0.942446 -64.8653 0.908829
0.942596 -64.8537 0.908979
0.942746 -64.8421  0.90913
0.942896 -64.8306  0.90928
0.943047  -64.819  0.90943
0.943197 -64.8074  0.90958
0.943347 -64.7959  0.90958
0.943497 -64.7843  0.90973
0.943647 -64.7728  0.90988
0.943797 -64.7612  0.91003
0.943947 -64.7497  0.91018
0.944097 -64.7382  0.91033
0.944247 -64.7266  0.91048
0.944397 -64.7151  0.91063
0.944547 -64.7036  0.91078
0.944697  -64.692  0.91093
0.944847 -64.6805 0.911081
0.944997  -64.669 0.911231
0.945148 -64.6575 0.911231
0.945298  -64.646 0.911381
0.945448 -64.6345 0.911531
0.945598  -64.623 0.911681
0.945748 -64.6115 0.911831
0.945898    -64.6 0.911981
0.946048 -64.5885 0.912131
0.946198 -64.5771 0.912281
0.946348 -64.5656 0.912431
0.946498 -64.5541 0.912581
0.946648 -64.5426 0.912731
0.946798 -64.5312 0.912881
0.946948 -64.5197 0.912881
0.947099 -64.5083 0.913032
0.947249 -64.4968 0.913182
0.947399 -64.4853 0.913332
0.947549 -64.4739 0.913482
0.947699 -64.4625 0.913632
0.947849  -64.451 0.913782
0.947999 -64.4396 0.913932
0.948149 -64.4282 0.914082
0.948299 -64.4167 0.914232
0.948449 -64.4053 0.914382
0.948599 -64.3939 0.914532
0.948749 -64.3825 0.914682
0.948899 -64.3711 0.914682
 0.94905 -64.3597 0.914832
  0.9492 -64.3482 0.914982
 0.94935 -64.3368 0.915133
  0.9495 -64.3254 0.915283
 0.94965 -64.3141 0.915433
  0.9498 -64.3027 0.915583
 0.94995 -64.2913 0.915733
  0.9501 -64.2799 0.915883
 0.95025 -64.2685 0.916033
  0.9504 -64.2572 0.916183
 0.95055 -64.2458 0.916333
  0.9507 -64.2344 0.916333
 0.95085 -64.2231 0.916483
0.951001 -64.2117 0.916633
0.951151 -64.2003 0.916783
0.951301  -64.189 0.916933
0.951451 -64.1776 0.917084
0.951601 -64.1663 0.917234
0.951751  -64.155 0.917384
0.951901 -64.1436 0.917534
0.952051 -64.1323 0.917684
0.952201  -64.121 0.917834
0.952351 -64.1096 0.917984
0.952501 -64.0983 0.917984
0.952651  -64.087 0.918134
0.952801 -64.0757 0.918284
0.952951 -64.0644 0.918434
0.953102 -64.0531 0.918584
0.953252 -64.0418 0.918734
0.953402 -64.0305 0.918884
0.953552 -64.0192 0.919035
0.953702 -64.0079 0.919185
0.953852 -63.9966 0.919335
0.954002 -63.9853 0.919485
0.954152  -63.974 0.919635
0.954302 -63.9628 0.919785
0.954452 -63.9515 0.919785
0.954602 -63.9402 0.919935
0.954752  -63.929 0.920085
0.954902 -63.9177 0.920235
0.955053 -63.9064 0.920385
0.955203 -63.8952 0.920535
0.955353 -63.8839 0.920685
0.955503 -63.8727 0.920835
0.955653 -63.8614 0.920985
0.955803 -63.8502 0.921136
0.955953  -63.839 0.921286
0.956103 -63.8277 0.921436
0.956253 -63.8165 0.921436
0.956403 -63.8053 0.921586
0.956553 -63.7941 0.921736
0.956703 -63.7829 0.921886
0.956853 -63.7716 0.922036
0.957004 -63.7604 0.922186
0.957154 -63.7492 0.922336
0.957304  -63.738 0.922486
0.957454 -63.7268 0.922636
0.957604 -63.7156 0.922786
0.957754 -63.7044 0.922936
0.957904 -63.6933 0.923087
0.958054 -63.6821 0.923237
0.958204 -63.6709 0.923237
0.958354 -63.6597 0.923387
0.958504 -63.6485 0.923537
0.958654 -63.6374 0.923687
0.958804 -63.6262 0.923837
0.958954  -63.615 0.923987
0.959105 -63.6039 0.924137
0.959255 -63.5927 0.924287
0.959405 -63.5816 0.924437
0.959555 -63.5704 0.924587
0.959705 -63.5593 0.924737
0.959855 -63.5482 0.924887
0.960005  -63.537 0.925038
0.960155 -63.5259 0.925038
0.960305 -63.5148 0.925188
0.960455 -63.5036 0.925338
0.960605 -63.4925 0.925488
0.960755 -63.4814 0.925638
0.960905 -63.4703 0.925788
0.961056 -63.4592 0.925938
0.961206 -63.4481 0.926088
0.961356  -63.437 0.926238
0.961506 -63.4259 0.926388
0.961656 -63.4148 0.926538
0.961806 -63.4037 0.926688
0.961956 -63.3926 0.926838
0.962106 -63.3815 0.926838
0.962256 -63.3704 0.926988
0.962406 -63.3593 0.927139
0.962556 -63.3483 0.927289
0.962706 -63.3372 0.927439
0.962856 -63.3261 0.927589
0.963007 -63.3151 0.927739
0.963157  -63.304 0.927889
0.963307 -63.2929 0.928039
0.963457 -63.2819 0.928189
0.963607 -63.2708 0.928339
0.963757 -63.2598 0.928489
0.963907 -63.2487 0.928639
0.964057 -63.2377 0.928639
0.964207 -63.2267 0.928789
0.964357 -63.2156 0.928939
0.964507 -63.2046  0.92909
0.964657 -63.1936  0.92924
0.964807 -63.1826  0.92939
0.964957 -63.1715  0.92954
0.965108 -63.1605  0.92969
0.965258 -63.1495  0.92984
0.965408 -63.1385  0.92999
0.965558 -63.1275  0.93014
0.965708 -63.1165  0.93029
0.965858 -63.1055  0.93044
0.966008 -63.0945  0.93059
0.966158 -63.0835  0.93059
0.966308 -63.0725  0.93074
0.966458 -63.0616  0.93089
0.966608 -63.0506 0.931041
0.966758 -63.0396 0.931191
0.966908 -63.0286 0.931341
0.967059 -63.0177 0.931491
0.967209 -63.0067 0.931641
0.967359 -62.9957 0.931791
0.967509 -62.9848 0.931941
0.967659 -62.9738 0.932091
0.967809 -62.9629 0.932241
0.967959 -62.9519 0.932391
0.968109  -62.941 0.932391
0.968259   -62.93 0.932541
0.968409 -62.9191 0.932691
0.968559 -62.9082 0.932841
0.968709 -62.8972 0.932991
0.968859 -62.8863 0.933142
 0.96901 -62.8754 0.933292
 0.96916 -62.8645 0.933442
 0.96931 -62.8535 0.933592
 0.96946 -62.8426 0.933742
 0.96961 -62.8317 0.933892
 0.96976 -62.8208 0.934042
 0.96991 -62.8099 0.934192
 0.97006  -62.799 0.934342
 0.97021 -62.7881 0.934342
 0.97036 -62.7772 0.934492
 0.97051 -62.7663 0.934642
 0.97066 -62.7554 0.934792
 0.97081 -62.7445 0.934942
 0.97096 -62.7337 0.935093
0.971111 -62.7228 0.935243
0.971261 -62.7119 0.935393
0.971411  -62.701 0.935543
0.971561 -62.6902 0.935693
0.971711 -62.6793 0.935843
0.971861 -62.6685 0.935993
0.972011 -62.6576 0.936143
0.972161 -62.6468 0.936293
0.972311 -62.6359 0.936293
0.972461 -62.6251 0.936443
0.972611 -62.6142 0.936593
0.972761 -62.6034 0.936743
0.972911 -62.5925 0.936893
0.973062 -62.5817 0.937044
0.973212 -62.5709 0.937194
0.973362   -62.56 0.937344
0.973512 -62.5492 0.937494
0.973662 -62.5384 0.937644
0.973812 -62.5276 0.937794
0.973962 -62.5168 0.937944
0.974112  -62.506 0.938094
0.974262 -62.4952 0.938244
0.974412 -62.4844 0.938244
0.974562 -62.4736 0.938394
0.974712 -62.4628 0.938544
0.974862  -62.452 0.938694
0.975013 -62.4412 0.938844
0.975163 -62.4304 0.938994
0.975313 -62.4196 0.939145
0.975463 -62.4088 0.939295
0.975613 -62.3981 0.939445
0.975763 -62.3873 0.939595
0.975913 -62.3765 0.939745
0.976063 -62.3658 0.939895
0.976213  -62.355 0.940045
0.976363 -62.3442 0.940195
0.976513 -62.3335 0.940195
0.976663 -62.3227 0.940345
0.976813  -62.312 0.940495
0.976963 -62.3012 0.940645
0.977114 -62.2905 0.940795
0.977264 -62.2797 0.940945
0.977414  -62.269 0.941096
0.977564 -62.2583 0.941246
0.977714 -62.2475 0.941396
0.977864 -62.2368 0.941546
0.978014 -62.2261 0.941696
0.978164 -62.2154 0.941846
0.978314 -62.2047 0.941996
0.978464 -62.1939 0.942146
0.978614 -62.1832 0.942296
0.978764 -62.1725 0.942296
0.978914 -62.1618 0.942446
0.979065 -62.1511 0.942596
0.979215 -62.1404 0.942746
0.979365 -62.1297 0.942896
0.979515  -62.119 0.943047
0.979665 -62.1084 0.943197
0.979815 -62.0977 0.943347
0.979965  -62.087 0.943497
0.980115 -62.0763 0.943647
0.980265 -62.0656 0.943797
0.980415  -62.055 0.943947
0.980565 -62.0443 0.944097
0.980715 -62.0336 0.944247
0.980865  -62.023 0.944247
0.981016 -62.0123 0.944397
0.981166 -62.0017 0.944547
0.981316  -61.991 0.944697
0.981466 -61.9804 0.944847
0.981616 -61.9697 0.944997
0.981766 -61.9591 0.945148
0.981916 -61.9484 0.945298
0.982066 -61.9378 0.945448
0.982216 -61.9272 0.945598
0.982366 -61.9166 0.945748
0.982516 -61.9059 0.945898
0.982666 -61.8953 0.946048
0.982816 -61.8847 0.946198
0.982966 -61.8741 0.946348
0.983117 -61.8635 0.946348
0.983267 -61.8529 0.946498
0.983417 -61.8422 0.946648
0.983567 -61.8316 0.946798
0.983717  -61.821 0.946948
0.983867 -61.8104 0.947099
0.984017 -61.7999 0.947249
0.984167 -61.7893 0.947399
0.984317 -61.7787 0.947549
0.984467 -61.7681 0.947699
0.984617 -61.7575 0.947849
0.984767 -61.7469 0.947999
0.984917 -61.7364 0.948149
0.985068 -61.7258 0.948299
0.985218 -61.7152 0.948299
0.985368 -61.7047 0.948449
0.985518 -61.6941 0.948599
0.985668 -61.6835 0.948749
0.985818  -61.673 0.948899
0.985968 -61.6624  0.94905
0.986118 -61.6519   0.9492
0.986268 -61.6413  0.94935
0.986418 -61.6308   0.9495
0.986568 -61.6203  0.94965
0.986718 -61.6097   0.9498
0.986868 -61.5992  0.94995
0.987019 -61.5887   0.9501
0.987169 -61.5781  0.95025
0.987319 -61.5676   0.9504
0.987469 -61.5571   0.9504
0.987619 -61.5466  0.95055
0.987769 -61.5361   0.9507
0.987919 -61.5256  0.95085
0.988069  -61.515 0.951001
0.988219 -61.5045 0.951151
0.988369  -61.494 0.951301
0.988519 -61.4835 0.951451
0.988669  -61.473 0.951601
0.988819 -61.4626 0.951751
0.988969 -61.4521 0.951901
 0.98912 -61.4416 0.952051
 0.98927 -61.4311 0.952201
 0.98942 -61.4206 0.952351
 0.98957 -61.4101 0.952501
 0.98972 -61.3997 0.952501
 0.98987 -61.3892 0.952651
 0.99002 -61.3787 0.952801
 0.99017 -61.3683 0.952951
 0.99032 -61.3578 0.953102
 0.99047 -61.3474 0.953252
 0.99062 -61.3369 0.953402
 0.99077 -61.3264 0.953552
 0.99092  -61.316 0.953702
0.991071 -61.3056 0.953852
0.991221 -61.2951 0.954002
0.991371 -61.2847 0.954152
0.991521 -61.2742 0.954302
0.991671 -61.2638 0.954452
0.991821 -61.2534 0.954602
0.991971  -61.243 0.954602
0.992121 -61.2325 0.954752
0.992271 -61.2221 0.954902
0.992421 -61.2117 0.955053
0.992571 -61.2013 0.955203
0.992721 -61.1909 0.955353
0.992871 -61.1805 0.955503
0.993022 -61.1701 0.955653
0.993172 -61.1596 0.955803
0.993322 -61.1493 0.955953
0.993472 -61.1389 0.956103
0.993622 -61.1285 0.956253
0.993772 -61.1181 0.956403
0.993922 -61.1077 0.956553
0.994072 -61.0973 0.956703
0.994222 -61.0869 0.956703
0.994372 -61.0766 0.956853
0.994522 -61.0662 0.957004
0.994672 -61.0558 0.957154
0.994822 -61.0454 0.957304
0.994972 -61.0351 0.957454
0.995123 -61.0247 0.957604
0.995273 -61.0144 0.957754
0.995423  -61.004 0.957904
0.995573 -60.9936 0.958054
0.995723 -60.9833 0.958204
0.995873 -60.9729 0.958354
0.996023 -60.9626 0.958504
0.996173 -60.9523 0.958654
0.996323 -60.9419 0.958804
0.996473 -60.9316 0.958804
0.996623 -60.9213 0.958954
0.996773 -60.9109 0.959105
0.996923 -60.9006 0.959255
0.997074 -60.8903 0.959405
0.997224   -60.88 0.959555
0.997374 -60.8697 0.959705
0.997524 -60.8593 0.959855
0.997674  -60.849 0.960005
0.997824 -60.8387 0.960155
0.997974 -60.8284 0.960305
0.998124 -60.8181 0.960455
0.998274 -60.8078 0.960605
0.998424 -60.7975 0.960755
0.998574 -60.7872 0.960905
0.998724  -60.777 0.961056
0.998874 -60.7667 0.961056
0.999025 -60.7564 0.961206
0.999175 -60.7461 0.961356
0.999325 -60.7358 0.961506
0.999475 -60.7256 0.961656
0.999625 -60.7153 0.961806
0.999775  -60.705 0.961956
0.999925 -60.6948 0.962106
 1.00008 -60.6845 0.962256
 1.00023 -60.6742 0.962406
 1.00038  -60.664 0.962556
 1.00053 -60.6537 0.962706
 1.00068 -60.6435 0.962856
 1.00083 -60.6332 0.963007
 1.00098  -60.623 0.963157
 1.00113 -60.6127 0.963157
 1.00128 -60.6025 0.963307
 1.00143 -60.5923 0.963457
 1.00158  -60.582 0.963607
 1.00173 -60.5718 0.963757
 1.00188 -60.5616 0.963907
 1.00203 -60.5514 0.964057
 1.00218 -60.5411 0.964207
 1.00233 -60.5309 0.964357
 1.00248 -60.5207 0.964507
 1.00263 -60.5105 0.964657
 1.00278 -60.5003 0.964807
 1.00293 -60.4901 0.964957
 1.00308 -60.4799 0.965108
 1.00323 -60.4697 0.965258
 1.00338 -60.4595 0.965258
 1.00353 -60.4493 0.965408
 1.00368 -60.4391 0.965558
 1.00383 -60.4289 0.965708
 1.00398 -60.4187 0.965858
 1.00413 -60.4086 0.966008
 1.00428 -60.3984 0.966158
 1.00443 -60.3882 0.966308
 1.00458  -60.378 0.966458
 1.00473 -60.3679 0.966608
 1.00488 -60.3577 0.966758
 1.00503 -60.3475 0.966908
 1.00518 -60.3374 0.967059
 1.00533 -60.3272 0.967209
 1.00548 -60.3171 0.967359
 1.00563 -60.3069 0.967509
 1.00578 -60.2968 0.967509
 1.00593 -60.2866 0.967659
 1.00608 -60.2765 0.967809
 1.00623 -60.2664 0.967959
 1.00638 -60.2562 0.968109
 1.00653 -60.2461 0.968259
 1.00668  -60.236 0.968409
 1.00683 -60.2258 0.968559
 1.00698 -60.2157 0.968709
 1.00713 -60.2056 0.968859
 1.00728 -60.1955  0.96901
 1.00743 -60.1853  0.96916
 1.00758 -60.1752  0.96931
 1.00773 -60.1651  0.96946
 1.00788  -60.155  0.96961
 1.00803 -60.1449  0.96976
 1.00818 -60.1348  0.96976
 1.00833 -60.1247  0.96991
 1.00848 -60.1146  0.97006
 1.00863 -60.1045  0.97021
 1.00878 -60.0944  0.97036
 1.00893 -60.0843  0.97051
 1.00908 -60.0743  0.97066
 1.00923 -60.0642  0.97081
 1.00938 -60.0541  0.97096
 1.00953  -60.044 0.971111
 1.00968  -60.034 0.971261
 1.00983 -60.0239 0.971411
 1.00998 -60.0138 0.971561
 1.01013 -60.0038 0.971711
 1.01028 -59.9937 0.971861
 1.01043 -59.9836 0.971861
 1.01058 -59.9736 0.972011
 1.01073 -59.9635 0.972161
 1.01088 -59.9535 0.972311
 1.01103 -59.9434 0.972461
 1.01118 -59.9334 0.972611
 1.01133 -59.9234 0.972761
 1.01148 -59.9133 0.972911
 1.01163 -59.9033 0.973062
 1.01178 -59.8932 0.973212
 1.01193 -59.8832 0.973362
 1.01208 -59.8732 0.973512
 1.01223 -59.8632 0.973662
 1.01238 -59.8532 0.973812
 1.01253 -59.8431 0.973962
 1.01268 -59.8331 0.974112
 1.01283 -59.8231 0.974112
 1.01298 -59.8131 0.974262
 1.01313 -59.8031 0.974412
 1.01328 -59.7931 0.974562
 1.01343 -59.7831 0.974712
 1.01358 -59.7731 0.974862
 1.01373 -59.7631 0.975013
 1.01388 -59.7531 0.975163
 1.01403 -59.7431 0.975313
 1.01418 -59.7331 0.975463
 1.01433 -59.7232 0.975613
 1.01448 -59.7132 0.975763
 1.01463 -59.7032 0.975913
 1.01478 -59.6932 0.976063
 1.01493 -59.6833 0.976213
 1.01508 -59.6733 0.976363
 1.01523 -59.6633 0.976363
 1.01538 -59.6534 0.976513
 1.01553 -59.6434 0.976663
 1.01568 -59.6334 0.976813
 1.01583 -59.6235 0.976963
 1.01598 -59.6135 0.977114
 1.01613 -59.6036 0.977264
 1.01628 -59.5936 0.977414
 1.01643 -59.5837 0.977564
 1.01658 -59.5738 0.977714
 1.01673 -59.5638 0.977864
 1.01688 -59.5539 0.978014
 1.01703 -59.5439 0.978164
 1.01718  -59.534 0.978314
 1.01733 -59.5241 0.978464
 1.01748 -59.5142 0.978614
 1.01763 -59.5043 0.978614
 1.01778 -59.4943 0.978764
 1.01793 -59.4844 0.978914
 1.01808 -59.4745 0.979065
 1.01823 -59.4646 0.979215
 1.01838 -59.4547 0.979365
 1.01853 -59.4448 0.979515
 1.01868 -59.4349 0.979665
 1.01883  -59.425 0.979815
 1.01898 -59.4151 0.979965
 1.01913 -59.4052 0.980115
 1.01928 -59.3953 0.980265
 1.01943 -59.3854 0.980415
 1.01958 -59.3755 0.980565
 1.01973 -59.3657 0.980715
 1.01988 -59.3558 0.980865
 1.02004 -59.3459 0.980865
 1.02019  -59.336 0.981016
 1.02034 -59.3262 0.981166
 1.02049 -59.3163 0.981316
 1.02064 -59.3064 0.981466
 1.02079 -59.2966 0.981616
 1.02094 -59.2867 0.981766
 1.02109 -59.2769 0.981916
 1.02124  -59.267 0.982066
 1.02139 -59.2572 0.982216
 1.02154 -59.2473 0.982366
 1.02169 -59.2375 0.982516
 1.02184 -59.2276 0.982666
 1.02199 -59.2178 0.982816
 1.02214  -59.208 0.982966
 1.02229 -59.1981 0.983117
 1.02244 -59.1883 0.983117
 1.02259 -59.1785 0.983267
 1.02274 -59.1686 0.983417
 1.02289 -59.1588 0.983567
 1.02304  -59.149 0.983717
 1.02319 -59.1392 0.983867
 1.02334 -59.1294 0.984017
 1.02349 -59.1196 0.984167
 1.02364 -59.1097 0.984317
 1.02379 -59.0999 0.984467
 1.02394 -59.0901 0.984617
 1.02409 -59.0803 0.984767
 1.02424 -59.0705 0.984917
 1.02439 -59.0607 0.985068
 1.02454  -59.051 0.985218
 1.02469 -59.0412 0.985368
 1.02484 -59.0314 0.985368
 1.02499 -59.0216 0.985518
 1.02514 -59.0118 0.985668
 1.02529  -59.002 0.985818
 1.02544 -58.9923 0.985968
 1.02559 -58.9825 0.986118
 1.02574 -58.9727 0.986268
 1.02589  -58.963 0.986418
 1.02604 -58.9532 0.986568
 1.02619 -58.9434 0.986718
 1.02634 -58.9337 0.986868
 1.02649 -58.9239 0.987019
 1.02664 -58.9142 0.987169
 1.02679 -58.9044 0.987319
 1.02694 -58.8947 0.987469
 1.02709 -58.8849 0.987619
 1.02724 -58.8752 0.987619
 1.02739 -58.8654 0.987769
 1.02754 -58.8557 0.987919
 1.02769  -58.846 0.988069
 1.02784 -58.8362 0.988219
 1.02799 -58.8265 0.988369
 1.02814 -58.8168 0.988519
 1.02829 -58.8071 0.988669
 1.02844 -58.7973 0.988819
 1.02859 -58.7876 0.988969
 1.02874 -58.7779  0.98912
 1.02889 -58.7682  0.98927
 1.02904 -58.7585  0.98942
 1.02919 -58.7488  0.98957
 1.02934 -58.7391  0.98972
 1.02949 -58.7294  0.98987
 1.02964 -58.7197  0.98987
 1.02979   -58.71  0.99002
 1.02994 -58.7003  0.99017
 1.03009 -58.6906  0.99032
 1.03024 -58.6809  0.99047
 1.03039 -58.6712  0.99062
 1.03054 -58.6616  0.99077
 1.03069 -58.6519  0.99092
 1.03084 -58.6422 0.991071
 1.03099 -58.6325 0.991221
 1.03114 -58.6229 0.991371
 1.03129 -58.6132 0.991521
 1.03144 -58.6035 0.991671
 1.03159 -58.5939 0.991821
 1.03174 -58.5842 0.991971
 1.03189 -58.5745 0.992121
 1.03204 -58.5649 0.992121
 1.03219 -58.5552 0.992271
 1.03234 -58.5456 0.992421
 1.03249 -58.5359 0.992571
 1.03264 -58.5263 0.992721
 1.03279 -58.5166 0.992871
 1.03294  -58.507 0.993022
 1.03309 -58.4974 0.993172
 1.03324 -58.4877 0.993322
 1.03339 -58.4781 0.993472
 1.03354 -58.4685 0.993622
 1.03369 -58.4589 0.993772
 1.03384 -58.4492 0.993922
 1.03399 -58.4396 0.994072
 1.03414   -58.43 0.994222
 1.03429 -58.4204 0.994372
 1.03444 -58.4108 0.994372
 1.03459 -58.4012 0.994522
 1.03474 -58.3916 0.994672
 1.03489  -58.382 0.994822
 1.03504 -58.3724 0.994972
 1.03519 -58.3628 0.995123
 1.03534 -58.3532 0.995273
 1.03549 -58.3436 0.995423
 1.03564  -58.334 0.995573
 1.03579 -58.3244 0.995723
 1.03594 -58.3148 0.995873
 1.03609 -58.3052 0.996023
 1.03624 -58.2956 0.996173
 1.03639 -58.2861 0.996323
 1.03654 -58.2765 0.996473
 1.03669 -58.2669 0.996623
 1.03684 -58.2574 0.996623
 1.03699 -58.2478 0.996773
 1.03714 -58.2382 0.996923
 1.03729 -58.2287 0.997074
 1.03744 -58.2191 0.997224
 1.03759 -58.2095 0.997374
 1.03774    -58.2 0.997524
 1.03789 -58.1904 0.997674
 1.03804 -58.1809 0.997824
 1.03819 -58.1713 0.997974
 1.03834 -58.1618 0.998124
 1.03849 -58.1523 0.998274
 1.03864 -58.1427 0.998424
 1.03879 -58.1332 0.998574
 1.03894 -58.1237 0.998724
 1.03909 -58.1141 0.998874
 1.03924 -58.1046 0.998874
 1.03939 -58.0951 0.999025
 1.03954 -58.0856 0.999175
 1.03969  -58.076 0.999325
 1.03984 -58.0665 0.999475
 1.03999  -58.057 0.999625
 1.04015 -58.0475 0.999775
  1.0403  -58.038 0.999925
 1.04045 -58.0285  1.00008
  1.0406  -58.019  1.00023
 1.04075 -58.0095  1.00038
  1.0409      -58  1.00053
 1.04105 -57.9905  1.00068
  1.0412  -57.981  1.00083
 1.04135 -57.9715  1.00098
  1.0415  -57.962  1.00113
 1.04165 -57.9525  1.00128
  1.0418 -57.9431  1.00128
 1.04195 -57.9336  1.00143
  1.0421 -57.9241  1.00158
 1.04225 -57.9146  1.00173
  1.0424 -57.9052  1.00188
 1.04255 -57.8957  1.00203
  1.0427 -57.8862  1.00218
 1.04285 -57.8768  1.00233
   1.043 -57.8673  1.00248
 1.04315 -57.8578  1.00263
  1.0433 -57.8484  1.00278
 1.04345 -57.8389  1.00293
  1.0436 -57.8295  1.00308
 1.04375   -57.82  1.00323
  1.0439 -57.8106  1.00338
 1.04405 -57.8012  1.00353
  1.0442 -57.7917  1.00353
 1.04435 -57.7823  1.00368
  1.0445 -57.7728  1.00383
 1.04465 -57.7634  1.00398
  1.0448  -57.754  1.00413
 1.04495 -57.7446  1.00428
  1.0451 -57.7351  1.00443
 1.04525 -57.7257  1.00458
  1.0454 -57.7163  1.00473
 1.04555 -57.7069  1.00488
  1.0457 -57.6975  1.00503
 1.04585 -57.6881  1.00518
   1.046 -57.6786  1.00533
 1.04615 -57.6692  1.00548
  1.0463 -57.6598  1.00563
 1.04645 -57.6504  1.00578
  1.0466  -57.641  1.00578
 1.04675 -57.6316  1.00593
  1.0469 -57.6223  1.00608
 1.04705 -57.6129  1.00623
  1.0472 -57.6035  1.00638
 1.04735 -57.5941  1.00653
  1.0475 -57.5847  1.00668
 1.04765 -57.5753  1.00683
  1.0478 -57.5659  1.00698
 1.04795 -57.5566  1.00713
  1.0481 -57.5472  1.00728
 1.04825 -57.5378  1.00743
  1.0484 -57.5285  1.00758
 1.04855 -57.5191  1.00773
  1.0487 -57.5097  1.00788
 1.04885 -57.5004  1.00803
   1.049  -57.491  1.00818
 1.04915 -57.4817  1.00818
  1.0493 -57.4723  1.00833
 1.04945  -57.463  1.00848
  1.0496 -57.4536  1.00863
 1.04975 -57.4443  1.00878
  1.0499 -57.4349  1.00893
 1.05005 -57.4256  1.00908
  1.0502 -57.4163  1.00923
 1.05035 -57.4069  1.00938
  1.0505 -57.3976  1.00953
 1.05065 -57.3883  1.00968
  1.0508 -57.3789  1.00983
 1.05095 -57.3696  1.00998
  1.0511 -57.3603  1.01013
 1.05125  -57.351  1.01028
  1.0514 -57.3417  1.01043
 1.05155 -57.3324  1.01043
  1.0517  -57.323  1.01058
 1.05185 -57.3137  1.01073
   1.052 -57.3044  1.01088
 1.05215 -57.2951  1.01103
  1.0523 -57.2858  1.01118
 1.05245 -57.2765  1.01133
  1.0526 -57.2672  1.01148
 1.05275 -57.2579  1.01163
  1.0529 -57.2487  1.01178
 1.05305 -57.2394  1.01193
  1.0532 -57.2301  1.01208
 1.05335 -57.2208  1.01223
  1.0535 -57.2115  1.01238
 1.05365 -57.2022  1.01253
  1.0538  -57.193  1.01268
 1.05395 -57.1837  1.01268
  1.0541 -57.1744  1.01283
 1.05425 -57.1652  1.01298
  1.0544 -57.1559  1.01313
 1.05455 -57.1466  1.01328
  1.0547 -57.1374  1.01343
 1.05485 -57.1281  1.01358
   1.055 -57.1189  1.01373
 1.05515 -57.1096  1.01388
  1.0553 -57.1004  1.01403
 1.05545 -57.0911  1.01418
  1.0556 -57.0819  1.01433
 1.05575 -57.0726  1.01448
  1.0559 -57.0634  1.01463
 1.05605 -57.0542  1.01478
  1.0562 -57.0449  1.01493
 1.05635 -57.0357  1.01493
  1.0565 -57.0265  1.01508
 1.05665 -57.0172  1.01523
  1.0568  -57.008  1.01538
 1.05695 -56.9988  1.01553
  1.0571 -56.9896  1.01568
 1.05725 -56.9804  1.01583
  1.0574 -56.9711  1.01598
 1.05755 -56.9619  1.01613
  1.0577 -56.9527  1.01628
 1.05785 -56.9435  1.01643
   1.058 -56.9343  1.01658
 1.05815 -56.9251  1.01673
  1.0583 -56.9159  1.01688
 1.05845 -56.9067  1.01703
  1.0586 -56.8975  1.01718
 1.05875 -56.8883  1.01718
  1.0589 -56.8791  1.01733
 1.05905   -56.87  1.01748
  1.0592 -56.8608  1.01763
 1.05935 -56.8516  1.01778
  1.0595 -56.8424  1.01793
 1.05965 -56.8332  1.01808
  1.0598 -56.8241  1.01823
 1.05995 -56.8149  1.01838
 1.06011 -56.8057  1.01853
 1.06026 -56.7966  1.01868
 1.06041 -56.7874  1.01883
 1.06056 -56.7782  1.01898
 1.06071 -56.7691  1.01913
 1.06086 -56.7599  1.01928
 1.06101 -56.7508  1.01943
 1.06116 -56.7416  1.01958
 1.06131 -56.7325  1.01958
 1.06146 -56.7233  1.01973
 1.06161 -56.7142  1.01988
 1.06176  -56.705  1.02004
 1.06191 -56.6959  1.02019
 1.06206 -56.6868  1.02034
 1.06221 -56.6776  1.02049
 1.06236 -56.6685  1.02064
 1.06251 -56.6594  1.02079
 1.06266 -56.6502  1.02094
 1.06281 -56.6411  1.02109
 1.06296  -56.632  1.02124
 1.06311 -56.6229  1.02139
 1.06326 -56.6138  1.02154
 1.06341 -56.6046  1.02169
 1.06356 -56.5955  1.02184
 1.06371 -56.5864  1.02184
 1.06386 -56.5773  1.02199
 1.06401 -56.5682  1.02214
 1.06416 -56.5591  1.02229
 1.06431   -56.55  1.02244
 1.06446 -56.5409  1.02259
 1.06461 -56.5318  1.02274
 1.06476 -56.5227  1.02289
 1.06491 -56.5136  1.02304
 1.06506 -56.5046  1.02319
 1.06521 -56.4955  1.02334
 1.06536 -56.4864  1.02349
 1.06551 -56.4773  1.02364
 1.06566 -56.4682  1.02379
 1.06581 -56.4592  1.02394
 1.06596 -56.4501  1.02409
 1.06611  -56.441  1.02409
 1.06626 -56.4319  1.02424
 1.06641 -56.4229  1.02439
 1.06656 -56.4138  1.02454
 1.06671 -56.4048  1.02469
 1.06686 -56.3957  1.02484
 1.06701 -56.3867  1.02499
 1.06716 -56.3776  1.02514
 1.06731 -56.3686  1.02529
 1.06746 -56.3595  1.02544
 1.06761 -56.3505  1.02559
 1.06776 -56.3414  1.02574
 1.06791 -56.3324  1.02589
 1.06806 -56.3233  1.02604
 1.06821 -56.3143  1.02619
 1.06836 -56.3053  1.02634
 1.06851 -56.2962  1.02634
 1.06866 -56.2872  1.02649
 1.06881 -56.2782  1.02664
 1.06896 -56.2692  1.02679
 1.06911 -56.2601  1.02694
 1.06926 -56.2511  1.02709
 1.06941 -56.2421  1.02724
 1.06956 -56.2331  1.02739
 1.06971 -56.2241  1.02754
 1.06986 -56.2151  1.02769
 1.07001 -56.2061  1.02784
 1.07016 -56.1971  1.02799
 1.07031 -56.1881  1.02814
 1.07046 -56.1791  1.02829
 1.07061 -56.1701  1.02844
 1.07076 -56.1611  1.02859
 1.07091 -56.1521  1.02859
 1.07106 -56.1431  1.02874
 1.07121 -56.1341  1.02889
 1.07136 -56.1251  1.02904
 1.07151 -56.1162  1.02919
 1.07166 -56.1072  1.02934
 1.07181 -56.0982  1.02949
 1.07196 -56.0892  1.02964
 1.07211 -56.0803  1.02979
 1.07226 -56.0713  1.02994
 1.07241 -56.0623  1.03009
 1.07256 -56.0534  1.03024
 1.07271 -56.0444  1.03039
 1.07286 -56.0354  1.03054
 1.07301 -56.0265  1.03069
 1.07316 -56.0175  1.03084
 1.07331 -56.0086  1.03099
 1.07346 -55.9996  1.03099
 1.07361 -55.9907  1.03114
 1.07376 -55.9817  1.03129
 1.07391 -55.9728  1.03144
 1.07406 -55.9639  1.03159
 1.07421 -55.9549  1.03174
 1.07436  -55.946  1.03189
 1.07451 -55.9371  1.03204
 1.07466 -55.9281  1.03219
 1.07481 -55.9192  1.03234
 1.07496 -55.9103  1.03249
 1.07511 -55.9014  1.03264
 1.07526 -55.8924  1.03279
 1.07541 -55.8835  1.03294
 1.07556 -55.8746  1.03309
 1.07571 -55.8657  1.03324
 1.07586 -55.8568  1.03324
 1.07601 -55.8479  1.03339
 1.07616  -55.839  1.03354
 1.07631 -55.8301  1.03369
 1.07646 -55.8212  1.03384
 1.07661 -55.8123  1.03399
 1.07676 -55.8034  1.03414
 1.07691 -55.7945  1.03429
 1.07706 -55.7856  1.03444
 1.07721 -55.7767  1.03459
 1.07736 -55.7678  1.03474
 1.07751 -55.7589  1.03489
 1.07766   -55.75  1.03504
 1.07781 -55.7412  1.03519
 1.07796 -55.7323  1.03534
 1.07811 -55.7234  1.03534
 1.07826 -55.7145  1.03549
 1.07841 -55.7057  1.03564
 1.07856 -55.6968  1.03579
 1.07871 -55.6879  1.03594
 1.07886 -55.6791  1.03609
 1.07901 -55.6702  1.03624
 1.07916 -55.6614  1.03639
 1.07931 -55.6525  1.03654
 1.07946 -55.6436  1.03669
 1.07961 -55.6348  1.03684
 1.07976 -55.6259  1.03699
 1.07991 -55.6171  1.03714
 1.08007 -55.6083  1.03729
 1.08022 -55.5994  1.03744
 1.08037 -55.5906  1.03759
 1.08052 -55.5817  1.03774
 1.08067 -55.5729  1.03774
 1.08082 -55.5641  1.03789
 1.08097 -55.5553  1.03804
 1.08112 -55.5464  1.03819
 1.08127 -55.5376  1.03834
 1.08142 -55.5288  1.03849
 1.08157   -55.52  1.03864
 1.08172 -55.5111  1.03879
 1.08187 -55.5023  1.03894
 1.08202 -55.4935  1.03909
 1.08217 -55.4847  1.03924
 1.08232 -55.4759  1.03939
 1.08247 -55.4671  1.03954
 1.08262 -55.4583  1.03969
 1.08277 -55.4495  1.03984
 1.08292 -55.4407  1.03999
 1.08307 -55.4319  1.03999
 1.08322 -55.4231  1.04015
 1.08337 -55.4143   1.0403
 1.08352 -55.4055  1.04045
 1.08367 -55.3967   1.0406
 1.08382  -55.388  1.04075
 1.08397 -55.3792   1.0409
 1.08412 -55.3704  1.04105
 1.08427 -55.3616   1.0412
 1.08442 -55.3528  1.04135
 1.08457 -55.3441   1.0415
 1.08472 -55.3353  1.04165
 1.08487 -55.3265   1.0418
 1.08502 -55.3178  1.04195
 1.08517  -55.309   1.0421
 1.08532 -55.3003   1.0421
 1.08547 -55.2915  1.04225
 1.08562 -55.2827   1.0424
 1.08577  -55.274  1.04255
 1.08592 -55.2652   1.0427
 1.08607 -55.2565  1.04285
 1.08622 -55.2477    1.043
 1.08637  -55.239  1.04315
 1.08652 -55.2303   1.0433
 1.08667 -55.2215  1.04345
 1.08682 -55.2128   1.0436
 1.08697  -55.204  1.04375
 1.08712 -55.1953   1.0439
 1.08727 -55.1866  1.04405
 1.08742 -55.1779   1.0442
 1.08757 -55.1691  1.04435
 1.08772 -55.1604  1.04435
 1.08787 -55.1517   1.0445
 1.08802  -55.143  1.04465
 1.08817 -55.1343   1.0448
 1.08832 -55.1255  1.04495
 1.08847 -55.1168   1.0451
 1.08862 -55.1081  1.04525
 1.08877 -55.0994   1.0454
 1.08892 -55.0907  1.04555
 1.08907  -55.082   1.0457
 1.08922 -55.0733  1.04585
 1.08937 -55.0646    1.046
 1.08952 -55.0559  1.04615
 1.08967 -55.0472   1.0463
 1.08982 -55.0386  1.04645
 1.08997 -55.0299   1.0466
 1.09012 -55.0212   1.0466
 1.09027 -55.0125  1.04675
 1.09042 -55.0038   1.0469
 1.09057 -54.9951  1.04705
 1.09072 -54.9865   1.0472
 1.09087 -54.9778  1.04735
 1.09102 -54.9691   1.0475
 1.09117 -54.9605  1.04765
 1.09132 -54.9518   1.0478
 1.09147 -54.9431  1.04795
 1.09162 -54.9345   1.0481
 1.09177 -54.9258  1.04825
 1.09192 -54.9172   1.0484
 1.09207 -54.9085  1.04855
 1.09222 -54.8998   1.0487
 1.09237 -54.8912   1.0487
 1.09252 -54.8826  1.04885
 1.09267 -54.8739    1.049
 1.09282 -54.8653  1.04915
 1.09297 -54.8566   1.0493
 1.09312  -54.848  1.04945
 1.09327 -54.8394   1.0496
 1.09342 -54.8307  1.04975
 1.09357 -54.8221   1.0499
 1.09372 -54.8135  1.05005
 1.09387 -54.8048   1.0502
 1.09402 -54.7962  1.05035
 1.09417 -54.7876   1.0505
 1.09432  -54.779  1.05065
 1.09447 -54.7704   1.0508
 1.09462 -54.7617  1.05095
 1.09477 -54.7531  1.05095
 1.09492 -54.7445   1.0511
 1.09507 -54.7359  1.05125
 1.09522 -54.7273   1.0514
 1.09537 -54.7187  1.05155
 1.09552 -54.7101   1.0517
 1.09567 -54.7015  1.05185
 1.09582 -54.6929    1.052
 1.09597 -54.6843  1.05215
 1.09612 -54.6757   1.0523
 1.09627 -54.6671  1.05245
 1.09642 -54.6586   1.0526
 1.09657   -54.65  1.05275
 1.09672 -54.6414   1.0529
 1.09687 -54.6328  1.05305
 1.09702 -54.6242  1.05305
 1.09717 -54.6157   1.0532
 1.09732 -54.6071  1.05335
 1.09747 -54.5985   1.0535
 1.09762 -54.5899  1.05365
 1.09777 -54.5814   1.0538
 1.09792 -54.5728  1.05395
 1.09807 -54.5643   1.0541
 1.09822 -54.5557  1.05425
 1.09837 -54.5471   1.0544
 1.09852 -54.5386  1.05455
 1.09867   -54.53   1.0547
 1.09882 -54.5215  1.05485
 1.09897 -54.5129    1.055
 1.09912 -54.5044  1.05515
 1.09927 -54.4959   1.0553
 1.09942 -54.4873   1.0553
 1.09957 -54.4788  1.05545
 1.09972 -54.4702   1.0556
 1.09987 -54.4617  1.05575
 1.10003 -54.4532   1.0559
 1.10018 -54.4447  1.05605
 1.10033 -54.4361   1.0562
 1.10048 -54.4276  1.05635
 1.10063 -54.4191   1.0565
 1.10078 -54.4106  1.05665
 1.10093  -54.402   1.0568
 1.10108 -54.3935  1.05695
 1.10123  -54.385   1.0571
 1.10138 -54.3765  1.05725
 1.10153  -54.368   1.0574
 1.10168 -54.3595   1.0574
 1.10183  -54.351  1.05755
 1.10198 -54.3425   1.0577
 1.10213  -54.334  1.05785
 1.10228 -54.3255    1.058
 1.10243  -54.317  1.05815
 1.10258 -54.3085   1.0583
 1.10273    -54.3  1.05845
 1.10288 -54.2915   1.0586
 1.10303 -54.2831  1.05875
 1.10318 -54.2746   1.0589
 1.10333 -54.2661  1.05905
 1.10348 -54.2576   1.0592
 1.10363 -54.2491  1.05935
 1.10378 -54.2407   1.0595
 1.10393 -54.2322   1.0595
 1.10408 -54.2237  1.05965
 1.10423 -54.2153   1.0598
 1.10438 -54.2068  1.05995
 1.10453 -54.1983  1.06011
 1.10468 -54.1899  1.06026
 1.10483 -54.1814  1.06041
 1.10498  -54.173  1.06056
 1.10513 -54.1645  1.06071
 1.10528 -54.1561  1.06086
 1.10543 -54.1476  1.06101
 1.10558 -54.1392  1.06116
 1.10573 -54.1307  1.06131
 1.10588 -54.1223  1.06146
 1.10603 -54.1139  1.06161
 1.10618 -54.1054  1.06161
 1.10633  -54.097  1.06176
 1.10648 -54.0886  1.06191
 1.10663 -54.0801  1.06206
 1.10678 -54.0717  1.06221
 1.10693 -54.0633  1.06236
 1.10708 -54.0549  1.06251
 1.10723 -54.0464  1.06266
 1.10738  -54.038  1.06281
 1.10753 -54.0296  1.06296
 1.10768 -54.0212  1.06311
 1.10783 -54.0128  1.06326
 1.10798 -54.0044  1.06341
 1.10813  -53.996  1.06356
 1.10828 -53.9876  1.06356
 1.10843 -53.9792  1.06371
 1.10858 -53.9708  1.06386
 1.10873 -53.9624  1.06401
 1.10888  -53.954  1.06416
 1.10903 -53.9456  1.06431
 1.10918 -53.9372  1.06446
 1.10933 -53.9288  1.06461
 1.10948 -53.9204  1.06476
 1.10963  -53.912  1.06491
 1.10978 -53.9037  1.06506
 1.10993 -53.8953  1.06521
 1.11008 -53.8869  1.06536
 1.11023 -53.8785  1.06551
 1.11038 -53.8702  1.06566
 1.11053 -53.8618  1.06566
 1.11068 -53.8534  1.06581
 1.11083 -53.8451  1.06596
 1.11098 -53.8367  1.06611
 1.11113 -53.8283  1.06626
 1.11128   -53.82  1.06641
 1.11143 -53.8116  1.06656
 1.11158 -53.8033  1.06671
 1.11173 -53.7949  1.06686
 1.11188 -53.7866  1.06701
 1.11203 -53.7782  1.06716
 1.11218 -53.7699  1.06731
 1.11233 -53.7615  1.06746
 1.11248 -53.7532  1.06761
 1.11263 -53.7449  1.06761
 1.11278 -53.7365  1.06776
 1.11293 -53.7282  1.06791
 1.11308 -53.7199  1.06806
 1.11323 -53.7115  1.06821
 1.11338 -53.7032  1.06836
 1.11353 -53.6949  1.06851
 1.11368 -53.6866  1.06866
 1.11383 -53.6783  1.06881
 1.11398 -53.6699  1.06896
 1.11413 -53.6616  1.06911
 1.11428 -53.6533  1.06926
 1.11443  -53.645  1.06941
 1.11458 -53.6367  1.06956
 1.11473 -53.6284  1.06971
 1.11488 -53.6201  1.06971
 1.11503 -53.6118  1.06986
 1.11518 -53.6035  1.07001
 1.11533 -53.5952  1.07016
 1.11548 -53.5869  1.07031
 1.11563 -53.5786  1.07046
 1.11578 -53.5703  1.07061
 1.11593  -53.562  1.07076
 1.11608 -53.5537  1.07091
 1.11623 -53.5455  1.07106
 1.11638 -53.5372  1.07121
 1.11653 -53.5289  1.07136
 1.11668 -53.5206  1.07151
 1.11683 -53.5124  1.07166
 1.11698 -53.5041  1.07166
 1.11713 -53.4958  1.07181
 1.11728 -53.4876  1.07196
 1.11743 -53.4793  1.07211
 1.11758  -53.471  1.07226
 1.11773 -53.4628  1.07241
 1.11788 -53.4545  1.07256
 1.11803 -53.4463  1.07271
 1.11818  -53.438  1.07286
 1.11833 -53.4298  1.07301
 1.11848 -53.4215  1.07316
 1.11863 -53.4133  1.07331
 1.11878  -53.405  1.07346
 1.11893 -53.3968  1.07361
 1.11908 -53.3885  1.07361
 1.11923 -53.3803  1.07376
 1.11938 -53.3721  1.07391
 1.11953 -53.3638  1.07406
 1.11968 -53.3556  1.07421
 1.11983 -53.3474  1.07436
 1.11998 -53.3392  1.07451
 1.12014 -53.3309  1.07466
 1.12029 -53.3227  1.07481
 1.12044 -53.3145  1.07496
 1.12059 -53.3063  1.07511
 1.12074 -53.2981  1.07526
 1.12089 -53.2899  1.07541
 1.12104 -53.2816  1.07556
 1.12119 -53.2734  1.07556
 1.12134 -53.2652  1.07571
 1.12149  -53.257  1.07586
 1.12164 -53.2488  1.07601
 1.12179 -53.2406  1.07616
 1.12194 -53.2324  1.07631
 1.12209 -53.2242  1.07646
 1.12224 -53.2161  1.07661
 1.12239 -53.2079  1.07676
 1.12254 -53.1997  1.07691
 1.12269 -53.1915  1.07706
 1.12284 -53.1833  1.07721
 1.12299 -53.1751  1.07736
 1.12314  -53.167  1.07751
 1.12329 -53.1588  1.07751
 1.12344 -53.1506  1.07766
 1.12359 -53.1424  1.07781
 1.12374 -53.1343  1.07796
 1.12389 -53.1261  1.07811
 1.12404 -53.1179  1.07826
 1.12419 -53.1098  1.07841
 1.12434 -53.1016  1.07856
 1.12449 -53.0935  1.07871
 1.12464 -53.0853  1.07886
 1.12479 -53.0772  1.07901
 1.12494  -53.069  1.07916
 1.12509 -53.0609  1.07931
 1.12524 -53.0527  1.07946
 1.12539 -53.0446  1.07946
 1.12554 -53.0364  1.07961
 1.12569 -53.0283  1.07976
 1.12584 -53.0202  1.07991
 1.12599  -53.012  1.08007
 1.12614 -53.0039  1.08022
 1.12629 -52.9958  1.08037
 1.12644 -52.9876  1.08052
 1.12659 -52.9795  1.08067
 1.12674 -52.9714  1.08082
 1.12689 -52.9633  1.08097
 1.12704 -52.9551  1.08112
 1.12719  -52.947  1.08127
 1.12734 -52.9389  1.08127
 1.12749 -52.9308  1.08142
 1.12764 -52.9227  1.08157
 1.12779 -52.9146  1.08172
 1.12794 -52.9065  1.08187
 1.12809 -52.8984  1.08202
 1.12824 -52.8903  1.08217
 1.12839 -52.8822  1.08232
 1.12854 -52.8741  1.08247
 1.12869  -52.866  1.08262
 1.12884 -52.8579  1.08277
 1.12899 -52.8498  1.08292
 1.12914 -52.8417  1.08307
 1.12929 -52.8336  1.08307
 1.12944 -52.8256  1.08322
 1.12959 -52.8175  1.08337
 1.12974 -52.8094  1.08352
 1.12989 -52.8013  1.08367
 1.13004 -52.7933  1.08382
 1.13019 -52.7852  1.08397
 1.13034 -52.7771  1.08412
 1.13049 -52.7691  1.08427
 1.13064  -52.761  1.08442
 1.13079 -52.7529  1.08457
 1.13094 -52.7449  1.08472
 1.13109 -52.7368  1.08487
 1.13124 -52.7288  1.08487
 1.13139 -52.7207  1.08502
 1.13154 -52.7127  1.08517
 1.13169 -52.7046  1.08532
 1.13184 -52.6966  1.08547
 1.13199 -52.6885  1.08562
 1.13214 -52.6805  1.08577
 1.13229 -52.6724  1.08592
 1.13244 -52.6644  1.08607
 1.13259 -52.6564  1.08622
 1.13274 -52.6483  1.08637
 1.13289 -52.6403  1.08652
 1.13304 -52.6323  1.08667
 1.13319 -52.6243  1.08667
 1.13334 -52.6162  1.08682
 1.13349 -52.6082  1.08697
 1.13364 -52.6002  1.08712
 1.13379 -52.5922  1.08727
 1.13394 -52.5842  1.08742
 1.13409 -52.5762  1.08757
 1.13424 -52.5682  1.08772
 1.13439 -52.5602  1.08787
 1.13454 -52.5522  1.08802
 1.13469 -52.5442  1.08817
 1.13484 -52.5362  1.08832
 1.13499 -52.5282  1.08847
 1.13514 -52.5202  1.08847
 1.13529 -52.5122  1.08862
 1.13544 -52.5042  1.08877
 1.13559 -52.4962  1.08892
 1.13574 -52.4882  1.08907
 1.13589 -52.4802  1.08922
 1.13604 -52.4722  1.08937
 1.13619 -52.4643  1.08952
 1.13634 -52.4563  1.08967
 1.13649 -52.4483  1.08982
 1.13664 -52.4403  1.08997
 1.13679 -52.4324  1.09012
 1.13694 -52.4244  1.09012
 1.13709 -52.4164  1.09027
 1.13724 -52.4085  1.09042
 1.13739 -52.4005  1.09057
 1.13754 -52.3926  1.09072
 1.13769 -52.3846  1.09087
 1.13784 -52.3767  1.09102
 1.13799 -52.3687  1.09117
 1.13814 -52.3608  1.09132
 1.13829 -52.3528  1.09147
 1.13844 -52.3449  1.09162
 1.13859 -52.3369  1.09177
 1.13874  -52.329  1.09192
 1.13889  -52.321  1.09192
 1.13904 -52.3131  1.09207
 1.13919 -52.3052  1.09222
 1.13934 -52.2972  1.09237
 1.13949 -52.2893  1.09252
 1.13964 -52.2814  1.09267
 1.13979 -52.2735  1.09282
 1.13994 -52.2655  1.09297
  1.1401 -52.2576  1.09312
 1.14025 -52.2497  1.09327
  1.1404 -52.2418  1.09342
 1.14055 -52.2339  1.09342
  1.1407  -52.226  1.09357
 1.14085 -52.2181  1.09372
   1.141 -52.2102  1.09387
 1.14115 -52.2023  1.09402
  1.1413 -52.1944  1.09417
 1.14145 -52.1865  1.09432
  1.1416 -52.1786  1.09447
 1.14175 -52.1707  1.09462
  1.1419 -52.1628  1.09477
 1.14205 -52.1549  1.09492
  1.1422  -52.147  1.09492
 1.14235 -52.1391  1.09507
  1.1425 -52.1313  1.09522
 1.14265 -52.1234  1.09537
  1.1428 -52.1155  1.09552
 1.14295 -52.1076  1.09567
  1.1431 -52.0998  1.09582
 1.14325 -52.0919  1.09597
  1.1434  -52.084  1.09612
 1.14355 -52.0762  1.09627
  1.1437 -52.0683  1.09627
 1.14385 -52.0605  1.09642
   1.144 -52.0526  1.09657
 1.14415 -52.0447  1.09672
  1.1443 -52.0369  1.09687
 1.14445  -52.029  1.09702
  1.1446 -52.0212  1.09717
 1.14475 -52.0134  1.09732
  1.1449 -52.0055  1.09747
 1.14505 -51.9977  1.09762
  1.1452 -51.9898  1.09777
 1.14535  -51.982  1.09777
  1.1455 -51.9742  1.09792
 1.14565 -51.9663  1.09807
  1.1458 -51.9585  1.09822
 1.14595 -51.9507  1.09837
  1.1461 -51.9429  1.09852
 1.14625 -51.9351  1.09867
  1.1464 -51.9272  1.09882
 1.14655 -51.9194  1.09897
  1.1467 -51.9116  1.09912
 1.14685 -51.9038  1.09927
   1.147  -51.896  1.09927
 1.14715 -51.8882  1.09942
  1.1473 -51.8804  1.09957
 1.14745 -51.8726  1.09972
  1.1476 -51.8648  1.09987
 1.14775  -51.857  1.10003
  1.1479 -51.8492  1.10018
 1.14805 -51.8414  1.10033
  1.1482 -51.8336  1.10048
 1.14835 -51.8258  1.10063
  1.1485 -51.8181  1.10063
 1.14865 -51.8103  1.10078
  1.1488 -51.8025  1.10093
 1.14895 -51.7947  1.10108
  1.1491 -51.7869  1.10123
 1.14925 -51.7792  1.10138
  1.1494 -51.7714  1.10153
 1.14955 -51.7636  1.10168
  1.1497 -51.7559  1.10183
 1.14985 -51.7481  1.10198
    1.15 -51.7404  1.10213