 kgrid  ValNew  Policy 
    0.85 -46.7333 0.892321
 0.85015 -46.7212 0.892471
  0.8503 -46.7092 0.892621
 0.85045 -46.6972 0.892771
  0.8506 -46.6852 0.892921
 0.85075 -46.6732 0.893072
  0.8509 -46.6612 0.893222
0.851051 -46.6492 0.893372
0.851201 -46.6372 0.893522
0.851351 -46.6252 0.893522
0.851501 -46.6133 0.893672
0.851651 -46.6013 0.893822
0.851801 -46.5893 0.893972
0.851951 -46.5774 0.894122
0.852101 -46.5654 0.894272
0.852251 -46.5535 0.894422
0.852401 -46.5415 0.894572
0.852551 -46.5296 0.894572
0.852701 -46.5177 0.894722
0.852851 -46.5057 0.894872
0.853002 -46.4938 0.895023
0.853152 -46.4819 0.895173
0.853302   -46.47 0.895323
0.853452 -46.4581 0.895473
0.853602 -46.4462 0.895623
0.853752 -46.4343 0.895773
0.853902 -46.4224 0.895773
0.854052 -46.4105 0.895923
0.854202 -46.3987 0.896073
0.854352 -46.3868 0.896223
0.854502 -46.3749 0.896373
0.854652 -46.3631 0.896523
0.854802 -46.3512 0.896673
0.854952 -46.3394 0.896823
0.855103 -46.3275 0.896973
0.855253 -46.3157 0.896973
0.855403 -46.3038 0.897124
0.855553  -46.292 0.897274
0.855703 -46.2802 0.897424
0.855853 -46.2684 0.897574
0.856003 -46.2566 0.897724
0.856153 -46.2448 0.897874
0.856303  -46.233 0.898024
0.856453 -46.2212 0.898174
0.856603 -46.2094 0.898174
0.856753 -46.1976 0.898324
0.856903 -46.1858 0.898474
0.857054  -46.174 0.898624
0.857204 -46.1623 0.898774
0.857354 -46.1505 0.898924
0.857504 -46.1388 0.899075
0.857654  -46.127 0.899225
0.857804 -46.1153 0.899375
0.857954 -46.1035 0.899375
0.858104 -46.0918 0.899525
0.858254 -46.0801 0.899675
0.858404 -46.0683 0.899825
0.858554 -46.0566 0.899975
0.858704 -46.0449 0.900125
0.858854 -46.0332 0.900275
0.859005 -46.0215 0.900425
0.859155 -46.0098 0.900575
0.859305 -45.9981 0.900575
0.859455 -45.9864 0.900725
0.859605 -45.9747 0.900875
0.859755  -45.963 0.901026
0.859905 -45.9514 0.901176
0.860055 -45.9397 0.901326
0.860205  -45.928 0.901476
0.860355 -45.9164 0.901626
0.860505 -45.9047 0.901626
0.860655 -45.8931 0.901776
0.860805 -45.8814 0.901926
0.860955 -45.8698 0.902076
0.861106 -45.8582 0.902226
0.861256 -45.8465 0.902376
0.861406 -45.8349 0.902526
0.861556 -45.8233 0.902676
0.861706 -45.8117 0.902826
0.861856 -45.8001 0.902976
0.862006 -45.7885 0.902976
0.862156 -45.7769 0.903127
0.862306 -45.7653 0.903277
0.862456 -45.7537 0.903427
0.862606 -45.7421 0.903577
0.862756 -45.7306 0.903727
0.862906  -45.719 0.903877
0.863057 -45.7074 0.904027
0.863207 -45.6959 0.904177
0.863357 -45.6843 0.904327
0.863507 -45.6728 0.904327
0.863657 -45.6612 0.904477
0.863807 -45.6497 0.904627
0.863957 -45.6381 0.904777
0.864107 -45.6266 0.904927
0.864257 -45.6151 0.905078
0.864407 -45.6036 0.905228
0.864557  -45.592 0.905378
0.864707 -45.5805 0.905528
0.864857  -45.569 0.905678
0.865008 -45.5575 0.905678
0.865158  -45.546 0.905828
0.865308 -45.5345 0.905978
0.865458  -45.523 0.906128
0.865608 -45.5116 0.906278
0.865758 -45.5001 0.906428
0.865908 -45.4886 0.906578
0.866058 -45.4771 0.906728
0.866208 -45.4657 0.906878
0.866358 -45.4542 0.907029
0.866508 -45.4428 0.907179
0.866658 -45.4313 0.907179
0.866808 -45.4199 0.907329
0.866958 -45.4084 0.907479
0.867109  -45.397 0.907629
0.867259 -45.3856 0.907779
0.867409 -45.3741 0.907929
0.867559 -45.3627 0.908079
0.867709 -45.3513 0.908229
0.867859 -45.3399 0.908379
0.868009 -45.3285 0.908529
0.868159 -45.3171 0.908529
0.868309 -45.3057 0.908679
0.868459 -45.2943 0.908829
0.868609 -45.2829 0.908979
0.868759 -45.2715  0.90913
0.868909 -45.2601  0.90928
 0.86906 -45.2488  0.90943
 0.86921 -45.2374  0.90958
 0.86936  -45.226  0.90973
 0.86951 -45.2147  0.90988
 0.86966 -45.2033  0.91003
 0.86981  -45.192  0.91003
 0.86996 -45.1806  0.91018
 0.87011 -45.1693  0.91033
 0.87026 -45.1579  0.91048
 0.87041 -45.1466  0.91063
 0.87056 -45.1353  0.91078
 0.87071 -45.1239  0.91093
 0.87086 -45.1126 0.911081
0.871011 -45.1013 0.911231
0.871161   -45.09 0.911381
0.871311 -45.0787 0.911531
0.871461 -45.0674 0.911531
0.871611 -45.0561 0.911681
0.871761 -45.0448 0.911831
0.871911 -45.0335 0.911981
0.872061 -45.0222 0.912131
0.872211  -45.011 0.912281
0.872361 -44.9997 0.912431
0.872511 -44.9884 0.912581
0.872661 -44.9772 0.912731
0.872811 -44.9659 0.912881
0.872961 -44.9546 0.913032
0.873112 -44.9434 0.913032
0.873262 -44.9322 0.913182
0.873412 -44.9209 0.913332
0.873562 -44.9097 0.913482
0.873712 -44.8984 0.913632
0.873862 -44.8872 0.913782
0.874012  -44.876 0.913932
0.874162 -44.8648 0.914082
0.874312 -44.8536 0.914232
0.874462 -44.8424 0.914382
0.874612 -44.8312 0.914532
0.874762   -44.82 0.914532
0.874912 -44.8088 0.914682
0.875063 -44.7976 0.914832
0.875213 -44.7864 0.914982
0.875363 -44.7752 0.915133
0.875513  -44.764 0.915283
0.875663 -44.7529 0.915433
0.875813 -44.7417 0.915583
0.875963 -44.7305 0.915733
0.876113 -44.7194 0.915883
0.876263 -44.7082 0.916033
0.876413 -44.6971 0.916183
0.876563 -44.6859 0.916183
0.876713 -44.6748 0.916333
0.876863 -44.6636 0.916483
0.877014 -44.6525 0.916633
0.877164 -44.6414 0.916783
0.877314 -44.6303 0.916933
0.877464 -44.6191 0.917084
0.877614  -44.608 0.917234
0.877764 -44.5969 0.917384
0.877914 -44.5858 0.917534
0.878064 -44.5747 0.917684
0.878214 -44.5636 0.917684
0.878364 -44.5525 0.917834
0.878514 -44.5414 0.917984
0.878664 -44.5304 0.918134
0.878814 -44.5193 0.918284
0.878964 -44.5082 0.918434
0.879115 -44.4971 0.918584
0.879265 -44.4861 0.918734
0.879415  -44.475 0.918884
0.879565  -44.464 0.919035
0.879715 -44.4529 0.919185
0.879865 -44.4419 0.919185
0.880015 -44.4308 0.919335
0.880165 -44.4198 0.919485
0.880315 -44.4087 0.919635
0.880465 -44.3977 0.919785
0.880615 -44.3867 0.919935
0.880765 -44.3757 0.920085
0.880915 -44.3646 0.920235
0.881066 -44.3536 0.920385
0.881216 -44.3426 0.920535
0.881366 -44.3316 0.920685
0.881516 -44.3206 0.920835
0.881666 -44.3096 0.920835
0.881816 -44.2986 0.920985
0.881966 -44.2877 0.921136
0.882116 -44.2767 0.921286
0.882266 -44.2657 0.921436
0.882416 -44.2547 0.921586
0.882566 -44.2438 0.921736
0.882716 -44.2328 0.921886
0.882866 -44.2218 0.922036
0.883017 -44.2109 0.922186
0.883167 -44.1999 0.922336
0.883317  -44.189 0.922336
0.883467  -44.178 0.922486
0.883617 -44.1671 0.922636
0.883767 -44.1562 0.922786
0.883917 -44.1452 0.922936
0.884067 -44.1343 0.923087
0.884217 -44.1234 0.923237
0.884367 -44.1125 0.923387
0.884517 -44.1016 0.923537
0.884667 -44.0906 0.923687
0.884817 -44.0797 0.923837
0.884967 -44.0688 0.923987
0.885118  -44.058 0.923987
0.885268 -44.0471 0.924137
0.885418 -44.0362 0.924287
0.885568 -44.0253 0.924437
0.885718 -44.0144 0.924587
0.885868 -44.0035 0.924737
0.886018 -43.9927 0.924887
0.886168 -43.9818 0.925038
0.886318 -43.9709 0.925188
0.886468 -43.9601 0.925338
0.886618 -43.9492 0.925488
0.886768 -43.9384 0.925638
0.886918 -43.9275 0.925638
0.887069 -43.9167 0.925788
0.887219 -43.9059 0.925938
0.887369  -43.895 0.926088
0.887519 -43.8842 0.926238
0.887669 -43.8734 0.926388
0.887819 -43.8626 0.926538
0.887969 -43.8517 0.926688
0.888119 -43.8409 0.926838
0.888269 -43.8301 0.926988
0.888419 -43.8193 0.927139
0.888569 -43.8085 0.927289
0.888719 -43.7977 0.927289
0.888869 -43.7869 0.927439
 0.88902 -43.7761 0.927589
 0.88917 -43.7654 0.927739
 0.88932 -43.7546 0.927889
 0.88947 -43.7438 0.928039
 0.88962  -43.733 0.928189
 0.88977 -43.7223 0.928339
 0.88992 -43.7115 0.928489
 0.89007 -43.7008 0.928639
 0.89022   -43.69 0.928789
 0.89037 -43.6793 0.928939
 0.89052 -43.6685  0.92909
 0.89067 -43.6578  0.92909
 0.89082  -43.647  0.92924
 0.89097 -43.6363  0.92939
0.891121 -43.6256  0.92954
0.891271 -43.6148  0.92969
0.891421 -43.6041  0.92984
0.891571 -43.5934  0.92999
0.891721 -43.5827  0.93014
0.891871  -43.572  0.93029
0.892021 -43.5613  0.93044
0.892171 -43.5506  0.93059
0.892321 -43.5399  0.93074
0.892471 -43.5292  0.93074
0.892621 -43.5185  0.93089
0.892771 -43.5078 0.931041
0.892921 -43.4972 0.931191
0.893072 -43.4865 0.931341
0.893222 -43.4758 0.931491
0.893372 -43.4651 0.931641
0.893522 -43.4545 0.931791
0.893672 -43.4438 0.931941
0.893822 -43.4332 0.932091
0.893972 -43.4225 0.932241
0.894122 -43.4119 0.932391
0.894272 -43.4012 0.932391
0.894422 -43.3906 0.932541
0.894572   -43.38 0.932691
0.894722 -43.3693 0.932841
0.894872 -43.3587 0.932991
0.895023 -43.3481 0.933142
0.895173 -43.3375 0.933292
0.895323 -43.3268 0.933442
0.895473 -43.3162 0.933592
0.895623 -43.3056 0.933742
0.895773  -43.295 0.933892
0.895923 -43.2844 0.934042
0.896073 -43.2738 0.934192
0.896223 -43.2632 0.934192
0.896373 -43.2527 0.934342
0.896523 -43.2421 0.934492
0.896673 -43.2315 0.934642
0.896823 -43.2209 0.934792
0.896973 -43.2104 0.934942
0.897124 -43.1998 0.935093
0.897274 -43.1892 0.935243
0.897424 -43.1787 0.935393
0.897574 -43.1681 0.935543
0.897724 -43.1576 0.935693
0.897874  -43.147 0.935843
0.898024 -43.1365 0.935843
0.898174 -43.1259 0.935993
0.898324 -43.1154 0.936143
0.898474 -43.1049 0.936293
0.898624 -43.0944 0.936443
0.898774 -43.0838 0.936593
0.898924 -43.0733 0.936743
0.899075 -43.0628 0.936893
0.899225 -43.0523 0.937044
0.899375 -43.0418 0.937194
0.899525 -43.0313 0.937344
0.899675 -43.0208 0.937494
0.899825 -43.0103 0.937494
0.899975 -42.9998 0.937644
0.900125 -42.9893 0.937794
0.900275 -42.9788 0.937944
0.900425 -42.9684 0.938094
0.900575 -42.9579 0.938244
0.900725 -42.9474 0.938394
0.900875  -42.937 0.938544
0.901026 -42.9265 0.938694
0.901176  -42.916 0.938844
0.901326 -42.9056 0.938994
0.901476 -42.8951 0.939145
0.901626 -42.8847 0.939295
0.901776 -42.8742 0.939295
0.901926 -42.8638 0.939445
0.902076 -42.8534 0.939595
0.902226 -42.8429 0.939745
0.902376 -42.8325 0.939895
0.902526 -42.8221 0.940045
0.902676 -42.8117 0.940195
0.902826 -42.8013 0.940345
0.902976 -42.7908 0.940495
0.903127 -42.7804 0.940645
0.903277   -42.77 0.940795
0.903427 -42.7596 0.940945
0.903577 -42.7492 0.941096
0.903727 -42.7388 0.941096
0.903877 -42.7285 0.941246
0.904027 -42.7181 0.941396
0.904177 -42.7077 0.941546
0.904327 -42.6973 0.941696
0.904477  -42.687 0.941846
0.904627 -42.6766 0.941996
0.904777 -42.6662 0.942146
0.904927 -42.6559 0.942296
0.905078 -42.6455 0.942446
0.905228 -42.6351 0.942596
0.905378 -42.6248 0.942746
0.905528 -42.6145 0.942746
0.905678 -42.6041 0.942896
0.905828 -42.5938 0.943047
0.905978 -42.5834 0.943197
0.906128 -42.5731 0.943347
0.906278 -42.5628 0.943497
0.906428 -42.5525 0.943647
0.906578 -42.5421 0.943797
0.906728 -42.5318 0.943947
0.906878 -42.5215 0.944097
0.907029 -42.5112 0.944247
0.907179 -42.5009 0.944397
0.907329 -42.4906 0.944547
0.907479 -42.4803 0.944547
0.907629   -42.47 0.944697
0.907779 -42.4597 0.944847
0.907929 -42.4495 0.944997
0.908079 -42.4392 0.945148
0.908229 -42.4289 0.945298
0.908379 -42.4186 0.945448
0.908529 -42.4084 0.945598
0.908679 -42.3981 0.945748
0.908829 -42.3878 0.945898
0.908979 -42.3776 0.946048
 0.90913 -42.3673 0.946198
 0.90928 -42.3571 0.946348
 0.90943 -42.3468 0.946348
 0.90958 -42.3366 0.946498
 0.90973 -42.3263 0.946648
 0.90988 -42.3161 0.946798
 0.91003 -42.3059 0.946948
 0.91018 -42.2956 0.947099
 0.91033 -42.2854 0.947249
 0.91048 -42.2752 0.947399
 0.91063  -42.265 0.947549
 0.91078 -42.2548 0.947699
 0.91093 -42.2446 0.947849
0.911081 -42.2344 0.947999
0.911231 -42.2242 0.948149
0.911381  -42.214 0.948299
0.911531 -42.2038 0.948299
0.911681 -42.1936 0.948449
0.911831 -42.1834 0.948599
0.911981 -42.1732 0.948749
0.912131  -42.163 0.948899
0.912281 -42.1529  0.94905
0.912431 -42.1427   0.9492
0.912581 -42.1325  0.94935
0.912731 -42.1224   0.9495
0.912881 -42.1122  0.94965
0.913032  -42.102   0.9498
0.913182 -42.0919  0.94995
0.913332 -42.0817   0.9501
0.913482 -42.0716   0.9501
0.913632 -42.0615  0.95025
0.913782 -42.0513   0.9504
0.913932 -42.0412  0.95055
0.914082  -42.031   0.9507
0.914232 -42.0209  0.95085
0.914382 -42.0108 0.951001
0.914532 -42.0007 0.951151
0.914682 -41.9906 0.951301
0.914832 -41.9804 0.951451
0.914982 -41.9703 0.951601
0.915133 -41.9602 0.951751
0.915283 -41.9501 0.951901
0.915433   -41.94 0.951901
0.915583 -41.9299 0.952051
0.915733 -41.9199 0.952201
0.915883 -41.9098 0.952351
0.916033 -41.8997 0.952501
0.916183 -41.8896 0.952651
0.916333 -41.8795 0.952801
0.916483 -41.8695 0.952951
0.916633 -41.8594 0.953102
0.916783 -41.8493 0.953252
0.916933 -41.8393 0.953402
0.917084 -41.8292 0.953552
0.917234 -41.8192 0.953702
0.917384 -41.8091 0.953702
0.917534 -41.7991 0.953852
0.917684  -41.789 0.954002
0.917834  -41.779 0.954152
0.917984 -41.7689 0.954302
0.918134 -41.7589 0.954452
0.918284 -41.7489 0.954602
0.918434 -41.7389 0.954752
0.918584 -41.7288 0.954902
0.918734 -41.7188 0.955053
0.918884 -41.7088 0.955203
0.919035 -41.6988 0.955353
0.919185 -41.6888 0.955503
0.919335 -41.6788 0.955653
0.919485 -41.6688 0.955653
0.919635 -41.6588 0.955803
0.919785 -41.6488 0.955953
0.919935 -41.6388 0.956103
0.920085 -41.6288 0.956253
0.920235 -41.6188 0.956403
0.920385 -41.6089 0.956553
0.920535 -41.5989 0.956703
0.920685 -41.5889 0.956853
0.920835  -41.579 0.957004
0.920985  -41.569 0.957154
0.921136  -41.559 0.957304
0.921286 -41.5491 0.957454
0.921436 -41.5391 0.957454
0.921586 -41.5292 0.957604
0.921736 -41.5192 0.957754
0.921886 -41.5093 0.957904
0.922036 -41.4993 0.958054
0.922186 -41.4894 0.958204
0.922336 -41.4795 0.958354
0.922486 -41.4696 0.958504
0.922636 -41.4596 0.958654
0.922786 -41.4497 0.958804
0.922936 -41.4398 0.958954
0.923087 -41.4299 0.959105
0.923237   -41.42 0.959255
0.923387 -41.4101 0.959405
0.923537 -41.4002 0.959405
0.923687 -41.3903 0.959555
0.923837 -41.3804 0.959705
0.923987 -41.3705 0.959855
0.924137 -41.3606 0.960005
0.924287 -41.3507 0.960155
0.924437 -41.3408 0.960305
0.924587 -41.3309 0.960455
0.924737 -41.3211 0.960605
0.924887 -41.3112 0.960755
0.925038 -41.3013 0.960905
0.925188 -41.2915 0.961056
0.925338 -41.2816 0.961206
0.925488 -41.2718 0.961206
0.925638 -41.2619 0.961356
0.925788  -41.252 0.961506
0.925938 -41.2422 0.961656
0.926088 -41.2324 0.961806
0.926238 -41.2225 0.961956
0.926388 -41.2127 0.962106
0.926538 -41.2029 0.962256
0.926688  -41.193 0.962406
0.926838 -41.1832 0.962556
0.926988 -41.1734 0.962706
0.927139 -41.1636 0.962856
0.927289 -41.1537 0.963007
0.927439 -41.1439 0.963157
0.927589 -41.1341 0.963157
0.927739 -41.1243 0.963307
0.927889 -41.1145 0.963457
0.928039 -41.1047 0.963607
0.928189 -41.0949 0.963757
0.928339 -41.0851 0.963907
0.928489 -41.0754 0.964057
0.928639 -41.0656 0.964207
0.928789 -41.0558 0.964357
0.928939  -41.046 0.964507
 0.92909 -41.0362 0.964657
 0.92924 -41.0265 0.964807
 0.92939 -41.0167 0.964957
 0.92954  -41.007 0.964957
 0.92969 -40.9972 0.965108
 0.92984 -40.9874 0.965258
 0.92999 -40.9777 0.965408
 0.93014 -40.9679 0.965558
 0.93029 -40.9582 0.965708
 0.93044 -40.9485 0.965858
 0.93059 -40.9387 0.966008
 0.93074  -40.929 0.966158
 0.93089 -40.9193 0.966308
0.931041 -40.9095 0.966458
0.931191 -40.8998 0.966608
0.931341 -40.8901 0.966758
0.931491 -40.8804 0.966908
0.931641 -40.8707 0.967059
0.931791 -40.8609 0.967059
0.931941 -40.8512 0.967209
0.932091 -40.8415 0.967359
0.932241 -40.8318 0.967509
0.932391 -40.8221 0.967659
0.932541 -40.8124 0.967809
0.932691 -40.8027 0.967959
0.932841 -40.7931 0.968109
0.932991 -40.7834 0.968259
0.933142 -40.7737 0.968409
0.933292  -40.764 0.968559
0.933442 -40.7544 0.968709
0.933592 -40.7447 0.968859
0.933742  -40.735 0.968859
0.933892 -40.7254  0.96901
0.934042 -40.7157  0.96916
0.934192  -40.706  0.96931
0.934342 -40.6964  0.96946
0.934492 -40.6867  0.96961
0.934642 -40.6771  0.96976
0.934792 -40.6675  0.96991
0.934942 -40.6578  0.97006
0.935093 -40.6482  0.97021
0.935243 -40.6385  0.97036
0.935393 -40.6289  0.97051
0.935543 -40.6193  0.97066
0.935693 -40.6097  0.97081
0.935843 -40.6001  0.97081
0.935993 -40.5904  0.97096
0.936143 -40.5808 0.971111
0.936293 -40.5712 0.971261
0.936443 -40.5616 0.971411
0.936593  -40.552 0.971561
0.936743 -40.5424 0.971711
0.936893 -40.5328 0.971861
0.937044 -40.5232 0.972011
0.937194 -40.5136 0.972161
0.937344 -40.5041 0.972311
0.937494 -40.4945 0.972461
0.937644 -40.4849 0.972611
0.937794 -40.4753 0.972761
0.937944 -40.4658 0.972761
0.938094 -40.4562 0.972911
0.938244 -40.4466 0.973062
0.938394 -40.4371 0.973212
0.938544 -40.4275 0.973362
0.938694  -40.418 0.973512
0.938844 -40.4084 0.973662
0.938994 -40.3989 0.973812
0.939145 -40.3893 0.973962
0.939295 -40.3798 0.974112
0.939445 -40.3702 0.974262
0.939595 -40.3607 0.974412
0.939745 -40.3512 0.974562
0.939895 -40.3416 0.974562
0.940045 -40.3321 0.974712
0.940195 -40.3226 0.974862
0.940345 -40.3131 0.975013
0.940495 -40.3036 0.975163
0.940645 -40.2941 0.975313
0.940795 -40.2845 0.975463
0.940945  -40.275 0.975613
0.941096 -40.2655 0.975763
0.941246  -40.256 0.975913
0.941396 -40.2465 0.976063
0.941546 -40.2371 0.976213
0.941696 -40.2276 0.976363
0.941846 -40.2181 0.976513
0.941996 -40.2086 0.976513
0.942146 -40.1991 0.976663
0.942296 -40.1897 0.976813
0.942446 -40.1802 0.976963
0.942596 -40.1707 0.977114
0.942746 -40.1612 0.977264
0.942896 -40.1518 0.977414
0.943047 -40.1423 0.977564
0.943197 -40.1329 0.977714
0.943347 -40.1234 0.977864
0.943497  -40.114 0.978014
0.943647 -40.1045 0.978164
0.943797 -40.0951 0.978314
0.943947 -40.0857 0.978464
0.944097 -40.0762 0.978464
0.944247 -40.0668 0.978614
0.944397 -40.0574 0.978764
0.944547 -40.0479 0.978914
0.944697 -40.0385 0.979065
0.944847 -40.0291 0.979215
0.944997 -40.0197 0.979365
0.945148 -40.0103 0.979515
0.945298 -40.0009 0.979665
0.945448 -39.9915 0.979815
0.945598  -39.982 0.979965
0.945748 -39.9727 0.980115
0.945898 -39.9633 0.980265
0.946048 -39.9539 0.980415
0.946198 -39.9445 0.980415
0.946348 -39.9351 0.980565
0.946498 -39.9257 0.980715
0.946648 -39.9163 0.980865
0.946798  -39.907 0.981016
0.946948 -39.8976 0.981166
0.947099 -39.8882 0.981316
0.947249 -39.8788 0.981466
0.947399 -39.8695 0.981616
0.947549 -39.8601 0.981766
0.947699 -39.8508 0.981916
0.947849 -39.8414 0.982066
0.947999 -39.8321 0.982216
0.948149 -39.8227 0.982366
0.948299 -39.8134 0.982366
0.948449  -39.804 0.982516
0.948599 -39.7947 0.982666
0.948749 -39.7854 0.982816
0.948899  -39.776 0.982966
 0.94905 -39.7667 0.983117
  0.9492 -39.7574 0.983267
 0.94935 -39.7481 0.983417
  0.9495 -39.7387 0.983567
 0.94965 -39.7294 0.983717
  0.9498 -39.7201 0.983867
 0.94995 -39.7108 0.984017
  0.9501 -39.7015 0.984167
 0.95025 -39.6922 0.984317
  0.9504 -39.6829 0.984317
 0.95055 -39.6736 0.984467
  0.9507 -39.6643 0.984617
 0.95085  -39.655 0.984767
0.951001 -39.6457 0.984917
0.951151 -39.6365 0.985068
0.951301 -39.6272 0.985218
0.951451 -39.6179 0.985368
0.951601 -39.6086 0.985518
0.951751 -39.5994 0.985668
0.951901 -39.5901 0.985818
0.952051 -39.5808 0.985968
0.952201 -39.5716 0.986118
0.952351 -39.5623 0.986268
0.952501 -39.5531 0.986268
0.952651 -39.5438 0.986418
0.952801 -39.5346 0.986568
0.952951 -39.5253 0.986718
0.953102 -39.5161 0.986868
0.953252 -39.5068 0.987019
0.953402 -39.4976 0.987169
0.953552 -39.4884 0.987319
0.953702 -39.4791 0.987469
0.953852 -39.4699 0.987619
0.954002 -39.4607 0.987769
0.954152 -39.4515 0.987919
0.954302 -39.4423 0.988069
0.954452  -39.433 0.988219
0.954602 -39.4238 0.988219
0.954752 -39.4146 0.988369
0.954902 -39.4054 0.988519
0.955053 -39.3962 0.988669
0.955203  -39.387 0.988819
0.955353 -39.3778 0.988969
0.955503 -39.3686  0.98912
0.955653 -39.3595  0.98927
0.955803 -39.3503  0.98942
0.955953 -39.3411  0.98957
0.956103 -39.3319  0.98972
0.956253 -39.3227  0.98987
0.956403 -39.3136  0.99002
0.956553 -39.3044  0.99017
0.956703 -39.2952  0.99017
0.956853 -39.2861  0.99032
0.957004 -39.2769  0.99047
0.957154 -39.2678  0.99062
0.957304 -39.2586  0.99077
0.957454 -39.2495  0.99092
0.957604 -39.2403 0.991071
0.957754 -39.2312 0.991221
0.957904  -39.222 0.991371
0.958054 -39.2129 0.991521
0.958204 -39.2038 0.991671
0.958354 -39.1946 0.991821
0.958504 -39.1855 0.991971
0.958654 -39.1764 0.992121
0.958804 -39.1673 0.992121
0.958954 -39.1581 0.992271
0.959105  -39.149 0.992421
0.959255 -39.1399 0.992571
0.959405 -39.1308 0.992721
0.959555 -39.1217 0.992871
0.959705 -39.1126 0.993022
0.959855 -39.1035 0.993172
0.960005 -39.0944 0.993322
0.960155 -39.0853 0.993472
0.960305 -39.0762 0.993622
0.960455 -39.0671 0.993772
0.960605  -39.058 0.993922
0.960755  -39.049 0.994072
0.960905 -39.0399 0.994072
0.961056 -39.0308 0.994222
0.961206 -39.0217 0.994372
0.961356 -39.0127 0.994522
0.961506 -39.0036 0.994672
0.961656 -38.9945 0.994822
0.961806 -38.9855 0.994972
0.961956 -38.9764 0.995123
0.962106 -38.9674 0.995273
0.962256 -38.9583 0.995423
0.962406 -38.9493 0.995573
0.962556 -38.9402 0.995723
0.962706 -38.9312 0.995873
0.962856 -38.9221 0.996023
0.963007 -38.9131 0.996173
0.963157 -38.9041 0.996173
0.963307 -38.8951 0.996323
0.963457  -38.886 0.996473
0.963607  -38.877 0.996623
0.963757  -38.868 0.996773
0.963907  -38.859 0.996923
0.964057   -38.85 0.997074
0.964207 -38.8409 0.997224
0.964357 -38.8319 0.997374
0.964507 -38.8229 0.997524
0.964657 -38.8139 0.997674
0.964807 -38.8049 0.997824
0.964957 -38.7959 0.997974
0.965108 -38.7869 0.998124
0.965258  -38.778 0.998124
0.965408  -38.769 0.998274
0.965558   -38.76 0.998424
0.965708  -38.751 0.998574
0.965858  -38.742 0.998724
0.966008 -38.7331 0.998874
0.966158 -38.7241 0.999025
0.966308 -38.7151 0.999175
0.966458 -38.7062 0.999325
0.966608 -38.6972 0.999475
0.966758 -38.6882 0.999625
0.966908 -38.6793 0.999775
0.967059 -38.6703 0.999925
0.967209 -38.6614  1.00008
0.967359 -38.6524  1.00008
0.967509 -38.6435  1.00023
0.967659 -38.6345  1.00038
0.967809 -38.6256  1.00053
0.967959 -38.6167  1.00068
0.968109 -38.6077  1.00083
0.968259 -38.5988  1.00098
0.968409 -38.5899  1.00113
0.968559  -38.581  1.00128
0.968709  -38.572  1.00143
0.968859 -38.5631  1.00158
 0.96901 -38.5542  1.00173
 0.96916 -38.5453  1.00188
 0.96931 -38.5364  1.00203
 0.96946 -38.5275  1.00203
 0.96961 -38.5186  1.00218
 0.96976 -38.5097  1.00233
 0.96991 -38.5008  1.00248
 0.97006 -38.4919  1.00263
 0.97021  -38.483  1.00278
 0.97036 -38.4741  1.00293
 0.97051 -38.4653  1.00308
 0.97066 -38.4564  1.00323
 0.97081 -38.4475  1.00338
 0.97096 -38.4386  1.00353
0.971111 -38.4297  1.00368
0.971261 -38.4209  1.00383
0.971411  -38.412  1.00398
0.971561 -38.4032  1.00398
0.971711 -38.3943  1.00413
0.971861 -38.3854  1.00428
0.972011 -38.3766  1.00443
0.972161 -38.3677  1.00458
0.972311 -38.3589  1.00473
0.972461   -38.35  1.00488
0.972611 -38.3412  1.00503
0.972761 -38.3324  1.00518
0.972911 -38.3235  1.00533
0.973062 -38.3147  1.00548
0.973212 -38.3059  1.00563
0.973362  -38.297  1.00578
0.973512 -38.2882  1.00593
0.973662 -38.2794  1.00608
0.973812 -38.2706  1.00608
0.973962 -38.2618  1.00623
0.974112 -38.2529  1.00638
0.974262 -38.2441  1.00653
0.974412 -38.2353  1.00668
0.974562 -38.2265  1.00683
0.974712 -38.2177  1.00698
0.974862 -38.2089  1.00713
0.975013 -38.2001  1.00728
0.975163 -38.1913  1.00743
0.975313 -38.1826  1.00758
0.975463 -38.1738  1.00773
0.975613  -38.165  1.00788
0.975763 -38.1562  1.00803
0.975913 -38.1474  1.00803
0.976063 -38.1387  1.00818
0.976213 -38.1299  1.00833
0.976363 -38.1211  1.00848
0.976513 -38.1124  1.00863
0.976663 -38.1036  1.00878
0.976813 -38.0948  1.00893
0.976963 -38.0861  1.00908
0.977114 -38.0773  1.00923
0.977264 -38.0686  1.00938
0.977414 -38.0598  1.00953
0.977564 -38.0511  1.00968
0.977714 -38.0423  1.00983
0.977864 -38.0336  1.00998
0.978014 -38.0249  1.00998
0.978164 -38.0161  1.01013
0.978314 -38.0074  1.01028
0.978464 -37.9987  1.01043
0.978614   -37.99  1.01058
0.978764 -37.9812  1.01073
0.978914 -37.9725  1.01088
0.979065 -37.9638  1.01103
0.979215 -37.9551  1.01118
0.979365 -37.9464  1.01133
0.979515 -37.9377  1.01148
0.979665  -37.929  1.01163
0.979815 -37.9203  1.01178
0.979965 -37.9116  1.01193
0.980115 -37.9029  1.01193
0.980265 -37.8942  1.01208
0.980415 -37.8855  1.01223
0.980565 -37.8768  1.01238
0.980715 -37.8681  1.01253
0.980865 -37.8594  1.01268
0.981016 -37.8508  1.01283
0.981166 -37.8421  1.01298
0.981316 -37.8334  1.01313
0.981466 -37.8248  1.01328
0.981616 -37.8161  1.01343
0.981766 -37.8074  1.01358
0.981916 -37.7988  1.01373
0.982066 -37.7901  1.01388
0.982216 -37.7815  1.01403
0.982366 -37.7728  1.01403
0.982516 -37.7642  1.01418
0.982666 -37.7555  1.01433
0.982816 -37.7469  1.01448
0.982966 -37.7382  1.01463
0.983117 -37.7296  1.01478
0.983267  -37.721  1.01493
0.983417 -37.7123  1.01508
0.983567 -37.7037  1.01523
0.983717 -37.6951  1.01538
0.983867 -37.6864  1.01553
0.984017 -37.6778  1.01568
0.984167 -37.6692  1.01583
0.984317 -37.6606  1.01598
0.984467  -37.652  1.01598
0.984617 -37.6434  1.01613
0.984767 -37.6348  1.01628
0.984917 -37.6262  1.01643
0.985068 -37.6176  1.01658
0.985218  -37.609  1.01673
0.985368 -37.6004  1.01688
0.985518 -37.5918  1.01703
0.985668 -37.5832  1.01718
0.985818 -37.5746  1.01733
0.985968  -37.566  1.01748
0.986118 -37.5575  1.01763
0.986268 -37.5489  1.01778
0.986418 -37.5403  1.01793
0.986568 -37.5317  1.01793
0.986718 -37.5232  1.01808
0.986868 -37.5146  1.01823
0.987019  -37.506  1.01838
0.987169 -37.4975  1.01853
0.987319 -37.4889  1.01868
0.987469 -37.4804  1.01883
0.987619 -37.4718  1.01898
0.987769 -37.4633  1.01913
0.987919 -37.4547  1.01928
0.988069 -37.4462  1.01943
0.988219 -37.4376  1.01958
0.988369 -37.4291  1.01973
0.988519 -37.4206  1.01988
0.988669  -37.412  1.01988
0.988819 -37.4035  1.02004
0.988969  -37.395  1.02019
 0.98912 -37.3865  1.02034
 0.98927 -37.3779  1.02049
 0.98942 -37.3694  1.02064
 0.98957 -37.3609  1.02079
 0.98972 -37.3524  1.02094
 0.98987 -37.3439  1.02109
 0.99002 -37.3354  1.02124
 0.99017 -37.3269  1.02139
 0.99032 -37.3184  1.02154
 0.99047 -37.3099  1.02169
 0.99062 -37.3014  1.02184
 0.99077 -37.2929  1.02184
 0.99092 -37.2844  1.02199
0.991071 -37.2759  1.02214
0.991221 -37.2674  1.02229
0.991371 -37.2589  1.02244
0.991521 -37.2505  1.02259
0.991671  -37.242  1.02274
0.991821 -37.2335  1.02289
0.991971  -37.225  1.02304
0.992121 -37.2166  1.02319
0.992271 -37.2081  1.02334
0.992421 -37.1997  1.02349
0.992571 -37.1912  1.02364
0.992721 -37.1827  1.02379
0.992871 -37.1743  1.02394
0.993022 -37.1658  1.02394
0.993172 -37.1574  1.02409
0.993322 -37.1489  1.02424
0.993472 -37.1405  1.02439
0.993622 -37.1321  1.02454
0.993772 -37.1236  1.02469
0.993922 -37.1152  1.02484
0.994072 -37.1068  1.02499
0.994222 -37.0983  1.02514
0.994372 -37.0899  1.02529
0.994522 -37.0815  1.02544
0.994672 -37.0731  1.02559
0.994822 -37.0646  1.02574
0.994972 -37.0562  1.02589
0.995123 -37.0478  1.02589
0.995273 -37.0394  1.02604
0.995423  -37.031  1.02619
0.995573 -37.0226  1.02634
0.995723 -37.0142  1.02649
0.995873 -37.0058  1.02664
0.996023 -36.9974  1.02679
0.996173  -36.989  1.02694
0.996323 -36.9806  1.02709
0.996473 -36.9722  1.02724
0.996623 -36.9639  1.02739
0.996773 -36.9555  1.02754
0.996923 -36.9471  1.02769
0.997074 -36.9387  1.02784
0.997224 -36.9303  1.02784
0.997374  -36.922  1.02799
0.997524 -36.9136  1.02814
0.997674 -36.9052  1.02829
0.997824 -36.8969  1.02844
0.997974 -36.8885  1.02859
0.998124 -36.8802  1.02874
0.998274 -36.8718  1.02889
0.998424 -36.8635  1.02904
0.998574 -36.8551  1.02919
0.998724 -36.8468  1.02934
0.998874 -36.8384  1.02949
0.999025 -36.8301  1.02964
0.999175 -36.8217  1.02979
0.999325 -36.8134  1.02979
0.999475 -36.8051  1.02994
0.999625 -36.7968  1.03009
0.999775 -36.7884  1.03024
0.999925 -36.7801  1.03039
 1.00008 -36.7718  1.03054
 1.00023 -36.7635  1.03069
 1.00038 -36.7551  1.03084
 1.00053 -36.7468  1.03099
 1.00068 -36.7385  1.03114
 1.00083 -36.7302  1.03129
 1.00098 -36.7219  1.03144
 1.00113 -36.7136  1.03159
 1.00128 -36.7053  1.03174
 1.00143  -36.697  1.03189
 1.00158 -36.6887  1.03189
 1.00173 -36.6804  1.03204
 1.00188 -36.6721  1.03219
 1.00203 -36.6639  1.03234
 1.00218 -36.6556  1.03249
 1.00233 -36.6473  1.03264
 1.00248  -36.639  1.03279
 1.00263 -36.6307  1.03294
 1.00278 -36.6225  1.03309
 1.00293 -36.6142  1.03324
 1.00308 -36.6059  1.03339
 1.00323 -36.5977  1.03354
 1.00338 -36.5894  1.03369
 1.00353 -36.5811  1.03384
 1.00368 -36.5729  1.03384
 1.00383 -36.5646  1.03399
 1.00398 -36.5564  1.03414
 1.00413 -36.5481  1.03429
 1.00428 -36.5399  1.03444
 1.00443 -36.5316  1.03459
 1.00458 -36.5234  1.03474
 1.00473 -36.5152  1.03489
 1.00488 -36.5069  1.03504
 1.00503 -36.4987  1.03519
 1.00518 -36.4905  1.03534
 1.00533 -36.4823  1.03549
 1.00548  -36.474  1.03564
 1.00563 -36.4658  1.03579
 1.00578 -36.4576  1.03579
 1.00593 -36.4494  1.03594
 1.00608 -36.4412  1.03609
 1.00623 -36.4329  1.03624
 1.00638 -36.4247  1.03639
 1.00653 -36.4165  1.03654
 1.00668 -36.4083  1.03669
 1.00683 -36.4001  1.03684
 1.00698 -36.3919  1.03699
 1.00713 -36.3837  1.03714
 1.00728 -36.3755  1.03729
 1.00743 -36.3674  1.03744
 1.00758 -36.3592  1.03759
 1.00773  -36.351  1.03774
 1.00788 -36.3428  1.03774
 1.00803 -36.3346  1.03789
 1.00818 -36.3265  1.03804
 1.00833 -36.3183  1.03819
 1.00848 -36.3101  1.03834
 1.00863 -36.3019  1.03849
 1.00878 -36.2938  1.03864
 1.00893 -36.2856  1.03879
 1.00908 -36.2775  1.03894
 1.00923 -36.2693  1.03909
 1.00938 -36.2611  1.03924
 1.00953  -36.253  1.03939
 1.00968 -36.2448  1.03954
 1.00983 -36.2367  1.03969
 1.00998 -36.2286  1.03984
 1.01013 -36.2204  1.03984
 1.01028 -36.2123  1.03999
 1.01043 -36.2041  1.04015
 1.01058  -36.196   1.0403
 1.01073 -36.1879  1.04045
 1.01088 -36.1797   1.0406
 1.01103 -36.1716  1.04075
 1.01118 -36.1635   1.0409
 1.01133 -36.1554  1.04105
 1.01148 -36.1473   1.0412
 1.01163 -36.1391  1.04135
 1.01178  -36.131   1.0415
 1.01193 -36.1229  1.04165
 1.01208 -36.1148   1.0418
 1.01223 -36.1067   1.0418
 1.01238 -36.0986  1.04195
 1.01253 -36.0905   1.0421
 1.01268 -36.0824  1.04225
 1.01283 -36.0743   1.0424
 1.01298 -36.0662  1.04255
 1.01313 -36.0581   1.0427
 1.01328   -36.05  1.04285
 1.01343  -36.042    1.043
 1.01358 -36.0339  1.04315
 1.01373 -36.0258   1.0433
 1.01388 -36.0177  1.04345
 1.01403 -36.0097   1.0436
 1.01418 -36.0016  1.04375
 1.01433 -35.9935  1.04375
 1.01448 -35.9855   1.0439
 1.01463 -35.9774  1.04405
 1.01478 -35.9693   1.0442
 1.01493 -35.9613  1.04435
 1.01508 -35.9532   1.0445
 1.01523 -35.9452  1.04465
 1.01538 -35.9371   1.0448
 1.01553 -35.9291  1.04495
 1.01568  -35.921   1.0451
 1.01583  -35.913  1.04525
 1.01598 -35.9049   1.0454
 1.01613 -35.8969  1.04555
 1.01628 -35.8889   1.0457
 1.01643 -35.8808   1.0457
 1.01658 -35.8728  1.04585
 1.01673 -35.8648    1.046
 1.01688 -35.8568  1.04615
 1.01703 -35.8487   1.0463
 1.01718 -35.8407  1.04645
 1.01733 -35.8327   1.0466
 1.01748 -35.8247  1.04675
 1.01763 -35.8167   1.0469
 1.01778 -35.8087  1.04705
 1.01793 -35.8007   1.0472
 1.01808 -35.7927  1.04735
 1.01823 -35.7847   1.0475
 1.01838 -35.7767  1.04765
 1.01853 -35.7687   1.0478
 1.01868 -35.7607   1.0478
 1.01883 -35.7527  1.04795
 1.01898 -35.7447   1.0481
 1.01913 -35.7367  1.04825
 1.01928 -35.7287   1.0484
 1.01943 -35.7207  1.04855
 1.01958 -35.7128   1.0487
 1.01973 -35.7048  1.04885
 1.01988 -35.6968    1.049
 1.02004 -35.6889  1.04915
 1.02019 -35.6809   1.0493
 1.02034 -35.6729  1.04945
 1.02049  -35.665   1.0496
 1.02064  -35.657  1.04975
 1.02079  -35.649  1.04975
 1.02094 -35.6411   1.0499
 1.02109 -35.6331  1.05005
 1.02124 -35.6252   1.0502
 1.02139 -35.6172  1.05035
 1.02154 -35.6093   1.0505
 1.02169 -35.6014  1.05065
 1.02184 -35.5934   1.0508
 1.02199 -35.5855  1.05095
 1.02214 -35.5775   1.0511
 1.02229 -35.5696  1.05125
 1.02244 -35.5617   1.0514
 1.02259 -35.5538  1.05155
 1.02274 -35.5458   1.0517
 1.02289 -35.5379   1.0517
 1.02304   -35.53  1.05185
 1.02319 -35.5221    1.052
 1.02334 -35.5142  1.05215
 1.02349 -35.5063   1.0523
 1.02364 -35.4983  1.05245
 1.02379 -35.4904   1.0526
 1.02394 -35.4825  1.05275
 1.02409 -35.4746   1.0529
 1.02424 -35.4667  1.05305
 1.02439 -35.4588   1.0532
 1.02454 -35.4509  1.05335
 1.02469 -35.4431   1.0535
 1.02484 -35.4352  1.05365
 1.02499 -35.4273  1.05365
 1.02514 -35.4194   1.0538
 1.02529 -35.4115  1.05395
 1.02544 -35.4036   1.0541
 1.02559 -35.3958  1.05425
 1.02574 -35.3879   1.0544
 1.02589   -35.38  1.05455
 1.02604 -35.3721   1.0547
 1.02619 -35.3643  1.05485
 1.02634 -35.3564    1.055
 1.02649 -35.3486  1.05515
 1.02664 -35.3407   1.0553
 1.02679 -35.3328  1.05545
 1.02694  -35.325   1.0556
 1.02709 -35.3171  1.05575
 1.02724 -35.3093  1.05575
 1.02739 -35.3014   1.0559
 1.02754 -35.2936  1.05605
 1.02769 -35.2858   1.0562
 1.02784 -35.2779  1.05635
 1.02799 -35.2701   1.0565
 1.02814 -35.2623  1.05665
 1.02829 -35.2544   1.0568
 1.02844 -35.2466  1.05695
 1.02859 -35.2388   1.0571
 1.02874 -35.2309  1.05725
 1.02889 -35.2231   1.0574
 1.02904 -35.2153  1.05755
 1.02919 -35.2075   1.0577
 1.02934 -35.1997   1.0577
 1.02949 -35.1919  1.05785
 1.02964 -35.1841    1.058
 1.02979 -35.1763  1.05815
 1.02994 -35.1685   1.0583
 1.03009 -35.1606  1.05845
 1.03024 -35.1529   1.0586
 1.03039 -35.1451  1.05875
 1.03054 -35.1373   1.0589
 1.03069 -35.1295  1.05905
 1.03084 -35.1217   1.0592
 1.03099 -35.1139  1.05935
 1.03114 -35.1061   1.0595
 1.03129 -35.0983  1.05965
 1.03144 -35.0906  1.05965
 1.03159 -35.0828   1.0598
 1.03174  -35.075  1.05995
 1.03189 -35.0672  1.06011
 1.03204 -35.0595  1.06026
 1.03219 -35.0517  1.06041
 1.03234 -35.0439  1.06056
 1.03249 -35.0362  1.06071
 1.03264 -35.0284  1.06086
 1.03279 -35.0207  1.06101
 1.03294 -35.0129  1.06116
 1.03309 -35.0052  1.06131
 1.03324 -34.9974  1.06146
 1.03339 -34.9897  1.06161
 1.03354 -34.9819  1.06161
 1.03369 -34.9742  1.06176
 1.03384 -34.9664  1.06191
 1.03399 -34.9587  1.06206
 1.03414  -34.951  1.06221
 1.03429 -34.9432  1.06236
 1.03444 -34.9355  1.06251
 1.03459 -34.9278  1.06266
 1.03474 -34.9201  1.06281
 1.03489 -34.9123  1.06296
 1.03504 -34.9046  1.06311
 1.03519 -34.8969  1.06326
 1.03534 -34.8892  1.06341
 1.03549 -34.8815  1.06356
 1.03564 -34.8738  1.06356
 1.03579 -34.8661  1.06371
 1.03594 -34.8583  1.06386
 1.03609 -34.8506  1.06401
 1.03624 -34.8429  1.06416
 1.03639 -34.8352  1.06431
 1.03654 -34.8276  1.06446
 1.03669 -34.8199  1.06461
 1.03684 -34.8122  1.06476
 1.03699 -34.8045  1.06491
 1.03714 -34.7968  1.06506
 1.03729 -34.7891  1.06521
 1.03744 -34.7814  1.06536
 1.03759 -34.7738  1.06551
 1.03774 -34.7661  1.06566
 1.03789 -34.7584  1.06566
 1.03804 -34.7507  1.06581
 1.03819 -34.7431  1.06596
 1.03834 -34.7354  1.06611
 1.03849 -34.7277  1.06626
 1.03864 -34.7201  1.06641
 1.03879 -34.7124  1.06656
 1.03894 -34.7048  1.06671
 1.03909 -34.6971  1.06686
 1.03924 -34.6895  1.06701
 1.03939 -34.6818  1.06716
 1.03954 -34.6742  1.06731
 1.03969 -34.6665  1.06746
 1.03984 -34.6589  1.06761
 1.03999 -34.6512  1.06761
 1.04015 -34.6436  1.06776
  1.0403  -34.636  1.06791
 1.04045 -34.6283  1.06806
  1.0406 -34.6207  1.06821
 1.04075 -34.6131  1.06836
  1.0409 -34.6055  1.06851
 1.04105 -34.5978  1.06866
  1.0412 -34.5902  1.06881
 1.04135 -34.5826  1.06896
  1.0415  -34.575  1.06911
 1.04165 -34.5674  1.06926
  1.0418 -34.5598  1.06941
 1.04195 -34.5522  1.06956
  1.0421 -34.5446  1.06956
 1.04225 -34.5369  1.06971
  1.0424 -34.5293  1.06986
 1.04255 -34.5217  1.07001
  1.0427 -34.5142  1.07016
 1.04285 -34.5066  1.07031
   1.043  -34.499  1.07046
 1.04315 -34.4914  1.07061
  1.0433 -34.4838  1.07076
 1.04345 -34.4762  1.07091
  1.0436 -34.4686  1.07106
 1.04375 -34.4611  1.07121
  1.0439 -34.4535  1.07136
 1.04405 -34.4459  1.07151
  1.0442 -34.4383  1.07151
 1.04435 -34.4308  1.07166
  1.0445 -34.4232  1.07181
 1.04465 -34.4156  1.07196
  1.0448 -34.4081  1.07211
 1.04495 -34.4005  1.07226
  1.0451 -34.3929  1.07241
 1.04525 -34.3854  1.07256
  1.0454 -34.3778  1.07271
 1.04555 -34.3703  1.07286
  1.0457 -34.3627  1.07301
 1.04585 -34.3552  1.07316
   1.046 -34.3477  1.07331
 1.04615 -34.3401  1.07346
  1.0463 -34.3326  1.07346
 1.04645  -34.325  1.07361
  1.0466 -34.3175  1.07376
 1.04675   -34.31  1.07391
  1.0469 -34.3024  1.07406
 1.04705 -34.2949  1.07421
  1.0472 -34.2874  1.07436
 1.04735 -34.2799  1.07451
  1.0475 -34.2723  1.07466
 1.04765 -34.2648  1.07481
  1.0478 -34.2573  1.07496
 1.04795 -34.2498  1.07511
  1.0481 -34.2423  1.07526
 1.04825 -34.2348  1.07541
  1.0484 -34.2273  1.07556
 1.04855 -34.2198  1.07556
  1.0487 -34.2123  1.07571
 1.04885 -34.2048  1.07586
   1.049 -34.1973  1.07601
 1.04915 -34.1898  1.07616
  1.0493 -34.1823  1.07631
 1.04945 -34.1748  1.07646
  1.0496 -34.1673  1.07661
 1.04975 -34.1598  1.07676
  1.0499 -34.1524  1.07691
 1.05005 -34.1449  1.07706
  1.0502 -34.1374  1.07721
 1.05035 -34.1299  1.07736
  1.0505 -34.1225  1.07751
 1.05065  -34.115  1.07751
  1.0508 -34.1075  1.07766
 1.05095    -34.1  1.07781
  1.0511 -34.0926  1.07796
 1.05125 -34.0851  1.07811
  1.0514 -34.0777  1.07826
 1.05155 -34.0702  1.07841
  1.0517 -34.0628  1.07856
 1.05185 -34.0553  1.07871
   1.052 -34.0479  1.07886
 1.05215 -34.0404  1.07901
  1.0523  -34.033  1.07916
 1.05245 -34.0255  1.07931
  1.0526 -34.0181  1.07931
 1.05275 -34.0106  1.07946
  1.0529 -34.0032  1.07961
 1.05305 -33.9958  1.07976
  1.0532 -33.9883  1.07991
 1.05335 -33.9809  1.08007
  1.0535 -33.9735  1.08022
 1.05365 -33.9661  1.08037
  1.0538 -33.9586  1.08052
 1.05395 -33.9512  1.08067
  1.0541 -33.9438  1.08082
 1.05425 -33.9364  1.08097
  1.0544  -33.929  1.08112
 1.05455 -33.9216  1.08127
  1.0547 -33.9142  1.08142
 1.05485 -33.9068  1.08142
   1.055 -33.8994  1.08157
 1.05515  -33.892  1.08172
  1.0553 -33.8846  1.08187
 1.05545 -33.8772  1.08202
  1.0556 -33.8698  1.08217
 1.05575 -33.8624  1.08232
  1.0559  -33.855  1.08247
 1.05605 -33.8476  1.08262
  1.0562 -33.8402  1.08277
 1.05635 -33.8328  1.08292
  1.0565 -33.8255  1.08307
 1.05665 -33.8181  1.08322
  1.0568 -33.8107  1.08337
 1.05695 -33.8033  1.08337
  1.0571  -33.796  1.08352
 1.05725 -33.7886  1.08367
  1.0574 -33.7812  1.08382
 1.05755 -33.7739  1.08397
  1.0577 -33.7665  1.08412
 1.05785 -33.7591  1.08427
   1.058 -33.7518  1.08442
 1.05815 -33.7444  1.08457
  1.0583 -33.7371  1.08472
 1.05845 -33.7297  1.08487
  1.0586 -33.7224  1.08502
 1.05875  -33.715  1.08517
  1.0589 -33.7077  1.08532
 1.05905 -33.7004  1.08532
  1.0592  -33.693  1.08547
 1.05935 -33.6857  1.08562
  1.0595 -33.6783  1.08577
 1.05965  -33.671  1.08592
  1.0598 -33.6637  1.08607
 1.05995 -33.6564  1.08622
 1.06011  -33.649  1.08637
 1.06026 -33.6417  1.08652
 1.06041 -33.6344  1.08667
 1.06056 -33.6271  1.08682
 1.06071 -33.6198  1.08697
 1.06086 -33.6124  1.08712
 1.06101 -33.6051  1.08727
 1.06116 -33.5978  1.08727
 1.06131 -33.5905  1.08742
 1.06146 -33.5832  1.08757
 1.06161 -33.5759  1.08772
 1.06176 -33.5686  1.08787
 1.06191 -33.5613  1.08802
 1.06206  -33.554  1.08817
 1.06221 -33.5467  1.08832
 1.06236 -33.5394  1.08847
 1.06251 -33.5322  1.08862
 1.06266 -33.5249  1.08877
 1.06281 -33.5176  1.08892
 1.06296 -33.5103  1.08907
 1.06311  -33.503  1.08922
 1.06326 -33.4957  1.08922
 1.06341 -33.4885  1.08937
 1.06356 -33.4812  1.08952
 1.06371 -33.4739  1.08967
 1.06386 -33.4667  1.08982
 1.06401 -33.4594  1.08997
 1.06416 -33.4521  1.09012
 1.06431 -33.4449  1.09027
 1.06446 -33.4376  1.09042
 1.06461 -33.4304  1.09057
 1.06476 -33.4231  1.09072
 1.06491 -33.4158  1.09087
 1.06506 -33.4086  1.09102
 1.06521 -33.4013  1.09117
 1.06536 -33.3941  1.09117
 1.06551 -33.3869  1.09132
 1.06566 -33.3796  1.09147
 1.06581 -33.3724  1.09162
 1.06596 -33.3651  1.09177
 1.06611 -33.3579  1.09192
 1.06626 -33.3507  1.09207
 1.06641 -33.3434  1.09222
 1.06656 -33.3362  1.09237
 1.06671  -33.329  1.09252
 1.06686 -33.3218  1.09267
 1.06701 -33.3146  1.09282
 1.06716 -33.3073  1.09297
 1.06731 -33.3001  1.09312
 1.06746 -33.2929  1.09312
 1.06761 -33.2857  1.09327
 1.06776 -33.2785  1.09342
 1.06791 -33.2713  1.09357
 1.06806 -33.2641  1.09372
 1.06821 -33.2569  1.09387
 1.06836 -33.2497  1.09402
 1.06851 -33.2425  1.09417
 1.06866 -33.2353  1.09432
 1.06881 -33.2281  1.09447
 1.06896 -33.2209  1.09462
 1.06911 -33.2137  1.09477
 1.06926 -33.2065  1.09492
 1.06941 -33.1993  1.09507
 1.06956 -33.1921  1.09522
 1.06971  -33.185  1.09522
 1.06986 -33.1778  1.09537
 1.07001 -33.1706  1.09552
 1.07016 -33.1634  1.09567
 1.07031 -33.1563  1.09582
 1.07046 -33.1491  1.09597
 1.07061 -33.1419  1.09612
 1.07076 -33.1348  1.09627
 1.07091 -33.1276  1.09642
 1.07106 -33.1204  1.09657
 1.07121 -33.1133  1.09672
 1.07136 -33.1061  1.09687
 1.07151  -33.099  1.09702
 1.07166 -33.0918  1.09702
 1.07181 -33.0847  1.09717
 1.07196 -33.0775  1.09732
 1.07211 -33.0704  1.09747
 1.07226 -33.0632  1.09762
 1.07241 -33.0561  1.09777
 1.07256 -33.0489  1.09792
 1.07271 -33.0418  1.09807
 1.07286 -33.0347  1.09822
 1.07301 -33.0275  1.09837
 1.07316 -33.0204  1.09852
 1.07331 -33.0133  1.09867
 1.07346 -33.0062  1.09882
 1.07361  -32.999  1.09897
 1.07376 -32.9919  1.09912
 1.07391 -32.9848  1.09912
 1.07406 -32.9777  1.09927
 1.07421 -32.9706  1.09942
 1.07436 -32.9634  1.09957
 1.07451 -32.9563  1.09972
 1.07466 -32.9492  1.09987
 1.07481 -32.9421  1.10003
 1.07496  -32.935  1.10018
 1.07511 -32.9279  1.10033
 1.07526 -32.9208  1.10048
 1.07541 -32.9137  1.10063
 1.07556 -32.9066  1.10078
 1.07571 -32.8995  1.10093
 1.07586 -32.8924  1.10108
 1.07601 -32.8854  1.10108
 1.07616 -32.8783  1.10123
 1.07631 -32.8712  1.10138
 1.07646 -32.8641  1.10153
 1.07661  -32.857  1.10168
 1.07676 -32.8499  1.10183
 1.07691 -32.8429  1.10198
 1.07706 -32.8358  1.10213
 1.07721 -32.8287  1.10228
 1.07736 -32.8217  1.10243
 1.07751 -32.8146  1.10258
 1.07766 -32.8075  1.10273
 1.07781 -32.8005  1.10288
 1.07796 -32.7934  1.10303
 1.07811 -32.7863  1.10303
 1.07826 -32.7793  1.10318
 1.07841 -32.7722  1.10333
 1.07856 -32.7652  1.10348
 1.07871 -32.7581  1.10363
 1.07886 -32.7511  1.10378
 1.07901  -32.744  1.10393
 1.07916  -32.737  1.10408
 1.07931   -32.73  1.10423
 1.07946 -32.7229  1.10438
 1.07961 -32.7159  1.10453
 1.07976 -32.7089  1.10468
 1.07991 -32.7018  1.10483
 1.08007 -32.6948  1.10498
 1.08022 -32.6878  1.10498
 1.08037 -32.6807  1.10513
 1.08052 -32.6737  1.10528
 1.08067 -32.6667  1.10543
 1.08082 -32.6597  1.10558
 1.08097 -32.6527  1.10573
 1.08112 -32.6456  1.10588
 1.08127 -32.6386  1.10603
 1.08142 -32.6316  1.10618
 1.08157 -32.6246  1.10633
 1.08172 -32.6176  1.10648
 1.08187 -32.6106  1.10663
 1.08202 -32.6036  1.10678
 1.08217 -32.5966  1.10693
 1.08232 -32.5896  1.10693
 1.08247 -32.5826  1.10708
 1.08262 -32.5756  1.10723
 1.08277 -32.5686  1.10738
 1.08292 -32.5616  1.10753
 1.08307 -32.5546  1.10768
 1.08322 -32.5477  1.10783
 1.08337 -32.5407  1.10798
 1.08352 -32.5337  1.10813
 1.08367 -32.5267  1.10828
 1.08382 -32.5197  1.10843
 1.08397 -32.5128  1.10858
 1.08412 -32.5058  1.10873
 1.08427 -32.4988  1.10888
 1.08442 -32.4919  1.10888
 1.08457 -32.4849  1.10903
 1.08472 -32.4779  1.10918
 1.08487  -32.471  1.10933
 1.08502  -32.464  1.10948
 1.08517 -32.4571  1.10963
 1.08532 -32.4501  1.10978
 1.08547 -32.4431  1.10993
 1.08562 -32.4362  1.11008
 1.08577 -32.4292  1.11023
 1.08592 -32.4223  1.11038
 1.08607 -32.4154  1.11053
 1.08622 -32.4084  1.11068
 1.08637 -32.4015  1.11068
 1.08652 -32.3945  1.11083
 1.08667 -32.3876  1.11098
 1.08682 -32.3807  1.11113
 1.08697 -32.3737  1.11128
 1.08712 -32.3668  1.11143
 1.08727 -32.3599  1.11158
 1.08742  -32.353  1.11173
 1.08757  -32.346  1.11188
 1.08772 -32.3391  1.11203
 1.08787 -32.3322  1.11218
 1.08802 -32.3253  1.11233
 1.08817 -32.3184  1.11248
 1.08832 -32.3115  1.11263
 1.08847 -32.3045  1.11263
 1.08862 -32.2976  1.11278
 1.08877 -32.2907  1.11293
 1.08892 -32.2838  1.11308
 1.08907 -32.2769  1.11323
 1.08922   -32.27  1.11338
 1.08937 -32.2631  1.11353
 1.08952 -32.2562  1.11368
 1.08967 -32.2493  1.11383
 1.08982 -32.2424  1.11398
 1.08997 -32.2356  1.11413
 1.09012 -32.2287  1.11428
 1.09027 -32.2218  1.11443
 1.09042 -32.2149  1.11443
 1.09057  -32.208  1.11458
 1.09072 -32.2011  1.11473
 1.09087 -32.1943  1.11488
 1.09102 -32.1874  1.11503
 1.09117 -32.1805  1.11518
 1.09132 -32.1737  1.11533
 1.09147 -32.1668  1.11548
 1.09162 -32.1599  1.11563
 1.09177 -32.1531  1.11578
 1.09192 -32.1462  1.11593
 1.09207 -32.1393  1.11608
 1.09222 -32.1325  1.11623
 1.09237 -32.1256  1.11638
 1.09252 -32.1188  1.11638
 1.09267 -32.1119  1.11653
 1.09282 -32.1051  1.11668
 1.09297 -32.0982  1.11683
 1.09312 -32.0914  1.11698
 1.09327 -32.0845  1.11713
 1.09342 -32.0777  1.11728
 1.09357 -32.0709  1.11743
 1.09372  -32.064  1.11758
 1.09387 -32.0572  1.11773
 1.09402 -32.0504  1.11788
 1.09417 -32.0435  1.11803
 1.09432 -32.0367  1.11818
 1.09447 -32.0299  1.11833
 1.09462 -32.0231  1.11833
 1.09477 -32.0162  1.11848
 1.09492 -32.0094  1.11863
 1.09507 -32.0026  1.11878
 1.09522 -31.9958  1.11893
 1.09537  -31.989  1.11908
 1.09552 -31.9822  1.11923
 1.09567 -31.9754  1.11938
 1.09582 -31.9685  1.11953
 1.09597 -31.9617  1.11968
 1.09612 -31.9549  1.11983
 1.09627 -31.9481  1.11998
 1.09642 -31.9413  1.11998
 1.09657 -31.9346  1.12014
 1.09672 -31.9278  1.12029
 1.09687  -31.921  1.12044
 1.09702 -31.9142  1.12059
 1.09717 -31.9074  1.12074
 1.09732 -31.9006  1.12089
 1.09747 -31.8938  1.12104
 1.09762  -31.887  1.12119
 1.09777 -31.8803  1.12134
 1.09792 -31.8735  1.12149
 1.09807 -31.8667  1.12149
 1.09822   -31.86  1.12164
 1.09837 -31.8532  1.12179
 1.09852 -31.8464  1.12194
 1.09867 -31.8397  1.12209
 1.09882 -31.8329  1.12224
 1.09897 -31.8261  1.12239
 1.09912 -31.8194  1.12254
 1.09927 -31.8126  1.12269
 1.09942 -31.8059  1.12284
 1.09957 -31.7991  1.12299
 1.09972 -31.7924  1.12314
 1.09987 -31.7856  1.12314
 1.10003 -31.7789  1.12329
 1.10018 -31.7721  1.12344
 1.10033 -31.7654  1.12359
 1.10048 -31.7587  1.12374
 1.10063 -31.7519  1.12389
 1.10078 -31.7452  1.12404
 1.10093 -31.7385  1.12419
 1.10108 -31.7317  1.12434
 1.10123  -31.725  1.12449
 1.10138 -31.7183  1.12464
 1.10153 -31.7116  1.12479
 1.10168 -31.7048  1.12479
 1.10183 -31.6981  1.12494
 1.10198 -31.6914  1.12509
 1.10213 -31.6847  1.12524
 1.10228  -31.678  1.12539
 1.10243 -31.6713  1.12554
 1.10258 -31.6646  1.12569
 1.10273 -31.6579  1.12584
 1.10288 -31.6512  1.12599
 1.10303 -31.6445  1.12614
 1.10318 -31.6378  1.12629
 1.10333 -31.6311  1.12629
 1.10348 -31.6244  1.12644
 1.10363 -31.6177  1.12659
 1.10378  -31.611  1.12674
 1.10393 -31.6043  1.12689
 1.10408 -31.5976  1.12704
 1.10423 -31.5909  1.12719
 1.10438 -31.5842  1.12734
 1.10453 -31.5776  1.12749
 1.10468 -31.5709  1.12764
 1.10483 -31.5642  1.12779
 1.10498 -31.5575  1.12794
 1.10513 -31.5509  1.12794
 1.10528 -31.5442  1.12809
 1.10543 -31.5375  1.12824
 1.10558 -31.5309  1.12839
 1.10573 -31.5242  1.12854
 1.10588 -31.5176  1.12869
 1.10603 -31.5109  1.12884
 1.10618 -31.5042  1.12899
 1.10633 -31.4976  1.12914
 1.10648 -31.4909  1.12929
 1.10663 -31.4843  1.12944
 1.10678 -31.4776  1.12944
 1.10693  -31.471  1.12959
 1.10708 -31.4644  1.12974
 1.10723 -31.4577  1.12989
 1.10738 -31.4511  1.13004
 1.10753 -31.4444  1.13019
 1.10768 -31.4378  1.13034
 1.10783 -31.4312  1.13049
 1.10798 -31.4245  1.13064
 1.10813 -31.4179  1.13079
 1.10828 -31.4113  1.13094
 1.10843 -31.4047  1.13109
 1.10858 -31.3981  1.13109
 1.10873 -31.3914  1.13124
 1.10888 -31.3848  1.13139
 1.10903 -31.3782  1.13154
 1.10918 -31.3716  1.13169
 1.10933  -31.365  1.13184
 1.10948 -31.3584  1.13199
 1.10963 -31.3518  1.13214
 1.10978 -31.3452  1.13229
 1.10993 -31.3386  1.13244
 1.11008  -31.332  1.13259
 1.11023 -31.3254  1.13259
 1.11038 -31.3188  1.13274
 1.11053 -31.3122  1.13289
 1.11068 -31.3056  1.13304
 1.11083  -31.299  1.13319
 1.11098 -31.2924  1.13334
 1.11113 -31.2858  1.13349
 1.11128 -31.2793  1.13364
 1.11143 -31.2727  1.13379
 1.11158 -31.2661  1.13394
 1.11173 -31.2595  1.13409
 1.11188 -31.2529  1.13409
 1.11203 -31.2464  1.13424
 1.11218 -31.2398  1.13439
 1.11233 -31.2332  1.13454
 1.11248 -31.2267  1.13469
 1.11263 -31.2201  1.13469
 1.11278 -31.2136  1.13484
 1.11293  -31.207  1.13499
 1.11308 -31.2005  1.13514
 1.11323 -31.1939  1.13529
 1.11338 -31.1874  1.13529
 1.11353 -31.1809  1.13544
 1.11368 -31.1743  1.13559
 1.11383 -31.1678  1.13574
 1.11398 -31.1613  1.13589
 1.11413 -31.1547  1.13604
 1.11428 -31.1482  1.13604
 1.11443 -31.1417  1.13619
 1.11458 -31.1352  1.13634
 1.11473 -31.1287  1.13649
 1.11488 -31.1222  1.13664
 1.11503 -31.1156  1.13664
 1.11518 -31.1091  1.13679
 1.11533 -31.1026  1.13694
 1.11548 -31.0961  1.13709
 1.11563 -31.0897  1.13724
 1.11578 -31.0832  1.13739
 1.11593 -31.0767  1.13739
 1.11608 -31.0702  1.13754
 1.11623 -31.0637  1.13769
 1.11638 -31.0572  1.13784
 1.11653 -31.0507  1.13799
 1.11668 -31.0443  1.13799
 1.11683 -31.0378  1.13814
 1.11698 -31.0313  1.13829
 1.11713 -31.0249  1.13844
 1.11728 -31.0184  1.13859
 1.11743  -31.012  1.13874
 1.11758 -31.0055  1.13874
 1.11773  -30.999  1.13889
 1.11788 -30.9926  1.13904
 1.11803 -30.9861  1.13919
 1.11818 -30.9797  1.13934
 1.11833 -30.9733  1.13934
 1.11848 -30.9668  1.13949
 1.11863 -30.9604  1.13964
 1.11878  -30.954  1.13979
 1.11893 -30.9475  1.13994
 1.11908 -30.9411  1.13994
 1.11923 -30.9347   1.1401
 1.11938 -30.9283  1.14025
 1.11953 -30.9219   1.1404
 1.11968 -30.9154  1.14055
 1.11983  -30.909   1.1407
 1.11998 -30.9026   1.1407
 1.12014 -30.8962  1.14085
 1.12029 -30.8898    1.141
 1.12044 -30.8834  1.14115
 1.12059  -30.877   1.1413
 1.12074 -30.8706   1.1413
 1.12089 -30.8643  1.14145
 1.12104 -30.8579   1.1416
 1.12119 -30.8515  1.14175
 1.12134 -30.8451   1.1419
 1.12149 -30.8387   1.1419
 1.12164 -30.8324  1.14205
 1.12179  -30.826   1.1422
 1.12194 -30.8196  1.14235
 1.12209 -30.8133   1.1425
 1.12224 -30.8069   1.1425
 1.12239 -30.8006  1.14265
 1.12254 -30.7942   1.1428
 1.12269 -30.7878  1.14295
 1.12284 -30.7815   1.1431
 1.12299 -30.7752  1.14325
 1.12314 -30.7688  1.14325
 1.12329 -30.7625   1.1434
 1.12344 -30.7561  1.14355
 1.12359 -30.7498   1.1437
 1.12374 -30.7435  1.14385
 1.12389 -30.7372  1.14385
 1.12404 -30.7308    1.144
 1.12419 -30.7245  1.14415
 1.12434 -30.7182   1.1443
 1.12449 -30.7119  1.14445
 1.12464 -30.7056  1.14445
 1.12479 -30.6993   1.1446
 1.12494  -30.693  1.14475
 1.12509 -30.6866   1.1449
 1.12524 -30.6803  1.14505
 1.12539 -30.6741   1.1452
 1.12554 -30.6678   1.1452
 1.12569 -30.6615  1.14535
 1.12584 -30.6552   1.1455
 1.12599 -30.6489  1.14565
 1.12614 -30.6426   1.1458
 1.12629 -30.6363   1.1458
 1.12644 -30.6301  1.14595
 1.12659 -30.6238   1.1461
 1.12674 -30.6175  1.14625
 1.12689 -30.6113   1.1464
 1.12704  -30.605   1.1464
 1.12719 -30.5987  1.14655
 1.12734 -30.5925   1.1467
 1.12749 -30.5862  1.14685
 1.12764   -30.58    1.147
 1.12779 -30.5737  1.14715
 1.12794 -30.5675  1.14715
 1.12809 -30.5612   1.1473
 1.12824  -30.555  1.14745
 1.12839 -30.5487   1.1476
 1.12854 -30.5425  1.14775
 1.12869 -30.5363  1.14775
 1.12884   -30.53   1.1479
 1.12899 -30.5238  1.14805
 1.12914 -30.5176   1.1482
 1.12929 -30.5114  1.14835
 1.12944 -30.5052  1.14835
 1.12959 -30.4989   1.1485
 1.12974 -30.4927  1.14865
 1.12989 -30.4865   1.1488
 1.13004 -30.4803  1.14895
 1.13019 -30.4741   1.1491
 1.13034 -30.4679   1.1491
 1.13049 -30.4617  1.14925
 1.13064 -30.4555   1.1494
 1.13079 -30.4493  1.14955
 1.13094 -30.4432   1.1497
 1.13109  -30.437   1.1497
 1.13124 -30.4308  1.14985
 1.13139 -30.4246     1.15
 1.13154 -30.4184     1.15
 1.13169 -30.4123     1.15
 1.13184 -30.4061     1.15
 1.13199    -30.4     1.15
 1.13214 -30.3939     1.15
 1.13229 -30.3877     1.15
 1.13244 -30.3816     1.15
 1.13259 -30.3755     1.15
 1.13274 -30.3694     1.15
 1.13289 -30.3634     1.15
 1.13304 -30.3573     1.15
 1.13319 -30.3512     1.15
 1.13334 -30.3452     1.15
 1.13349 -30.3392     1.15
 1.13364 -30.3331     1.15
 1.13379 -30.3271     1.15
 1.13394 -30.3211     1.15
 1.13409 -30.3151     1.15
 1.13424 -30.3091     1.15
 1.13439 -30.3032     1.15
 1.13454 -30.2972     1.15
 1.13469 -30.2913     1.15
 1.13484 -30.2853     1.15
 1.13499 -30.2794     1.15
 1.13514 -30.2735     1.15
 1.13529 -30.2675     1.15
 1.13544 -30.2616     1.15
 1.13559 -30.2558     1.15
 1.13574 -30.2499     1.15
 1.13589  -30.244     1.15
 1.13604 -30.2381     1.15
 1.13619 -30.2323     1.15
 1.13634 -30.2264     1.15
 1.13649 -30.2206     1.15
 1.13664 -30.2148     1.15
 1.13679  -30.209     1.15
 1.13694 -30.2032     1.15
 1.13709 -30.1974     1.15
 1.13724 -30.1916     1.15
 1.13739 -30.1858     1.15
 1.13754 -30.1801     1.15
 1.13769 -30.1743     1.15
 1.13784 -30.1686     1.15
 1.13799 -30.1628     1.15
 1.13814 -30.1571     1.15
 1.13829 -30.1514     1.15
 1.13844 -30.1457     1.15
 1.13859   -30.14     1.15
 1.13874 -30.1343     1.15
 1.13889 -30.1286     1.15
 1.13904  -30.123     1.15
 1.13919 -30.1173     1.15
 1.13934 -30.1117     1.15
 1.13949  -30.106     1.15
 1.13964 -30.1004     1.15
 1.13979 -30.0948     1.15
 1.13994 -30.0892     1.15
  1.1401 -30.0836     1.15
 1.14025  -30.078     1.15
  1.1404 -30.0724     1.15
 1.14055 -30.0669     1.15
  1.1407 -30.0613     1.15
 1.14085 -30.0557     1.15
   1.141 -30.0502     1.15
 1.14115 -30.0447     1.15
  1.1413 -30.0391     1.15
 1.14145 -30.0336     1.15
  1.1416 -30.0281     1.15
 1.14175 -30.0226     1.15
  1.1419 -30.0171     1.15
 1.14205 -30.0117     1.15
  1.1422 -30.0062     1.15
 1.14235 -30.0007     1.15
  1.1425 -29.9953     1.15
 1.14265 -29.9898     1.15
  1.1428 -29.9844     1.15
 1.14295  -29.979     1.15
  1.1431 -29.9736     1.15
 1.14325 -29.9682     1.15
  1.1434 -29.9628     1.15
 1.14355 -29.9574     1.15
  1.1437  -29.952     1.15
 1.14385 -29.9467     1.15
   1.144 -29.9413     1.15
 1.14415 -29.9359     1.15
  1.1443 -29.9306     1.15
 1.14445 -29.9253     1.15
  1.1446   -29.92     1.15
 1.14475 -29.9146     1.15
  1.1449 -29.9093     1.15
 1.14505  -29.904     1.15
  1.1452 -29.8988     1.15
 1.14535 -29.8935     1.15
  1.1455 -29.8882     1.15
 1.14565 -29.8829     1.15
  1.1458 -29.8777     1.15
 1.14595 -29.8724     1.15
  1.1461 -29.8672     1.15
 1.14625  -29.862     1.15
  1.1464 -29.8568     1.15
 1.14655 -29.8516     1.15
  1.1467 -29.8464     1.15
 1.14685 -29.8412     1.15
   1.147  -29.836     1.15
 1.14715 -29.8308     1.15
  1.1473 -29.8257     1.15
 1.14745 -29.8205     1.15
  1.1476 -29.8153     1.15
 1.14775 -29.8102     1.15
  1.1479 -29.8051     1.15
 1.14805    -29.8     1.15
  1.1482 -29.7948     1.15
 1.14835 -29.7897     1.15
  1.1485 -29.7846     1.15
 1.14865 -29.7796     1.15
  1.1488 -29.7745     1.15
 1.14895 -29.7694     1.15
  1.1491 -29.7643     1.15
 1.14925 -29.7593     1.15
  1.1494 -29.7542     1.15
 1.14955 -29.7492     1.15
  1.1497 -29.7442     1.15
 1.14985 -29.7391     1.15
    1.15 -29.7341     1.15