 kgrid  ValNew  Policy 
    0.85 -68.9138 0.877914
 0.85015 -68.9009 0.878064
  0.8503 -68.8879 0.878214
 0.85045 -68.8749 0.878364
  0.8506  -68.862 0.878514
 0.85075  -68.849 0.878664
  0.8509 -68.8361 0.878814
0.851051 -68.8231 0.878964
0.851201 -68.8102 0.878964
0.851351 -68.7973 0.879115
0.851501 -68.7843 0.879265
0.851651 -68.7714 0.879415
0.851801 -68.7585 0.879565
0.851951 -68.7456 0.879715
0.852101 -68.7327 0.879865
0.852251 -68.7198 0.880015
0.852401 -68.7069 0.880165
0.852551 -68.6941 0.880165
0.852701 -68.6812 0.880315
0.852851 -68.6683 0.880465
0.853002 -68.6554 0.880615
0.853152 -68.6426 0.880765
0.853302 -68.6297 0.880915
0.853452 -68.6169 0.881066
0.853602 -68.6041 0.881216
0.853752 -68.5912 0.881366
0.853902 -68.5784 0.881366
0.854052 -68.5656 0.881516
0.854202 -68.5527 0.881666
0.854352 -68.5399 0.881816
0.854502 -68.5271 0.881966
0.854652 -68.5143 0.882116
0.854802 -68.5015 0.882266
0.854952 -68.4887 0.882416
0.855103 -68.4759 0.882566
0.855253 -68.4632 0.882566
0.855403 -68.4504 0.882716
0.855553 -68.4376 0.882866
0.855703 -68.4249 0.883017
0.855853 -68.4121 0.883167
0.856003 -68.3994 0.883317
0.856153 -68.3866 0.883467
0.856303 -68.3739 0.883617
0.856453 -68.3611 0.883767
0.856603 -68.3484 0.883917
0.856753 -68.3357 0.883917
0.856903  -68.323 0.884067
0.857054 -68.3102 0.884217
0.857204 -68.2975 0.884367
0.857354 -68.2848 0.884517
0.857504 -68.2721 0.884667
0.857654 -68.2594 0.884817
0.857804 -68.2468 0.884967
0.857954 -68.2341 0.885118
0.858104 -68.2214 0.885268
0.858254 -68.2087 0.885268
0.858404 -68.1961 0.885418
0.858554 -68.1834 0.885568
0.858704 -68.1708 0.885718
0.858854 -68.1581 0.885868
0.859005 -68.1455 0.886018
0.859155 -68.1328 0.886168
0.859305 -68.1202 0.886318
0.859455 -68.1076 0.886468
0.859605  -68.095 0.886618
0.859755 -68.0823 0.886618
0.859905 -68.0697 0.886768
0.860055 -68.0571 0.886918
0.860205 -68.0445 0.887069
0.860355 -68.0319 0.887219
0.860505 -68.0193 0.887369
0.860655 -68.0068 0.887519
0.860805 -67.9942 0.887669
0.860955 -67.9816 0.887819
0.861106  -67.969 0.887969
0.861256 -67.9565 0.887969
0.861406 -67.9439 0.888119
0.861556 -67.9314 0.888269
0.861706 -67.9188 0.888419
0.861856 -67.9063 0.888569
0.862006 -67.8937 0.888719
0.862156 -67.8812 0.888869
0.862306 -67.8687  0.88902
0.862456 -67.8562  0.88917
0.862606 -67.8437  0.88932
0.862756 -67.8311  0.88932
0.862906 -67.8186  0.88947
0.863057 -67.8061  0.88962
0.863207 -67.7936  0.88977
0.863357 -67.7812  0.88992
0.863507 -67.7687  0.89007
0.863657 -67.7562  0.89022
0.863807 -67.7437  0.89037
0.863957 -67.7313  0.89052
0.864107 -67.7188  0.89067
0.864257 -67.7063  0.89067
0.864407 -67.6939  0.89082
0.864557 -67.6814  0.89097
0.864707  -67.669 0.891121
0.864857 -67.6566 0.891271
0.865008 -67.6441 0.891421
0.865158 -67.6317 0.891571
0.865308 -67.6193 0.891721
0.865458 -67.6069 0.891871
0.865608 -67.5944 0.892021
0.865758  -67.582 0.892171
0.865908 -67.5696 0.892171
0.866058 -67.5572 0.892321
0.866208 -67.5449 0.892471
0.866358 -67.5325 0.892621
0.866508 -67.5201 0.892771
0.866658 -67.5077 0.892921
0.866808 -67.4953 0.893072
0.866958  -67.483 0.893222
0.867109 -67.4706 0.893372
0.867259 -67.4583 0.893522
0.867409 -67.4459 0.893522
0.867559 -67.4336 0.893672
0.867709 -67.4212 0.893822
0.867859 -67.4089 0.893972
0.868009 -67.3966 0.894122
0.868159 -67.3842 0.894272
0.868309 -67.3719 0.894422
0.868459 -67.3596 0.894572
0.868609 -67.3473 0.894722
0.868759  -67.335 0.894872
0.868909 -67.3227 0.895023
 0.86906 -67.3104 0.895023
 0.86921 -67.2981 0.895173
 0.86936 -67.2858 0.895323
 0.86951 -67.2735 0.895473
 0.86966 -67.2613 0.895623
 0.86981  -67.249 0.895773
 0.86996 -67.2367 0.895923
 0.87011 -67.2245 0.896073
 0.87026 -67.2122 0.896223
 0.87041    -67.2 0.896373
 0.87056 -67.1877 0.896523
 0.87071 -67.1755 0.896523
 0.87086 -67.1632 0.896673
0.871011  -67.151 0.896823
0.871161 -67.1388 0.896973
0.871311 -67.1266 0.897124
0.871461 -67.1144 0.897274
0.871611 -67.1021 0.897424
0.871761 -67.0899 0.897574
0.871911 -67.0777 0.897724
0.872061 -67.0655 0.897874
0.872211 -67.0533 0.898024
0.872361 -67.0412 0.898024
0.872511  -67.029 0.898174
0.872661 -67.0168 0.898324
0.872811 -67.0046 0.898474
0.872961 -66.9925 0.898624
0.873112 -66.9803 0.898774
0.873262 -66.9681 0.898924
0.873412  -66.956 0.899075
0.873562 -66.9438 0.899225
0.873712 -66.9317 0.899375
0.873862 -66.9196 0.899525
0.874012 -66.9074 0.899675
0.874162 -66.8953 0.899675
0.874312 -66.8832 0.899825
0.874462 -66.8711 0.899975
0.874612 -66.8589 0.900125
0.874762 -66.8468 0.900275
0.874912 -66.8347 0.900425
0.875063 -66.8226 0.900575
0.875213 -66.8105 0.900725
0.875363 -66.7984 0.900875
0.875513 -66.7863 0.901026
0.875663 -66.7743 0.901176
0.875813 -66.7622 0.901326
0.875963 -66.7501 0.901476
0.876113  -66.738 0.901626
0.876263  -66.726 0.901626
0.876413 -66.7139 0.901776
0.876563 -66.7018 0.901926
0.876713 -66.6898 0.902076
0.876863 -66.6777 0.902226
0.877014 -66.6657 0.902376
0.877164 -66.6537 0.902526
0.877314 -66.6416 0.902676
0.877464 -66.6296 0.902826
0.877614 -66.6176 0.902976
0.877764 -66.6055 0.903127
0.877914 -66.5935 0.903277
0.878064 -66.5815 0.903427
0.878214 -66.5695 0.903577
0.878364 -66.5575 0.903577
0.878514 -66.5455 0.903727
0.878664 -66.5335 0.903877
0.878814 -66.5215 0.904027
0.878964 -66.5095 0.904177
0.879115 -66.4975 0.904327
0.879265 -66.4856 0.904477
0.879415 -66.4736 0.904627
0.879565 -66.4616 0.904777
0.879715 -66.4497 0.904927
0.879865 -66.4377 0.905078
0.880015 -66.4257 0.905228
0.880165 -66.4138 0.905378
0.880315 -66.4018 0.905528
0.880465 -66.3899 0.905528
0.880615  -66.378 0.905678
0.880765  -66.366 0.905828
0.880915 -66.3541 0.905978
0.881066 -66.3422 0.906128
0.881216 -66.3302 0.906278
0.881366 -66.3183 0.906428
0.881516 -66.3064 0.906578
0.881666 -66.2945 0.906728
0.881816 -66.2826 0.906878
0.881966 -66.2707 0.907029
0.882116 -66.2588 0.907179
0.882266 -66.2469 0.907329
0.882416  -66.235 0.907479
0.882566 -66.2231 0.907629
0.882716 -66.2113 0.907629
0.882866 -66.1994 0.907779
0.883017 -66.1875 0.907929
0.883167 -66.1757 0.908079
0.883317 -66.1638 0.908229
0.883467 -66.1519 0.908379
0.883617 -66.1401 0.908529
0.883767 -66.1282 0.908679
0.883917 -66.1164 0.908829
0.884067 -66.1045 0.908979
0.884217 -66.0927  0.90913
0.884367 -66.0809  0.90928
0.884517  -66.069  0.90943
0.884667 -66.0572  0.90958
0.884817 -66.0454  0.90973
0.884967 -66.0336  0.90973
0.885118 -66.0218  0.90988
0.885268   -66.01  0.91003
0.885418 -65.9982  0.91018
0.885568 -65.9864  0.91033
0.885718 -65.9746  0.91048
0.885868 -65.9628  0.91063
0.886018  -65.951  0.91078
0.886168 -65.9392  0.91093
0.886318 -65.9274 0.911081
0.886468 -65.9157 0.911231
0.886618 -65.9039 0.911381
0.886768 -65.8921 0.911531
0.886918 -65.8804 0.911681
0.887069 -65.8686 0.911831
0.887219 -65.8569 0.911831
0.887369 -65.8451 0.911981
0.887519 -65.8334 0.912131
0.887669 -65.8216 0.912281
0.887819 -65.8099 0.912431
0.887969 -65.7981 0.912581
0.888119 -65.7864 0.912731
0.888269 -65.7747 0.912881
0.888419  -65.763 0.913032
0.888569 -65.7513 0.913182
0.888719 -65.7395 0.913332
0.888869 -65.7278 0.913482
 0.88902 -65.7161 0.913632
 0.88917 -65.7044 0.913782
 0.88932 -65.6927 0.913932
 0.88947  -65.681 0.914082
 0.88962 -65.6694 0.914082
 0.88977 -65.6577 0.914232
 0.88992  -65.646 0.914382
 0.89007 -65.6343 0.914532
 0.89022 -65.6226 0.914682
 0.89037  -65.611 0.914832
 0.89052 -65.5993 0.914982
 0.89067 -65.5877 0.915133
 0.89082  -65.576 0.915283
 0.89097 -65.5643 0.915433
0.891121 -65.5527 0.915583
0.891271 -65.5411 0.915733
0.891421 -65.5294 0.915883
0.891571 -65.5178 0.916033
0.891721 -65.5061 0.916183
0.891871 -65.4945 0.916333
0.892021 -65.4829 0.916333
0.892171 -65.4713 0.916483
0.892321 -65.4597 0.916633
0.892471  -65.448 0.916783
0.892621 -65.4364 0.916933
0.892771 -65.4248 0.917084
0.892921 -65.4132 0.917234
0.893072 -65.4016 0.917384
0.893222   -65.39 0.917534
0.893372 -65.3785 0.917684
0.893522 -65.3669 0.917834
0.893672 -65.3553 0.917984
0.893822 -65.3437 0.918134
0.893972 -65.3321 0.918284
0.894122 -65.3206 0.918434
0.894272  -65.309 0.918584
0.894422 -65.2974 0.918734
0.894572 -65.2859 0.918734
0.894722 -65.2743 0.918884
0.894872 -65.2628 0.919035
0.895023 -65.2512 0.919185
0.895173 -65.2397 0.919335
0.895323 -65.2282 0.919485
0.895473 -65.2166 0.919635
0.895623 -65.2051 0.919785
0.895773 -65.1936 0.919935
0.895923  -65.182 0.920085
0.896073 -65.1705 0.920235
0.896223  -65.159 0.920385
0.896373 -65.1475 0.920535
0.896523  -65.136 0.920685
0.896673 -65.1245 0.920835
0.896823  -65.113 0.920985
0.896973 -65.1015 0.921136
0.897124   -65.09 0.921136
0.897274 -65.0785 0.921286
0.897424  -65.067 0.921436
0.897574 -65.0556 0.921586
0.897724 -65.0441 0.921736
0.897874 -65.0326 0.921886
0.898024 -65.0211 0.922036
0.898174 -65.0097 0.922186
0.898324 -64.9982 0.922336
0.898474 -64.9868 0.922486
0.898624 -64.9753 0.922636
0.898774 -64.9639 0.922786
0.898924 -64.9524 0.922936
0.899075  -64.941 0.923087
0.899225 -64.9295 0.923237
0.899375 -64.9181 0.923387
0.899525 -64.9067 0.923537
0.899675 -64.8953 0.923537
0.899825 -64.8838 0.923687
0.899975 -64.8724 0.923837
0.900125  -64.861 0.923987
0.900275 -64.8496 0.924137
0.900425 -64.8382 0.924287
0.900575 -64.8268 0.924437
0.900725 -64.8154 0.924587
0.900875  -64.804 0.924737
0.901026 -64.7926 0.924887
0.901176 -64.7812 0.925038
0.901326 -64.7698 0.925188
0.901476 -64.7585 0.925338
0.901626 -64.7471 0.925488
0.901776 -64.7357 0.925638
0.901926 -64.7243 0.925788
0.902076  -64.713 0.925938
0.902226 -64.7016 0.926088
0.902376 -64.6903 0.926088
0.902526 -64.6789 0.926238
0.902676 -64.6676 0.926388
0.902826 -64.6562 0.926538
0.902976 -64.6449 0.926688
0.903127 -64.6335 0.926838
0.903277 -64.6222 0.926988
0.903427 -64.6109 0.927139
0.903577 -64.5995 0.927289
0.903727 -64.5882 0.927439
0.903877 -64.5769 0.927589
0.904027 -64.5656 0.927739
0.904177 -64.5543 0.927889
0.904327  -64.543 0.928039
0.904477 -64.5317 0.928189
0.904627 -64.5204 0.928339
0.904777 -64.5091 0.928489
0.904927 -64.4978 0.928639
0.905078 -64.4865 0.928639
0.905228 -64.4752 0.928789
0.905378 -64.4639 0.928939
0.905528 -64.4526  0.92909
0.905678 -64.4413  0.92924
0.905828 -64.4301  0.92939
0.905978 -64.4188  0.92954
0.906128 -64.4075  0.92969
0.906278 -64.3963  0.92984
0.906428  -64.385  0.92999
0.906578 -64.3738  0.93014
0.906728 -64.3625  0.93029
0.906878 -64.3513  0.93044
0.907029   -64.34  0.93059
0.907179 -64.3288  0.93074
0.907329 -64.3176  0.93089
0.907479 -64.3063 0.931041
0.907629 -64.2951 0.931191
0.907779 -64.2839 0.931191
0.907929 -64.2727 0.931341
0.908079 -64.2614 0.931491
0.908229 -64.2502 0.931641
0.908379  -64.239 0.931791
0.908529 -64.2278 0.931941
0.908679 -64.2166 0.932091
0.908829 -64.2054 0.932241
0.908979 -64.1942 0.932391
 0.90913  -64.183 0.932541
 0.90928 -64.1719 0.932691
 0.90943 -64.1607 0.932841
 0.90958 -64.1495 0.932991
 0.90973 -64.1383 0.933142
 0.90988 -64.1271 0.933292
 0.91003  -64.116 0.933442
 0.91018 -64.1048 0.933592
 0.91033 -64.0936 0.933742
 0.91048 -64.0825 0.933892
 0.91063 -64.0713 0.933892
 0.91078 -64.0602 0.934042
 0.91093  -64.049 0.934192
0.911081 -64.0379 0.934342
0.911231 -64.0267 0.934492
0.911381 -64.0156 0.934642
0.911531 -64.0045 0.934792
0.911681 -63.9933 0.934942
0.911831 -63.9822 0.935093
0.911981 -63.9711 0.935243
0.912131   -63.96 0.935393
0.912281 -63.9489 0.935543
0.912431 -63.9377 0.935693
0.912581 -63.9266 0.935843
0.912731 -63.9155 0.935993
0.912881 -63.9044 0.936143
0.913032 -63.8933 0.936293
0.913182 -63.8822 0.936443
0.913332 -63.8712 0.936593
0.913482 -63.8601 0.936593
0.913632  -63.849 0.936743
0.913782 -63.8379 0.936893
0.913932 -63.8268 0.937044
0.914082 -63.8157 0.937194
0.914232 -63.8047 0.937344
0.914382 -63.7936 0.937494
0.914532 -63.7825 0.937644
0.914682 -63.7715 0.937794
0.914832 -63.7604 0.937944
0.914982 -63.7494 0.938094
0.915133 -63.7383 0.938244
0.915283 -63.7273 0.938394
0.915433 -63.7162 0.938544
0.915583 -63.7052 0.938694
0.915733 -63.6942 0.938844
0.915883 -63.6831 0.938994
0.916033 -63.6721 0.939145
0.916183 -63.6611 0.939295
0.916333 -63.6501 0.939445
0.916483 -63.6391 0.939595
0.916633  -63.628 0.939595
0.916783  -63.617 0.939745
0.916933  -63.606 0.939895
0.917084  -63.595 0.940045
0.917234  -63.584 0.940195
0.917384  -63.573 0.940345
0.917534  -63.562 0.940495
0.917684  -63.551 0.940645
0.917834 -63.5401 0.940795
0.917984 -63.5291 0.940945
0.918134 -63.5181 0.941096
0.918284 -63.5071 0.941246
0.918434 -63.4961 0.941396
0.918584 -63.4852 0.941546
0.918734 -63.4742 0.941696
0.918884 -63.4632 0.941846
0.919035 -63.4523 0.941996
0.919185 -63.4413 0.942146
0.919335 -63.4304 0.942296
0.919485 -63.4194 0.942446
0.919635 -63.4085 0.942446
0.919785 -63.3975 0.942596
0.919935 -63.3866 0.942746
0.920085 -63.3757 0.942896
0.920235 -63.3647 0.943047
0.920385 -63.3538 0.943197
0.920535 -63.3429 0.943347
0.920685  -63.332 0.943497
0.920835 -63.3211 0.943647
0.920985 -63.3101 0.943797
0.921136 -63.2992 0.943947
0.921286 -63.2883 0.944097
0.921436 -63.2774 0.944247
0.921586 -63.2665 0.944397
0.921736 -63.2556 0.944547
0.921886 -63.2447 0.944697
0.922036 -63.2338 0.944847
0.922186  -63.223 0.944997
0.922336 -63.2121 0.945148
0.922486 -63.2012 0.945298
0.922636 -63.1903 0.945298
0.922786 -63.1794 0.945448
0.922936 -63.1686 0.945598
0.923087 -63.1577 0.945748
0.923237 -63.1468 0.945898
0.923387  -63.136 0.946048
0.923537 -63.1251 0.946198
0.923687 -63.1143 0.946348
0.923837 -63.1034 0.946498
0.923987 -63.0926 0.946648
0.924137 -63.0817 0.946798
0.924287 -63.0709 0.946948
0.924437 -63.0601 0.947099
0.924587 -63.0492 0.947249
0.924737 -63.0384 0.947399
0.924887 -63.0276 0.947549
0.925038 -63.0167 0.947699
0.925188 -63.0059 0.947849
0.925338 -62.9951 0.947999
0.925488 -62.9843 0.948149
0.925638 -62.9735 0.948299
0.925788 -62.9627 0.948299
0.925938 -62.9519 0.948449
0.926088 -62.9411 0.948599
0.926238 -62.9303 0.948749
0.926388 -62.9195 0.948899
0.926538 -62.9087  0.94905
0.926688 -62.8979   0.9492
0.926838 -62.8871  0.94935
0.926988 -62.8764   0.9495
0.927139 -62.8656  0.94965
0.927289 -62.8548   0.9498
0.927439  -62.844  0.94995
0.927589 -62.8333   0.9501
0.927739 -62.8225  0.95025
0.927889 -62.8117   0.9504
0.928039  -62.801  0.95055
0.928189 -62.7902   0.9507
0.928339 -62.7795  0.95085
0.928489 -62.7687 0.951001
0.928639  -62.758 0.951151
0.928789 -62.7473 0.951301
0.928939 -62.7365 0.951301
 0.92909 -62.7258 0.951451
 0.92924 -62.7151 0.951601
 0.92939 -62.7043 0.951751
 0.92954 -62.6936 0.951901
 0.92969 -62.6829 0.952051
 0.92984 -62.6722 0.952201
 0.92999 -62.6615 0.952351
 0.93014 -62.6507 0.952501
 0.93029   -62.64 0.952651
 0.93044 -62.6293 0.952801
 0.93059 -62.6186 0.952951
 0.93074 -62.6079 0.953102
 0.93089 -62.5972 0.953252
0.931041 -62.5865 0.953402
0.931191 -62.5759 0.953552
0.931341 -62.5652 0.953702
0.931491 -62.5545 0.953852
0.931641 -62.5438 0.954002
0.931791 -62.5331 0.954152
0.931941 -62.5225 0.954302
0.932091 -62.5118 0.954302
0.932241 -62.5011 0.954452
0.932391 -62.4905 0.954602
0.932541 -62.4798 0.954752
0.932691 -62.4692 0.954902
0.932841 -62.4585 0.955053
0.932991 -62.4479 0.955203
0.933142 -62.4372 0.955353
0.933292 -62.4266 0.955503
0.933442 -62.4159 0.955653
0.933592 -62.4053 0.955803
0.933742 -62.3947 0.955953
0.933892  -62.384 0.956103
0.934042 -62.3734 0.956253
0.934192 -62.3628 0.956403
0.934342 -62.3522 0.956553
0.934492 -62.3416 0.956703
0.934642 -62.3309 0.956853
0.934792 -62.3203 0.957004
0.934942 -62.3097 0.957154
0.935093 -62.2991 0.957304
0.935243 -62.2885 0.957454
0.935393 -62.2779 0.957454
0.935543 -62.2673 0.957604
0.935693 -62.2567 0.957754
0.935843 -62.2462 0.957904
0.935993 -62.2356 0.958054
0.936143  -62.225 0.958204
0.936293 -62.2144 0.958354
0.936443 -62.2038 0.958504
0.936593 -62.1933 0.958654
0.936743 -62.1827 0.958804
0.936893 -62.1721 0.958954
0.937044 -62.1616 0.959105
0.937194  -62.151 0.959255
0.937344 -62.1405 0.959405
0.937494 -62.1299 0.959555
0.937644 -62.1194 0.959705
0.937794 -62.1088 0.959855
0.937944 -62.0983 0.960005
0.938094 -62.0877 0.960155
0.938244 -62.0772 0.960305
0.938394 -62.0667 0.960455
0.938544 -62.0561 0.960605
0.938694 -62.0456 0.960605
0.938844 -62.0351 0.960755
0.938994 -62.0246 0.960905
0.939145 -62.0141 0.961056
0.939295 -62.0035 0.961206
0.939445  -61.993 0.961356
0.939595 -61.9825 0.961506
0.939745  -61.972 0.961656
0.939895 -61.9615 0.961806
0.940045  -61.951 0.961956
0.940195 -61.9405 0.962106
0.940345   -61.93 0.962256
0.940495 -61.9195 0.962406
0.940645 -61.9091 0.962556
0.940795 -61.8986 0.962706
0.940945 -61.8881 0.962856
0.941096 -61.8776 0.963007
0.941246 -61.8671 0.963157
0.941396 -61.8567 0.963307
0.941546 -61.8462 0.963457
0.941696 -61.8357 0.963607
0.941846 -61.8253 0.963757
0.941996 -61.8148 0.963757
0.942146 -61.8044 0.963907
0.942296 -61.7939 0.964057
0.942446 -61.7835 0.964207
0.942596  -61.773 0.964357
0.942746 -61.7626 0.964507
0.942896 -61.7521 0.964657
0.943047 -61.7417 0.964807
0.943197 -61.7313 0.964957
0.943347 -61.7208 0.965108
0.943497 -61.7104 0.965258
0.943647    -61.7 0.965408
0.943797 -61.6896 0.965558
0.943947 -61.6792 0.965708
0.944097 -61.6688 0.965858
0.944247 -61.6583 0.966008
0.944397 -61.6479 0.966158
0.944547 -61.6375 0.966308
0.944697 -61.6271 0.966458
0.944847 -61.6167 0.966608
0.944997 -61.6063 0.966758
0.945148 -61.5959 0.966908
0.945298 -61.5856 0.966908
0.945448 -61.5752 0.967059
0.945598 -61.5648 0.967209
0.945748 -61.5544 0.967359
0.945898  -61.544 0.967509
0.946048 -61.5337 0.967659
0.946198 -61.5233 0.967809
0.946348 -61.5129 0.967959
0.946498 -61.5026 0.968109
0.946648 -61.4922 0.968259
0.946798 -61.4818 0.968409
0.946948 -61.4715 0.968559
0.947099 -61.4611 0.968709
0.947249 -61.4508 0.968859
0.947399 -61.4404  0.96901
0.947549 -61.4301  0.96916
0.947699 -61.4198  0.96931
0.947849 -61.4094  0.96946
0.947999 -61.3991  0.96961
0.948149 -61.3888  0.96976
0.948299 -61.3784  0.96991
0.948449 -61.3681  0.97006
0.948599 -61.3578  0.97021
0.948749 -61.3475  0.97021
0.948899 -61.3371  0.97036
 0.94905 -61.3268  0.97051
  0.9492 -61.3165  0.97066
 0.94935 -61.3062  0.97081
  0.9495 -61.2959  0.97096
 0.94965 -61.2856 0.971111
  0.9498 -61.2753 0.971261
 0.94995  -61.265 0.971411
  0.9501 -61.2547 0.971561
 0.95025 -61.2444 0.971711
  0.9504 -61.2342 0.971861
 0.95055 -61.2239 0.972011
  0.9507 -61.2136 0.972161
 0.95085 -61.2033 0.972311
0.951001 -61.1931 0.972461
0.951151 -61.1828 0.972611
0.951301 -61.1725 0.972761
0.951451 -61.1623 0.972911
0.951601  -61.152 0.973062
0.951751 -61.1417 0.973212
0.951901 -61.1315 0.973362
0.952051 -61.1212 0.973362
0.952201  -61.111 0.973512
0.952351 -61.1007 0.973662
0.952501 -61.0905 0.973812
0.952651 -61.0803 0.973962
0.952801   -61.07 0.974112
0.952951 -61.0598 0.974262
0.953102 -61.0496 0.974412
0.953252 -61.0393 0.974562
0.953402 -61.0291 0.974712
0.953552 -61.0189 0.974862
0.953702 -61.0087 0.975013
0.953852 -60.9984 0.975163
0.954002 -60.9882 0.975313
0.954152  -60.978 0.975463
0.954302 -60.9678 0.975613
0.954452 -60.9576 0.975763
0.954602 -60.9474 0.975913
0.954752 -60.9372 0.976063
0.954902  -60.927 0.976213
0.955053 -60.9168 0.976363
0.955203 -60.9066 0.976513
0.955353 -60.8965 0.976663
0.955503 -60.8863 0.976663
0.955653 -60.8761 0.976813
0.955803 -60.8659 0.976963
0.955953 -60.8557 0.977114
0.956103 -60.8456 0.977264
0.956253 -60.8354 0.977414
0.956403 -60.8252 0.977564
0.956553 -60.8151 0.977714
0.956703 -60.8049 0.977864
0.956853 -60.7948 0.978014
0.957004 -60.7846 0.978164
0.957154 -60.7745 0.978314
0.957304 -60.7643 0.978464
0.957454 -60.7542 0.978614
0.957604  -60.744 0.978764
0.957754 -60.7339 0.978914
0.957904 -60.7238 0.979065
0.958054 -60.7136 0.979215
0.958204 -60.7035 0.979365
0.958354 -60.6934 0.979515
0.958504 -60.6832 0.979665
0.958654 -60.6731 0.979815
0.958804  -60.663 0.979965
0.958954 -60.6529 0.979965
0.959105 -60.6428 0.980115
0.959255 -60.6327 0.980265
0.959405 -60.6226 0.980415
0.959555 -60.6125 0.980565
0.959705 -60.6024 0.980715
0.959855 -60.5923 0.980865
0.960005 -60.5822 0.981016
0.960155 -60.5721 0.981166
0.960305  -60.562 0.981316
0.960455 -60.5519 0.981466
0.960605 -60.5418 0.981616
0.960755 -60.5318 0.981766
0.960905 -60.5217 0.981916
0.961056 -60.5116 0.982066
0.961206 -60.5015 0.982216
0.961356 -60.4915 0.982366
0.961506 -60.4814 0.982516
0.961656 -60.4713 0.982666
0.961806 -60.4613 0.982816
0.961956 -60.4512 0.982966
0.962106 -60.4412 0.983117
0.962256 -60.4311 0.983267
0.962406 -60.4211 0.983267
0.962556  -60.411 0.983417
0.962706  -60.401 0.983567
0.962856  -60.391 0.983717
0.963007 -60.3809 0.983867
0.963157 -60.3709 0.984017
0.963307 -60.3609 0.984167
0.963457 -60.3508 0.984317
0.963607 -60.3408 0.984467
0.963757 -60.3308 0.984617
0.963907 -60.3208 0.984767
0.964057 -60.3108 0.984917
0.964207 -60.3007 0.985068
0.964357 -60.2907 0.985218
0.964507 -60.2807 0.985368
0.964657 -60.2707 0.985518
0.964807 -60.2607 0.985668
0.964957 -60.2507 0.985818
0.965108 -60.2407 0.985968
0.965258 -60.2307 0.986118
0.965408 -60.2208 0.986268
0.965558 -60.2108 0.986418
0.965708 -60.2008 0.986568
0.965858 -60.1908 0.986718
0.966008 -60.1808 0.986718
0.966158 -60.1708 0.986868
0.966308 -60.1609 0.987019
0.966458 -60.1509 0.987169
0.966608 -60.1409 0.987319
0.966758  -60.131 0.987469
0.966908  -60.121 0.987619
0.967059 -60.1111 0.987769
0.967209 -60.1011 0.987919
0.967359 -60.0912 0.988069
0.967509 -60.0812 0.988219
0.967659 -60.0713 0.988369
0.967809 -60.0613 0.988519
0.967959 -60.0514 0.988669
0.968109 -60.0414 0.988819
0.968259 -60.0315 0.988969
0.968409 -60.0216  0.98912
0.968559 -60.0116  0.98927
0.968709 -60.0017  0.98942
0.968859 -59.9918  0.98957
 0.96901 -59.9819  0.98972
 0.96916  -59.972  0.98987
 0.96931 -59.9621  0.99002
 0.96946 -59.9521  0.99002
 0.96961 -59.9422  0.99017
 0.96976 -59.9323  0.99032
 0.96991 -59.9224  0.99047
 0.97006 -59.9125  0.99062
 0.97021 -59.9026  0.99077
 0.97036 -59.8927  0.99092
 0.97051 -59.8828 0.991071
 0.97066 -59.8729 0.991221
 0.97081 -59.8631 0.991371
 0.97096 -59.8532 0.991521
0.971111 -59.8433 0.991671
0.971261 -59.8334 0.991821
0.971411 -59.8235 0.991971
0.971561 -59.8137 0.992121
0.971711 -59.8038 0.992271
0.971861 -59.7939 0.992421
0.972011 -59.7841 0.992571
0.972161 -59.7742 0.992721
0.972311 -59.7644 0.992871
0.972461 -59.7545 0.993022
0.972611 -59.7447 0.993172
0.972761 -59.7348 0.993322
0.972911  -59.725 0.993322
0.973062 -59.7151 0.993472
0.973212 -59.7053 0.993622
0.973362 -59.6954 0.993772
0.973512 -59.6856 0.993922
0.973662 -59.6758 0.994072
0.973812 -59.6659 0.994222
0.973962 -59.6561 0.994372
0.974112 -59.6463 0.994522
0.974262 -59.6365 0.994672
0.974412 -59.6266 0.994822
0.974562 -59.6168 0.994972
0.974712  -59.607 0.995123
0.974862 -59.5972 0.995273
0.975013 -59.5874 0.995423
0.975163 -59.5776 0.995573
0.975313 -59.5678 0.995723
0.975463  -59.558 0.995873
0.975613 -59.5482 0.996023
0.975763 -59.5384 0.996173
0.975913 -59.5286 0.996323
0.976063 -59.5188 0.996473
0.976213 -59.5091 0.996623
0.976363 -59.4993 0.996773
0.976513 -59.4895 0.996773
0.976663 -59.4797 0.996923
0.976813 -59.4699 0.997074
0.976963 -59.4602 0.997224
0.977114 -59.4504 0.997374
0.977264 -59.4406 0.997524
0.977414 -59.4309 0.997674
0.977564 -59.4211 0.997824
0.977714 -59.4114 0.997974
0.977864 -59.4016 0.998124
0.978014 -59.3919 0.998274
0.978164 -59.3821 0.998424
0.978314 -59.3724 0.998574
0.978464 -59.3626 0.998724
0.978614 -59.3529 0.998874
0.978764 -59.3431 0.999025
0.978914 -59.3334 0.999175
0.979065 -59.3237 0.999325
0.979215 -59.3139 0.999475
0.979365 -59.3042 0.999625
0.979515 -59.2945 0.999775
0.979665 -59.2848 0.999925
0.979815 -59.2751  1.00008
0.979965 -59.2653  1.00008
0.980115 -59.2556  1.00023
0.980265 -59.2459  1.00038
0.980415 -59.2362  1.00053
0.980565 -59.2265  1.00068
0.980715 -59.2168  1.00083
0.980865 -59.2071  1.00098
0.981016 -59.1974  1.00113
0.981166 -59.1877  1.00128
0.981316  -59.178  1.00143
0.981466 -59.1683  1.00158
0.981616 -59.1587  1.00173
0.981766  -59.149  1.00188
0.981916 -59.1393  1.00203
0.982066 -59.1296  1.00218
0.982216   -59.12  1.00233
0.982366 -59.1103  1.00248
0.982516 -59.1006  1.00263
0.982666 -59.0909  1.00278
0.982816 -59.0813  1.00293
0.982966 -59.0716  1.00308
0.983117  -59.062  1.00323
0.983267 -59.0523  1.00338
0.983417 -59.0427  1.00353
0.983567  -59.033  1.00353
0.983717 -59.0234  1.00368
0.983867 -59.0137  1.00383
0.984017 -59.0041  1.00398
0.984167 -58.9944  1.00413
0.984317 -58.9848  1.00428
0.984467 -58.9752  1.00443
0.984617 -58.9655  1.00458
0.984767 -58.9559  1.00473
0.984917 -58.9463  1.00488
0.985068 -58.9367  1.00503
0.985218 -58.9271  1.00518
0.985368 -58.9174  1.00533
0.985518 -58.9078  1.00548
0.985668 -58.8982  1.00563
0.985818 -58.8886  1.00578
0.985968  -58.879  1.00593
0.986118 -58.8694  1.00608
0.986268 -58.8598  1.00623
0.986418 -58.8502  1.00638
0.986568 -58.8406  1.00653
0.986718  -58.831  1.00668
0.986868 -58.8214  1.00683
0.987019 -58.8118  1.00683
0.987169 -58.8023  1.00698
0.987319 -58.7927  1.00713
0.987469 -58.7831  1.00728
0.987619 -58.7735  1.00743
0.987769 -58.7639  1.00758
0.987919 -58.7544  1.00773
0.988069 -58.7448  1.00788
0.988219 -58.7352  1.00803
0.988369 -58.7257  1.00818
0.988519 -58.7161  1.00833
0.988669 -58.7066  1.00848
0.988819  -58.697  1.00863
0.988969 -58.6875  1.00878
 0.98912 -58.6779  1.00893
 0.98927 -58.6684  1.00908
 0.98942 -58.6588  1.00923
 0.98957 -58.6493  1.00938
 0.98972 -58.6397  1.00953
 0.98987 -58.6302  1.00968
 0.99002 -58.6207  1.00983
 0.99017 -58.6111  1.00998
 0.99032 -58.6016  1.01013
 0.99047 -58.5921  1.01028
 0.99062 -58.5826  1.01028
 0.99077 -58.5731  1.01043
 0.99092 -58.5635  1.01058
0.991071  -58.554  1.01073
0.991221 -58.5445  1.01088
0.991371  -58.535  1.01103
0.991521 -58.5255  1.01118
0.991671  -58.516  1.01133
0.991821 -58.5065  1.01148
0.991971  -58.497  1.01163
0.992121 -58.4875  1.01178
0.992271  -58.478  1.01193
0.992421 -58.4685  1.01208
0.992571  -58.459  1.01223
0.992721 -58.4495  1.01238
0.992871 -58.4401  1.01253
0.993022 -58.4306  1.01268
0.993172 -58.4211  1.01283
0.993322 -58.4116  1.01298
0.993472 -58.4022  1.01313
0.993622 -58.3927  1.01328
0.993772 -58.3832  1.01343
0.993922 -58.3738  1.01358
0.994072 -58.3643  1.01358
0.994222 -58.3548  1.01373
0.994372 -58.3454  1.01388
0.994522 -58.3359  1.01403
0.994672 -58.3265  1.01418
0.994822  -58.317  1.01433
0.994972 -58.3076  1.01448
0.995123 -58.2982  1.01463
0.995273 -58.2887  1.01478
0.995423 -58.2793  1.01493
0.995573 -58.2698  1.01508
0.995723 -58.2604  1.01523
0.995873  -58.251  1.01538
0.996023 -58.2416  1.01553
0.996173 -58.2321  1.01568
0.996323 -58.2227  1.01583
0.996473 -58.2133  1.01598
0.996623 -58.2039  1.01613
0.996773 -58.1945  1.01628
0.996923 -58.1851  1.01643
0.997074 -58.1757  1.01658
0.997224 -58.1663  1.01673
0.997374 -58.1568  1.01688
0.997524 -58.1475  1.01688
0.997674 -58.1381  1.01703
0.997824 -58.1287  1.01718
0.997974 -58.1193  1.01733
0.998124 -58.1099  1.01748
0.998274 -58.1005  1.01763
0.998424 -58.0911  1.01778
0.998574 -58.0817  1.01793
0.998724 -58.0723  1.01808
0.998874  -58.063  1.01823
0.999025 -58.0536  1.01838
0.999175 -58.0442  1.01853
0.999325 -58.0349  1.01868
0.999475 -58.0255  1.01883
0.999625 -58.0161  1.01898
0.999775 -58.0068  1.01913
0.999925 -57.9974  1.01928
 1.00008 -57.9881  1.01943
 1.00023 -57.9787  1.01958
 1.00038 -57.9694  1.01973
 1.00053   -57.96  1.01988
 1.00068 -57.9507  1.02004
 1.00083 -57.9413  1.02019
 1.00098  -57.932  1.02019
 1.00113 -57.9226  1.02034
 1.00128 -57.9133  1.02049
 1.00143  -57.904  1.02064
 1.00158 -57.8947  1.02079
 1.00173 -57.8853  1.02094
 1.00188  -57.876  1.02109
 1.00203 -57.8667  1.02124
 1.00218 -57.8574  1.02139
 1.00233  -57.848  1.02154
 1.00248 -57.8387  1.02169
 1.00263 -57.8294  1.02184
 1.00278 -57.8201  1.02199
 1.00293 -57.8108  1.02214
 1.00308 -57.8015  1.02229
 1.00323 -57.7922  1.02244
 1.00338 -57.7829  1.02259
 1.00353 -57.7736  1.02274
 1.00368 -57.7643  1.02289
 1.00383  -57.755  1.02304
 1.00398 -57.7457  1.02319
 1.00413 -57.7365  1.02334
 1.00428 -57.7272  1.02349
 1.00443 -57.7179  1.02349
 1.00458 -57.7086  1.02364
 1.00473 -57.6994  1.02379
 1.00488 -57.6901  1.02394
 1.00503 -57.6808  1.02409
 1.00518 -57.6715  1.02424
 1.00533 -57.6623  1.02439
 1.00548  -57.653  1.02454
 1.00563 -57.6438  1.02469
 1.00578 -57.6345  1.02484
 1.00593 -57.6252  1.02499
 1.00608  -57.616  1.02514
 1.00623 -57.6067  1.02529
 1.00638 -57.5975  1.02544
 1.00653 -57.5883  1.02559
 1.00668  -57.579  1.02574
 1.00683 -57.5698  1.02589
 1.00698 -57.5605  1.02604
 1.00713 -57.5513  1.02619
 1.00728 -57.5421  1.02634
 1.00743 -57.5329  1.02649
 1.00758 -57.5236  1.02664
 1.00773 -57.5144  1.02679
 1.00788 -57.5052  1.02679
 1.00803  -57.496  1.02694
 1.00818 -57.4868  1.02709
 1.00833 -57.4775  1.02724
 1.00848 -57.4683  1.02739
 1.00863 -57.4591  1.02754
 1.00878 -57.4499  1.02769
 1.00893 -57.4407  1.02784
 1.00908 -57.4315  1.02799
 1.00923 -57.4223  1.02814
 1.00938 -57.4131  1.02829
 1.00953 -57.4039  1.02844
 1.00968 -57.3947  1.02859
 1.00983 -57.3856  1.02874
 1.00998 -57.3764  1.02889
 1.01013 -57.3672  1.02904
 1.01028  -57.358  1.02919
 1.01043 -57.3488  1.02934
 1.01058 -57.3397  1.02949
 1.01073 -57.3305  1.02964
 1.01088 -57.3213  1.02979
 1.01103 -57.3122  1.02994
 1.01118  -57.303  1.03009
 1.01133 -57.2938  1.03009
 1.01148 -57.2847  1.03024
 1.01163 -57.2755  1.03039
 1.01178 -57.2664  1.03054
 1.01193 -57.2572  1.03069
 1.01208 -57.2481  1.03084
 1.01223 -57.2389  1.03099
 1.01238 -57.2298  1.03114
 1.01253 -57.2206  1.03129
 1.01268 -57.2115  1.03144
 1.01283 -57.2024  1.03159
 1.01298 -57.1932  1.03174
 1.01313 -57.1841  1.03189
 1.01328  -57.175  1.03204
 1.01343 -57.1658  1.03219
 1.01358 -57.1567  1.03234
 1.01373 -57.1476  1.03249
 1.01388 -57.1385  1.03264
 1.01403 -57.1294  1.03279
 1.01418 -57.1203  1.03294
 1.01433 -57.1111  1.03309
 1.01448  -57.102  1.03324
 1.01463 -57.0929  1.03339
 1.01478 -57.0838  1.03339
 1.01493 -57.0747  1.03354
 1.01508 -57.0656  1.03369
 1.01523 -57.0565  1.03384
 1.01538 -57.0474  1.03399
 1.01553 -57.0384  1.03414
 1.01568 -57.0293  1.03429
 1.01583 -57.0202  1.03444
 1.01598 -57.0111  1.03459
 1.01613  -57.002  1.03474
 1.01628 -56.9929  1.03489
 1.01643 -56.9839  1.03504
 1.01658 -56.9748  1.03519
 1.01673 -56.9657  1.03534
 1.01688 -56.9567  1.03549
 1.01703 -56.9476  1.03564
 1.01718 -56.9385  1.03579
 1.01733 -56.9295  1.03594
 1.01748 -56.9204  1.03609
 1.01763 -56.9114  1.03624
 1.01778 -56.9023  1.03639
 1.01793 -56.8933  1.03654
 1.01808 -56.8842  1.03669
 1.01823 -56.8752  1.03669
 1.01838 -56.8661  1.03684
 1.01853 -56.8571  1.03699
 1.01868  -56.848  1.03714
 1.01883  -56.839  1.03729
 1.01898   -56.83  1.03744
 1.01913  -56.821  1.03759
 1.01928 -56.8119  1.03774
 1.01943 -56.8029  1.03789
 1.01958 -56.7939  1.03804
 1.01973 -56.7849  1.03819
 1.01988 -56.7758  1.03834
 1.02004 -56.7668  1.03849
 1.02019 -56.7578  1.03864
 1.02034 -56.7488  1.03879
 1.02049 -56.7398  1.03894
 1.02064 -56.7308  1.03909
 1.02079 -56.7218  1.03924
 1.02094 -56.7128  1.03939
 1.02109 -56.7038  1.03954
 1.02124 -56.6948  1.03969
 1.02139 -56.6858  1.03984
 1.02154 -56.6768  1.03984
 1.02169 -56.6678  1.03999
 1.02184 -56.6588  1.04015
 1.02199 -56.6499   1.0403
 1.02214 -56.6409  1.04045
 1.02229 -56.6319   1.0406
 1.02244 -56.6229  1.04075
 1.02259  -56.614   1.0409
 1.02274  -56.605  1.04105
 1.02289  -56.596   1.0412
 1.02304 -56.5871  1.04135
 1.02319 -56.5781   1.0415
 1.02334 -56.5691  1.04165
 1.02349 -56.5602   1.0418
 1.02364 -56.5512  1.04195
 1.02379 -56.5423   1.0421
 1.02394 -56.5333  1.04225
 1.02409 -56.5244   1.0424
 1.02424 -56.5154  1.04255
 1.02439 -56.5065   1.0427
 1.02454 -56.4975  1.04285
 1.02469 -56.4886    1.043
 1.02484 -56.4797    1.043
 1.02499 -56.4707  1.04315
 1.02514 -56.4618   1.0433
 1.02529 -56.4529  1.04345
 1.02544  -56.444   1.0436
 1.02559  -56.435  1.04375
 1.02574 -56.4261   1.0439
 1.02589 -56.4172  1.04405
 1.02604 -56.4083   1.0442
 1.02619 -56.3994  1.04435
 1.02634 -56.3905   1.0445
 1.02649 -56.3816  1.04465
 1.02664 -56.3726   1.0448
 1.02679 -56.3637  1.04495
 1.02694 -56.3548   1.0451
 1.02709 -56.3459  1.04525
 1.02724  -56.337   1.0454
 1.02739 -56.3282  1.04555
 1.02754 -56.3193   1.0457
 1.02769 -56.3104  1.04585
 1.02784 -56.3015    1.046
 1.02799 -56.2926    1.046
 1.02814 -56.2837  1.04615
 1.02829 -56.2749   1.0463
 1.02844  -56.266  1.04645
 1.02859 -56.2571   1.0466
 1.02874 -56.2482  1.04675
 1.02889 -56.2394   1.0469
 1.02904 -56.2305  1.04705
 1.02919 -56.2216   1.0472
 1.02934 -56.2128  1.04735
 1.02949 -56.2039   1.0475
 1.02964 -56.1951  1.04765
 1.02979 -56.1862   1.0478
 1.02994 -56.1774  1.04795
 1.03009 -56.1685   1.0481
 1.03024 -56.1597  1.04825
 1.03039 -56.1508   1.0484
 1.03054  -56.142  1.04855
 1.03069 -56.1331   1.0487
 1.03084 -56.1243  1.04885
 1.03099 -56.1155    1.049
 1.03114 -56.1066  1.04915
 1.03129 -56.0978  1.04915
 1.03144  -56.089   1.0493
 1.03159 -56.0802  1.04945
 1.03174 -56.0713   1.0496
 1.03189 -56.0625  1.04975
 1.03204 -56.0537   1.0499
 1.03219 -56.0449  1.05005
 1.03234 -56.0361   1.0502
 1.03249 -56.0273  1.05035
 1.03264 -56.0185   1.0505
 1.03279 -56.0097  1.05065
 1.03294 -56.0009   1.0508
 1.03309 -55.9921  1.05095
 1.03324 -55.9833   1.0511
 1.03339 -55.9745  1.05125
 1.03354 -55.9657   1.0514
 1.03369 -55.9569  1.05155
 1.03384 -55.9481   1.0517
 1.03399 -55.9393  1.05185
 1.03414 -55.9305    1.052
 1.03429 -55.9217  1.05215
 1.03444  -55.913  1.05215
 1.03459 -55.9042   1.0523
 1.03474 -55.8954  1.05245
 1.03489 -55.8866   1.0526
 1.03504 -55.8779  1.05275
 1.03519 -55.8691   1.0529
 1.03534 -55.8604  1.05305
 1.03549 -55.8516   1.0532
 1.03564 -55.8428  1.05335
 1.03579 -55.8341   1.0535
 1.03594 -55.8253  1.05365
 1.03609 -55.8166   1.0538
 1.03624 -55.8078  1.05395
 1.03639 -55.7991   1.0541
 1.03654 -55.7903  1.05425
 1.03669 -55.7816   1.0544
 1.03684 -55.7729  1.05455
 1.03699 -55.7641   1.0547
 1.03714 -55.7554  1.05485
 1.03729 -55.7467    1.055
 1.03744 -55.7379  1.05515
 1.03759 -55.7292  1.05515
 1.03774 -55.7205   1.0553
 1.03789 -55.7118  1.05545
 1.03804  -55.703   1.0556
 1.03819 -55.6943  1.05575
 1.03834 -55.6856   1.0559
 1.03849 -55.6769  1.05605
 1.03864 -55.6682   1.0562
 1.03879 -55.6595  1.05635
 1.03894 -55.6508   1.0565
 1.03909 -55.6421  1.05665
 1.03924 -55.6334   1.0568
 1.03939 -55.6247  1.05695
 1.03954  -55.616   1.0571
 1.03969 -55.6073  1.05725
 1.03984 -55.5986   1.0574
 1.03999 -55.5899  1.05755
 1.04015 -55.5812   1.0577
  1.0403 -55.5725  1.05785
 1.04045 -55.5639    1.058
  1.0406 -55.5552    1.058
 1.04075 -55.5465  1.05815
  1.0409 -55.5378   1.0583
 1.04105 -55.5292  1.05845
  1.0412 -55.5205   1.0586
 1.04135 -55.5118  1.05875
  1.0415 -55.5032   1.0589
 1.04165 -55.4945  1.05905
  1.0418 -55.4858   1.0592
 1.04195 -55.4772  1.05935
  1.0421 -55.4685   1.0595
 1.04225 -55.4599  1.05965
  1.0424 -55.4512   1.0598
 1.04255 -55.4426  1.05995
  1.0427 -55.4339  1.06011
 1.04285 -55.4253  1.06026
   1.043 -55.4167  1.06041
 1.04315  -55.408  1.06056
  1.0433 -55.3994  1.06071
 1.04345 -55.3908  1.06086
  1.0436 -55.3821  1.06101
 1.04375 -55.3735  1.06101
  1.0439 -55.3649  1.06116
 1.04405 -55.3563  1.06131
  1.0442 -55.3476  1.06146
 1.04435  -55.339  1.06161
  1.0445 -55.3304  1.06176
 1.04465 -55.3218  1.06191
  1.0448 -55.3132  1.06206
 1.04495 -55.3046  1.06221
  1.0451  -55.296  1.06236
 1.04525 -55.2874  1.06251
  1.0454 -55.2788  1.06266
 1.04555 -55.2702  1.06281
  1.0457 -55.2616  1.06296
 1.04585  -55.253  1.06311
   1.046 -55.2444  1.06326
 1.04615 -55.2358  1.06341
  1.0463 -55.2272  1.06356
 1.04645 -55.2186  1.06371
  1.0466 -55.2101  1.06371
 1.04675 -55.2015  1.06386
  1.0469 -55.1929  1.06401
 1.04705 -55.1843  1.06416
  1.0472 -55.1758  1.06431
 1.04735 -55.1672  1.06446
  1.0475 -55.1586  1.06461
 1.04765 -55.1501  1.06476
  1.0478 -55.1415  1.06491
 1.04795 -55.1329  1.06506
  1.0481 -55.1244  1.06521
 1.04825 -55.1158  1.06536
  1.0484 -55.1073  1.06551
 1.04855 -55.0987  1.06566
  1.0487 -55.0902  1.06581
 1.04885 -55.0816  1.06596
   1.049 -55.0731  1.06611
 1.04915 -55.0646  1.06626
  1.0493  -55.056  1.06641
 1.04945 -55.0475  1.06641
  1.0496  -55.039  1.06656
 1.04975 -55.0304  1.06671
  1.0499 -55.0219  1.06686
 1.05005 -55.0134  1.06701
  1.0502 -55.0048  1.06716
 1.05035 -54.9963  1.06731
  1.0505 -54.9878  1.06746
 1.05065 -54.9793  1.06761
  1.0508 -54.9708  1.06776
 1.05095 -54.9623  1.06791
  1.0511 -54.9538  1.06806
 1.05125 -54.9453  1.06821
  1.0514 -54.9368  1.06836
 1.05155 -54.9283  1.06851
  1.0517 -54.9198  1.06866
 1.05185 -54.9113  1.06881
   1.052 -54.9028  1.06896
 1.05215 -54.8943  1.06911
  1.0523 -54.8858  1.06926
 1.05245 -54.8773  1.06926
  1.0526 -54.8688  1.06941
 1.05275 -54.8603  1.06956
  1.0529 -54.8518  1.06971
 1.05305 -54.8434  1.06986
  1.0532 -54.8349  1.07001
 1.05335 -54.8264  1.07016
  1.0535  -54.818  1.07031
 1.05365 -54.8095  1.07046
  1.0538  -54.801  1.07061
 1.05395 -54.7926  1.07076
  1.0541 -54.7841  1.07091
 1.05425 -54.7756  1.07106
  1.0544 -54.7672  1.07121
 1.05455 -54.7587  1.07136
  1.0547 -54.7503  1.07151
 1.05485 -54.7418  1.07166
   1.055 -54.7334  1.07181
 1.05515 -54.7249  1.07181
  1.0553 -54.7165  1.07196
 1.05545 -54.7081  1.07211
  1.0556 -54.6996  1.07226
 1.05575 -54.6912  1.07241
  1.0559 -54.6828  1.07256
 1.05605 -54.6743  1.07271
  1.0562 -54.6659  1.07286
 1.05635 -54.6575  1.07301
  1.0565 -54.6491  1.07316
 1.05665 -54.6406  1.07331
  1.0568 -54.6322  1.07346
 1.05695 -54.6238  1.07361
  1.0571 -54.6154  1.07376
 1.05725  -54.607  1.07391
  1.0574 -54.5986  1.07406
 1.05755 -54.5902  1.07421
  1.0577 -54.5818  1.07436
 1.05785 -54.5734  1.07451
   1.058  -54.565  1.07451
 1.05815 -54.5566  1.07466
  1.0583 -54.5482  1.07481
 1.05845 -54.5398  1.07496
  1.0586 -54.5314  1.07511
 1.05875  -54.523  1.07526
  1.0589 -54.5146  1.07541
 1.05905 -54.5062  1.07556
  1.0592 -54.4979  1.07571
 1.05935 -54.4895  1.07586
  1.0595 -54.4811  1.07601
 1.05965 -54.4727  1.07616
  1.0598 -54.4644  1.07631
 1.05995  -54.456  1.07646
 1.06011 -54.4476  1.07661
 1.06026 -54.4393  1.07676
 1.06041 -54.4309  1.07691
 1.06056 -54.4226  1.07706
 1.06071 -54.4142  1.07706
 1.06086 -54.4058  1.07721
 1.06101 -54.3975  1.07736
 1.06116 -54.3891  1.07751
 1.06131 -54.3808  1.07766
 1.06146 -54.3725  1.07781
 1.06161 -54.3641  1.07796
 1.06176 -54.3558  1.07811
 1.06191 -54.3474  1.07826
 1.06206 -54.3391  1.07841
 1.06221 -54.3308  1.07856
 1.06236 -54.3224  1.07871
 1.06251 -54.3141  1.07886
 1.06266 -54.3058  1.07901
 1.06281 -54.2975  1.07916
 1.06296 -54.2892  1.07931
 1.06311 -54.2808  1.07946
 1.06326 -54.2725  1.07946
 1.06341 -54.2642  1.07961
 1.06356 -54.2559  1.07976
 1.06371 -54.2476  1.07991
 1.06386 -54.2393  1.08007
 1.06401  -54.231  1.08022
 1.06416 -54.2227  1.08037
 1.06431 -54.2144  1.08052
 1.06446 -54.2061  1.08067
 1.06461 -54.1978  1.08082
 1.06476 -54.1895  1.08097
 1.06491 -54.1812  1.08112
 1.06506 -54.1729  1.08127
 1.06521 -54.1647  1.08142
 1.06536 -54.1564  1.08157
 1.06551 -54.1481  1.08172
 1.06566 -54.1398  1.08187
 1.06581 -54.1315  1.08187
 1.06596 -54.1233  1.08202
 1.06611  -54.115  1.08217
 1.06626 -54.1067  1.08232
 1.06641 -54.0985  1.08247
 1.06656 -54.0902  1.08262
 1.06671 -54.0819  1.08277
 1.06686 -54.0737  1.08292
 1.06701 -54.0654  1.08307
 1.06716 -54.0572  1.08322
 1.06731 -54.0489  1.08337
 1.06746 -54.0407  1.08352
 1.06761 -54.0324  1.08367
 1.06776 -54.0242  1.08382
 1.06791  -54.016  1.08397
 1.06806 -54.0077  1.08412
 1.06821 -53.9995  1.08427
 1.06836 -53.9913  1.08427
 1.06851  -53.983  1.08442
 1.06866 -53.9748  1.08457
 1.06881 -53.9666  1.08472
 1.06896 -53.9583  1.08487
 1.06911 -53.9501  1.08502
 1.06926 -53.9419  1.08517
 1.06941 -53.9337  1.08532
 1.06956 -53.9255  1.08547
 1.06971 -53.9173  1.08562
 1.06986 -53.9091  1.08577
 1.07001 -53.9008  1.08592
 1.07016 -53.8926  1.08607
 1.07031 -53.8844  1.08622
 1.07046 -53.8762  1.08637
 1.07061  -53.868  1.08652
 1.07076 -53.8598  1.08652
 1.07091 -53.8517  1.08667
 1.07106 -53.8435  1.08682
 1.07121 -53.8353  1.08697
 1.07136 -53.8271  1.08712
 1.07151 -53.8189  1.08727
 1.07166 -53.8107  1.08742
 1.07181 -53.8026  1.08757
 1.07196 -53.7944  1.08772
 1.07211 -53.7862  1.08787
 1.07226  -53.778  1.08802
 1.07241 -53.7699  1.08817
 1.07256 -53.7617  1.08832
 1.07271 -53.7535  1.08847
 1.07286 -53.7454  1.08862
 1.07301 -53.7372  1.08877
 1.07316 -53.7291  1.08877
 1.07331 -53.7209  1.08892
 1.07346 -53.7128  1.08907
 1.07361 -53.7046  1.08922
 1.07376 -53.6965  1.08937
 1.07391 -53.6883  1.08952
 1.07406 -53.6802  1.08967
 1.07421  -53.672  1.08982
 1.07436 -53.6639  1.08997
 1.07451 -53.6558  1.09012
 1.07466 -53.6476  1.09027
 1.07481 -53.6395  1.09042
 1.07496 -53.6314  1.09057
 1.07511 -53.6233  1.09072
 1.07526 -53.6151  1.09087
 1.07541  -53.607  1.09102
 1.07556 -53.5989  1.09102
 1.07571 -53.5908  1.09117
 1.07586 -53.5827  1.09132
 1.07601 -53.5746  1.09147
 1.07616 -53.5664  1.09162
 1.07631 -53.5583  1.09177
 1.07646 -53.5502  1.09192
 1.07661 -53.5421  1.09207
 1.07676  -53.534  1.09222
 1.07691 -53.5259  1.09237
 1.07706 -53.5178  1.09252
 1.07721 -53.5098  1.09267
 1.07736 -53.5017  1.09282
 1.07751 -53.4936  1.09297
 1.07766 -53.4855  1.09297
 1.07781 -53.4774  1.09312
 1.07796 -53.4693  1.09327
 1.07811 -53.4613  1.09342
 1.07826 -53.4532  1.09357
 1.07841 -53.4451  1.09372
 1.07856 -53.4371  1.09387
 1.07871  -53.429  1.09402
 1.07886 -53.4209  1.09417
 1.07901 -53.4129  1.09432
 1.07916 -53.4048  1.09447
 1.07931 -53.3968  1.09462
 1.07946 -53.3887  1.09477
 1.07961 -53.3807  1.09477
 1.07976 -53.3726  1.09492
 1.07991 -53.3646  1.09507
 1.08007 -53.3565  1.09522
 1.08022 -53.3485  1.09537
 1.08037 -53.3404  1.09552
 1.08052 -53.3324  1.09567
 1.08067 -53.3244  1.09582
 1.08082 -53.3163  1.09597
 1.08097 -53.3083  1.09612
 1.08112 -53.3003  1.09627
 1.08127 -53.2923  1.09642
 1.08142 -53.2843  1.09657
 1.08157 -53.2762  1.09657
 1.08172 -53.2682  1.09672
 1.08187 -53.2602  1.09687
 1.08202 -53.2522  1.09702
 1.08217 -53.2442  1.09717
 1.08232 -53.2362  1.09732
 1.08247 -53.2282  1.09747
 1.08262 -53.2202  1.09762
 1.08277 -53.2122  1.09777
 1.08292 -53.2042  1.09792
 1.08307 -53.1962  1.09807
 1.08322 -53.1882  1.09822
 1.08337 -53.1802  1.09837
 1.08352 -53.1722  1.09837
 1.08367 -53.1643  1.09852
 1.08382 -53.1563  1.09867
 1.08397 -53.1483  1.09882
 1.08412 -53.1403  1.09897
 1.08427 -53.1324  1.09912
 1.08442 -53.1244  1.09927
 1.08457 -53.1164  1.09942
 1.08472 -53.1085  1.09957
 1.08487 -53.1005  1.09972
 1.08502 -53.0925  1.09987
 1.08517 -53.0846  1.10003
 1.08532 -53.0766  1.10003
 1.08547 -53.0687  1.10018
 1.08562 -53.0607  1.10033
 1.08577 -53.0528  1.10048
 1.08592 -53.0448  1.10063
 1.08607 -53.0369  1.10078
 1.08622  -53.029  1.10093
 1.08637  -53.021  1.10108
 1.08652 -53.0131  1.10123
 1.08667 -53.0052  1.10138
 1.08682 -52.9972  1.10153
 1.08697 -52.9893  1.10168
 1.08712 -52.9814  1.10183
 1.08727 -52.9735  1.10183
 1.08742 -52.9655  1.10198
 1.08757 -52.9576  1.10213
 1.08772 -52.9497  1.10228
 1.08787 -52.9418  1.10243
 1.08802 -52.9339  1.10258
 1.08817  -52.926  1.10273
 1.08832 -52.9181  1.10288
 1.08847 -52.9102  1.10303
 1.08862 -52.9023  1.10318
 1.08877 -52.8944  1.10333
 1.08892 -52.8865  1.10348
 1.08907 -52.8786  1.10348
 1.08922 -52.8707  1.10363
 1.08937 -52.8628  1.10378
 1.08952  -52.855  1.10393
 1.08967 -52.8471  1.10408
 1.08982 -52.8392  1.10423
 1.08997 -52.8313  1.10438
 1.09012 -52.8234  1.10453
 1.09027 -52.8156  1.10468
 1.09042 -52.8077  1.10483
 1.09057 -52.7998  1.10498
 1.09072  -52.792  1.10513
 1.09087 -52.7841  1.10513
 1.09102 -52.7763  1.10528
 1.09117 -52.7684  1.10543
 1.09132 -52.7606  1.10558
 1.09147 -52.7527  1.10573
 1.09162 -52.7449  1.10588
 1.09177  -52.737  1.10603
 1.09192 -52.7292  1.10618
 1.09207 -52.7213  1.10633
 1.09222 -52.7135  1.10648
 1.09237 -52.7057  1.10663
 1.09252 -52.6978  1.10678
 1.09267   -52.69  1.10678
 1.09282 -52.6822  1.10693
 1.09297 -52.6743  1.10708
 1.09312 -52.6665  1.10723
 1.09327 -52.6587  1.10738
 1.09342 -52.6509  1.10753
 1.09357 -52.6431  1.10768
 1.09372 -52.6353  1.10783
 1.09387 -52.6275  1.10798
 1.09402 -52.6197  1.10813
 1.09417 -52.6118  1.10828
 1.09432  -52.604  1.10843
 1.09447 -52.5962  1.10843
 1.09462 -52.5884  1.10858
 1.09477 -52.5807  1.10873
 1.09492 -52.5729  1.10888
 1.09507 -52.5651  1.10903
 1.09522 -52.5573  1.10918
 1.09537 -52.5495  1.10933
 1.09552 -52.5417  1.10948
 1.09567 -52.5339  1.10963
 1.09582 -52.5262  1.10978
 1.09597 -52.5184  1.10993
 1.09612 -52.5106  1.10993
 1.09627 -52.5029  1.11008
 1.09642 -52.4951  1.11023
 1.09657 -52.4873  1.11038
 1.09672 -52.4796  1.11053
 1.09687 -52.4718  1.11068
 1.09702  -52.464  1.11083
 1.09717 -52.4563  1.11098
 1.09732 -52.4485  1.11113
 1.09747 -52.4408  1.11128
 1.09762 -52.4331  1.11143
 1.09777 -52.4253  1.11158
 1.09792 -52.4176  1.11158
 1.09807 -52.4098  1.11173
 1.09822 -52.4021  1.11188
 1.09837 -52.3944  1.11203
 1.09852 -52.3866  1.11218
 1.09867 -52.3789  1.11233
 1.09882 -52.3712  1.11248
 1.09897 -52.3635  1.11263
 1.09912 -52.3557  1.11278
 1.09927  -52.348  1.11293
 1.09942 -52.3403  1.11308
 1.09957 -52.3326  1.11308
 1.09972 -52.3249  1.11323
 1.09987 -52.3172  1.11338
 1.10003 -52.3095  1.11353
 1.10018 -52.3018  1.11368
 1.10033 -52.2941  1.11383
 1.10048 -52.2864  1.11398
 1.10063 -52.2787  1.11413
 1.10078  -52.271  1.11428
 1.10093 -52.2633  1.11443
 1.10108 -52.2556  1.11443
 1.10123 -52.2479  1.11458
 1.10138 -52.2403  1.11473
 1.10153 -52.2326  1.11488
 1.10168 -52.2249  1.11503
 1.10183 -52.2172  1.11518
 1.10198 -52.2096  1.11533
 1.10213 -52.2019  1.11548
 1.10228 -52.1942  1.11563
 1.10243 -52.1866  1.11578
 1.10258 -52.1789  1.11578
 1.10273 -52.1713  1.11593
 1.10288 -52.1636  1.11608
 1.10303 -52.1559  1.11623
 1.10318 -52.1483  1.11638
 1.10333 -52.1407  1.11653
 1.10348  -52.133  1.11668
 1.10363 -52.1254  1.11683
 1.10378 -52.1177  1.11698
 1.10393 -52.1101  1.11713
 1.10408 -52.1025  1.11713
 1.10423 -52.0948  1.11728
 1.10438 -52.0872  1.11743
 1.10453 -52.0796  1.11758
 1.10468  -52.072  1.11773
 1.10483 -52.0643  1.11788
 1.10498 -52.0567  1.11803
 1.10513 -52.0491  1.11818
 1.10528 -52.0415  1.11833
 1.10543 -52.0339  1.11833
 1.10558 -52.0263  1.11848
 1.10573 -52.0187  1.11863
 1.10588 -52.0111  1.11878
 1.10603 -52.0035  1.11893
 1.10618 -51.9959  1.11908
 1.10633 -51.9883  1.11923
 1.10648 -51.9807  1.11938
 1.10663 -51.9731  1.11953
 1.10678 -51.9655  1.11953
 1.10693  -51.958  1.11968
 1.10708 -51.9504  1.11983
 1.10723 -51.9428  1.11998
 1.10738 -51.9352  1.12014
 1.10753 -51.9277  1.12029
 1.10768 -51.9201  1.12044
 1.10783 -51.9125  1.12059
 1.10798  -51.905  1.12074
 1.10813 -51.8974  1.12074
 1.10828 -51.8899  1.12089
 1.10843 -51.8823  1.12104
 1.10858 -51.8748  1.12119
 1.10873 -51.8672  1.12134
 1.10888 -51.8597  1.12149
 1.10903 -51.8521  1.12164
 1.10918 -51.8446  1.12179
 1.10933  -51.837  1.12194
 1.10948 -51.8295  1.12194
 1.10963  -51.822  1.12209
 1.10978 -51.8145  1.12224
 1.10993 -51.8069  1.12239
 1.11008 -51.7994  1.12254
 1.11023 -51.7919  1.12269
 1.11038 -51.7844  1.12284
 1.11053 -51.7769  1.12299
 1.11068 -51.7693  1.12314
 1.11083 -51.7618  1.12314
 1.11098 -51.7543  1.12329
 1.11113 -51.7468  1.12344
 1.11128 -51.7393  1.12359
 1.11143 -51.7318  1.12374
 1.11158 -51.7243  1.12389
 1.11173 -51.7168  1.12404
 1.11188 -51.7093  1.12419
 1.11203 -51.7019  1.12434
 1.11218 -51.6944  1.12434
 1.11233 -51.6869  1.12449
 1.11248 -51.6794  1.12464
 1.11263 -51.6719  1.12479
 1.11278 -51.6645  1.12494
 1.11293  -51.657  1.12494
 1.11308 -51.6495  1.12509
 1.11323 -51.6421  1.12524
 1.11338 -51.6346  1.12539
 1.11353 -51.6272  1.12554
 1.11368 -51.6197  1.12554
 1.11383 -51.6123  1.12569
 1.11398 -51.6049  1.12584
 1.11413 -51.5974  1.12599
 1.11428   -51.59  1.12614
 1.11443 -51.5826  1.12614
 1.11458 -51.5751  1.12629
 1.11473 -51.5677  1.12644
 1.11488 -51.5603  1.12659
 1.11503 -51.5529  1.12674
 1.11518 -51.5455  1.12674
 1.11533 -51.5381  1.12689
 1.11548 -51.5307  1.12704
 1.11563 -51.5233  1.12719
 1.11578 -51.5159  1.12734
 1.11593 -51.5085  1.12734
 1.11608 -51.5011  1.12749
 1.11623 -51.4937  1.12764
 1.11638 -51.4863  1.12779
 1.11653  -51.479  1.12794
 1.11668 -51.4716  1.12794
 1.11683 -51.4642  1.12809
 1.11698 -51.4568  1.12824
 1.11713 -51.4495  1.12839
 1.11728 -51.4421  1.12854
 1.11743 -51.4348  1.12869
 1.11758 -51.4274  1.12869
 1.11773 -51.4201  1.12884
 1.11788 -51.4127  1.12899
 1.11803 -51.4054  1.12914
 1.11818  -51.398  1.12929
 1.11833 -51.3907  1.12929
 1.11848 -51.3834  1.12944
 1.11863 -51.3761  1.12959
 1.11878 -51.3687  1.12974
 1.11893 -51.3614  1.12989
 1.11908 -51.3541  1.12989
 1.11923 -51.3468  1.13004
 1.11938 -51.3395  1.13019
 1.11953 -51.3322  1.13034
 1.11968 -51.3249  1.13049
 1.11983 -51.3176  1.13049
 1.11998 -51.3103  1.13064
 1.12014  -51.303  1.13079
 1.12029 -51.2957  1.13094
 1.12044 -51.2884  1.13109
 1.12059 -51.2811  1.13109
 1.12074 -51.2739  1.13124
 1.12089 -51.2666  1.13139
 1.12104 -51.2593  1.13154
 1.12119 -51.2521  1.13169
 1.12134 -51.2448  1.13184
 1.12149 -51.2375  1.13184
 1.12164 -51.2303  1.13199
 1.12179  -51.223  1.13214
 1.12194 -51.2158  1.13229
 1.12209 -51.2085  1.13244
 1.12224 -51.2013  1.13244
 1.12239 -51.1941  1.13259
 1.12254 -51.1868  1.13274
 1.12269 -51.1796  1.13289
 1.12284 -51.1724  1.13304
 1.12299 -51.1651  1.13304
 1.12314 -51.1579  1.13319
 1.12329 -51.1507  1.13334
 1.12344 -51.1435  1.13349
 1.12359 -51.1363  1.13364
 1.12374 -51.1291  1.13364
 1.12389 -51.1219  1.13379
 1.12404 -51.1147  1.13394
 1.12419 -51.1075  1.13409
 1.12434 -51.1003  1.13424
 1.12449 -51.0931  1.13424
 1.12464 -51.0859  1.13439
 1.12479 -51.0787  1.13454
 1.12494 -51.0716  1.13469
 1.12509 -51.0644  1.13484
 1.12524 -51.0572  1.13484
 1.12539 -51.0501  1.13499
 1.12554 -51.0429  1.13514
 1.12569 -51.0357  1.13529
 1.12584 -51.0286  1.13544
 1.12599 -51.0214  1.13544
 1.12614 -51.0143  1.13559
 1.12629 -51.0071  1.13574
 1.12644      -51  1.13589
 1.12659 -50.9929  1.13604
 1.12674 -50.9857  1.13604
 1.12689 -50.9786  1.13619
 1.12704 -50.9715  1.13634
 1.12719 -50.9644  1.13649
 1.12734 -50.9572  1.13664
 1.12749 -50.9501  1.13664
 1.12764  -50.943  1.13679
 1.12779 -50.9359  1.13694
 1.12794 -50.9288  1.13709
 1.12809 -50.9217  1.13724
 1.12824 -50.9146  1.13724
 1.12839 -50.9075  1.13739
 1.12854 -50.9004  1.13754
 1.12869 -50.8933  1.13769
 1.12884 -50.8862  1.13784
 1.12899 -50.8792  1.13784
 1.12914 -50.8721  1.13799
 1.12929  -50.865  1.13814
 1.12944 -50.8579  1.13829
 1.12959 -50.8509  1.13844
 1.12974 -50.8438  1.13844
 1.12989 -50.8367  1.13859
 1.13004 -50.8297  1.13874
 1.13019 -50.8226  1.13889
 1.13034 -50.8156  1.13889
 1.13049 -50.8085  1.13904
 1.13064 -50.8015  1.13919
 1.13079 -50.7945  1.13934
 1.13094 -50.7874  1.13949
 1.13109 -50.7804  1.13949
 1.13124 -50.7734  1.13964
 1.13139 -50.7664  1.13979
 1.13154 -50.7593  1.13994
 1.13169 -50.7523   1.1401
 1.13184 -50.7453   1.1401
 1.13199 -50.7383  1.14025
 1.13214 -50.7313   1.1404
 1.13229 -50.7243  1.14055
 1.13244 -50.7173   1.1407
 1.13259 -50.7103   1.1407
 1.13274 -50.7033  1.14085
 1.13289 -50.6963    1.141
 1.13304 -50.6893  1.14115
 1.13319 -50.6824   1.1413
 1.13334 -50.6754   1.1413
 1.13349 -50.6684  1.14145
 1.13364 -50.6614   1.1416
 1.13379 -50.6545  1.14175
 1.13394 -50.6475   1.1419
 1.13409 -50.6405   1.1419
 1.13424 -50.6336  1.14205
 1.13439 -50.6266   1.1422
 1.13454 -50.6197  1.14235
 1.13469 -50.6127   1.1425
 1.13484 -50.6058   1.1425
 1.13499 -50.5989  1.14265
 1.13514 -50.5919   1.1428
 1.13529  -50.585  1.14295
 1.13544 -50.5781  1.14295
 1.13559 -50.5711   1.1431
 1.13574 -50.5642  1.14325
 1.13589 -50.5573   1.1434
 1.13604 -50.5504  1.14355
 1.13619 -50.5435  1.14355
 1.13634 -50.5366   1.1437
 1.13649 -50.5297  1.14385
 1.13664 -50.5228    1.144
 1.13679 -50.5159  1.14415
 1.13694  -50.509  1.14415
 1.13709 -50.5021   1.1443
 1.13724 -50.4952  1.14445
 1.13739 -50.4883   1.1446
 1.13754 -50.4814  1.14475
 1.13769 -50.4746  1.14475
 1.13784 -50.4677   1.1449
 1.13799 -50.4608  1.14505
 1.13814  -50.454   1.1452
 1.13829 -50.4471   1.1452
 1.13844 -50.4402  1.14535
 1.13859 -50.4334   1.1455
 1.13874 -50.4265   1.1455
 1.13889 -50.4197  1.14565
 1.13904 -50.4129   1.1458
 1.13919  -50.406  1.14595
 1.13934 -50.3992  1.14595
 1.13949 -50.3924   1.1461
 1.13964 -50.3855  1.14625
 1.13979 -50.3787   1.1464
 1.13994 -50.3719   1.1464
  1.1401 -50.3651  1.14655
 1.14025 -50.3583   1.1467
  1.1404 -50.3515   1.1467
 1.14055 -50.3447  1.14685
  1.1407 -50.3379    1.147
 1.14085 -50.3311  1.14715
   1.141 -50.3243  1.14715
 1.14115 -50.3176   1.1473
  1.1413 -50.3108  1.14745
 1.14145  -50.304  1.14745
  1.1416 -50.2972   1.1476
 1.14175 -50.2905  1.14775
  1.1419 -50.2837   1.1479
 1.14205  -50.277   1.1479
  1.1422 -50.2702  1.14805
 1.14235 -50.2635   1.1482
  1.1425 -50.2567  1.14835
 1.14265   -50.25  1.14835
  1.1428 -50.2432   1.1485
 1.14295 -50.2365  1.14865
  1.1431 -50.2298  1.14865
 1.14325 -50.2231   1.1488
  1.1434 -50.2163  1.14895
 1.14355 -50.2096   1.1491
  1.1437 -50.2029   1.1491
 1.14385 -50.1962  1.14925
   1.144 -50.1895   1.1494
 1.14415 -50.1828   1.1494
  1.1443 -50.1761  1.14955
 1.14445 -50.1694   1.1497
  1.1446 -50.1627  1.14985
 1.14475 -50.1561  1.14985
  1.1449 -50.1494     1.15
 1.14505 -50.1427     1.15
  1.1452 -50.1361     1.15
 1.14535 -50.1294     1.15
  1.1455 -50.1228     1.15
 1.14565 -50.1162     1.15
  1.1458 -50.1095     1.15
 1.14595 -50.1029     1.15
  1.1461 -50.0964     1.15
 1.14625 -50.0898     1.15
  1.1464 -50.0832     1.15
 1.14655 -50.0767     1.15
  1.1467 -50.0701     1.15
 1.14685 -50.0636     1.15
   1.147 -50.0571     1.15
 1.14715 -50.0506     1.15
  1.1473 -50.0441     1.15
 1.14745 -50.0376     1.15
  1.1476 -50.0311     1.15
 1.14775 -50.0246     1.15
  1.1479 -50.0182     1.15
 1.14805 -50.0118     1.15
  1.1482 -50.0053     1.15
 1.14835 -49.9989     1.15
  1.1485 -49.9925     1.15
 1.14865 -49.9861     1.15
  1.1488 -49.9797     1.15
 1.14895 -49.9733     1.15
  1.1491  -49.967     1.15
 1.14925 -49.9606     1.15
  1.1494 -49.9543     1.15
 1.14955  -49.948     1.15
  1.1497 -49.9416     1.15
 1.14985 -49.9353     1.15
    1.15  -49.929     1.15