 kgrid  ValNew  Policy 
    0.85 -78.4601     0.85
 0.85015 -78.4401     0.85
  0.8503 -78.4202     0.85
 0.85045 -78.4003     0.85
  0.8506 -78.3805     0.85
 0.85075 -78.3607     0.85
  0.8509  -78.341     0.85
0.851051 -78.3213     0.85
0.851201 -78.3016     0.85
0.851351  -78.282     0.85
0.851501 -78.2624     0.85
0.851651 -78.2429     0.85
0.851801 -78.2234     0.85
0.851951 -78.2039     0.85
0.852101 -78.1845     0.85
0.852251 -78.1652     0.85
0.852401 -78.1459     0.85
0.852551 -78.1266     0.85
0.852701 -78.1073     0.85
0.852851 -78.0881     0.85
0.853002  -78.069     0.85
0.853152 -78.0499     0.85
0.853302 -78.0308     0.85
0.853452 -78.0118     0.85
0.853602 -77.9928     0.85
0.853752 -77.9738     0.85
0.853902 -77.9549     0.85
0.854052 -77.9361     0.85
0.854202 -77.9172     0.85
0.854352 -77.8985     0.85
0.854502 -77.8797     0.85
0.854652  -77.861     0.85
0.854802 -77.8423     0.85
0.854952 -77.8237     0.85
0.855103 -77.8051     0.85
0.855253 -77.7866     0.85
0.855403 -77.7681     0.85
0.855553 -77.7496     0.85
0.855703 -77.7312     0.85
0.855853 -77.7128     0.85
0.856003 -77.6945     0.85
0.856153 -77.6762     0.85
0.856303 -77.6579     0.85
0.856453 -77.6397     0.85
0.856603 -77.6215     0.85
0.856753 -77.6033     0.85
0.856903 -77.5852     0.85
0.857054 -77.5672     0.85
0.857204 -77.5491     0.85
0.857354 -77.5311     0.85
0.857504 -77.5132     0.85
0.857654 -77.4953     0.85
0.857804 -77.4774     0.85
0.857954 -77.4595     0.85
0.858104 -77.4417     0.85
0.858254  -77.424     0.85
0.858404 -77.4062     0.85
0.858554 -77.3886     0.85
0.858704 -77.3709     0.85
0.858854 -77.3533     0.85
0.859005 -77.3357     0.85
0.859155 -77.3182     0.85
0.859305 -77.3007     0.85
0.859455 -77.2832     0.85
0.859605 -77.2658     0.85
0.859755 -77.2484     0.85
0.859905  -77.231     0.85
0.860055 -77.2137     0.85
0.860205 -77.1964     0.85
0.860355 -77.1792     0.85
0.860505  -77.162     0.85
0.860655 -77.1448     0.85
0.860805 -77.1277     0.85
0.860955 -77.1106     0.85
0.861106 -77.0935     0.85
0.861256 -77.0765     0.85
0.861406 -77.0595     0.85
0.861556 -77.0426     0.85
0.861706 -77.0257     0.85
0.861856 -77.0088     0.85
0.862006 -76.9919     0.85
0.862156 -76.9751     0.85
0.862306 -76.9583     0.85
0.862456 -76.9416     0.85
0.862606 -76.9249     0.85
0.862756 -76.9082     0.85
0.862906 -76.8916     0.85
0.863057  -76.875     0.85
0.863207 -76.8584     0.85
0.863357 -76.8419     0.85
0.863507 -76.8254     0.85
0.863657  -76.809     0.85
0.863807 -76.7925     0.85
0.863957 -76.7761     0.85
0.864107 -76.7598     0.85
0.864257 -76.7435     0.85
0.864407 -76.7272     0.85
0.864557 -76.7109     0.85
0.864707 -76.6947     0.85
0.864857 -76.6785     0.85
0.865008 -76.6624     0.85
0.865158 -76.6462     0.85
0.865308 -76.6302     0.85
0.865458 -76.6141     0.85
0.865608 -76.5981     0.85
0.865758 -76.5821     0.85
0.865908 -76.5662     0.85
0.866058 -76.5502     0.85
0.866208 -76.5344     0.85
0.866358 -76.5185     0.85
0.866508 -76.5027     0.85
0.866658 -76.4869     0.85
0.866808 -76.4711     0.85
0.866958 -76.4554     0.85
0.867109 -76.4397     0.85
0.867259 -76.4241     0.85
0.867409 -76.4085     0.85
0.867559 -76.3929     0.85
0.867709 -76.3773     0.85
0.867859 -76.3618     0.85
0.868009 -76.3463     0.85
0.868159 -76.3308     0.85
0.868309 -76.3154     0.85
0.868459    -76.3     0.85
0.868609 -76.2847     0.85
0.868759 -76.2693     0.85
0.868909  -76.254     0.85
 0.86906 -76.2388     0.85
 0.86921 -76.2235     0.85
 0.86936 -76.2083     0.85
 0.86951 -76.1931     0.85
 0.86966  -76.178     0.85
 0.86981 -76.1629     0.85
 0.86996 -76.1478     0.85
 0.87011 -76.1328     0.85
 0.87026 -76.1177     0.85
 0.87041 -76.1028     0.85
 0.87056 -76.0878     0.85
 0.87071 -76.0729     0.85
 0.87086  -76.058  0.85015
0.871011 -76.0431   0.8503
0.871161 -76.0282   0.8503
0.871311 -76.0133  0.85045
0.871461 -75.9984   0.8506
0.871611 -75.9836   0.8506
0.871761 -75.9688  0.85075
0.871911 -75.9539   0.8509
0.872061 -75.9391   0.8509
0.872211 -75.9243 0.851051
0.872361 -75.9095 0.851201
0.872511 -75.8948 0.851201
0.872661   -75.88 0.851351
0.872811 -75.8653 0.851351
0.872961 -75.8505 0.851501
0.873112 -75.8358 0.851651
0.873262 -75.8211 0.851801
0.873412 -75.8064 0.851801
0.873562 -75.7917 0.851951
0.873712  -75.777 0.852101
0.873862 -75.7623 0.852101
0.874012 -75.7477 0.852251
0.874162  -75.733 0.852401
0.874312 -75.7184 0.852551
0.874462 -75.7038 0.852551
0.874612 -75.6892 0.852701
0.874762 -75.6746 0.852851
0.874912   -75.66 0.852851
0.875063 -75.6454 0.853002
0.875213 -75.6308 0.853152
0.875363 -75.6162 0.853302
0.875513 -75.6017 0.853302
0.875663 -75.5871 0.853452
0.875813 -75.5726 0.853602
0.875963 -75.5581 0.853602
0.876113 -75.5436 0.853752
0.876263 -75.5291 0.853902
0.876413 -75.5146 0.854052
0.876563 -75.5001 0.854052
0.876713 -75.4857 0.854202
0.876863 -75.4712 0.854352
0.877014 -75.4568 0.854352
0.877164 -75.4423 0.854502
0.877314 -75.4279 0.854652
0.877464 -75.4135 0.854802
0.877614 -75.3991 0.854802
0.877764 -75.3847 0.854952
0.877914 -75.3703 0.855103
0.878064 -75.3559 0.855253
0.878214 -75.3416 0.855253
0.878364 -75.3272 0.855403
0.878514 -75.3129 0.855553
0.878664 -75.2986 0.855553
0.878814 -75.2842 0.855703
0.878964 -75.2699 0.855853
0.879115 -75.2556 0.856003
0.879265 -75.2413 0.856003
0.879415 -75.2271 0.856153
0.879565 -75.2128 0.856303
0.879715 -75.1985 0.856453
0.879865 -75.1843 0.856453
0.880015   -75.17 0.856603
0.880165 -75.1558 0.856753
0.880315 -75.1416 0.856753
0.880465 -75.1274 0.856903
0.880615 -75.1132 0.857054
0.880765  -75.099 0.857204
0.880915 -75.0848 0.857204
0.881066 -75.0706 0.857354
0.881216 -75.0565 0.857504
0.881366 -75.0423 0.857654
0.881516 -75.0282 0.857654
0.881666 -75.0141 0.857804
0.881816      -75 0.857954
0.881966 -74.9859 0.857954
0.882116 -74.9718 0.858104
0.882266 -74.9577 0.858254
0.882416 -74.9436 0.858404
0.882566 -74.9295 0.858404
0.882716 -74.9155 0.858554
0.882866 -74.9014 0.858704
0.883017 -74.8874 0.858854
0.883167 -74.8733 0.858854
0.883317 -74.8593 0.859005
0.883467 -74.8453 0.859155
0.883617 -74.8313 0.859155
0.883767 -74.8173 0.859305
0.883917 -74.8033 0.859455
0.884067 -74.7894 0.859605
0.884217 -74.7754 0.859605
0.884367 -74.7615 0.859755
0.884517 -74.7475 0.859905
0.884667 -74.7336 0.860055
0.884817 -74.7197 0.860055
0.884967 -74.7058 0.860205
0.885118 -74.6919 0.860355
0.885268  -74.678 0.860505
0.885418 -74.6641 0.860505
0.885568 -74.6502 0.860655
0.885718 -74.6364 0.860805
0.885868 -74.6225 0.860805
0.886018 -74.6087 0.860955
0.886168 -74.5948 0.861106
0.886318  -74.581 0.861256
0.886468 -74.5672 0.861256
0.886618 -74.5534 0.861406
0.886768 -74.5396 0.861556
0.886918 -74.5258 0.861706
0.887069  -74.512 0.861706
0.887219 -74.4982 0.861856
0.887369 -74.4845 0.862006
0.887519 -74.4707 0.862156
0.887669  -74.457 0.862156
0.887819 -74.4433 0.862306
0.887969 -74.4295 0.862456
0.888119 -74.4158 0.862606
0.888269 -74.4021 0.862606
0.888419 -74.3884 0.862756
0.888569 -74.3748 0.862906
0.888719 -74.3611 0.863057
0.888869 -74.3474 0.863057
 0.88902 -74.3337 0.863207
 0.88917 -74.3201 0.863357
 0.88932 -74.3065 0.863507
 0.88947 -74.2928 0.863507
 0.88962 -74.2792 0.863657
 0.88977 -74.2656 0.863807
 0.88992  -74.252 0.863957
 0.89007 -74.2384 0.863957
 0.89022 -74.2248 0.864107
 0.89037 -74.2112 0.864257
 0.89052 -74.1977 0.864407
 0.89067 -74.1841 0.864407
 0.89082 -74.1706 0.864557
 0.89097  -74.157 0.864707
0.891121 -74.1435 0.864857
0.891271   -74.13 0.864857
0.891421 -74.1165 0.865008
0.891571  -74.103 0.865158
0.891721 -74.0895 0.865308
0.891871  -74.076 0.865308
0.892021 -74.0625 0.865458
0.892171  -74.049 0.865608
0.892321 -74.0356 0.865608
0.892471 -74.0221 0.865758
0.892621 -74.0087 0.865908
0.892771 -73.9953 0.866058
0.892921 -73.9819 0.866058
0.893072 -73.9684 0.866208
0.893222  -73.955 0.866358
0.893372 -73.9416 0.866508
0.893522 -73.9283 0.866508
0.893672 -73.9149 0.866658
0.893822 -73.9015 0.866808
0.893972 -73.8881 0.866958
0.894122 -73.8748 0.866958
0.894272 -73.8614 0.867109
0.894422 -73.8481 0.867259
0.894572 -73.8348 0.867409
0.894722 -73.8215 0.867409
0.894872 -73.8082 0.867559
0.895023 -73.7949 0.867709
0.895173 -73.7816 0.867859
0.895323 -73.7683 0.868009
0.895473  -73.755 0.868009
0.895623 -73.7418 0.868159
0.895773 -73.7285 0.868309
0.895923 -73.7153 0.868459
0.896073  -73.702 0.868459
0.896223 -73.6888 0.868609
0.896373 -73.6756 0.868759
0.896523 -73.6623 0.868909
0.896673 -73.6491 0.868909
0.896823 -73.6359  0.86906
0.896973 -73.6228  0.86921
0.897124 -73.6096  0.86936
0.897274 -73.5964  0.86936
0.897424 -73.5833  0.86951
0.897574 -73.5701  0.86966
0.897724  -73.557  0.86981
0.897874 -73.5438  0.86981
0.898024 -73.5307  0.86996
0.898174 -73.5176  0.87011
0.898324 -73.5045  0.87026
0.898474 -73.4914  0.87026
0.898624 -73.4783  0.87041
0.898774 -73.4652  0.87056
0.898924 -73.4521  0.87071
0.899075  -73.439  0.87071
0.899225  -73.426  0.87086
0.899375 -73.4129 0.871011
0.899525 -73.3999 0.871161
0.899675 -73.3868 0.871311
0.899825 -73.3738 0.871461
0.899975 -73.3608 0.871611
0.900125 -73.3477 0.871611
0.900275 -73.3347 0.871761
0.900425 -73.3217 0.871911
0.900575 -73.3087 0.872061
0.900725 -73.2957 0.872211
0.900875 -73.2827 0.872361
0.901026 -73.2697 0.872511
0.901176 -73.2567 0.872511
0.901326 -73.2438 0.872661
0.901476 -73.2308 0.872811
0.901626 -73.2178 0.872961
0.901776 -73.2049 0.873112
0.901926 -73.1919 0.873262
0.902076  -73.179 0.873262
0.902226  -73.166 0.873412
0.902376 -73.1531 0.873562
0.902526 -73.1402 0.873712
0.902676 -73.1273 0.873862
0.902826 -73.1143 0.874012
0.902976 -73.1014 0.874162
0.903127 -73.0885 0.874162
0.903277 -73.0756 0.874312
0.903427 -73.0627 0.874462
0.903577 -73.0499 0.874612
0.903727  -73.037 0.874762
0.903877 -73.0241 0.874912
0.904027 -73.0112 0.875063
0.904177 -72.9984 0.875063
0.904327 -72.9855 0.875213
0.904477 -72.9727 0.875363
0.904627 -72.9598 0.875513
0.904777  -72.947 0.875663
0.904927 -72.9342 0.875813
0.905078 -72.9213 0.875963
0.905228 -72.9085 0.875963
0.905378 -72.8957 0.876113
0.905528 -72.8829 0.876263
0.905678 -72.8701 0.876413
0.905828 -72.8573 0.876563
0.905978 -72.8445 0.876713
0.906128 -72.8317 0.876863
0.906278 -72.8189 0.876863
0.906428 -72.8062 0.877014
0.906578 -72.7934 0.877164
0.906728 -72.7806 0.877314
0.906878 -72.7679 0.877464
0.907029 -72.7551 0.877614
0.907179 -72.7424 0.877764
0.907329 -72.7296 0.877914
0.907479 -72.7169 0.877914
0.907629 -72.7042 0.878064
0.907779 -72.6915 0.878214
0.907929 -72.6787 0.878364
0.908079  -72.666 0.878514
0.908229 -72.6533 0.878664
0.908379 -72.6406 0.878814
0.908529 -72.6279 0.878814
0.908679 -72.6152 0.878964
0.908829 -72.6026 0.879115
0.908979 -72.5899 0.879265
 0.90913 -72.5772 0.879415
 0.90928 -72.5646 0.879565
 0.90943 -72.5519 0.879715
 0.90958 -72.5392 0.879715
 0.90973 -72.5266 0.879865
 0.90988 -72.5139 0.880015
 0.91003 -72.5013 0.880165
 0.91018 -72.4887 0.880315
 0.91033  -72.476 0.880465
 0.91048 -72.4634 0.880615
 0.91063 -72.4508 0.880765
 0.91078 -72.4382 0.880765
 0.91093 -72.4256 0.880915
0.911081  -72.413 0.881066
0.911231 -72.4004 0.881216
0.911381 -72.3878 0.881366
0.911531 -72.3752 0.881516
0.911681 -72.3626 0.881666
0.911831 -72.3501 0.881816
0.911981 -72.3375 0.881816
0.912131 -72.3249 0.881966
0.912281 -72.3124 0.882116
0.912431 -72.2998 0.882266
0.912581 -72.2873 0.882416
0.912731 -72.2747 0.882566
0.912881 -72.2622 0.882716
0.913032 -72.2497 0.882866
0.913182 -72.2372 0.882866
0.913332 -72.2246 0.883017
0.913482 -72.2121 0.883167
0.913632 -72.1996 0.883317
0.913782 -72.1871 0.883467
0.913932 -72.1746 0.883617
0.914082 -72.1621 0.883767
0.914232 -72.1496 0.883917
0.914382 -72.1371 0.884067
0.914532 -72.1247 0.884067
0.914682 -72.1122 0.884217
0.914832 -72.0997 0.884367
0.914982 -72.0872 0.884517
0.915133 -72.0748 0.884667
0.915283 -72.0623 0.884817
0.915433 -72.0499 0.884967
0.915583 -72.0374 0.885118
0.915733  -72.025 0.885118
0.915883 -72.0126 0.885268
0.916033 -72.0001 0.885418
0.916183 -71.9877 0.885568
0.916333 -71.9753 0.885718
0.916483 -71.9629 0.885868
0.916633 -71.9505 0.886018
0.916783 -71.9381 0.886168
0.916933 -71.9257 0.886168
0.917084 -71.9133 0.886318
0.917234 -71.9009 0.886468
0.917384 -71.8885 0.886618
0.917534 -71.8761 0.886768
0.917684 -71.8638 0.886918
0.917834 -71.8514 0.887069
0.917984 -71.8391 0.887219
0.918134 -71.8267 0.887369
0.918284 -71.8143 0.887369
0.918434  -71.802 0.887519
0.918584 -71.7897 0.887669
0.918734 -71.7773 0.887819
0.918884  -71.765 0.887969
0.919035 -71.7527 0.888119
0.919185 -71.7403 0.888269
0.919335  -71.728 0.888419
0.919485 -71.7157 0.888569
0.919635 -71.7034 0.888569
0.919785 -71.6911 0.888719
0.919935 -71.6788 0.888869
0.920085 -71.6665  0.88902
0.920235 -71.6542  0.88917
0.920385  -71.642  0.88932
0.920535 -71.6297  0.88947
0.920685 -71.6174  0.88962
0.920835 -71.6051  0.88962
0.920985 -71.5929  0.88977
0.921136 -71.5806  0.88992
0.921286 -71.5684  0.89007
0.921436 -71.5561  0.89022
0.921586 -71.5439  0.89037
0.921736 -71.5316  0.89052
0.921886 -71.5194  0.89067
0.922036 -71.5072  0.89082
0.922186  -71.495  0.89082
0.922336 -71.4828  0.89097
0.922486 -71.4705 0.891121
0.922636 -71.4583 0.891271
0.922786 -71.4461 0.891421
0.922936 -71.4339 0.891571
0.923087 -71.4217 0.891721
0.923237 -71.4096 0.891871
0.923387 -71.3974 0.892021
0.923537 -71.3852 0.892021
0.923687  -71.373 0.892171
0.923837 -71.3609 0.892321
0.923987 -71.3487 0.892471
0.924137 -71.3365 0.892621
0.924287 -71.3244 0.892771
0.924437 -71.3122 0.892921
0.924587 -71.3001 0.893072
0.924737 -71.2879 0.893222
0.924887 -71.2758 0.893222
0.925038 -71.2637 0.893372
0.925188 -71.2516 0.893522
0.925338 -71.2394 0.893672
0.925488 -71.2273 0.893822
0.925638 -71.2152 0.893972
0.925788 -71.2031 0.894122
0.925938  -71.191 0.894272
0.926088 -71.1789 0.894422
0.926238 -71.1668 0.894422
0.926388 -71.1547 0.894572
0.926538 -71.1426 0.894722
0.926688 -71.1306 0.894872
0.926838 -71.1185 0.895023
0.926988 -71.1064 0.895173
0.927139 -71.0944 0.895323
0.927289 -71.0823 0.895473
0.927439 -71.0702 0.895623
0.927589 -71.0582 0.895623
0.927739 -71.0461 0.895773
0.927889 -71.0341 0.895923
0.928039 -71.0221 0.896073
0.928189   -71.01 0.896223
0.928339  -70.998 0.896373
0.928489  -70.986 0.896523
0.928639  -70.974 0.896673
0.928789  -70.962 0.896823
0.928939   -70.95 0.896973
 0.92909  -70.938 0.896973
 0.92924  -70.926 0.897124
 0.92939  -70.914 0.897274
 0.92954  -70.902 0.897424
 0.92969   -70.89 0.897574
 0.92984  -70.878 0.897724
 0.92999  -70.866 0.897874
 0.93014 -70.8541 0.898024
 0.93029 -70.8421 0.898174
 0.93044 -70.8301 0.898174
 0.93059 -70.8182 0.898324
 0.93074 -70.8062 0.898474
 0.93089 -70.7943 0.898624
0.931041 -70.7823 0.898774
0.931191 -70.7704 0.898924
0.931341 -70.7585 0.899075
0.931491 -70.7465 0.899225
0.931641 -70.7346 0.899375
0.931791 -70.7227 0.899525
0.931941 -70.7108 0.899525
0.932091 -70.6989 0.899675
0.932241  -70.687 0.899825
0.932391 -70.6751 0.899975
0.932541 -70.6632 0.900125
0.932691 -70.6513 0.900275
0.932841 -70.6394 0.900425
0.932991 -70.6275 0.900575
0.933142 -70.6156 0.900725
0.933292 -70.6037 0.900875
0.933442 -70.5919 0.901026
0.933592   -70.58 0.901026
0.933742 -70.5681 0.901176
0.933892 -70.5563 0.901326
0.934042 -70.5444 0.901476
0.934192 -70.5325 0.901626
0.934342 -70.5207 0.901776
0.934492 -70.5089 0.901926
0.934642  -70.497 0.902076
0.934792 -70.4852 0.902226
0.934942 -70.4733 0.902376
0.935093 -70.4615 0.902526
0.935243 -70.4497 0.902526
0.935393 -70.4379 0.902676
0.935543 -70.4261 0.902826
0.935693 -70.4142 0.902976
0.935843 -70.4024 0.903127
0.935993 -70.3906 0.903277
0.936143 -70.3788 0.903427
0.936293  -70.367 0.903577
0.936443 -70.3553 0.903727
0.936593 -70.3435 0.903877
0.936743 -70.3317 0.904027
0.936893 -70.3199 0.904177
0.937044 -70.3081 0.904177
0.937194 -70.2964 0.904327
0.937344 -70.2846 0.904477
0.937494 -70.2728 0.904627
0.937644 -70.2611 0.904777
0.937794 -70.2493 0.904927
0.937944 -70.2376 0.905078
0.938094 -70.2258 0.905228
0.938244 -70.2141 0.905378
0.938394 -70.2024 0.905528
0.938544 -70.1906 0.905678
0.938694 -70.1789 0.905678
0.938844 -70.1672 0.905828
0.938994 -70.1555 0.905978
0.939145 -70.1437 0.906128
0.939295  -70.132 0.906278
0.939445 -70.1203 0.906428
0.939595 -70.1086 0.906578
0.939745 -70.0969 0.906728
0.939895 -70.0852 0.906878
0.940045 -70.0735 0.907029
0.940195 -70.0618 0.907179
0.940345 -70.0502 0.907329
0.940495 -70.0385 0.907329
0.940645 -70.0268 0.907479
0.940795 -70.0151 0.907629
0.940945 -70.0035 0.907779
0.941096 -69.9918 0.907929
0.941246 -69.9801 0.908079
0.941396 -69.9685 0.908229
0.941546 -69.9568 0.908379
0.941696 -69.9452 0.908529
0.941846 -69.9335 0.908679
0.941996 -69.9219 0.908829
0.942146 -69.9103 0.908979
0.942296 -69.8986 0.908979
0.942446  -69.887  0.90913
0.942596 -69.8754  0.90928
0.942746 -69.8638  0.90943
0.942896 -69.8521  0.90958
0.943047 -69.8405  0.90973
0.943197 -69.8289  0.90988
0.943347 -69.8173  0.91003
0.943497 -69.8057  0.91018
0.943647 -69.7941  0.91033
0.943797 -69.7825  0.91048
0.943947 -69.7709  0.91063
0.944097 -69.7594  0.91063
0.944247 -69.7478  0.91078
0.944397 -69.7362  0.91093
0.944547 -69.7246 0.911081
0.944697 -69.7131 0.911231
0.944847 -69.7015 0.911381
0.944997 -69.6899 0.911531
0.945148 -69.6784 0.911681
0.945298 -69.6668 0.911831
0.945448 -69.6553 0.911981
0.945598 -69.6437 0.912131
0.945748 -69.6322 0.912281
0.945898 -69.6207 0.912281
0.946048 -69.6091 0.912431
0.946198 -69.5976 0.912581
0.946348 -69.5861 0.912731
0.946498 -69.5745 0.912881
0.946648  -69.563 0.913032
0.946798 -69.5515 0.913182
0.946948   -69.54 0.913332
0.947099 -69.5285 0.913482
0.947249  -69.517 0.913632
0.947399 -69.5055 0.913782
0.947549  -69.494 0.913932
0.947699 -69.4825 0.914082
0.947849  -69.471 0.914082
0.947999 -69.4595 0.914232
0.948149  -69.448 0.914382
0.948299 -69.4366 0.914532
0.948449 -69.4251 0.914682
0.948599 -69.4136 0.914832
0.948749 -69.4022 0.914982
0.948899 -69.3907 0.915133
 0.94905 -69.3792 0.915283
  0.9492 -69.3678 0.915433
 0.94935 -69.3563 0.915583
  0.9495 -69.3449 0.915733
 0.94965 -69.3335 0.915733
  0.9498  -69.322 0.915883
 0.94995 -69.3106 0.916033
  0.9501 -69.2992 0.916183
 0.95025 -69.2877 0.916333
  0.9504 -69.2763 0.916483
 0.95055 -69.2649 0.916633
  0.9507 -69.2535 0.916783
 0.95085 -69.2421 0.916933
0.951001 -69.2306 0.917084
0.951151 -69.2192 0.917234
0.951301 -69.2078 0.917384
0.951451 -69.1964 0.917534
0.951601 -69.1851 0.917534
0.951751 -69.1737 0.917684
0.951901 -69.1623 0.917834
0.952051 -69.1509 0.917984
0.952201 -69.1395 0.918134
0.952351 -69.1281 0.918284
0.952501 -69.1168 0.918434
0.952651 -69.1054 0.918584
0.952801  -69.094 0.918734
0.952951 -69.0827 0.918884
0.953102 -69.0713 0.919035
0.953252   -69.06 0.919185
0.953402 -69.0486 0.919335
0.953552 -69.0373 0.919335
0.953702 -69.0259 0.919485
0.953852 -69.0146 0.919635
0.954002 -69.0033 0.919785
0.954152 -68.9919 0.919935
0.954302 -68.9806 0.920085
0.954452 -68.9693 0.920235
0.954602  -68.958 0.920385
0.954752 -68.9466 0.920535
0.954902 -68.9353 0.920685
0.955053  -68.924 0.920835
0.955203 -68.9127 0.920985
0.955353 -68.9014 0.921136
0.955503 -68.8901 0.921286
0.955653 -68.8788 0.921286
0.955803 -68.8675 0.921436
0.955953 -68.8563 0.921586
0.956103  -68.845 0.921736
0.956253 -68.8337 0.921886
0.956403 -68.8224 0.922036
0.956553 -68.8111 0.922186
0.956703 -68.7999 0.922336
0.956853 -68.7886 0.922486
0.957004 -68.7773 0.922636
0.957154 -68.7661 0.922786
0.957304 -68.7548 0.922936
0.957454 -68.7436 0.923087
0.957604 -68.7323 0.923087
0.957754 -68.7211 0.923237
0.957904 -68.7099 0.923387
0.958054 -68.6986 0.923537
0.958204 -68.6874 0.923687
0.958354 -68.6762 0.923837
0.958504 -68.6649 0.923987
0.958654 -68.6537 0.924137
0.958804 -68.6425 0.924287
0.958954 -68.6313 0.924437
0.959105 -68.6201 0.924587
0.959255 -68.6089 0.924737
0.959405 -68.5977 0.924887
0.959555 -68.5865 0.924887
0.959705 -68.5753 0.925038
0.959855 -68.5641 0.925188
0.960005 -68.5529 0.925338
0.960155 -68.5417 0.925488
0.960305 -68.5305 0.925638
0.960455 -68.5193 0.925788
0.960605 -68.5082 0.925938
0.960755  -68.497 0.926088
0.960905 -68.4858 0.926238
0.961056 -68.4747 0.926388
0.961206 -68.4635 0.926538
0.961356 -68.4524 0.926688
0.961506 -68.4412 0.926838
0.961656 -68.4301 0.926838
0.961806 -68.4189 0.926988
0.961956 -68.4078 0.927139
0.962106 -68.3966 0.927289
0.962256 -68.3855 0.927439
0.962406 -68.3744 0.927589
0.962556 -68.3632 0.927739
0.962706 -68.3521 0.927889
0.962856  -68.341 0.928039
0.963007 -68.3299 0.928189
0.963157 -68.3188 0.928339
0.963307 -68.3076 0.928489
0.963457 -68.2965 0.928639
0.963607 -68.2854 0.928639
0.963757 -68.2743 0.928789
0.963907 -68.2632 0.928939
0.964057 -68.2521  0.92909
0.964207  -68.241  0.92924
0.964357   -68.23  0.92939
0.964507 -68.2189  0.92954
0.964657 -68.2078  0.92969
0.964807 -68.1967  0.92984
0.964957 -68.1857  0.92999
0.965108 -68.1746  0.93014
0.965258 -68.1635  0.93029
0.965408 -68.1525  0.93044
0.965558 -68.1414  0.93059
0.965708 -68.1303  0.93059
0.965858 -68.1193  0.93074
0.966008 -68.1082  0.93089
0.966158 -68.0972 0.931041
0.966308 -68.0862 0.931191
0.966458 -68.0751 0.931341
0.966608 -68.0641 0.931491
0.966758 -68.0531 0.931641
0.966908  -68.042 0.931791
0.967059  -68.031 0.931941
0.967209   -68.02 0.932091
0.967359  -68.009 0.932241
0.967509  -67.998 0.932391
0.967659 -67.9869 0.932541
0.967809 -67.9759 0.932541
0.967959 -67.9649 0.932691
0.968109 -67.9539 0.932841
0.968259 -67.9429 0.932991
0.968409 -67.9319 0.933142
0.968559  -67.921 0.933292
0.968709   -67.91 0.933442
0.968859  -67.899 0.933592
 0.96901  -67.888 0.933742
 0.96916  -67.877 0.933892
 0.96931 -67.8661 0.934042
 0.96946 -67.8551 0.934192
 0.96961 -67.8441 0.934342
 0.96976 -67.8332 0.934492
 0.96991 -67.8222 0.934642
 0.97006 -67.8112 0.934642
 0.97021 -67.8003 0.934792
 0.97036 -67.7893 0.934942
 0.97051 -67.7784 0.935093
 0.97066 -67.7675 0.935243
 0.97081 -67.7565 0.935393
 0.97096 -67.7456 0.935543
0.971111 -67.7346 0.935693
0.971261 -67.7237 0.935843
0.971411 -67.7128 0.935993
0.971561 -67.7019 0.936143
0.971711 -67.6909 0.936293
0.971861   -67.68 0.936443
0.972011 -67.6691 0.936593
0.972161 -67.6582 0.936593
0.972311 -67.6473 0.936743
0.972461 -67.6364 0.936893
0.972611 -67.6255 0.937044
0.972761 -67.6146 0.937194
0.972911 -67.6037 0.937344
0.973062 -67.5928 0.937494
0.973212 -67.5819 0.937644
0.973362 -67.5711 0.937794
0.973512 -67.5602 0.937944
0.973662 -67.5493 0.938094
0.973812 -67.5384 0.938244
0.973962 -67.5276 0.938394
0.974112 -67.5167 0.938544
0.974262 -67.5058 0.938694
0.974412  -67.495 0.938694
0.974562 -67.4841 0.938844
0.974712 -67.4733 0.938994
0.974862 -67.4624 0.939145
0.975013 -67.4516 0.939295
0.975163 -67.4407 0.939445
0.975313 -67.4299 0.939595
0.975463  -67.419 0.939745
0.975613 -67.4082 0.939895
0.975763 -67.3974 0.940045
0.975913 -67.3866 0.940195
0.976063 -67.3757 0.940345
0.976213 -67.3649 0.940495
0.976363 -67.3541 0.940645
0.976513 -67.3433 0.940795
0.976663 -67.3325 0.940795
0.976813 -67.3217 0.940945
0.976963 -67.3109 0.941096
0.977114 -67.3001 0.941246
0.977264 -67.2893 0.941396
0.977414 -67.2785 0.941546
0.977564 -67.2677 0.941696
0.977714 -67.2569 0.941846
0.977864 -67.2461 0.941996
0.978014 -67.2353 0.942146
0.978164 -67.2246 0.942296
0.978314 -67.2138 0.942446
0.978464  -67.203 0.942596
0.978614 -67.1922 0.942746
0.978764 -67.1815 0.942896
0.978914 -67.1707 0.942896
0.979065   -67.16 0.943047
0.979215 -67.1492 0.943197
0.979365 -67.1385 0.943347
0.979515 -67.1277 0.943497
0.979665  -67.117 0.943647
0.979815 -67.1062 0.943797
0.979965 -67.0955 0.943947
0.980115 -67.0847 0.944097
0.980265  -67.074 0.944247
0.980415 -67.0633 0.944397
0.980565 -67.0526 0.944547
0.980715 -67.0418 0.944697
0.980865 -67.0311 0.944847
0.981016 -67.0204 0.944997
0.981166 -67.0097 0.944997
0.981316  -66.999 0.945148
0.981466 -66.9883 0.945298
0.981616 -66.9776 0.945448
0.981766 -66.9669 0.945598
0.981916 -66.9562 0.945748
0.982066 -66.9455 0.945898
0.982216 -66.9348 0.946048
0.982366 -66.9241 0.946198
0.982516 -66.9134 0.946348
0.982666 -66.9027 0.946498
0.982816 -66.8921 0.946648
0.982966 -66.8814 0.946798
0.983117 -66.8707 0.946948
0.983267   -66.86 0.947099
0.983417 -66.8494 0.947249
0.983567 -66.8387 0.947249
0.983717 -66.8281 0.947399
0.983867 -66.8174 0.947549
0.984017 -66.8068 0.947699
0.984167 -66.7961 0.947849
0.984317 -66.7855 0.947999
0.984467 -66.7748 0.948149
0.984617 -66.7642 0.948299
0.984767 -66.7535 0.948449
0.984917 -66.7429 0.948599
0.985068 -66.7323 0.948749
0.985218 -66.7217 0.948899
0.985368  -66.711  0.94905
0.985518 -66.7004   0.9492
0.985668 -66.6898  0.94935
0.985818 -66.6792  0.94935
0.985968 -66.6686   0.9495
0.986118  -66.658  0.94965
0.986268 -66.6474   0.9498
0.986418 -66.6367  0.94995
0.986568 -66.6262   0.9501
0.986718 -66.6156  0.95025
0.986868  -66.605   0.9504
0.987019 -66.5944  0.95055
0.987169 -66.5838   0.9507
0.987319 -66.5732  0.95085
0.987469 -66.5626 0.951001
0.987619  -66.552 0.951151
0.987769 -66.5415 0.951301
0.987919 -66.5309 0.951451
0.988069 -66.5203 0.951601
0.988219 -66.5098 0.951601
0.988369 -66.4992 0.951751
0.988519 -66.4887 0.951901
0.988669 -66.4781 0.952051
0.988819 -66.4675 0.952201
0.988969  -66.457 0.952351
 0.98912 -66.4464 0.952501
 0.98927 -66.4359 0.952651
 0.98942 -66.4254 0.952801
 0.98957 -66.4148 0.952951
 0.98972 -66.4043 0.953102
 0.98987 -66.3938 0.953252
 0.99002 -66.3832 0.953402
 0.99017 -66.3727 0.953552
 0.99032 -66.3622 0.953702
 0.99047 -66.3517 0.953852
 0.99062 -66.3412 0.953852
 0.99077 -66.3307 0.954002
 0.99092 -66.3201 0.954152
0.991071 -66.3096 0.954302
0.991221 -66.2991 0.954452
0.991371 -66.2886 0.954602
0.991521 -66.2781 0.954752
0.991671 -66.2676 0.954902
0.991821 -66.2572 0.955053
0.991971 -66.2467 0.955203
0.992121 -66.2362 0.955353
0.992271 -66.2257 0.955503
0.992421 -66.2152 0.955653
0.992571 -66.2048 0.955803
0.992721 -66.1943 0.955953
0.992871 -66.1838 0.955953
0.993022 -66.1733 0.956103
0.993172 -66.1629 0.956253
0.993322 -66.1524 0.956403
0.993472  -66.142 0.956553
0.993622 -66.1315 0.956703
0.993772 -66.1211 0.956853
0.993922 -66.1106 0.957004
0.994072 -66.1002 0.957154
0.994222 -66.0897 0.957304
0.994372 -66.0793 0.957454
0.994522 -66.0689 0.957604
0.994672 -66.0584 0.957754
0.994822  -66.048 0.957904
0.994972 -66.0376 0.958054
0.995123 -66.0272 0.958204
0.995273 -66.0167 0.958204
0.995423 -66.0063 0.958354
0.995573 -65.9959 0.958504
0.995723 -65.9855 0.958654
0.995873 -65.9751 0.958804
0.996023 -65.9647 0.958954
0.996173 -65.9543 0.959105
0.996323 -65.9439 0.959255
0.996473 -65.9335 0.959405
0.996623 -65.9231 0.959555
0.996773 -65.9127 0.959705
0.996923 -65.9023 0.959855
0.997074 -65.8919 0.960005
0.997224 -65.8815 0.960155
0.997374 -65.8712 0.960305
0.997524 -65.8608 0.960455
0.997674 -65.8504 0.960455
0.997824 -65.8401 0.960605
0.997974 -65.8297 0.960755
0.998124 -65.8193 0.960905
0.998274  -65.809 0.961056
0.998424 -65.7986 0.961206
0.998574 -65.7883 0.961356
0.998724 -65.7779 0.961506
0.998874 -65.7676 0.961656
0.999025 -65.7572 0.961806
0.999175 -65.7469 0.961956
0.999325 -65.7365 0.962106
0.999475 -65.7262 0.962256
0.999625 -65.7159 0.962406
0.999775 -65.7055 0.962556
0.999925 -65.6952 0.962706
 1.00008 -65.6849 0.962706
 1.00023 -65.6746 0.962856
 1.00038 -65.6643 0.963007
 1.00053 -65.6539 0.963157
 1.00068 -65.6436 0.963307
 1.00083 -65.6333 0.963457
 1.00098  -65.623 0.963607
 1.00113 -65.6127 0.963757
 1.00128 -65.6024 0.963907
 1.00143 -65.5921 0.964057
 1.00158 -65.5818 0.964207
 1.00173 -65.5715 0.964357
 1.00188 -65.5612 0.964507
 1.00203  -65.551 0.964657
 1.00218 -65.5407 0.964807
 1.00233 -65.5304 0.964957
 1.00248 -65.5201 0.964957
 1.00263 -65.5098 0.965108
 1.00278 -65.4996 0.965258
 1.00293 -65.4893 0.965408
 1.00308  -65.479 0.965558
 1.00323 -65.4688 0.965708
 1.00338 -65.4585 0.965858
 1.00353 -65.4483 0.966008
 1.00368  -65.438 0.966158
 1.00383 -65.4278 0.966308
 1.00398 -65.4175 0.966458
 1.00413 -65.4073 0.966608
 1.00428  -65.397 0.966758
 1.00443 -65.3868 0.966908
 1.00458 -65.3766 0.967059
 1.00473 -65.3663 0.967209
 1.00488 -65.3561 0.967209
 1.00503 -65.3459 0.967359
 1.00518 -65.3357 0.967509
 1.00533 -65.3254 0.967659
 1.00548 -65.3152 0.967809
 1.00563  -65.305 0.967959
 1.00578 -65.2948 0.968109
 1.00593 -65.2846 0.968259
 1.00608 -65.2744 0.968409
 1.00623 -65.2642 0.968559
 1.00638  -65.254 0.968709
 1.00653 -65.2438 0.968859
 1.00668 -65.2336  0.96901
 1.00683 -65.2234  0.96916
 1.00698 -65.2132  0.96931
 1.00713  -65.203  0.96946
 1.00728 -65.1928  0.96946
 1.00743 -65.1827  0.96961
 1.00758 -65.1725  0.96976
 1.00773 -65.1623  0.96991
 1.00788 -65.1521  0.97006
 1.00803  -65.142  0.97021
 1.00818 -65.1318  0.97036
 1.00833 -65.1216  0.97051
 1.00848 -65.1115  0.97066
 1.00863 -65.1013  0.97081
 1.00878 -65.0912  0.97096
 1.00893  -65.081 0.971111
 1.00908 -65.0709 0.971261
 1.00923 -65.0607 0.971411
 1.00938 -65.0506 0.971561
 1.00953 -65.0404 0.971711
 1.00968 -65.0303 0.971861
 1.00983 -65.0202 0.971861
 1.00998   -65.01 0.972011
 1.01013 -64.9999 0.972161
 1.01028 -64.9898 0.972311
 1.01043 -64.9797 0.972461
 1.01058 -64.9696 0.972611
 1.01073 -64.9594 0.972761
 1.01088 -64.9493 0.972911
 1.01103 -64.9392 0.973062
 1.01118 -64.9291 0.973212
 1.01133  -64.919 0.973362
 1.01148 -64.9089 0.973512
 1.01163 -64.8988 0.973662
 1.01178 -64.8887 0.973812
 1.01193 -64.8786 0.973962
 1.01208 -64.8685 0.974112
 1.01223 -64.8584 0.974112
 1.01238 -64.8484 0.974262
 1.01253 -64.8383 0.974412
 1.01268 -64.8282 0.974562
 1.01283 -64.8181 0.974712
 1.01298  -64.808 0.974862
 1.01313  -64.798 0.975013
 1.01328 -64.7879 0.975163
 1.01343 -64.7778 0.975313
 1.01358 -64.7678 0.975463
 1.01373 -64.7577 0.975613
 1.01388 -64.7477 0.975763
 1.01403 -64.7376 0.975913
 1.01418 -64.7276 0.976063
 1.01433 -64.7175 0.976213
 1.01448 -64.7075 0.976363
 1.01463 -64.6974 0.976363
 1.01478 -64.6874 0.976513
 1.01493 -64.6774 0.976663
 1.01508 -64.6673 0.976813
 1.01523 -64.6573 0.976963
 1.01538 -64.6473 0.977114
 1.01553 -64.6372 0.977264
 1.01568 -64.6272 0.977414
 1.01583 -64.6172 0.977564
 1.01598 -64.6072 0.977714
 1.01613 -64.5972 0.977864
 1.01628 -64.5872 0.978014
 1.01643 -64.5772 0.978164
 1.01658 -64.5671 0.978314
 1.01673 -64.5571 0.978464
 1.01688 -64.5471 0.978614
 1.01703 -64.5372 0.978764
 1.01718 -64.5272 0.978764
 1.01733 -64.5172 0.978914
 1.01748 -64.5072 0.979065
 1.01763 -64.4972 0.979215
 1.01778 -64.4872 0.979365
 1.01793 -64.4772 0.979515
 1.01808 -64.4673 0.979665
 1.01823 -64.4573 0.979815
 1.01838 -64.4473 0.979965
 1.01853 -64.4373 0.980115
 1.01868 -64.4274 0.980265
 1.01883 -64.4174 0.980415
 1.01898 -64.4075 0.980565
 1.01913 -64.3975 0.980715
 1.01928 -64.3875 0.980865
 1.01943 -64.3776 0.981016
 1.01958 -64.3676 0.981166
 1.01973 -64.3577 0.981166
 1.01988 -64.3478 0.981316
 1.02004 -64.3378 0.981466
 1.02019 -64.3279 0.981616
 1.02034 -64.3179 0.981766
 1.02049  -64.308 0.981916
 1.02064 -64.2981 0.982066
 1.02079 -64.2882 0.982216
 1.02094 -64.2782 0.982366
 1.02109 -64.2683 0.982516
 1.02124 -64.2584 0.982666
 1.02139 -64.2485 0.982816
 1.02154 -64.2386 0.982966
 1.02169 -64.2287 0.983117
 1.02184 -64.2187 0.983267
 1.02199 -64.2088 0.983417
 1.02214 -64.1989 0.983417
 1.02229  -64.189 0.983567
 1.02244 -64.1791 0.983717
 1.02259 -64.1693 0.983867
 1.02274 -64.1594 0.984017
 1.02289 -64.1495 0.984167
 1.02304 -64.1396 0.984317
 1.02319 -64.1297 0.984467
 1.02334 -64.1198 0.984617
 1.02349   -64.11 0.984767
 1.02364 -64.1001 0.984917
 1.02379 -64.0902 0.985068
 1.02394 -64.0803 0.985218
 1.02409 -64.0705 0.985368
 1.02424 -64.0606 0.985518
 1.02439 -64.0508 0.985668
 1.02454 -64.0409 0.985818
 1.02469  -64.031 0.985818
 1.02484 -64.0212 0.985968
 1.02499 -64.0113 0.986118
 1.02514 -64.0015 0.986268
 1.02529 -63.9916 0.986418
 1.02544 -63.9818 0.986568
 1.02559  -63.972 0.986718
 1.02574 -63.9621 0.986868
 1.02589 -63.9523 0.987019
 1.02604 -63.9425 0.987169
 1.02619 -63.9326 0.987319
 1.02634 -63.9228 0.987469
 1.02649  -63.913 0.987619
 1.02664 -63.9032 0.987769
 1.02679 -63.8934 0.987919
 1.02694 -63.8836 0.988069
 1.02709 -63.8737 0.988219
 1.02724 -63.8639 0.988219
 1.02739 -63.8541 0.988369
 1.02754 -63.8443 0.988519
 1.02769 -63.8345 0.988669
 1.02784 -63.8247 0.988819
 1.02799 -63.8149 0.988969
 1.02814 -63.8051  0.98912
 1.02829 -63.7954  0.98927
 1.02844 -63.7856  0.98942
 1.02859 -63.7758  0.98957
 1.02874  -63.766  0.98972
 1.02889 -63.7562  0.98987
 1.02904 -63.7465  0.99002
 1.02919 -63.7367  0.99017
 1.02934 -63.7269  0.99032
 1.02949 -63.7171  0.99047
 1.02964 -63.7074  0.99047
 1.02979 -63.6976  0.99062
 1.02994 -63.6879  0.99077
 1.03009 -63.6781  0.99092
 1.03024 -63.6683 0.991071
 1.03039 -63.6586 0.991221
 1.03054 -63.6488 0.991371
 1.03069 -63.6391 0.991521
 1.03084 -63.6294 0.991671
 1.03099 -63.6196 0.991821
 1.03114 -63.6099 0.991971
 1.03129 -63.6001 0.992121
 1.03144 -63.5904 0.992271
 1.03159 -63.5807 0.992421
 1.03174  -63.571 0.992571
 1.03189 -63.5612 0.992721
 1.03204 -63.5515 0.992871
 1.03219 -63.5418 0.992871
 1.03234 -63.5321 0.993022
 1.03249 -63.5224 0.993172
 1.03264 -63.5127 0.993322
 1.03279 -63.5029 0.993472
 1.03294 -63.4932 0.993622
 1.03309 -63.4835 0.993772
 1.03324 -63.4738 0.993922
 1.03339 -63.4641 0.994072
 1.03354 -63.4545 0.994222
 1.03369 -63.4448 0.994372
 1.03384 -63.4351 0.994522
 1.03399 -63.4254 0.994672
 1.03414 -63.4157 0.994822
 1.03429  -63.406 0.994972
 1.03444 -63.3963 0.995123
 1.03459 -63.3867 0.995123
 1.03474  -63.377 0.995273
 1.03489 -63.3673 0.995423
 1.03504 -63.3577 0.995573
 1.03519  -63.348 0.995723
 1.03534 -63.3383 0.995873
 1.03549 -63.3287 0.996023
 1.03564  -63.319 0.996173
 1.03579 -63.3094 0.996323
 1.03594 -63.2997 0.996473
 1.03609 -63.2901 0.996623
 1.03624 -63.2804 0.996773
 1.03639 -63.2708 0.996923
 1.03654 -63.2611 0.997074
 1.03669 -63.2515 0.997224
 1.03684 -63.2419 0.997374
 1.03699 -63.2322 0.997524
 1.03714 -63.2226 0.997524
 1.03729  -63.213 0.997674
 1.03744 -63.2033 0.997824
 1.03759 -63.1937 0.997974
 1.03774 -63.1841 0.998124
 1.03789 -63.1745 0.998274
 1.03804 -63.1649 0.998424
 1.03819 -63.1553 0.998574
 1.03834 -63.1456 0.998724
 1.03849  -63.136 0.998874
 1.03864 -63.1264 0.999025
 1.03879 -63.1168 0.999175
 1.03894 -63.1072 0.999325
 1.03909 -63.0976 0.999475
 1.03924  -63.088 0.999625
 1.03939 -63.0785 0.999775
 1.03954 -63.0689 0.999925
 1.03969 -63.0593 0.999925
 1.03984 -63.0497  1.00008
 1.03999 -63.0401  1.00023
 1.04015 -63.0305  1.00038
  1.0403  -63.021  1.00053
 1.04045 -63.0114  1.00068
  1.0406 -63.0018  1.00083
 1.04075 -62.9923  1.00098
  1.0409 -62.9827  1.00113
 1.04105 -62.9731  1.00128
  1.0412 -62.9636  1.00143
 1.04135  -62.954  1.00158
  1.0415 -62.9445  1.00173
 1.04165 -62.9349  1.00188
  1.0418 -62.9254  1.00203
 1.04195 -62.9158  1.00218
  1.0421 -62.9063  1.00233
 1.04225 -62.8967  1.00233
  1.0424 -62.8872  1.00248
 1.04255 -62.8777  1.00263
  1.0427 -62.8681  1.00278
 1.04285 -62.8586  1.00293
   1.043 -62.8491  1.00308
 1.04315 -62.8395  1.00323
  1.0433   -62.83  1.00338
 1.04345 -62.8205  1.00353
  1.0436  -62.811  1.00368
 1.04375 -62.8015  1.00383
  1.0439  -62.792  1.00398
 1.04405 -62.7825  1.00413
  1.0442 -62.7729  1.00428
 1.04435 -62.7634  1.00443
  1.0445 -62.7539  1.00458
 1.04465 -62.7444  1.00458
  1.0448 -62.7349  1.00473
 1.04495 -62.7255  1.00488
  1.0451  -62.716  1.00503
 1.04525 -62.7065  1.00518
  1.0454  -62.697  1.00533
 1.04555 -62.6875  1.00548
  1.0457  -62.678  1.00563
 1.04585 -62.6685  1.00578
   1.046 -62.6591  1.00593
 1.04615 -62.6496  1.00608
  1.0463 -62.6401  1.00623
 1.04645 -62.6307  1.00638
  1.0466 -62.6212  1.00653
 1.04675 -62.6117  1.00668
  1.0469 -62.6023  1.00683
 1.04705 -62.5928  1.00698
  1.0472 -62.5834  1.00698
 1.04735 -62.5739  1.00713
  1.0475 -62.5645  1.00728
 1.04765  -62.555  1.00743
  1.0478 -62.5456  1.00758
 1.04795 -62.5361  1.00773
  1.0481 -62.5267  1.00788
 1.04825 -62.5172  1.00803
  1.0484 -62.5078  1.00818
 1.04855 -62.4984  1.00833
  1.0487  -62.489  1.00848
 1.04885 -62.4795  1.00863
   1.049 -62.4701  1.00878
 1.04915 -62.4607  1.00893
  1.0493 -62.4513  1.00908
 1.04945 -62.4418  1.00923
  1.0496 -62.4324  1.00923
 1.04975  -62.423  1.00938
  1.0499 -62.4136  1.00953
 1.05005 -62.4042  1.00968
  1.0502 -62.3948  1.00983
 1.05035 -62.3854  1.00998
  1.0505  -62.376  1.01013
 1.05065 -62.3666  1.01028
  1.0508 -62.3572  1.01043
 1.05095 -62.3478  1.01058
  1.0511 -62.3384  1.01073
 1.05125 -62.3291  1.01088
  1.0514 -62.3197  1.01103
 1.05155 -62.3103  1.01118
  1.0517 -62.3009  1.01133
 1.05185 -62.2915  1.01148
   1.052 -62.2822  1.01163
 1.05215 -62.2728  1.01163
  1.0523 -62.2634  1.01178
 1.05245 -62.2541  1.01193
  1.0526 -62.2447  1.01208
 1.05275 -62.2353  1.01223
  1.0529  -62.226  1.01238
 1.05305 -62.2166  1.01253
  1.0532 -62.2073  1.01268
 1.05335 -62.1979  1.01283
  1.0535 -62.1886  1.01298
 1.05365 -62.1792  1.01313
  1.0538 -62.1699  1.01328
 1.05395 -62.1606  1.01343
  1.0541 -62.1512  1.01358
 1.05425 -62.1419  1.01373
  1.0544 -62.1326  1.01388
 1.05455 -62.1232  1.01403
  1.0547 -62.1139  1.01403
 1.05485 -62.1046  1.01418
   1.055 -62.0953  1.01433
 1.05515 -62.0859  1.01448
  1.0553 -62.0766  1.01463
 1.05545 -62.0673  1.01478
  1.0556  -62.058  1.01493
 1.05575 -62.0487  1.01508
  1.0559 -62.0394  1.01523
 1.05605 -62.0301  1.01538
  1.0562 -62.0208  1.01553
 1.05635 -62.0115  1.01568
  1.0565 -62.0022  1.01583
 1.05665 -61.9929  1.01598
  1.0568 -61.9836  1.01613
 1.05695 -61.9743  1.01628
  1.0571  -61.965  1.01643
 1.05725 -61.9557  1.01643
  1.0574 -61.9465  1.01658
 1.05755 -61.9372  1.01673
  1.0577 -61.9279  1.01688
 1.05785 -61.9186  1.01703
   1.058 -61.9094  1.01718
 1.05815 -61.9001  1.01733
  1.0583 -61.8908  1.01748
 1.05845 -61.8816  1.01763
  1.0586 -61.8723  1.01778
 1.05875  -61.863  1.01793
  1.0589 -61.8538  1.01808
 1.05905 -61.8445  1.01823
  1.0592 -61.8353  1.01838
 1.05935  -61.826  1.01853
  1.0595 -61.8168  1.01868
 1.05965 -61.8075  1.01868
  1.0598 -61.7983  1.01883
 1.05995 -61.7891  1.01898
 1.06011 -61.7798  1.01913
 1.06026 -61.7706  1.01928
 1.06041 -61.7614  1.01943
 1.06056 -61.7521  1.01958
 1.06071 -61.7429  1.01973
 1.06086 -61.7337  1.01988
 1.06101 -61.7245  1.02004
 1.06116 -61.7152  1.02019
 1.06131  -61.706  1.02034
 1.06146 -61.6968  1.02049
 1.06161 -61.6876  1.02064
 1.06176 -61.6784  1.02079
 1.06191 -61.6692  1.02094
 1.06206   -61.66  1.02109
 1.06221 -61.6508  1.02109
 1.06236 -61.6416  1.02124
 1.06251 -61.6324  1.02139
 1.06266 -61.6232  1.02154
 1.06281  -61.614  1.02169
 1.06296 -61.6048  1.02184
 1.06311 -61.5956  1.02199
 1.06326 -61.5865  1.02214
 1.06341 -61.5773  1.02229
 1.06356 -61.5681  1.02244
 1.06371 -61.5589  1.02259
 1.06386 -61.5497  1.02274
 1.06401 -61.5406  1.02289
 1.06416 -61.5314  1.02304
 1.06431 -61.5222  1.02319
 1.06446 -61.5131  1.02334
 1.06461 -61.5039  1.02334
 1.06476 -61.4948  1.02349
 1.06491 -61.4856  1.02364
 1.06506 -61.4764  1.02379
 1.06521 -61.4673  1.02394
 1.06536 -61.4581  1.02409
 1.06551  -61.449  1.02424
 1.06566 -61.4399  1.02439
 1.06581 -61.4307  1.02454
 1.06596 -61.4216  1.02469
 1.06611 -61.4124  1.02484
 1.06626 -61.4033  1.02499
 1.06641 -61.3942  1.02514
 1.06656  -61.385  1.02529
 1.06671 -61.3759  1.02544
 1.06686 -61.3668  1.02559
 1.06701 -61.3577  1.02574
 1.06716 -61.3486  1.02574
 1.06731 -61.3394  1.02589
 1.06746 -61.3303  1.02604
 1.06761 -61.3212  1.02619
 1.06776 -61.3121  1.02634
 1.06791  -61.303  1.02649
 1.06806 -61.2939  1.02664
 1.06821 -61.2848  1.02679
 1.06836 -61.2757  1.02694
 1.06851 -61.2666  1.02709
 1.06866 -61.2575  1.02724
 1.06881 -61.2484  1.02739
 1.06896 -61.2393  1.02754
 1.06911 -61.2302  1.02769
 1.06926 -61.2212  1.02784
 1.06941 -61.2121  1.02799
 1.06956  -61.203  1.02799
 1.06971 -61.1939  1.02814
 1.06986 -61.1848  1.02829
 1.07001 -61.1758  1.02844
 1.07016 -61.1667  1.02859
 1.07031 -61.1576  1.02874
 1.07046 -61.1486  1.02889
 1.07061 -61.1395  1.02904
 1.07076 -61.1304  1.02919
 1.07091 -61.1214  1.02934
 1.07106 -61.1123  1.02949
 1.07121 -61.1033  1.02964
 1.07136 -61.0942  1.02979
 1.07151 -61.0852  1.02994
 1.07166 -61.0761  1.03009
 1.07181 -61.0671  1.03024
 1.07196 -61.0581  1.03024
 1.07211  -61.049  1.03039
 1.07226   -61.04  1.03054
 1.07241  -61.031  1.03069
 1.07256 -61.0219  1.03084
 1.07271 -61.0129  1.03099
 1.07286 -61.0039  1.03114
 1.07301 -60.9948  1.03129
 1.07316 -60.9858  1.03144
 1.07331 -60.9768  1.03159
 1.07346 -60.9678  1.03174
 1.07361 -60.9588  1.03189
 1.07376 -60.9498  1.03204
 1.07391 -60.9408  1.03219
 1.07406 -60.9318  1.03234
 1.07421 -60.9228  1.03249
 1.07436 -60.9138  1.03264
 1.07451 -60.9048  1.03264
 1.07466 -60.8958  1.03279
 1.07481 -60.8868  1.03294
 1.07496 -60.8778  1.03309
 1.07511 -60.8688  1.03324
 1.07526 -60.8598  1.03339
 1.07541 -60.8508  1.03354
 1.07556 -60.8418  1.03369
 1.07571 -60.8328  1.03384
 1.07586 -60.8239  1.03399
 1.07601 -60.8149  1.03414
 1.07616 -60.8059  1.03429
 1.07631  -60.797  1.03444
 1.07646  -60.788  1.03459
 1.07661  -60.779  1.03474
 1.07676 -60.7701  1.03489
 1.07691 -60.7611  1.03489
 1.07706 -60.7521  1.03504
 1.07721 -60.7432  1.03519
 1.07736 -60.7342  1.03534
 1.07751 -60.7253  1.03549
 1.07766 -60.7163  1.03564
 1.07781 -60.7074  1.03579
 1.07796 -60.6985  1.03594
 1.07811 -60.6895  1.03609
 1.07826 -60.6806  1.03624
 1.07841 -60.6716  1.03639
 1.07856 -60.6627  1.03654
 1.07871 -60.6538  1.03669
 1.07886 -60.6448  1.03684
 1.07901 -60.6359  1.03699
 1.07916  -60.627  1.03714
 1.07931 -60.6181  1.03714
 1.07946 -60.6092  1.03729
 1.07961 -60.6002  1.03744
 1.07976 -60.5913  1.03759
 1.07991 -60.5824  1.03774
 1.08007 -60.5735  1.03789
 1.08022 -60.5646  1.03804
 1.08037 -60.5557  1.03819
 1.08052 -60.5468  1.03834
 1.08067 -60.5379  1.03849
 1.08082  -60.529  1.03864
 1.08097 -60.5201  1.03879
 1.08112 -60.5112  1.03894
 1.08127 -60.5023  1.03909
 1.08142 -60.4934  1.03924
 1.08157 -60.4845  1.03939
 1.08172 -60.4757  1.03939
 1.08187 -60.4668  1.03954
 1.08202 -60.4579  1.03969
 1.08217  -60.449  1.03984
 1.08232 -60.4402  1.03999
 1.08247 -60.4313  1.04015
 1.08262 -60.4224   1.0403
 1.08277 -60.4136  1.04045
 1.08292 -60.4047   1.0406
 1.08307 -60.3958  1.04075
 1.08322  -60.387   1.0409
 1.08337 -60.3781  1.04105
 1.08352 -60.3693   1.0412
 1.08367 -60.3604  1.04135
 1.08382 -60.3516   1.0415
 1.08397 -60.3427  1.04165
 1.08412 -60.3339  1.04165
 1.08427  -60.325   1.0418
 1.08442 -60.3162  1.04195
 1.08457 -60.3073   1.0421
 1.08472 -60.2985  1.04225
 1.08487 -60.2897   1.0424
 1.08502 -60.2808  1.04255
 1.08517  -60.272   1.0427
 1.08532 -60.2632  1.04285
 1.08547 -60.2544    1.043
 1.08562 -60.2456  1.04315
 1.08577 -60.2367   1.0433
 1.08592 -60.2279  1.04345
 1.08607 -60.2191   1.0436
 1.08622 -60.2103  1.04375
 1.08637 -60.2015   1.0439
 1.08652 -60.1927   1.0439
 1.08667 -60.1839  1.04405
 1.08682 -60.1751   1.0442
 1.08697 -60.1663  1.04435
 1.08712 -60.1575   1.0445
 1.08727 -60.1487  1.04465
 1.08742 -60.1399   1.0448
 1.08757 -60.1311  1.04495
 1.08772 -60.1223   1.0451
 1.08787 -60.1135  1.04525
 1.08802 -60.1048   1.0454
 1.08817  -60.096  1.04555
 1.08832 -60.0872   1.0457
 1.08847 -60.0784  1.04585
 1.08862 -60.0696    1.046
 1.08877 -60.0609    1.046
 1.08892 -60.0521  1.04615
 1.08907 -60.0433   1.0463
 1.08922 -60.0346  1.04645
 1.08937 -60.0258   1.0466
 1.08952 -60.0171  1.04675
 1.08967 -60.0083   1.0469
 1.08982 -59.9996  1.04705
 1.08997 -59.9908   1.0472
 1.09012 -59.9821  1.04735
 1.09027 -59.9733   1.0475
 1.09042 -59.9646  1.04765
 1.09057 -59.9558   1.0478
 1.09072 -59.9471  1.04795
 1.09087 -59.9383   1.0481
 1.09102 -59.9296  1.04825
 1.09117 -59.9209  1.04825
 1.09132 -59.9121   1.0484
 1.09147 -59.9034  1.04855
 1.09162 -59.8947   1.0487
 1.09177  -59.886  1.04885
 1.09192 -59.8772    1.049
 1.09207 -59.8685  1.04915
 1.09222 -59.8598   1.0493
 1.09237 -59.8511  1.04945
 1.09252 -59.8424   1.0496
 1.09267 -59.8337  1.04975
 1.09282  -59.825   1.0499
 1.09297 -59.8163  1.05005
 1.09312 -59.8076   1.0502
 1.09327 -59.7989  1.05035
 1.09342 -59.7902  1.05035
 1.09357 -59.7815   1.0505
 1.09372 -59.7728  1.05065
 1.09387 -59.7641   1.0508
 1.09402 -59.7554  1.05095
 1.09417 -59.7467   1.0511
 1.09432  -59.738  1.05125
 1.09447 -59.7294   1.0514
 1.09462 -59.7207  1.05155
 1.09477  -59.712   1.0517
 1.09492 -59.7033  1.05185
 1.09507 -59.6947    1.052
 1.09522  -59.686  1.05215
 1.09537 -59.6773   1.0523
 1.09552 -59.6687  1.05245
 1.09567   -59.66   1.0526
 1.09582 -59.6513   1.0526
 1.09597 -59.6427  1.05275
 1.09612  -59.634   1.0529
 1.09627 -59.6254  1.05305
 1.09642 -59.6167   1.0532
 1.09657 -59.6081  1.05335
 1.09672 -59.5994   1.0535
 1.09687 -59.5908  1.05365
 1.09702 -59.5822   1.0538
 1.09717 -59.5735  1.05395
 1.09732 -59.5649   1.0541
 1.09747 -59.5562  1.05425
 1.09762 -59.5476   1.0544
 1.09777  -59.539  1.05455
 1.09792 -59.5304   1.0547
 1.09807 -59.5217   1.0547
 1.09822 -59.5131  1.05485
 1.09837 -59.5045    1.055
 1.09852 -59.4959  1.05515
 1.09867 -59.4873   1.0553
 1.09882 -59.4786  1.05545
 1.09897   -59.47   1.0556
 1.09912 -59.4614  1.05575
 1.09927 -59.4528   1.0559
 1.09942 -59.4442  1.05605
 1.09957 -59.4356   1.0562
 1.09972  -59.427  1.05635
 1.09987 -59.4184   1.0565
 1.10003 -59.4098  1.05665
 1.10018 -59.4012   1.0568
 1.10033 -59.3927   1.0568
 1.10048 -59.3841  1.05695
 1.10063 -59.3755   1.0571
 1.10078 -59.3669  1.05725
 1.10093 -59.3583   1.0574
 1.10108 -59.3497  1.05755
 1.10123 -59.3412   1.0577
 1.10138 -59.3326  1.05785
 1.10153  -59.324    1.058
 1.10168 -59.3155  1.05815
 1.10183 -59.3069   1.0583
 1.10198 -59.2983  1.05845
 1.10213 -59.2898   1.0586
 1.10228 -59.2812  1.05875
 1.10243 -59.2727   1.0589
 1.10258 -59.2641   1.0589
 1.10273 -59.2556  1.05905
 1.10288  -59.247   1.0592
 1.10303 -59.2385  1.05935
 1.10318 -59.2299   1.0595
 1.10333 -59.2214  1.05965
 1.10348 -59.2128   1.0598
 1.10363 -59.2043  1.05995
 1.10378 -59.1958  1.06011
 1.10393 -59.1872  1.06026
 1.10408 -59.1787  1.06041
 1.10423 -59.1702  1.06056
 1.10438 -59.1616  1.06071
 1.10453 -59.1531  1.06086
 1.10468 -59.1446  1.06101
 1.10483 -59.1361  1.06101
 1.10498 -59.1276  1.06116
 1.10513 -59.1191  1.06131
 1.10528 -59.1105  1.06146
 1.10543  -59.102  1.06161
 1.10558 -59.0935  1.06176
 1.10573  -59.085  1.06191
 1.10588 -59.0765  1.06206
 1.10603  -59.068  1.06221
 1.10618 -59.0595  1.06236
 1.10633  -59.051  1.06251
 1.10648 -59.0425  1.06266
 1.10663  -59.034  1.06281
 1.10678 -59.0256  1.06296
 1.10693 -59.0171  1.06311
 1.10708 -59.0086  1.06311
 1.10723 -59.0001  1.06326
 1.10738 -58.9916  1.06341
 1.10753 -58.9832  1.06356
 1.10768 -58.9747  1.06371
 1.10783 -58.9662  1.06386
 1.10798 -58.9577  1.06401
 1.10813 -58.9493  1.06416
 1.10828 -58.9408  1.06431
 1.10843 -58.9323  1.06446
 1.10858 -58.9239  1.06461
 1.10873 -58.9154  1.06476
 1.10888  -58.907  1.06491
 1.10903 -58.8985  1.06506
 1.10918 -58.8901  1.06506
 1.10933 -58.8816  1.06521
 1.10948 -58.8732  1.06536
 1.10963 -58.8647  1.06551
 1.10978 -58.8563  1.06566
 1.10993 -58.8478  1.06581
 1.11008 -58.8394  1.06596
 1.11023  -58.831  1.06611
 1.11038 -58.8225  1.06626
 1.11053 -58.8141  1.06641
 1.11068 -58.8057  1.06656
 1.11083 -58.7973  1.06671
 1.11098 -58.7888  1.06686
 1.11113 -58.7804  1.06701
 1.11128  -58.772  1.06701
 1.11143 -58.7636  1.06716
 1.11158 -58.7552  1.06731
 1.11173 -58.7468  1.06746
 1.11188 -58.7384  1.06761
 1.11203 -58.7299  1.06776
 1.11218 -58.7215  1.06791
 1.11233 -58.7131  1.06806
 1.11248 -58.7047  1.06821
 1.11263 -58.6963  1.06836
 1.11278  -58.688  1.06851
 1.11293 -58.6796  1.06866
 1.11308 -58.6712  1.06881
 1.11323 -58.6628  1.06896
 1.11338 -58.6544  1.06896
 1.11353  -58.646  1.06911
 1.11368 -58.6376  1.06926
 1.11383 -58.6293  1.06941
 1.11398 -58.6209  1.06956
 1.11413 -58.6125  1.06971
 1.11428 -58.6041  1.06986
 1.11443 -58.5958  1.07001
 1.11458 -58.5874  1.07016
 1.11473  -58.579  1.07031
 1.11488 -58.5707  1.07046
 1.11503 -58.5623  1.07061
 1.11518  -58.554  1.07076
 1.11533 -58.5456  1.07091
 1.11548 -58.5372  1.07106
 1.11563 -58.5289  1.07106
 1.11578 -58.5205  1.07121
 1.11593 -58.5122  1.07136
 1.11608 -58.5039  1.07151
 1.11623 -58.4955  1.07166
 1.11638 -58.4872  1.07181
 1.11653 -58.4788  1.07196
 1.11668 -58.4705  1.07211
 1.11683 -58.4622  1.07226
 1.11698 -58.4538  1.07241
 1.11713 -58.4455  1.07256
 1.11728 -58.4372  1.07271
 1.11743 -58.4289  1.07286
 1.11758 -58.4206  1.07286
 1.11773 -58.4122  1.07301
 1.11788 -58.4039  1.07316
 1.11803 -58.3956  1.07331
 1.11818 -58.3873  1.07346
 1.11833  -58.379  1.07361
 1.11848 -58.3707  1.07376
 1.11863 -58.3624  1.07391
 1.11878 -58.3541  1.07406
 1.11893 -58.3458  1.07421
 1.11908 -58.3375  1.07436
 1.11923 -58.3292  1.07451
 1.11938 -58.3209  1.07466
 1.11953 -58.3126  1.07481
 1.11968 -58.3043  1.07496
 1.11983  -58.296  1.07496
 1.11998 -58.2877  1.07511
 1.12014 -58.2795  1.07526
 1.12029 -58.2712  1.07541
 1.12044 -58.2629  1.07556
 1.12059 -58.2546  1.07571
 1.12074 -58.2464  1.07586
 1.12089 -58.2381  1.07601
 1.12104 -58.2298  1.07616
 1.12119 -58.2216  1.07631
 1.12134 -58.2133  1.07646
 1.12149  -58.205  1.07661
 1.12164 -58.1968  1.07676
 1.12179 -58.1885  1.07676
 1.12194 -58.1803  1.07691
 1.12209  -58.172  1.07706
 1.12224 -58.1638  1.07721
 1.12239 -58.1555  1.07736
 1.12254 -58.1473  1.07751
 1.12269  -58.139  1.07766
 1.12284 -58.1308  1.07781
 1.12299 -58.1225  1.07796
 1.12314 -58.1143  1.07811
 1.12329 -58.1061  1.07826
 1.12344 -58.0979  1.07841
 1.12359 -58.0896  1.07856
 1.12374 -58.0814  1.07856
 1.12389 -58.0732  1.07871
 1.12404  -58.065  1.07886
 1.12419 -58.0567  1.07901
 1.12434 -58.0485  1.07916
 1.12449 -58.0403  1.07931
 1.12464 -58.0321  1.07946
 1.12479 -58.0239  1.07961
 1.12494 -58.0157  1.07976
 1.12509 -58.0075  1.07991
 1.12524 -57.9993  1.08007
 1.12539 -57.9911  1.08022
 1.12554 -57.9829  1.08037
 1.12569 -57.9747  1.08037
 1.12584 -57.9665  1.08052
 1.12599 -57.9583  1.08067
 1.12614 -57.9501  1.08082
 1.12629 -57.9419  1.08097
 1.12644 -57.9337  1.08112
 1.12659 -57.9256  1.08127
 1.12674 -57.9174  1.08142
 1.12689 -57.9092  1.08157
 1.12704  -57.901  1.08172
 1.12719 -57.8929  1.08187
 1.12734 -57.8847  1.08202
 1.12749 -57.8765  1.08217
 1.12764 -57.8684  1.08217
 1.12779 -57.8602  1.08232
 1.12794  -57.852  1.08247
 1.12809 -57.8439  1.08262
 1.12824 -57.8357  1.08277
 1.12839 -57.8276  1.08292
 1.12854 -57.8194  1.08307
 1.12869 -57.8113  1.08322
 1.12884 -57.8031  1.08337
 1.12899  -57.795  1.08352
 1.12914 -57.7868  1.08367
 1.12929 -57.7787  1.08382
 1.12944 -57.7706  1.08397
 1.12959 -57.7624  1.08397
 1.12974 -57.7543  1.08412
 1.12989 -57.7462  1.08427
 1.13004  -57.738  1.08442
 1.13019 -57.7299  1.08457
 1.13034 -57.7218  1.08472
 1.13049 -57.7137  1.08487
 1.13064 -57.7055  1.08502
 1.13079 -57.6974  1.08517
 1.13094 -57.6893  1.08532
 1.13109 -57.6812  1.08547
 1.13124 -57.6731  1.08562
 1.13139  -57.665  1.08577
 1.13154 -57.6569  1.08577
 1.13169 -57.6488  1.08592
 1.13184 -57.6407  1.08607
 1.13199 -57.6326  1.08622
 1.13214 -57.6245  1.08637
 1.13229 -57.6164  1.08652
 1.13244 -57.6083  1.08667
 1.13259 -57.6002  1.08682
 1.13274 -57.5921  1.08697
 1.13289 -57.5841  1.08712
 1.13304  -57.576  1.08727
 1.13319 -57.5679  1.08742
 1.13334 -57.5598  1.08742
 1.13349 -57.5517  1.08757
 1.13364 -57.5437  1.08772
 1.13379 -57.5356  1.08787
 1.13394 -57.5275  1.08802
 1.13409 -57.5195  1.08817
 1.13424 -57.5114  1.08832
 1.13439 -57.5034  1.08847
 1.13454 -57.4953  1.08862
 1.13469 -57.4872  1.08877
 1.13484 -57.4792  1.08892
 1.13499 -57.4711  1.08907
 1.13514 -57.4631  1.08922
 1.13529  -57.455  1.08922
 1.13544  -57.447  1.08937
 1.13559  -57.439  1.08952
 1.13574 -57.4309  1.08967
 1.13589 -57.4229  1.08982
 1.13604 -57.4148  1.08997
 1.13619 -57.4068  1.09012
 1.13634 -57.3988  1.09027
 1.13649 -57.3908  1.09042
 1.13664 -57.3827  1.09057
 1.13679 -57.3747  1.09072
 1.13694 -57.3667  1.09087
 1.13709 -57.3587  1.09087
 1.13724 -57.3507  1.09102
 1.13739 -57.3426  1.09117
 1.13754 -57.3346  1.09132
 1.13769 -57.3266  1.09147
 1.13784 -57.3186  1.09162
 1.13799 -57.3106  1.09177
 1.13814 -57.3026  1.09192
 1.13829 -57.2946  1.09207
 1.13844 -57.2866  1.09222
 1.13859 -57.2786  1.09237
 1.13874 -57.2706  1.09237
 1.13889 -57.2627  1.09252
 1.13904 -57.2547  1.09267
 1.13919 -57.2467  1.09282
 1.13934 -57.2387  1.09297
 1.13949 -57.2307  1.09312
 1.13964 -57.2227  1.09327
 1.13979 -57.2148  1.09342
 1.13994 -57.2068  1.09357
  1.1401 -57.1988  1.09372
 1.14025 -57.1909  1.09372
  1.1404 -57.1829  1.09387
 1.14055 -57.1749  1.09402
  1.1407  -57.167  1.09417
 1.14085  -57.159  1.09432
   1.141 -57.1511  1.09447
 1.14115 -57.1431  1.09462
  1.1413 -57.1352  1.09477
 1.14145 -57.1272  1.09492
  1.1416 -57.1193  1.09507
 1.14175 -57.1113  1.09522
  1.1419 -57.1034  1.09522
 1.14205 -57.0955  1.09537
  1.1422 -57.0875  1.09552
 1.14235 -57.0796  1.09567
  1.1425 -57.0717  1.09582
 1.14265 -57.0637  1.09597
  1.1428 -57.0558  1.09612
 1.14295 -57.0479  1.09627
  1.1431   -57.04  1.09642
 1.14325 -57.0321  1.09657
  1.1434 -57.0241  1.09672
 1.14355 -57.0162  1.09672
  1.1437 -57.0083  1.09687
 1.14385 -57.0004  1.09702
   1.144 -56.9925  1.09717
 1.14415 -56.9846  1.09732
  1.1443 -56.9767  1.09747
 1.14445 -56.9688  1.09762
  1.1446 -56.9609  1.09777
 1.14475  -56.953  1.09792
  1.1449 -56.9451  1.09807
 1.14505 -56.9372  1.09807
  1.1452 -56.9294  1.09822
 1.14535 -56.9215  1.09837
  1.1455 -56.9136  1.09852
 1.14565 -56.9057  1.09867
  1.1458 -56.8978  1.09882
 1.14595   -56.89  1.09897
  1.1461 -56.8821  1.09912
 1.14625 -56.8742  1.09927
  1.1464 -56.8664  1.09942
 1.14655 -56.8585  1.09942
  1.1467 -56.8506  1.09957
 1.14685 -56.8428  1.09972
   1.147 -56.8349  1.09987
 1.14715 -56.8271  1.10003
  1.1473 -56.8192  1.10018
 1.14745 -56.8114  1.10033
  1.1476 -56.8035  1.10048
 1.14775 -56.7957  1.10063
  1.1479 -56.7878  1.10078
 1.14805   -56.78  1.10093
  1.1482 -56.7722  1.10093
 1.14835 -56.7643  1.10108
  1.1485 -56.7565  1.10123
 1.14865 -56.7487  1.10138
  1.1488 -56.7409  1.10153
 1.14895  -56.733  1.10168
  1.1491 -56.7252  1.10183
 1.14925 -56.7174  1.10198
  1.1494 -56.7096  1.10213
 1.14955 -56.7018  1.10228
  1.1497  -56.694  1.10228
 1.14985 -56.6861  1.10243
    1.15 -56.6783  1.10258