 kgrid  ValNew  Policy 
    0.85 -79.0682     0.85
 0.85015 -79.0482     0.85
  0.8503 -79.0283     0.85
 0.85045 -79.0084     0.85
  0.8506 -78.9886     0.85
 0.85075 -78.9688     0.85
  0.8509 -78.9491     0.85
0.851051 -78.9294     0.85
0.851201 -78.9097     0.85
0.851351 -78.8901     0.85
0.851501 -78.8705     0.85
0.851651  -78.851     0.85
0.851801 -78.8315     0.85
0.851951  -78.812     0.85
0.852101 -78.7926     0.85
0.852251 -78.7733     0.85
0.852401 -78.7539     0.85
0.852551 -78.7347     0.85
0.852701 -78.7154     0.85
0.852851 -78.6962     0.85
0.853002 -78.6771     0.85
0.853152  -78.658     0.85
0.853302 -78.6389     0.85
0.853452 -78.6199     0.85
0.853602 -78.6009     0.85
0.853752 -78.5819     0.85
0.853902  -78.563     0.85
0.854052 -78.5441     0.85
0.854202 -78.5253     0.85
0.854352 -78.5065     0.85
0.854502 -78.4878     0.85
0.854652 -78.4691     0.85
0.854802 -78.4504     0.85
0.854952 -78.4318     0.85
0.855103 -78.4132     0.85
0.855253 -78.3947     0.85
0.855403 -78.3762     0.85
0.855553 -78.3577     0.85
0.855703 -78.3393     0.85
0.855853 -78.3209     0.85
0.856003 -78.3026     0.85
0.856153 -78.2843     0.85
0.856303  -78.266     0.85
0.856453 -78.2478     0.85
0.856603 -78.2296     0.85
0.856753 -78.2114     0.85
0.856903 -78.1933     0.85
0.857054 -78.1752     0.85
0.857204 -78.1572     0.85
0.857354 -78.1392     0.85
0.857504 -78.1213     0.85
0.857654 -78.1033     0.85
0.857804 -78.0855     0.85
0.857954 -78.0676     0.85
0.858104 -78.0498     0.85
0.858254 -78.0321     0.85
0.858404 -78.0143     0.85
0.858554 -77.9966     0.85
0.858704  -77.979     0.85
0.858854 -77.9614     0.85
0.859005 -77.9438     0.85
0.859155 -77.9263     0.85
0.859305 -77.9088     0.85
0.859455 -77.8913     0.85
0.859605 -77.8739     0.85
0.859755 -77.8565     0.85
0.859905 -77.8391     0.85
0.860055 -77.8218     0.85
0.860205 -77.8045     0.85
0.860355 -77.7873     0.85
0.860505 -77.7701     0.85
0.860655 -77.7529     0.85
0.860805 -77.7358     0.85
0.860955 -77.7187     0.85
0.861106 -77.7016     0.85
0.861256 -77.6846     0.85
0.861406 -77.6676     0.85
0.861556 -77.6507     0.85
0.861706 -77.6337     0.85
0.861856 -77.6169     0.85
0.862006    -77.6     0.85
0.862156 -77.5832     0.85
0.862306 -77.5664     0.85
0.862456 -77.5497     0.85
0.862606  -77.533     0.85
0.862756 -77.5163     0.85
0.862906 -77.4997     0.85
0.863057 -77.4831     0.85
0.863207 -77.4665     0.85
0.863357   -77.45     0.85
0.863507 -77.4335     0.85
0.863657  -77.417     0.85
0.863807 -77.4006     0.85
0.863957 -77.3842     0.85
0.864107 -77.3679     0.85
0.864257 -77.3515     0.85
0.864407 -77.3353     0.85
0.864557  -77.319     0.85
0.864707 -77.3028     0.85
0.864857 -77.2866     0.85
0.865008 -77.2704     0.85
0.865158 -77.2543     0.85
0.865308 -77.2382     0.85
0.865458 -77.2222     0.85
0.865608 -77.2062     0.85
0.865758 -77.1902     0.85
0.865908 -77.1742     0.85
0.866058 -77.1583     0.85
0.866208 -77.1424     0.85
0.866358 -77.1266     0.85
0.866508 -77.1108     0.85
0.866658  -77.095     0.85
0.866808 -77.0792     0.85
0.866958 -77.0635     0.85
0.867109 -77.0478     0.85
0.867259 -77.0322     0.85
0.867409 -77.0166     0.85
0.867559  -77.001     0.85
0.867709 -76.9854     0.85
0.867859 -76.9699     0.85
0.868009 -76.9544     0.85
0.868159 -76.9389     0.85
0.868309 -76.9235     0.85
0.868459 -76.9081     0.85
0.868609 -76.8927     0.85
0.868759 -76.8774     0.85
0.868909 -76.8621     0.85
 0.86906 -76.8468     0.85
 0.86921 -76.8316     0.85
 0.86936 -76.8164     0.85
 0.86951 -76.8012     0.85
 0.86966 -76.7861     0.85
 0.86981  -76.771     0.85
 0.86996 -76.7559     0.85
 0.87011 -76.7408     0.85
 0.87026 -76.7258     0.85
 0.87041 -76.7108     0.85
 0.87056 -76.6959     0.85
 0.87071  -76.681     0.85
 0.87086  -76.666  0.85015
0.871011 -76.6511   0.8503
0.871161 -76.6363   0.8503
0.871311 -76.6214  0.85045
0.871461 -76.6065   0.8506
0.871611 -76.5917   0.8506
0.871761 -76.5768  0.85075
0.871911  -76.562   0.8509
0.872061 -76.5472   0.8509
0.872211 -76.5324 0.851051
0.872361 -76.5176 0.851201
0.872511 -76.5028 0.851201
0.872661 -76.4881 0.851351
0.872811 -76.4733 0.851351
0.872961 -76.4586 0.851501
0.873112 -76.4439 0.851651
0.873262 -76.4292 0.851801
0.873412 -76.4145 0.851801
0.873562 -76.3998 0.851951
0.873712 -76.3851 0.852101
0.873862 -76.3704 0.852101
0.874012 -76.3557 0.852251
0.874162 -76.3411 0.852401
0.874312 -76.3265 0.852551
0.874462 -76.3118 0.852551
0.874612 -76.2972 0.852701
0.874762 -76.2826 0.852851
0.874912  -76.268 0.852851
0.875063 -76.2534 0.853002
0.875213 -76.2389 0.853152
0.875363 -76.2243 0.853302
0.875513 -76.2097 0.853302
0.875663 -76.1952 0.853452
0.875813 -76.1807 0.853602
0.875963 -76.1662 0.853752
0.876113 -76.1516 0.853752
0.876263 -76.1371 0.853902
0.876413 -76.1227 0.854052
0.876563 -76.1082 0.854052
0.876713 -76.0937 0.854202
0.876863 -76.0793 0.854352
0.877014 -76.0648 0.854502
0.877164 -76.0504 0.854502
0.877314 -76.0359 0.854652
0.877464 -76.0215 0.854802
0.877614 -76.0071 0.854802
0.877764 -75.9927 0.854952
0.877914 -75.9783 0.855103
0.878064  -75.964 0.855253
0.878214 -75.9496 0.855253
0.878364 -75.9353 0.855403
0.878514 -75.9209 0.855553
0.878664 -75.9066 0.855703
0.878814 -75.8923 0.855703
0.878964 -75.8779 0.855853
0.879115 -75.8637 0.856003
0.879265 -75.8494 0.856003
0.879415 -75.8351 0.856153
0.879565 -75.8208 0.856303
0.879715 -75.8065 0.856453
0.879865 -75.7923 0.856453
0.880015 -75.7781 0.856603
0.880165 -75.7638 0.856753
0.880315 -75.7496 0.856753
0.880465 -75.7354 0.856903
0.880615 -75.7212 0.857054
0.880765  -75.707 0.857204
0.880915 -75.6928 0.857204
0.881066 -75.6787 0.857354
0.881216 -75.6645 0.857504
0.881366 -75.6504 0.857654
0.881516 -75.6362 0.857654
0.881666 -75.6221 0.857804
0.881816  -75.608 0.857954
0.881966 -75.5939 0.858104
0.882116 -75.5798 0.858104
0.882266 -75.5657 0.858254
0.882416 -75.5516 0.858404
0.882566 -75.5375 0.858404
0.882716 -75.5235 0.858554
0.882866 -75.5094 0.858704
0.883017 -75.4954 0.858854
0.883167 -75.4813 0.858854
0.883317 -75.4673 0.859005
0.883467 -75.4533 0.859155
0.883617 -75.4393 0.859305
0.883767 -75.4253 0.859305
0.883917 -75.4113 0.859455
0.884067 -75.3974 0.859605
0.884217 -75.3834 0.859605
0.884367 -75.3695 0.859755
0.884517 -75.3555 0.859905
0.884667 -75.3416 0.860055
0.884817 -75.3277 0.860055
0.884967 -75.3137 0.860205
0.885118 -75.2998 0.860355
0.885268  -75.286 0.860505
0.885418 -75.2721 0.860505
0.885568 -75.2582 0.860655
0.885718 -75.2443 0.860805
0.885868 -75.2305 0.860955
0.886018 -75.2166 0.860955
0.886168 -75.2028 0.861106
0.886318  -75.189 0.861256
0.886468 -75.1752 0.861406
0.886618 -75.1613 0.861406
0.886768 -75.1475 0.861556
0.886918 -75.1338 0.861706
0.887069   -75.12 0.861706
0.887219 -75.1062 0.861856
0.887369 -75.0924 0.862006
0.887519 -75.0787 0.862156
0.887669  -75.065 0.862156
0.887819 -75.0512 0.862306
0.887969 -75.0375 0.862456
0.888119 -75.0238 0.862606
0.888269 -75.0101 0.862606
0.888419 -74.9964 0.862756
0.888569 -74.9827 0.862906
0.888719  -74.969 0.863057
0.888869 -74.9554 0.863057
 0.88902 -74.9417 0.863207
 0.88917  -74.928 0.863357
 0.88932 -74.9144 0.863507
 0.88947 -74.9008 0.863507
 0.88962 -74.8872 0.863657
 0.88977 -74.8735 0.863807
 0.88992 -74.8599 0.863957
 0.89007 -74.8463 0.863957
 0.89022 -74.8328 0.864107
 0.89037 -74.8192 0.864257
 0.89052 -74.8056 0.864407
 0.89067 -74.7921 0.864407
 0.89082 -74.7785 0.864557
 0.89097  -74.765 0.864707
0.891121 -74.7514 0.864857
0.891271 -74.7379 0.864857
0.891421 -74.7244 0.865008
0.891571 -74.7109 0.865158
0.891721 -74.6974 0.865308
0.891871 -74.6839 0.865308
0.892021 -74.6704 0.865458
0.892171  -74.657 0.865608
0.892321 -74.6435 0.865758
0.892471 -74.6301 0.865758
0.892621 -74.6166 0.865908
0.892771 -74.6032 0.866058
0.892921 -74.5898 0.866208
0.893072 -74.5763 0.866208
0.893222 -74.5629 0.866358
0.893372 -74.5495 0.866508
0.893522 -74.5362 0.866658
0.893672 -74.5228 0.866658
0.893822 -74.5094 0.866808
0.893972  -74.496 0.866958
0.894122 -74.4827 0.867109
0.894272 -74.4693 0.867109
0.894422  -74.456 0.867259
0.894572 -74.4427 0.867409
0.894722 -74.4294 0.867559
0.894872 -74.4161 0.867559
0.895023 -74.4028 0.867709
0.895173 -74.3895 0.867859
0.895323 -74.3762 0.868009
0.895473 -74.3629 0.868009
0.895623 -74.3496 0.868159
0.895773 -74.3364 0.868309
0.895923 -74.3231 0.868459
0.896073 -74.3099 0.868459
0.896223 -74.2967 0.868609
0.896373 -74.2834 0.868759
0.896523 -74.2702 0.868909
0.896673  -74.257 0.868909
0.896823 -74.2438  0.86906
0.896973 -74.2306  0.86921
0.897124 -74.2175  0.86936
0.897274 -74.2043  0.86936
0.897424 -74.1911  0.86951
0.897574  -74.178  0.86966
0.897724 -74.1648  0.86981
0.897874 -74.1517  0.86981
0.898024 -74.1386  0.86996
0.898174 -74.1254  0.87011
0.898324 -74.1123  0.87026
0.898474 -74.0992  0.87026
0.898624 -74.0861  0.87041
0.898774  -74.073  0.87056
0.898924   -74.06  0.87071
0.899075 -74.0469  0.87086
0.899225 -74.0338  0.87086
0.899375 -74.0208 0.871011
0.899525 -74.0077 0.871161
0.899675 -73.9947 0.871311
0.899825 -73.9816 0.871461
0.899975 -73.9686 0.871611
0.900125 -73.9556 0.871611
0.900275 -73.9425 0.871761
0.900425 -73.9295 0.871911
0.900575 -73.9165 0.872061
0.900725 -73.9035 0.872211
0.900875 -73.8905 0.872361
0.901026 -73.8775 0.872511
0.901176 -73.8646 0.872511
0.901326 -73.8516 0.872661
0.901476 -73.8386 0.872811
0.901626 -73.8256 0.872961
0.901776 -73.8127 0.873112
0.901926 -73.7997 0.873262
0.902076 -73.7868 0.873412
0.902226 -73.7739 0.873412
0.902376 -73.7609 0.873562
0.902526  -73.748 0.873712
0.902676 -73.7351 0.873862
0.902826 -73.7221 0.874012
0.902976 -73.7092 0.874162
0.903127 -73.6963 0.874162
0.903277 -73.6834 0.874312
0.903427 -73.6705 0.874462
0.903577 -73.6577 0.874612
0.903727 -73.6448 0.874762
0.903877 -73.6319 0.874912
0.904027  -73.619 0.875063
0.904177 -73.6062 0.875213
0.904327 -73.5933 0.875213
0.904477 -73.5805 0.875363
0.904627 -73.5676 0.875513
0.904777 -73.5548 0.875663
0.904927 -73.5419 0.875813
0.905078 -73.5291 0.875963
0.905228 -73.5163 0.876113
0.905378 -73.5035 0.876113
0.905528 -73.4907 0.876263
0.905678 -73.4779 0.876413
0.905828 -73.4651 0.876563
0.905978 -73.4523 0.876713
0.906128 -73.4395 0.876863
0.906278 -73.4267 0.877014
0.906428 -73.4139 0.877014
0.906578 -73.4011 0.877164
0.906728 -73.3884 0.877314
0.906878 -73.3756 0.877464
0.907029 -73.3629 0.877614
0.907179 -73.3501 0.877764
0.907329 -73.3374 0.877914
0.907479 -73.3247 0.877914
0.907629 -73.3119 0.878064
0.907779 -73.2992 0.878214
0.907929 -73.2865 0.878364
0.908079 -73.2738 0.878514
0.908229 -73.2611 0.878664
0.908379 -73.2484 0.878814
0.908529 -73.2357 0.878814
0.908679  -73.223 0.878964
0.908829 -73.2103 0.879115
0.908979 -73.1976 0.879265
 0.90913 -73.1849 0.879415
 0.90928 -73.1723 0.879565
 0.90943 -73.1596 0.879715
 0.90958  -73.147 0.879865
 0.90973 -73.1343 0.879865
 0.90988 -73.1217 0.880015
 0.91003  -73.109 0.880165
 0.91018 -73.0964 0.880315
 0.91033 -73.0838 0.880465
 0.91048 -73.0711 0.880615
 0.91063 -73.0585 0.880765
 0.91078 -73.0459 0.880915
 0.91093 -73.0333 0.880915
0.911081 -73.0207 0.881066
0.911231 -73.0081 0.881216
0.911381 -72.9955 0.881366
0.911531 -72.9829 0.881516
0.911681 -72.9703 0.881666
0.911831 -72.9578 0.881816
0.911981 -72.9452 0.881966
0.912131 -72.9326 0.881966
0.912281 -72.9201 0.882116
0.912431 -72.9075 0.882266
0.912581  -72.895 0.882416
0.912731 -72.8824 0.882566
0.912881 -72.8699 0.882716
0.913032 -72.8573 0.882866
0.913182 -72.8448 0.883017
0.913332 -72.8323 0.883017
0.913482 -72.8198 0.883167
0.913632 -72.8073 0.883317
0.913782 -72.7948 0.883467
0.913932 -72.7823 0.883617
0.914082 -72.7698 0.883767
0.914232 -72.7573 0.883917
0.914382 -72.7448 0.884067
0.914532 -72.7323 0.884067
0.914682 -72.7198 0.884217
0.914832 -72.7074 0.884367
0.914982 -72.6949 0.884517
0.915133 -72.6824 0.884667
0.915283   -72.67 0.884817
0.915433 -72.6575 0.884967
0.915583 -72.6451 0.885118
0.915733 -72.6326 0.885268
0.915883 -72.6202 0.885268
0.916033 -72.6078 0.885418
0.916183 -72.5953 0.885568
0.916333 -72.5829 0.885718
0.916483 -72.5705 0.885868
0.916633 -72.5581 0.886018
0.916783 -72.5457 0.886168
0.916933 -72.5333 0.886318
0.917084 -72.5209 0.886318
0.917234 -72.5085 0.886468
0.917384 -72.4961 0.886618
0.917534 -72.4838 0.886768
0.917684 -72.4714 0.886918
0.917834  -72.459 0.887069
0.917984 -72.4466 0.887219
0.918134 -72.4343 0.887369
0.918284 -72.4219 0.887519
0.918434 -72.4096 0.887519
0.918584 -72.3972 0.887669
0.918734 -72.3849 0.887819
0.918884 -72.3726 0.887969
0.919035 -72.3602 0.888119
0.919185 -72.3479 0.888269
0.919335 -72.3356 0.888419
0.919485 -72.3233 0.888569
0.919635  -72.311 0.888569
0.919785 -72.2987 0.888719
0.919935 -72.2864 0.888869
0.920085 -72.2741  0.88902
0.920235 -72.2618  0.88917
0.920385 -72.2495  0.88932
0.920535 -72.2372  0.88947
0.920685  -72.225  0.88962
0.920835 -72.2127  0.88977
0.920985 -72.2004  0.88977
0.921136 -72.1882  0.88992
0.921286 -72.1759  0.89007
0.921436 -72.1637  0.89022
0.921586 -72.1514  0.89037
0.921736 -72.1392  0.89052
0.921886  -72.127  0.89067
0.922036 -72.1147  0.89082
0.922186 -72.1025  0.89097
0.922336 -72.0903  0.89097
0.922486 -72.0781 0.891121
0.922636 -72.0659 0.891271
0.922786 -72.0537 0.891421
0.922936 -72.0415 0.891571
0.923087 -72.0293 0.891721
0.923237 -72.0171 0.891871
0.923387 -72.0049 0.892021
0.923537 -71.9927 0.892171
0.923687 -71.9805 0.892171
0.923837 -71.9684 0.892321
0.923987 -71.9562 0.892471
0.924137  -71.944 0.892621
0.924287 -71.9319 0.892771
0.924437 -71.9197 0.892921
0.924587 -71.9076 0.893072
0.924737 -71.8954 0.893222
0.924887 -71.8833 0.893372
0.925038 -71.8712 0.893372
0.925188  -71.859 0.893522
0.925338 -71.8469 0.893672
0.925488 -71.8348 0.893822
0.925638 -71.8227 0.893972
0.925788 -71.8106 0.894122
0.925938 -71.7985 0.894272
0.926088 -71.7864 0.894422
0.926238 -71.7743 0.894572
0.926388 -71.7622 0.894572
0.926538 -71.7501 0.894722
0.926688  -71.738 0.894872
0.926838 -71.7259 0.895023
0.926988 -71.7139 0.895173
0.927139 -71.7018 0.895323
0.927289 -71.6897 0.895473
0.927439 -71.6777 0.895623
0.927589 -71.6656 0.895773
0.927739 -71.6536 0.895773
0.927889 -71.6416 0.895923
0.928039 -71.6295 0.896073
0.928189 -71.6175 0.896223
0.928339 -71.6055 0.896373
0.928489 -71.5934 0.896523
0.928639 -71.5814 0.896673
0.928789 -71.5694 0.896823
0.928939 -71.5574 0.896973
 0.92909 -71.5454 0.897124
 0.92924 -71.5334 0.897124
 0.92939 -71.5214 0.897274
 0.92954 -71.5094 0.897424
 0.92969 -71.4974 0.897574
 0.92984 -71.4854 0.897724
 0.92999 -71.4734 0.897874
 0.93014 -71.4615 0.898024
 0.93029 -71.4495 0.898174
 0.93044 -71.4375 0.898324
 0.93059 -71.4256 0.898324
 0.93074 -71.4136 0.898474
 0.93089 -71.4017 0.898624
0.931041 -71.3897 0.898774
0.931191 -71.3778 0.898924
0.931341 -71.3659 0.899075
0.931491 -71.3539 0.899225
0.931641  -71.342 0.899375
0.931791 -71.3301 0.899525
0.931941 -71.3182 0.899675
0.932091 -71.3062 0.899825
0.932241 -71.2943 0.899825
0.932391 -71.2824 0.899975
0.932541 -71.2705 0.900125
0.932691 -71.2586 0.900275
0.932841 -71.2467 0.900425
0.932991 -71.2348 0.900575
0.933142  -71.223 0.900725
0.933292 -71.2111 0.900875
0.933442 -71.1992 0.901026
0.933592 -71.1873 0.901176
0.933742 -71.1755 0.901326
0.933892 -71.1636 0.901326
0.934042 -71.1517 0.901476
0.934192 -71.1399 0.901626
0.934342  -71.128 0.901776
0.934492 -71.1162 0.901926
0.934642 -71.1043 0.902076
0.934792 -71.0925 0.902226
0.934942 -71.0807 0.902376
0.935093 -71.0688 0.902526
0.935243  -71.057 0.902676
0.935393 -71.0452 0.902826
0.935543 -71.0334 0.902826
0.935693 -71.0216 0.902976
0.935843 -71.0097 0.903127
0.935993 -70.9979 0.903277
0.936143 -70.9861 0.903427
0.936293 -70.9743 0.903577
0.936443 -70.9625 0.903727
0.936593 -70.9508 0.903877
0.936743  -70.939 0.904027
0.936893 -70.9272 0.904177
0.937044 -70.9154 0.904327
0.937194 -70.9036 0.904327
0.937344 -70.8919 0.904477
0.937494 -70.8801 0.904627
0.937644 -70.8684 0.904777
0.937794 -70.8566 0.904927
0.937944 -70.8448 0.905078
0.938094 -70.8331 0.905228
0.938244 -70.8214 0.905378
0.938394 -70.8096 0.905528
0.938544 -70.7979 0.905678
0.938694 -70.7862 0.905828
0.938844 -70.7744 0.905978
0.938994 -70.7627 0.905978
0.939145  -70.751 0.906128
0.939295 -70.7393 0.906278
0.939445 -70.7276 0.906428
0.939595 -70.7158 0.906578
0.939745 -70.7041 0.906728
0.939895 -70.6924 0.906878
0.940045 -70.6808 0.907029
0.940195 -70.6691 0.907179
0.940345 -70.6574 0.907329
0.940495 -70.6457 0.907479
0.940645  -70.634 0.907629
0.940795 -70.6223 0.907629
0.940945 -70.6107 0.907779
0.941096  -70.599 0.907929
0.941246 -70.5873 0.908079
0.941396 -70.5757 0.908229
0.941546  -70.564 0.908379
0.941696 -70.5524 0.908529
0.941846 -70.5407 0.908679
0.941996 -70.5291 0.908829
0.942146 -70.5175 0.908979
0.942296 -70.5058  0.90913
0.942446 -70.4942  0.90913
0.942596 -70.4826  0.90928
0.942746 -70.4709  0.90943
0.942896 -70.4593  0.90958
0.943047 -70.4477  0.90973
0.943197 -70.4361  0.90988
0.943347 -70.4245  0.91003
0.943497 -70.4129  0.91018
0.943647 -70.4013  0.91033
0.943797 -70.3897  0.91048
0.943947 -70.3781  0.91063
0.944097 -70.3665  0.91078
0.944247 -70.3549  0.91078
0.944397 -70.3434  0.91093
0.944547 -70.3318 0.911081
0.944697 -70.3202 0.911231
0.944847 -70.3086 0.911381
0.944997 -70.2971 0.911531
0.945148 -70.2855 0.911681
0.945298  -70.274 0.911831
0.945448 -70.2624 0.911981
0.945598 -70.2509 0.912131
0.945748 -70.2393 0.912281
0.945898 -70.2278 0.912431
0.946048 -70.2162 0.912581
0.946198 -70.2047 0.912581
0.946348 -70.1932 0.912731
0.946498 -70.1816 0.912881
0.946648 -70.1701 0.913032
0.946798 -70.1586 0.913182
0.946948 -70.1471 0.913332
0.947099 -70.1356 0.913482
0.947249 -70.1241 0.913632
0.947399 -70.1126 0.913782
0.947549 -70.1011 0.913932
0.947699 -70.0896 0.914082
0.947849 -70.0781 0.914232
0.947999 -70.0666 0.914232
0.948149 -70.0551 0.914382
0.948299 -70.0436 0.914532
0.948449 -70.0322 0.914682
0.948599 -70.0207 0.914832
0.948749 -70.0092 0.914982
0.948899 -69.9978 0.915133
 0.94905 -69.9863 0.915283
  0.9492 -69.9749 0.915433
 0.94935 -69.9634 0.915583
  0.9495  -69.952 0.915733
 0.94965 -69.9405 0.915883
  0.9498 -69.9291 0.916033
 0.94995 -69.9176 0.916033
  0.9501 -69.9062 0.916183
 0.95025 -69.8948 0.916333
  0.9504 -69.8833 0.916483
 0.95055 -69.8719 0.916633
  0.9507 -69.8605 0.916783
 0.95085 -69.8491 0.916933
0.951001 -69.8377 0.917084
0.951151 -69.8263 0.917234
0.951301 -69.8149 0.917384
0.951451 -69.8035 0.917534
0.951601 -69.7921 0.917684
0.951751 -69.7807 0.917834
0.951901 -69.7693 0.917834
0.952051 -69.7579 0.917984
0.952201 -69.7465 0.918134
0.952351 -69.7351 0.918284
0.952501 -69.7238 0.918434
0.952651 -69.7124 0.918584
0.952801  -69.701 0.918734
0.952951 -69.6897 0.918884
0.953102 -69.6783 0.919035
0.953252 -69.6669 0.919185
0.953402 -69.6556 0.919335
0.953552 -69.6442 0.919485
0.953702 -69.6329 0.919635
0.953852 -69.6216 0.919635
0.954002 -69.6102 0.919785
0.954152 -69.5989 0.919935
0.954302 -69.5876 0.920085
0.954452 -69.5762 0.920235
0.954602 -69.5649 0.920385
0.954752 -69.5536 0.920535
0.954902 -69.5423 0.920685
0.955053  -69.531 0.920835
0.955203 -69.5197 0.920985
0.955353 -69.5084 0.921136
0.955503 -69.4971 0.921286
0.955653 -69.4858 0.921436
0.955803 -69.4745 0.921436
0.955953 -69.4632 0.921586
0.956103 -69.4519 0.921736
0.956253 -69.4406 0.921886
0.956403 -69.4293 0.922036
0.956553 -69.4181 0.922186
0.956703 -69.4068 0.922336
0.956853 -69.3955 0.922486
0.957004 -69.3843 0.922636
0.957154  -69.373 0.922786
0.957304 -69.3617 0.922936
0.957454 -69.3505 0.923087
0.957604 -69.3392 0.923237
0.957754  -69.328 0.923387
0.957904 -69.3167 0.923387
0.958054 -69.3055 0.923537
0.958204 -69.2943 0.923687
0.958354  -69.283 0.923837
0.958504 -69.2718 0.923987
0.958654 -69.2606 0.924137
0.958804 -69.2494 0.924287
0.958954 -69.2381 0.924437
0.959105 -69.2269 0.924587
0.959255 -69.2157 0.924737
0.959405 -69.2045 0.924887
0.959555 -69.1933 0.925038
0.959705 -69.1821 0.925188
0.959855 -69.1709 0.925188
0.960005 -69.1597 0.925338
0.960155 -69.1485 0.925488
0.960305 -69.1374 0.925638
0.960455 -69.1262 0.925788
0.960605  -69.115 0.925938
0.960755 -69.1038 0.926088
0.960905 -69.0927 0.926238
0.961056 -69.0815 0.926388
0.961206 -69.0703 0.926538
0.961356 -69.0592 0.926688
0.961506  -69.048 0.926838
0.961656 -69.0369 0.926988
0.961806 -69.0257 0.927139
0.961956 -69.0146 0.927139
0.962106 -69.0034 0.927289
0.962256 -68.9923 0.927439
0.962406 -68.9811 0.927589
0.962556   -68.97 0.927739
0.962706 -68.9589 0.927889
0.962856 -68.9478 0.928039
0.963007 -68.9366 0.928189
0.963157 -68.9255 0.928339
0.963307 -68.9144 0.928489
0.963457 -68.9033 0.928639
0.963607 -68.8922 0.928789
0.963757 -68.8811 0.928939
0.963907   -68.87 0.928939
0.964057 -68.8589  0.92909
0.964207 -68.8478  0.92924
0.964357 -68.8367  0.92939
0.964507 -68.8256  0.92954
0.964657 -68.8145  0.92969
0.964807 -68.8035  0.92984
0.964957 -68.7924  0.92999
0.965108 -68.7813  0.93014
0.965258 -68.7702  0.93029
0.965408 -68.7592  0.93044
0.965558 -68.7481  0.93059
0.965708 -68.7371  0.93074
0.965858  -68.726  0.93089
0.966008  -68.715  0.93089
0.966158 -68.7039 0.931041
0.966308 -68.6929 0.931191
0.966458 -68.6818 0.931341
0.966608 -68.6708 0.931491
0.966758 -68.6598 0.931641
0.966908 -68.6487 0.931791
0.967059 -68.6377 0.931941
0.967209 -68.6267 0.932091
0.967359 -68.6157 0.932241
0.967509 -68.6046 0.932391
0.967659 -68.5936 0.932541
0.967809 -68.5826 0.932691
0.967959 -68.5716 0.932841
0.968109 -68.5606 0.932991
0.968259 -68.5496 0.932991
0.968409 -68.5386 0.933142
0.968559 -68.5276 0.933292
0.968709 -68.5166 0.933442
0.968859 -68.5056 0.933592
 0.96901 -68.4947 0.933742
 0.96916 -68.4837 0.933892
 0.96931 -68.4727 0.934042
 0.96946 -68.4617 0.934192
 0.96961 -68.4508 0.934342
 0.96976 -68.4398 0.934492
 0.96991 -68.4288 0.934642
 0.97006 -68.4179 0.934792
 0.97021 -68.4069 0.934942
 0.97036  -68.396 0.934942
 0.97051  -68.385 0.935093
 0.97066 -68.3741 0.935243
 0.97081 -68.3631 0.935393
 0.97096 -68.3522 0.935543
0.971111 -68.3412 0.935693
0.971261 -68.3303 0.935843
0.971411 -68.3194 0.935993
0.971561 -68.3085 0.936143
0.971711 -68.2975 0.936293
0.971861 -68.2866 0.936443
0.972011 -68.2757 0.936593
0.972161 -68.2648 0.936743
0.972311 -68.2539 0.936893
0.972461  -68.243 0.937044
0.972611 -68.2321 0.937044
0.972761 -68.2212 0.937194
0.972911 -68.2103 0.937344
0.973062 -68.1994 0.937494
0.973212 -68.1885 0.937644
0.973362 -68.1776 0.937794
0.973512 -68.1667 0.937944
0.973662 -68.1558 0.938094
0.973812  -68.145 0.938244
0.973962 -68.1341 0.938394
0.974112 -68.1232 0.938544
0.974262 -68.1124 0.938694
0.974412 -68.1015 0.938844
0.974562 -68.0906 0.938994
0.974712 -68.0798 0.939145
0.974862 -68.0689 0.939145
0.975013 -68.0581 0.939295
0.975163 -68.0472 0.939445
0.975313 -68.0364 0.939595
0.975463 -68.0256 0.939745
0.975613 -68.0147 0.939895
0.975763 -68.0039 0.940045
0.975913 -67.9931 0.940195
0.976063 -67.9822 0.940345
0.976213 -67.9714 0.940495
0.976363 -67.9606 0.940645
0.976513 -67.9498 0.940795
0.976663  -67.939 0.940945
0.976813 -67.9282 0.941096
0.976963 -67.9173 0.941246
0.977114 -67.9065 0.941246
0.977264 -67.8957 0.941396
0.977414 -67.8849 0.941546
0.977564 -67.8741 0.941696
0.977714 -67.8634 0.941846
0.977864 -67.8526 0.941996
0.978014 -67.8418 0.942146
0.978164  -67.831 0.942296
0.978314 -67.8202 0.942446
0.978464 -67.8095 0.942596
0.978614 -67.7987 0.942746
0.978764 -67.7879 0.942896
0.978914 -67.7772 0.943047
0.979065 -67.7664 0.943197
0.979215 -67.7556 0.943347
0.979365 -67.7449 0.943347
0.979515 -67.7341 0.943497
0.979665 -67.7234 0.943647
0.979815 -67.7126 0.943797
0.979965 -67.7019 0.943947
0.980115 -67.6912 0.944097
0.980265 -67.6804 0.944247
0.980415 -67.6697 0.944397
0.980565  -67.659 0.944547
0.980715 -67.6482 0.944697
0.980865 -67.6375 0.944847
0.981016 -67.6268 0.944997
0.981166 -67.6161 0.945148
0.981316 -67.6054 0.945298
0.981466 -67.5947 0.945448
0.981616 -67.5839 0.945448
0.981766 -67.5732 0.945598
0.981916 -67.5625 0.945748
0.982066 -67.5518 0.945898
0.982216 -67.5412 0.946048
0.982366 -67.5305 0.946198
0.982516 -67.5198 0.946348
0.982666 -67.5091 0.946498
0.982816 -67.4984 0.946648
0.982966 -67.4877 0.946798
0.983117 -67.4771 0.946948
0.983267 -67.4664 0.947099
0.983417 -67.4557 0.947249
0.983567 -67.4451 0.947399
0.983717 -67.4344 0.947549
0.983867 -67.4237 0.947699
0.984017 -67.4131 0.947699
0.984167 -67.4024 0.947849
0.984317 -67.3918 0.947999
0.984467 -67.3811 0.948149
0.984617 -67.3705 0.948299
0.984767 -67.3598 0.948449
0.984917 -67.3492 0.948599
0.985068 -67.3386 0.948749
0.985218 -67.3279 0.948899
0.985368 -67.3173  0.94905
0.985518 -67.3067   0.9492
0.985668 -67.2961  0.94935
0.985818 -67.2855   0.9495
0.985968 -67.2748  0.94965
0.986118 -67.2642   0.9498
0.986268 -67.2536   0.9498
0.986418  -67.243  0.94995
0.986568 -67.2324   0.9501
0.986718 -67.2218  0.95025
0.986868 -67.2112   0.9504
0.987019 -67.2006  0.95055
0.987169   -67.19   0.9507
0.987319 -67.1794  0.95085
0.987469 -67.1689 0.951001
0.987619 -67.1583 0.951151
0.987769 -67.1477 0.951301
0.987919 -67.1371 0.951451
0.988069 -67.1266 0.951601
0.988219  -67.116 0.951751
0.988369 -67.1054 0.951901
0.988519 -67.0949 0.952051
0.988669 -67.0843 0.952051
0.988819 -67.0738 0.952201
0.988969 -67.0632 0.952351
 0.98912 -67.0527 0.952501
 0.98927 -67.0421 0.952651
 0.98942 -67.0316 0.952801
 0.98957  -67.021 0.952951
 0.98972 -67.0105 0.953102
 0.98987      -67 0.953252
 0.99002 -66.9894 0.953402
 0.99017 -66.9789 0.953552
 0.99032 -66.9684 0.953702
 0.99047 -66.9578 0.953852
 0.99062 -66.9473 0.954002
 0.99077 -66.9368 0.954152
 0.99092 -66.9263 0.954152
0.991071 -66.9158 0.954302
0.991221 -66.9053 0.954452
0.991371 -66.8948 0.954602
0.991521 -66.8843 0.954752
0.991671 -66.8738 0.954902
0.991821 -66.8633 0.955053
0.991971 -66.8528 0.955203
0.992121 -66.8423 0.955353
0.992271 -66.8318 0.955503
0.992421 -66.8214 0.955653
0.992571 -66.8109 0.955803
0.992721 -66.8004 0.955953
0.992871 -66.7899 0.956103
0.993022 -66.7795 0.956253
0.993172  -66.769 0.956403
0.993322 -66.7585 0.956403
0.993472 -66.7481 0.956553
0.993622 -66.7376 0.956703
0.993772 -66.7272 0.956853
0.993922 -66.7167 0.957004
0.994072 -66.7063 0.957154
0.994222 -66.6958 0.957304
0.994372 -66.6854 0.957454
0.994522 -66.6749 0.957604
0.994672 -66.6645 0.957754
0.994822 -66.6541 0.957904
0.994972 -66.6436 0.958054
0.995123 -66.6332 0.958204
0.995273 -66.6228 0.958354
0.995423 -66.6124 0.958504
0.995573  -66.602 0.958654
0.995723 -66.5915 0.958654
0.995873 -66.5811 0.958804
0.996023 -66.5707 0.958954
0.996173 -66.5603 0.959105
0.996323 -66.5499 0.959255
0.996473 -66.5395 0.959405
0.996623 -66.5291 0.959555
0.996773 -66.5187 0.959705
0.996923 -66.5083 0.959855
0.997074 -66.4979 0.960005
0.997224 -66.4876 0.960155
0.997374 -66.4772 0.960305
0.997524 -66.4668 0.960455
0.997674 -66.4564 0.960605
0.997824 -66.4461 0.960755
0.997974 -66.4357 0.960905
0.998124 -66.4253 0.960905
0.998274  -66.415 0.961056
0.998424 -66.4046 0.961206
0.998574 -66.3942 0.961356
0.998724 -66.3839 0.961506
0.998874 -66.3735 0.961656
0.999025 -66.3632 0.961806
0.999175 -66.3528 0.961956
0.999325 -66.3425 0.962106
0.999475 -66.3322 0.962256
0.999625 -66.3218 0.962406
0.999775 -66.3115 0.962556
0.999925 -66.3012 0.962706
 1.00008 -66.2908 0.962856
 1.00023 -66.2805 0.963007
 1.00038 -66.2702 0.963157
 1.00053 -66.2599 0.963157
 1.00068 -66.2496 0.963307
 1.00083 -66.2392 0.963457
 1.00098 -66.2289 0.963607
 1.00113 -66.2186 0.963757
 1.00128 -66.2083 0.963907
 1.00143  -66.198 0.964057
 1.00158 -66.1877 0.964207
 1.00173 -66.1774 0.964357
 1.00188 -66.1671 0.964507
 1.00203 -66.1569 0.964657
 1.00218 -66.1466 0.964807
 1.00233 -66.1363 0.964957
 1.00248  -66.126 0.965108
 1.00263 -66.1157 0.965258
 1.00278 -66.1055 0.965408
 1.00293 -66.0952 0.965408
 1.00308 -66.0849 0.965558
 1.00323 -66.0747 0.965708
 1.00338 -66.0644 0.965858
 1.00353 -66.0541 0.966008
 1.00368 -66.0439 0.966158
 1.00383 -66.0336 0.966308
 1.00398 -66.0234 0.966458
 1.00413 -66.0131 0.966608
 1.00428 -66.0029 0.966758
 1.00443 -65.9926 0.966908
 1.00458 -65.9824 0.967059
 1.00473 -65.9722 0.967209
 1.00488 -65.9619 0.967359
 1.00503 -65.9517 0.967509
 1.00518 -65.9415 0.967659
 1.00533 -65.9313 0.967659
 1.00548  -65.921 0.967809
 1.00563 -65.9108 0.967959
 1.00578 -65.9006 0.968109
 1.00593 -65.8904 0.968259
 1.00608 -65.8802 0.968409
 1.00623   -65.87 0.968559
 1.00638 -65.8598 0.968709
 1.00653 -65.8496 0.968859
 1.00668 -65.8394  0.96901
 1.00683 -65.8292  0.96916
 1.00698  -65.819  0.96931
 1.00713 -65.8088  0.96946
 1.00728 -65.7986  0.96961
 1.00743 -65.7884  0.96976
 1.00758 -65.7782  0.96991
 1.00773 -65.7681  0.97006
 1.00788 -65.7579  0.97006
 1.00803 -65.7477  0.97021
 1.00818 -65.7376  0.97036
 1.00833 -65.7274  0.97051
 1.00848 -65.7172  0.97066
 1.00863 -65.7071  0.97081
 1.00878 -65.6969  0.97096
 1.00893 -65.6868 0.971111
 1.00908 -65.6766 0.971261
 1.00923 -65.6665 0.971411
 1.00938 -65.6563 0.971561
 1.00953 -65.6462 0.971711
 1.00968  -65.636 0.971861
 1.00983 -65.6259 0.972011
 1.00998 -65.6158 0.972161
 1.01013 -65.6056 0.972311
 1.01028 -65.5955 0.972311
 1.01043 -65.5854 0.972461
 1.01058 -65.5753 0.972611
 1.01073 -65.5651 0.972761
 1.01088  -65.555 0.972911
 1.01103 -65.5449 0.973062
 1.01118 -65.5348 0.973212
 1.01133 -65.5247 0.973362
 1.01148 -65.5146 0.973512
 1.01163 -65.5045 0.973662
 1.01178 -65.4944 0.973812
 1.01193 -65.4843 0.973962
 1.01208 -65.4742 0.974112
 1.01223 -65.4641 0.974262
 1.01238  -65.454 0.974412
 1.01253 -65.4439 0.974562
 1.01268 -65.4338 0.974562
 1.01283 -65.4238 0.974712
 1.01298 -65.4137 0.974862
 1.01313 -65.4036 0.975013
 1.01328 -65.3935 0.975163
 1.01343 -65.3835 0.975313
 1.01358 -65.3734 0.975463
 1.01373 -65.3633 0.975613
 1.01388 -65.3533 0.975763
 1.01403 -65.3432 0.975913
 1.01418 -65.3332 0.976063
 1.01433 -65.3231 0.976213
 1.01448 -65.3131 0.976363
 1.01463  -65.303 0.976513
 1.01478  -65.293 0.976663
 1.01493  -65.283 0.976813
 1.01508 -65.2729 0.976963
 1.01523 -65.2629 0.976963
 1.01538 -65.2529 0.977114
 1.01553 -65.2428 0.977264
 1.01568 -65.2328 0.977414
 1.01583 -65.2228 0.977564
 1.01598 -65.2128 0.977714
 1.01613 -65.2027 0.977864
 1.01628 -65.1927 0.978014
 1.01643 -65.1827 0.978164
 1.01658 -65.1727 0.978314
 1.01673 -65.1627 0.978464
 1.01688 -65.1527 0.978614
 1.01703 -65.1427 0.978764
 1.01718 -65.1327 0.978914
 1.01733 -65.1227 0.979065
 1.01748 -65.1127 0.979215
 1.01763 -65.1027 0.979215
 1.01778 -65.0927 0.979365
 1.01793 -65.0828 0.979515
 1.01808 -65.0728 0.979665
 1.01823 -65.0628 0.979815
 1.01838 -65.0528 0.979965
 1.01853 -65.0429 0.980115
 1.01868 -65.0329 0.980265
 1.01883 -65.0229 0.980415
 1.01898  -65.013 0.980565
 1.01913  -65.003 0.980715
 1.01928  -64.993 0.980865
 1.01943 -64.9831 0.981016
 1.01958 -64.9731 0.981166
 1.01973 -64.9632 0.981316
 1.01988 -64.9532 0.981466
 1.02004 -64.9433 0.981616
 1.02019 -64.9333 0.981616
 1.02034 -64.9234 0.981766
 1.02049 -64.9135 0.981916
 1.02064 -64.9035 0.982066
 1.02079 -64.8936 0.982216
 1.02094 -64.8837 0.982366
 1.02109 -64.8738 0.982516
 1.02124 -64.8638 0.982666
 1.02139 -64.8539 0.982816
 1.02154  -64.844 0.982966
 1.02169 -64.8341 0.983117
 1.02184 -64.8242 0.983267
 1.02199 -64.8143 0.983417
 1.02214 -64.8044 0.983567
 1.02229 -64.7945 0.983717
 1.02244 -64.7846 0.983867
 1.02259 -64.7747 0.984017
 1.02274 -64.7648 0.984017
 1.02289 -64.7549 0.984167
 1.02304  -64.745 0.984317
 1.02319 -64.7351 0.984467
 1.02334 -64.7252 0.984617
 1.02349 -64.7153 0.984767
 1.02364 -64.7055 0.984917
 1.02379 -64.6956 0.985068
 1.02394 -64.6857 0.985218
 1.02409 -64.6758 0.985368
 1.02424  -64.666 0.985518
 1.02439 -64.6561 0.985668
 1.02454 -64.6463 0.985818
 1.02469 -64.6364 0.985968
 1.02484 -64.6265 0.986118
 1.02499 -64.6167 0.986268
 1.02514 -64.6068 0.986268
 1.02529  -64.597 0.986418
 1.02544 -64.5872 0.986568
 1.02559 -64.5773 0.986718
 1.02574 -64.5675 0.986868
 1.02589 -64.5576 0.987019
 1.02604 -64.5478 0.987169
 1.02619  -64.538 0.987319
 1.02634 -64.5281 0.987469
 1.02649 -64.5183 0.987619
 1.02664 -64.5085 0.987769
 1.02679 -64.4987 0.987919
 1.02694 -64.4889 0.988069
 1.02709  -64.479 0.988219
 1.02724 -64.4692 0.988369
 1.02739 -64.4594 0.988519
 1.02754 -64.4496 0.988669
 1.02769 -64.4398 0.988669
 1.02784   -64.43 0.988819
 1.02799 -64.4202 0.988969
 1.02814 -64.4104  0.98912
 1.02829 -64.4006  0.98927
 1.02844 -64.3908  0.98942
 1.02859 -64.3811  0.98957
 1.02874 -64.3713  0.98972
 1.02889 -64.3615  0.98987
 1.02904 -64.3517  0.99002
 1.02919 -64.3419  0.99017
 1.02934 -64.3322  0.99032
 1.02949 -64.3224  0.99047
 1.02964 -64.3126  0.99062
 1.02979 -64.3029  0.99077
 1.02994 -64.2931  0.99092
 1.03009 -64.2833 0.991071
 1.03024 -64.2736 0.991071
 1.03039 -64.2638 0.991221
 1.03054 -64.2541 0.991371
 1.03069 -64.2443 0.991521
 1.03084 -64.2346 0.991671
 1.03099 -64.2248 0.991821
 1.03114 -64.2151 0.991971
 1.03129 -64.2053 0.992121
 1.03144 -64.1956 0.992271
 1.03159 -64.1859 0.992421
 1.03174 -64.1762 0.992571
 1.03189 -64.1664 0.992721
 1.03204 -64.1567 0.992871
 1.03219  -64.147 0.993022
 1.03234 -64.1373 0.993172
 1.03249 -64.1275 0.993322
 1.03264 -64.1178 0.993322
 1.03279 -64.1081 0.993472
 1.03294 -64.0984 0.993622
 1.03309 -64.0887 0.993772
 1.03324  -64.079 0.993922
 1.03339 -64.0693 0.994072
 1.03354 -64.0596 0.994222
 1.03369 -64.0499 0.994372
 1.03384 -64.0402 0.994522
 1.03399 -64.0305 0.994672
 1.03414 -64.0208 0.994822
 1.03429 -64.0111 0.994972
 1.03444 -64.0015 0.995123
 1.03459 -63.9918 0.995273
 1.03474 -63.9821 0.995423
 1.03489 -63.9724 0.995573
 1.03504 -63.9628 0.995723
 1.03519 -63.9531 0.995723
 1.03534 -63.9434 0.995873
 1.03549 -63.9338 0.996023
 1.03564 -63.9241 0.996173
 1.03579 -63.9145 0.996323
 1.03594 -63.9048 0.996473
 1.03609 -63.8951 0.996623
 1.03624 -63.8855 0.996773
 1.03639 -63.8758 0.996923
 1.03654 -63.8662 0.997074
 1.03669 -63.8566 0.997224
 1.03684 -63.8469 0.997374
 1.03699 -63.8373 0.997524
 1.03714 -63.8277 0.997674
 1.03729  -63.818 0.997824
 1.03744 -63.8084 0.997974
 1.03759 -63.7988 0.998124
 1.03774 -63.7891 0.998124
 1.03789 -63.7795 0.998274
 1.03804 -63.7699 0.998424
 1.03819 -63.7603 0.998574
 1.03834 -63.7507 0.998724
 1.03849 -63.7411 0.998874
 1.03864 -63.7315 0.999025
 1.03879 -63.7219 0.999175
 1.03894 -63.7123 0.999325
 1.03909 -63.7027 0.999475
 1.03924 -63.6931 0.999625
 1.03939 -63.6835 0.999775
 1.03954 -63.6739 0.999925
 1.03969 -63.6643  1.00008
 1.03984 -63.6547  1.00023
 1.03999 -63.6451  1.00038
 1.04015 -63.6355  1.00053
  1.0403  -63.626  1.00053
 1.04045 -63.6164  1.00068
  1.0406 -63.6068  1.00083
 1.04075 -63.5972  1.00098
  1.0409 -63.5877  1.00113
 1.04105 -63.5781  1.00128
  1.0412 -63.5685  1.00143
 1.04135  -63.559  1.00158
  1.0415 -63.5494  1.00173
 1.04165 -63.5399  1.00188
  1.0418 -63.5303  1.00203
 1.04195 -63.5208  1.00218
  1.0421 -63.5112  1.00233
 1.04225 -63.5017  1.00248
  1.0424 -63.4921  1.00263
 1.04255 -63.4826  1.00278
  1.0427 -63.4731  1.00278
 1.04285 -63.4635  1.00293
   1.043  -63.454  1.00308
 1.04315 -63.4445  1.00323
  1.0433 -63.4349  1.00338
 1.04345 -63.4254  1.00353
  1.0436 -63.4159  1.00368
 1.04375 -63.4064  1.00383
  1.0439 -63.3969  1.00398
 1.04405 -63.3873  1.00413
  1.0442 -63.3778  1.00428
 1.04435 -63.3683  1.00443
  1.0445 -63.3588  1.00458
 1.04465 -63.3493  1.00473
  1.0448 -63.3398  1.00488
 1.04495 -63.3303  1.00503
  1.0451 -63.3208  1.00518
 1.04525 -63.3113  1.00518
  1.0454 -63.3018  1.00533
 1.04555 -63.2924  1.00548
  1.0457 -63.2829  1.00563
 1.04585 -63.2734  1.00578
   1.046 -63.2639  1.00593
 1.04615 -63.2544  1.00608
  1.0463  -63.245  1.00623
 1.04645 -63.2355  1.00638
  1.0466  -63.226  1.00653
 1.04675 -63.2166  1.00668
  1.0469 -63.2071  1.00683
 1.04705 -63.1976  1.00698
  1.0472 -63.1882  1.00713
 1.04735 -63.1787  1.00728
  1.0475 -63.1693  1.00743
 1.04765 -63.1598  1.00758
  1.0478 -63.1504  1.00758
 1.04795 -63.1409  1.00773
  1.0481 -63.1315  1.00788
 1.04825  -63.122  1.00803
  1.0484 -63.1126  1.00818
 1.04855 -63.1032  1.00833
  1.0487 -63.0937  1.00848
 1.04885 -63.0843  1.00863
   1.049 -63.0749  1.00878
 1.04915 -63.0655  1.00893
  1.0493  -63.056  1.00908
 1.04945 -63.0466  1.00923
  1.0496 -63.0372  1.00938
 1.04975 -63.0278  1.00953
  1.0499 -63.0184  1.00968
 1.05005  -63.009  1.00983
  1.0502 -62.9996  1.00983
 1.05035 -62.9902  1.00998
  1.0505 -62.9807  1.01013
 1.05065 -62.9714  1.01028
  1.0508  -62.962  1.01043
 1.05095 -62.9526  1.01058
  1.0511 -62.9432  1.01073
 1.05125 -62.9338  1.01088
  1.0514 -62.9244  1.01103
 1.05155  -62.915  1.01118
  1.0517 -62.9056  1.01133
 1.05185 -62.8962  1.01148
   1.052 -62.8869  1.01163
 1.05215 -62.8775  1.01178
  1.0523 -62.8681  1.01193
 1.05245 -62.8588  1.01208
  1.0526 -62.8494  1.01223
 1.05275   -62.84  1.01223
  1.0529 -62.8307  1.01238
 1.05305 -62.8213  1.01253
  1.0532  -62.812  1.01268
 1.05335 -62.8026  1.01283
  1.0535 -62.7933  1.01298
 1.05365 -62.7839  1.01313
  1.0538 -62.7746  1.01328
 1.05395 -62.7652  1.01343
  1.0541 -62.7559  1.01358
 1.05425 -62.7465  1.01373
  1.0544 -62.7372  1.01388
 1.05455 -62.7279  1.01403
  1.0547 -62.7185  1.01418
 1.05485 -62.7092  1.01433
   1.055 -62.6999  1.01448
 1.05515 -62.6906  1.01463
  1.0553 -62.6812  1.01463
 1.05545 -62.6719  1.01478
  1.0556 -62.6626  1.01493
 1.05575 -62.6533  1.01508
  1.0559  -62.644  1.01523
 1.05605 -62.6347  1.01538
  1.0562 -62.6254  1.01553
 1.05635 -62.6161  1.01568
  1.0565 -62.6068  1.01583
 1.05665 -62.5975  1.01598
  1.0568 -62.5882  1.01613
 1.05695 -62.5789  1.01628
  1.0571 -62.5696  1.01643
 1.05725 -62.5603  1.01658
  1.0574  -62.551  1.01673
 1.05755 -62.5418  1.01688
  1.0577 -62.5325  1.01688
 1.05785 -62.5232  1.01703
   1.058 -62.5139  1.01718
 1.05815 -62.5046  1.01733
  1.0583 -62.4954  1.01748
 1.05845 -62.4861  1.01763
  1.0586 -62.4768  1.01778
 1.05875 -62.4676  1.01793
  1.0589 -62.4583  1.01808
 1.05905 -62.4491  1.01823
  1.0592 -62.4398  1.01838
 1.05935 -62.4306  1.01853
  1.0595 -62.4213  1.01868
 1.05965 -62.4121  1.01883
  1.0598 -62.4028  1.01898
 1.05995 -62.3936  1.01913
 1.06011 -62.3843  1.01928
 1.06026 -62.3751  1.01928
 1.06041 -62.3659  1.01943
 1.06056 -62.3566  1.01958
 1.06071 -62.3474  1.01973
 1.06086 -62.3382  1.01988
 1.06101  -62.329  1.02004
 1.06116 -62.3197  1.02019
 1.06131 -62.3105  1.02034
 1.06146 -62.3013  1.02049
 1.06161 -62.2921  1.02064
 1.06176 -62.2829  1.02079
 1.06191 -62.2737  1.02094
 1.06206 -62.2645  1.02109
 1.06221 -62.2553  1.02124
 1.06236 -62.2461  1.02139
 1.06251 -62.2369  1.02154
 1.06266 -62.2277  1.02154
 1.06281 -62.2185  1.02169
 1.06296 -62.2093  1.02184
 1.06311 -62.2001  1.02199
 1.06326 -62.1909  1.02214
 1.06341 -62.1817  1.02229
 1.06356 -62.1725  1.02244
 1.06371 -62.1633  1.02259
 1.06386 -62.1542  1.02274
 1.06401  -62.145  1.02289
 1.06416 -62.1358  1.02304
 1.06431 -62.1267  1.02319
 1.06446 -62.1175  1.02334
 1.06461 -62.1083  1.02349
 1.06476 -62.0992  1.02364
 1.06491   -62.09  1.02379
 1.06506 -62.0808  1.02394
 1.06521 -62.0717  1.02394
 1.06536 -62.0625  1.02409
 1.06551 -62.0534  1.02424
 1.06566 -62.0442  1.02439
 1.06581 -62.0351  1.02454
 1.06596  -62.026  1.02469
 1.06611 -62.0168  1.02484
 1.06626 -62.0077  1.02499
 1.06641 -61.9985  1.02514
 1.06656 -61.9894  1.02529
 1.06671 -61.9803  1.02544
 1.06686 -61.9712  1.02559
 1.06701  -61.962  1.02574
 1.06716 -61.9529  1.02589
 1.06731 -61.9438  1.02604
 1.06746 -61.9347  1.02619
 1.06761 -61.9256  1.02619
 1.06776 -61.9164  1.02634
 1.06791 -61.9073  1.02649
 1.06806 -61.8982  1.02664
 1.06821 -61.8891  1.02679
 1.06836   -61.88  1.02694
 1.06851 -61.8709  1.02709
 1.06866 -61.8618  1.02724
 1.06881 -61.8527  1.02739
 1.06896 -61.8436  1.02754
 1.06911 -61.8345  1.02769
 1.06926 -61.8255  1.02784
 1.06941 -61.8164  1.02799
 1.06956 -61.8073  1.02814
 1.06971 -61.7982  1.02829
 1.06986 -61.7891  1.02844
 1.07001 -61.7801  1.02859
 1.07016  -61.771  1.02859
 1.07031 -61.7619  1.02874
 1.07046 -61.7528  1.02889
 1.07061 -61.7438  1.02904
 1.07076 -61.7347  1.02919
 1.07091 -61.7257  1.02934
 1.07106 -61.7166  1.02949
 1.07121 -61.7075  1.02964
 1.07136 -61.6985  1.02979
 1.07151 -61.6894  1.02994
 1.07166 -61.6804  1.03009
 1.07181 -61.6713  1.03024
 1.07196 -61.6623  1.03039
 1.07211 -61.6533  1.03054
 1.07226 -61.6442  1.03069
 1.07241 -61.6352  1.03084
 1.07256 -61.6261  1.03084
 1.07271 -61.6171  1.03099
 1.07286 -61.6081  1.03114
 1.07301 -61.5991  1.03129
 1.07316   -61.59  1.03144
 1.07331  -61.581  1.03159
 1.07346  -61.572  1.03174
 1.07361  -61.563  1.03189
 1.07376  -61.554  1.03204
 1.07391  -61.545  1.03219
 1.07406 -61.5359  1.03234
 1.07421 -61.5269  1.03249
 1.07436 -61.5179  1.03264
 1.07451 -61.5089  1.03279
 1.07466 -61.4999  1.03294
 1.07481 -61.4909  1.03309
 1.07496 -61.4819  1.03309
 1.07511 -61.4729  1.03324
 1.07526  -61.464  1.03339
 1.07541  -61.455  1.03354
 1.07556  -61.446  1.03369
 1.07571  -61.437  1.03384
 1.07586  -61.428  1.03399
 1.07601  -61.419  1.03414
 1.07616 -61.4101  1.03429
 1.07631 -61.4011  1.03444
 1.07646 -61.3921  1.03459
 1.07661 -61.3832  1.03474
 1.07676 -61.3742  1.03489
 1.07691 -61.3652  1.03504
 1.07706 -61.3563  1.03519
 1.07721 -61.3473  1.03534
 1.07736 -61.3384  1.03549
 1.07751 -61.3294  1.03549
 1.07766 -61.3204  1.03564
 1.07781 -61.3115  1.03579
 1.07796 -61.3026  1.03594
 1.07811 -61.2936  1.03609
 1.07826 -61.2847  1.03624
 1.07841 -61.2757  1.03639
 1.07856 -61.2668  1.03654
 1.07871 -61.2579  1.03669
 1.07886 -61.2489  1.03684
 1.07901   -61.24  1.03699
 1.07916 -61.2311  1.03714
 1.07931 -61.2221  1.03729
 1.07946 -61.2132  1.03744
 1.07961 -61.2043  1.03759
 1.07976 -61.1954  1.03774
 1.07991 -61.1865  1.03774
 1.08007 -61.1776  1.03789
 1.08022 -61.1686  1.03804
 1.08037 -61.1597  1.03819
 1.08052 -61.1508  1.03834
 1.08067 -61.1419  1.03849
 1.08082  -61.133  1.03864
 1.08097 -61.1241  1.03879
 1.08112 -61.1152  1.03894
 1.08127 -61.1063  1.03909
 1.08142 -61.0975  1.03924
 1.08157 -61.0886  1.03939
 1.08172 -61.0797  1.03954
 1.08187 -61.0708  1.03969
 1.08202 -61.0619  1.03984
 1.08217  -61.053  1.03984
 1.08232 -61.0442  1.03999
 1.08247 -61.0353  1.04015
 1.08262 -61.0264   1.0403
 1.08277 -61.0175  1.04045
 1.08292 -61.0087   1.0406
 1.08307 -60.9998  1.04075
 1.08322  -60.991   1.0409
 1.08337 -60.9821  1.04105
 1.08352 -60.9732   1.0412
 1.08367 -60.9644  1.04135
 1.08382 -60.9555   1.0415
 1.08397 -60.9467  1.04165
 1.08412 -60.9378   1.0418
 1.08427  -60.929  1.04195
 1.08442 -60.9201   1.0421
 1.08457 -60.9113   1.0421
 1.08472 -60.9025  1.04225
 1.08487 -60.8936   1.0424
 1.08502 -60.8848  1.04255
 1.08517  -60.876   1.0427
 1.08532 -60.8671  1.04285
 1.08547 -60.8583    1.043
 1.08562 -60.8495  1.04315
 1.08577 -60.8407   1.0433
 1.08592 -60.8318  1.04345
 1.08607  -60.823   1.0436
 1.08622 -60.8142  1.04375
 1.08637 -60.8054   1.0439
 1.08652 -60.7966  1.04405
 1.08667 -60.7878   1.0442
 1.08682  -60.779  1.04435
 1.08697 -60.7702  1.04435
 1.08712 -60.7614   1.0445
 1.08727 -60.7526  1.04465
 1.08742 -60.7438   1.0448
 1.08757  -60.735  1.04495
 1.08772 -60.7262   1.0451
 1.08787 -60.7174  1.04525
 1.08802 -60.7086   1.0454
 1.08817 -60.6998  1.04555
 1.08832 -60.6911   1.0457
 1.08847 -60.6823  1.04585
 1.08862 -60.6735    1.046
 1.08877 -60.6647  1.04615
 1.08892  -60.656   1.0463
 1.08907 -60.6472  1.04645
 1.08922 -60.6384   1.0466
 1.08937 -60.6297   1.0466
 1.08952 -60.6209  1.04675
 1.08967 -60.6121   1.0469
 1.08982 -60.6034  1.04705
 1.08997 -60.5946   1.0472
 1.09012 -60.5859  1.04735
 1.09027 -60.5771   1.0475
 1.09042 -60.5684  1.04765
 1.09057 -60.5596   1.0478
 1.09072 -60.5509  1.04795
 1.09087 -60.5422   1.0481
 1.09102 -60.5334  1.04825
 1.09117 -60.5247   1.0484
 1.09132 -60.5159  1.04855
 1.09147 -60.5072   1.0487
 1.09162 -60.4985   1.0487
 1.09177 -60.4898  1.04885
 1.09192  -60.481    1.049
 1.09207 -60.4723  1.04915
 1.09222 -60.4636   1.0493
 1.09237 -60.4549  1.04945
 1.09252 -60.4462   1.0496
 1.09267 -60.4375  1.04975
 1.09282 -60.4287   1.0499
 1.09297   -60.42  1.05005
 1.09312 -60.4113   1.0502
 1.09327 -60.4026  1.05035
 1.09342 -60.3939   1.0505
 1.09357 -60.3852  1.05065
 1.09372 -60.3765   1.0508
 1.09387 -60.3678  1.05095
 1.09402 -60.3592  1.05095
 1.09417 -60.3505   1.0511
 1.09432 -60.3418  1.05125
 1.09447 -60.3331   1.0514
 1.09462 -60.3244  1.05155
 1.09477 -60.3157   1.0517
 1.09492 -60.3071  1.05185
 1.09507 -60.2984    1.052
 1.09522 -60.2897  1.05215
 1.09537  -60.281   1.0523
 1.09552 -60.2724  1.05245
 1.09567 -60.2637   1.0526
 1.09582  -60.255  1.05275
 1.09597 -60.2464   1.0529
 1.09612 -60.2377  1.05305
 1.09627 -60.2291  1.05305
 1.09642 -60.2204   1.0532
 1.09657 -60.2118  1.05335
 1.09672 -60.2031   1.0535
 1.09687 -60.1945  1.05365
 1.09702 -60.1858   1.0538
 1.09717 -60.1772  1.05395
 1.09732 -60.1686   1.0541
 1.09747 -60.1599  1.05425
 1.09762 -60.1513   1.0544
 1.09777 -60.1426  1.05455
 1.09792  -60.134   1.0547
 1.09807 -60.1254  1.05485
 1.09822 -60.1168    1.055
 1.09837 -60.1081  1.05515
 1.09852 -60.0995   1.0553
 1.09867 -60.0909   1.0553
 1.09882 -60.0823  1.05545
 1.09897 -60.0737   1.0556
 1.09912 -60.0651  1.05575
 1.09927 -60.0565   1.0559
 1.09942 -60.0479  1.05605
 1.09957 -60.0392   1.0562
 1.09972 -60.0306  1.05635
 1.09987  -60.022   1.0565
 1.10003 -60.0135  1.05665
 1.10018 -60.0049   1.0568
 1.10033 -59.9963  1.05695
 1.10048 -59.9877   1.0571
 1.10063 -59.9791  1.05725
 1.10078 -59.9705   1.0574
 1.10093 -59.9619   1.0574
 1.10108 -59.9533  1.05755
 1.10123 -59.9448   1.0577
 1.10138 -59.9362  1.05785
 1.10153 -59.9276    1.058
 1.10168  -59.919  1.05815
 1.10183 -59.9105   1.0583
 1.10198 -59.9019  1.05845
 1.10213 -59.8933   1.0586
 1.10228 -59.8848  1.05875
 1.10243 -59.8762   1.0589
 1.10258 -59.8677  1.05905
 1.10273 -59.8591   1.0592
 1.10288 -59.8506  1.05935
 1.10303  -59.842  1.05935
 1.10318 -59.8335   1.0595
 1.10333 -59.8249  1.05965
 1.10348 -59.8164   1.0598
 1.10363 -59.8078  1.05995
 1.10378 -59.7993  1.06011
 1.10393 -59.7908  1.06026
 1.10408 -59.7822  1.06041
 1.10423 -59.7737  1.06056
 1.10438 -59.7652  1.06071
 1.10453 -59.7566  1.06086
 1.10468 -59.7481  1.06101
 1.10483 -59.7396  1.06116
 1.10498 -59.7311  1.06131
 1.10513 -59.7226  1.06146
 1.10528 -59.7141  1.06146
 1.10543 -59.7055  1.06161
 1.10558  -59.697  1.06176
 1.10573 -59.6885  1.06191
 1.10588   -59.68  1.06206
 1.10603 -59.6715  1.06221
 1.10618  -59.663  1.06236
 1.10633 -59.6545  1.06251
 1.10648  -59.646  1.06266
 1.10663 -59.6375  1.06281
 1.10678  -59.629  1.06296
 1.10693 -59.6205  1.06311
 1.10708 -59.6121  1.06326
 1.10723 -59.6036  1.06341
 1.10738 -59.5951  1.06356
 1.10753 -59.5866  1.06356
 1.10768 -59.5781  1.06371
 1.10783 -59.5697  1.06386
 1.10798 -59.5612  1.06401
 1.10813 -59.5527  1.06416
 1.10828 -59.5443  1.06431
 1.10843 -59.5358  1.06446
 1.10858 -59.5273  1.06461
 1.10873 -59.5189  1.06476
 1.10888 -59.5104  1.06491
 1.10903  -59.502  1.06506
 1.10918 -59.4935  1.06521
 1.10933  -59.485  1.06536
 1.10948 -59.4766  1.06551
 1.10963 -59.4682  1.06551
 1.10978 -59.4597  1.06566
 1.10993 -59.4513  1.06581
 1.11008 -59.4428  1.06596
 1.11023 -59.4344  1.06611
 1.11038  -59.426  1.06626
 1.11053 -59.4175  1.06641
 1.11068 -59.4091  1.06656
 1.11083 -59.4007  1.06671
 1.11098 -59.3922  1.06686
 1.11113 -59.3838  1.06701
 1.11128 -59.3754  1.06716
 1.11143  -59.367  1.06731
 1.11158 -59.3586  1.06746
 1.11173 -59.3501  1.06746
 1.11188 -59.3417  1.06761
 1.11203 -59.3333  1.06776
 1.11218 -59.3249  1.06791
 1.11233 -59.3165  1.06806
 1.11248 -59.3081  1.06821
 1.11263 -59.2997  1.06836
 1.11278 -59.2913  1.06851
 1.11293 -59.2829  1.06866
 1.11308 -59.2745  1.06881
 1.11323 -59.2661  1.06896
 1.11338 -59.2577  1.06911
 1.11353 -59.2494  1.06926
 1.11368  -59.241  1.06941
 1.11383 -59.2326  1.06941
 1.11398 -59.2242  1.06956
 1.11413 -59.2158  1.06971
 1.11428 -59.2075  1.06986
 1.11443 -59.1991  1.07001
 1.11458 -59.1907  1.07016
 1.11473 -59.1824  1.07031
 1.11488  -59.174  1.07046
 1.11503 -59.1656  1.07061
 1.11518 -59.1573  1.07076
 1.11533 -59.1489  1.07091
 1.11548 -59.1406  1.07106
 1.11563 -59.1322  1.07121
 1.11578 -59.1239  1.07136
 1.11593 -59.1155  1.07151
 1.11608 -59.1072  1.07151
 1.11623 -59.0988  1.07166
 1.11638 -59.0905  1.07181
 1.11653 -59.0821  1.07196
 1.11668 -59.0738  1.07211
 1.11683 -59.0655  1.07226
 1.11698 -59.0571  1.07241
 1.11713 -59.0488  1.07256
 1.11728 -59.0405  1.07271
 1.11743 -59.0321  1.07286
 1.11758 -59.0238  1.07301
 1.11773 -59.0155  1.07316
 1.11788 -59.0072  1.07331
 1.11803 -58.9989  1.07346
 1.11818 -58.9905  1.07346
 1.11833 -58.9822  1.07361
 1.11848 -58.9739  1.07376
 1.11863 -58.9656  1.07391
 1.11878 -58.9573  1.07406
 1.11893  -58.949  1.07421
 1.11908 -58.9407  1.07436
 1.11923 -58.9324  1.07451
 1.11938 -58.9241  1.07466
 1.11953 -58.9158  1.07481
 1.11968 -58.9075  1.07496
 1.11983 -58.8992  1.07511
 1.11998  -58.891  1.07526
 1.12014 -58.8827  1.07541
 1.12029 -58.8744  1.07541
 1.12044 -58.8661  1.07556
 1.12059 -58.8578  1.07571
 1.12074 -58.8496  1.07586
 1.12089 -58.8413  1.07601
 1.12104  -58.833  1.07616
 1.12119 -58.8247  1.07631
 1.12134 -58.8165  1.07646
 1.12149 -58.8082  1.07661
 1.12164    -58.8  1.07676
 1.12179 -58.7917  1.07691
 1.12194 -58.7834  1.07706
 1.12209 -58.7752  1.07721
 1.12224 -58.7669  1.07721
 1.12239 -58.7587  1.07736
 1.12254 -58.7504  1.07751
 1.12269 -58.7422  1.07766
 1.12284  -58.734  1.07781
 1.12299 -58.7257  1.07796
 1.12314 -58.7175  1.07811
 1.12329 -58.7092  1.07826
 1.12344  -58.701  1.07841
 1.12359 -58.6928  1.07856
 1.12374 -58.6845  1.07871
 1.12389 -58.6763  1.07886
 1.12404 -58.6681  1.07901
 1.12419 -58.6599  1.07901
 1.12434 -58.6517  1.07916
 1.12449 -58.6434  1.07931
 1.12464 -58.6352  1.07946
 1.12479  -58.627  1.07961
 1.12494 -58.6188  1.07976
 1.12509 -58.6106  1.07991
 1.12524 -58.6024  1.08007
 1.12539 -58.5942  1.08022
 1.12554  -58.586  1.08037
 1.12569 -58.5778  1.08052
 1.12584 -58.5696  1.08067
 1.12599 -58.5614  1.08082
 1.12614 -58.5532  1.08082
 1.12629  -58.545  1.08097
 1.12644 -58.5368  1.08112
 1.12659 -58.5287  1.08127
 1.12674 -58.5205  1.08142
 1.12689 -58.5123  1.08157
 1.12704 -58.5041  1.08172
 1.12719 -58.4959  1.08187
 1.12734 -58.4878  1.08202
 1.12749 -58.4796  1.08217
 1.12764 -58.4714  1.08232
 1.12779 -58.4633  1.08247
 1.12794 -58.4551  1.08262
 1.12809 -58.4469  1.08262
 1.12824 -58.4388  1.08277
 1.12839 -58.4306  1.08292
 1.12854 -58.4225  1.08307
 1.12869 -58.4143  1.08322
 1.12884 -58.4062  1.08337
 1.12899  -58.398  1.08352
 1.12914 -58.3899  1.08367
 1.12929 -58.3817  1.08382
 1.12944 -58.3736  1.08397
 1.12959 -58.3655  1.08412
 1.12974 -58.3573  1.08427
 1.12989 -58.3492  1.08442
 1.13004 -58.3411  1.08442
 1.13019 -58.3329  1.08457
 1.13034 -58.3248  1.08472
 1.13049 -58.3167  1.08487
 1.13064 -58.3086  1.08502
 1.13079 -58.3005  1.08517
 1.13094 -58.2923  1.08532
 1.13109 -58.2842  1.08547
 1.13124 -58.2761  1.08562
 1.13139  -58.268  1.08577
 1.13154 -58.2599  1.08592
 1.13169 -58.2518  1.08607
 1.13184 -58.2437  1.08607
 1.13199 -58.2356  1.08622
 1.13214 -58.2275  1.08637
 1.13229 -58.2194  1.08652
 1.13244 -58.2113  1.08667
 1.13259 -58.2032  1.08682
 1.13274 -58.1951  1.08697
 1.13289  -58.187  1.08712
 1.13304  -58.179  1.08727
 1.13319 -58.1709  1.08742
 1.13334 -58.1628  1.08757
 1.13349 -58.1547  1.08772
 1.13364 -58.1466  1.08787
 1.13379 -58.1386  1.08787
 1.13394 -58.1305  1.08802
 1.13409 -58.1224  1.08817
 1.13424 -58.1144  1.08832
 1.13439 -58.1063  1.08847
 1.13454 -58.0983  1.08862
 1.13469 -58.0902  1.08877
 1.13484 -58.0821  1.08892
 1.13499 -58.0741  1.08907
 1.13514  -58.066  1.08922
 1.13529  -58.058  1.08937
 1.13544 -58.0499  1.08952
 1.13559 -58.0419  1.08952
 1.13574 -58.0339  1.08967
 1.13589 -58.0258  1.08982
 1.13604 -58.0178  1.08997
 1.13619 -58.0097  1.09012
 1.13634 -58.0017  1.09027
 1.13649 -57.9937  1.09042
 1.13664 -57.9857  1.09057
 1.13679 -57.9776  1.09072
 1.13694 -57.9696  1.09087
 1.13709 -57.9616  1.09102
 1.13724 -57.9536  1.09117
 1.13739 -57.9456  1.09117
 1.13754 -57.9375  1.09132
 1.13769 -57.9295  1.09147
 1.13784 -57.9215  1.09162
 1.13799 -57.9135  1.09177
 1.13814 -57.9055  1.09192
 1.13829 -57.8975  1.09207
 1.13844 -57.8895  1.09222
 1.13859 -57.8815  1.09237
 1.13874 -57.8735  1.09252
 1.13889 -57.8655  1.09267
 1.13904 -57.8575  1.09267
 1.13919 -57.8496  1.09282
 1.13934 -57.8416  1.09297
 1.13949 -57.8336  1.09312
 1.13964 -57.8256  1.09327
 1.13979 -57.8176  1.09342
 1.13994 -57.8097  1.09357
  1.1401 -57.8017  1.09372
 1.14025 -57.7937  1.09387
  1.1404 -57.7858  1.09402
 1.14055 -57.7778  1.09402
  1.1407 -57.7698  1.09417
 1.14085 -57.7619  1.09432
   1.141 -57.7539  1.09447
 1.14115  -57.746  1.09462
  1.1413  -57.738  1.09477
 1.14145 -57.7301  1.09492
  1.1416 -57.7221  1.09507
 1.14175 -57.7142  1.09522
  1.1419 -57.7062  1.09537
 1.14205 -57.6983  1.09552
  1.1422 -57.6904  1.09552
 1.14235 -57.6824  1.09567
  1.1425 -57.6745  1.09582
 1.14265 -57.6666  1.09597
  1.1428 -57.6586  1.09612
 1.14295 -57.6507  1.09627
  1.1431 -57.6428  1.09642
 1.14325 -57.6349  1.09657
  1.1434  -57.627  1.09672
 1.14355  -57.619  1.09687
  1.1437 -57.6111  1.09702
 1.14385 -57.6032  1.09702
   1.144 -57.5953  1.09717
 1.14415 -57.5874  1.09732
  1.1443 -57.5795  1.09747
 1.14445 -57.5716  1.09762
  1.1446 -57.5637  1.09777
 1.14475 -57.5558  1.09792
  1.1449 -57.5479  1.09807
 1.14505   -57.54  1.09822
  1.1452 -57.5321  1.09837
 1.14535 -57.5243  1.09837
  1.1455 -57.5164  1.09852
 1.14565 -57.5085  1.09867
  1.1458 -57.5006  1.09882
 1.14595 -57.4927  1.09897
  1.1461 -57.4849  1.09912
 1.14625  -57.477  1.09927
  1.1464 -57.4691  1.09942
 1.14655 -57.4613  1.09957
  1.1467 -57.4534  1.09972
 1.14685 -57.4455  1.09972
   1.147 -57.4377  1.09987
 1.14715 -57.4298  1.10003
  1.1473  -57.422  1.10018
 1.14745 -57.4141  1.10033
  1.1476 -57.4063  1.10048
 1.14775 -57.3984  1.10063
  1.1479 -57.3906  1.10078
 1.14805 -57.3828  1.10093
  1.1482 -57.3749  1.10108
 1.14835 -57.3671  1.10108
  1.1485 -57.3592  1.10123
 1.14865 -57.3514  1.10138
  1.1488 -57.3436  1.10153
 1.14895 -57.3358  1.10168
  1.1491 -57.3279  1.10183
 1.14925 -57.3201  1.10198
  1.1494 -57.3123  1.10213
 1.14955 -57.3045  1.10228
  1.1497 -57.2967  1.10243
 1.14985 -57.2889  1.10243
    1.15  -57.281  1.10258