 kgrid  ValNew  Policy 
    0.85 -75.1638 0.862756
 0.85015 -75.1499 0.862906
  0.8503  -75.136 0.863057
 0.85045 -75.1222 0.863057
  0.8506 -75.1083 0.863207
 0.85075 -75.0944 0.863357
  0.8509 -75.0806 0.863507
0.851051 -75.0668 0.863507
0.851201 -75.0529 0.863657
0.851351 -75.0391 0.863807
0.851501 -75.0253 0.863957
0.851651 -75.0115 0.863957
0.851801 -74.9978 0.864107
0.851951  -74.984 0.864257
0.852101 -74.9702 0.864407
0.852251 -74.9565 0.864407
0.852401 -74.9427 0.864557
0.852551  -74.929 0.864707
0.852701 -74.9153 0.864857
0.852851 -74.9015 0.864857
0.853002 -74.8878 0.865008
0.853152 -74.8741 0.865158
0.853302 -74.8604 0.865308
0.853452 -74.8468 0.865458
0.853602 -74.8331 0.865458
0.853752 -74.8194 0.865608
0.853902 -74.8058 0.865758
0.854052 -74.7921 0.865908
0.854202 -74.7785 0.865908
0.854352 -74.7649 0.866058
0.854502 -74.7512 0.866208
0.854652 -74.7376 0.866358
0.854802  -74.724 0.866358
0.854952 -74.7105 0.866508
0.855103 -74.6969 0.866658
0.855253 -74.6833 0.866808
0.855403 -74.6697 0.866808
0.855553 -74.6562 0.866958
0.855703 -74.6426 0.867109
0.855853 -74.6291 0.867259
0.856003 -74.6156 0.867259
0.856153 -74.6021 0.867409
0.856303 -74.5886 0.867559
0.856453 -74.5751 0.867709
0.856603 -74.5616 0.867709
0.856753 -74.5481 0.867859
0.856903 -74.5346 0.868009
0.857054 -74.5212 0.868159
0.857204 -74.5077 0.868309
0.857354 -74.4943 0.868309
0.857504 -74.4808 0.868459
0.857654 -74.4674 0.868609
0.857804  -74.454 0.868759
0.857954 -74.4406 0.868759
0.858104 -74.4272 0.868909
0.858254 -74.4138  0.86906
0.858404 -74.4004  0.86921
0.858554  -74.387  0.86921
0.858704 -74.3737  0.86936
0.858854 -74.3603  0.86951
0.859005  -74.347  0.86966
0.859155 -74.3336  0.86966
0.859305 -74.3203  0.86981
0.859455  -74.307  0.86996
0.859605 -74.2937  0.87011
0.859755 -74.2804  0.87026
0.859905 -74.2671  0.87026
0.860055 -74.2538  0.87041
0.860205 -74.2405  0.87056
0.860355 -74.2272  0.87071
0.860505  -74.214  0.87086
0.860655 -74.2007  0.87086
0.860805 -74.1875 0.871011
0.860955 -74.1742 0.871161
0.861106  -74.161 0.871311
0.861256 -74.1478 0.871461
0.861406 -74.1345 0.871611
0.861556 -74.1213 0.871611
0.861706 -74.1081 0.871761
0.861856 -74.0949 0.871911
0.862006 -74.0817 0.872061
0.862156 -74.0685 0.872211
0.862306 -74.0553 0.872361
0.862456 -74.0422 0.872511
0.862606  -74.029 0.872661
0.862756 -74.0158 0.872661
0.862906 -74.0027 0.872811
0.863057 -73.9895 0.872961
0.863207 -73.9764 0.873112
0.863357 -73.9632 0.873262
0.863507 -73.9501 0.873412
0.863657  -73.937 0.873562
0.863807 -73.9239 0.873562
0.863957 -73.9107 0.873712
0.864107 -73.8976 0.873862
0.864257 -73.8845 0.874012
0.864407 -73.8714 0.874162
0.864557 -73.8584 0.874312
0.864707 -73.8453 0.874462
0.864857 -73.8322 0.874612
0.865008 -73.8191 0.874612
0.865158 -73.8061 0.874762
0.865308  -73.793 0.874912
0.865458 -73.7799 0.875063
0.865608 -73.7669 0.875213
0.865758 -73.7539 0.875363
0.865908 -73.7408 0.875513
0.866058 -73.7278 0.875663
0.866208 -73.7148 0.875663
0.866358 -73.7018 0.875813
0.866508 -73.6887 0.875963
0.866658 -73.6757 0.876113
0.866808 -73.6627 0.876263
0.866958 -73.6498 0.876413
0.867109 -73.6368 0.876563
0.867259 -73.6238 0.876713
0.867409 -73.6108 0.876713
0.867559 -73.5978 0.876863
0.867709 -73.5849 0.877014
0.867859 -73.5719 0.877164
0.868009  -73.559 0.877314
0.868159  -73.546 0.877464
0.868309 -73.5331 0.877614
0.868459 -73.5202 0.877764
0.868609 -73.5072 0.877764
0.868759 -73.4943 0.877914
0.868909 -73.4814 0.878064
 0.86906 -73.4685 0.878214
 0.86921 -73.4556 0.878364
 0.86936 -73.4427 0.878514
 0.86951 -73.4298 0.878664
 0.86966 -73.4169 0.878814
 0.86981  -73.404 0.878814
 0.86996 -73.3912 0.878964
 0.87011 -73.3783 0.879115
 0.87026 -73.3654 0.879265
 0.87041 -73.3526 0.879415
 0.87056 -73.3397 0.879565
 0.87071 -73.3269 0.879715
 0.87086 -73.3141 0.879865
0.871011 -73.3012 0.879865
0.871161 -73.2884 0.880015
0.871311 -73.2756 0.880165
0.871461 -73.2628 0.880315
0.871611 -73.2499 0.880465
0.871761 -73.2371 0.880615
0.871911 -73.2243 0.880765
0.872061 -73.2115 0.880915
0.872211 -73.1988 0.881066
0.872361  -73.186 0.881066
0.872511 -73.1732 0.881216
0.872661 -73.1604 0.881366
0.872811 -73.1477 0.881516
0.872961 -73.1349 0.881666
0.873112 -73.1221 0.881816
0.873262 -73.1094 0.881966
0.873412 -73.0966 0.882116
0.873562 -73.0839 0.882266
0.873712 -73.0712 0.882266
0.873862 -73.0584 0.882416
0.874012 -73.0457 0.882566
0.874162  -73.033 0.882716
0.874312 -73.0203 0.882866
0.874462 -73.0076 0.883017
0.874612 -72.9949 0.883167
0.874762 -72.9822 0.883317
0.874912 -72.9695 0.883467
0.875063 -72.9568 0.883467
0.875213 -72.9441 0.883617
0.875363 -72.9315 0.883767
0.875513 -72.9188 0.883917
0.875663 -72.9061 0.884067
0.875813 -72.8935 0.884217
0.875963 -72.8808 0.884367
0.876113 -72.8682 0.884517
0.876263 -72.8555 0.884667
0.876413 -72.8429 0.884667
0.876563 -72.8303 0.884817
0.876713 -72.8176 0.884967
0.876863  -72.805 0.885118
0.877014 -72.7924 0.885268
0.877164 -72.7798 0.885418
0.877314 -72.7672 0.885568
0.877464 -72.7546 0.885718
0.877614  -72.742 0.885868
0.877764 -72.7294 0.886018
0.877914 -72.7168 0.886018
0.878064 -72.7042 0.886168
0.878214 -72.6917 0.886318
0.878364 -72.6791 0.886468
0.878514 -72.6665 0.886618
0.878664  -72.654 0.886768
0.878814 -72.6414 0.886918
0.878964 -72.6289 0.887069
0.879115 -72.6163 0.887219
0.879265 -72.6038 0.887219
0.879415 -72.5913 0.887369
0.879565 -72.5788 0.887519
0.879715 -72.5662 0.887669
0.879865 -72.5537 0.887819
0.880015 -72.5412 0.887969
0.880165 -72.5287 0.888119
0.880315 -72.5162 0.888269
0.880465 -72.5037 0.888419
0.880615 -72.4912 0.888569
0.880765 -72.4787 0.888569
0.880915 -72.4663 0.888719
0.881066 -72.4538 0.888869
0.881216 -72.4413  0.88902
0.881366 -72.4288  0.88917
0.881516 -72.4164  0.88932
0.881666 -72.4039  0.88947
0.881816 -72.3915  0.88962
0.881966  -72.379  0.88977
0.882116 -72.3666  0.88977
0.882266 -72.3542  0.88992
0.882416 -72.3417  0.89007
0.882566 -72.3293  0.89022
0.882716 -72.3169  0.89037
0.882866 -72.3045  0.89052
0.883017 -72.2921  0.89067
0.883167 -72.2797  0.89082
0.883317 -72.2673  0.89097
0.883467 -72.2549 0.891121
0.883617 -72.2425 0.891271
0.883767 -72.2301 0.891271
0.883917 -72.2177 0.891421
0.884067 -72.2054 0.891571
0.884217  -72.193 0.891721
0.884367 -72.1806 0.891871
0.884517 -72.1683 0.892021
0.884667 -72.1559 0.892171
0.884817 -72.1436 0.892321
0.884967 -72.1312 0.892471
0.885118 -72.1189 0.892621
0.885268 -72.1066 0.892621
0.885418 -72.0943 0.892771
0.885568 -72.0819 0.892921
0.885718 -72.0696 0.893072
0.885868 -72.0573 0.893222
0.886018  -72.045 0.893372
0.886168 -72.0327 0.893522
0.886318 -72.0204 0.893672
0.886468 -72.0081 0.893822
0.886618 -71.9958 0.893972
0.886768 -71.9835 0.893972
0.886918 -71.9712 0.894122
0.887069  -71.959 0.894272
0.887219 -71.9467 0.894422
0.887369 -71.9344 0.894572
0.887519 -71.9222 0.894722
0.887669 -71.9099 0.894872
0.887819 -71.8977 0.895023
0.887969 -71.8854 0.895173
0.888119 -71.8732 0.895323
0.888269  -71.861 0.895473
0.888419 -71.8487 0.895473
0.888569 -71.8365 0.895623
0.888719 -71.8243 0.895773
0.888869 -71.8121 0.895923
 0.88902 -71.7999 0.896073
 0.88917 -71.7877 0.896223
 0.88932 -71.7755 0.896373
 0.88947 -71.7633 0.896523
 0.88962 -71.7511 0.896673
 0.88977 -71.7389 0.896823
 0.88992 -71.7267 0.896823
 0.89007 -71.7145 0.896973
 0.89022 -71.7024 0.897124
 0.89037 -71.6902 0.897274
 0.89052  -71.678 0.897424
 0.89067 -71.6659 0.897574
 0.89082 -71.6537 0.897724
 0.89097 -71.6416 0.897874
0.891121 -71.6294 0.898024
0.891271 -71.6173 0.898174
0.891421 -71.6052 0.898174
0.891571  -71.593 0.898324
0.891721 -71.5809 0.898474
0.891871 -71.5688 0.898624
0.892021 -71.5567 0.898774
0.892171 -71.5446 0.898924
0.892321 -71.5325 0.899075
0.892471 -71.5204 0.899225
0.892621 -71.5083 0.899375
0.892771 -71.4962 0.899525
0.892921 -71.4841 0.899675
0.893072  -71.472 0.899825
0.893222 -71.4599 0.899825
0.893372 -71.4479 0.899975
0.893522 -71.4358 0.900125
0.893672 -71.4237 0.900275
0.893822 -71.4117 0.900425
0.893972 -71.3996 0.900575
0.894122 -71.3876 0.900725
0.894272 -71.3755 0.900875
0.894422 -71.3635 0.901026
0.894572 -71.3514 0.901176
0.894722 -71.3394 0.901326
0.894872 -71.3274 0.901476
0.895023 -71.3153 0.901626
0.895173 -71.3033 0.901626
0.895323 -71.2913 0.901776
0.895473 -71.2793 0.901926
0.895623 -71.2673 0.902076
0.895773 -71.2553 0.902226
0.895923 -71.2433 0.902376
0.896073 -71.2313 0.902526
0.896223 -71.2193 0.902676
0.896373 -71.2073 0.902826
0.896523 -71.1953 0.902976
0.896673 -71.1833 0.903127
0.896823 -71.1714 0.903277
0.896973 -71.1594 0.903427
0.897124 -71.1474 0.903577
0.897274 -71.1355 0.903577
0.897424 -71.1235 0.903727
0.897574 -71.1116 0.903877
0.897724 -71.0996 0.904027
0.897874 -71.0877 0.904177
0.898024 -71.0757 0.904327
0.898174 -71.0638 0.904477
0.898324 -71.0519 0.904627
0.898474 -71.0399 0.904777
0.898624  -71.028 0.904927
0.898774 -71.0161 0.905078
0.898924 -71.0042 0.905228
0.899075 -70.9923 0.905378
0.899225 -70.9804 0.905378
0.899375 -70.9685 0.905528
0.899525 -70.9566 0.905678
0.899675 -70.9447 0.905828
0.899825 -70.9328 0.905978
0.899975 -70.9209 0.906128
0.900125  -70.909 0.906278
0.900275 -70.8971 0.906428
0.900425 -70.8853 0.906578
0.900575 -70.8734 0.906728
0.900725 -70.8615 0.906878
0.900875 -70.8497 0.907029
0.901026 -70.8378 0.907179
0.901176  -70.826 0.907179
0.901326 -70.8141 0.907329
0.901476 -70.8023 0.907479
0.901626 -70.7904 0.907629
0.901776 -70.7786 0.907779
0.901926 -70.7668 0.907929
0.902076  -70.755 0.908079
0.902226 -70.7431 0.908229
0.902376 -70.7313 0.908379
0.902526 -70.7195 0.908529
0.902676 -70.7077 0.908679
0.902826 -70.6959 0.908829
0.902976 -70.6841 0.908979
0.903127 -70.6723  0.90913
0.903277 -70.6605  0.90928
0.903427 -70.6487  0.90928
0.903577 -70.6369  0.90943
0.903727 -70.6251  0.90958
0.903877 -70.6134  0.90973
0.904027 -70.6016  0.90988
0.904177 -70.5898  0.91003
0.904327 -70.5781  0.91018
0.904477 -70.5663  0.91033
0.904627 -70.5545  0.91048
0.904777 -70.5428  0.91063
0.904927  -70.531  0.91078
0.905078 -70.5193  0.91093
0.905228 -70.5076 0.911081
0.905378 -70.4958 0.911231
0.905528 -70.4841 0.911231
0.905678 -70.4724 0.911381
0.905828 -70.4606 0.911531
0.905978 -70.4489 0.911681
0.906128 -70.4372 0.911831
0.906278 -70.4255 0.911981
0.906428 -70.4138 0.912131
0.906578 -70.4021 0.912281
0.906728 -70.3904 0.912431
0.906878 -70.3787 0.912581
0.907029  -70.367 0.912731
0.907179 -70.3553 0.912881
0.907329 -70.3436 0.913032
0.907479 -70.3319 0.913182
0.907629 -70.3203 0.913332
0.907779 -70.3086 0.913332
0.907929 -70.2969 0.913482
0.908079 -70.2853 0.913632
0.908229 -70.2736 0.913782
0.908379 -70.2619 0.913932
0.908529 -70.2503 0.914082
0.908679 -70.2386 0.914232
0.908829  -70.227 0.914382
0.908979 -70.2154 0.914532
 0.90913 -70.2037 0.914682
 0.90928 -70.1921 0.914832
 0.90943 -70.1805 0.914982
 0.90958 -70.1688 0.915133
 0.90973 -70.1572 0.915283
 0.90988 -70.1456 0.915433
 0.91003  -70.134 0.915433
 0.91018 -70.1224 0.915583
 0.91033 -70.1108 0.915733
 0.91048 -70.0992 0.915883
 0.91063 -70.0876 0.916033
 0.91078  -70.076 0.916183
 0.91093 -70.0644 0.916333
0.911081 -70.0528 0.916483
0.911231 -70.0412 0.916633
0.911381 -70.0296 0.916783
0.911531 -70.0181 0.916933
0.911681 -70.0065 0.917084
0.911831 -69.9949 0.917234
0.911981 -69.9834 0.917384
0.912131 -69.9718 0.917534
0.912281 -69.9603 0.917684
0.912431 -69.9487 0.917684
0.912581 -69.9372 0.917834
0.912731 -69.9256 0.917984
0.912881 -69.9141 0.918134
0.913032 -69.9025 0.918284
0.913182  -69.891 0.918434
0.913332 -69.8795 0.918584
0.913482 -69.8679 0.918734
0.913632 -69.8564 0.918884
0.913782 -69.8449 0.919035
0.913932 -69.8334 0.919185
0.914082 -69.8219 0.919335
0.914232 -69.8104 0.919485
0.914382 -69.7989 0.919635
0.914532 -69.7874 0.919785
0.914682 -69.7759 0.919785
0.914832 -69.7644 0.919935
0.914982 -69.7529 0.920085
0.915133 -69.7414 0.920235
0.915283   -69.73 0.920385
0.915433 -69.7185 0.920535
0.915583  -69.707 0.920685
0.915733 -69.6955 0.920835
0.915883 -69.6841 0.920985
0.916033 -69.6726 0.921136
0.916183 -69.6612 0.921286
0.916333 -69.6497 0.921436
0.916483 -69.6383 0.921586
0.916633 -69.6268 0.921736
0.916783 -69.6154 0.921886
0.916933 -69.6039 0.922036
0.917084 -69.5925 0.922036
0.917234 -69.5811 0.922186
0.917384 -69.5697 0.922336
0.917534 -69.5582 0.922486
0.917684 -69.5468 0.922636
0.917834 -69.5354 0.922786
0.917984  -69.524 0.922936
0.918134 -69.5126 0.923087
0.918284 -69.5012 0.923237
0.918434 -69.4898 0.923387
0.918584 -69.4784 0.923537
0.918734  -69.467 0.923687
0.918884 -69.4556 0.923837
0.919035 -69.4442 0.923987
0.919185 -69.4328 0.924137
0.919335 -69.4215 0.924287
0.919485 -69.4101 0.924287
0.919635 -69.3987 0.924437
0.919785 -69.3874 0.924587
0.919935  -69.376 0.924737
0.920085 -69.3646 0.924887
0.920235 -69.3533 0.925038
0.920385 -69.3419 0.925188
0.920535 -69.3306 0.925338
0.920685 -69.3192 0.925488
0.920835 -69.3079 0.925638
0.920985 -69.2966 0.925788
0.921136 -69.2852 0.925938
0.921286 -69.2739 0.926088
0.921436 -69.2626 0.926238
0.921586 -69.2512 0.926388
0.921736 -69.2399 0.926538
0.921886 -69.2286 0.926688
0.922036 -69.2173 0.926688
0.922186  -69.206 0.926838
0.922336 -69.1947 0.926988
0.922486 -69.1834 0.927139
0.922636 -69.1721 0.927289
0.922786 -69.1608 0.927439
0.922936 -69.1495 0.927589
0.923087 -69.1382 0.927739
0.923237  -69.127 0.927889
0.923387 -69.1157 0.928039
0.923537 -69.1044 0.928189
0.923687 -69.0931 0.928339
0.923837 -69.0819 0.928489
0.923987 -69.0706 0.928639
0.924137 -69.0593 0.928789
0.924287 -69.0481 0.928939
0.924437 -69.0368 0.928939
0.924587 -69.0256  0.92909
0.924737 -69.0143  0.92924
0.924887 -69.0031  0.92939
0.925038 -68.9919  0.92954
0.925188 -68.9806  0.92969
0.925338 -68.9694  0.92984
0.925488 -68.9582  0.92999
0.925638 -68.9469  0.93014
0.925788 -68.9357  0.93029
0.925938 -68.9245  0.93044
0.926088 -68.9133  0.93059
0.926238 -68.9021  0.93074
0.926388 -68.8909  0.93089
0.926538 -68.8797 0.931041
0.926688 -68.8685 0.931191
0.926838 -68.8573 0.931341
0.926988 -68.8461 0.931341
0.927139 -68.8349 0.931491
0.927289 -68.8237 0.931641
0.927439 -68.8125 0.931791
0.927589 -68.8014 0.931941
0.927739 -68.7902 0.932091
0.927889  -68.779 0.932241
0.928039 -68.7678 0.932391
0.928189 -68.7567 0.932541
0.928339 -68.7455 0.932691
0.928489 -68.7344 0.932841
0.928639 -68.7232 0.932991
0.928789 -68.7121 0.933142
0.928939 -68.7009 0.933292
 0.92909 -68.6898 0.933442
 0.92924 -68.6786 0.933592
 0.92939 -68.6675 0.933742
 0.92954 -68.6564 0.933892
 0.92969 -68.6453 0.933892
 0.92984 -68.6341 0.934042
 0.92999  -68.623 0.934192
 0.93014 -68.6119 0.934342
 0.93029 -68.6008 0.934492
 0.93044 -68.5897 0.934642
 0.93059 -68.5786 0.934792
 0.93074 -68.5674 0.934942
 0.93089 -68.5563 0.935093
0.931041 -68.5453 0.935243
0.931191 -68.5342 0.935393
0.931341 -68.5231 0.935543
0.931491  -68.512 0.935693
0.931641 -68.5009 0.935843
0.931791 -68.4898 0.935993
0.931941 -68.4787 0.936143
0.932091 -68.4677 0.936293
0.932241 -68.4566 0.936443
0.932391 -68.4455 0.936443
0.932541 -68.4345 0.936593
0.932691 -68.4234 0.936743
0.932841 -68.4124 0.936893
0.932991 -68.4013 0.937044
0.933142 -68.3903 0.937194
0.933292 -68.3792 0.937344
0.933442 -68.3682 0.937494
0.933592 -68.3571 0.937644
0.933742 -68.3461 0.937794
0.933892 -68.3351 0.937944
0.934042  -68.324 0.938094
0.934192  -68.313 0.938244
0.934342  -68.302 0.938394
0.934492  -68.291 0.938544
0.934642   -68.28 0.938694
0.934792  -68.269 0.938844
0.934942 -68.2579 0.938994
0.935093 -68.2469 0.938994
0.935243 -68.2359 0.939145
0.935393 -68.2249 0.939295
0.935543  -68.214 0.939445
0.935693  -68.203 0.939595
0.935843  -68.192 0.939745
0.935993  -68.181 0.939895
0.936143   -68.17 0.940045
0.936293  -68.159 0.940195
0.936443 -68.1481 0.940345
0.936593 -68.1371 0.940495
0.936743 -68.1261 0.940645
0.936893 -68.1152 0.940795
0.937044 -68.1042 0.940945
0.937194 -68.0932 0.941096
0.937344 -68.0823 0.941246
0.937494 -68.0713 0.941396
0.937644 -68.0604 0.941546
0.937794 -68.0495 0.941546
0.937944 -68.0385 0.941696
0.938094 -68.0276 0.941846
0.938244 -68.0166 0.941996
0.938394 -68.0057 0.942146
0.938544 -67.9948 0.942296
0.938694 -67.9839 0.942446
0.938844 -67.9729 0.942596
0.938994  -67.962 0.942746
0.939145 -67.9511 0.942896
0.939295 -67.9402 0.943047
0.939445 -67.9293 0.943197
0.939595 -67.9184 0.943347
0.939745 -67.9075 0.943497
0.939895 -67.8966 0.943647
0.940045 -67.8857 0.943797
0.940195 -67.8748 0.943947
0.940345 -67.8639 0.944097
0.940495 -67.8531 0.944247
0.940645 -67.8422 0.944247
0.940795 -67.8313 0.944397
0.940945 -67.8204 0.944547
0.941096 -67.8096 0.944697
0.941246 -67.7987 0.944847
0.941396 -67.7878 0.944997
0.941546  -67.777 0.945148
0.941696 -67.7661 0.945298
0.941846 -67.7553 0.945448
0.941996 -67.7444 0.945598
0.942146 -67.7336 0.945748
0.942296 -67.7227 0.945898
0.942446 -67.7119 0.946048
0.942596  -67.701 0.946198
0.942746 -67.6902 0.946348
0.942896 -67.6794 0.946498
0.943047 -67.6686 0.946648
0.943197 -67.6577 0.946798
0.943347 -67.6469 0.946948
0.943497 -67.6361 0.946948
0.943647 -67.6253 0.947099
0.943797 -67.6145 0.947249
0.943947 -67.6037 0.947399
0.944097 -67.5929 0.947549
0.944247 -67.5821 0.947699
0.944397 -67.5713 0.947849
0.944547 -67.5605 0.947999
0.944697 -67.5497 0.948149
0.944847 -67.5389 0.948299
0.944997 -67.5281 0.948449
0.945148 -67.5173 0.948599
0.945298 -67.5066 0.948749
0.945448 -67.4958 0.948899
0.945598  -67.485  0.94905
0.945748 -67.4742   0.9492
0.945898 -67.4635  0.94935
0.946048 -67.4527   0.9495
0.946198  -67.442  0.94965
0.946348 -67.4312   0.9498
0.946498 -67.4205   0.9498
0.946648 -67.4097  0.94995
0.946798  -67.399   0.9501
0.946948 -67.3882  0.95025
0.947099 -67.3775   0.9504
0.947249 -67.3667  0.95055
0.947399  -67.356   0.9507
0.947549 -67.3453  0.95085
0.947699 -67.3346 0.951001
0.947849 -67.3238 0.951151
0.947999 -67.3131 0.951301
0.948149 -67.3024 0.951451
0.948299 -67.2917 0.951601
0.948449  -67.281 0.951751
0.948599 -67.2703 0.951901
0.948749 -67.2596 0.952051
0.948899 -67.2489 0.952201
 0.94905 -67.2382 0.952351
  0.9492 -67.2275 0.952501
 0.94935 -67.2168 0.952501
  0.9495 -67.2061 0.952651
 0.94965 -67.1954 0.952801
  0.9498 -67.1847 0.952951
 0.94995 -67.1741 0.953102
  0.9501 -67.1634 0.953252
 0.95025 -67.1527 0.953402
  0.9504  -67.142 0.953552
 0.95055 -67.1314 0.953702
  0.9507 -67.1207 0.953852
 0.95085 -67.1101 0.954002
0.951001 -67.0994 0.954152
0.951151 -67.0888 0.954302
0.951301 -67.0781 0.954452
0.951451 -67.0675 0.954602
0.951601 -67.0568 0.954752
0.951751 -67.0462 0.954902
0.951901 -67.0355 0.955053
0.952051 -67.0249 0.955203
0.952201 -67.0143 0.955203
0.952351 -67.0037 0.955353
0.952501  -66.993 0.955503
0.952651 -66.9824 0.955653
0.952801 -66.9718 0.955803
0.952951 -66.9612 0.955953
0.953102 -66.9506 0.956103
0.953252   -66.94 0.956253
0.953402 -66.9294 0.956403
0.953552 -66.9188 0.956553
0.953702 -66.9082 0.956703
0.953852 -66.8976 0.956853
0.954002  -66.887 0.957004
0.954152 -66.8764 0.957154
0.954302 -66.8658 0.957304
0.954452 -66.8552 0.957454
0.954602 -66.8446 0.957604
0.954752 -66.8341 0.957754
0.954902 -66.8235 0.957904
0.955053 -66.8129 0.958054
0.955203 -66.8023 0.958054
0.955353 -66.7918 0.958204
0.955503 -66.7812 0.958354
0.955653 -66.7707 0.958504
0.955803 -66.7601 0.958654
0.955953 -66.7496 0.958804
0.956103  -66.739 0.958954
0.956253 -66.7285 0.959105
0.956403 -66.7179 0.959255
0.956553 -66.7074 0.959405
0.956703 -66.6969 0.959555
0.956853 -66.6863 0.959705
0.957004 -66.6758 0.959855
0.957154 -66.6653 0.960005
0.957304 -66.6547 0.960155
0.957454 -66.6442 0.960305
0.957604 -66.6337 0.960455
0.957754 -66.6232 0.960605
0.957904 -66.6127 0.960755
0.958054 -66.6022 0.960905
0.958204 -66.5917 0.960905
0.958354 -66.5812 0.961056
0.958504 -66.5707 0.961206
0.958654 -66.5602 0.961356
0.958804 -66.5497 0.961506
0.958954 -66.5392 0.961656
0.959105 -66.5287 0.961806
0.959255 -66.5182 0.961956
0.959405 -66.5077 0.962106
0.959555 -66.4973 0.962256
0.959705 -66.4868 0.962406
0.959855 -66.4763 0.962556
0.960005 -66.4659 0.962706
0.960155 -66.4554 0.962856
0.960305 -66.4449 0.963007
0.960455 -66.4345 0.963157
0.960605  -66.424 0.963307
0.960755 -66.4136 0.963457
0.960905 -66.4031 0.963607
0.961056 -66.3927 0.963757
0.961206 -66.3822 0.963757
0.961356 -66.3718 0.963907
0.961506 -66.3614 0.964057
0.961656 -66.3509 0.964207
0.961806 -66.3405 0.964357
0.961956 -66.3301 0.964507
0.962106 -66.3196 0.964657
0.962256 -66.3092 0.964807
0.962406 -66.2988 0.964957
0.962556 -66.2884 0.965108
0.962706  -66.278 0.965258
0.962856 -66.2676 0.965408
0.963007 -66.2572 0.965558
0.963157 -66.2468 0.965708
0.963307 -66.2364 0.965858
0.963457  -66.226 0.966008
0.963607 -66.2156 0.966158
0.963757 -66.2052 0.966308
0.963907 -66.1948 0.966458
0.964057 -66.1844 0.966608
0.964207  -66.174 0.966608
0.964357 -66.1636 0.966758
0.964507 -66.1533 0.966908
0.964657 -66.1429 0.967059
0.964807 -66.1325 0.967209
0.964957 -66.1222 0.967359
0.965108 -66.1118 0.967509
0.965258 -66.1014 0.967659
0.965408 -66.0911 0.967809
0.965558 -66.0807 0.967959
0.965708 -66.0704 0.968109
0.965858   -66.06 0.968259
0.966008 -66.0497 0.968409
0.966158 -66.0393 0.968559
0.966308  -66.029 0.968709
0.966458 -66.0187 0.968859
0.966608 -66.0083  0.96901
0.966758  -65.998  0.96916
0.966908 -65.9877  0.96931
0.967059 -65.9773  0.96946
0.967209  -65.967  0.96961
0.967359 -65.9567  0.96961
0.967509 -65.9464  0.96976
0.967659 -65.9361  0.96991
0.967809 -65.9258  0.97006
0.967959 -65.9155  0.97021
0.968109 -65.9052  0.97036
0.968259 -65.8949  0.97051
0.968409 -65.8846  0.97066
0.968559 -65.8743  0.97081
0.968709  -65.864  0.97096
0.968859 -65.8537 0.971111
 0.96901 -65.8434 0.971261
 0.96916 -65.8331 0.971411
 0.96931 -65.8228 0.971561
 0.96946 -65.8126 0.971711
 0.96961 -65.8023 0.971861
 0.96976  -65.792 0.972011
 0.96991 -65.7817 0.972161
 0.97006 -65.7715 0.972311
 0.97021 -65.7612 0.972461
 0.97036  -65.751 0.972461
 0.97051 -65.7407 0.972611
 0.97066 -65.7305 0.972761
 0.97081 -65.7202 0.972911
 0.97096   -65.71 0.973062
0.971111 -65.6997 0.973212
0.971261 -65.6895 0.973362
0.971411 -65.6792 0.973512
0.971561  -65.669 0.973662
0.971711 -65.6588 0.973812
0.971861 -65.6485 0.973962
0.972011 -65.6383 0.974112
0.972161 -65.6281 0.974262
0.972311 -65.6179 0.974412
0.972461 -65.6077 0.974562
0.972611 -65.5974 0.974712
0.972761 -65.5872 0.974862
0.972911  -65.577 0.975013
0.973062 -65.5668 0.975163
0.973212 -65.5566 0.975313
0.973362 -65.5464 0.975463
0.973512 -65.5362 0.975463
0.973662  -65.526 0.975613
0.973812 -65.5158 0.975763
0.973962 -65.5056 0.975913
0.974112 -65.4955 0.976063
0.974262 -65.4853 0.976213
0.974412 -65.4751 0.976363
0.974562 -65.4649 0.976513
0.974712 -65.4547 0.976663
0.974862 -65.4446 0.976813
0.975013 -65.4344 0.976963
0.975163 -65.4242 0.977114
0.975313 -65.4141 0.977264
0.975463 -65.4039 0.977414
0.975613 -65.3938 0.977564
0.975763 -65.3836 0.977714
0.975913 -65.3735 0.977864
0.976063 -65.3633 0.978014
0.976213 -65.3532 0.978164
0.976363  -65.343 0.978314
0.976513 -65.3329 0.978464
0.976663 -65.3228 0.978464
0.976813 -65.3126 0.978614
0.976963 -65.3025 0.978764
0.977114 -65.2924 0.978914
0.977264 -65.2822 0.979065
0.977414 -65.2721 0.979215
0.977564  -65.262 0.979365
0.977714 -65.2519 0.979515
0.977864 -65.2418 0.979665
0.978014 -65.2317 0.979815
0.978164 -65.2216 0.979965
0.978314 -65.2115 0.980115
0.978464 -65.2014 0.980265
0.978614 -65.1913 0.980415
0.978764 -65.1812 0.980565
0.978914 -65.1711 0.980715
0.979065  -65.161 0.980865
0.979215 -65.1509 0.981016
0.979365 -65.1408 0.981166
0.979515 -65.1307 0.981316
0.979665 -65.1207 0.981316
0.979815 -65.1106 0.981466
0.979965 -65.1005 0.981616
0.980115 -65.0904 0.981766
0.980265 -65.0804 0.981916
0.980415 -65.0703 0.982066
0.980565 -65.0603 0.982216
0.980715 -65.0502 0.982366
0.980865 -65.0401 0.982516
0.981016 -65.0301 0.982666
0.981166   -65.02 0.982816
0.981316   -65.01 0.982966
0.981466      -65 0.983117
0.981616 -64.9899 0.983267
0.981766 -64.9799 0.983417
0.981916 -64.9698 0.983567
0.982066 -64.9598 0.983717
0.982216 -64.9498 0.983867
0.982366 -64.9398 0.984017
0.982516 -64.9297 0.984167
0.982666 -64.9197 0.984317
0.982816 -64.9097 0.984317
0.982966 -64.8997 0.984467
0.983117 -64.8897 0.984617
0.983267 -64.8797 0.984767
0.983417 -64.8697 0.984917
0.983567 -64.8597 0.985068
0.983717 -64.8497 0.985218
0.983867 -64.8397 0.985368
0.984017 -64.8297 0.985518
0.984167 -64.8197 0.985668
0.984317 -64.8097 0.985818
0.984467 -64.7997 0.985968
0.984617 -64.7897 0.986118
0.984767 -64.7797 0.986268
0.984917 -64.7698 0.986418
0.985068 -64.7598 0.986568
0.985218 -64.7498 0.986718
0.985368 -64.7398 0.986868
0.985518 -64.7299 0.987019
0.985668 -64.7199 0.987169
0.985818   -64.71 0.987319
0.985968    -64.7 0.987319
0.986118   -64.69 0.987469
0.986268 -64.6801 0.987619
0.986418 -64.6701 0.987769
0.986568 -64.6602 0.987919
0.986718 -64.6502 0.988069
0.986868 -64.6403 0.988219
0.987019 -64.6304 0.988369
0.987169 -64.6204 0.988519
0.987319 -64.6105 0.988669
0.987469 -64.6006 0.988819
0.987619 -64.5906 0.988969
0.987769 -64.5807  0.98912
0.987919 -64.5708  0.98927
0.988069 -64.5609  0.98942
0.988219  -64.551  0.98957
0.988369 -64.5411  0.98972
0.988519 -64.5311  0.98987
0.988669 -64.5212  0.99002
0.988819 -64.5113  0.99017
0.988969 -64.5014  0.99032
 0.98912 -64.4915  0.99032
 0.98927 -64.4816  0.99047
 0.98942 -64.4717  0.99062
 0.98957 -64.4619  0.99077
 0.98972  -64.452  0.99092
 0.98987 -64.4421 0.991071
 0.99002 -64.4322 0.991221
 0.99017 -64.4223 0.991371
 0.99032 -64.4124 0.991521
 0.99047 -64.4026 0.991671
 0.99062 -64.3927 0.991821
 0.99077 -64.3828 0.991971
 0.99092  -64.373 0.992121
0.991071 -64.3631 0.992271
0.991221 -64.3532 0.992421
0.991371 -64.3434 0.992571
0.991521 -64.3335 0.992721
0.991671 -64.3237 0.992871
0.991821 -64.3138 0.993022
0.991971  -64.304 0.993172
0.992121 -64.2941 0.993322
0.992271 -64.2843 0.993322
0.992421 -64.2745 0.993472
0.992571 -64.2646 0.993622
0.992721 -64.2548 0.993772
0.992871  -64.245 0.993922
0.993022 -64.2351 0.994072
0.993172 -64.2253 0.994222
0.993322 -64.2155 0.994372
0.993472 -64.2057 0.994522
0.993622 -64.1959 0.994672
0.993772 -64.1861 0.994822
0.993922 -64.1762 0.994972
0.994072 -64.1664 0.995123
0.994222 -64.1566 0.995273
0.994372 -64.1468 0.995423
0.994522  -64.137 0.995573
0.994672 -64.1272 0.995723
0.994822 -64.1174 0.995873
0.994972 -64.1077 0.996023
0.995123 -64.0979 0.996173
0.995273 -64.0881 0.996323
0.995423 -64.0783 0.996323
0.995573 -64.0685 0.996473
0.995723 -64.0587 0.996623
0.995873  -64.049 0.996773
0.996023 -64.0392 0.996923
0.996173 -64.0294 0.997074
0.996323 -64.0197 0.997224
0.996473 -64.0099 0.997374
0.996623 -64.0001 0.997524
0.996773 -63.9904 0.997674
0.996923 -63.9806 0.997824
0.997074 -63.9709 0.997974
0.997224 -63.9611 0.998124
0.997374 -63.9514 0.998274
0.997524 -63.9416 0.998424
0.997674 -63.9319 0.998574
0.997824 -63.9222 0.998724
0.997974 -63.9124 0.998874
0.998124 -63.9027 0.999025
0.998274  -63.893 0.999175
0.998424 -63.8832 0.999325
0.998574 -63.8735 0.999325
0.998724 -63.8638 0.999475
0.998874 -63.8541 0.999625
0.999025 -63.8444 0.999775
0.999175 -63.8346 0.999925
0.999325 -63.8249  1.00008
0.999475 -63.8152  1.00023
0.999625 -63.8055  1.00038
0.999775 -63.7958  1.00053
0.999925 -63.7861  1.00068
 1.00008 -63.7764  1.00083
 1.00023 -63.7667  1.00098
 1.00038  -63.757  1.00113
 1.00053 -63.7473  1.00128
 1.00068 -63.7376  1.00143
 1.00083  -63.728  1.00158
 1.00098 -63.7183  1.00173
 1.00113 -63.7086  1.00188
 1.00128 -63.6989  1.00203
 1.00143 -63.6893  1.00218
 1.00158 -63.6796  1.00233
 1.00173 -63.6699  1.00233
 1.00188 -63.6603  1.00248
 1.00203 -63.6506  1.00263
 1.00218 -63.6409  1.00278
 1.00233 -63.6313  1.00293
 1.00248 -63.6216  1.00308
 1.00263  -63.612  1.00323
 1.00278 -63.6023  1.00338
 1.00293 -63.5927  1.00353
 1.00308  -63.583  1.00368
 1.00323 -63.5734  1.00383
 1.00338 -63.5638  1.00398
 1.00353 -63.5541  1.00413
 1.00368 -63.5445  1.00428
 1.00383 -63.5349  1.00443
 1.00398 -63.5252  1.00458
 1.00413 -63.5156  1.00473
 1.00428  -63.506  1.00488
 1.00443 -63.4964  1.00503
 1.00458 -63.4867  1.00518
 1.00473 -63.4771  1.00533
 1.00488 -63.4675  1.00533
 1.00503 -63.4579  1.00548
 1.00518 -63.4483  1.00563
 1.00533 -63.4387  1.00578
 1.00548 -63.4291  1.00593
 1.00563 -63.4195  1.00608
 1.00578 -63.4099  1.00623
 1.00593 -63.4003  1.00638
 1.00608 -63.3907  1.00653
 1.00623 -63.3811  1.00668
 1.00638 -63.3716  1.00683
 1.00653  -63.362  1.00698
 1.00668 -63.3524  1.00713
 1.00683 -63.3428  1.00728
 1.00698 -63.3332  1.00743
 1.00713 -63.3237  1.00758
 1.00728 -63.3141  1.00773
 1.00743 -63.3045  1.00788
 1.00758  -63.295  1.00803
 1.00773 -63.2854  1.00818
 1.00788 -63.2759  1.00833
 1.00803 -63.2663  1.00833
 1.00818 -63.2568  1.00848
 1.00833 -63.2472  1.00863
 1.00848 -63.2377  1.00878
 1.00863 -63.2281  1.00893
 1.00878 -63.2186  1.00908
 1.00893  -63.209  1.00923
 1.00908 -63.1995  1.00938
 1.00923   -63.19  1.00953
 1.00938 -63.1804  1.00968
 1.00953 -63.1709  1.00983
 1.00968 -63.1614  1.00998
 1.00983 -63.1518  1.01013
 1.00998 -63.1423  1.01028
 1.01013 -63.1328  1.01043
 1.01028 -63.1233  1.01058
 1.01043 -63.1138  1.01073
 1.01058 -63.1043  1.01088
 1.01073 -63.0948  1.01103
 1.01088 -63.0853  1.01118
 1.01103 -63.0758  1.01118
 1.01118 -63.0663  1.01133
 1.01133 -63.0568  1.01148
 1.01148 -63.0473  1.01163
 1.01163 -63.0378  1.01178
 1.01178 -63.0283  1.01193
 1.01193 -63.0188  1.01208
 1.01208 -63.0093  1.01223
 1.01223 -62.9998  1.01238
 1.01238 -62.9904  1.01253
 1.01253 -62.9809  1.01268
 1.01268 -62.9714  1.01283
 1.01283 -62.9619  1.01298
 1.01298 -62.9525  1.01313
 1.01313  -62.943  1.01328
 1.01328 -62.9335  1.01343
 1.01343 -62.9241  1.01358
 1.01358 -62.9146  1.01373
 1.01373 -62.9052  1.01388
 1.01388 -62.8957  1.01403
 1.01403 -62.8863  1.01418
 1.01418 -62.8768  1.01418
 1.01433 -62.8674  1.01433
 1.01448 -62.8579  1.01448
 1.01463 -62.8485  1.01463
 1.01478 -62.8391  1.01478
 1.01493 -62.8296  1.01493
 1.01508 -62.8202  1.01508
 1.01523 -62.8108  1.01523
 1.01538 -62.8013  1.01538
 1.01553 -62.7919  1.01553
 1.01568 -62.7825  1.01568
 1.01583 -62.7731  1.01583
 1.01598 -62.7637  1.01598
 1.01613 -62.7542  1.01613
 1.01628 -62.7448  1.01628
 1.01643 -62.7354  1.01643
 1.01658  -62.726  1.01658
 1.01673 -62.7166  1.01673
 1.01688 -62.7072  1.01688
 1.01703 -62.6978  1.01703
 1.01718 -62.6884  1.01718
 1.01733  -62.679  1.01718
 1.01748 -62.6697  1.01733
 1.01763 -62.6603  1.01748
 1.01778 -62.6509  1.01763
 1.01793 -62.6415  1.01778
 1.01808 -62.6321  1.01793
 1.01823 -62.6227  1.01808
 1.01838 -62.6134  1.01823
 1.01853  -62.604  1.01838
 1.01868 -62.5946  1.01853
 1.01883 -62.5853  1.01868
 1.01898 -62.5759  1.01883
 1.01913 -62.5665  1.01898
 1.01928 -62.5572  1.01913
 1.01943 -62.5478  1.01928
 1.01958 -62.5385  1.01943
 1.01973 -62.5291  1.01958
 1.01988 -62.5198  1.01973
 1.02004 -62.5104  1.01988
 1.02019 -62.5011  1.02004
 1.02034 -62.4917  1.02004
 1.02049 -62.4824  1.02019
 1.02064 -62.4731  1.02034
 1.02079 -62.4637  1.02049
 1.02094 -62.4544  1.02064
 1.02109 -62.4451  1.02079
 1.02124 -62.4358  1.02094
 1.02139 -62.4264  1.02109
 1.02154 -62.4171  1.02124
 1.02169 -62.4078  1.02139
 1.02184 -62.3985  1.02154
 1.02199 -62.3892  1.02169
 1.02214 -62.3799  1.02184
 1.02229 -62.3705  1.02199
 1.02244 -62.3612  1.02214
 1.02259 -62.3519  1.02229
 1.02274 -62.3426  1.02244
 1.02289 -62.3333  1.02259
 1.02304 -62.3241  1.02274
 1.02319 -62.3148  1.02289
 1.02334 -62.3055  1.02304
 1.02349 -62.2962  1.02304
 1.02364 -62.2869  1.02319
 1.02379 -62.2776  1.02334
 1.02394 -62.2683  1.02349
 1.02409 -62.2591  1.02364
 1.02424 -62.2498  1.02379
 1.02439 -62.2405  1.02394
 1.02454 -62.2313  1.02409
 1.02469  -62.222  1.02424
 1.02484 -62.2127  1.02439
 1.02499 -62.2035  1.02454
 1.02514 -62.1942  1.02469
 1.02529  -62.185  1.02484
 1.02544 -62.1757  1.02499
 1.02559 -62.1664  1.02514
 1.02574 -62.1572  1.02529
 1.02589  -62.148  1.02544
 1.02604 -62.1387  1.02559
 1.02619 -62.1295  1.02574
 1.02634 -62.1202  1.02589
 1.02649  -62.111  1.02589
 1.02664 -62.1018  1.02604
 1.02679 -62.0925  1.02619
 1.02694 -62.0833  1.02634
 1.02709 -62.0741  1.02649
 1.02724 -62.0649  1.02664
 1.02739 -62.0556  1.02679
 1.02754 -62.0464  1.02694
 1.02769 -62.0372  1.02709
 1.02784  -62.028  1.02724
 1.02799 -62.0188  1.02739
 1.02814 -62.0096  1.02754
 1.02829 -62.0004  1.02769
 1.02844 -61.9912  1.02784
 1.02859  -61.982  1.02799
 1.02874 -61.9728  1.02814
 1.02889 -61.9636  1.02829
 1.02904 -61.9544  1.02844
 1.02919 -61.9452  1.02859
 1.02934  -61.936  1.02874
 1.02949 -61.9268  1.02889
 1.02964 -61.9176  1.02889
 1.02979 -61.9085  1.02904
 1.02994 -61.8993  1.02919
 1.03009 -61.8901  1.02934
 1.03024 -61.8809  1.02949
 1.03039 -61.8718  1.02964
 1.03054 -61.8626  1.02979
 1.03069 -61.8534  1.02994
 1.03084 -61.8443  1.03009
 1.03099 -61.8351  1.03024
 1.03114  -61.826  1.03039
 1.03129 -61.8168  1.03054
 1.03144 -61.8077  1.03069
 1.03159 -61.7985  1.03084
 1.03174 -61.7894  1.03099
 1.03189 -61.7802  1.03114
 1.03204 -61.7711  1.03129
 1.03219 -61.7619  1.03144
 1.03234 -61.7528  1.03159
 1.03249 -61.7437  1.03174
 1.03264 -61.7345  1.03174
 1.03279 -61.7254  1.03189
 1.03294 -61.7163  1.03204
 1.03309 -61.7072  1.03219
 1.03324  -61.698  1.03234
 1.03339 -61.6889  1.03249
 1.03354 -61.6798  1.03264
 1.03369 -61.6707  1.03279
 1.03384 -61.6616  1.03294
 1.03399 -61.6525  1.03309
 1.03414 -61.6434  1.03324
 1.03429 -61.6343  1.03339
 1.03444 -61.6252  1.03354
 1.03459 -61.6161  1.03369
 1.03474  -61.607  1.03384
 1.03489 -61.5979  1.03399
 1.03504 -61.5888  1.03414
 1.03519 -61.5797  1.03429
 1.03534 -61.5706  1.03444
 1.03549 -61.5615  1.03459
 1.03564 -61.5524  1.03459
 1.03579 -61.5434  1.03474
 1.03594 -61.5343  1.03489
 1.03609 -61.5252  1.03504
 1.03624 -61.5161  1.03519
 1.03639 -61.5071  1.03534
 1.03654  -61.498  1.03549
 1.03669 -61.4889  1.03564
 1.03684 -61.4799  1.03579
 1.03699 -61.4708  1.03594
 1.03714 -61.4618  1.03609
 1.03729 -61.4527  1.03624
 1.03744 -61.4437  1.03639
 1.03759 -61.4346  1.03654
 1.03774 -61.4256  1.03669
 1.03789 -61.4165  1.03684
 1.03804 -61.4075  1.03699
 1.03819 -61.3984  1.03714
 1.03834 -61.3894  1.03729
 1.03849 -61.3804  1.03729
 1.03864 -61.3713  1.03744
 1.03879 -61.3623  1.03759
 1.03894 -61.3533  1.03774
 1.03909 -61.3443  1.03789
 1.03924 -61.3352  1.03804
 1.03939 -61.3262  1.03819
 1.03954 -61.3172  1.03834
 1.03969 -61.3082  1.03849
 1.03984 -61.2992  1.03864
 1.03999 -61.2902  1.03879
 1.04015 -61.2812  1.03894
  1.0403 -61.2721  1.03909
 1.04045 -61.2631  1.03924
  1.0406 -61.2541  1.03939
 1.04075 -61.2451  1.03954
  1.0409 -61.2362  1.03969
 1.04105 -61.2272  1.03984
  1.0412 -61.2182  1.03999
 1.04135 -61.2092  1.04015
  1.0415 -61.2002  1.04015
 1.04165 -61.1912   1.0403
  1.0418 -61.1822  1.04045
 1.04195 -61.1733   1.0406
  1.0421 -61.1643  1.04075
 1.04225 -61.1553   1.0409
  1.0424 -61.1463  1.04105
 1.04255 -61.1374   1.0412
  1.0427 -61.1284  1.04135
 1.04285 -61.1195   1.0415
   1.043 -61.1105  1.04165
 1.04315 -61.1015   1.0418
  1.0433 -61.0926  1.04195
 1.04345 -61.0836   1.0421
  1.0436 -61.0747  1.04225
 1.04375 -61.0657   1.0424
  1.0439 -61.0568  1.04255
 1.04405 -61.0478   1.0427
  1.0442 -61.0389  1.04285
 1.04435   -61.03    1.043
  1.0445  -61.021    1.043
 1.04465 -61.0121  1.04315
  1.0448 -61.0032   1.0433
 1.04495 -60.9942  1.04345
  1.0451 -60.9853   1.0436
 1.04525 -60.9764  1.04375
  1.0454 -60.9675   1.0439
 1.04555 -60.9586  1.04405
  1.0457 -60.9496   1.0442
 1.04585 -60.9407  1.04435
   1.046 -60.9318   1.0445
 1.04615 -60.9229  1.04465
  1.0463  -60.914   1.0448
 1.04645 -60.9051  1.04495
  1.0466 -60.8962   1.0451
 1.04675 -60.8873  1.04525
  1.0469 -60.8784   1.0454
 1.04705 -60.8695  1.04555
  1.0472 -60.8606   1.0457
 1.04735 -60.8517   1.0457
  1.0475 -60.8428  1.04585
 1.04765  -60.834    1.046
  1.0478 -60.8251  1.04615
 1.04795 -60.8162   1.0463
  1.0481 -60.8073  1.04645
 1.04825 -60.7985   1.0466
  1.0484 -60.7896  1.04675
 1.04855 -60.7807   1.0469
  1.0487 -60.7718  1.04705
 1.04885  -60.763   1.0472
   1.049 -60.7541  1.04735
 1.04915 -60.7453   1.0475
  1.0493 -60.7364  1.04765
 1.04945 -60.7276   1.0478
  1.0496 -60.7187  1.04795
 1.04975 -60.7099   1.0481
  1.0499  -60.701  1.04825
 1.05005 -60.6922   1.0484
  1.0502 -60.6833   1.0484
 1.05035 -60.6745  1.04855
  1.0505 -60.6656   1.0487
 1.05065 -60.6568  1.04885
  1.0508  -60.648    1.049
 1.05095 -60.6391  1.04915
  1.0511 -60.6303   1.0493
 1.05125 -60.6215  1.04945
  1.0514 -60.6127   1.0496
 1.05155 -60.6039  1.04975
  1.0517  -60.595   1.0499
 1.05185 -60.5862  1.05005
   1.052 -60.5774   1.0502
 1.05215 -60.5686  1.05035
  1.0523 -60.5598   1.0505
 1.05245  -60.551  1.05065
  1.0526 -60.5422   1.0508
 1.05275 -60.5334  1.05095
  1.0529 -60.5246   1.0511
 1.05305 -60.5158   1.0511
  1.0532  -60.507  1.05125
 1.05335 -60.4982   1.0514
  1.0535 -60.4894  1.05155
 1.05365 -60.4806   1.0517
  1.0538 -60.4718  1.05185
 1.05395 -60.4631    1.052
  1.0541 -60.4543  1.05215
 1.05425 -60.4455   1.0523
  1.0544 -60.4367  1.05245
 1.05455  -60.428   1.0526
  1.0547 -60.4192  1.05275
 1.05485 -60.4104   1.0529
   1.055 -60.4017  1.05305
 1.05515 -60.3929   1.0532
  1.0553 -60.3841  1.05335
 1.05545 -60.3754   1.0535
  1.0556 -60.3666  1.05365
 1.05575 -60.3579   1.0538
  1.0559 -60.3491   1.0538
 1.05605 -60.3404  1.05395
  1.0562 -60.3316   1.0541
 1.05635 -60.3229  1.05425
  1.0565 -60.3142   1.0544
 1.05665 -60.3054  1.05455
  1.0568 -60.2967   1.0547
 1.05695  -60.288  1.05485
  1.0571 -60.2792    1.055
 1.05725 -60.2705  1.05515
  1.0574 -60.2618   1.0553
 1.05755  -60.253  1.05545
  1.0577 -60.2443   1.0556
 1.05785 -60.2356  1.05575
   1.058 -60.2269   1.0559
 1.05815 -60.2182  1.05605
  1.0583 -60.2095   1.0562
 1.05845 -60.2008  1.05635
  1.0586 -60.1921  1.05635
 1.05875 -60.1833   1.0565
  1.0589 -60.1746  1.05665
 1.05905 -60.1659   1.0568
  1.0592 -60.1573  1.05695
 1.05935 -60.1486   1.0571
  1.0595 -60.1399  1.05725
 1.05965 -60.1312   1.0574
  1.0598 -60.1225  1.05755
 1.05995 -60.1138   1.0577
 1.06011 -60.1051  1.05785
 1.06026 -60.0964    1.058
 1.06041 -60.0878  1.05815
 1.06056 -60.0791   1.0583
 1.06071 -60.0704  1.05845
 1.06086 -60.0618   1.0586
 1.06101 -60.0531  1.05875
 1.06116 -60.0444   1.0589
 1.06131 -60.0358   1.0589
 1.06146 -60.0271  1.05905
 1.06161 -60.0184   1.0592
 1.06176 -60.0098  1.05935
 1.06191 -60.0011   1.0595
 1.06206 -59.9925  1.05965
 1.06221 -59.9838   1.0598
 1.06236 -59.9752  1.05995
 1.06251 -59.9665  1.06011
 1.06266 -59.9579  1.06026
 1.06281 -59.9493  1.06041
 1.06296 -59.9406  1.06056
 1.06311  -59.932  1.06071
 1.06326 -59.9234  1.06086
 1.06341 -59.9147  1.06101
 1.06356 -59.9061  1.06116
 1.06371 -59.8975  1.06131
 1.06386 -59.8889  1.06131
 1.06401 -59.8803  1.06146
 1.06416 -59.8716  1.06161
 1.06431  -59.863  1.06176
 1.06446 -59.8544  1.06191
 1.06461 -59.8458  1.06206
 1.06476 -59.8372  1.06221
 1.06491 -59.8286  1.06236
 1.06506   -59.82  1.06251
 1.06521 -59.8114  1.06266
 1.06536 -59.8028  1.06281
 1.06551 -59.7942  1.06296
 1.06566 -59.7856  1.06311
 1.06581  -59.777  1.06326
 1.06596 -59.7684  1.06341
 1.06611 -59.7598  1.06356
 1.06626 -59.7513  1.06371
 1.06641 -59.7427  1.06386
 1.06656 -59.7341  1.06386
 1.06671 -59.7255  1.06401
 1.06686  -59.717  1.06416
 1.06701 -59.7084  1.06431
 1.06716 -59.6998  1.06446
 1.06731 -59.6912  1.06461
 1.06746 -59.6827  1.06476
 1.06761 -59.6741  1.06491
 1.06776 -59.6656  1.06506
 1.06791  -59.657  1.06521
 1.06806 -59.6485  1.06536
 1.06821 -59.6399  1.06551
 1.06836 -59.6314  1.06566
 1.06851 -59.6228  1.06581
 1.06866 -59.6143  1.06596
 1.06881 -59.6057  1.06611
 1.06896 -59.5972  1.06626
 1.06911 -59.5886  1.06626
 1.06926 -59.5801  1.06641
 1.06941 -59.5716  1.06656
 1.06956  -59.563  1.06671
 1.06971 -59.5545  1.06686
 1.06986  -59.546  1.06701
 1.07001 -59.5375  1.06716
 1.07016  -59.529  1.06731
 1.07031 -59.5204  1.06746
 1.07046 -59.5119  1.06761
 1.07061 -59.5034  1.06776
 1.07076 -59.4949  1.06791
 1.07091 -59.4864  1.06806
 1.07106 -59.4779  1.06821
 1.07121 -59.4694  1.06836
 1.07136 -59.4609  1.06851
 1.07151 -59.4524  1.06866
 1.07166 -59.4439  1.06866
 1.07181 -59.4354  1.06881
 1.07196 -59.4269  1.06896
 1.07211 -59.4184  1.06911
 1.07226 -59.4099  1.06926
 1.07241 -59.4014  1.06941
 1.07256  -59.393  1.06956
 1.07271 -59.3845  1.06971
 1.07286  -59.376  1.06986
 1.07301 -59.3675  1.07001
 1.07316 -59.3591  1.07016
 1.07331 -59.3506  1.07031
 1.07346 -59.3421  1.07046
 1.07361 -59.3337  1.07061
 1.07376 -59.3252  1.07076
 1.07391 -59.3167  1.07091
 1.07406 -59.3083  1.07106
 1.07421 -59.2998  1.07106
 1.07436 -59.2914  1.07121
 1.07451 -59.2829  1.07136
 1.07466 -59.2745  1.07151
 1.07481  -59.266  1.07166
 1.07496 -59.2576  1.07181
 1.07511 -59.2491  1.07196
 1.07526 -59.2407  1.07211
 1.07541 -59.2323  1.07226
 1.07556 -59.2238  1.07241
 1.07571 -59.2154  1.07256
 1.07586  -59.207  1.07271
 1.07601 -59.1985  1.07286
 1.07616 -59.1901  1.07301
 1.07631 -59.1817  1.07316
 1.07646 -59.1733  1.07331
 1.07661 -59.1649  1.07331
 1.07676 -59.1564  1.07346
 1.07691  -59.148  1.07361
 1.07706 -59.1396  1.07376
 1.07721 -59.1312  1.07391
 1.07736 -59.1228  1.07406
 1.07751 -59.1144  1.07421
 1.07766  -59.106  1.07436
 1.07781 -59.0976  1.07451
 1.07796 -59.0892  1.07466
 1.07811 -59.0808  1.07481
 1.07826 -59.0724  1.07496
 1.07841  -59.064  1.07511
 1.07856 -59.0556  1.07526
 1.07871 -59.0473  1.07541
 1.07886 -59.0389  1.07556
 1.07901 -59.0305  1.07571
 1.07916 -59.0221  1.07571
 1.07931 -59.0137  1.07586
 1.07946 -59.0054  1.07601
 1.07961  -58.997  1.07616
 1.07976 -58.9886  1.07631
 1.07991 -58.9803  1.07646
 1.08007 -58.9719  1.07661
 1.08022 -58.9635  1.07676
 1.08037 -58.9552  1.07691
 1.08052 -58.9468  1.07706
 1.08067 -58.9385  1.07721
 1.08082 -58.9301  1.07736
 1.08097 -58.9218  1.07751
 1.08112 -58.9134  1.07766
 1.08127 -58.9051  1.07781
 1.08142 -58.8968  1.07781
 1.08157 -58.8884  1.07796
 1.08172 -58.8801  1.07811
 1.08187 -58.8717  1.07826
 1.08202 -58.8634  1.07841
 1.08217 -58.8551  1.07856
 1.08232 -58.8468  1.07871
 1.08247 -58.8384  1.07886
 1.08262 -58.8301  1.07901
 1.08277 -58.8218  1.07916
 1.08292 -58.8135  1.07931
 1.08307 -58.8052  1.07946
 1.08322 -58.7968  1.07961
 1.08337 -58.7885  1.07976
 1.08352 -58.7802  1.07991
 1.08367 -58.7719  1.08007
 1.08382 -58.7636  1.08007
 1.08397 -58.7553  1.08022
 1.08412  -58.747  1.08037
 1.08427 -58.7387  1.08052
 1.08442 -58.7304  1.08067
 1.08457 -58.7221  1.08082
 1.08472 -58.7139  1.08097
 1.08487 -58.7056  1.08112
 1.08502 -58.6973  1.08127
 1.08517  -58.689  1.08142
 1.08532 -58.6807  1.08157
 1.08547 -58.6724  1.08172
 1.08562 -58.6642  1.08187
 1.08577 -58.6559  1.08202
 1.08592 -58.6476  1.08217
 1.08607 -58.6394  1.08217
 1.08622 -58.6311  1.08232
 1.08637 -58.6228  1.08247
 1.08652 -58.6146  1.08262
 1.08667 -58.6063  1.08277
 1.08682 -58.5981  1.08292
 1.08697 -58.5898  1.08307
 1.08712 -58.5816  1.08322
 1.08727 -58.5733  1.08337
 1.08742 -58.5651  1.08352
 1.08757 -58.5568  1.08367
 1.08772 -58.5486  1.08382
 1.08787 -58.5404  1.08397
 1.08802 -58.5321  1.08412
 1.08817 -58.5239  1.08412
 1.08832 -58.5157  1.08427
 1.08847 -58.5074  1.08442
 1.08862 -58.4992  1.08457
 1.08877  -58.491  1.08472
 1.08892 -58.4828  1.08487
 1.08907 -58.4745  1.08502
 1.08922 -58.4663  1.08517
 1.08937 -58.4581  1.08532
 1.08952 -58.4499  1.08547
 1.08967 -58.4417  1.08562
 1.08982 -58.4335  1.08577
 1.08997 -58.4253  1.08592
 1.09012 -58.4171  1.08607
 1.09027 -58.4089  1.08622
 1.09042 -58.4007  1.08622
 1.09057 -58.3925  1.08637
 1.09072 -58.3843  1.08652
 1.09087 -58.3761  1.08667
 1.09102 -58.3679  1.08682
 1.09117 -58.3597  1.08697
 1.09132 -58.3516  1.08712
 1.09147 -58.3434  1.08727
 1.09162 -58.3352  1.08742
 1.09177  -58.327  1.08757
 1.09192 -58.3188  1.08772
 1.09207 -58.3107  1.08787
 1.09222 -58.3025  1.08802
 1.09237 -58.2943  1.08817
 1.09252 -58.2862  1.08817
 1.09267  -58.278  1.08832
 1.09282 -58.2699  1.08847
 1.09297 -58.2617  1.08862
 1.09312 -58.2536  1.08877
 1.09327 -58.2454  1.08892
 1.09342 -58.2372  1.08907
 1.09357 -58.2291  1.08922
 1.09372  -58.221  1.08937
 1.09387 -58.2128  1.08952
 1.09402 -58.2047  1.08967
 1.09417 -58.1965  1.08982
 1.09432 -58.1884  1.08997
 1.09447 -58.1803  1.09012
 1.09462 -58.1721  1.09027
 1.09477  -58.164  1.09027
 1.09492 -58.1559  1.09042
 1.09507 -58.1478  1.09057
 1.09522 -58.1397  1.09072
 1.09537 -58.1315  1.09087
 1.09552 -58.1234  1.09102
 1.09567 -58.1153  1.09117
 1.09582 -58.1072  1.09132
 1.09597 -58.0991  1.09147
 1.09612  -58.091  1.09162
 1.09627 -58.0829  1.09177
 1.09642 -58.0748  1.09192
 1.09657 -58.0667  1.09207
 1.09672 -58.0586  1.09207
 1.09687 -58.0505  1.09222
 1.09702 -58.0424  1.09237
 1.09717 -58.0343  1.09252
 1.09732 -58.0262  1.09267
 1.09747 -58.0182  1.09282
 1.09762 -58.0101  1.09297
 1.09777  -58.002  1.09312
 1.09792 -57.9939  1.09327
 1.09807 -57.9859  1.09342
 1.09822 -57.9778  1.09357
 1.09837 -57.9697  1.09372
 1.09852 -57.9617  1.09372
 1.09867 -57.9536  1.09387
 1.09882 -57.9455  1.09402
 1.09897 -57.9375  1.09417
 1.09912 -57.9294  1.09432
 1.09927 -57.9214  1.09447
 1.09942 -57.9133  1.09462
 1.09957 -57.9053  1.09477
 1.09972 -57.8972  1.09492
 1.09987 -57.8892  1.09507
 1.10003 -57.8811  1.09522
 1.10018 -57.8731  1.09537
 1.10033 -57.8651  1.09537
 1.10048  -57.857  1.09552
 1.10063  -57.849  1.09567
 1.10078  -57.841  1.09582
 1.10093  -57.833  1.09597
 1.10108 -57.8249  1.09612
 1.10123 -57.8169  1.09627
 1.10138 -57.8089  1.09642
 1.10153 -57.8009  1.09657
 1.10168 -57.7929  1.09672
 1.10183 -57.7849  1.09687
 1.10198 -57.7769  1.09702
 1.10213 -57.7689  1.09702
 1.10228 -57.7609  1.09717
 1.10243 -57.7529  1.09732
 1.10258 -57.7449  1.09747
 1.10273 -57.7369  1.09762
 1.10288 -57.7289  1.09777
 1.10303 -57.7209  1.09792
 1.10318 -57.7129  1.09807
 1.10333 -57.7049  1.09822
 1.10348 -57.6969  1.09837
 1.10363  -57.689  1.09852
 1.10378  -57.681  1.09852
 1.10393  -57.673  1.09867
 1.10408  -57.665  1.09882
 1.10423 -57.6571  1.09897
 1.10438 -57.6491  1.09912
 1.10453 -57.6411  1.09927
 1.10468 -57.6332  1.09942
 1.10483 -57.6252  1.09957
 1.10498 -57.6173  1.09972
 1.10513 -57.6093  1.09987
 1.10528 -57.6014  1.10003
 1.10543 -57.5934  1.10018
 1.10558 -57.5855  1.10018
 1.10573 -57.5775  1.10033
 1.10588 -57.5696  1.10048
 1.10603 -57.5617  1.10063
 1.10618 -57.5537  1.10078
 1.10633 -57.5458  1.10093
 1.10648 -57.5379  1.10108
 1.10663 -57.5299  1.10123
 1.10678  -57.522  1.10138
 1.10693 -57.5141  1.10153
 1.10708 -57.5062  1.10168
 1.10723 -57.4982  1.10168
 1.10738 -57.4903  1.10183
 1.10753 -57.4824  1.10198
 1.10768 -57.4745  1.10213
 1.10783 -57.4666  1.10228
 1.10798 -57.4587  1.10243
 1.10813 -57.4508  1.10258
 1.10828 -57.4429  1.10273
 1.10843  -57.435  1.10288
 1.10858 -57.4271  1.10303
 1.10873 -57.4192  1.10318
 1.10888 -57.4113  1.10318
 1.10903 -57.4034  1.10333
 1.10918 -57.3956  1.10348
 1.10933 -57.3877  1.10363
 1.10948 -57.3798  1.10378
 1.10963 -57.3719  1.10393
 1.10978  -57.364  1.10408
 1.10993 -57.3562  1.10423
 1.11008 -57.3483  1.10438
 1.11023 -57.3404  1.10453
 1.11038 -57.3326  1.10468
 1.11053 -57.3247  1.10468
 1.11068 -57.3168  1.10483
 1.11083  -57.309  1.10498
 1.11098 -57.3011  1.10513
 1.11113 -57.2933  1.10528
 1.11128 -57.2854  1.10543
 1.11143 -57.2776  1.10558
 1.11158 -57.2697  1.10573
 1.11173 -57.2619  1.10588
 1.11188 -57.2541  1.10603
 1.11203 -57.2462  1.10618
 1.11218 -57.2384  1.10618
 1.11233 -57.2306  1.10633
 1.11248 -57.2227  1.10648
 1.11263 -57.2149  1.10663
 1.11278 -57.2071  1.10678
 1.11293 -57.1993  1.10693
 1.11308 -57.1915  1.10708
 1.11323 -57.1836  1.10723
 1.11338 -57.1758  1.10738
 1.11353  -57.168  1.10753
 1.11368 -57.1602  1.10768
 1.11383 -57.1524  1.10768
 1.11398 -57.1446  1.10783
 1.11413 -57.1368  1.10798
 1.11428  -57.129  1.10813
 1.11443 -57.1212  1.10828
 1.11458 -57.1134  1.10843
 1.11473 -57.1056  1.10858
 1.11488 -57.0978  1.10873
 1.11503   -57.09  1.10888
 1.11518 -57.0823  1.10903
 1.11533 -57.0745  1.10918
 1.11548 -57.0667  1.10918
 1.11563 -57.0589  1.10933
 1.11578 -57.0512  1.10948
 1.11593 -57.0434  1.10963
 1.11608 -57.0356  1.10978
 1.11623 -57.0279  1.10993
 1.11638 -57.0201  1.11008
 1.11653 -57.0123  1.11023
 1.11668 -57.0046  1.11038
 1.11683 -56.9968  1.11053
 1.11698 -56.9891  1.11068
 1.11713 -56.9813  1.11068
 1.11728 -56.9736  1.11083
 1.11743 -56.9658  1.11098
 1.11758 -56.9581  1.11113
 1.11773 -56.9503  1.11128
 1.11788 -56.9426  1.11143
 1.11803 -56.9349  1.11158
 1.11818 -56.9271  1.11173
 1.11833 -56.9194  1.11188
 1.11848 -56.9117  1.11203
 1.11863  -56.904  1.11203
 1.11878 -56.8962  1.11218
 1.11893 -56.8885  1.11233
 1.11908 -56.8808  1.11248
 1.11923 -56.8731  1.11263
 1.11938 -56.8654  1.11278
 1.11953 -56.8577  1.11293
 1.11968   -56.85  1.11308
 1.11983 -56.8423  1.11323
 1.11998 -56.8346  1.11323
 1.12014 -56.8269  1.11338
 1.12029 -56.8192  1.11353
 1.12044 -56.8115  1.11368
 1.12059 -56.8038  1.11383
 1.12074 -56.7961  1.11398
 1.12089 -56.7884  1.11413
 1.12104 -56.7807  1.11428
 1.12119 -56.7731  1.11443
 1.12134 -56.7654  1.11458
 1.12149 -56.7577  1.11458
 1.12164   -56.75  1.11473
 1.12179 -56.7424  1.11488
 1.12194 -56.7347  1.11503
 1.12209  -56.727  1.11518
 1.12224 -56.7194  1.11533
 1.12239 -56.7117  1.11548
 1.12254 -56.7041  1.11563
 1.12269 -56.6964  1.11578
 1.12284 -56.6888  1.11578
 1.12299 -56.6811  1.11593
 1.12314 -56.6735  1.11608
 1.12329 -56.6658  1.11623
 1.12344 -56.6582  1.11638
 1.12359 -56.6506  1.11653
 1.12374 -56.6429  1.11668
 1.12389 -56.6353  1.11683
 1.12404 -56.6277  1.11698
 1.12419   -56.62  1.11698
 1.12434 -56.6124  1.11713
 1.12449 -56.6048  1.11728
 1.12464 -56.5972  1.11743
 1.12479 -56.5896  1.11758
 1.12494  -56.582  1.11773
 1.12509 -56.5743  1.11788
 1.12524 -56.5667  1.11803
 1.12539 -56.5591  1.11818
 1.12554 -56.5515  1.11818
 1.12569 -56.5439  1.11833
 1.12584 -56.5363  1.11848
 1.12599 -56.5287  1.11863
 1.12614 -56.5212  1.11878
 1.12629 -56.5136  1.11893
 1.12644  -56.506  1.11908
 1.12659 -56.4984  1.11923
 1.12674 -56.4908  1.11923
 1.12689 -56.4833  1.11938
 1.12704 -56.4757  1.11953
 1.12719 -56.4681  1.11968
 1.12734 -56.4605  1.11983
 1.12749  -56.453  1.11998
 1.12764 -56.4454  1.12014
 1.12779 -56.4379  1.12029
 1.12794 -56.4303  1.12044
 1.12809 -56.4227  1.12044
 1.12824 -56.4152  1.12059
 1.12839 -56.4076  1.12074
 1.12854 -56.4001  1.12089
 1.12869 -56.3926  1.12104
 1.12884  -56.385  1.12119
 1.12899 -56.3775  1.12134
 1.12914 -56.3699  1.12149
 1.12929 -56.3624  1.12149
 1.12944 -56.3549  1.12164
 1.12959 -56.3474  1.12179
 1.12974 -56.3398  1.12194
 1.12989 -56.3323  1.12209
 1.13004 -56.3248  1.12224
 1.13019 -56.3173  1.12239
 1.13034 -56.3098  1.12254
 1.13049 -56.3023  1.12269
 1.13064 -56.2947  1.12269
 1.13079 -56.2872  1.12284
 1.13094 -56.2797  1.12299
 1.13109 -56.2722  1.12314
 1.13124 -56.2647  1.12329
 1.13139 -56.2572  1.12344
 1.13154 -56.2498  1.12359
 1.13169 -56.2423  1.12374
 1.13184 -56.2348  1.12374
 1.13199 -56.2273  1.12389
 1.13214 -56.2198  1.12404
 1.13229 -56.2123  1.12419
 1.13244 -56.2049  1.12434
 1.13259 -56.1974  1.12449
 1.13274 -56.1899  1.12449
 1.13289 -56.1825  1.12464
 1.13304  -56.175  1.12479
 1.13319 -56.1676  1.12494
 1.13334 -56.1601  1.12509
 1.13349 -56.1527  1.12509
 1.13364 -56.1452  1.12524
 1.13379 -56.1378  1.12539
 1.13394 -56.1304  1.12554
 1.13409 -56.1229  1.12569
 1.13424 -56.1155  1.12569
 1.13439 -56.1081  1.12584
 1.13454 -56.1007  1.12599
 1.13469 -56.0932  1.12614
 1.13484 -56.0858  1.12629
 1.13499 -56.0784  1.12629
 1.13514  -56.071  1.12644
 1.13529 -56.0636  1.12659
 1.13544 -56.0562  1.12674
 1.13559 -56.0488  1.12689
 1.13574 -56.0414  1.12689
 1.13589  -56.034  1.12704
 1.13604 -56.0266  1.12719
 1.13619 -56.0193  1.12734
 1.13634 -56.0119  1.12749
 1.13649 -56.0045  1.12749
 1.13664 -55.9971  1.12764
 1.13679 -55.9898  1.12779
 1.13694 -55.9824  1.12794
 1.13709 -55.9751  1.12809
 1.13724 -55.9677  1.12809
 1.13739 -55.9603  1.12824
 1.13754  -55.953  1.12839
 1.13769 -55.9457  1.12854
 1.13784 -55.9383  1.12869
 1.13799  -55.931  1.12869
 1.13814 -55.9236  1.12884
 1.13829 -55.9163  1.12899
 1.13844  -55.909  1.12914
 1.13859 -55.9017  1.12929
 1.13874 -55.8943  1.12929
 1.13889  -55.887  1.12944
 1.13904 -55.8797  1.12959
 1.13919 -55.8724  1.12974
 1.13934 -55.8651  1.12989
 1.13949 -55.8578  1.12989
 1.13964 -55.8505  1.13004
 1.13979 -55.8432  1.13019
 1.13994 -55.8359  1.13034
  1.1401 -55.8286  1.13049
 1.14025 -55.8214  1.13049
  1.1404 -55.8141  1.13064
 1.14055 -55.8068  1.13079
  1.1407 -55.7995  1.13094
 1.14085 -55.7923  1.13109
   1.141  -55.785  1.13109
 1.14115 -55.7777  1.13124
  1.1413 -55.7705  1.13139
 1.14145 -55.7632  1.13154
  1.1416  -55.756  1.13169
 1.14175 -55.7487  1.13169
  1.1419 -55.7415  1.13184
 1.14205 -55.7342  1.13199
  1.1422  -55.727  1.13214
 1.14235 -55.7198  1.13229
  1.1425 -55.7125  1.13229
 1.14265 -55.7053  1.13244
  1.1428 -55.6981  1.13259
 1.14295 -55.6909  1.13274
  1.1431 -55.6836  1.13289
 1.14325 -55.6764  1.13289
  1.1434 -55.6692  1.13304
 1.14355  -55.662  1.13319
  1.1437 -55.6548  1.13334
 1.14385 -55.6476  1.13334
   1.144 -55.6404  1.13349
 1.14415 -55.6332  1.13364
  1.1443  -55.626  1.13379
 1.14445 -55.6189  1.13394
  1.1446 -55.6117  1.13394
 1.14475 -55.6045  1.13409
  1.1449 -55.5973  1.13424
 1.14505 -55.5902  1.13439
  1.1452  -55.583  1.13454
 1.14535 -55.5758  1.13454
  1.1455 -55.5687  1.13469
 1.14565 -55.5615  1.13484
  1.1458 -55.5544  1.13499
 1.14595 -55.5472  1.13514
  1.1461 -55.5401  1.13514
 1.14625 -55.5329  1.13529
  1.1464 -55.5258  1.13544
 1.14655 -55.5187  1.13559
  1.1467 -55.5115  1.13574
 1.14685 -55.5044  1.13574
   1.147 -55.4973  1.13589
 1.14715 -55.4902  1.13604
  1.1473 -55.4831  1.13619
 1.14745 -55.4759  1.13634
  1.1476 -55.4688  1.13634
 1.14775 -55.4617  1.13649
  1.1479 -55.4546  1.13664
 1.14805 -55.4475  1.13679
  1.1482 -55.4404  1.13694
 1.14835 -55.4333  1.13694
  1.1485 -55.4263  1.13709
 1.14865 -55.4192  1.13724
  1.1488 -55.4121  1.13739
 1.14895  -55.405  1.13739
  1.1491 -55.3979  1.13754
 1.14925 -55.3909  1.13769
  1.1494 -55.3838  1.13784
 1.14955 -55.3767  1.13799
  1.1497 -55.3697  1.13799
 1.14985 -55.3626  1.13814
    1.15 -55.3556  1.13829