 kgrid  ValNew  Policy 
    0.85 -43.7654 0.860955
 0.85015 -43.7518 0.861106
  0.8503 -43.7383 0.861256
 0.85045 -43.7247 0.861256
  0.8506 -43.7111 0.861406
 0.85075 -43.6976 0.861556
  0.8509  -43.684 0.861706
0.851051 -43.6705 0.861706
0.851201  -43.657 0.861856
0.851351 -43.6435 0.862006
0.851501   -43.63 0.862156
0.851651 -43.6165 0.862156
0.851801  -43.603 0.862306
0.851951 -43.5895 0.862456
0.852101  -43.576 0.862456
0.852251 -43.5626 0.862606
0.852401 -43.5491 0.862756
0.852551 -43.5357 0.862906
0.852701 -43.5223 0.862906
0.852851 -43.5089 0.863057
0.853002 -43.4955 0.863207
0.853152 -43.4821 0.863207
0.853302 -43.4687 0.863357
0.853452 -43.4553 0.863507
0.853602  -43.442 0.863657
0.853752 -43.4286 0.863657
0.853902 -43.4153 0.863807
0.854052 -43.4019 0.863957
0.854202 -43.3886 0.864107
0.854352 -43.3753 0.864107
0.854502  -43.362 0.864257
0.854652 -43.3487 0.864407
0.854802 -43.3354 0.864407
0.854952 -43.3221 0.864557
0.855103 -43.3088 0.864707
0.855253 -43.2956 0.864857
0.855403 -43.2823 0.864857
0.855553 -43.2691 0.865008
0.855703 -43.2559 0.865158
0.855853 -43.2427 0.865158
0.856003 -43.2295 0.865308
0.856153 -43.2163 0.865458
0.856303 -43.2031 0.865608
0.856453 -43.1899 0.865608
0.856603 -43.1767 0.865758
0.856753 -43.1636 0.865908
0.856903 -43.1504 0.866058
0.857054 -43.1373 0.866058
0.857204 -43.1241 0.866208
0.857354  -43.111 0.866358
0.857504 -43.0979 0.866358
0.857654 -43.0848 0.866508
0.857804 -43.0717 0.866658
0.857954 -43.0586 0.866808
0.858104 -43.0456 0.866808
0.858254 -43.0325 0.866958
0.858404 -43.0194 0.867109
0.858554 -43.0064 0.867259
0.858704 -42.9934 0.867259
0.858854 -42.9803 0.867409
0.859005 -42.9673 0.867559
0.859155 -42.9543 0.867559
0.859305 -42.9413 0.867709
0.859455 -42.9283 0.867859
0.859605 -42.9154 0.868009
0.859755 -42.9024 0.868009
0.859905 -42.8894 0.868159
0.860055 -42.8765 0.868309
0.860205 -42.8635 0.868459
0.860355 -42.8506 0.868459
0.860505 -42.8377 0.868609
0.860655 -42.8248 0.868759
0.860805 -42.8119 0.868909
0.860955  -42.799 0.868909
0.861106 -42.7861  0.86906
0.861256 -42.7732  0.86921
0.861406 -42.7603  0.86921
0.861556 -42.7475  0.86936
0.861706 -42.7346  0.86951
0.861856 -42.7218  0.86966
0.862006 -42.7089  0.86966
0.862156 -42.6961  0.86981
0.862306 -42.6833  0.86996
0.862456 -42.6705  0.87011
0.862606 -42.6577  0.87011
0.862756 -42.6449  0.87026
0.862906 -42.6321  0.87041
0.863057 -42.6194  0.87056
0.863207 -42.6066  0.87056
0.863357 -42.5938  0.87071
0.863507 -42.5811  0.87086
0.863657 -42.5684 0.871011
0.863807 -42.5556 0.871011
0.863957 -42.5429 0.871161
0.864107 -42.5302 0.871311
0.864257 -42.5175 0.871461
0.864407 -42.5048 0.871461
0.864557 -42.4922 0.871611
0.864707 -42.4795 0.871761
0.864857 -42.4668 0.871761
0.865008 -42.4542 0.871911
0.865158 -42.4415 0.872061
0.865308 -42.4289 0.872211
0.865458 -42.4163 0.872211
0.865608 -42.4036 0.872361
0.865758  -42.391 0.872511
0.865908 -42.3784 0.872661
0.866058 -42.3658 0.872661
0.866208 -42.3532 0.872811
0.866358 -42.3407 0.872961
0.866508 -42.3281 0.873112
0.866658 -42.3155 0.873262
0.866808  -42.303 0.873412
0.866958 -42.2904 0.873412
0.867109 -42.2779 0.873562
0.867259 -42.2653 0.873712
0.867409 -42.2528 0.873862
0.867559 -42.2403 0.874012
0.867709 -42.2278 0.874162
0.867859 -42.2152 0.874162
0.868009 -42.2027 0.874312
0.868159 -42.1902 0.874462
0.868309 -42.1778 0.874612
0.868459 -42.1653 0.874762
0.868609 -42.1528 0.874762
0.868759 -42.1403 0.874912
0.868909 -42.1279 0.875063
 0.86906 -42.1154 0.875213
 0.86921 -42.1029 0.875363
 0.86936 -42.0905 0.875513
 0.86951 -42.0781 0.875513
 0.86966 -42.0656 0.875663
 0.86981 -42.0532 0.875813
 0.86996 -42.0408 0.875963
 0.87011 -42.0284 0.876113
 0.87026  -42.016 0.876263
 0.87041 -42.0036 0.876263
 0.87056 -41.9912 0.876413
 0.87071 -41.9788 0.876563
 0.87086 -41.9664 0.876713
0.871011 -41.9541 0.876863
0.871161 -41.9417 0.876863
0.871311 -41.9294 0.877014
0.871461  -41.917 0.877164
0.871611 -41.9047 0.877314
0.871761 -41.8923 0.877464
0.871911   -41.88 0.877614
0.872061 -41.8677 0.877614
0.872211 -41.8554 0.877764
0.872361  -41.843 0.877914
0.872511 -41.8307 0.878064
0.872661 -41.8184 0.878214
0.872811 -41.8062 0.878364
0.872961 -41.7939 0.878364
0.873112 -41.7816 0.878514
0.873262 -41.7693 0.878664
0.873412 -41.7571 0.878814
0.873562 -41.7448 0.878964
0.873712 -41.7326 0.879115
0.873862 -41.7203 0.879115
0.874012 -41.7081 0.879265
0.874162 -41.6958 0.879415
0.874312 -41.6836 0.879565
0.874462 -41.6714 0.879715
0.874612 -41.6592 0.879865
0.874762  -41.647 0.879865
0.874912 -41.6348 0.880015
0.875063 -41.6226 0.880165
0.875213 -41.6104 0.880315
0.875363 -41.5982 0.880465
0.875513  -41.586 0.880615
0.875663 -41.5739 0.880765
0.875813 -41.5617 0.880765
0.875963 -41.5496 0.880915
0.876113 -41.5374 0.881066
0.876263 -41.5253 0.881216
0.876413 -41.5131 0.881366
0.876563  -41.501 0.881366
0.876713 -41.4889 0.881516
0.876863 -41.4768 0.881666
0.877014 -41.4647 0.881816
0.877164 -41.4525 0.881966
0.877314 -41.4404 0.882116
0.877464 -41.4284 0.882266
0.877614 -41.4163 0.882266
0.877764 -41.4042 0.882416
0.877914 -41.3921 0.882566
0.878064   -41.38 0.882716
0.878214  -41.368 0.882866
0.878364 -41.3559 0.883017
0.878514 -41.3439 0.883017
0.878664 -41.3318 0.883167
0.878814 -41.3198 0.883317
0.878964 -41.3078 0.883467
0.879115 -41.2958 0.883617
0.879265 -41.2837 0.883767
0.879415 -41.2717 0.883767
0.879565 -41.2597 0.883917
0.879715 -41.2477 0.884067
0.879865 -41.2357 0.884217
0.880015 -41.2237 0.884367
0.880165 -41.2118 0.884517
0.880315 -41.1998 0.884517
0.880465 -41.1878 0.884667
0.880615 -41.1758 0.884817
0.880765 -41.1639 0.884967
0.880915 -41.1519 0.885118
0.881066   -41.14 0.885268
0.881216 -41.1281 0.885268
0.881366 -41.1161 0.885418
0.881516 -41.1042 0.885568
0.881666 -41.0923 0.885718
0.881816 -41.0804 0.885868
0.881966 -41.0685 0.886018
0.882116 -41.0566 0.886168
0.882266 -41.0447 0.886168
0.882416 -41.0328 0.886318
0.882566 -41.0209 0.886468
0.882716  -41.009 0.886618
0.882866 -40.9971 0.886768
0.883017 -40.9853 0.886918
0.883167 -40.9734 0.886918
0.883317 -40.9616 0.887069
0.883467 -40.9497 0.887219
0.883617 -40.9379 0.887369
0.883767  -40.926 0.887519
0.883917 -40.9142 0.887669
0.884067 -40.9024 0.887819
0.884217 -40.8906 0.887819
0.884367 -40.8788 0.887969
0.884517 -40.8669 0.888119
0.884667 -40.8551 0.888269
0.884817 -40.8434 0.888419
0.884967 -40.8316 0.888569
0.885118 -40.8198 0.888569
0.885268  -40.808 0.888719
0.885418 -40.7962 0.888869
0.885568 -40.7845  0.88902
0.885718 -40.7727  0.88917
0.885868 -40.7609  0.88932
0.886018 -40.7492  0.88947
0.886168 -40.7374  0.88947
0.886318 -40.7257  0.88962
0.886468  -40.714  0.88977
0.886618 -40.7022  0.88992
0.886768 -40.6905  0.89007
0.886918 -40.6788  0.89022
0.887069 -40.6671  0.89037
0.887219 -40.6554  0.89037
0.887369 -40.6437  0.89052
0.887519  -40.632  0.89067
0.887669 -40.6203  0.89082
0.887819 -40.6086  0.89097
0.887969  -40.597 0.891121
0.888119 -40.5853 0.891271
0.888269 -40.5736 0.891271
0.888419  -40.562 0.891421
0.888569 -40.5503 0.891571
0.888719 -40.5387 0.891721
0.888869  -40.527 0.891871
 0.88902 -40.5154 0.892021
 0.88917 -40.5037 0.892171
 0.88932 -40.4921 0.892171
 0.88947 -40.4805 0.892321
 0.88962 -40.4689 0.892471
 0.88977 -40.4573 0.892621
 0.88992 -40.4457 0.892771
 0.89007 -40.4341 0.892921
 0.89022 -40.4225 0.893072
 0.89037 -40.4109 0.893072
 0.89052 -40.3993 0.893222
 0.89067 -40.3877 0.893372
 0.89082 -40.3762 0.893522
 0.89097 -40.3646 0.893672
0.891121  -40.353 0.893822
0.891271 -40.3415 0.893972
0.891421 -40.3299 0.893972
0.891571 -40.3184 0.894122
0.891721 -40.3069 0.894272
0.891871 -40.2953 0.894422
0.892021 -40.2838 0.894572
0.892171 -40.2723 0.894722
0.892321 -40.2608 0.894872
0.892471 -40.2493 0.894872
0.892621 -40.2377 0.895023
0.892771 -40.2262 0.895173
0.892921 -40.2148 0.895323
0.893072 -40.2033 0.895473
0.893222 -40.1918 0.895623
0.893372 -40.1803 0.895773
0.893522 -40.1688 0.895773
0.893672 -40.1574 0.895923
0.893822 -40.1459 0.896073
0.893972 -40.1345 0.896223
0.894122  -40.123 0.896373
0.894272 -40.1116 0.896523
0.894422 -40.1001 0.896673
0.894572 -40.0887 0.896673
0.894722 -40.0773 0.896823
0.894872 -40.0658 0.896973
0.895023 -40.0544 0.897124
0.895173  -40.043 0.897274
0.895323 -40.0316 0.897424
0.895473 -40.0202 0.897424
0.895623 -40.0088 0.897574
0.895773 -39.9974 0.897724
0.895923  -39.986 0.897874
0.896073 -39.9746 0.898024
0.896223 -39.9633 0.898174
0.896373 -39.9519 0.898324
0.896523 -39.9405 0.898474
0.896673 -39.9292 0.898474
0.896823 -39.9178 0.898624
0.896973 -39.9065 0.898774
0.897124 -39.8951 0.898924
0.897274 -39.8838 0.899075
0.897424 -39.8725 0.899225
0.897574 -39.8611 0.899375
0.897724 -39.8498 0.899375
0.897874 -39.8385 0.899525
0.898024 -39.8272 0.899675
0.898174 -39.8159 0.899825
0.898324 -39.8046 0.899975
0.898474 -39.7933 0.900125
0.898624  -39.782 0.900125
0.898774 -39.7707 0.900275
0.898924 -39.7594 0.900425
0.899075 -39.7482 0.900575
0.899225 -39.7369 0.900725
0.899375 -39.7256 0.900875
0.899525 -39.7144 0.901026
0.899675 -39.7031 0.901176
0.899825 -39.6919 0.901176
0.899975 -39.6806 0.901326
0.900125 -39.6694 0.901476
0.900275 -39.6582 0.901626
0.900425 -39.6469 0.901776
0.900575 -39.6357 0.901926
0.900725 -39.6245 0.902076
0.900875 -39.6133 0.902076
0.901026 -39.6021 0.902226
0.901176 -39.5909 0.902376
0.901326 -39.5797 0.902526
0.901476 -39.5685 0.902676
0.901626 -39.5573 0.902826
0.901776 -39.5461 0.902976
0.901926 -39.5349 0.903127
0.902076 -39.5238 0.903127
0.902226 -39.5126 0.903277
0.902376 -39.5015 0.903427
0.902526 -39.4903 0.903577
0.902676 -39.4792 0.903727
0.902826  -39.468 0.903877
0.902976 -39.4569 0.903877
0.903127 -39.4457 0.904027
0.903277 -39.4346 0.904177
0.903427 -39.4235 0.904327
0.903577 -39.4124 0.904477
0.903727 -39.4013 0.904627
0.903877 -39.3901 0.904777
0.904027  -39.379 0.904927
0.904177 -39.3679 0.904927
0.904327 -39.3569 0.905078
0.904477 -39.3458 0.905228
0.904627 -39.3347 0.905378
0.904777 -39.3236 0.905528
0.904927 -39.3125 0.905678
0.905078 -39.3015 0.905828
0.905228 -39.2904 0.905828
0.905378 -39.2793 0.905978
0.905528 -39.2683 0.906128
0.905678 -39.2573 0.906278
0.905828 -39.2462 0.906428
0.905978 -39.2352 0.906578
0.906128 -39.2241 0.906728
0.906278 -39.2131 0.906878
0.906428 -39.2021 0.906878
0.906578 -39.1911 0.907029
0.906728 -39.1801 0.907179
0.906878  -39.169 0.907329
0.907029  -39.158 0.907479
0.907179  -39.147 0.907629
0.907329 -39.1361 0.907779
0.907479 -39.1251 0.907929
0.907629 -39.1141 0.907929
0.907779 -39.1031 0.908079
0.907929 -39.0921 0.908229
0.908079 -39.0812 0.908379
0.908229 -39.0702 0.908529
0.908379 -39.0592 0.908679
0.908529 -39.0483 0.908829
0.908679 -39.0373 0.908979
0.908829 -39.0264 0.908979
0.908979 -39.0154  0.90913
 0.90913 -39.0045  0.90928
 0.90928 -38.9936  0.90943
 0.90943 -38.9826  0.90958
 0.90958 -38.9717  0.90973
 0.90973 -38.9608  0.90988
 0.90988 -38.9499  0.91003
 0.91003  -38.939  0.91003
 0.91018 -38.9281  0.91018
 0.91033 -38.9172  0.91033
 0.91048 -38.9063  0.91048
 0.91063 -38.8954  0.91063
 0.91078 -38.8845  0.91078
 0.91093 -38.8736  0.91093
0.911081 -38.8627 0.911081
0.911231 -38.8519 0.911231
0.911381  -38.841 0.911231
0.911531 -38.8301 0.911381
0.911681 -38.8193 0.911531
0.911831 -38.8084 0.911681
0.911981 -38.7976 0.911831
0.912131 -38.7867 0.911981
0.912281 -38.7759 0.912131
0.912431 -38.7651 0.912281
0.912581 -38.7542 0.912281
0.912731 -38.7434 0.912431
0.912881 -38.7326 0.912581
0.913032 -38.7218 0.912731
0.913182  -38.711 0.912881
0.913332 -38.7002 0.913032
0.913482 -38.6894 0.913182
0.913632 -38.6786 0.913332
0.913782 -38.6678 0.913332
0.913932  -38.657 0.913482
0.914082 -38.6462 0.913632
0.914232 -38.6354 0.913782
0.914382 -38.6246 0.913932
0.914532 -38.6139 0.914082
0.914682 -38.6031 0.914232
0.914832 -38.5923 0.914382
0.914982 -38.5816 0.914382
0.915133 -38.5708 0.914532
0.915283 -38.5601 0.914682
0.915433 -38.5493 0.914832
0.915583 -38.5386 0.914982
0.915733 -38.5279 0.915133
0.915883 -38.5172 0.915283
0.916033 -38.5064 0.915433
0.916183 -38.4957 0.915433
0.916333  -38.485 0.915583
0.916483 -38.4743 0.915733
0.916633 -38.4636 0.915883
0.916783 -38.4529 0.916033
0.916933 -38.4422 0.916183
0.917084 -38.4315 0.916333
0.917234 -38.4208 0.916483
0.917384 -38.4101 0.916633
0.917534 -38.3994 0.916633
0.917684 -38.3888 0.916783
0.917834 -38.3781 0.916933
0.917984 -38.3674 0.917084
0.918134 -38.3568 0.917234
0.918284 -38.3461 0.917384
0.918434 -38.3355 0.917534
0.918584 -38.3248 0.917684
0.918734 -38.3142 0.917684
0.918884 -38.3035 0.917834
0.919035 -38.2929 0.917984
0.919185 -38.2823 0.918134
0.919335 -38.2716 0.918284
0.919485  -38.261 0.918434
0.919635 -38.2504 0.918584
0.919785 -38.2398 0.918734
0.919935 -38.2292 0.918884
0.920085 -38.2186 0.918884
0.920235  -38.208 0.919035
0.920385 -38.1974 0.919185
0.920535 -38.1868 0.919335
0.920685 -38.1762 0.919485
0.920835 -38.1656 0.919635
0.920985 -38.1551 0.919785
0.921136 -38.1445 0.919935
0.921286 -38.1339 0.919935
0.921436 -38.1234 0.920085
0.921586 -38.1128 0.920235
0.921736 -38.1023 0.920385
0.921886 -38.0917 0.920535
0.922036 -38.0812 0.920685
0.922186 -38.0706 0.920835
0.922336 -38.0601 0.920985
0.922486 -38.0496 0.921136
0.922636  -38.039 0.921136
0.922786 -38.0285 0.921286
0.922936  -38.018 0.921436
0.923087 -38.0075 0.921586
0.923237  -37.997 0.921736
0.923387 -37.9865 0.921886
0.923537  -37.976 0.922036
0.923687 -37.9655 0.922186
0.923837  -37.955 0.922186
0.923987 -37.9445 0.922336
0.924137  -37.934 0.922486
0.924287 -37.9235 0.922636
0.924437  -37.913 0.922786
0.924587 -37.9026 0.922936
0.924737 -37.8921 0.923087
0.924887 -37.8816 0.923237
0.925038 -37.8712 0.923387
0.925188 -37.8607 0.923387
0.925338 -37.8503 0.923537
0.925488 -37.8398 0.923687
0.925638 -37.8294 0.923837
0.925788  -37.819 0.923987
0.925938 -37.8085 0.924137
0.926088 -37.7981 0.924287
0.926238 -37.7877 0.924437
0.926388 -37.7773 0.924437
0.926538 -37.7668 0.924587
0.926688 -37.7564 0.924737
0.926838  -37.746 0.924887
0.926988 -37.7356 0.925038
0.927139 -37.7252 0.925188
0.927289 -37.7148 0.925338
0.927439 -37.7045 0.925488
0.927589 -37.6941 0.925638
0.927739 -37.6837 0.925638
0.927889 -37.6733 0.925788
0.928039 -37.6629 0.925938
0.928189 -37.6526 0.926088
0.928339 -37.6422 0.926238
0.928489 -37.6319 0.926388
0.928639 -37.6215 0.926538
0.928789 -37.6112 0.926688
0.928939 -37.6008 0.926838
 0.92909 -37.5905 0.926838
 0.92924 -37.5801 0.926988
 0.92939 -37.5698 0.927139
 0.92954 -37.5595 0.927289
 0.92969 -37.5491 0.927439
 0.92984 -37.5388 0.927589
 0.92999 -37.5285 0.927739
 0.93014 -37.5182 0.927889
 0.93029 -37.5079 0.927889
 0.93044 -37.4976 0.928039
 0.93059 -37.4873 0.928189
 0.93074  -37.477 0.928339
 0.93089 -37.4667 0.928489
0.931041 -37.4564 0.928639
0.931191 -37.4461 0.928789
0.931341 -37.4359 0.928939
0.931491 -37.4256  0.92909
0.931641 -37.4153  0.92909
0.931791  -37.405  0.92924
0.931941 -37.3948  0.92939
0.932091 -37.3845  0.92954
0.932241 -37.3743  0.92969
0.932391  -37.364  0.92984
0.932541 -37.3538  0.92999
0.932691 -37.3435  0.93014
0.932841 -37.3333  0.93029
0.932991 -37.3231  0.93029
0.933142 -37.3128  0.93044
0.933292 -37.3026  0.93059
0.933442 -37.2924  0.93074
0.933592 -37.2822  0.93089
0.933742  -37.272 0.931041
0.933892 -37.2618 0.931191
0.934042 -37.2516 0.931341
0.934192 -37.2414 0.931491
0.934342 -37.2312 0.931491
0.934492  -37.221 0.931641
0.934642 -37.2108 0.931791
0.934792 -37.2006 0.931941
0.934942 -37.1904 0.932091
0.935093 -37.1803 0.932241
0.935243 -37.1701 0.932391
0.935393 -37.1599 0.932541
0.935543 -37.1498 0.932691
0.935693 -37.1396 0.932691
0.935843 -37.1295 0.932841
0.935993 -37.1193 0.932991
0.936143 -37.1092 0.933142
0.936293  -37.099 0.933292
0.936443 -37.0889 0.933442
0.936593 -37.0787 0.933592
0.936743 -37.0686 0.933742
0.936893 -37.0585 0.933892
0.937044 -37.0484 0.933892
0.937194 -37.0383 0.934042
0.937344 -37.0281 0.934192
0.937494  -37.018 0.934342
0.937644 -37.0079 0.934492
0.937794 -36.9978 0.934642
0.937944 -36.9877 0.934792
0.938094 -36.9776 0.934942
0.938244 -36.9675 0.934942
0.938394 -36.9575 0.935093
0.938544 -36.9474 0.935243
0.938694 -36.9373 0.935393
0.938844 -36.9272 0.935543
0.938994 -36.9172 0.935693
0.939145 -36.9071 0.935843
0.939295  -36.897 0.935993
0.939445  -36.887 0.936143
0.939595 -36.8769 0.936143
0.939745 -36.8669 0.936293
0.939895 -36.8568 0.936443
0.940045 -36.8468 0.936593
0.940195 -36.8368 0.936743
0.940345 -36.8267 0.936893
0.940495 -36.8167 0.937044
0.940645 -36.8067 0.937194
0.940795 -36.7967 0.937344
0.940945 -36.7866 0.937494
0.941096 -36.7766 0.937494
0.941246 -36.7666 0.937644
0.941396 -36.7566 0.937794
0.941546 -36.7466 0.937944
0.941696 -36.7366 0.938094
0.941846 -36.7266 0.938244
0.941996 -36.7166 0.938394
0.942146 -36.7067 0.938544
0.942296 -36.6967 0.938544
0.942446 -36.6867 0.938694
0.942596 -36.6767 0.938844
0.942746 -36.6668 0.938994
0.942896 -36.6568 0.939145
0.943047 -36.6468 0.939295
0.943197 -36.6369 0.939445
0.943347 -36.6269 0.939595
0.943497  -36.617 0.939745
0.943647  -36.607 0.939895
0.943797 -36.5971 0.939895
0.943947 -36.5872 0.940045
0.944097 -36.5772 0.940195
0.944247 -36.5673 0.940345
0.944397 -36.5574 0.940495
0.944547 -36.5474 0.940645
0.944697 -36.5375 0.940795
0.944847 -36.5276 0.940945
0.944997 -36.5177 0.941096
0.945148 -36.5078 0.941096
0.945298 -36.4979 0.941246
0.945448  -36.488 0.941396
0.945598 -36.4781 0.941546
0.945748 -36.4682 0.941696
0.945898 -36.4583 0.941846
0.946048 -36.4485 0.941996
0.946198 -36.4386 0.942146
0.946348 -36.4287 0.942146
0.946498 -36.4188 0.942296
0.946648  -36.409 0.942446
0.946798 -36.3991 0.942596
0.946948 -36.3892 0.942746
0.947099 -36.3794 0.942896
0.947249 -36.3695 0.943047
0.947399 -36.3597 0.943197
0.947549 -36.3499 0.943347
0.947699   -36.34 0.943347
0.947849 -36.3302 0.943497
0.947999 -36.3203 0.943647
0.948149 -36.3105 0.943797
0.948299 -36.3007 0.943947
0.948449 -36.2909 0.944097
0.948599 -36.2811 0.944247
0.948749 -36.2712 0.944397
0.948899 -36.2614 0.944547
 0.94905 -36.2516 0.944697
  0.9492 -36.2418 0.944697
 0.94935  -36.232 0.944847
  0.9495 -36.2222 0.944997
 0.94965 -36.2125 0.945148
  0.9498 -36.2027 0.945298
 0.94995 -36.1929 0.945448
  0.9501 -36.1831 0.945598
 0.95025 -36.1733 0.945748
  0.9504 -36.1636 0.945898
 0.95055 -36.1538 0.945898
  0.9507 -36.1441 0.946048
 0.95085 -36.1343 0.946198
0.951001 -36.1245 0.946348
0.951151 -36.1148 0.946498
0.951301  -36.105 0.946648
0.951451 -36.0953 0.946798
0.951601 -36.0856 0.946948
0.951751 -36.0758 0.947099
0.951901 -36.0661 0.947099
0.952051 -36.0564 0.947249
0.952201 -36.0466 0.947399
0.952351 -36.0369 0.947549
0.952501 -36.0272 0.947699
0.952651 -36.0175 0.947849
0.952801 -36.0078 0.947999
0.952951 -35.9981 0.948149
0.953102 -35.9884 0.948299
0.953252 -35.9787 0.948299
0.953402  -35.969 0.948449
0.953552 -35.9593 0.948599
0.953702 -35.9496 0.948749
0.953852 -35.9399 0.948899
0.954002 -35.9303  0.94905
0.954152 -35.9206   0.9492
0.954302 -35.9109  0.94935
0.954452 -35.9013   0.9495
0.954602 -35.8916   0.9495
0.954752 -35.8819  0.94965
0.954902 -35.8723   0.9498
0.955053 -35.8626  0.94995
0.955203  -35.853   0.9501
0.955353 -35.8433  0.95025
0.955503 -35.8337   0.9504
0.955653 -35.8241  0.95055
0.955803 -35.8144   0.9507
0.955953 -35.8048  0.95085
0.956103 -35.7952  0.95085
0.956253 -35.7855 0.951001
0.956403 -35.7759 0.951151
0.956553 -35.7663 0.951301
0.956703 -35.7567 0.951451
0.956853 -35.7471 0.951601
0.957004 -35.7375 0.951751
0.957154 -35.7279 0.951901
0.957304 -35.7183 0.952051
0.957454 -35.7087 0.952051
0.957604 -35.6991 0.952201
0.957754 -35.6895 0.952351
0.957904   -35.68 0.952501
0.958054 -35.6704 0.952651
0.958204 -35.6608 0.952801
0.958354 -35.6512 0.952951
0.958504 -35.6417 0.953102
0.958654 -35.6321 0.953252
0.958804 -35.6226 0.953252
0.958954  -35.613 0.953402
0.959105 -35.6034 0.953552
0.959255 -35.5939 0.953702
0.959405 -35.5844 0.953852
0.959555 -35.5748 0.954002
0.959705 -35.5653 0.954152
0.959855 -35.5557 0.954302
0.960005 -35.5462 0.954452
0.960155 -35.5367 0.954602
0.960305 -35.5272 0.954602
0.960455 -35.5176 0.954752
0.960605 -35.5081 0.954902
0.960755 -35.4986 0.955053
0.960905 -35.4891 0.955203
0.961056 -35.4796 0.955353
0.961206 -35.4701 0.955503
0.961356 -35.4606 0.955653
0.961506 -35.4511 0.955803
0.961656 -35.4416 0.955803
0.961806 -35.4321 0.955953
0.961956 -35.4227 0.956103
0.962106 -35.4132 0.956253
0.962256 -35.4037 0.956403
0.962406 -35.3942 0.956553
0.962556 -35.3848 0.956703
0.962706 -35.3753 0.956853
0.962856 -35.3659 0.957004
0.963007 -35.3564 0.957004
0.963157 -35.3469 0.957154
0.963307 -35.3375 0.957304
0.963457 -35.3281 0.957454
0.963607 -35.3186 0.957604
0.963757 -35.3092 0.957754
0.963907 -35.2997 0.957904
0.964057 -35.2903 0.958054
0.964207 -35.2809 0.958204
0.964357 -35.2715 0.958354
0.964507  -35.262 0.958354
0.964657 -35.2526 0.958504
0.964807 -35.2432 0.958654
0.964957 -35.2338 0.958804
0.965108 -35.2244 0.958954
0.965258  -35.215 0.959105
0.965408 -35.2056 0.959255
0.965558 -35.1962 0.959405
0.965708 -35.1868 0.959555
0.965858 -35.1774 0.959555
0.966008  -35.168 0.959705
0.966158 -35.1587 0.959855
0.966308 -35.1493 0.960005
0.966458 -35.1399 0.960155
0.966608 -35.1305 0.960305
0.966758 -35.1212 0.960455
0.966908 -35.1118 0.960605
0.967059 -35.1024 0.960755
0.967209 -35.0931 0.960905
0.967359 -35.0837 0.960905
0.967509 -35.0744 0.961056
0.967659  -35.065 0.961206
0.967809 -35.0557 0.961356
0.967959 -35.0464 0.961506
0.968109  -35.037 0.961656
0.968259 -35.0277 0.961806
0.968409 -35.0184 0.961956
0.968559 -35.0091 0.962106
0.968709 -34.9997 0.962106
0.968859 -34.9904 0.962256
 0.96901 -34.9811 0.962406
 0.96916 -34.9718 0.962556
 0.96931 -34.9625 0.962706
 0.96946 -34.9532 0.962856
 0.96961 -34.9439 0.963007
 0.96976 -34.9346 0.963157
 0.96991 -34.9253 0.963307
 0.97006  -34.916 0.963307
 0.97021 -34.9067 0.963457
 0.97036 -34.8974 0.963607
 0.97051 -34.8882 0.963757
 0.97066 -34.8789 0.963907
 0.97081 -34.8696 0.964057
 0.97096 -34.8604 0.964207
0.971111 -34.8511 0.964357
0.971261 -34.8418 0.964507
0.971411 -34.8326 0.964657
0.971561 -34.8233 0.964657
0.971711 -34.8141 0.964807
0.971861 -34.8048 0.964957
0.972011 -34.7956 0.965108
0.972161 -34.7863 0.965258
0.972311 -34.7771 0.965408
0.972461 -34.7679 0.965558
0.972611 -34.7586 0.965708
0.972761 -34.7494 0.965858
0.972911 -34.7402 0.966008
0.973062  -34.731 0.966008
0.973212 -34.7218 0.966158
0.973362 -34.7126 0.966308
0.973512 -34.7033 0.966458
0.973662 -34.6941 0.966608
0.973812 -34.6849 0.966758
0.973962 -34.6757 0.966908
0.974112 -34.6666 0.967059
0.974262 -34.6574 0.967209
0.974412 -34.6482 0.967209
0.974562  -34.639 0.967359
0.974712 -34.6298 0.967509
0.974862 -34.6206 0.967659
0.975013 -34.6115 0.967809
0.975163 -34.6023 0.967959
0.975313 -34.5931 0.968109
0.975463  -34.584 0.968259
0.975613 -34.5748 0.968409
0.975763 -34.5656 0.968409
0.975913 -34.5565 0.968559
0.976063 -34.5473 0.968709
0.976213 -34.5382 0.968859
0.976363 -34.5291  0.96901
0.976513 -34.5199  0.96916
0.976663 -34.5108  0.96931
0.976813 -34.5017  0.96946
0.976963 -34.4925  0.96961
0.977114 -34.4834  0.96976
0.977264 -34.4743  0.96976
0.977414 -34.4652  0.96991
0.977564  -34.456  0.97006
0.977714 -34.4469  0.97021
0.977864 -34.4378  0.97036
0.978014 -34.4287  0.97051
0.978164 -34.4196  0.97066
0.978314 -34.4105  0.97081
0.978464 -34.4014  0.97096
0.978614 -34.3923  0.97096
0.978764 -34.3833 0.971111
0.978914 -34.3742 0.971261
0.979065 -34.3651 0.971411
0.979215  -34.356 0.971561
0.979365 -34.3469 0.971711
0.979515 -34.3379 0.971861
0.979665 -34.3288 0.972011
0.979815 -34.3197 0.972161
0.979965 -34.3107 0.972311
0.980115 -34.3016 0.972311
0.980265 -34.2926 0.972461
0.980415 -34.2835 0.972611
0.980565 -34.2745 0.972761
0.980715 -34.2654 0.972911
0.980865 -34.2564 0.973062
0.981016 -34.2474 0.973212
0.981166 -34.2383 0.973362
0.981316 -34.2293 0.973512
0.981466 -34.2203 0.973662
0.981616 -34.2112 0.973662
0.981766 -34.2022 0.973812
0.981916 -34.1932 0.973962
0.982066 -34.1842 0.974112
0.982216 -34.1752 0.974262
0.982366 -34.1662 0.974412
0.982516 -34.1572 0.974562
0.982666 -34.1482 0.974712
0.982816 -34.1392 0.974862
0.982966 -34.1302 0.974862
0.983117 -34.1212 0.975013
0.983267 -34.1122 0.975163
0.983417 -34.1032 0.975313
0.983567 -34.0942 0.975463
0.983717 -34.0853 0.975613
0.983867 -34.0763 0.975763
0.984017 -34.0673 0.975913
0.984167 -34.0584 0.976063
0.984317 -34.0494 0.976213
0.984467 -34.0404 0.976213
0.984617 -34.0315 0.976363
0.984767 -34.0225 0.976513
0.984917 -34.0136 0.976663
0.985068 -34.0046 0.976813
0.985218 -33.9957 0.976963
0.985368 -33.9868 0.977114
0.985518 -33.9778 0.977264
0.985668 -33.9689 0.977414
0.985818   -33.96 0.977414
0.985968  -33.951 0.977564
0.986118 -33.9421 0.977714
0.986268 -33.9332 0.977864
0.986418 -33.9243 0.978014
0.986568 -33.9154 0.978164
0.986718 -33.9065 0.978314
0.986868 -33.8976 0.978464
0.987019 -33.8887 0.978614
0.987169 -33.8798 0.978764
0.987319 -33.8709 0.978764
0.987469  -33.862 0.978914
0.987619 -33.8531 0.979065
0.987769 -33.8442 0.979215
0.987919 -33.8353 0.979365
0.988069 -33.8264 0.979515
0.988219 -33.8176 0.979665
0.988369 -33.8087 0.979815
0.988519 -33.7998 0.979965
0.988669 -33.7909 0.979965
0.988819 -33.7821 0.980115
0.988969 -33.7732 0.980265
 0.98912 -33.7644 0.980415
 0.98927 -33.7555 0.980565
 0.98942 -33.7467 0.980715
 0.98957 -33.7378 0.980865
 0.98972  -33.729 0.981016
 0.98987 -33.7201 0.981166
 0.99002 -33.7113 0.981316
 0.99017 -33.7025 0.981316
 0.99032 -33.6936 0.981466
 0.99047 -33.6848 0.981616
 0.99062  -33.676 0.981766
 0.99077 -33.6672 0.981916
 0.99092 -33.6583 0.982066
0.991071 -33.6495 0.982216
0.991221 -33.6407 0.982366
0.991371 -33.6319 0.982516
0.991521 -33.6231 0.982516
0.991671 -33.6143 0.982666
0.991821 -33.6055 0.982816
0.991971 -33.5967 0.982966
0.992121 -33.5879 0.983117
0.992271 -33.5791 0.983267
0.992421 -33.5704 0.983417
0.992571 -33.5616 0.983567
0.992721 -33.5528 0.983717
0.992871  -33.544 0.983867
0.993022 -33.5352 0.983867
0.993172 -33.5265 0.984017
0.993322 -33.5177 0.984167
0.993472  -33.509 0.984317
0.993622 -33.5002 0.984467
0.993772 -33.4914 0.984617
0.993922 -33.4827 0.984767
0.994072 -33.4739 0.984917
0.994222 -33.4652 0.985068
0.994372 -33.4564 0.985218
0.994522 -33.4477 0.985218
0.994672  -33.439 0.985368
0.994822 -33.4302 0.985518
0.994972 -33.4215 0.985668
0.995123 -33.4128 0.985818
0.995273 -33.4041 0.985968
0.995423 -33.3953 0.986118
0.995573 -33.3866 0.986268
0.995723 -33.3779 0.986418
0.995873 -33.3692 0.986568
0.996023 -33.3605 0.986568
0.996173 -33.3518 0.986718
0.996323 -33.3431 0.986868
0.996473 -33.3344 0.987019
0.996623 -33.3257 0.987169
0.996773  -33.317 0.987319
0.996923 -33.3083 0.987469
0.997074 -33.2996 0.987619
0.997224 -33.2909 0.987769
0.997374 -33.2823 0.987769
0.997524 -33.2736 0.987919
0.997674 -33.2649 0.988069
0.997824 -33.2563 0.988219
0.997974 -33.2476 0.988369
0.998124 -33.2389 0.988519
0.998274 -33.2303 0.988669
0.998424 -33.2216 0.988819
0.998574  -33.213 0.988969
0.998724 -33.2043  0.98912
0.998874 -33.1957  0.98912
0.999025  -33.187  0.98927
0.999175 -33.1784  0.98942
0.999325 -33.1697  0.98957
0.999475 -33.1611  0.98972
0.999625 -33.1525  0.98987
0.999775 -33.1438  0.99002
0.999925 -33.1352  0.99017
 1.00008 -33.1266  0.99032
 1.00023  -33.118  0.99032
 1.00038 -33.1094  0.99047
 1.00053 -33.1007  0.99062
 1.00068 -33.0921  0.99077
 1.00083 -33.0835  0.99092
 1.00098 -33.0749 0.991071
 1.00113 -33.0663 0.991221
 1.00128 -33.0577 0.991371
 1.00143 -33.0491 0.991521
 1.00158 -33.0406 0.991671
 1.00173  -33.032 0.991671
 1.00188 -33.0234 0.991821
 1.00203 -33.0148 0.991971
 1.00218 -33.0062 0.992121
 1.00233 -32.9976 0.992271
 1.00248 -32.9891 0.992421
 1.00263 -32.9805 0.992571
 1.00278 -32.9719 0.992721
 1.00293 -32.9634 0.992871
 1.00308 -32.9548 0.993022
 1.00323 -32.9463 0.993022
 1.00338 -32.9377 0.993172
 1.00353 -32.9292 0.993322
 1.00368 -32.9206 0.993472
 1.00383 -32.9121 0.993622
 1.00398 -32.9035 0.993772
 1.00413  -32.895 0.993922
 1.00428 -32.8865 0.994072
 1.00443 -32.8779 0.994222
 1.00458 -32.8694 0.994222
 1.00473 -32.8609 0.994372
 1.00488 -32.8524 0.994522
 1.00503 -32.8438 0.994672
 1.00518 -32.8353 0.994822
 1.00533 -32.8268 0.994972
 1.00548 -32.8183 0.995123
 1.00563 -32.8098 0.995273
 1.00578 -32.8013 0.995423
 1.00593 -32.7928 0.995573
 1.00608 -32.7843 0.995573
 1.00623 -32.7758 0.995723
 1.00638 -32.7673 0.995873
 1.00653 -32.7588 0.996023
 1.00668 -32.7503 0.996173
 1.00683 -32.7419 0.996323
 1.00698 -32.7334 0.996473
 1.00713 -32.7249 0.996623
 1.00728 -32.7164 0.996773
 1.00743  -32.708 0.996923
 1.00758 -32.6995 0.996923
 1.00773  -32.691 0.997074
 1.00788 -32.6826 0.997224
 1.00803 -32.6741 0.997374
 1.00818 -32.6657 0.997524
 1.00833 -32.6572 0.997674
 1.00848 -32.6488 0.997824
 1.00863 -32.6403 0.997974
 1.00878 -32.6319 0.998124
 1.00893 -32.6234 0.998124
 1.00908  -32.615 0.998274
 1.00923 -32.6066 0.998424
 1.00938 -32.5982 0.998574
 1.00953 -32.5897 0.998724
 1.00968 -32.5813 0.998874
 1.00983 -32.5729 0.999025
 1.00998 -32.5645 0.999175
 1.01013 -32.5561 0.999325
 1.01028 -32.5476 0.999475
 1.01043 -32.5392 0.999475
 1.01058 -32.5308 0.999625
 1.01073 -32.5224 0.999775
 1.01088  -32.514 0.999925
 1.01103 -32.5056  1.00008
 1.01118 -32.4972  1.00023
 1.01133 -32.4889  1.00038
 1.01148 -32.4805  1.00053
 1.01163 -32.4721  1.00068
 1.01178 -32.4637  1.00083
 1.01193 -32.4553  1.00083
 1.01208 -32.4469  1.00098
 1.01223 -32.4386  1.00113
 1.01238 -32.4302  1.00128
 1.01253 -32.4218  1.00143
 1.01268 -32.4135  1.00158
 1.01283 -32.4051  1.00173
 1.01298 -32.3968  1.00188
 1.01313 -32.3884  1.00203
 1.01328 -32.3801  1.00218
 1.01343 -32.3717  1.00218
 1.01358 -32.3634  1.00233
 1.01373  -32.355  1.00248
 1.01388 -32.3467  1.00263
 1.01403 -32.3384  1.00278
 1.01418   -32.33  1.00293
 1.01433 -32.3217  1.00308
 1.01448 -32.3134  1.00323
 1.01463  -32.305  1.00338
 1.01478 -32.2967  1.00338
 1.01493 -32.2884  1.00353
 1.01508 -32.2801  1.00368
 1.01523 -32.2718  1.00383
 1.01538 -32.2635  1.00398
 1.01553 -32.2552  1.00413
 1.01568 -32.2469  1.00428
 1.01583 -32.2386  1.00443
 1.01598 -32.2303  1.00458
 1.01613  -32.222  1.00473
 1.01628 -32.2137  1.00473
 1.01643 -32.2054  1.00488
 1.01658 -32.1971  1.00503
 1.01673 -32.1888  1.00518
 1.01688 -32.1806  1.00533
 1.01703 -32.1723  1.00548
 1.01718  -32.164  1.00563
 1.01733 -32.1557  1.00578
 1.01748 -32.1475  1.00593
 1.01763 -32.1392  1.00608
 1.01778  -32.131  1.00608
 1.01793 -32.1227  1.00623
 1.01808 -32.1144  1.00638
 1.01823 -32.1062  1.00653
 1.01838 -32.0979  1.00668
 1.01853 -32.0897  1.00683
 1.01868 -32.0815  1.00698
 1.01883 -32.0732  1.00713
 1.01898  -32.065  1.00728
 1.01913 -32.0567  1.00728
 1.01928 -32.0485  1.00743
 1.01943 -32.0403  1.00758
 1.01958 -32.0321  1.00773
 1.01973 -32.0238  1.00788
 1.01988 -32.0156  1.00803
 1.02004 -32.0074  1.00818
 1.02019 -31.9992  1.00833
 1.02034  -31.991  1.00848
 1.02049 -31.9828  1.00863
 1.02064 -31.9746  1.00863
 1.02079 -31.9664  1.00878
 1.02094 -31.9582  1.00893
 1.02109   -31.95  1.00908
 1.02124 -31.9418  1.00923
 1.02139 -31.9336  1.00938
 1.02154 -31.9254  1.00953
 1.02169 -31.9172  1.00968
 1.02184  -31.909  1.00983
 1.02199 -31.9009  1.00998
 1.02214 -31.8927  1.00998
 1.02229 -31.8845  1.01013
 1.02244 -31.8763  1.01028
 1.02259 -31.8682  1.01043
 1.02274   -31.86  1.01058
 1.02289 -31.8519  1.01073
 1.02304 -31.8437  1.01088
 1.02319 -31.8355  1.01103
 1.02334 -31.8274  1.01118
 1.02349 -31.8192  1.01133
 1.02364 -31.8111  1.01133
 1.02379  -31.803  1.01148
 1.02394 -31.7948  1.01163
 1.02409 -31.7867  1.01178
 1.02424 -31.7785  1.01193
 1.02439 -31.7704  1.01208
 1.02454 -31.7623  1.01223
 1.02469 -31.7542  1.01238
 1.02484  -31.746  1.01253
 1.02499 -31.7379  1.01268
 1.02514 -31.7298  1.01268
 1.02529 -31.7217  1.01283
 1.02544 -31.7136  1.01298
 1.02559 -31.7055  1.01313
 1.02574 -31.6974  1.01328
 1.02589 -31.6893  1.01343
 1.02604 -31.6812  1.01358
 1.02619 -31.6731  1.01373
 1.02634  -31.665  1.01388
 1.02649 -31.6569  1.01388
 1.02664 -31.6488  1.01403
 1.02679 -31.6407  1.01418
 1.02694 -31.6326  1.01433
 1.02709 -31.6245  1.01448
 1.02724 -31.6165  1.01463
 1.02739 -31.6084  1.01478
 1.02754 -31.6003  1.01493
 1.02769 -31.5923  1.01508
 1.02784 -31.5842  1.01523
 1.02799 -31.5761  1.01523
 1.02814 -31.5681  1.01538
 1.02829   -31.56  1.01553
 1.02844  -31.552  1.01568
 1.02859 -31.5439  1.01583
 1.02874 -31.5359  1.01598
 1.02889 -31.5278  1.01613
 1.02904 -31.5198  1.01628
 1.02919 -31.5117  1.01643
 1.02934 -31.5037  1.01658
 1.02949 -31.4957  1.01658
 1.02964 -31.4876  1.01673
 1.02979 -31.4796  1.01688
 1.02994 -31.4716  1.01703
 1.03009 -31.4636  1.01718
 1.03024 -31.4555  1.01733
 1.03039 -31.4475  1.01748
 1.03054 -31.4395  1.01763
 1.03069 -31.4315  1.01778
 1.03084 -31.4235  1.01778
 1.03099 -31.4155  1.01793
 1.03114 -31.4075  1.01808
 1.03129 -31.3995  1.01823
 1.03144 -31.3915  1.01838
 1.03159 -31.3835  1.01853
 1.03174 -31.3755  1.01868
 1.03189 -31.3675  1.01883
 1.03204 -31.3595  1.01898
 1.03219 -31.3515  1.01913
 1.03234 -31.3436  1.01913
 1.03249 -31.3356  1.01928
 1.03264 -31.3276  1.01943
 1.03279 -31.3196  1.01958
 1.03294 -31.3117  1.01973
 1.03309 -31.3037  1.01988
 1.03324 -31.2958  1.02004
 1.03339 -31.2878  1.02019
 1.03354 -31.2798  1.02034
 1.03369 -31.2719  1.02049
 1.03384 -31.2639  1.02049
 1.03399  -31.256  1.02064
 1.03414  -31.248  1.02079
 1.03429 -31.2401  1.02094
 1.03444 -31.2322  1.02109
 1.03459 -31.2242  1.02124
 1.03474 -31.2163  1.02139
 1.03489 -31.2084  1.02154
 1.03504 -31.2004  1.02169
 1.03519 -31.1925  1.02169
 1.03534 -31.1846  1.02184
 1.03549 -31.1767  1.02199
 1.03564 -31.1687  1.02214
 1.03579 -31.1608  1.02229
 1.03594 -31.1529  1.02244
 1.03609  -31.145  1.02259
 1.03624 -31.1371  1.02274
 1.03639 -31.1292  1.02289
 1.03654 -31.1213  1.02304
 1.03669 -31.1134  1.02304
 1.03684 -31.1055  1.02319
 1.03699 -31.0976  1.02334
 1.03714 -31.0897  1.02349
 1.03729 -31.0818  1.02364
 1.03744 -31.0739  1.02379
 1.03759 -31.0661  1.02394
 1.03774 -31.0582  1.02409
 1.03789 -31.0503  1.02424
 1.03804 -31.0424  1.02439
 1.03819 -31.0346  1.02439
 1.03834 -31.0267  1.02454
 1.03849 -31.0188  1.02469
 1.03864  -31.011  1.02484
 1.03879 -31.0031  1.02499
 1.03894 -30.9953  1.02514
 1.03909 -30.9874  1.02529
 1.03924 -30.9796  1.02544
 1.03939 -30.9717  1.02559
 1.03954 -30.9639  1.02559
 1.03969  -30.956  1.02574
 1.03984 -30.9482  1.02589
 1.03999 -30.9403  1.02604
 1.04015 -30.9325  1.02619
  1.0403 -30.9247  1.02634
 1.04045 -30.9168  1.02649
  1.0406  -30.909  1.02664
 1.04075 -30.9012  1.02679
  1.0409 -30.8934  1.02694
 1.04105 -30.8856  1.02709
  1.0412 -30.8777  1.02709
 1.04135 -30.8699  1.02724
  1.0415 -30.8621  1.02739
 1.04165 -30.8543  1.02754
  1.0418 -30.8465  1.02769
 1.04195 -30.8387  1.02784
  1.0421 -30.8309  1.02799
 1.04225 -30.8231  1.02814
  1.0424 -30.8153  1.02829
 1.04255 -30.8075  1.02829
  1.0427 -30.7997  1.02844
 1.04285  -30.792  1.02859
   1.043 -30.7842  1.02874
 1.04315 -30.7764  1.02889
  1.0433 -30.7686  1.02904
 1.04345 -30.7609  1.02919
  1.0436 -30.7531  1.02934
 1.04375 -30.7453  1.02949
  1.0439 -30.7375  1.02964
 1.04405 -30.7298  1.02964
  1.0442  -30.722  1.02979
 1.04435 -30.7143  1.02994
  1.0445 -30.7065  1.03009
 1.04465 -30.6988  1.03024
  1.0448  -30.691  1.03039
 1.04495 -30.6833  1.03054
  1.0451 -30.6755  1.03069
 1.04525 -30.6678  1.03084
  1.0454   -30.66  1.03084
 1.04555 -30.6523  1.03099
  1.0457 -30.6446  1.03114
 1.04585 -30.6368  1.03129
   1.046 -30.6291  1.03144
 1.04615 -30.6214  1.03159
  1.0463 -30.6137  1.03174
 1.04645 -30.6059  1.03189
  1.0466 -30.5982  1.03204
 1.04675 -30.5905  1.03219
  1.0469 -30.5828  1.03219
 1.04705 -30.5751  1.03234
  1.0472 -30.5674  1.03249
 1.04735 -30.5597  1.03264
  1.0475  -30.552  1.03279
 1.04765 -30.5443  1.03294
  1.0478 -30.5366  1.03309
 1.04795 -30.5289  1.03324
  1.0481 -30.5212  1.03339
 1.04825 -30.5135  1.03354
  1.0484 -30.5058  1.03354
 1.04855 -30.4982  1.03369
  1.0487 -30.4905  1.03384
 1.04885 -30.4828  1.03399
   1.049 -30.4751  1.03414
 1.04915 -30.4675  1.03429
  1.0493 -30.4598  1.03444
 1.04945 -30.4521  1.03459
  1.0496 -30.4445  1.03474
 1.04975 -30.4368  1.03474
  1.0499 -30.4291  1.03489
 1.05005 -30.4215  1.03504
  1.0502 -30.4138  1.03519
 1.05035 -30.4062  1.03534
  1.0505 -30.3985  1.03549
 1.05065 -30.3909  1.03564
  1.0508 -30.3833  1.03579
 1.05095 -30.3756  1.03594
  1.0511  -30.368  1.03609
 1.05125 -30.3603  1.03609
  1.0514 -30.3527  1.03624
 1.05155 -30.3451  1.03639
  1.0517 -30.3375  1.03654
 1.05185 -30.3298  1.03669
   1.052 -30.3222  1.03684
 1.05215 -30.3146  1.03699
  1.0523  -30.307  1.03714
 1.05245 -30.2994  1.03729
  1.0526 -30.2918  1.03744
 1.05275 -30.2842  1.03744
  1.0529 -30.2766  1.03759
 1.05305  -30.269  1.03774
  1.0532 -30.2614  1.03789
 1.05335 -30.2538  1.03804
  1.0535 -30.2462  1.03819
 1.05365 -30.2386  1.03834
  1.0538  -30.231  1.03849
 1.05395 -30.2234  1.03864
  1.0541 -30.2158  1.03864
 1.05425 -30.2082  1.03879
  1.0544 -30.2007  1.03894
 1.05455 -30.1931  1.03909
  1.0547 -30.1855  1.03924
 1.05485 -30.1779  1.03939
   1.055 -30.1704  1.03954
 1.05515 -30.1628  1.03969
  1.0553 -30.1552  1.03984
 1.05545 -30.1477  1.03999
  1.0556 -30.1401  1.03999
 1.05575 -30.1326  1.04015
  1.0559  -30.125   1.0403
 1.05605 -30.1175  1.04045
  1.0562 -30.1099   1.0406
 1.05635 -30.1024  1.04075
  1.0565 -30.0948   1.0409
 1.05665 -30.0873  1.04105
  1.0568 -30.0798   1.0412
 1.05695 -30.0722  1.04135
  1.0571 -30.0647  1.04135
 1.05725 -30.0572   1.0415
  1.0574 -30.0497  1.04165
 1.05755 -30.0421   1.0418
  1.0577 -30.0346  1.04195
 1.05785 -30.0271   1.0421
   1.058 -30.0196  1.04225
 1.05815 -30.0121   1.0424
  1.0583 -30.0046  1.04255
 1.05845  -29.997   1.0427
  1.0586 -29.9895   1.0427
 1.05875  -29.982  1.04285
  1.0589 -29.9745    1.043
 1.05905  -29.967  1.04315
  1.0592 -29.9595   1.0433
 1.05935 -29.9521  1.04345
  1.0595 -29.9446   1.0436
 1.05965 -29.9371  1.04375
  1.0598 -29.9296   1.0439
 1.05995 -29.9221  1.04405
 1.06011 -29.9146  1.04405
 1.06026 -29.9072   1.0442
 1.06041 -29.8997  1.04435
 1.06056 -29.8922   1.0445
 1.06071 -29.8847  1.04465
 1.06086 -29.8773   1.0448
 1.06101 -29.8698  1.04495
 1.06116 -29.8624   1.0451
 1.06131 -29.8549  1.04525
 1.06146 -29.8474   1.0454
 1.06161   -29.84   1.0454
 1.06176 -29.8325  1.04555
 1.06191 -29.8251   1.0457
 1.06206 -29.8177  1.04585
 1.06221 -29.8102    1.046
 1.06236 -29.8028  1.04615
 1.06251 -29.7953   1.0463
 1.06266 -29.7879  1.04645
 1.06281 -29.7805   1.0466
 1.06296  -29.773   1.0466
 1.06311 -29.7656  1.04675
 1.06326 -29.7582   1.0469
 1.06341 -29.7508  1.04705
 1.06356 -29.7433   1.0472
 1.06371 -29.7359  1.04735
 1.06386 -29.7285   1.0475
 1.06401 -29.7211  1.04765
 1.06416 -29.7137   1.0478
 1.06431 -29.7063  1.04795
 1.06446 -29.6989  1.04795
 1.06461 -29.6915   1.0481
 1.06476 -29.6841  1.04825
 1.06491 -29.6767   1.0484
 1.06506 -29.6693  1.04855
 1.06521 -29.6619   1.0487
 1.06536 -29.6545  1.04885
 1.06551 -29.6471    1.049
 1.06566 -29.6397  1.04915
 1.06581 -29.6324   1.0493
 1.06596  -29.625   1.0493
 1.06611 -29.6176  1.04945
 1.06626 -29.6102   1.0496
 1.06641 -29.6029  1.04975
 1.06656 -29.5955   1.0499
 1.06671 -29.5881  1.05005
 1.06686 -29.5808   1.0502
 1.06701 -29.5734  1.05035
 1.06716  -29.566   1.0505
 1.06731 -29.5587   1.0505
 1.06746 -29.5513  1.05065
 1.06761  -29.544   1.0508
 1.06776 -29.5366  1.05095
 1.06791 -29.5293   1.0511
 1.06806  -29.522  1.05125
 1.06821 -29.5146   1.0514
 1.06836 -29.5073  1.05155
 1.06851 -29.4999   1.0517
 1.06866 -29.4926  1.05185
 1.06881 -29.4853  1.05185
 1.06896 -29.4779    1.052
 1.06911 -29.4706  1.05215
 1.06926 -29.4633   1.0523
 1.06941  -29.456  1.05245
 1.06956 -29.4487   1.0526
 1.06971 -29.4413  1.05275
 1.06986  -29.434   1.0529
 1.07001 -29.4267  1.05305
 1.07016 -29.4194   1.0532
 1.07031 -29.4121   1.0532
 1.07046 -29.4048  1.05335
 1.07061 -29.3975   1.0535
 1.07076 -29.3902  1.05365
 1.07091 -29.3829   1.0538
 1.07106 -29.3756  1.05395
 1.07121 -29.3683   1.0541
 1.07136  -29.361  1.05425
 1.07151 -29.3538   1.0544
 1.07166 -29.3465   1.0544
 1.07181 -29.3392  1.05455
 1.07196 -29.3319   1.0547
 1.07211 -29.3246  1.05485
 1.07226 -29.3174    1.055
 1.07241 -29.3101  1.05515
 1.07256 -29.3028   1.0553
 1.07271 -29.2956  1.05545
 1.07286 -29.2883   1.0556
 1.07301  -29.281  1.05575
 1.07316 -29.2738  1.05575
 1.07331 -29.2665   1.0559
 1.07346 -29.2593  1.05605
 1.07361  -29.252   1.0562
 1.07376 -29.2448  1.05635
 1.07391 -29.2375   1.0565
 1.07406 -29.2303  1.05665
 1.07421 -29.2231   1.0568
 1.07436 -29.2158  1.05695
 1.07451 -29.2086   1.0571
 1.07466 -29.2014   1.0571
 1.07481 -29.1941  1.05725
 1.07496 -29.1869   1.0574
 1.07511 -29.1797  1.05755
 1.07526 -29.1724   1.0577
 1.07541 -29.1652  1.05785
 1.07556  -29.158    1.058
 1.07571 -29.1508  1.05815
 1.07586 -29.1436   1.0583
 1.07601 -29.1364   1.0583
 1.07616 -29.1292  1.05845
 1.07631  -29.122   1.0586
 1.07646 -29.1148  1.05875
 1.07661 -29.1075   1.0589
 1.07676 -29.1004  1.05905
 1.07691 -29.0932   1.0592
 1.07706  -29.086  1.05935
 1.07721 -29.0788   1.0595
 1.07736 -29.0716  1.05965
 1.07751 -29.0644  1.05965
 1.07766 -29.0572   1.0598
 1.07781   -29.05  1.05995
 1.07796 -29.0429  1.06011
 1.07811 -29.0357  1.06026
 1.07826 -29.0285  1.06041
 1.07841 -29.0213  1.06056
 1.07856 -29.0142  1.06071
 1.07871  -29.007  1.06086
 1.07886 -28.9998  1.06101
 1.07901 -28.9927  1.06101
 1.07916 -28.9855  1.06116
 1.07931 -28.9784  1.06131
 1.07946 -28.9712  1.06146
 1.07961 -28.9641  1.06161
 1.07976 -28.9569  1.06176
 1.07991 -28.9498  1.06191
 1.08007 -28.9426  1.06206
 1.08022 -28.9355  1.06221
 1.08037 -28.9283  1.06236
 1.08052 -28.9212  1.06236
 1.08067 -28.9141  1.06251
 1.08082 -28.9069  1.06266
 1.08097 -28.8998  1.06281
 1.08112 -28.8927  1.06296
 1.08127 -28.8855  1.06311
 1.08142 -28.8784  1.06326
 1.08157 -28.8713  1.06341
 1.08172 -28.8642  1.06356
 1.08187 -28.8571  1.06356
 1.08202   -28.85  1.06371
 1.08217 -28.8428  1.06386
 1.08232 -28.8357  1.06401
 1.08247 -28.8286  1.06416
 1.08262 -28.8215  1.06431
 1.08277 -28.8144  1.06446
 1.08292 -28.8073  1.06461
 1.08307 -28.8002  1.06476
 1.08322 -28.7931  1.06491
 1.08337 -28.7861  1.06491
 1.08352  -28.779  1.06506
 1.08367 -28.7719  1.06521
 1.08382 -28.7648  1.06536
 1.08397 -28.7577  1.06551
 1.08412 -28.7506  1.06566
 1.08427 -28.7436  1.06581
 1.08442 -28.7365  1.06596
 1.08457 -28.7294  1.06611
 1.08472 -28.7223  1.06626
 1.08487 -28.7153  1.06626
 1.08502 -28.7082  1.06641
 1.08517 -28.7011  1.06656
 1.08532 -28.6941  1.06671
 1.08547  -28.687  1.06686
 1.08562   -28.68  1.06701
 1.08577 -28.6729  1.06716
 1.08592 -28.6659  1.06731
 1.08607 -28.6588  1.06746
 1.08622 -28.6518  1.06746
 1.08637 -28.6447  1.06761
 1.08652 -28.6377  1.06776
 1.08667 -28.6307  1.06791
 1.08682 -28.6236  1.06806
 1.08697 -28.6166  1.06821
 1.08712 -28.6096  1.06836
 1.08727 -28.6025  1.06851
 1.08742 -28.5955  1.06866
 1.08757 -28.5885  1.06881
 1.08772 -28.5815  1.06881
 1.08787 -28.5744  1.06896
 1.08802 -28.5674  1.06911
 1.08817 -28.5604  1.06926
 1.08832 -28.5534  1.06941
 1.08847 -28.5464  1.06956
 1.08862 -28.5394  1.06971
 1.08877 -28.5324  1.06986
 1.08892 -28.5254  1.07001
 1.08907 -28.5184  1.07016
 1.08922 -28.5114  1.07016
 1.08937 -28.5044  1.07031
 1.08952 -28.4974  1.07046
 1.08967 -28.4904  1.07061
 1.08982 -28.4834  1.07076
 1.08997 -28.4764  1.07091
 1.09012 -28.4694  1.07106
 1.09027 -28.4625  1.07121
 1.09042 -28.4555  1.07136
 1.09057 -28.4485  1.07136
 1.09072 -28.4415  1.07151
 1.09087 -28.4346  1.07166
 1.09102 -28.4276  1.07181
 1.09117 -28.4206  1.07196
 1.09132 -28.4137  1.07211
 1.09147 -28.4067  1.07226
 1.09162 -28.3997  1.07241
 1.09177 -28.3928  1.07256
 1.09192 -28.3858  1.07271
 1.09207 -28.3789  1.07271
 1.09222 -28.3719  1.07286
 1.09237  -28.365  1.07301
 1.09252  -28.358  1.07316
 1.09267 -28.3511  1.07331
 1.09282 -28.3441  1.07346
 1.09297 -28.3372  1.07361
 1.09312 -28.3303  1.07376
 1.09327 -28.3233  1.07391
 1.09342 -28.3164  1.07406
 1.09357 -28.3095  1.07406
 1.09372 -28.3025  1.07421
 1.09387 -28.2956  1.07436
 1.09402 -28.2887  1.07451
 1.09417 -28.2818  1.07466
 1.09432 -28.2749  1.07481
 1.09447 -28.2679  1.07496
 1.09462  -28.261  1.07511
 1.09477 -28.2541  1.07526
 1.09492 -28.2472  1.07541
 1.09507 -28.2403  1.07541
 1.09522 -28.2334  1.07556
 1.09537 -28.2265  1.07571
 1.09552 -28.2196  1.07586
 1.09567 -28.2127  1.07601
 1.09582 -28.2058  1.07616
 1.09597 -28.1989  1.07631
 1.09612  -28.192  1.07646
 1.09627 -28.1851  1.07661
 1.09642 -28.1783  1.07661
 1.09657 -28.1714  1.07676
 1.09672 -28.1645  1.07691
 1.09687 -28.1576  1.07706
 1.09702 -28.1507  1.07721
 1.09717 -28.1439  1.07736
 1.09732  -28.137  1.07751
 1.09747 -28.1301  1.07766
 1.09762 -28.1233  1.07781
 1.09777 -28.1164  1.07796
 1.09792 -28.1095  1.07796
 1.09807 -28.1027  1.07811
 1.09822 -28.0958  1.07826
 1.09837  -28.089  1.07841
 1.09852 -28.0821  1.07856
 1.09867 -28.0753  1.07871
 1.09882 -28.0684  1.07886
 1.09897 -28.0616  1.07901
 1.09912 -28.0547  1.07916
 1.09927 -28.0479  1.07931
 1.09942  -28.041  1.07931
 1.09957 -28.0342  1.07946
 1.09972 -28.0274  1.07961
 1.09987 -28.0205  1.07976
 1.10003 -28.0137  1.07991
 1.10018 -28.0069  1.08007
 1.10033 -28.0001  1.08022
 1.10048 -27.9932  1.08037
 1.10063 -27.9864  1.08052
 1.10078 -27.9796  1.08052
 1.10093 -27.9728  1.08067
 1.10108  -27.966  1.08082
 1.10123 -27.9591  1.08097
 1.10138 -27.9523  1.08112
 1.10153 -27.9455  1.08127
 1.10168 -27.9387  1.08142
 1.10183 -27.9319  1.08157
 1.10198 -27.9251  1.08172
 1.10213 -27.9183  1.08187
 1.10228 -27.9115  1.08187
 1.10243 -27.9047  1.08202
 1.10258 -27.8979  1.08217
 1.10273 -27.8912  1.08232
 1.10288 -27.8844  1.08247
 1.10303 -27.8776  1.08262
 1.10318 -27.8708  1.08277
 1.10333  -27.864  1.08292
 1.10348 -27.8573  1.08307
 1.10363 -27.8505  1.08322
 1.10378 -27.8437  1.08322
 1.10393 -27.8369  1.08337
 1.10408 -27.8302  1.08352
 1.10423 -27.8234  1.08367
 1.10438 -27.8166  1.08382
 1.10453 -27.8099  1.08397
 1.10468 -27.8031  1.08412
 1.10483 -27.7964  1.08427
 1.10498 -27.7896  1.08442
 1.10513 -27.7829  1.08442
 1.10528 -27.7761  1.08457
 1.10543 -27.7694  1.08472
 1.10558 -27.7626  1.08487
 1.10573 -27.7559  1.08502
 1.10588 -27.7491  1.08517
 1.10603 -27.7424  1.08532
 1.10618 -27.7357  1.08547
 1.10633 -27.7289  1.08562
 1.10648 -27.7222  1.08577
 1.10663 -27.7155  1.08577
 1.10678 -27.7087  1.08592
 1.10693  -27.702  1.08607
 1.10708 -27.6953  1.08622
 1.10723 -27.6886  1.08637
 1.10738 -27.6818  1.08652
 1.10753 -27.6751  1.08667
 1.10768 -27.6684  1.08682
 1.10783 -27.6617  1.08697
 1.10798  -27.655  1.08712
 1.10813 -27.6483  1.08712
 1.10828 -27.6416  1.08727
 1.10843 -27.6349  1.08742
 1.10858 -27.6282  1.08757
 1.10873 -27.6215  1.08772
 1.10888 -27.6148  1.08787
 1.10903 -27.6081  1.08802
 1.10918 -27.6014  1.08817
 1.10933 -27.5947  1.08832
 1.10948  -27.588  1.08832
 1.10963 -27.5813  1.08847
 1.10978 -27.5747  1.08862
 1.10993  -27.568  1.08877
 1.11008 -27.5613  1.08892
 1.11023 -27.5546  1.08907
 1.11038 -27.5479  1.08922
 1.11053 -27.5413  1.08937
 1.11068 -27.5346  1.08952
 1.11083 -27.5279  1.08967
 1.11098 -27.5213  1.08967
 1.11113 -27.5146  1.08982
 1.11128 -27.5079  1.08997
 1.11143 -27.5013  1.09012
 1.11158 -27.4946  1.09027
 1.11173  -27.488  1.09042
 1.11188 -27.4813  1.09057
 1.11203 -27.4747  1.09072
 1.11218  -27.468  1.09087
 1.11233 -27.4614  1.09087
 1.11248 -27.4547  1.09102
 1.11263 -27.4481  1.09117
 1.11278 -27.4415  1.09132
 1.11293 -27.4348  1.09147
 1.11308 -27.4282  1.09162
 1.11323 -27.4216  1.09177
 1.11338 -27.4149  1.09192
 1.11353 -27.4083  1.09207
 1.11368 -27.4017  1.09222
 1.11383 -27.3951  1.09222
 1.11398 -27.3884  1.09237
 1.11413 -27.3818  1.09252
 1.11428 -27.3752  1.09267
 1.11443 -27.3686  1.09282
 1.11458  -27.362  1.09297
 1.11473 -27.3554  1.09312
 1.11488 -27.3488  1.09327
 1.11503 -27.3422  1.09342
 1.11518 -27.3356  1.09357
 1.11533  -27.329  1.09357
 1.11548 -27.3224  1.09372
 1.11563 -27.3158  1.09387
 1.11578 -27.3092  1.09402
 1.11593 -27.3026  1.09417
 1.11608  -27.296  1.09432
 1.11623 -27.2894  1.09447
 1.11638 -27.2828  1.09462
 1.11653 -27.2762  1.09477
 1.11668 -27.2697  1.09477
 1.11683 -27.2631  1.09492
 1.11698 -27.2565  1.09507
 1.11713 -27.2499  1.09522
 1.11728 -27.2433  1.09537
 1.11743 -27.2368  1.09552
 1.11758 -27.2302  1.09567
 1.11773 -27.2236  1.09582
 1.11788 -27.2171  1.09597
 1.11803 -27.2105  1.09612
 1.11818  -27.204  1.09612
 1.11833 -27.1974  1.09627
 1.11848 -27.1908  1.09642
 1.11863 -27.1843  1.09657
 1.11878 -27.1777  1.09672
 1.11893 -27.1712  1.09687
 1.11908 -27.1647  1.09702
 1.11923 -27.1581  1.09717
 1.11938 -27.1516  1.09732
 1.11953  -27.145  1.09747
 1.11968 -27.1385  1.09747
 1.11983  -27.132  1.09762
 1.11998 -27.1254  1.09777
 1.12014 -27.1189  1.09792
 1.12029 -27.1124  1.09807
 1.12044 -27.1058  1.09822
 1.12059 -27.0993  1.09837
 1.12074 -27.0928  1.09852
 1.12089 -27.0863  1.09867
 1.12104 -27.0797  1.09867
 1.12119 -27.0732  1.09882
 1.12134 -27.0667  1.09897
 1.12149 -27.0602  1.09912
 1.12164 -27.0537  1.09927
 1.12179 -27.0472  1.09942
 1.12194 -27.0407  1.09957
 1.12209 -27.0342  1.09972
 1.12224 -27.0277  1.09987
 1.12239 -27.0212  1.10003
 1.12254 -27.0147  1.10003
 1.12269 -27.0082  1.10018
 1.12284 -27.0017  1.10033
 1.12299 -26.9952  1.10048
 1.12314 -26.9887  1.10063
 1.12329 -26.9822  1.10078
 1.12344 -26.9758  1.10093
 1.12359 -26.9693  1.10108
 1.12374 -26.9628  1.10123
 1.12389 -26.9563  1.10138
 1.12404 -26.9498  1.10138
 1.12419 -26.9434  1.10153
 1.12434 -26.9369  1.10168
 1.12449 -26.9304  1.10183
 1.12464  -26.924  1.10198
 1.12479 -26.9175  1.10213
 1.12494  -26.911  1.10228
 1.12509 -26.9046  1.10243
 1.12524 -26.8981  1.10258
 1.12539 -26.8917  1.10258
 1.12554 -26.8852  1.10273
 1.12569 -26.8788  1.10288
 1.12584 -26.8723  1.10303
 1.12599 -26.8659  1.10318
 1.12614 -26.8594  1.10333
 1.12629  -26.853  1.10348
 1.12644 -26.8465  1.10363
 1.12659 -26.8401  1.10378
 1.12674 -26.8337  1.10393
 1.12689 -26.8272  1.10393
 1.12704 -26.8208  1.10408
 1.12719 -26.8144  1.10423
 1.12734 -26.8079  1.10438
 1.12749 -26.8015  1.10453
 1.12764 -26.7951  1.10468
 1.12779 -26.7887  1.10483
 1.12794 -26.7822  1.10498
 1.12809 -26.7758  1.10513
 1.12824 -26.7694  1.10513
 1.12839  -26.763  1.10528
 1.12854 -26.7566  1.10543
 1.12869 -26.7502  1.10558
 1.12884 -26.7438  1.10573
 1.12899 -26.7374  1.10588
 1.12914  -26.731  1.10603
 1.12929 -26.7246  1.10618
 1.12944 -26.7182  1.10633
 1.12959 -26.7118  1.10648
 1.12974 -26.7054  1.10648
 1.12989  -26.699  1.10663
 1.13004 -26.6926  1.10678
 1.13019 -26.6862  1.10693
 1.13034 -26.6798  1.10708
 1.13049 -26.6734  1.10723
 1.13064 -26.6671  1.10738
 1.13079 -26.6607  1.10753
 1.13094 -26.6543  1.10768
 1.13109 -26.6479  1.10783
 1.13124 -26.6415  1.10783
 1.13139 -26.6352  1.10798
 1.13154 -26.6288  1.10813
 1.13169 -26.6224  1.10828
 1.13184 -26.6161  1.10843
 1.13199 -26.6097  1.10858
 1.13214 -26.6033  1.10873
 1.13229  -26.597  1.10888
 1.13244 -26.5906  1.10903
 1.13259 -26.5843  1.10903
 1.13274 -26.5779  1.10918
 1.13289 -26.5716  1.10933
 1.13304 -26.5652  1.10948
 1.13319 -26.5589  1.10963
 1.13334 -26.5525  1.10978
 1.13349 -26.5462  1.10993
 1.13364 -26.5399  1.11008
 1.13379 -26.5335  1.11023
 1.13394 -26.5272  1.11038
 1.13409 -26.5209  1.11038
 1.13424 -26.5145  1.11053
 1.13439 -26.5082  1.11068
 1.13454 -26.5019  1.11083
 1.13469 -26.4955  1.11098
 1.13484 -26.4892  1.11113
 1.13499 -26.4829  1.11128
 1.13514 -26.4766  1.11143
 1.13529 -26.4703  1.11158
 1.13544 -26.4639  1.11173
 1.13559 -26.4576  1.11173
 1.13574 -26.4513  1.11188
 1.13589  -26.445  1.11203
 1.13604 -26.4387  1.11218
 1.13619 -26.4324  1.11233
 1.13634 -26.4261  1.11248
 1.13649 -26.4198  1.11263
 1.13664 -26.4135  1.11278
 1.13679 -26.4072  1.11293
 1.13694 -26.4009  1.11293
 1.13709 -26.3946  1.11308
 1.13724 -26.3883  1.11323
 1.13739  -26.382  1.11338
 1.13754 -26.3758  1.11353
 1.13769 -26.3695  1.11368
 1.13784 -26.3632  1.11383
 1.13799 -26.3569  1.11398
 1.13814 -26.3506  1.11413
 1.13829 -26.3444  1.11428
 1.13844 -26.3381  1.11428
 1.13859 -26.3318  1.11443
 1.13874 -26.3255  1.11458
 1.13889 -26.3193  1.11473
 1.13904  -26.313  1.11488
 1.13919 -26.3067  1.11503
 1.13934 -26.3005  1.11518
 1.13949 -26.2942  1.11533
 1.13964  -26.288  1.11548
 1.13979 -26.2817  1.11548
 1.13994 -26.2755  1.11563
  1.1401 -26.2692  1.11578
 1.14025  -26.263  1.11593
  1.1404 -26.2567  1.11608
 1.14055 -26.2505  1.11623
  1.1407 -26.2442  1.11638
 1.14085  -26.238  1.11653
   1.141 -26.2317  1.11668
 1.14115 -26.2255  1.11683
  1.1413 -26.2193  1.11683
 1.14145  -26.213  1.11698
  1.1416 -26.2068  1.11713
 1.14175 -26.2006  1.11728
  1.1419 -26.1943  1.11743
 1.14205 -26.1881  1.11758
  1.1422 -26.1819  1.11773
 1.14235 -26.1757  1.11788
  1.1425 -26.1695  1.11803
 1.14265 -26.1632  1.11803
  1.1428  -26.157  1.11818
 1.14295 -26.1508  1.11833
  1.1431 -26.1446  1.11848
 1.14325 -26.1384  1.11863
  1.1434 -26.1322  1.11878
 1.14355  -26.126  1.11893
  1.1437 -26.1198  1.11908
 1.14385 -26.1136  1.11923
   1.144 -26.1074  1.11938
 1.14415 -26.1012  1.11938
  1.1443  -26.095  1.11953
 1.14445 -26.0888  1.11968
  1.1446 -26.0826  1.11983
 1.14475 -26.0764  1.11998
  1.1449 -26.0702  1.12014
 1.14505 -26.0641  1.12029
  1.1452 -26.0579  1.12044
 1.14535 -26.0517  1.12059
  1.1455 -26.0455  1.12074
 1.14565 -26.0393  1.12074
  1.1458 -26.0332  1.12089
 1.14595  -26.027  1.12104
  1.1461 -26.0208  1.12119
 1.14625 -26.0147  1.12134
  1.1464 -26.0085  1.12149
 1.14655 -26.0023  1.12164
  1.1467 -25.9962  1.12179
 1.14685   -25.99  1.12194
   1.147 -25.9838  1.12194
 1.14715 -25.9777  1.12209
  1.1473 -25.9715  1.12224
 1.14745 -25.9654  1.12239
  1.1476 -25.9592  1.12254
 1.14775 -25.9531  1.12269
  1.1479 -25.9469  1.12284
 1.14805 -25.9408  1.12299
  1.1482 -25.9347  1.12314
 1.14835 -25.9285  1.12329
  1.1485 -25.9224  1.12329
 1.14865 -25.9162  1.12344
  1.1488 -25.9101  1.12359
 1.14895  -25.904  1.12374
  1.1491 -25.8978  1.12389
 1.14925 -25.8917  1.12404
  1.1494 -25.8856  1.12419
 1.14955 -25.8795  1.12434
  1.1497 -25.8733  1.12449
 1.14985 -25.8672  1.12449
    1.15 -25.8611  1.12464