 kgrid  ValNew  Policy 
    0.85 -49.9371 0.861556
 0.85015 -49.9234 0.861706
  0.8503 -49.9097 0.861856
 0.85045  -49.896 0.861856
  0.8506 -49.8824 0.862006
 0.85075 -49.8687 0.862156
  0.8509 -49.8551 0.862156
0.851051 -49.8415 0.862306
0.851201 -49.8279 0.862456
0.851351 -49.8143 0.862606
0.851501 -49.8007 0.862606
0.851651 -49.7871 0.862756
0.851801 -49.7735 0.862906
0.851951 -49.7599 0.863057
0.852101 -49.7464 0.863057
0.852251 -49.7328 0.863207
0.852401 -49.7193 0.863357
0.852551 -49.7058 0.863357
0.852701 -49.6922 0.863507
0.852851 -49.6787 0.863657
0.853002 -49.6652 0.863807
0.853152 -49.6518 0.863807
0.853302 -49.6383 0.863957
0.853452 -49.6248 0.864107
0.853602 -49.6114 0.864257
0.853752 -49.5979 0.864257
0.853902 -49.5845 0.864407
0.854052  -49.571 0.864557
0.854202 -49.5576 0.864557
0.854352 -49.5442 0.864707
0.854502 -49.5308 0.864857
0.854652 -49.5174 0.865008
0.854802  -49.504 0.865008
0.854952 -49.4907 0.865158
0.855103 -49.4773 0.865308
0.855253 -49.4639 0.865458
0.855403 -49.4506 0.865458
0.855553 -49.4373 0.865608
0.855703 -49.4239 0.865758
0.855853 -49.4106 0.865908
0.856003 -49.3973 0.865908
0.856153  -49.384 0.866058
0.856303 -49.3707 0.866208
0.856453 -49.3575 0.866358
0.856603 -49.3442 0.866358
0.856753 -49.3309 0.866508
0.856903 -49.3177 0.866658
0.857054 -49.3044 0.866808
0.857204 -49.2912 0.866808
0.857354  -49.278 0.866958
0.857504 -49.2648 0.867109
0.857654 -49.2516 0.867259
0.857804 -49.2384 0.867259
0.857954 -49.2252 0.867409
0.858104  -49.212 0.867559
0.858254 -49.1988 0.867709
0.858404 -49.1857 0.867709
0.858554 -49.1725 0.867859
0.858704 -49.1594 0.868009
0.858854 -49.1463 0.868009
0.859005 -49.1331 0.868159
0.859155   -49.12 0.868309
0.859305 -49.1069 0.868459
0.859455 -49.0938 0.868459
0.859605 -49.0807 0.868609
0.859755 -49.0677 0.868759
0.859905 -49.0546 0.868909
0.860055 -49.0415 0.868909
0.860205 -49.0285  0.86906
0.860355 -49.0155  0.86921
0.860505 -49.0024  0.86936
0.860655 -48.9894  0.86936
0.860805 -48.9764  0.86951
0.860955 -48.9634  0.86966
0.861106 -48.9504  0.86981
0.861256 -48.9374  0.86981
0.861406 -48.9244  0.86996
0.861556 -48.9115  0.87011
0.861706 -48.8985  0.87026
0.861856 -48.8855  0.87026
0.862006 -48.8726  0.87041
0.862156 -48.8597  0.87056
0.862306 -48.8467  0.87071
0.862456 -48.8338  0.87071
0.862606 -48.8209  0.87086
0.862756  -48.808 0.871011
0.862906 -48.7951 0.871161
0.863057 -48.7823 0.871161
0.863207 -48.7694 0.871311
0.863357 -48.7565 0.871461
0.863507 -48.7437 0.871611
0.863657 -48.7308 0.871611
0.863807  -48.718 0.871761
0.863957 -48.7052 0.871911
0.864107 -48.6924 0.872061
0.864257 -48.6795 0.872211
0.864407 -48.6667 0.872211
0.864557 -48.6539 0.872361
0.864707 -48.6411 0.872511
0.864857 -48.6284 0.872661
0.865008 -48.6156 0.872811
0.865158 -48.6028 0.872961
0.865308 -48.5901 0.872961
0.865458 -48.5773 0.873112
0.865608 -48.5645 0.873262
0.865758 -48.5518 0.873412
0.865908 -48.5391 0.873562
0.866058 -48.5263 0.873562
0.866208 -48.5136 0.873712
0.866358 -48.5009 0.873862
0.866508 -48.4882 0.874012
0.866658 -48.4755 0.874162
0.866808 -48.4628 0.874312
0.866958 -48.4501 0.874462
0.867109 -48.4374 0.874462
0.867259 -48.4247 0.874612
0.867409 -48.4121 0.874762
0.867559 -48.3994 0.874912
0.867709 -48.3867 0.875063
0.867859 -48.3741 0.875213
0.868009 -48.3615 0.875213
0.868159 -48.3488 0.875363
0.868309 -48.3362 0.875513
0.868459 -48.3236 0.875663
0.868609 -48.3109 0.875813
0.868759 -48.2983 0.875963
0.868909 -48.2857 0.875963
 0.86906 -48.2731 0.876113
 0.86921 -48.2605 0.876263
 0.86936  -48.248 0.876413
 0.86951 -48.2354 0.876563
 0.86966 -48.2228 0.876713
 0.86981 -48.2102 0.876863
 0.86996 -48.1977 0.876863
 0.87011 -48.1851 0.877014
 0.87026 -48.1726 0.877164
 0.87041   -48.16 0.877314
 0.87056 -48.1475 0.877464
 0.87071  -48.135 0.877614
 0.87086 -48.1225 0.877614
0.871011   -48.11 0.877764
0.871161 -48.0974 0.877914
0.871311 -48.0849 0.878064
0.871461 -48.0725 0.878214
0.871611   -48.06 0.878364
0.871761 -48.0475 0.878364
0.871911  -48.035 0.878514
0.872061 -48.0225 0.878664
0.872211 -48.0101 0.878814
0.872361 -47.9976 0.878964
0.872511 -47.9852 0.879115
0.872661 -47.9727 0.879265
0.872811 -47.9603 0.879265
0.872961 -47.9478 0.879415
0.873112 -47.9354 0.879565
0.873262  -47.923 0.879715
0.873412 -47.9106 0.879865
0.873562 -47.8982 0.880015
0.873712 -47.8858 0.880015
0.873862 -47.8734 0.880165
0.874012  -47.861 0.880315
0.874162 -47.8486 0.880465
0.874312 -47.8362 0.880615
0.874462 -47.8239 0.880765
0.874612 -47.8115 0.880915
0.874762 -47.7991 0.880915
0.874912 -47.7868 0.881066
0.875063 -47.7744 0.881216
0.875213 -47.7621 0.881366
0.875363 -47.7498 0.881516
0.875513 -47.7375 0.881666
0.875663 -47.7251 0.881816
0.875813 -47.7128 0.881816
0.875963 -47.7005 0.881966
0.876113 -47.6882 0.882116
0.876263 -47.6759 0.882266
0.876413 -47.6636 0.882416
0.876563 -47.6513 0.882566
0.876713 -47.6391 0.882566
0.876863 -47.6268 0.882716
0.877014 -47.6145 0.882866
0.877164 -47.6023 0.883017
0.877314   -47.59 0.883167
0.877464 -47.5778 0.883317
0.877614 -47.5655 0.883467
0.877764 -47.5533 0.883467
0.877914  -47.541 0.883617
0.878064 -47.5288 0.883767
0.878214 -47.5166 0.883917
0.878364 -47.5044 0.884067
0.878514 -47.4922 0.884217
0.878664   -47.48 0.884367
0.878814 -47.4678 0.884367
0.878964 -47.4556 0.884517
0.879115 -47.4434 0.884667
0.879265 -47.4312 0.884817
0.879415 -47.4191 0.884967
0.879565 -47.4069 0.885118
0.879715 -47.3947 0.885268
0.879865 -47.3826 0.885418
0.880015 -47.3704 0.885418
0.880165 -47.3583 0.885568
0.880315 -47.3462 0.885718
0.880465  -47.334 0.885868
0.880615 -47.3219 0.886018
0.880765 -47.3098 0.886168
0.880915 -47.2977 0.886318
0.881066 -47.2856 0.886318
0.881216 -47.2735 0.886468
0.881366 -47.2614 0.886618
0.881516 -47.2493 0.886768
0.881666 -47.2372 0.886918
0.881816 -47.2251 0.887069
0.881966  -47.213 0.887219
0.882116 -47.2009 0.887369
0.882266 -47.1889 0.887369
0.882416 -47.1768 0.887519
0.882566 -47.1648 0.887669
0.882716 -47.1527 0.887819
0.882866 -47.1407 0.887969
0.883017 -47.1286 0.888119
0.883167 -47.1166 0.888269
0.883317 -47.1046 0.888269
0.883467 -47.0926 0.888419
0.883617 -47.0806 0.888569
0.883767 -47.0685 0.888719
0.883917 -47.0565 0.888869
0.884067 -47.0445  0.88902
0.884217 -47.0326  0.88917
0.884367 -47.0206  0.88932
0.884517 -47.0086  0.88932
0.884667 -46.9966  0.88947
0.884817 -46.9846  0.88962
0.884967 -46.9727  0.88977
0.885118 -46.9607  0.88992
0.885268 -46.9488  0.89007
0.885418 -46.9368  0.89022
0.885568 -46.9249  0.89022
0.885718 -46.9129  0.89037
0.885868  -46.901  0.89052
0.886018 -46.8891  0.89067
0.886168 -46.8772  0.89082
0.886318 -46.8652  0.89097
0.886468 -46.8533 0.891121
0.886618 -46.8414 0.891271
0.886768 -46.8295 0.891271
0.886918 -46.8176 0.891421
0.887069 -46.8057 0.891571
0.887219 -46.7939 0.891721
0.887369  -46.782 0.891871
0.887519 -46.7701 0.892021
0.887669 -46.7582 0.892171
0.887819 -46.7464 0.892321
0.887969 -46.7345 0.892321
0.888119 -46.7227 0.892471
0.888269 -46.7108 0.892621
0.888419  -46.699 0.892771
0.888569 -46.6872 0.892921
0.888719 -46.6753 0.893072
0.888869 -46.6635 0.893222
 0.88902 -46.6517 0.893222
 0.88917 -46.6399 0.893372
 0.88932 -46.6281 0.893522
 0.88947 -46.6163 0.893672
 0.88962 -46.6045 0.893822
 0.88977 -46.5927 0.893972
 0.88992 -46.5809 0.894122
 0.89007 -46.5691 0.894272
 0.89022 -46.5573 0.894272
 0.89037 -46.5456 0.894422
 0.89052 -46.5338 0.894572
 0.89067 -46.5221 0.894722
 0.89082 -46.5103 0.894872
 0.89097 -46.4986 0.895023
0.891121 -46.4868 0.895173
0.891271 -46.4751 0.895323
0.891421 -46.4633 0.895323
0.891571 -46.4516 0.895473
0.891721 -46.4399 0.895623
0.891871 -46.4282 0.895773
0.892021 -46.4165 0.895923
0.892171 -46.4048 0.896073
0.892321 -46.3931 0.896223
0.892471 -46.3814 0.896223
0.892621 -46.3697 0.896373
0.892771  -46.358 0.896523
0.892921 -46.3463 0.896673
0.893072 -46.3346 0.896823
0.893222  -46.323 0.896973
0.893372 -46.3113 0.897124
0.893522 -46.2996 0.897274
0.893672  -46.288 0.897274
0.893822 -46.2763 0.897424
0.893972 -46.2647 0.897574
0.894122 -46.2531 0.897724
0.894272 -46.2414 0.897874
0.894422 -46.2298 0.898024
0.894572 -46.2182 0.898174
0.894722 -46.2066 0.898324
0.894872 -46.1949 0.898324
0.895023 -46.1833 0.898474
0.895173 -46.1717 0.898624
0.895323 -46.1601 0.898774
0.895473 -46.1485 0.898924
0.895623  -46.137 0.899075
0.895773 -46.1254 0.899225
0.895923 -46.1138 0.899375
0.896073 -46.1022 0.899375
0.896223 -46.0907 0.899525
0.896373 -46.0791 0.899675
0.896523 -46.0675 0.899825
0.896673  -46.056 0.899975
0.896823 -46.0445 0.900125
0.896973 -46.0329 0.900275
0.897124 -46.0214 0.900425
0.897274 -46.0099 0.900575
0.897424 -45.9983 0.900575
0.897574 -45.9868 0.900725
0.897724 -45.9753 0.900875
0.897874 -45.9638 0.901026
0.898024 -45.9523 0.901176
0.898174 -45.9408 0.901326
0.898324 -45.9293 0.901476
0.898474 -45.9178 0.901626
0.898624 -45.9063 0.901626
0.898774 -45.8948 0.901776
0.898924 -45.8834 0.901926
0.899075 -45.8719 0.902076
0.899225 -45.8604 0.902226
0.899375  -45.849 0.902376
0.899525 -45.8375 0.902526
0.899675 -45.8261 0.902676
0.899825 -45.8146 0.902676
0.899975 -45.8032 0.902826
0.900125 -45.7917 0.902976
0.900275 -45.7803 0.903127
0.900425 -45.7689 0.903277
0.900575 -45.7575 0.903427
0.900725 -45.7461 0.903577
0.900875 -45.7346 0.903727
0.901026 -45.7232 0.903727
0.901176 -45.7118 0.903877
0.901326 -45.7004 0.904027
0.901476 -45.6891 0.904177
0.901626 -45.6777 0.904327
0.901776 -45.6663 0.904477
0.901926 -45.6549 0.904627
0.902076 -45.6435 0.904777
0.902226 -45.6322 0.904927
0.902376 -45.6208 0.904927
0.902526 -45.6094 0.905078
0.902676 -45.5981 0.905228
0.902826 -45.5867 0.905378
0.902976 -45.5754 0.905528
0.903127 -45.5641 0.905678
0.903277 -45.5527 0.905828
0.903427 -45.5414 0.905978
0.903577 -45.5301 0.906128
0.903727 -45.5187 0.906128
0.903877 -45.5074 0.906278
0.904027 -45.4961 0.906428
0.904177 -45.4848 0.906578
0.904327 -45.4735 0.906728
0.904477 -45.4622 0.906878
0.904627 -45.4509 0.907029
0.904777 -45.4396 0.907179
0.904927 -45.4283 0.907329
0.905078 -45.4171 0.907479
0.905228 -45.4058 0.907479
0.905378 -45.3945 0.907629
0.905528 -45.3833 0.907779
0.905678  -45.372 0.907929
0.905828 -45.3607 0.908079
0.905978 -45.3495 0.908229
0.906128 -45.3382 0.908379
0.906278  -45.327 0.908529
0.906428 -45.3158 0.908679
0.906578 -45.3045 0.908679
0.906728 -45.2933 0.908829
0.906878 -45.2821 0.908979
0.907029 -45.2708  0.90913
0.907179 -45.2596  0.90928
0.907329 -45.2484  0.90943
0.907479 -45.2372  0.90958
0.907629  -45.226  0.90973
0.907779 -45.2148  0.90988
0.907929 -45.2036  0.91003
0.908079 -45.1924  0.91003
0.908229 -45.1812  0.91018
0.908379 -45.1701  0.91033
0.908529 -45.1589  0.91048
0.908679 -45.1477  0.91063
0.908829 -45.1366  0.91078
0.908979 -45.1254  0.91093
 0.90913 -45.1142 0.911081
 0.90928 -45.1031 0.911231
 0.90943 -45.0919 0.911231
 0.90958 -45.0808 0.911381
 0.90973 -45.0696 0.911531
 0.90988 -45.0585 0.911681
 0.91003 -45.0474 0.911831
 0.91018 -45.0363 0.911981
 0.91033 -45.0251 0.912131
 0.91048  -45.014 0.912281
 0.91063 -45.0029 0.912431
 0.91078 -44.9918 0.912581
 0.91093 -44.9807 0.912581
0.911081 -44.9696 0.912731
0.911231 -44.9585 0.912881
0.911381 -44.9474 0.913032
0.911531 -44.9363 0.913182
0.911681 -44.9252 0.913332
0.911831 -44.9142 0.913482
0.911981 -44.9031 0.913632
0.912131  -44.892 0.913782
0.912281  -44.881 0.913932
0.912431 -44.8699 0.913932
0.912581 -44.8588 0.914082
0.912731 -44.8478 0.914232
0.912881 -44.8367 0.914382
0.913032 -44.8257 0.914532
0.913182 -44.8147 0.914682
0.913332 -44.8036 0.914832
0.913482 -44.7926 0.914982
0.913632 -44.7816 0.915133
0.913782 -44.7706 0.915283
0.913932 -44.7595 0.915283
0.914082 -44.7485 0.915433
0.914232 -44.7375 0.915583
0.914382 -44.7265 0.915733
0.914532 -44.7155 0.915883
0.914682 -44.7045 0.916033
0.914832 -44.6935 0.916183
0.914982 -44.6826 0.916333
0.915133 -44.6716 0.916483
0.915283 -44.6606 0.916483
0.915433 -44.6496 0.916633
0.915583 -44.6387 0.916783
0.915733 -44.6277 0.916933
0.915883 -44.6167 0.917084
0.916033 -44.6058 0.917234
0.916183 -44.5948 0.917384
0.916333 -44.5839 0.917534
0.916483 -44.5729 0.917684
0.916633  -44.562 0.917834
0.916783 -44.5511 0.917834
0.916933 -44.5401 0.917984
0.917084 -44.5292 0.918134
0.917234 -44.5183 0.918284
0.917384 -44.5074 0.918434
0.917534 -44.4965 0.918584
0.917684 -44.4856 0.918734
0.917834 -44.4747 0.918884
0.917984 -44.4638 0.919035
0.918134 -44.4529 0.919185
0.918284  -44.442 0.919185
0.918434 -44.4311 0.919335
0.918584 -44.4202 0.919485
0.918734 -44.4093 0.919635
0.918884 -44.3985 0.919785
0.919035 -44.3876 0.919935
0.919185 -44.3767 0.920085
0.919335 -44.3659 0.920235
0.919485  -44.355 0.920385
0.919635 -44.3442 0.920535
0.919785 -44.3333 0.920535
0.919935 -44.3225 0.920685
0.920085 -44.3116 0.920835
0.920235 -44.3008 0.920985
0.920385   -44.29 0.921136
0.920535 -44.2791 0.921286
0.920685 -44.2683 0.921436
0.920835 -44.2575 0.921586
0.920985 -44.2467 0.921736
0.921136 -44.2359 0.921886
0.921286 -44.2251 0.921886
0.921436 -44.2143 0.922036
0.921586 -44.2035 0.922186
0.921736 -44.1927 0.922336
0.921886 -44.1819 0.922486
0.922036 -44.1711 0.922636
0.922186 -44.1603 0.922786
0.922336 -44.1495 0.922936
0.922486 -44.1388 0.923087
0.922636  -44.128 0.923237
0.922786 -44.1172 0.923387
0.922936 -44.1065 0.923387
0.923087 -44.0957 0.923537
0.923237  -44.085 0.923687
0.923387 -44.0742 0.923837
0.923537 -44.0635 0.923987
0.923687 -44.0527 0.924137
0.923837  -44.042 0.924287
0.923987 -44.0313 0.924437
0.924137 -44.0205 0.924587
0.924287 -44.0098 0.924737
0.924437 -43.9991 0.924737
0.924587 -43.9884 0.924887
0.924737 -43.9777 0.925038
0.924887  -43.967 0.925188
0.925038 -43.9562 0.925338
0.925188 -43.9455 0.925488
0.925338 -43.9349 0.925638
0.925488 -43.9242 0.925788
0.925638 -43.9135 0.925938
0.925788 -43.9028 0.926088
0.925938 -43.8921 0.926088
0.926088 -43.8814 0.926238
0.926238 -43.8708 0.926388
0.926388 -43.8601 0.926538
0.926538 -43.8494 0.926688
0.926688 -43.8388 0.926838
0.926838 -43.8281 0.926988
0.926988 -43.8175 0.927139
0.927139 -43.8068 0.927289
0.927289 -43.7962 0.927439
0.927439 -43.7856 0.927589
0.927589 -43.7749 0.927589
0.927739 -43.7643 0.927739
0.927889 -43.7537 0.927889
0.928039  -43.743 0.928039
0.928189 -43.7324 0.928189
0.928339 -43.7218 0.928339
0.928489 -43.7112 0.928489
0.928639 -43.7006 0.928639
0.928789   -43.69 0.928789
0.928939 -43.6794 0.928939
 0.92909 -43.6688  0.92909
 0.92924 -43.6582  0.92909
 0.92939 -43.6476  0.92924
 0.92954  -43.637  0.92939
 0.92969 -43.6265  0.92954
 0.92984 -43.6159  0.92969
 0.92999 -43.6053  0.92984
 0.93014 -43.5948  0.92999
 0.93029 -43.5842  0.93014
 0.93044 -43.5736  0.93029
 0.93059 -43.5631  0.93044
 0.93074 -43.5525  0.93044
 0.93089  -43.542  0.93059
0.931041 -43.5314  0.93074
0.931191 -43.5209  0.93089
0.931341 -43.5104 0.931041
0.931491 -43.4998 0.931191
0.931641 -43.4893 0.931341
0.931791 -43.4788 0.931491
0.931941 -43.4683 0.931641
0.932091 -43.4578 0.931791
0.932241 -43.4472 0.931941
0.932391 -43.4367 0.931941
0.932541 -43.4262 0.932091
0.932691 -43.4157 0.932241
0.932841 -43.4052 0.932391
0.932991 -43.3948 0.932541
0.933142 -43.3843 0.932691
0.933292 -43.3738 0.932841
0.933442 -43.3633 0.932991
0.933592 -43.3528 0.933142
0.933742 -43.3424 0.933292
0.933892 -43.3319 0.933292
0.934042 -43.3214 0.933442
0.934192  -43.311 0.933592
0.934342 -43.3005 0.933742
0.934492 -43.2901 0.933892
0.934642 -43.2796 0.934042
0.934792 -43.2692 0.934192
0.934942 -43.2587 0.934342
0.935093 -43.2483 0.934492
0.935243 -43.2379 0.934642
0.935393 -43.2274 0.934792
0.935543  -43.217 0.934792
0.935693 -43.2066 0.934942
0.935843 -43.1962 0.935093
0.935993 -43.1858 0.935243
0.936143 -43.1753 0.935393
0.936293 -43.1649 0.935543
0.936443 -43.1545 0.935693
0.936593 -43.1441 0.935843
0.936743 -43.1337 0.935993
0.936893 -43.1234 0.936143
0.937044  -43.113 0.936293
0.937194 -43.1026 0.936293
0.937344 -43.0922 0.936443
0.937494 -43.0818 0.936593
0.937644 -43.0715 0.936743
0.937794 -43.0611 0.936893
0.937944 -43.0507 0.937044
0.938094 -43.0404 0.937194
0.938244   -43.03 0.937344
0.938394 -43.0197 0.937494
0.938544 -43.0093 0.937644
0.938694  -42.999 0.937644
0.938844 -42.9886 0.937794
0.938994 -42.9783 0.937944
0.939145  -42.968 0.938094
0.939295 -42.9577 0.938244
0.939445 -42.9473 0.938394
0.939595  -42.937 0.938544
0.939745 -42.9267 0.938694
0.939895 -42.9164 0.938844
0.940045 -42.9061 0.938994
0.940195 -42.8958 0.939145
0.940345 -42.8855 0.939145
0.940495 -42.8752 0.939295
0.940645 -42.8649 0.939445
0.940795 -42.8546 0.939595
0.940945 -42.8443 0.939745
0.941096  -42.834 0.939895
0.941246 -42.8237 0.940045
0.941396 -42.8135 0.940195
0.941546 -42.8032 0.940345
0.941696 -42.7929 0.940495
0.941846 -42.7827 0.940645
0.941996 -42.7724 0.940645
0.942146 -42.7621 0.940795
0.942296 -42.7519 0.940945
0.942446 -42.7416 0.941096
0.942596 -42.7314 0.941246
0.942746 -42.7212 0.941396
0.942896 -42.7109 0.941546
0.943047 -42.7007 0.941696
0.943197 -42.6905 0.941846
0.943347 -42.6802 0.941996
0.943497   -42.67 0.942146
0.943647 -42.6598 0.942146
0.943797 -42.6496 0.942296
0.943947 -42.6394 0.942446
0.944097 -42.6292 0.942596
0.944247  -42.619 0.942746
0.944397 -42.6088 0.942896
0.944547 -42.5986 0.943047
0.944697 -42.5884 0.943197
0.944847 -42.5782 0.943347
0.944997  -42.568 0.943497
0.945148 -42.5578 0.943647
0.945298 -42.5476 0.943647
0.945448 -42.5375 0.943797
0.945598 -42.5273 0.943947
0.945748 -42.5171 0.944097
0.945898  -42.507 0.944247
0.946048 -42.4968 0.944397
0.946198 -42.4867 0.944547
0.946348 -42.4765 0.944697
0.946498 -42.4664 0.944847
0.946648 -42.4562 0.944997
0.946798 -42.4461 0.945148
0.946948 -42.4359 0.945148
0.947099 -42.4258 0.945298
0.947249 -42.4157 0.945448
0.947399 -42.4055 0.945598
0.947549 -42.3954 0.945748
0.947699 -42.3853 0.945898
0.947849 -42.3752 0.946048
0.947999 -42.3651 0.946198
0.948149  -42.355 0.946348
0.948299 -42.3449 0.946498
0.948449 -42.3348 0.946648
0.948599 -42.3247 0.946648
0.948749 -42.3146 0.946798
0.948899 -42.3045 0.946948
 0.94905 -42.2944 0.947099
  0.9492 -42.2843 0.947249
 0.94935 -42.2742 0.947399
  0.9495 -42.2642 0.947549
 0.94965 -42.2541 0.947699
  0.9498  -42.244 0.947849
 0.94995  -42.234 0.947999
  0.9501 -42.2239 0.948149
 0.95025 -42.2138 0.948299
  0.9504 -42.2038 0.948299
 0.95055 -42.1937 0.948449
  0.9507 -42.1837 0.948599
 0.95085 -42.1737 0.948749
0.951001 -42.1636 0.948899
0.951151 -42.1536  0.94905
0.951301 -42.1435   0.9492
0.951451 -42.1335  0.94935
0.951601 -42.1235   0.9495
0.951751 -42.1135  0.94965
0.951901 -42.1035   0.9498
0.952051 -42.0934   0.9498
0.952201 -42.0834  0.94995
0.952351 -42.0734   0.9501
0.952501 -42.0634  0.95025
0.952651 -42.0534   0.9504
0.952801 -42.0434  0.95055
0.952951 -42.0334   0.9507
0.953102 -42.0234  0.95085
0.953252 -42.0135 0.951001
0.953402 -42.0035 0.951151
0.953552 -41.9935 0.951301
0.953702 -41.9835 0.951451
0.953852 -41.9736 0.951451
0.954002 -41.9636 0.951601
0.954152 -41.9536 0.951751
0.954302 -41.9437 0.951901
0.954452 -41.9337 0.952051
0.954602 -41.9238 0.952201
0.954752 -41.9138 0.952351
0.954902 -41.9039 0.952501
0.955053 -41.8939 0.952651
0.955203  -41.884 0.952801
0.955353  -41.874 0.952951
0.955503 -41.8641 0.952951
0.955653 -41.8542 0.953102
0.955803 -41.8443 0.953252
0.955953 -41.8343 0.953402
0.956103 -41.8244 0.953552
0.956253 -41.8145 0.953702
0.956403 -41.8046 0.953852
0.956553 -41.7947 0.954002
0.956703 -41.7848 0.954152
0.956853 -41.7749 0.954302
0.957004  -41.765 0.954452
0.957154 -41.7551 0.954452
0.957304 -41.7452 0.954602
0.957454 -41.7353 0.954752
0.957604 -41.7254 0.954902
0.957754 -41.7156 0.955053
0.957904 -41.7057 0.955203
0.958054 -41.6958 0.955353
0.958204 -41.6859 0.955503
0.958354 -41.6761 0.955653
0.958504 -41.6662 0.955803
0.958654 -41.6564 0.955953
0.958804 -41.6465 0.956103
0.958954 -41.6367 0.956103
0.959105 -41.6268 0.956253
0.959255  -41.617 0.956403
0.959405 -41.6071 0.956553
0.959555 -41.5973 0.956703
0.959705 -41.5874 0.956853
0.959855 -41.5776 0.957004
0.960005 -41.5678 0.957154
0.960155  -41.558 0.957304
0.960305 -41.5482 0.957454
0.960455 -41.5383 0.957604
0.960605 -41.5285 0.957604
0.960755 -41.5187 0.957754
0.960905 -41.5089 0.957904
0.961056 -41.4991 0.958054
0.961206 -41.4893 0.958204
0.961356 -41.4795 0.958354
0.961506 -41.4697 0.958504
0.961656 -41.4599 0.958654
0.961806 -41.4501 0.958804
0.961956 -41.4404 0.958954
0.962106 -41.4306 0.959105
0.962256 -41.4208 0.959255
0.962406  -41.411 0.959255
0.962556 -41.4013 0.959405
0.962706 -41.3915 0.959555
0.962856 -41.3817 0.959705
0.963007  -41.372 0.959855
0.963157 -41.3622 0.960005
0.963307 -41.3525 0.960155
0.963457 -41.3427 0.960305
0.963607  -41.333 0.960455
0.963757 -41.3233 0.960605
0.963907 -41.3135 0.960755
0.964057 -41.3038 0.960755
0.964207 -41.2941 0.960905
0.964357 -41.2843 0.961056
0.964507 -41.2746 0.961206
0.964657 -41.2649 0.961356
0.964807 -41.2552 0.961506
0.964957 -41.2454 0.961656
0.965108 -41.2357 0.961806
0.965258  -41.226 0.961956
0.965408 -41.2163 0.962106
0.965558 -41.2066 0.962256
0.965708 -41.1969 0.962406
0.965858 -41.1872 0.962406
0.966008 -41.1776 0.962556
0.966158 -41.1679 0.962706
0.966308 -41.1582 0.962856
0.966458 -41.1485 0.963007
0.966608 -41.1388 0.963157
0.966758 -41.1292 0.963307
0.966908 -41.1195 0.963457
0.967059 -41.1098 0.963607
0.967209 -41.1002 0.963757
0.967359 -41.0905 0.963907
0.967509 -41.0809 0.964057
0.967659 -41.0712 0.964057
0.967809 -41.0615 0.964207
0.967959 -41.0519 0.964357
0.968109 -41.0423 0.964507
0.968259 -41.0326 0.964657
0.968409  -41.023 0.964807
0.968559 -41.0134 0.964957
0.968709 -41.0037 0.965108
0.968859 -40.9941 0.965258
 0.96901 -40.9845 0.965408
 0.96916 -40.9749 0.965558
 0.96931 -40.9652 0.965558
 0.96946 -40.9556 0.965708
 0.96961  -40.946 0.965858
 0.96976 -40.9364 0.966008
 0.96991 -40.9268 0.966158
 0.97006 -40.9172 0.966308
 0.97021 -40.9076 0.966458
 0.97036  -40.898 0.966608
 0.97051 -40.8884 0.966758
 0.97066 -40.8789 0.966908
 0.97081 -40.8693 0.967059
 0.97096 -40.8597 0.967209
0.971111 -40.8501 0.967209
0.971261 -40.8406 0.967359
0.971411  -40.831 0.967509
0.971561 -40.8214 0.967659
0.971711 -40.8119 0.967809
0.971861 -40.8023 0.967959
0.972011 -40.7927 0.968109
0.972161 -40.7832 0.968259
0.972311 -40.7736 0.968409
0.972461 -40.7641 0.968559
0.972611 -40.7546 0.968709
0.972761  -40.745 0.968709
0.972911 -40.7355 0.968859
0.973062  -40.726  0.96901
0.973212 -40.7164  0.96916
0.973362 -40.7069  0.96931
0.973512 -40.6974  0.96946
0.973662 -40.6879  0.96961
0.973812 -40.6783  0.96976
0.973962 -40.6688  0.96991
0.974112 -40.6593  0.97006
0.974262 -40.6498  0.97021
0.974412 -40.6403  0.97036
0.974562 -40.6308  0.97036
0.974712 -40.6213  0.97051
0.974862 -40.6118  0.97066
0.975013 -40.6023  0.97081
0.975163 -40.5929  0.97096
0.975313 -40.5834 0.971111
0.975463 -40.5739 0.971261
0.975613 -40.5644 0.971411
0.975763 -40.5549 0.971561
0.975913 -40.5455 0.971711
0.976063  -40.536 0.971861
0.976213 -40.5265 0.972011
0.976363 -40.5171 0.972011
0.976513 -40.5076 0.972161
0.976663 -40.4982 0.972311
0.976813 -40.4887 0.972461
0.976963 -40.4793 0.972611
0.977114 -40.4698 0.972761
0.977264 -40.4604 0.972911
0.977414  -40.451 0.973062
0.977564 -40.4415 0.973212
0.977714 -40.4321 0.973362
0.977864 -40.4227 0.973512
0.978014 -40.4132 0.973662
0.978164 -40.4038 0.973662
0.978314 -40.3944 0.973812
0.978464  -40.385 0.973962
0.978614 -40.3756 0.974112
0.978764 -40.3662 0.974262
0.978914 -40.3568 0.974412
0.979065 -40.3474 0.974562
0.979215  -40.338 0.974712
0.979365 -40.3286 0.974862
0.979515 -40.3192 0.975013
0.979665 -40.3098 0.975163
0.979815 -40.3004 0.975313
0.979965  -40.291 0.975313
0.980115 -40.2816 0.975463
0.980265 -40.2723 0.975613
0.980415 -40.2629 0.975763
0.980565 -40.2535 0.975913
0.980715 -40.2442 0.976063
0.980865 -40.2348 0.976213
0.981016 -40.2254 0.976363
0.981166 -40.2161 0.976513
0.981316 -40.2067 0.976663
0.981466 -40.1974 0.976813
0.981616  -40.188 0.976813
0.981766 -40.1787 0.976963
0.981916 -40.1693 0.977114
0.982066   -40.16 0.977264
0.982216 -40.1507 0.977414
0.982366 -40.1413 0.977564
0.982516  -40.132 0.977714
0.982666 -40.1227 0.977864
0.982816 -40.1134 0.978014
0.982966 -40.1041 0.978164
0.983117 -40.0947 0.978314
0.983267 -40.0854 0.978464
0.983417 -40.0761 0.978614
0.983567 -40.0668 0.978614
0.983717 -40.0575 0.978764
0.983867 -40.0482 0.978914
0.984017 -40.0389 0.979065
0.984167 -40.0296 0.979215
0.984317 -40.0203 0.979365
0.984467 -40.0111 0.979515
0.984617 -40.0018 0.979665
0.984767 -39.9925 0.979815
0.984917 -39.9832 0.979965
0.985068 -39.9739 0.980115
0.985218 -39.9647 0.980265
0.985368 -39.9554 0.980265
0.985518 -39.9461 0.980415
0.985668 -39.9369 0.980565
0.985818 -39.9276 0.980715
0.985968 -39.9184 0.980865
0.986118 -39.9091 0.981016
0.986268 -39.8999 0.981166
0.986418 -39.8906 0.981316
0.986568 -39.8814 0.981466
0.986718 -39.8721 0.981616
0.986868 -39.8629 0.981766
0.987019 -39.8537 0.981766
0.987169 -39.8444 0.981916
0.987319 -39.8352 0.982066
0.987469  -39.826 0.982216
0.987619 -39.8168 0.982366
0.987769 -39.8076 0.982516
0.987919 -39.7983 0.982666
0.988069 -39.7891 0.982816
0.988219 -39.7799 0.982966
0.988369 -39.7707 0.983117
0.988519 -39.7615 0.983267
0.988669 -39.7523 0.983417
0.988819 -39.7431 0.983417
0.988969 -39.7339 0.983567
 0.98912 -39.7247 0.983717
 0.98927 -39.7156 0.983867
 0.98942 -39.7064 0.984017
 0.98957 -39.6972 0.984167
 0.98972  -39.688 0.984317
 0.98987 -39.6788 0.984467
 0.99002 -39.6697 0.984617
 0.99017 -39.6605 0.984767
 0.99032 -39.6513 0.984917
 0.99047 -39.6422 0.985068
 0.99062  -39.633 0.985068
 0.99077 -39.6239 0.985218
 0.99092 -39.6147 0.985368
0.991071 -39.6056 0.985518
0.991221 -39.5964 0.985668
0.991371 -39.5873 0.985818
0.991521 -39.5781 0.985968
0.991671  -39.569 0.986118
0.991821 -39.5599 0.986268
0.991971 -39.5507 0.986418
0.992121 -39.5416 0.986568
0.992271 -39.5325 0.986718
0.992421 -39.5234 0.986718
0.992571 -39.5143 0.986868
0.992721 -39.5051 0.987019
0.992871  -39.496 0.987169
0.993022 -39.4869 0.987319
0.993172 -39.4778 0.987469
0.993322 -39.4687 0.987619
0.993472 -39.4596 0.987769
0.993622 -39.4505 0.987919
0.993772 -39.4414 0.988069
0.993922 -39.4323 0.988219
0.994072 -39.4232 0.988369
0.994222 -39.4142 0.988369
0.994372 -39.4051 0.988519
0.994522  -39.396 0.988669
0.994672 -39.3869 0.988819
0.994822 -39.3779 0.988969
0.994972 -39.3688  0.98912
0.995123 -39.3597  0.98927
0.995273 -39.3507  0.98942
0.995423 -39.3416  0.98957
0.995573 -39.3325  0.98972
0.995723 -39.3235  0.98987
0.995873 -39.3144  0.99002
0.996023 -39.3054  0.99002
0.996173 -39.2964  0.99017
0.996323 -39.2873  0.99032
0.996473 -39.2783  0.99047
0.996623 -39.2692  0.99062
0.996773 -39.2602  0.99077
0.996923 -39.2512  0.99092
0.997074 -39.2422 0.991071
0.997224 -39.2331 0.991221
0.997374 -39.2241 0.991371
0.997524 -39.2151 0.991521
0.997674 -39.2061 0.991671
0.997824 -39.1971 0.991671
0.997974 -39.1881 0.991821
0.998124 -39.1791 0.991971
0.998274 -39.1701 0.992121
0.998424 -39.1611 0.992271
0.998574 -39.1521 0.992421
0.998724 -39.1431 0.992571
0.998874 -39.1341 0.992721
0.999025 -39.1251 0.992871
0.999175 -39.1161 0.993022
0.999325 -39.1071 0.993172
0.999475 -39.0981 0.993322
0.999625 -39.0892 0.993322
0.999775 -39.0802 0.993472
0.999925 -39.0712 0.993622
 1.00008 -39.0623 0.993772
 1.00023 -39.0533 0.993922
 1.00038 -39.0443 0.994072
 1.00053 -39.0354 0.994222
 1.00068 -39.0264 0.994372
 1.00083 -39.0175 0.994522
 1.00098 -39.0085 0.994672
 1.00113 -38.9996 0.994822
 1.00128 -38.9907 0.994972
 1.00143 -38.9817 0.994972
 1.00158 -38.9728 0.995123
 1.00173 -38.9638 0.995273
 1.00188 -38.9549 0.995423
 1.00203  -38.946 0.995573
 1.00218 -38.9371 0.995723
 1.00233 -38.9281 0.995873
 1.00248 -38.9192 0.996023
 1.00263 -38.9103 0.996173
 1.00278 -38.9014 0.996323
 1.00293 -38.8925 0.996473
 1.00308 -38.8836 0.996623
 1.00323 -38.8747 0.996623
 1.00338 -38.8658 0.996773
 1.00353 -38.8569 0.996923
 1.00368  -38.848 0.997074
 1.00383 -38.8391 0.997224
 1.00398 -38.8302 0.997374
 1.00413 -38.8213 0.997524
 1.00428 -38.8124 0.997674
 1.00443 -38.8036 0.997824
 1.00458 -38.7947 0.997974
 1.00473 -38.7858 0.998124
 1.00488 -38.7769 0.998274
 1.00503 -38.7681 0.998274
 1.00518 -38.7592 0.998424
 1.00533 -38.7503 0.998574
 1.00548 -38.7415 0.998724
 1.00563 -38.7326 0.998874
 1.00578 -38.7238 0.999025
 1.00593 -38.7149 0.999175
 1.00608 -38.7061 0.999325
 1.00623 -38.6972 0.999475
 1.00638 -38.6884 0.999625
 1.00653 -38.6796 0.999775
 1.00668 -38.6707 0.999925
 1.00683 -38.6619 0.999925
 1.00698 -38.6531  1.00008
 1.00713 -38.6442  1.00023
 1.00728 -38.6354  1.00038
 1.00743 -38.6266  1.00053
 1.00758 -38.6178  1.00068
 1.00773  -38.609  1.00083
 1.00788 -38.6002  1.00098
 1.00803 -38.5913  1.00113
 1.00818 -38.5825  1.00128
 1.00833 -38.5737  1.00143
 1.00848 -38.5649  1.00158
 1.00863 -38.5561  1.00158
 1.00878 -38.5473  1.00173
 1.00893 -38.5386  1.00188
 1.00908 -38.5298  1.00203
 1.00923  -38.521  1.00218
 1.00938 -38.5122  1.00233
 1.00953 -38.5034  1.00248
 1.00968 -38.4946  1.00263
 1.00983 -38.4859  1.00278
 1.00998 -38.4771  1.00293
 1.01013 -38.4683  1.00308
 1.01028 -38.4596  1.00323
 1.01043 -38.4508  1.00338
 1.01058  -38.442  1.00338
 1.01073 -38.4333  1.00353
 1.01088 -38.4245  1.00368
 1.01103 -38.4158  1.00383
 1.01118  -38.407  1.00398
 1.01133 -38.3983  1.00413
 1.01148 -38.3895  1.00428
 1.01163 -38.3808  1.00443
 1.01178 -38.3721  1.00458
 1.01193 -38.3633  1.00473
 1.01208 -38.3546  1.00488
 1.01223 -38.3459  1.00503
 1.01238 -38.3372  1.00503
 1.01253 -38.3284  1.00518
 1.01268 -38.3197  1.00533
 1.01283  -38.311  1.00548
 1.01298 -38.3023  1.00563
 1.01313 -38.2936  1.00578
 1.01328 -38.2849  1.00593
 1.01343 -38.2762  1.00608
 1.01358 -38.2675  1.00623
 1.01373 -38.2588  1.00638
 1.01388 -38.2501  1.00653
 1.01403 -38.2414  1.00668
 1.01418 -38.2327  1.00668
 1.01433  -38.224  1.00683
 1.01448 -38.2153  1.00698
 1.01463 -38.2066  1.00713
 1.01478 -38.1979  1.00728
 1.01493 -38.1893  1.00743
 1.01508 -38.1806  1.00758
 1.01523 -38.1719  1.00773
 1.01538 -38.1633  1.00788
 1.01553 -38.1546  1.00803
 1.01568 -38.1459  1.00818
 1.01583 -38.1373  1.00833
 1.01598 -38.1286  1.00833
 1.01613   -38.12  1.00848
 1.01628 -38.1113  1.00863
 1.01643 -38.1027  1.00878
 1.01658  -38.094  1.00893
 1.01673 -38.0854  1.00908
 1.01688 -38.0767  1.00923
 1.01703 -38.0681  1.00938
 1.01718 -38.0595  1.00953
 1.01733 -38.0508  1.00968
 1.01748 -38.0422  1.00983
 1.01763 -38.0336  1.00998
 1.01778  -38.025  1.00998
 1.01793 -38.0164  1.01013
 1.01808 -38.0077  1.01028
 1.01823 -37.9991  1.01043
 1.01838 -37.9905  1.01058
 1.01853 -37.9819  1.01073
 1.01868 -37.9733  1.01088
 1.01883 -37.9647  1.01103
 1.01898 -37.9561  1.01118
 1.01913 -37.9475  1.01133
 1.01928 -37.9389  1.01148
 1.01943 -37.9303  1.01163
 1.01958 -37.9217  1.01163
 1.01973 -37.9131  1.01178
 1.01988 -37.9046  1.01193
 1.02004  -37.896  1.01208
 1.02019 -37.8874  1.01223
 1.02034 -37.8788  1.01238
 1.02049 -37.8703  1.01253
 1.02064 -37.8617  1.01268
 1.02079 -37.8531  1.01283
 1.02094 -37.8446  1.01298
 1.02109  -37.836  1.01313
 1.02124 -37.8275  1.01328
 1.02139 -37.8189  1.01328
 1.02154 -37.8103  1.01343
 1.02169 -37.8018  1.01358
 1.02184 -37.7932  1.01373
 1.02199 -37.7847  1.01388
 1.02214 -37.7762  1.01403
 1.02229 -37.7676  1.01418
 1.02244 -37.7591  1.01433
 1.02259 -37.7506  1.01448
 1.02274  -37.742  1.01463
 1.02289 -37.7335  1.01478
 1.02304  -37.725  1.01493
 1.02319 -37.7165  1.01493
 1.02334 -37.7079  1.01508
 1.02349 -37.6994  1.01523
 1.02364 -37.6909  1.01538
 1.02379 -37.6824  1.01553
 1.02394 -37.6739  1.01568
 1.02409 -37.6654  1.01583
 1.02424 -37.6569  1.01598
 1.02439 -37.6484  1.01613
 1.02454 -37.6399  1.01628
 1.02469 -37.6314  1.01643
 1.02484 -37.6229  1.01658
 1.02499 -37.6144  1.01658
 1.02514 -37.6059  1.01673
 1.02529 -37.5975  1.01688
 1.02544  -37.589  1.01703
 1.02559 -37.5805  1.01718
 1.02574  -37.572  1.01733
 1.02589 -37.5636  1.01748
 1.02604 -37.5551  1.01763
 1.02619 -37.5466  1.01778
 1.02634 -37.5382  1.01793
 1.02649 -37.5297  1.01808
 1.02664 -37.5212  1.01823
 1.02679 -37.5128  1.01823
 1.02694 -37.5043  1.01838
 1.02709 -37.4959  1.01853
 1.02724 -37.4874  1.01868
 1.02739  -37.479  1.01883
 1.02754 -37.4706  1.01898
 1.02769 -37.4621  1.01913
 1.02784 -37.4537  1.01928
 1.02799 -37.4453  1.01943
 1.02814 -37.4368  1.01958
 1.02829 -37.4284  1.01973
 1.02844   -37.42  1.01988
 1.02859 -37.4116  1.02004
 1.02874 -37.4031  1.02004
 1.02889 -37.3947  1.02019
 1.02904 -37.3863  1.02034
 1.02919 -37.3779  1.02049
 1.02934 -37.3695  1.02064
 1.02949 -37.3611  1.02079
 1.02964 -37.3527  1.02094
 1.02979 -37.3443  1.02109
 1.02994 -37.3359  1.02124
 1.03009 -37.3275  1.02139
 1.03024 -37.3191  1.02154
 1.03039 -37.3107  1.02169
 1.03054 -37.3023  1.02169
 1.03069 -37.2939  1.02184
 1.03084 -37.2856  1.02199
 1.03099 -37.2772  1.02214
 1.03114 -37.2688  1.02229
 1.03129 -37.2604  1.02244
 1.03144 -37.2521  1.02259
 1.03159 -37.2437  1.02274
 1.03174 -37.2353  1.02289
 1.03189  -37.227  1.02304
 1.03204 -37.2186  1.02319
 1.03219 -37.2103  1.02334
 1.03234 -37.2019  1.02334
 1.03249 -37.1936  1.02349
 1.03264 -37.1852  1.02364
 1.03279 -37.1769  1.02379
 1.03294 -37.1685  1.02394
 1.03309 -37.1602  1.02409
 1.03324 -37.1518  1.02424
 1.03339 -37.1435  1.02439
 1.03354 -37.1352  1.02454
 1.03369 -37.1268  1.02469
 1.03384 -37.1185  1.02484
 1.03399 -37.1102  1.02499
 1.03414 -37.1019  1.02499
 1.03429 -37.0936  1.02514
 1.03444 -37.0852  1.02529
 1.03459 -37.0769  1.02544
 1.03474 -37.0686  1.02559
 1.03489 -37.0603  1.02574
 1.03504  -37.052  1.02589
 1.03519 -37.0437  1.02604
 1.03534 -37.0354  1.02619
 1.03549 -37.0271  1.02634
 1.03564 -37.0188  1.02649
 1.03579 -37.0105  1.02664
 1.03594 -37.0022  1.02664
 1.03609 -36.9939  1.02679
 1.03624 -36.9857  1.02694
 1.03639 -36.9774  1.02709
 1.03654 -36.9691  1.02724
 1.03669 -36.9608  1.02739
 1.03684 -36.9526  1.02754
 1.03699 -36.9443  1.02769
 1.03714  -36.936  1.02784
 1.03729 -36.9277  1.02799
 1.03744 -36.9195  1.02814
 1.03759 -36.9112  1.02829
 1.03774  -36.903  1.02844
 1.03789 -36.8947  1.02844
 1.03804 -36.8865  1.02859
 1.03819 -36.8782  1.02874
 1.03834   -36.87  1.02889
 1.03849 -36.8617  1.02904
 1.03864 -36.8535  1.02919
 1.03879 -36.8452  1.02934
 1.03894  -36.837  1.02949
 1.03909 -36.8288  1.02964
 1.03924 -36.8205  1.02979
 1.03939 -36.8123  1.02994
 1.03954 -36.8041  1.03009
 1.03969 -36.7959  1.03009
 1.03984 -36.7877  1.03024
 1.03999 -36.7794  1.03039
 1.04015 -36.7712  1.03054
  1.0403  -36.763  1.03069
 1.04045 -36.7548  1.03084
  1.0406 -36.7466  1.03099
 1.04075 -36.7384  1.03114
  1.0409 -36.7302  1.03129
 1.04105  -36.722  1.03144
  1.0412 -36.7138  1.03159
 1.04135 -36.7056  1.03174
  1.0415 -36.6974  1.03174
 1.04165 -36.6892  1.03189
  1.0418  -36.681  1.03204
 1.04195 -36.6729  1.03219
  1.0421 -36.6647  1.03234
 1.04225 -36.6565  1.03249
  1.0424 -36.6483  1.03264
 1.04255 -36.6401  1.03279
  1.0427  -36.632  1.03294
 1.04285 -36.6238  1.03309
   1.043 -36.6156  1.03324
 1.04315 -36.6075  1.03339
  1.0433 -36.5993  1.03339
 1.04345 -36.5912  1.03354
  1.0436  -36.583  1.03369
 1.04375 -36.5749  1.03384
  1.0439 -36.5667  1.03399
 1.04405 -36.5586  1.03414
  1.0442 -36.5504  1.03429
 1.04435 -36.5423  1.03444
  1.0445 -36.5341  1.03459
 1.04465  -36.526  1.03474
  1.0448 -36.5179  1.03489
 1.04495 -36.5097  1.03504
  1.0451 -36.5016  1.03504
 1.04525 -36.4935  1.03519
  1.0454 -36.4854  1.03534
 1.04555 -36.4772  1.03549
  1.0457 -36.4691  1.03564
 1.04585  -36.461  1.03579
   1.046 -36.4529  1.03594
 1.04615 -36.4448  1.03609
  1.0463 -36.4367  1.03624
 1.04645 -36.4286  1.03639
  1.0466 -36.4205  1.03654
 1.04675 -36.4124  1.03669
  1.0469 -36.4043  1.03684
 1.04705 -36.3962  1.03684
  1.0472 -36.3881  1.03699
 1.04735   -36.38  1.03714
  1.0475 -36.3719  1.03729
 1.04765 -36.3638  1.03744
  1.0478 -36.3558  1.03759
 1.04795 -36.3477  1.03774
  1.0481 -36.3396  1.03789
 1.04825 -36.3315  1.03804
  1.0484 -36.3235  1.03819
 1.04855 -36.3154  1.03834
  1.0487 -36.3073  1.03849
 1.04885 -36.2993  1.03849
   1.049 -36.2912  1.03864
 1.04915 -36.2831  1.03879
  1.0493 -36.2751  1.03894
 1.04945  -36.267  1.03909
  1.0496  -36.259  1.03924
 1.04975 -36.2509  1.03939
  1.0499 -36.2429  1.03954
 1.05005 -36.2348  1.03969
  1.0502 -36.2268  1.03984
 1.05035 -36.2188  1.03999
  1.0505 -36.2107  1.04015
 1.05065 -36.2027  1.04015
  1.0508 -36.1947   1.0403
 1.05095 -36.1866  1.04045
  1.0511 -36.1786   1.0406
 1.05125 -36.1706  1.04075
  1.0514 -36.1626   1.0409
 1.05155 -36.1546  1.04105
  1.0517 -36.1465   1.0412
 1.05185 -36.1385  1.04135
   1.052 -36.1305   1.0415
 1.05215 -36.1225  1.04165
  1.0523 -36.1145   1.0418
 1.05245 -36.1065   1.0418
  1.0526 -36.0985  1.04195
 1.05275 -36.0905   1.0421
  1.0529 -36.0825  1.04225
 1.05305 -36.0745   1.0424
  1.0532 -36.0665  1.04255
 1.05335 -36.0585   1.0427
  1.0535 -36.0506  1.04285
 1.05365 -36.0426    1.043
  1.0538 -36.0346  1.04315
 1.05395 -36.0266   1.0433
  1.0541 -36.0186  1.04345
 1.05425 -36.0107   1.0436
  1.0544 -36.0027   1.0436
 1.05455 -35.9947  1.04375
  1.0547 -35.9868   1.0439
 1.05485 -35.9788  1.04405
   1.055 -35.9709   1.0442
 1.05515 -35.9629  1.04435
  1.0553 -35.9549   1.0445
 1.05545  -35.947  1.04465
  1.0556  -35.939   1.0448
 1.05575 -35.9311  1.04495
  1.0559 -35.9232   1.0451
 1.05605 -35.9152  1.04525
  1.0562 -35.9073  1.04525
 1.05635 -35.8993   1.0454
  1.0565 -35.8914  1.04555
 1.05665 -35.8835   1.0457
  1.0568 -35.8755  1.04585
 1.05695 -35.8676    1.046
  1.0571 -35.8597  1.04615
 1.05725 -35.8518   1.0463
  1.0574 -35.8439  1.04645
 1.05755 -35.8359   1.0466
  1.0577  -35.828  1.04675
 1.05785 -35.8201   1.0469
   1.058 -35.8122   1.0469
 1.05815 -35.8043  1.04705
  1.0583 -35.7964   1.0472
 1.05845 -35.7885  1.04735
  1.0586 -35.7806   1.0475
 1.05875 -35.7727  1.04765
  1.0589 -35.7648   1.0478
 1.05905 -35.7569  1.04795
  1.0592  -35.749   1.0481
 1.05935 -35.7411  1.04825
  1.0595 -35.7333   1.0484
 1.05965 -35.7254  1.04855
  1.0598 -35.7175  1.04855
 1.05995 -35.7096   1.0487
 1.06011 -35.7017  1.04885
 1.06026 -35.6939    1.049
 1.06041  -35.686  1.04915
 1.06056 -35.6781   1.0493
 1.06071 -35.6703  1.04945
 1.06086 -35.6624   1.0496
 1.06101 -35.6546  1.04975
 1.06116 -35.6467   1.0499
 1.06131 -35.6388  1.05005
 1.06146  -35.631   1.0502
 1.06161 -35.6231   1.0502
 1.06176 -35.6153  1.05035
 1.06191 -35.6075   1.0505
 1.06206 -35.5996  1.05065
 1.06221 -35.5918   1.0508
 1.06236 -35.5839  1.05095
 1.06251 -35.5761   1.0511
 1.06266 -35.5683  1.05125
 1.06281 -35.5604   1.0514
 1.06296 -35.5526  1.05155
 1.06311 -35.5448   1.0517
 1.06326  -35.537  1.05185
 1.06341 -35.5292    1.052
 1.06356 -35.5213    1.052
 1.06371 -35.5135  1.05215
 1.06386 -35.5057   1.0523
 1.06401 -35.4979  1.05245
 1.06416 -35.4901   1.0526
 1.06431 -35.4823  1.05275
 1.06446 -35.4745   1.0529
 1.06461 -35.4667  1.05305
 1.06476 -35.4589   1.0532
 1.06491 -35.4511  1.05335
 1.06506 -35.4433   1.0535
 1.06521 -35.4355  1.05365
 1.06536 -35.4277  1.05365
 1.06551 -35.4199   1.0538
 1.06566 -35.4122  1.05395
 1.06581 -35.4044   1.0541
 1.06596 -35.3966  1.05425
 1.06611 -35.3888   1.0544
 1.06626 -35.3811  1.05455
 1.06641 -35.3733   1.0547
 1.06656 -35.3655  1.05485
 1.06671 -35.3578    1.055
 1.06686   -35.35  1.05515
 1.06701 -35.3422   1.0553
 1.06716 -35.3345   1.0553
 1.06731 -35.3267  1.05545
 1.06746  -35.319   1.0556
 1.06761 -35.3112  1.05575
 1.06776 -35.3035   1.0559
 1.06791 -35.2957  1.05605
 1.06806  -35.288   1.0562
 1.06821 -35.2802  1.05635
 1.06836 -35.2725   1.0565
 1.06851 -35.2648  1.05665
 1.06866  -35.257   1.0568
 1.06881 -35.2493  1.05695
 1.06896 -35.2416  1.05695
 1.06911 -35.2338   1.0571
 1.06926 -35.2261  1.05725
 1.06941 -35.2184   1.0574
 1.06956 -35.2107  1.05755
 1.06971  -35.203   1.0577
 1.06986 -35.1952  1.05785
 1.07001 -35.1875    1.058
 1.07016 -35.1798  1.05815
 1.07031 -35.1721   1.0583
 1.07046 -35.1644  1.05845
 1.07061 -35.1567   1.0586
 1.07076  -35.149   1.0586
 1.07091 -35.1413  1.05875
 1.07106 -35.1336   1.0589
 1.07121 -35.1259  1.05905
 1.07136 -35.1182   1.0592
 1.07151 -35.1105  1.05935
 1.07166 -35.1029   1.0595
 1.07181 -35.0952  1.05965
 1.07196 -35.0875   1.0598
 1.07211 -35.0798  1.05995
 1.07226 -35.0721  1.06011
 1.07241 -35.0645  1.06026
 1.07256 -35.0568  1.06026
 1.07271 -35.0491  1.06041
 1.07286 -35.0415  1.06056
 1.07301 -35.0338  1.06071
 1.07316 -35.0261  1.06086
 1.07331 -35.0185  1.06101
 1.07346 -35.0108  1.06116
 1.07361 -35.0032  1.06131
 1.07376 -34.9955  1.06146
 1.07391 -34.9879  1.06161
 1.07406 -34.9802  1.06176
 1.07421 -34.9726  1.06191
 1.07436 -34.9649  1.06191
 1.07451 -34.9573  1.06206
 1.07466 -34.9497  1.06221
 1.07481  -34.942  1.06236
 1.07496 -34.9344  1.06251
 1.07511 -34.9268  1.06266
 1.07526 -34.9191  1.06281
 1.07541 -34.9115  1.06296
 1.07556 -34.9039  1.06311
 1.07571 -34.8963  1.06326
 1.07586 -34.8886  1.06341
 1.07601  -34.881  1.06356
 1.07616 -34.8734  1.06371
 1.07631 -34.8658  1.06371
 1.07646 -34.8582  1.06386
 1.07661 -34.8506  1.06401
 1.07676  -34.843  1.06416
 1.07691 -34.8354  1.06431
 1.07706 -34.8278  1.06446
 1.07721 -34.8202  1.06461
 1.07736 -34.8126  1.06476
 1.07751  -34.805  1.06491
 1.07766 -34.7974  1.06506
 1.07781 -34.7898  1.06521
 1.07796 -34.7822  1.06536
 1.07811 -34.7747  1.06536
 1.07826 -34.7671  1.06551
 1.07841 -34.7595  1.06566
 1.07856 -34.7519  1.06581
 1.07871 -34.7443  1.06596
 1.07886 -34.7368  1.06611
 1.07901 -34.7292  1.06626
 1.07916 -34.7216  1.06641
 1.07931 -34.7141  1.06656
 1.07946 -34.7065  1.06671
 1.07961  -34.699  1.06686
 1.07976 -34.6914  1.06701
 1.07991 -34.6838  1.06701
 1.08007 -34.6763  1.06716
 1.08022 -34.6687  1.06731
 1.08037 -34.6612  1.06746
 1.08052 -34.6536  1.06761
 1.08067 -34.6461  1.06776
 1.08082 -34.6386  1.06791
 1.08097  -34.631  1.06806
 1.08112 -34.6235  1.06821
 1.08127  -34.616  1.06836
 1.08142 -34.6084  1.06851
 1.08157 -34.6009  1.06866
 1.08172 -34.5934  1.06881
 1.08187 -34.5858  1.06881
 1.08202 -34.5783  1.06896
 1.08217 -34.5708  1.06911
 1.08232 -34.5633  1.06926
 1.08247 -34.5558  1.06941
 1.08262 -34.5483  1.06956
 1.08277 -34.5407  1.06971
 1.08292 -34.5332  1.06986
 1.08307 -34.5257  1.07001
 1.08322 -34.5182  1.07016
 1.08337 -34.5107  1.07031
 1.08352 -34.5032  1.07046
 1.08367 -34.4957  1.07046
 1.08382 -34.4882  1.07061
 1.08397 -34.4807  1.07076
 1.08412 -34.4733  1.07091
 1.08427 -34.4658  1.07106
 1.08442 -34.4583  1.07121
 1.08457 -34.4508  1.07136
 1.08472 -34.4433  1.07151
 1.08487 -34.4358  1.07166
 1.08502 -34.4284  1.07181
 1.08517 -34.4209  1.07196
 1.08532 -34.4134  1.07211
 1.08547  -34.406  1.07211
 1.08562 -34.3985  1.07226
 1.08577  -34.391  1.07241
 1.08592 -34.3836  1.07256
 1.08607 -34.3761  1.07271
 1.08622 -34.3687  1.07286
 1.08637 -34.3612  1.07301
 1.08652 -34.3537  1.07316
 1.08667 -34.3463  1.07331
 1.08682 -34.3388  1.07346
 1.08697 -34.3314  1.07361
 1.08712  -34.324  1.07376
 1.08727 -34.3165  1.07376
 1.08742 -34.3091  1.07391
 1.08757 -34.3016  1.07406
 1.08772 -34.2942  1.07421
 1.08787 -34.2868  1.07436
 1.08802 -34.2793  1.07451
 1.08817 -34.2719  1.07466
 1.08832 -34.2645  1.07481
 1.08847 -34.2571  1.07496
 1.08862 -34.2497  1.07511
 1.08877 -34.2422  1.07526
 1.08892 -34.2348  1.07541
 1.08907 -34.2274  1.07541
 1.08922   -34.22  1.07556
 1.08937 -34.2126  1.07571
 1.08952 -34.2052  1.07586
 1.08967 -34.1978  1.07601
 1.08982 -34.1904  1.07616
 1.08997  -34.183  1.07631
 1.09012 -34.1756  1.07646
 1.09027 -34.1682  1.07661
 1.09042 -34.1608  1.07676
 1.09057 -34.1534  1.07691
 1.09072  -34.146  1.07706
 1.09087 -34.1386  1.07721
 1.09102 -34.1312  1.07721
 1.09117 -34.1239  1.07736
 1.09132 -34.1165  1.07751
 1.09147 -34.1091  1.07766
 1.09162 -34.1017  1.07781
 1.09177 -34.0944  1.07796
 1.09192  -34.087  1.07811
 1.09207 -34.0796  1.07826
 1.09222 -34.0723  1.07841
 1.09237 -34.0649  1.07856
 1.09252 -34.0575  1.07871
 1.09267 -34.0502  1.07886
 1.09282 -34.0428  1.07886
 1.09297 -34.0355  1.07901
 1.09312 -34.0281  1.07916
 1.09327 -34.0208  1.07931
 1.09342 -34.0134  1.07946
 1.09357 -34.0061  1.07961
 1.09372 -33.9987  1.07976
 1.09387 -33.9914  1.07991
 1.09402 -33.9841  1.08007
 1.09417 -33.9767  1.08022
 1.09432 -33.9694  1.08037
 1.09447 -33.9621  1.08052
 1.09462 -33.9547  1.08052
 1.09477 -33.9474  1.08067
 1.09492 -33.9401  1.08082
 1.09507 -33.9327  1.08097
 1.09522 -33.9254  1.08112
 1.09537 -33.9181  1.08127
 1.09552 -33.9108  1.08142
 1.09567 -33.9035  1.08157
 1.09582 -33.8962  1.08172
 1.09597 -33.8889  1.08187
 1.09612 -33.8816  1.08202
 1.09627 -33.8742  1.08217
 1.09642 -33.8669  1.08217
 1.09657 -33.8596  1.08232
 1.09672 -33.8523  1.08247
 1.09687 -33.8451  1.08262
 1.09702 -33.8378  1.08277
 1.09717 -33.8305  1.08292
 1.09732 -33.8232  1.08307
 1.09747 -33.8159  1.08322
 1.09762 -33.8086  1.08337
 1.09777 -33.8013  1.08352
 1.09792  -33.794  1.08367
 1.09807 -33.7868  1.08382
 1.09822 -33.7795  1.08382
 1.09837 -33.7722  1.08397
 1.09852  -33.765  1.08412
 1.09867 -33.7577  1.08427
 1.09882 -33.7504  1.08442
 1.09897 -33.7432  1.08457
 1.09912 -33.7359  1.08472
 1.09927 -33.7286  1.08487
 1.09942 -33.7214  1.08502
 1.09957 -33.7141  1.08517
 1.09972 -33.7069  1.08532
 1.09987 -33.6996  1.08547
 1.10003 -33.6924  1.08547
 1.10018 -33.6851  1.08562
 1.10033 -33.6779  1.08577
 1.10048 -33.6706  1.08592
 1.10063 -33.6634  1.08607
 1.10078 -33.6562  1.08622
 1.10093 -33.6489  1.08637
 1.10108 -33.6417  1.08652
 1.10123 -33.6345  1.08667
 1.10138 -33.6272  1.08682
 1.10153   -33.62  1.08697
 1.10168 -33.6128  1.08712
 1.10183 -33.6056  1.08727
 1.10198 -33.5983  1.08727
 1.10213 -33.5911  1.08742
 1.10228 -33.5839  1.08757
 1.10243 -33.5767  1.08772
 1.10258 -33.5695  1.08787
 1.10273 -33.5623  1.08802
 1.10288 -33.5551  1.08817
 1.10303 -33.5479  1.08832
 1.10318 -33.5407  1.08847
 1.10333 -33.5335  1.08862
 1.10348 -33.5263  1.08877
 1.10363 -33.5191  1.08892
 1.10378 -33.5119  1.08892
 1.10393 -33.5047  1.08907
 1.10408 -33.4975  1.08922
 1.10423 -33.4903  1.08937
 1.10438 -33.4831  1.08952
 1.10453 -33.4759  1.08967
 1.10468 -33.4688  1.08982
 1.10483 -33.4616  1.08997
 1.10498 -33.4544  1.09012
 1.10513 -33.4472  1.09027
 1.10528 -33.4401  1.09042
 1.10543 -33.4329  1.09057
 1.10558 -33.4257  1.09057
 1.10573 -33.4186  1.09072
 1.10588 -33.4114  1.09087
 1.10603 -33.4042  1.09102
 1.10618 -33.3971  1.09117
 1.10633 -33.3899  1.09132
 1.10648 -33.3828  1.09147
 1.10663 -33.3756  1.09162
 1.10678 -33.3685  1.09177
 1.10693 -33.3613  1.09192
 1.10708 -33.3542  1.09207
 1.10723  -33.347  1.09222
 1.10738 -33.3399  1.09222
 1.10753 -33.3327  1.09237
 1.10768 -33.3256  1.09252
 1.10783 -33.3185  1.09267
 1.10798 -33.3113  1.09282
 1.10813 -33.3042  1.09297
 1.10828 -33.2971  1.09312
 1.10843   -33.29  1.09327
 1.10858 -33.2828  1.09342
 1.10873 -33.2757  1.09357
 1.10888 -33.2686  1.09372
 1.10903 -33.2615  1.09387
 1.10918 -33.2544  1.09387
 1.10933 -33.2472  1.09402
 1.10948 -33.2401  1.09417
 1.10963  -33.233  1.09432
 1.10978 -33.2259  1.09447
 1.10993 -33.2188  1.09462
 1.11008 -33.2117  1.09477
 1.11023 -33.2046  1.09492
 1.11038 -33.1975  1.09507
 1.11053 -33.1904  1.09522
 1.11068 -33.1833  1.09537
 1.11083 -33.1762  1.09552
 1.11098 -33.1691  1.09552
 1.11113 -33.1621  1.09567
 1.11128  -33.155  1.09582
 1.11143 -33.1479  1.09597
 1.11158 -33.1408  1.09612
 1.11173 -33.1337  1.09627
 1.11188 -33.1267  1.09642
 1.11203 -33.1196  1.09657
 1.11218 -33.1125  1.09672
 1.11233 -33.1054  1.09687
 1.11248 -33.0984  1.09702
 1.11263 -33.0913  1.09717
 1.11278 -33.0842  1.09717
 1.11293 -33.0772  1.09732
 1.11308 -33.0701  1.09747
 1.11323 -33.0631  1.09762
 1.11338  -33.056  1.09777
 1.11353  -33.049  1.09792
 1.11368 -33.0419  1.09807
 1.11383 -33.0349  1.09822
 1.11398 -33.0278  1.09837
 1.11413 -33.0208  1.09852
 1.11428 -33.0137  1.09867
 1.11443 -33.0067  1.09882
 1.11458 -32.9997  1.09897
 1.11473 -32.9926  1.09897
 1.11488 -32.9856  1.09912
 1.11503 -32.9786  1.09927
 1.11518 -32.9715  1.09942
 1.11533 -32.9645  1.09957
 1.11548 -32.9575  1.09972
 1.11563 -32.9504  1.09987
 1.11578 -32.9434  1.10003
 1.11593 -32.9364  1.10018
 1.11608 -32.9294  1.10033
 1.11623 -32.9224  1.10048
 1.11638 -32.9154  1.10063
 1.11653 -32.9084  1.10063
 1.11668 -32.9013  1.10078
 1.11683 -32.8943  1.10093
 1.11698 -32.8873  1.10108
 1.11713 -32.8803  1.10123
 1.11728 -32.8733  1.10138
 1.11743 -32.8663  1.10153
 1.11758 -32.8593  1.10168
 1.11773 -32.8524  1.10183
 1.11788 -32.8454  1.10198
 1.11803 -32.8384  1.10213
 1.11818 -32.8314  1.10228
 1.11833 -32.8244  1.10228
 1.11848 -32.8174  1.10243
 1.11863 -32.8104  1.10258
 1.11878 -32.8035  1.10273
 1.11893 -32.7965  1.10288
 1.11908 -32.7895  1.10303
 1.11923 -32.7825  1.10318
 1.11938 -32.7756  1.10333
 1.11953 -32.7686  1.10348
 1.11968 -32.7616  1.10363
 1.11983 -32.7547  1.10378
 1.11998 -32.7477  1.10393
 1.12014 -32.7407  1.10393
 1.12029 -32.7338  1.10408
 1.12044 -32.7268  1.10423
 1.12059 -32.7199  1.10438
 1.12074 -32.7129  1.10453
 1.12089  -32.706  1.10468
 1.12104  -32.699  1.10483
 1.12119 -32.6921  1.10498
 1.12134 -32.6851  1.10513
 1.12149 -32.6782  1.10528
 1.12164 -32.6713  1.10543
 1.12179 -32.6643  1.10558
 1.12194 -32.6574  1.10558
 1.12209 -32.6505  1.10573
 1.12224 -32.6435  1.10588
 1.12239 -32.6366  1.10603
 1.12254 -32.6297  1.10618
 1.12269 -32.6228  1.10633
 1.12284 -32.6158  1.10648
 1.12299 -32.6089  1.10663
 1.12314  -32.602  1.10678
 1.12329 -32.5951  1.10693
 1.12344 -32.5882  1.10708
 1.12359 -32.5813  1.10723
 1.12374 -32.5744  1.10723
 1.12389 -32.5674  1.10738
 1.12404 -32.5605  1.10753
 1.12419 -32.5536  1.10768
 1.12434 -32.5467  1.10783
 1.12449 -32.5398  1.10798
 1.12464 -32.5329  1.10813
 1.12479  -32.526  1.10828
 1.12494 -32.5192  1.10843
 1.12509 -32.5123  1.10858
 1.12524 -32.5054  1.10873
 1.12539 -32.4985  1.10888
 1.12554 -32.4916  1.10888
 1.12569 -32.4847  1.10903
 1.12584 -32.4778  1.10918
 1.12599  -32.471  1.10933
 1.12614 -32.4641  1.10948
 1.12629 -32.4572  1.10963
 1.12644 -32.4503  1.10978
 1.12659 -32.4435  1.10993
 1.12674 -32.4366  1.11008
 1.12689 -32.4297  1.11023
 1.12704 -32.4229  1.11038
 1.12719  -32.416  1.11053
 1.12734 -32.4092  1.11053
 1.12749 -32.4023  1.11068
 1.12764 -32.3954  1.11083
 1.12779 -32.3886  1.11098
 1.12794 -32.3817  1.11113
 1.12809 -32.3749  1.11128
 1.12824  -32.368  1.11143
 1.12839 -32.3612  1.11158
 1.12854 -32.3544  1.11173
 1.12869 -32.3475  1.11188
 1.12884 -32.3407  1.11203
 1.12899 -32.3338  1.11218
 1.12914  -32.327  1.11218
 1.12929 -32.3202  1.11233
 1.12944 -32.3133  1.11248
 1.12959 -32.3065  1.11263
 1.12974 -32.2997  1.11278
 1.12989 -32.2929  1.11293
 1.13004  -32.286  1.11308
 1.13019 -32.2792  1.11323
 1.13034 -32.2724  1.11338
 1.13049 -32.2656  1.11353
 1.13064 -32.2588  1.11368
 1.13079  -32.252  1.11383
 1.13094 -32.2452  1.11383
 1.13109 -32.2383  1.11398
 1.13124 -32.2315  1.11413
 1.13139 -32.2247  1.11428
 1.13154 -32.2179  1.11443
 1.13169 -32.2111  1.11458
 1.13184 -32.2043  1.11473
 1.13199 -32.1975  1.11488
 1.13214 -32.1908  1.11503
 1.13229  -32.184  1.11518
 1.13244 -32.1772  1.11533
 1.13259 -32.1704  1.11548
 1.13274 -32.1636  1.11548
 1.13289 -32.1568  1.11563
 1.13304   -32.15  1.11578
 1.13319 -32.1433  1.11593
 1.13334 -32.1365  1.11608
 1.13349 -32.1297  1.11623
 1.13364 -32.1229  1.11638
 1.13379 -32.1162  1.11653
 1.13394 -32.1094  1.11668
 1.13409 -32.1026  1.11683
 1.13424 -32.0959  1.11698
 1.13439 -32.0891  1.11713
 1.13454 -32.0823  1.11713
 1.13469 -32.0756  1.11728
 1.13484 -32.0688  1.11743
 1.13499 -32.0621  1.11758
 1.13514 -32.0553  1.11773
 1.13529 -32.0486  1.11788
 1.13544 -32.0418  1.11803
 1.13559 -32.0351  1.11818
 1.13574 -32.0283  1.11833
 1.13589 -32.0216  1.11848
 1.13604 -32.0149  1.11863
 1.13619 -32.0081  1.11863
 1.13634 -32.0014  1.11878
 1.13649 -31.9946  1.11893
 1.13664 -31.9879  1.11908
 1.13679 -31.9812  1.11923
 1.13694 -31.9745  1.11938
 1.13709 -31.9677  1.11953
 1.13724  -31.961  1.11968
 1.13739 -31.9543  1.11983
 1.13754 -31.9476  1.11998
 1.13769 -31.9409  1.12014
 1.13784 -31.9341  1.12014
 1.13799 -31.9274  1.12029
 1.13814 -31.9207  1.12044
 1.13829  -31.914  1.12059
 1.13844 -31.9073  1.12074
 1.13859 -31.9006  1.12089
 1.13874 -31.8939  1.12104
 1.13889 -31.8872  1.12119
 1.13904 -31.8805  1.12134
 1.13919 -31.8738  1.12149
 1.13934 -31.8671  1.12149
 1.13949 -31.8604  1.12164
 1.13964 -31.8537  1.12179
 1.13979  -31.847  1.12194
 1.13994 -31.8404  1.12209
  1.1401 -31.8337  1.12224
 1.14025  -31.827  1.12239
  1.1404 -31.8203  1.12254
 1.14055 -31.8137  1.12269
  1.1407  -31.807  1.12284
 1.14085 -31.8003  1.12284
   1.141 -31.7936  1.12299
 1.14115  -31.787  1.12314
  1.1413 -31.7803  1.12329
 1.14145 -31.7736  1.12344
  1.1416  -31.767  1.12359
 1.14175 -31.7603  1.12374
  1.1419 -31.7537  1.12389
 1.14205  -31.747  1.12404
  1.1422 -31.7404  1.12419
 1.14235 -31.7337  1.12419
  1.1425 -31.7271  1.12434
 1.14265 -31.7204  1.12449
  1.1428 -31.7138  1.12464
 1.14295 -31.7071  1.12479
  1.1431 -31.7005  1.12494
 1.14325 -31.6939  1.12509
  1.1434 -31.6872  1.12524
 1.14355 -31.6806  1.12539
  1.1437  -31.674  1.12554
 1.14385 -31.6673  1.12569
   1.144 -31.6607  1.12569
 1.14415 -31.6541  1.12584
  1.1443 -31.6475  1.12599
 1.14445 -31.6408  1.12614
  1.1446 -31.6342  1.12629
 1.14475 -31.6276  1.12644
  1.1449  -31.621  1.12659
 1.14505 -31.6144  1.12674
  1.1452 -31.6078  1.12689
 1.14535 -31.6012  1.12704
  1.1455 -31.5946  1.12704
 1.14565 -31.5879  1.12719
  1.1458 -31.5813  1.12734
 1.14595 -31.5747  1.12749
  1.1461 -31.5681  1.12764
 1.14625 -31.5616  1.12779
  1.1464  -31.555  1.12794
 1.14655 -31.5484  1.12809
  1.1467 -31.5418  1.12824
 1.14685 -31.5352  1.12839
   1.147 -31.5286  1.12839
 1.14715  -31.522  1.12854
  1.1473 -31.5154  1.12869
 1.14745 -31.5089  1.12884
  1.1476 -31.5023  1.12899
 1.14775 -31.4957  1.12914
  1.1479 -31.4891  1.12929
 1.14805 -31.4826  1.12944
  1.1482  -31.476  1.12959
 1.14835 -31.4694  1.12974
  1.1485 -31.4629  1.12989
 1.14865 -31.4563  1.12989
  1.1488 -31.4498  1.13004
 1.14895 -31.4432  1.13019
  1.1491 -31.4366  1.13034
 1.14925 -31.4301  1.13049
  1.1494 -31.4235  1.13064
 1.14955  -31.417  1.13079
  1.1497 -31.4104  1.13094
 1.14985 -31.4039  1.13109
    1.15 -31.3974  1.13124