 kgrid  ValNew  Policy 
    0.85 -74.9974 0.862756
 0.85015 -74.9835 0.862906
  0.8503 -74.9697 0.863057
 0.85045 -74.9558 0.863057
  0.8506 -74.9419 0.863207
 0.85075 -74.9281 0.863357
  0.8509 -74.9142 0.863507
0.851051 -74.9004 0.863507
0.851201 -74.8866 0.863657
0.851351 -74.8728 0.863807
0.851501  -74.859 0.863957
0.851651 -74.8452 0.863957
0.851801 -74.8314 0.864107
0.851951 -74.8176 0.864257
0.852101 -74.8039 0.864407
0.852251 -74.7901 0.864407
0.852401 -74.7764 0.864557
0.852551 -74.7626 0.864707
0.852701 -74.7489 0.864857
0.852851 -74.7352 0.864857
0.853002 -74.7215 0.865008
0.853152 -74.7078 0.865158
0.853302 -74.6941 0.865308
0.853452 -74.6804 0.865458
0.853602 -74.6667 0.865458
0.853752 -74.6531 0.865608
0.853902 -74.6394 0.865758
0.854052 -74.6258 0.865908
0.854202 -74.6121 0.865908
0.854352 -74.5985 0.866058
0.854502 -74.5849 0.866208
0.854652 -74.5713 0.866358
0.854802 -74.5577 0.866358
0.854952 -74.5441 0.866508
0.855103 -74.5305 0.866658
0.855253  -74.517 0.866808
0.855403 -74.5034 0.866808
0.855553 -74.4898 0.866958
0.855703 -74.4763 0.867109
0.855853 -74.4628 0.867259
0.856003 -74.4492 0.867259
0.856153 -74.4357 0.867409
0.856303 -74.4222 0.867559
0.856453 -74.4087 0.867709
0.856603 -74.3952 0.867709
0.856753 -74.3817 0.867859
0.856903 -74.3683 0.868009
0.857054 -74.3548 0.868159
0.857204 -74.3414 0.868309
0.857354 -74.3279 0.868309
0.857504 -74.3145 0.868459
0.857654 -74.3011 0.868609
0.857804 -74.2876 0.868759
0.857954 -74.2742 0.868759
0.858104 -74.2608 0.868909
0.858254 -74.2474  0.86906
0.858404 -74.2341  0.86921
0.858554 -74.2207  0.86921
0.858704 -74.2073  0.86936
0.858854  -74.194  0.86951
0.859005 -74.1806  0.86966
0.859155 -74.1673  0.86966
0.859305 -74.1539  0.86981
0.859455 -74.1406  0.86996
0.859605 -74.1273  0.87011
0.859755  -74.114  0.87026
0.859905 -74.1007  0.87026
0.860055 -74.0874  0.87041
0.860205 -74.0742  0.87056
0.860355 -74.0609  0.87071
0.860505 -74.0476  0.87071
0.860655 -74.0344  0.87086
0.860805 -74.0211 0.871011
0.860955 -74.0079 0.871161
0.861106 -73.9946 0.871311
0.861256 -73.9814 0.871461
0.861406 -73.9682 0.871611
0.861556  -73.955 0.871611
0.861706 -73.9418 0.871761
0.861856 -73.9286 0.871911
0.862006 -73.9154 0.872061
0.862156 -73.9022 0.872211
0.862306  -73.889 0.872361
0.862456 -73.8758 0.872511
0.862606 -73.8627 0.872661
0.862756 -73.8495 0.872661
0.862906 -73.8363 0.872811
0.863057 -73.8232 0.872961
0.863207   -73.81 0.873112
0.863357 -73.7969 0.873262
0.863507 -73.7838 0.873412
0.863657 -73.7707 0.873562
0.863807 -73.7575 0.873562
0.863957 -73.7444 0.873712
0.864107 -73.7313 0.873862
0.864257 -73.7182 0.874012
0.864407 -73.7051 0.874162
0.864557  -73.692 0.874312
0.864707 -73.6789 0.874462
0.864857 -73.6659 0.874612
0.865008 -73.6528 0.874612
0.865158 -73.6397 0.874762
0.865308 -73.6267 0.874912
0.865458 -73.6136 0.875063
0.865608 -73.6006 0.875213
0.865758 -73.5875 0.875363
0.865908 -73.5745 0.875513
0.866058 -73.5615 0.875663
0.866208 -73.5484 0.875663
0.866358 -73.5354 0.875813
0.866508 -73.5224 0.875963
0.866658 -73.5094 0.876113
0.866808 -73.4964 0.876263
0.866958 -73.4834 0.876413
0.867109 -73.4704 0.876563
0.867259 -73.4575 0.876713
0.867409 -73.4445 0.876713
0.867559 -73.4315 0.876863
0.867709 -73.4186 0.877014
0.867859 -73.4056 0.877164
0.868009 -73.3927 0.877314
0.868159 -73.3797 0.877464
0.868309 -73.3668 0.877614
0.868459 -73.3538 0.877614
0.868609 -73.3409 0.877764
0.868759  -73.328 0.877914
0.868909 -73.3151 0.878064
 0.86906 -73.3022 0.878214
 0.86921 -73.2893 0.878364
 0.86936 -73.2764 0.878514
 0.86951 -73.2635 0.878664
 0.86966 -73.2506 0.878664
 0.86981 -73.2377 0.878814
 0.86996 -73.2248 0.878964
 0.87011  -73.212 0.879115
 0.87026 -73.1991 0.879265
 0.87041 -73.1863 0.879415
 0.87056 -73.1734 0.879565
 0.87071 -73.1606 0.879715
 0.87086 -73.1477 0.879865
0.871011 -73.1349 0.879865
0.871161 -73.1221 0.880015
0.871311 -73.1093 0.880165
0.871461 -73.0964 0.880315
0.871611 -73.0836 0.880465
0.871761 -73.0708 0.880615
0.871911  -73.058 0.880765
0.872061 -73.0452 0.880915
0.872211 -73.0324 0.881066
0.872361 -73.0197 0.881066
0.872511 -73.0069 0.881216
0.872661 -72.9941 0.881366
0.872811 -72.9813 0.881516
0.872961 -72.9686 0.881666
0.873112 -72.9558 0.881816
0.873262 -72.9431 0.881966
0.873412 -72.9303 0.882116
0.873562 -72.9176 0.882266
0.873712 -72.9049 0.882266
0.873862 -72.8921 0.882416
0.874012 -72.8794 0.882566
0.874162 -72.8667 0.882716
0.874312  -72.854 0.882866
0.874462 -72.8413 0.883017
0.874612 -72.8286 0.883167
0.874762 -72.8159 0.883317
0.874912 -72.8032 0.883467
0.875063 -72.7905 0.883467
0.875213 -72.7778 0.883617
0.875363 -72.7652 0.883767
0.875513 -72.7525 0.883917
0.875663 -72.7398 0.884067
0.875813 -72.7272 0.884217
0.875963 -72.7145 0.884367
0.876113 -72.7019 0.884517
0.876263 -72.6892 0.884667
0.876413 -72.6766 0.884667
0.876563  -72.664 0.884817
0.876713 -72.6513 0.884967
0.876863 -72.6387 0.885118
0.877014 -72.6261 0.885268
0.877164 -72.6135 0.885418
0.877314 -72.6009 0.885568
0.877464 -72.5883 0.885718
0.877614 -72.5757 0.885868
0.877764 -72.5631 0.886018
0.877914 -72.5505 0.886018
0.878064  -72.538 0.886168
0.878214 -72.5254 0.886318
0.878364 -72.5128 0.886468
0.878514 -72.5003 0.886618
0.878664 -72.4877 0.886768
0.878814 -72.4751 0.886918
0.878964 -72.4626 0.887069
0.879115 -72.4501 0.887219
0.879265 -72.4375 0.887219
0.879415  -72.425 0.887369
0.879565 -72.4125 0.887519
0.879715 -72.3999 0.887669
0.879865 -72.3874 0.887819
0.880015 -72.3749 0.887969
0.880165 -72.3624 0.888119
0.880315 -72.3499 0.888269
0.880465 -72.3374 0.888419
0.880615 -72.3249 0.888569
0.880765 -72.3125 0.888569
0.880915    -72.3 0.888719
0.881066 -72.2875 0.888869
0.881216  -72.275  0.88902
0.881366 -72.2626  0.88917
0.881516 -72.2501  0.88932
0.881666 -72.2377  0.88947
0.881816 -72.2252  0.88962
0.881966 -72.2128  0.88977
0.882116 -72.2003  0.88977
0.882266 -72.1879  0.88992
0.882416 -72.1755  0.89007
0.882566  -72.163  0.89022
0.882716 -72.1506  0.89037
0.882866 -72.1382  0.89052
0.883017 -72.1258  0.89067
0.883167 -72.1134  0.89082
0.883317  -72.101  0.89097
0.883467 -72.0886 0.891121
0.883617 -72.0762 0.891121
0.883767 -72.0639 0.891271
0.883917 -72.0515 0.891421
0.884067 -72.0391 0.891571
0.884217 -72.0267 0.891721
0.884367 -72.0144 0.891871
0.884517  -72.002 0.892021
0.884667 -71.9897 0.892171
0.884817 -71.9773 0.892321
0.884967  -71.965 0.892471
0.885118 -71.9526 0.892621
0.885268 -71.9403 0.892621
0.885418  -71.928 0.892771
0.885568 -71.9157 0.892921
0.885718 -71.9033 0.893072
0.885868  -71.891 0.893222
0.886018 -71.8787 0.893372
0.886168 -71.8664 0.893522
0.886318 -71.8541 0.893672
0.886468 -71.8418 0.893822
0.886618 -71.8295 0.893972
0.886768 -71.8173 0.893972
0.886918  -71.805 0.894122
0.887069 -71.7927 0.894272
0.887219 -71.7804 0.894422
0.887369 -71.7682 0.894572
0.887519 -71.7559 0.894722
0.887669 -71.7437 0.894872
0.887819 -71.7314 0.895023
0.887969 -71.7192 0.895173
0.888119 -71.7069 0.895323
0.888269 -71.6947 0.895323
0.888419 -71.6825 0.895473
0.888569 -71.6703 0.895623
0.888719  -71.658 0.895773
0.888869 -71.6458 0.895923
 0.88902 -71.6336 0.896073
 0.88917 -71.6214 0.896223
 0.88932 -71.6092 0.896373
 0.88947  -71.597 0.896523
 0.88962 -71.5848 0.896673
 0.88977 -71.5726 0.896823
 0.88992 -71.5605 0.896823
 0.89007 -71.5483 0.896973
 0.89022 -71.5361 0.897124
 0.89037 -71.5239 0.897274
 0.89052 -71.5118 0.897424
 0.89067 -71.4996 0.897574
 0.89082 -71.4875 0.897724
 0.89097 -71.4753 0.897874
0.891121 -71.4632 0.898024
0.891271 -71.4511 0.898174
0.891421 -71.4389 0.898174
0.891571 -71.4268 0.898324
0.891721 -71.4147 0.898474
0.891871 -71.4026 0.898624
0.892021 -71.3904 0.898774
0.892171 -71.3783 0.898924
0.892321 -71.3662 0.899075
0.892471 -71.3541 0.899225
0.892621  -71.342 0.899375
0.892771 -71.3299 0.899525
0.892921 -71.3179 0.899675
0.893072 -71.3058 0.899825
0.893222 -71.2937 0.899825
0.893372 -71.2816 0.899975
0.893522 -71.2696 0.900125
0.893672 -71.2575 0.900275
0.893822 -71.2454 0.900425
0.893972 -71.2334 0.900575
0.894122 -71.2213 0.900725
0.894272 -71.2093 0.900875
0.894422 -71.1972 0.901026
0.894572 -71.1852 0.901176
0.894722 -71.1732 0.901326
0.894872 -71.1611 0.901476
0.895023 -71.1491 0.901626
0.895173 -71.1371 0.901626
0.895323 -71.1251 0.901776
0.895473 -71.1131 0.901926
0.895623  -71.101 0.902076
0.895773  -71.089 0.902226
0.895923  -71.077 0.902376
0.896073 -71.0651 0.902526
0.896223 -71.0531 0.902676
0.896373 -71.0411 0.902826
0.896523 -71.0291 0.902976
0.896673 -71.0171 0.903127
0.896823 -71.0051 0.903277
0.896973 -70.9932 0.903427
0.897124 -70.9812 0.903427
0.897274 -70.9692 0.903577
0.897424 -70.9573 0.903727
0.897574 -70.9453 0.903877
0.897724 -70.9334 0.904027
0.897874 -70.9214 0.904177
0.898024 -70.9095 0.904327
0.898174 -70.8976 0.904477
0.898324 -70.8856 0.904627
0.898474 -70.8737 0.904777
0.898624 -70.8618 0.904927
0.898774 -70.8499 0.905078
0.898924  -70.838 0.905228
0.899075 -70.8261 0.905378
0.899225 -70.8142 0.905378
0.899375 -70.8023 0.905528
0.899525 -70.7904 0.905678
0.899675 -70.7785 0.905828
0.899825 -70.7666 0.905978
0.899975 -70.7547 0.906128
0.900125 -70.7428 0.906278
0.900275 -70.7309 0.906428
0.900425 -70.7191 0.906578
0.900575 -70.7072 0.906728
0.900725 -70.6953 0.906878
0.900875 -70.6835 0.907029
0.901026 -70.6716 0.907179
0.901176 -70.6598 0.907179
0.901326 -70.6479 0.907329
0.901476 -70.6361 0.907479
0.901626 -70.6242 0.907629
0.901776 -70.6124 0.907779
0.901926 -70.6006 0.907929
0.902076 -70.5888 0.908079
0.902226 -70.5769 0.908229
0.902376 -70.5651 0.908379
0.902526 -70.5533 0.908529
0.902676 -70.5415 0.908679
0.902826 -70.5297 0.908829
0.902976 -70.5179 0.908979
0.903127 -70.5061  0.90913
0.903277 -70.4943  0.90913
0.903427 -70.4825  0.90928
0.903577 -70.4707  0.90943
0.903727 -70.4589  0.90958
0.903877 -70.4472  0.90973
0.904027 -70.4354  0.90988
0.904177 -70.4236  0.91003
0.904327 -70.4119  0.91018
0.904477 -70.4001  0.91033
0.904627 -70.3884  0.91048
0.904777 -70.3766  0.91063
0.904927 -70.3649  0.91078
0.905078 -70.3531  0.91093
0.905228 -70.3414 0.911081
0.905378 -70.3296 0.911231
0.905528 -70.3179 0.911231
0.905678 -70.3062 0.911381
0.905828 -70.2945 0.911531
0.905978 -70.2827 0.911681
0.906128  -70.271 0.911831
0.906278 -70.2593 0.911981
0.906428 -70.2476 0.912131
0.906578 -70.2359 0.912281
0.906728 -70.2242 0.912431
0.906878 -70.2125 0.912581
0.907029 -70.2008 0.912731
0.907179 -70.1891 0.912881
0.907329 -70.1774 0.913032
0.907479 -70.1658 0.913182
0.907629 -70.1541 0.913182
0.907779 -70.1424 0.913332
0.907929 -70.1307 0.913482
0.908079 -70.1191 0.913632
0.908229 -70.1074 0.913782
0.908379 -70.0958 0.913932
0.908529 -70.0841 0.914082
0.908679 -70.0725 0.914232
0.908829 -70.0608 0.914382
0.908979 -70.0492 0.914532
 0.90913 -70.0375 0.914682
 0.90928 -70.0259 0.914832
 0.90943 -70.0143 0.914982
 0.90958 -70.0027 0.915133
 0.90973  -69.991 0.915283
 0.90988 -69.9794 0.915433
 0.91003 -69.9678 0.915433
 0.91018 -69.9562 0.915583
 0.91033 -69.9446 0.915733
 0.91048  -69.933 0.915883
 0.91063 -69.9214 0.916033
 0.91078 -69.9098 0.916183
 0.91093 -69.8982 0.916333
0.911081 -69.8866 0.916483
0.911231  -69.875 0.916633
0.911381 -69.8635 0.916783
0.911531 -69.8519 0.916933
0.911681 -69.8403 0.917084
0.911831 -69.8288 0.917234
0.911981 -69.8172 0.917384
0.912131 -69.8056 0.917534
0.912281 -69.7941 0.917534
0.912431 -69.7825 0.917684
0.912581  -69.771 0.917834
0.912731 -69.7594 0.917984
0.912881 -69.7479 0.918134
0.913032 -69.7364 0.918284
0.913182 -69.7248 0.918434
0.913332 -69.7133 0.918584
0.913482 -69.7018 0.918734
0.913632 -69.6903 0.918884
0.913782 -69.6788 0.919035
0.913932 -69.6672 0.919185
0.914082 -69.6557 0.919335
0.914232 -69.6442 0.919485
0.914382 -69.6327 0.919635
0.914532 -69.6212 0.919785
0.914682 -69.6097 0.919785
0.914832 -69.5983 0.919935
0.914982 -69.5868 0.920085
0.915133 -69.5753 0.920235
0.915283 -69.5638 0.920385
0.915433 -69.5523 0.920535
0.915583 -69.5409 0.920685
0.915733 -69.5294 0.920835
0.915883 -69.5179 0.920985
0.916033 -69.5065 0.921136
0.916183  -69.495 0.921286
0.916333 -69.4836 0.921436
0.916483 -69.4721 0.921586
0.916633 -69.4607 0.921736
0.916783 -69.4492 0.921886
0.916933 -69.4378 0.921886
0.917084 -69.4264 0.922036
0.917234 -69.4149 0.922186
0.917384 -69.4035 0.922336
0.917534 -69.3921 0.922486
0.917684 -69.3807 0.922636
0.917834 -69.3693 0.922786
0.917984 -69.3578 0.922936
0.918134 -69.3464 0.923087
0.918284  -69.335 0.923237
0.918434 -69.3236 0.923387
0.918584 -69.3122 0.923537
0.918734 -69.3009 0.923687
0.918884 -69.2895 0.923837
0.919035 -69.2781 0.923987
0.919185 -69.2667 0.924137
0.919335 -69.2553 0.924287
0.919485  -69.244 0.924287
0.919635 -69.2326 0.924437
0.919785 -69.2212 0.924587
0.919935 -69.2099 0.924737
0.920085 -69.1985 0.924887
0.920235 -69.1871 0.925038
0.920385 -69.1758 0.925188
0.920535 -69.1644 0.925338
0.920685 -69.1531 0.925488
0.920835 -69.1418 0.925638
0.920985 -69.1304 0.925788
0.921136 -69.1191 0.925938
0.921286 -69.1078 0.926088
0.921436 -69.0964 0.926238
0.921586 -69.0851 0.926388
0.921736 -69.0738 0.926538
0.921886 -69.0625 0.926538
0.922036 -69.0512 0.926688
0.922186 -69.0399 0.926838
0.922336 -69.0286 0.926988
0.922486 -69.0173 0.927139
0.922636  -69.006 0.927289
0.922786 -68.9947 0.927439
0.922936 -68.9834 0.927589
0.923087 -68.9721 0.927739
0.923237 -68.9608 0.927889
0.923387 -68.9496 0.928039
0.923537 -68.9383 0.928189
0.923687  -68.927 0.928339
0.923837 -68.9158 0.928489
0.923987 -68.9045 0.928639
0.924137 -68.8932 0.928789
0.924287  -68.882 0.928789
0.924437 -68.8707 0.928939
0.924587 -68.8595  0.92909
0.924737 -68.8482  0.92924
0.924887  -68.837  0.92939
0.925038 -68.8258  0.92954
0.925188 -68.8145  0.92969
0.925338 -68.8033  0.92984
0.925488 -68.7921  0.92999
0.925638 -68.7808  0.93014
0.925788 -68.7696  0.93029
0.925938 -68.7584  0.93044
0.926088 -68.7472  0.93059
0.926238  -68.736  0.93074
0.926388 -68.7248  0.93089
0.926538 -68.7136 0.931041
0.926688 -68.7024 0.931191
0.926838 -68.6912 0.931191
0.926988   -68.68 0.931341
0.927139 -68.6688 0.931491
0.927289 -68.6576 0.931641
0.927439 -68.6464 0.931791
0.927589 -68.6353 0.931941
0.927739 -68.6241 0.932091
0.927889 -68.6129 0.932241
0.928039 -68.6018 0.932391
0.928189 -68.5906 0.932541
0.928339 -68.5794 0.932691
0.928489 -68.5683 0.932841
0.928639 -68.5571 0.932991
0.928789  -68.546 0.933142
0.928939 -68.5348 0.933292
 0.92909 -68.5237 0.933442
 0.92924 -68.5126 0.933592
 0.92939 -68.5014 0.933742
 0.92954 -68.4903 0.933892
 0.92969 -68.4792 0.933892
 0.92984  -68.468 0.934042
 0.92999 -68.4569 0.934192
 0.93014 -68.4458 0.934342
 0.93029 -68.4347 0.934492
 0.93044 -68.4236 0.934642
 0.93059 -68.4125 0.934792
 0.93074 -68.4014 0.934942
 0.93089 -68.3903 0.935093
0.931041 -68.3792 0.935243
0.931191 -68.3681 0.935393
0.931341  -68.357 0.935543
0.931491 -68.3459 0.935693
0.931641 -68.3348 0.935843
0.931791 -68.3237 0.935993
0.931941 -68.3127 0.936143
0.932091 -68.3016 0.936293
0.932241 -68.2905 0.936293
0.932391 -68.2795 0.936443
0.932541 -68.2684 0.936593
0.932691 -68.2573 0.936743
0.932841 -68.2463 0.936893
0.932991 -68.2352 0.937044
0.933142 -68.2242 0.937194
0.933292 -68.2131 0.937344
0.933442 -68.2021 0.937494
0.933592 -68.1911 0.937644
0.933742   -68.18 0.937794
0.933892  -68.169 0.937944
0.934042  -68.158 0.938094
0.934192  -68.147 0.938244
0.934342 -68.1359 0.938394
0.934492 -68.1249 0.938544
0.934642 -68.1139 0.938694
0.934792 -68.1029 0.938844
0.934942 -68.0919 0.938994
0.935093 -68.0809 0.938994
0.935243 -68.0699 0.939145
0.935393 -68.0589 0.939295
0.935543 -68.0479 0.939445
0.935693 -68.0369 0.939595
0.935843 -68.0259 0.939745
0.935993 -68.0149 0.939895
0.936143  -68.004 0.940045
0.936293  -67.993 0.940195
0.936443  -67.982 0.940345
0.936593  -67.971 0.940495
0.936743 -67.9601 0.940645
0.936893 -67.9491 0.940795
0.937044 -67.9382 0.940945
0.937194 -67.9272 0.941096
0.937344 -67.9162 0.941246
0.937494 -67.9053 0.941396
0.937644 -67.8944 0.941546
0.937794 -67.8834 0.941546
0.937944 -67.8725 0.941696
0.938094 -67.8615 0.941846
0.938244 -67.8506 0.941996
0.938394 -67.8397 0.942146
0.938544 -67.8287 0.942296
0.938694 -67.8178 0.942446
0.938844 -67.8069 0.942596
0.938994  -67.796 0.942746
0.939145 -67.7851 0.942896
0.939295 -67.7742 0.943047
0.939445 -67.7633 0.943197
0.939595 -67.7524 0.943347
0.939745 -67.7415 0.943497
0.939895 -67.7306 0.943647
0.940045 -67.7197 0.943797
0.940195 -67.7088 0.943947
0.940345 -67.6979 0.944097
0.940495  -67.687 0.944097
0.940645 -67.6761 0.944247
0.940795 -67.6653 0.944397
0.940945 -67.6544 0.944547
0.941096 -67.6435 0.944697
0.941246 -67.6327 0.944847
0.941396 -67.6218 0.944997
0.941546 -67.6109 0.945148
0.941696 -67.6001 0.945298
0.941846 -67.5892 0.945448
0.941996 -67.5784 0.945598
0.942146 -67.5675 0.945748
0.942296 -67.5567 0.945898
0.942446 -67.5459 0.946048
0.942596  -67.535 0.946198
0.942746 -67.5242 0.946348
0.942896 -67.5134 0.946498
0.943047 -67.5025 0.946648
0.943197 -67.4917 0.946798
0.943347 -67.4809 0.946798
0.943497 -67.4701 0.946948
0.943647 -67.4593 0.947099
0.943797 -67.4485 0.947249
0.943947 -67.4377 0.947399
0.944097 -67.4268 0.947549
0.944247  -67.416 0.947699
0.944397 -67.4053 0.947849
0.944547 -67.3945 0.947999
0.944697 -67.3837 0.948149
0.944847 -67.3729 0.948299
0.944997 -67.3621 0.948449
0.945148 -67.3513 0.948599
0.945298 -67.3405 0.948749
0.945448 -67.3298 0.948899
0.945598  -67.319  0.94905
0.945748 -67.3082   0.9492
0.945898 -67.2975  0.94935
0.946048 -67.2867   0.9495
0.946198  -67.276  0.94965
0.946348 -67.2652  0.94965
0.946498 -67.2544   0.9498
0.946648 -67.2437  0.94995
0.946798  -67.233   0.9501
0.946948 -67.2222  0.95025
0.947099 -67.2115   0.9504
0.947249 -67.2007  0.95055
0.947399   -67.19   0.9507
0.947549 -67.1793  0.95085
0.947699 -67.1686 0.951001
0.947849 -67.1578 0.951151
0.947999 -67.1471 0.951301
0.948149 -67.1364 0.951451
0.948299 -67.1257 0.951601
0.948449  -67.115 0.951751
0.948599 -67.1043 0.951901
0.948749 -67.0936 0.952051
0.948899 -67.0829 0.952201
 0.94905 -67.0722 0.952351
  0.9492 -67.0615 0.952351
 0.94935 -67.0508 0.952501
  0.9495 -67.0401 0.952651
 0.94965 -67.0294 0.952801
  0.9498 -67.0187 0.952951
 0.94995 -67.0081 0.953102
  0.9501 -66.9974 0.953252
 0.95025 -66.9867 0.953402
  0.9504 -66.9761 0.953552
 0.95055 -66.9654 0.953702
  0.9507 -66.9547 0.953852
 0.95085 -66.9441 0.954002
0.951001 -66.9334 0.954152
0.951151 -66.9228 0.954302
0.951301 -66.9121 0.954452
0.951451 -66.9015 0.954602
0.951601 -66.8908 0.954752
0.951751 -66.8802 0.954902
0.951901 -66.8696 0.955053
0.952051 -66.8589 0.955203
0.952201 -66.8483 0.955203
0.952351 -66.8377 0.955353
0.952501 -66.8271 0.955503
0.952651 -66.8164 0.955653
0.952801 -66.8058 0.955803
0.952951 -66.7952 0.955953
0.953102 -66.7846 0.956103
0.953252  -66.774 0.956253
0.953402 -66.7634 0.956403
0.953552 -66.7528 0.956553
0.953702 -66.7422 0.956703
0.953852 -66.7316 0.956853
0.954002  -66.721 0.957004
0.954152 -66.7104 0.957154
0.954302 -66.6998 0.957304
0.954452 -66.6892 0.957454
0.954602 -66.6787 0.957604
0.954752 -66.6681 0.957754
0.954902 -66.6575 0.957904
0.955053  -66.647 0.957904
0.955203 -66.6364 0.958054
0.955353 -66.6258 0.958204
0.955503 -66.6153 0.958354
0.955653 -66.6047 0.958504
0.955803 -66.5942 0.958654
0.955953 -66.5836 0.958804
0.956103 -66.5731 0.958954
0.956253 -66.5625 0.959105
0.956403  -66.552 0.959255
0.956553 -66.5414 0.959405
0.956703 -66.5309 0.959555
0.956853 -66.5204 0.959705
0.957004 -66.5098 0.959855
0.957154 -66.4993 0.960005
0.957304 -66.4888 0.960155
0.957454 -66.4783 0.960305
0.957604 -66.4678 0.960455
0.957754 -66.4572 0.960605
0.957904 -66.4467 0.960755
0.958054 -66.4362 0.960755
0.958204 -66.4257 0.960905
0.958354 -66.4152 0.961056
0.958504 -66.4047 0.961206
0.958654 -66.3942 0.961356
0.958804 -66.3837 0.961506
0.958954 -66.3733 0.961656
0.959105 -66.3628 0.961806
0.959255 -66.3523 0.961956
0.959405 -66.3418 0.962106
0.959555 -66.3313 0.962256
0.959705 -66.3209 0.962406
0.959855 -66.3104 0.962556
0.960005 -66.2999 0.962706
0.960155 -66.2895 0.962856
0.960305  -66.279 0.963007
0.960455 -66.2685 0.963157
0.960605 -66.2581 0.963307
0.960755 -66.2476 0.963457
0.960905 -66.2372 0.963607
0.961056 -66.2267 0.963607
0.961206 -66.2163 0.963757
0.961356 -66.2059 0.963907
0.961506 -66.1954 0.964057
0.961656  -66.185 0.964207
0.961806 -66.1746 0.964357
0.961956 -66.1641 0.964507
0.962106 -66.1537 0.964657
0.962256 -66.1433 0.964807
0.962406 -66.1329 0.964957
0.962556 -66.1225 0.965108
0.962706  -66.112 0.965258
0.962856 -66.1016 0.965408
0.963007 -66.0912 0.965558
0.963157 -66.0808 0.965708
0.963307 -66.0704 0.965858
0.963457   -66.06 0.966008
0.963607 -66.0496 0.966158
0.963757 -66.0393 0.966308
0.963907 -66.0289 0.966458
0.964057 -66.0185 0.966458
0.964207 -66.0081 0.966608
0.964357 -65.9977 0.966758
0.964507 -65.9874 0.966908
0.964657  -65.977 0.967059
0.964807 -65.9666 0.967209
0.964957 -65.9562 0.967359
0.965108 -65.9459 0.967509
0.965258 -65.9355 0.967659
0.965408 -65.9252 0.967809
0.965558 -65.9148 0.967959
0.965708 -65.9045 0.968109
0.965858 -65.8941 0.968259
0.966008 -65.8838 0.968409
0.966158 -65.8734 0.968559
0.966308 -65.8631 0.968709
0.966458 -65.8528 0.968859
0.966608 -65.8424  0.96901
0.966758 -65.8321  0.96916
0.966908 -65.8218  0.96931
0.967059 -65.8114  0.96946
0.967209 -65.8011  0.96946
0.967359 -65.7908  0.96961
0.967509 -65.7805  0.96976
0.967659 -65.7702  0.96991
0.967809 -65.7599  0.97006
0.967959 -65.7496  0.97021
0.968109 -65.7393  0.97036
0.968259  -65.729  0.97051
0.968409 -65.7187  0.97066
0.968559 -65.7084  0.97081
0.968709 -65.6981  0.97096
0.968859 -65.6878 0.971111
 0.96901 -65.6775 0.971261
 0.96916 -65.6672 0.971411
 0.96931 -65.6569 0.971561
 0.96946 -65.6467 0.971711
 0.96961 -65.6364 0.971861
 0.96976 -65.6261 0.972011
 0.96991 -65.6159 0.972161
 0.97006 -65.6056 0.972311
 0.97021 -65.5953 0.972311
 0.97036 -65.5851 0.972461
 0.97051 -65.5748 0.972611
 0.97066 -65.5646 0.972761
 0.97081 -65.5543 0.972911
 0.97096 -65.5441 0.973062
0.971111 -65.5338 0.973212
0.971261 -65.5236 0.973362
0.971411 -65.5134 0.973512
0.971561 -65.5031 0.973662
0.971711 -65.4929 0.973812
0.971861 -65.4827 0.973962
0.972011 -65.4724 0.974112
0.972161 -65.4622 0.974262
0.972311  -65.452 0.974412
0.972461 -65.4418 0.974562
0.972611 -65.4316 0.974712
0.972761 -65.4214 0.974862
0.972911 -65.4111 0.975013
0.973062 -65.4009 0.975163
0.973212 -65.3907 0.975313
0.973362 -65.3805 0.975313
0.973512 -65.3703 0.975463
0.973662 -65.3602 0.975613
0.973812   -65.35 0.975763
0.973962 -65.3398 0.975913
0.974112 -65.3296 0.976063
0.974262 -65.3194 0.976213
0.974412 -65.3092 0.976363
0.974562 -65.2991 0.976513
0.974712 -65.2889 0.976663
0.974862 -65.2787 0.976813
0.975013 -65.2685 0.976963
0.975163 -65.2584 0.977114
0.975313 -65.2482 0.977264
0.975463 -65.2381 0.977414
0.975613 -65.2279 0.977564
0.975763 -65.2178 0.977714
0.975913 -65.2076 0.977864
0.976063 -65.1975 0.978014
0.976213 -65.1873 0.978164
0.976363 -65.1772 0.978314
0.976513  -65.167 0.978314
0.976663 -65.1569 0.978464
0.976813 -65.1468 0.978614
0.976963 -65.1366 0.978764
0.977114 -65.1265 0.978914
0.977264 -65.1164 0.979065
0.977414 -65.1063 0.979215
0.977564 -65.0962 0.979365
0.977714  -65.086 0.979515
0.977864 -65.0759 0.979665
0.978014 -65.0658 0.979815
0.978164 -65.0557 0.979965
0.978314 -65.0456 0.980115
0.978464 -65.0355 0.980265
0.978614 -65.0254 0.980415
0.978764 -65.0153 0.980565
0.978914 -65.0052 0.980715
0.979065 -64.9951 0.980865
0.979215 -64.9851 0.981016
0.979365  -64.975 0.981166
0.979515 -64.9649 0.981166
0.979665 -64.9548 0.981316
0.979815 -64.9447 0.981466
0.979965 -64.9347 0.981616
0.980115 -64.9246 0.981766
0.980265 -64.9145 0.981916
0.980415 -64.9045 0.982066
0.980565 -64.8944 0.982216
0.980715 -64.8844 0.982366
0.980865 -64.8743 0.982516
0.981016 -64.8643 0.982666
0.981166 -64.8542 0.982816
0.981316 -64.8442 0.982966
0.981466 -64.8341 0.983117
0.981616 -64.8241 0.983267
0.981766 -64.8141 0.983417
0.981916  -64.804 0.983567
0.982066  -64.794 0.983717
0.982216  -64.784 0.983867
0.982366 -64.7739 0.984017
0.982516 -64.7639 0.984167
0.982666 -64.7539 0.984167
0.982816 -64.7439 0.984317
0.982966 -64.7339 0.984467
0.983117 -64.7239 0.984617
0.983267 -64.7138 0.984767
0.983417 -64.7038 0.984917
0.983567 -64.6938 0.985068
0.983717 -64.6838 0.985218
0.983867 -64.6738 0.985368
0.984017 -64.6638 0.985518
0.984167 -64.6539 0.985668
0.984317 -64.6439 0.985818
0.984467 -64.6339 0.985968
0.984617 -64.6239 0.986118
0.984767 -64.6139 0.986268
0.984917 -64.6039 0.986418
0.985068  -64.594 0.986568
0.985218  -64.584 0.986718
0.985368  -64.574 0.986868
0.985518 -64.5641 0.987019
0.985668 -64.5541 0.987169
0.985818 -64.5441 0.987169
0.985968 -64.5342 0.987319
0.986118 -64.5242 0.987469
0.986268 -64.5143 0.987619
0.986418 -64.5043 0.987769
0.986568 -64.4944 0.987919
0.986718 -64.4844 0.988069
0.986868 -64.4745 0.988219
0.987019 -64.4646 0.988369
0.987169 -64.4546 0.988519
0.987319 -64.4447 0.988669
0.987469 -64.4348 0.988819
0.987619 -64.4248 0.988969
0.987769 -64.4149  0.98912
0.987919  -64.405  0.98927
0.988069 -64.3951  0.98942
0.988219 -64.3852  0.98957
0.988369 -64.3753  0.98972
0.988519 -64.3653  0.98987
0.988669 -64.3554  0.99002
0.988819 -64.3455  0.99017
0.988969 -64.3356  0.99017
 0.98912 -64.3257  0.99032
 0.98927 -64.3158  0.99047
 0.98942  -64.306  0.99062
 0.98957 -64.2961  0.99077
 0.98972 -64.2862  0.99092
 0.98987 -64.2763 0.991071
 0.99002 -64.2664 0.991221
 0.99017 -64.2565 0.991371
 0.99032 -64.2467 0.991521
 0.99047 -64.2368 0.991671
 0.99062 -64.2269 0.991821
 0.99077  -64.217 0.991971
 0.99092 -64.2072 0.992121
0.991071 -64.1973 0.992271
0.991221 -64.1875 0.992421
0.991371 -64.1776 0.992571
0.991521 -64.1678 0.992721
0.991671 -64.1579 0.992871
0.991821 -64.1481 0.993022
0.991971 -64.1382 0.993172
0.992121 -64.1284 0.993172
0.992271 -64.1185 0.993322
0.992421 -64.1087 0.993472
0.992571 -64.0989 0.993622
0.992721  -64.089 0.993772
0.992871 -64.0792 0.993922
0.993022 -64.0694 0.994072
0.993172 -64.0596 0.994222
0.993322 -64.0497 0.994372
0.993472 -64.0399 0.994522
0.993622 -64.0301 0.994672
0.993772 -64.0203 0.994822
0.993922 -64.0105 0.994972
0.994072 -64.0007 0.995123
0.994222 -63.9909 0.995273
0.994372 -63.9811 0.995423
0.994522 -63.9713 0.995573
0.994672 -63.9615 0.995723
0.994822 -63.9517 0.995873
0.994972 -63.9419 0.996023
0.995123 -63.9321 0.996173
0.995273 -63.9223 0.996173
0.995423 -63.9125 0.996323
0.995573 -63.9028 0.996473
0.995723  -63.893 0.996623
0.995873 -63.8832 0.996773
0.996023 -63.8734 0.996923
0.996173 -63.8637 0.997074
0.996323 -63.8539 0.997224
0.996473 -63.8441 0.997374
0.996623 -63.8344 0.997524
0.996773 -63.8246 0.997674
0.996923 -63.8149 0.997824
0.997074 -63.8051 0.997974
0.997224 -63.7954 0.998124
0.997374 -63.7856 0.998274
0.997524 -63.7759 0.998424
0.997674 -63.7662 0.998574
0.997824 -63.7564 0.998724
0.997974 -63.7467 0.998874
0.998124 -63.7369 0.999025
0.998274 -63.7272 0.999175
0.998424 -63.7175 0.999175
0.998574 -63.7078 0.999325
0.998724  -63.698 0.999475
0.998874 -63.6883 0.999625
0.999025 -63.6786 0.999775
0.999175 -63.6689 0.999925
0.999325 -63.6592  1.00008
0.999475 -63.6495  1.00023
0.999625 -63.6398  1.00038
0.999775 -63.6301  1.00053
0.999925 -63.6204  1.00068
 1.00008 -63.6107  1.00083
 1.00023  -63.601  1.00098
 1.00038 -63.5913  1.00113
 1.00053 -63.5816  1.00128
 1.00068 -63.5719  1.00143
 1.00083 -63.5622  1.00158
 1.00098 -63.5526  1.00173
 1.00113 -63.5429  1.00188
 1.00128 -63.5332  1.00203
 1.00143 -63.5235  1.00218
 1.00158 -63.5139  1.00218
 1.00173 -63.5042  1.00233
 1.00188 -63.4945  1.00248
 1.00203 -63.4849  1.00263
 1.00218 -63.4752  1.00278
 1.00233 -63.4656  1.00293
 1.00248 -63.4559  1.00308
 1.00263 -63.4462  1.00323
 1.00278 -63.4366  1.00338
 1.00293  -63.427  1.00353
 1.00308 -63.4173  1.00368
 1.00323 -63.4077  1.00383
 1.00338  -63.398  1.00398
 1.00353 -63.3884  1.00413
 1.00368 -63.3788  1.00428
 1.00383 -63.3691  1.00443
 1.00398 -63.3595  1.00458
 1.00413 -63.3499  1.00473
 1.00428 -63.3403  1.00488
 1.00443 -63.3307  1.00503
 1.00458  -63.321  1.00518
 1.00473 -63.3114  1.00518
 1.00488 -63.3018  1.00533
 1.00503 -63.2922  1.00548
 1.00518 -63.2826  1.00563
 1.00533  -63.273  1.00578
 1.00548 -63.2634  1.00593
 1.00563 -63.2538  1.00608
 1.00578 -63.2442  1.00623
 1.00593 -63.2346  1.00638
 1.00608  -63.225  1.00653
 1.00623 -63.2154  1.00668
 1.00638 -63.2059  1.00683
 1.00653 -63.1963  1.00698
 1.00668 -63.1867  1.00713
 1.00683 -63.1771  1.00728
 1.00698 -63.1675  1.00743
 1.00713  -63.158  1.00758
 1.00728 -63.1484  1.00773
 1.00743 -63.1388  1.00788
 1.00758 -63.1293  1.00803
 1.00773 -63.1197  1.00818
 1.00788 -63.1102  1.00818
 1.00803 -63.1006  1.00833
 1.00818 -63.0911  1.00848
 1.00833 -63.0815  1.00863
 1.00848  -63.072  1.00878
 1.00863 -63.0624  1.00893
 1.00878 -63.0529  1.00908
 1.00893 -63.0433  1.00923
 1.00908 -63.0338  1.00938
 1.00923 -63.0243  1.00953
 1.00938 -63.0147  1.00968
 1.00953 -63.0052  1.00983
 1.00968 -62.9957  1.00998
 1.00983 -62.9862  1.01013
 1.00998 -62.9766  1.01028
 1.01013 -62.9671  1.01043
 1.01028 -62.9576  1.01058
 1.01043 -62.9481  1.01073
 1.01058 -62.9386  1.01088
 1.01073 -62.9291  1.01103
 1.01088 -62.9196  1.01103
 1.01103 -62.9101  1.01118
 1.01118 -62.9006  1.01133
 1.01133 -62.8911  1.01148
 1.01148 -62.8816  1.01163
 1.01163 -62.8721  1.01178
 1.01178 -62.8626  1.01193
 1.01193 -62.8531  1.01208
 1.01208 -62.8436  1.01223
 1.01223 -62.8342  1.01238
 1.01238 -62.8247  1.01253
 1.01253 -62.8152  1.01268
 1.01268 -62.8057  1.01283
 1.01283 -62.7963  1.01298
 1.01298 -62.7868  1.01313
 1.01313 -62.7773  1.01328
 1.01328 -62.7679  1.01343
 1.01343 -62.7584  1.01358
 1.01358  -62.749  1.01373
 1.01373 -62.7395  1.01388
 1.01388 -62.7301  1.01403
 1.01403 -62.7206  1.01403
 1.01418 -62.7112  1.01418
 1.01433 -62.7017  1.01433
 1.01448 -62.6923  1.01448
 1.01463 -62.6828  1.01463
 1.01478 -62.6734  1.01478
 1.01493  -62.664  1.01493
 1.01508 -62.6545  1.01508
 1.01523 -62.6451  1.01523
 1.01538 -62.6357  1.01538
 1.01553 -62.6263  1.01553
 1.01568 -62.6168  1.01568
 1.01583 -62.6074  1.01583
 1.01598  -62.598  1.01598
 1.01613 -62.5886  1.01613
 1.01628 -62.5792  1.01628
 1.01643 -62.5698  1.01643
 1.01658 -62.5604  1.01658
 1.01673  -62.551  1.01673
 1.01688 -62.5416  1.01688
 1.01703 -62.5322  1.01703
 1.01718 -62.5228  1.01703
 1.01733 -62.5134  1.01718
 1.01748  -62.504  1.01733
 1.01763 -62.4946  1.01748
 1.01778 -62.4852  1.01763
 1.01793 -62.4759  1.01778
 1.01808 -62.4665  1.01793
 1.01823 -62.4571  1.01808
 1.01838 -62.4477  1.01823
 1.01853 -62.4384  1.01838
 1.01868  -62.429  1.01853
 1.01883 -62.4196  1.01868
 1.01898 -62.4103  1.01883
 1.01913 -62.4009  1.01898
 1.01928 -62.3915  1.01913
 1.01943 -62.3822  1.01928
 1.01958 -62.3728  1.01943
 1.01973 -62.3635  1.01958
 1.01988 -62.3541  1.01973
 1.02004 -62.3448  1.01988
 1.02019 -62.3354  1.01988
 1.02034 -62.3261  1.02004
 1.02049 -62.3168  1.02019
 1.02064 -62.3074  1.02034
 1.02079 -62.2981  1.02049
 1.02094 -62.2888  1.02064
 1.02109 -62.2794  1.02079
 1.02124 -62.2701  1.02094
 1.02139 -62.2608  1.02109
 1.02154 -62.2515  1.02124
 1.02169 -62.2422  1.02139
 1.02184 -62.2329  1.02154
 1.02199 -62.2235  1.02169
 1.02214 -62.2142  1.02184
 1.02229 -62.2049  1.02199
 1.02244 -62.1956  1.02214
 1.02259 -62.1863  1.02229
 1.02274  -62.177  1.02244
 1.02289 -62.1677  1.02259
 1.02304 -62.1584  1.02274
 1.02319 -62.1491  1.02289
 1.02334 -62.1399  1.02289
 1.02349 -62.1306  1.02304
 1.02364 -62.1213  1.02319
 1.02379  -62.112  1.02334
 1.02394 -62.1027  1.02349
 1.02409 -62.0935  1.02364
 1.02424 -62.0842  1.02379
 1.02439 -62.0749  1.02394
 1.02454 -62.0656  1.02409
 1.02469 -62.0564  1.02424
 1.02484 -62.0471  1.02439
 1.02499 -62.0379  1.02454
 1.02514 -62.0286  1.02469
 1.02529 -62.0193  1.02484
 1.02544 -62.0101  1.02499
 1.02559 -62.0008  1.02514
 1.02574 -61.9916  1.02529
 1.02589 -61.9823  1.02544
 1.02604 -61.9731  1.02559
 1.02619 -61.9639  1.02574
 1.02634 -61.9546  1.02574
 1.02649 -61.9454  1.02589
 1.02664 -61.9362  1.02604
 1.02679 -61.9269  1.02619
 1.02694 -61.9177  1.02634
 1.02709 -61.9085  1.02649
 1.02724 -61.8993  1.02664
 1.02739   -61.89  1.02679
 1.02754 -61.8808  1.02694
 1.02769 -61.8716  1.02709
 1.02784 -61.8624  1.02724
 1.02799 -61.8532  1.02739
 1.02814  -61.844  1.02754
 1.02829 -61.8348  1.02769
 1.02844 -61.8256  1.02784
 1.02859 -61.8164  1.02799
 1.02874 -61.8072  1.02814
 1.02889  -61.798  1.02829
 1.02904 -61.7888  1.02844
 1.02919 -61.7796  1.02859
 1.02934 -61.7704  1.02874
 1.02949 -61.7612  1.02874
 1.02964 -61.7521  1.02889
 1.02979 -61.7429  1.02904
 1.02994 -61.7337  1.02919
 1.03009 -61.7245  1.02934
 1.03024 -61.7154  1.02949
 1.03039 -61.7062  1.02964
 1.03054  -61.697  1.02979
 1.03069 -61.6879  1.02994
 1.03084 -61.6787  1.03009
 1.03099 -61.6695  1.03024
 1.03114 -61.6604  1.03039
 1.03129 -61.6512  1.03054
 1.03144 -61.6421  1.03069
 1.03159 -61.6329  1.03084
 1.03174 -61.6238  1.03099
 1.03189 -61.6146  1.03114
 1.03204 -61.6055  1.03129
 1.03219 -61.5964  1.03144
 1.03234 -61.5872  1.03159
 1.03249 -61.5781  1.03159
 1.03264  -61.569  1.03174
 1.03279 -61.5598  1.03189
 1.03294 -61.5507  1.03204
 1.03309 -61.5416  1.03219
 1.03324 -61.5325  1.03234
 1.03339 -61.5234  1.03249
 1.03354 -61.5142  1.03264
 1.03369 -61.5051  1.03279
 1.03384  -61.496  1.03294
 1.03399 -61.4869  1.03309
 1.03414 -61.4778  1.03324
 1.03429 -61.4687  1.03339
 1.03444 -61.4596  1.03354
 1.03459 -61.4505  1.03369
 1.03474 -61.4414  1.03384
 1.03489 -61.4323  1.03399
 1.03504 -61.4232  1.03414
 1.03519 -61.4141  1.03429
 1.03534  -61.405  1.03444
 1.03549  -61.396  1.03444
 1.03564 -61.3869  1.03459
 1.03579 -61.3778  1.03474
 1.03594 -61.3687  1.03489
 1.03609 -61.3597  1.03504
 1.03624 -61.3506  1.03519
 1.03639 -61.3415  1.03534
 1.03654 -61.3324  1.03549
 1.03669 -61.3234  1.03564
 1.03684 -61.3143  1.03579
 1.03699 -61.3053  1.03594
 1.03714 -61.2962  1.03609
 1.03729 -61.2872  1.03624
 1.03744 -61.2781  1.03639
 1.03759 -61.2691  1.03654
 1.03774   -61.26  1.03669
 1.03789  -61.251  1.03684
 1.03804 -61.2419  1.03699
 1.03819 -61.2329  1.03714
 1.03834 -61.2239  1.03729
 1.03849 -61.2148  1.03729
 1.03864 -61.2058  1.03744
 1.03879 -61.1968  1.03759
 1.03894 -61.1877  1.03774
 1.03909 -61.1787  1.03789
 1.03924 -61.1697  1.03804
 1.03939 -61.1607  1.03819
 1.03954 -61.1517  1.03834
 1.03969 -61.1426  1.03849
 1.03984 -61.1336  1.03864
 1.03999 -61.1246  1.03879
 1.04015 -61.1156  1.03894
  1.0403 -61.1066  1.03909
 1.04045 -61.0976  1.03924
  1.0406 -61.0886  1.03939
 1.04075 -61.0796  1.03954
  1.0409 -61.0706  1.03969
 1.04105 -61.0616  1.03984
  1.0412 -61.0526  1.03999
 1.04135 -61.0437  1.03999
  1.0415 -61.0347  1.04015
 1.04165 -61.0257   1.0403
  1.0418 -61.0167  1.04045
 1.04195 -61.0077   1.0406
  1.0421 -60.9988  1.04075
 1.04225 -60.9898   1.0409
  1.0424 -60.9808  1.04105
 1.04255 -60.9719   1.0412
  1.0427 -60.9629  1.04135
 1.04285 -60.9539   1.0415
   1.043  -60.945  1.04165
 1.04315  -60.936   1.0418
  1.0433 -60.9271  1.04195
 1.04345 -60.9181   1.0421
  1.0436 -60.9092  1.04225
 1.04375 -60.9002   1.0424
  1.0439 -60.8913  1.04255
 1.04405 -60.8823   1.0427
  1.0442 -60.8734  1.04285
 1.04435 -60.8645  1.04285
  1.0445 -60.8555    1.043
 1.04465 -60.8466  1.04315
  1.0448 -60.8377   1.0433
 1.04495 -60.8287  1.04345
  1.0451 -60.8198   1.0436
 1.04525 -60.8109  1.04375
  1.0454  -60.802   1.0439
 1.04555  -60.793  1.04405
  1.0457 -60.7841   1.0442
 1.04585 -60.7752  1.04435
   1.046 -60.7663   1.0445
 1.04615 -60.7574  1.04465
  1.0463 -60.7485   1.0448
 1.04645 -60.7396  1.04495
  1.0466 -60.7307   1.0451
 1.04675 -60.7218  1.04525
  1.0469 -60.7129   1.0454
 1.04705  -60.704  1.04555
  1.0472 -60.6951  1.04555
 1.04735 -60.6862   1.0457
  1.0475 -60.6773  1.04585
 1.04765 -60.6685    1.046
  1.0478 -60.6596  1.04615
 1.04795 -60.6507   1.0463
  1.0481 -60.6418  1.04645
 1.04825  -60.633   1.0466
  1.0484 -60.6241  1.04675
 1.04855 -60.6152   1.0469
  1.0487 -60.6064  1.04705
 1.04885 -60.5975   1.0472
   1.049 -60.5886  1.04735
 1.04915 -60.5798   1.0475
  1.0493 -60.5709  1.04765
 1.04945 -60.5621   1.0478
  1.0496 -60.5532  1.04795
 1.04975 -60.5444   1.0481
  1.0499 -60.5355  1.04825
 1.05005 -60.5267  1.04825
  1.0502 -60.5178   1.0484
 1.05035  -60.509  1.04855
  1.0505 -60.5002   1.0487
 1.05065 -60.4913  1.04885
  1.0508 -60.4825    1.049
 1.05095 -60.4737  1.04915
  1.0511 -60.4648   1.0493
 1.05125  -60.456  1.04945
  1.0514 -60.4472   1.0496
 1.05155 -60.4384  1.04975
  1.0517 -60.4296   1.0499
 1.05185 -60.4207  1.05005
   1.052 -60.4119   1.0502
 1.05215 -60.4031  1.05035
  1.0523 -60.3943   1.0505
 1.05245 -60.3855  1.05065
  1.0526 -60.3767   1.0508
 1.05275 -60.3679  1.05095
  1.0529 -60.3591  1.05095
 1.05305 -60.3503   1.0511
  1.0532 -60.3415  1.05125
 1.05335 -60.3327   1.0514
  1.0535 -60.3239  1.05155
 1.05365 -60.3152   1.0517
  1.0538 -60.3064  1.05185
 1.05395 -60.2976    1.052
  1.0541 -60.2888  1.05215
 1.05425   -60.28   1.0523
  1.0544 -60.2713  1.05245
 1.05455 -60.2625   1.0526
  1.0547 -60.2537  1.05275
 1.05485  -60.245   1.0529
   1.055 -60.2362  1.05305
 1.05515 -60.2274   1.0532
  1.0553 -60.2187  1.05335
 1.05545 -60.2099   1.0535
  1.0556 -60.2012  1.05365
 1.05575 -60.1924  1.05365
  1.0559 -60.1837   1.0538
 1.05605 -60.1749  1.05395
  1.0562 -60.1662   1.0541
 1.05635 -60.1574  1.05425
  1.0565 -60.1487   1.0544
 1.05665   -60.14  1.05455
  1.0568 -60.1312   1.0547
 1.05695 -60.1225  1.05485
  1.0571 -60.1138    1.055
 1.05725  -60.105  1.05515
  1.0574 -60.0963   1.0553
 1.05755 -60.0876  1.05545
  1.0577 -60.0789   1.0556
 1.05785 -60.0702  1.05575
   1.058 -60.0614   1.0559
 1.05815 -60.0527  1.05605
  1.0583  -60.044   1.0562
 1.05845 -60.0353   1.0562
  1.0586 -60.0266  1.05635
 1.05875 -60.0179   1.0565
  1.0589 -60.0092  1.05665
 1.05905 -60.0005   1.0568
  1.0592 -59.9918  1.05695
 1.05935 -59.9831   1.0571
  1.0595 -59.9744  1.05725
 1.05965 -59.9657   1.0574
  1.0598  -59.957  1.05755
 1.05995 -59.9484   1.0577
 1.06011 -59.9397  1.05785
 1.06026  -59.931    1.058
 1.06041 -59.9223  1.05815
 1.06056 -59.9137   1.0583
 1.06071  -59.905  1.05845
 1.06086 -59.8963   1.0586
 1.06101 -59.8876  1.05875
 1.06116  -59.879  1.05875
 1.06131 -59.8703   1.0589
 1.06146 -59.8617  1.05905
 1.06161  -59.853   1.0592
 1.06176 -59.8443  1.05935
 1.06191 -59.8357   1.0595
 1.06206  -59.827  1.05965
 1.06221 -59.8184   1.0598
 1.06236 -59.8098  1.05995
 1.06251 -59.8011  1.06011
 1.06266 -59.7925  1.06026
 1.06281 -59.7838  1.06041
 1.06296 -59.7752  1.06056
 1.06311 -59.7666  1.06071
 1.06326 -59.7579  1.06086
 1.06341 -59.7493  1.06101
 1.06356 -59.7407  1.06116
 1.06371 -59.7321  1.06131
 1.06386 -59.7234  1.06131
 1.06401 -59.7148  1.06146
 1.06416 -59.7062  1.06161
 1.06431 -59.6976  1.06176
 1.06446  -59.689  1.06191
 1.06461 -59.6804  1.06206
 1.06476 -59.6718  1.06221
 1.06491 -59.6632  1.06236
 1.06506 -59.6546  1.06251
 1.06521  -59.646  1.06266
 1.06536 -59.6374  1.06281
 1.06551 -59.6288  1.06296
 1.06566 -59.6202  1.06311
 1.06581 -59.6116  1.06326
 1.06596  -59.603  1.06341
 1.06611 -59.5944  1.06356
 1.06626 -59.5858  1.06371
 1.06641 -59.5773  1.06371
 1.06656 -59.5687  1.06386
 1.06671 -59.5601  1.06401
 1.06686 -59.5515  1.06416
 1.06701  -59.543  1.06431
 1.06716 -59.5344  1.06446
 1.06731 -59.5258  1.06461
 1.06746 -59.5173  1.06476
 1.06761 -59.5087  1.06491
 1.06776 -59.5002  1.06506
 1.06791 -59.4916  1.06521
 1.06806  -59.483  1.06536
 1.06821 -59.4745  1.06551
 1.06836 -59.4659  1.06566
 1.06851 -59.4574  1.06581
 1.06866 -59.4489  1.06596
 1.06881 -59.4403  1.06611
 1.06896 -59.4318  1.06611
 1.06911 -59.4232  1.06626
 1.06926 -59.4147  1.06641
 1.06941 -59.4062  1.06656
 1.06956 -59.3976  1.06671
 1.06971 -59.3891  1.06686
 1.06986 -59.3806  1.06701
 1.07001 -59.3721  1.06716
 1.07016 -59.3635  1.06731
 1.07031  -59.355  1.06746
 1.07046 -59.3465  1.06761
 1.07061  -59.338  1.06776
 1.07076 -59.3295  1.06791
 1.07091  -59.321  1.06806
 1.07106 -59.3125  1.06821
 1.07121  -59.304  1.06836
 1.07136 -59.2955  1.06851
 1.07151  -59.287  1.06851
 1.07166 -59.2785  1.06866
 1.07181   -59.27  1.06881
 1.07196 -59.2615  1.06896
 1.07211  -59.253  1.06911
 1.07226 -59.2445  1.06926
 1.07241  -59.236  1.06941
 1.07256 -59.2276  1.06956
 1.07271 -59.2191  1.06971
 1.07286 -59.2106  1.06986
 1.07301 -59.2021  1.07001
 1.07316 -59.1937  1.07016
 1.07331 -59.1852  1.07031
 1.07346 -59.1767  1.07046
 1.07361 -59.1683  1.07061
 1.07376 -59.1598  1.07076
 1.07391 -59.1513  1.07091
 1.07406 -59.1429  1.07091
 1.07421 -59.1344  1.07106
 1.07436  -59.126  1.07121
 1.07451 -59.1175  1.07136
 1.07466 -59.1091  1.07151
 1.07481 -59.1006  1.07166
 1.07496 -59.0922  1.07181
 1.07511 -59.0837  1.07196
 1.07526 -59.0753  1.07211
 1.07541 -59.0669  1.07226
 1.07556 -59.0584  1.07241
 1.07571   -59.05  1.07256
 1.07586 -59.0416  1.07271
 1.07601 -59.0332  1.07286
 1.07616 -59.0247  1.07301
 1.07631 -59.0163  1.07316
 1.07646 -59.0079  1.07316
 1.07661 -58.9995  1.07331
 1.07676 -58.9911  1.07346
 1.07691 -58.9826  1.07361
 1.07706 -58.9742  1.07376
 1.07721 -58.9658  1.07391
 1.07736 -58.9574  1.07406
 1.07751  -58.949  1.07421
 1.07766 -58.9406  1.07436
 1.07781 -58.9322  1.07451
 1.07796 -58.9238  1.07466
 1.07811 -58.9154  1.07481
 1.07826  -58.907  1.07496
 1.07841 -58.8987  1.07511
 1.07856 -58.8903  1.07526
 1.07871 -58.8819  1.07541
 1.07886 -58.8735  1.07556
 1.07901 -58.8651  1.07556
 1.07916 -58.8568  1.07571
 1.07931 -58.8484  1.07586
 1.07946   -58.84  1.07601
 1.07961 -58.8316  1.07616
 1.07976 -58.8233  1.07631
 1.07991 -58.8149  1.07646
 1.08007 -58.8065  1.07661
 1.08022 -58.7982  1.07676
 1.08037 -58.7898  1.07691
 1.08052 -58.7815  1.07706
 1.08067 -58.7731  1.07721
 1.08082 -58.7648  1.07736
 1.08097 -58.7564  1.07751
 1.08112 -58.7481  1.07766
 1.08127 -58.7397  1.07781
 1.08142 -58.7314  1.07781
 1.08157 -58.7231  1.07796
 1.08172 -58.7147  1.07811
 1.08187 -58.7064  1.07826
 1.08202 -58.6981  1.07841
 1.08217 -58.6897  1.07856
 1.08232 -58.6814  1.07871
 1.08247 -58.6731  1.07886
 1.08262 -58.6648  1.07901
 1.08277 -58.6564  1.07916
 1.08292 -58.6481  1.07931
 1.08307 -58.6398  1.07946
 1.08322 -58.6315  1.07961
 1.08337 -58.6232  1.07976
 1.08352 -58.6149  1.07991
 1.08367 -58.6066  1.07991
 1.08382 -58.5983  1.08007
 1.08397   -58.59  1.08022
 1.08412 -58.5817  1.08037
 1.08427 -58.5734  1.08052
 1.08442 -58.5651  1.08067
 1.08457 -58.5568  1.08082
 1.08472 -58.5485  1.08097
 1.08487 -58.5402  1.08112
 1.08502 -58.5319  1.08127
 1.08517 -58.5237  1.08142
 1.08532 -58.5154  1.08157
 1.08547 -58.5071  1.08172
 1.08562 -58.4988  1.08187
 1.08577 -58.4906  1.08202
 1.08592 -58.4823  1.08202
 1.08607  -58.474  1.08217
 1.08622 -58.4658  1.08232
 1.08637 -58.4575  1.08247
 1.08652 -58.4492  1.08262
 1.08667  -58.441  1.08277
 1.08682 -58.4327  1.08292
 1.08697 -58.4245  1.08307
 1.08712 -58.4162  1.08322
 1.08727  -58.408  1.08337
 1.08742 -58.3997  1.08352
 1.08757 -58.3915  1.08367
 1.08772 -58.3833  1.08382
 1.08787  -58.375  1.08397
 1.08802 -58.3668  1.08412
 1.08817 -58.3586  1.08412
 1.08832 -58.3503  1.08427
 1.08847 -58.3421  1.08442
 1.08862 -58.3339  1.08457
 1.08877 -58.3257  1.08472
 1.08892 -58.3174  1.08487
 1.08907 -58.3092  1.08502
 1.08922  -58.301  1.08517
 1.08937 -58.2928  1.08532
 1.08952 -58.2846  1.08547
 1.08967 -58.2764  1.08562
 1.08982 -58.2682  1.08577
 1.08997   -58.26  1.08592
 1.09012 -58.2518  1.08607
 1.09027 -58.2436  1.08607
 1.09042 -58.2354  1.08622
 1.09057 -58.2272  1.08637
 1.09072  -58.219  1.08652
 1.09087 -58.2108  1.08667
 1.09102 -58.2026  1.08682
 1.09117 -58.1944  1.08697
 1.09132 -58.1862  1.08712
 1.09147 -58.1781  1.08727
 1.09162 -58.1699  1.08742
 1.09177 -58.1617  1.08757
 1.09192 -58.1535  1.08772
 1.09207 -58.1454  1.08787
 1.09222 -58.1372  1.08802
 1.09237  -58.129  1.08817
 1.09252 -58.1209  1.08817
 1.09267 -58.1127  1.08832
 1.09282 -58.1045  1.08847
 1.09297 -58.0964  1.08862
 1.09312 -58.0882  1.08877
 1.09327 -58.0801  1.08892
 1.09342 -58.0719  1.08907
 1.09357 -58.0638  1.08922
 1.09372 -58.0556  1.08937
 1.09387 -58.0475  1.08952
 1.09402 -58.0394  1.08967
 1.09417 -58.0312  1.08982
 1.09432 -58.0231  1.08997
 1.09447  -58.015  1.09012
 1.09462 -58.0068  1.09012
 1.09477 -57.9987  1.09027
 1.09492 -57.9906  1.09042
 1.09507 -57.9825  1.09057
 1.09522 -57.9743  1.09072
 1.09537 -57.9662  1.09087
 1.09552 -57.9581  1.09102
 1.09567   -57.95  1.09117
 1.09582 -57.9419  1.09132
 1.09597 -57.9338  1.09147
 1.09612 -57.9257  1.09162
 1.09627 -57.9176  1.09177
 1.09642 -57.9095  1.09192
 1.09657 -57.9014  1.09192
 1.09672 -57.8933  1.09207
 1.09687 -57.8852  1.09222
 1.09702 -57.8771  1.09237
 1.09717  -57.869  1.09252
 1.09732 -57.8609  1.09267
 1.09747 -57.8529  1.09282
 1.09762 -57.8448  1.09297
 1.09777 -57.8367  1.09312
 1.09792 -57.8286  1.09327
 1.09807 -57.8206  1.09342
 1.09822 -57.8125  1.09357
 1.09837 -57.8044  1.09357
 1.09852 -57.7964  1.09372
 1.09867 -57.7883  1.09387
 1.09882 -57.7802  1.09402
 1.09897 -57.7722  1.09417
 1.09912 -57.7641  1.09432
 1.09927 -57.7561  1.09447
 1.09942  -57.748  1.09462
 1.09957   -57.74  1.09477
 1.09972 -57.7319  1.09492
 1.09987 -57.7239  1.09507
 1.10003 -57.7159  1.09522
 1.10018 -57.7078  1.09522
 1.10033 -57.6998  1.09537
 1.10048 -57.6918  1.09552
 1.10063 -57.6837  1.09567
 1.10078 -57.6757  1.09582
 1.10093 -57.6677  1.09597
 1.10108 -57.6597  1.09612
 1.10123 -57.6516  1.09627
 1.10138 -57.6436  1.09642
 1.10153 -57.6356  1.09657
 1.10168 -57.6276  1.09672
 1.10183 -57.6196  1.09687
 1.10198 -57.6116  1.09687
 1.10213 -57.6036  1.09702
 1.10228 -57.5956  1.09717
 1.10243 -57.5876  1.09732
 1.10258 -57.5796  1.09747
 1.10273 -57.5716  1.09762
 1.10288 -57.5636  1.09777
 1.10303 -57.5556  1.09792
 1.10318 -57.5476  1.09807
 1.10333 -57.5396  1.09822
 1.10348 -57.5317  1.09837
 1.10363 -57.5237  1.09852
 1.10378 -57.5157  1.09852
 1.10393 -57.5077  1.09867
 1.10408 -57.4998  1.09882
 1.10423 -57.4918  1.09897
 1.10438 -57.4838  1.09912
 1.10453 -57.4759  1.09927
 1.10468 -57.4679  1.09942
 1.10483   -57.46  1.09957
 1.10498  -57.452  1.09972
 1.10513  -57.444  1.09987
 1.10528 -57.4361  1.10003
 1.10543 -57.4282  1.10003
 1.10558 -57.4202  1.10018
 1.10573 -57.4123  1.10033
 1.10588 -57.4043  1.10048
 1.10603 -57.3964  1.10063
 1.10618 -57.3885  1.10078
 1.10633 -57.3805  1.10093
 1.10648 -57.3726  1.10108
 1.10663 -57.3647  1.10123
 1.10678 -57.3567  1.10138
 1.10693 -57.3488  1.10153
 1.10708 -57.3409  1.10168
 1.10723  -57.333  1.10168
 1.10738 -57.3251  1.10183
 1.10753 -57.3172  1.10198
 1.10768 -57.3092  1.10213
 1.10783 -57.3013  1.10228
 1.10798 -57.2934  1.10243
 1.10813 -57.2855  1.10258
 1.10828 -57.2776  1.10273
 1.10843 -57.2697  1.10288
 1.10858 -57.2618  1.10303
 1.10873  -57.254  1.10318
 1.10888 -57.2461  1.10318
 1.10903 -57.2382  1.10333
 1.10918 -57.2303  1.10348
 1.10933 -57.2224  1.10363
 1.10948 -57.2145  1.10378
 1.10963 -57.2067  1.10393
 1.10978 -57.1988  1.10408
 1.10993 -57.1909  1.10423
 1.11008  -57.183  1.10438
 1.11023 -57.1752  1.10453
 1.11038 -57.1673  1.10468
 1.11053 -57.1595  1.10468
 1.11068 -57.1516  1.10483
 1.11083 -57.1437  1.10498
 1.11098 -57.1359  1.10513
 1.11113  -57.128  1.10528
 1.11128 -57.1202  1.10543
 1.11143 -57.1123  1.10558
 1.11158 -57.1045  1.10573
 1.11173 -57.0967  1.10588
 1.11188 -57.0888  1.10603
 1.11203  -57.081  1.10618
 1.11218 -57.0731  1.10618
 1.11233 -57.0653  1.10633
 1.11248 -57.0575  1.10648
 1.11263 -57.0497  1.10663
 1.11278 -57.0418  1.10678
 1.11293  -57.034  1.10693
 1.11308 -57.0262  1.10708
 1.11323 -57.0184  1.10723
 1.11338 -57.0106  1.10738
 1.11353 -57.0028  1.10753
 1.11368  -56.995  1.10768
 1.11383 -56.9872  1.10768
 1.11398 -56.9793  1.10783
 1.11413 -56.9715  1.10798
 1.11428 -56.9637  1.10813
 1.11443  -56.956  1.10828
 1.11458 -56.9482  1.10843
 1.11473 -56.9404  1.10858
 1.11488 -56.9326  1.10873
 1.11503 -56.9248  1.10888
 1.11518  -56.917  1.10903
 1.11533 -56.9092  1.10918
 1.11548 -56.9015  1.10918
 1.11563 -56.8937  1.10933
 1.11578 -56.8859  1.10948
 1.11593 -56.8781  1.10963
 1.11608 -56.8704  1.10978
 1.11623 -56.8626  1.10993
 1.11638 -56.8549  1.11008
 1.11653 -56.8471  1.11023
 1.11668 -56.8393  1.11038
 1.11683 -56.8316  1.11053
 1.11698 -56.8238  1.11053
 1.11713 -56.8161  1.11068
 1.11728 -56.8083  1.11083
 1.11743 -56.8006  1.11098
 1.11758 -56.7928  1.11113
 1.11773 -56.7851  1.11128
 1.11788 -56.7774  1.11143
 1.11803 -56.7696  1.11158
 1.11818 -56.7619  1.11173
 1.11833 -56.7542  1.11188
 1.11848 -56.7465  1.11203
 1.11863 -56.7387  1.11203
 1.11878  -56.731  1.11218
 1.11893 -56.7233  1.11233
 1.11908 -56.7156  1.11248
 1.11923 -56.7079  1.11263
 1.11938 -56.7001  1.11278
 1.11953 -56.6924  1.11293
 1.11968 -56.6847  1.11308
 1.11983  -56.677  1.11323
 1.11998 -56.6693  1.11323
 1.12014 -56.6616  1.11338
 1.12029 -56.6539  1.11353
 1.12044 -56.6463  1.11368
 1.12059 -56.6386  1.11383
 1.12074 -56.6309  1.11398
 1.12089 -56.6232  1.11413
 1.12104 -56.6155  1.11428
 1.12119 -56.6078  1.11443
 1.12134 -56.6002  1.11443
 1.12149 -56.5925  1.11458
 1.12164 -56.5848  1.11473
 1.12179 -56.5771  1.11488
 1.12194 -56.5695  1.11503
 1.12209 -56.5618  1.11518
 1.12224 -56.5542  1.11533
 1.12239 -56.5465  1.11548
 1.12254 -56.5388  1.11563
 1.12269 -56.5312  1.11578
 1.12284 -56.5235  1.11578
 1.12299 -56.5159  1.11593
 1.12314 -56.5083  1.11608
 1.12329 -56.5006  1.11623
 1.12344  -56.493  1.11638
 1.12359 -56.4853  1.11653
 1.12374 -56.4777  1.11668
 1.12389 -56.4701  1.11683
 1.12404 -56.4624  1.11698
 1.12419 -56.4548  1.11698
 1.12434 -56.4472  1.11713
 1.12449 -56.4396  1.11728
 1.12464  -56.432  1.11743
 1.12479 -56.4243  1.11758
 1.12494 -56.4167  1.11773
 1.12509 -56.4091  1.11788
 1.12524 -56.4015  1.11803
 1.12539 -56.3939  1.11818
 1.12554 -56.3863  1.11818
 1.12569 -56.3787  1.11833
 1.12584 -56.3711  1.11848
 1.12599 -56.3635  1.11863
 1.12614 -56.3559  1.11878
 1.12629 -56.3484  1.11893
 1.12644 -56.3408  1.11908
 1.12659 -56.3332  1.11923
 1.12674 -56.3256  1.11923
 1.12689  -56.318  1.11938
 1.12704 -56.3105  1.11953
 1.12719 -56.3029  1.11968
 1.12734 -56.2953  1.11983
 1.12749 -56.2878  1.11998
 1.12764 -56.2802  1.12014
 1.12779 -56.2726  1.12029
 1.12794 -56.2651  1.12044
 1.12809 -56.2575  1.12044
 1.12824   -56.25  1.12059
 1.12839 -56.2424  1.12074
 1.12854 -56.2349  1.12089
 1.12869 -56.2273  1.12104
 1.12884 -56.2198  1.12119
 1.12899 -56.2123  1.12134
 1.12914 -56.2047  1.12149
 1.12929 -56.1972  1.12149
 1.12944 -56.1897  1.12164
 1.12959 -56.1822  1.12179
 1.12974 -56.1746  1.12194
 1.12989 -56.1671  1.12209
 1.13004 -56.1596  1.12224
 1.13019 -56.1521  1.12239
 1.13034 -56.1446  1.12254
 1.13049 -56.1371  1.12269
 1.13064 -56.1295  1.12269
 1.13079  -56.122  1.12284
 1.13094 -56.1145  1.12299
 1.13109  -56.107  1.12314
 1.13124 -56.0995  1.12329
 1.13139  -56.092  1.12344
 1.13154 -56.0846  1.12359
 1.13169 -56.0771  1.12374
 1.13184 -56.0696  1.12374
 1.13199 -56.0621  1.12389
 1.13214 -56.0546  1.12404
 1.13229 -56.0471  1.12419
 1.13244 -56.0397  1.12434
 1.13259 -56.0322  1.12449
 1.13274 -56.0247  1.12449
 1.13289 -56.0173  1.12464
 1.13304 -56.0098  1.12479
 1.13319 -56.0024  1.12494
 1.13334 -55.9949  1.12509
 1.13349 -55.9875  1.12509
 1.13364   -55.98  1.12524
 1.13379 -55.9726  1.12539
 1.13394 -55.9652  1.12554
 1.13409 -55.9577  1.12569
 1.13424 -55.9503  1.12569
 1.13439 -55.9429  1.12584
 1.13454 -55.9355  1.12599
 1.13469  -55.928  1.12614
 1.13484 -55.9206  1.12614
 1.13499 -55.9132  1.12629
 1.13514 -55.9058  1.12644
 1.13529 -55.8984  1.12659
 1.13544  -55.891  1.12674
 1.13559 -55.8836  1.12674
 1.13574 -55.8762  1.12689
 1.13589 -55.8688  1.12704
 1.13604 -55.8615  1.12719
 1.13619 -55.8541  1.12734
 1.13634 -55.8467  1.12734
 1.13649 -55.8393  1.12749
 1.13664  -55.832  1.12764
 1.13679 -55.8246  1.12779
 1.13694 -55.8172  1.12794
 1.13709 -55.8099  1.12809
 1.13724 -55.8025  1.12809
 1.13739 -55.7952  1.12824
 1.13754 -55.7878  1.12839
 1.13769 -55.7805  1.12854
 1.13784 -55.7731  1.12869
 1.13799 -55.7658  1.12869
 1.13814 -55.7585  1.12884
 1.13829 -55.7511  1.12899
 1.13844 -55.7438  1.12914
 1.13859 -55.7365  1.12914
 1.13874 -55.7292  1.12929
 1.13889 -55.7218  1.12944
 1.13904 -55.7145  1.12959
 1.13919 -55.7072  1.12974
 1.13934 -55.6999  1.12974
 1.13949 -55.6926  1.12989
 1.13964 -55.6853  1.13004
 1.13979  -55.678  1.13019
 1.13994 -55.6707  1.13034
  1.1401 -55.6635  1.13049
 1.14025 -55.6562  1.13049
  1.1404 -55.6489  1.13064
 1.14055 -55.6416  1.13079
  1.1407 -55.6343  1.13094
 1.14085 -55.6271  1.13109
   1.141 -55.6198  1.13109
 1.14115 -55.6125  1.13124
  1.1413 -55.6053  1.13139
 1.14145  -55.598  1.13154
  1.1416 -55.5908  1.13169
 1.14175 -55.5835  1.13169
  1.1419 -55.5763  1.13184
 1.14205  -55.569  1.13199
  1.1422 -55.5618  1.13214
 1.14235 -55.5546  1.13229
  1.1425 -55.5473  1.13229
 1.14265 -55.5401  1.13244
  1.1428 -55.5329  1.13259
 1.14295 -55.5257  1.13274
  1.1431 -55.5185  1.13274
 1.14325 -55.5113  1.13289
  1.1434  -55.504  1.13304
 1.14355 -55.4968  1.13319
  1.1437 -55.4896  1.13334
 1.14385 -55.4824  1.13334
   1.144 -55.4752  1.13349
 1.14415 -55.4681  1.13364
  1.1443 -55.4609  1.13379
 1.14445 -55.4537  1.13394
  1.1446 -55.4465  1.13394
 1.14475 -55.4393  1.13409
  1.1449 -55.4322  1.13424
 1.14505  -55.425  1.13439
  1.1452 -55.4178  1.13454
 1.14535 -55.4107  1.13454
  1.1455 -55.4035  1.13469
 1.14565 -55.3963  1.13484
  1.1458 -55.3892  1.13499
 1.14595 -55.3821  1.13514
  1.1461 -55.3749  1.13514
 1.14625 -55.3678  1.13529
  1.1464 -55.3606  1.13544
 1.14655 -55.3535  1.13559
  1.1467 -55.3464  1.13574
 1.14685 -55.3392  1.13574
   1.147 -55.3321  1.13589
 1.14715  -55.325  1.13604
  1.1473 -55.3179  1.13619
 1.14745 -55.3108  1.13619
  1.1476 -55.3037  1.13634
 1.14775 -55.2966  1.13649
  1.1479 -55.2895  1.13664
 1.14805 -55.2824  1.13679
  1.1482 -55.2753  1.13679
 1.14835 -55.2682  1.13694
  1.1485 -55.2611  1.13709
 1.14865  -55.254  1.13724
  1.1488 -55.2469  1.13739
 1.14895 -55.2398  1.13739
  1.1491 -55.2328  1.13754
 1.14925 -55.2257  1.13769
  1.1494 -55.2186  1.13784
 1.14955 -55.2116  1.13799
  1.1497 -55.2045  1.13799
 1.14985 -55.1975  1.13814
    1.15 -55.1904  1.13829