 kgrid  ValNew  Policy 
    0.85 -32.9908 0.888869
 0.85015 -32.9792  0.88902
  0.8503 -32.9677  0.88917
 0.85045 -32.9562  0.88932
  0.8506 -32.9446  0.88932
 0.85075 -32.9331  0.88947
  0.8509 -32.9216  0.88962
0.851051 -32.9101  0.88977
0.851201 -32.8986  0.88992
0.851351 -32.8871  0.89007
0.851501 -32.8756  0.89022
0.851651 -32.8641  0.89022
0.851801 -32.8527  0.89037
0.851951 -32.8412  0.89052
0.852101 -32.8297  0.89067
0.852251 -32.8183  0.89082
0.852401 -32.8068  0.89082
0.852551 -32.7954  0.89097
0.852701 -32.7839 0.891121
0.852851 -32.7725 0.891271
0.853002 -32.7611 0.891421
0.853152 -32.7497 0.891571
0.853302 -32.7383 0.891571
0.853452 -32.7269 0.891721
0.853602 -32.7154 0.891871
0.853752 -32.7041 0.892021
0.853902 -32.6927 0.892171
0.854052 -32.6813 0.892321
0.854202 -32.6699 0.892471
0.854352 -32.6585 0.892471
0.854502 -32.6472 0.892621
0.854652 -32.6358 0.892771
0.854802 -32.6245 0.892921
0.854952 -32.6131 0.893072
0.855103 -32.6018 0.893222
0.855253 -32.5905 0.893222
0.855403 -32.5791 0.893372
0.855553 -32.5678 0.893522
0.855703 -32.5565 0.893672
0.855853 -32.5452 0.893822
0.856003 -32.5339 0.893972
0.856153 -32.5226 0.893972
0.856303 -32.5113 0.894122
0.856453    -32.5 0.894272
0.856603 -32.4887 0.894422
0.856753 -32.4775 0.894572
0.856903 -32.4662 0.894722
0.857054 -32.4549 0.894872
0.857204 -32.4437 0.894872
0.857354 -32.4324 0.895023
0.857504 -32.4212 0.895173
0.857654 -32.4099 0.895323
0.857804 -32.3987 0.895473
0.857954 -32.3875 0.895623
0.858104 -32.3763 0.895623
0.858254 -32.3651 0.895773
0.858404 -32.3538 0.895923
0.858554 -32.3426 0.896073
0.858704 -32.3315 0.896223
0.858854 -32.3203 0.896373
0.859005 -32.3091 0.896373
0.859155 -32.2979 0.896523
0.859305 -32.2867 0.896673
0.859455 -32.2756 0.896823
0.859605 -32.2644 0.896973
0.859755 -32.2532 0.897124
0.859905 -32.2421 0.897274
0.860055  -32.231 0.897274
0.860205 -32.2198 0.897424
0.860355 -32.2087 0.897574
0.860505 -32.1976 0.897724
0.860655 -32.1864 0.897874
0.860805 -32.1753 0.898024
0.860955 -32.1642 0.898024
0.861106 -32.1531 0.898174
0.861256  -32.142 0.898324
0.861406 -32.1309 0.898474
0.861556 -32.1198 0.898624
0.861706 -32.1088 0.898774
0.861856 -32.0977 0.898774
0.862006 -32.0866 0.898924
0.862156 -32.0756 0.899075
0.862306 -32.0645 0.899225
0.862456 -32.0535 0.899375
0.862606 -32.0424 0.899525
0.862756 -32.0314 0.899675
0.862906 -32.0203 0.899675
0.863057 -32.0093 0.899825
0.863207 -31.9983 0.899975
0.863357 -31.9873 0.900125
0.863507 -31.9763 0.900275
0.863657 -31.9653 0.900425
0.863807 -31.9543 0.900425
0.863957 -31.9433 0.900575
0.864107 -31.9323 0.900725
0.864257 -31.9213 0.900875
0.864407 -31.9103 0.901026
0.864557 -31.8994 0.901176
0.864707 -31.8884 0.901176
0.864857 -31.8774 0.901326
0.865008 -31.8665 0.901476
0.865158 -31.8555 0.901626
0.865308 -31.8446 0.901776
0.865458 -31.8337 0.901926
0.865608 -31.8227 0.902076
0.865758 -31.8118 0.902076
0.865908 -31.8009 0.902226
0.866058   -31.79 0.902376
0.866208 -31.7791 0.902526
0.866358 -31.7682 0.902676
0.866508 -31.7573 0.902826
0.866658 -31.7464 0.902826
0.866808 -31.7355 0.902976
0.866958 -31.7246 0.903127
0.867109 -31.7137 0.903277
0.867259 -31.7029 0.903427
0.867409  -31.692 0.903577
0.867559 -31.6812 0.903727
0.867709 -31.6703 0.903727
0.867859 -31.6595 0.903877
0.868009 -31.6486 0.904027
0.868159 -31.6378 0.904177
0.868309  -31.627 0.904327
0.868459 -31.6161 0.904477
0.868609 -31.6053 0.904477
0.868759 -31.5945 0.904627
0.868909 -31.5837 0.904777
 0.86906 -31.5729 0.904927
 0.86921 -31.5621 0.905078
 0.86936 -31.5513 0.905228
 0.86951 -31.5405 0.905378
 0.86966 -31.5298 0.905378
 0.86981  -31.519 0.905528
 0.86996 -31.5082 0.905678
 0.87011 -31.4974 0.905828
 0.87026 -31.4867 0.905978
 0.87041 -31.4759 0.906128
 0.87056 -31.4652 0.906128
 0.87071 -31.4545 0.906278
 0.87086 -31.4437 0.906428
0.871011  -31.433 0.906578
0.871161 -31.4223 0.906728
0.871311 -31.4116 0.906878
0.871461 -31.4008 0.907029
0.871611 -31.3901 0.907029
0.871761 -31.3794 0.907179
0.871911 -31.3687 0.907329
0.872061  -31.358 0.907479
0.872211 -31.3474 0.907629
0.872361 -31.3367 0.907779
0.872511  -31.326 0.907929
0.872661 -31.3153 0.907929
0.872811 -31.3047 0.908079
0.872961  -31.294 0.908229
0.873112 -31.2834 0.908379
0.873262 -31.2727 0.908529
0.873412 -31.2621 0.908679
0.873562 -31.2514 0.908679
0.873712 -31.2408 0.908829
0.873862 -31.2302 0.908979
0.874012 -31.2196  0.90913
0.874162 -31.2089  0.90928
0.874312 -31.1983  0.90943
0.874462 -31.1877  0.90943
0.874612 -31.1771  0.90958
0.874762 -31.1665  0.90973
0.874912  -31.156  0.90988
0.875063 -31.1454  0.91003
0.875213 -31.1348  0.91018
0.875363 -31.1242  0.91033
0.875513 -31.1137  0.91033
0.875663 -31.1031  0.91048
0.875813 -31.0925  0.91063
0.875963  -31.082  0.91078
0.876113 -31.0714  0.91093
0.876263 -31.0609 0.911081
0.876413 -31.0504 0.911231
0.876563 -31.0398 0.911231
0.876713 -31.0293 0.911381
0.876863 -31.0188 0.911531
0.877014 -31.0083 0.911681
0.877164 -30.9978 0.911831
0.877314 -30.9873 0.911981
0.877464 -30.9768 0.911981
0.877614 -30.9663 0.912131
0.877764 -30.9558 0.912281
0.877914 -30.9453 0.912431
0.878064 -30.9348 0.912581
0.878214 -30.9244 0.912731
0.878364 -30.9139 0.912881
0.878514 -30.9034 0.912881
0.878664  -30.893 0.913032
0.878814 -30.8825 0.913182
0.878964 -30.8721 0.913332
0.879115 -30.8616 0.913482
0.879265 -30.8512 0.913632
0.879415 -30.8408 0.913782
0.879565 -30.8303 0.913932
0.879715 -30.8199 0.913932
0.879865 -30.8095 0.914082
0.880015 -30.7991 0.914232
0.880165 -30.7887 0.914382
0.880315 -30.7783 0.914532
0.880465 -30.7679 0.914682
0.880615 -30.7575 0.914832
0.880765 -30.7471 0.914832
0.880915 -30.7367 0.914982
0.881066 -30.7264 0.915133
0.881216  -30.716 0.915283
0.881366 -30.7056 0.915433
0.881516 -30.6953 0.915583
0.881666 -30.6849 0.915733
0.881816 -30.6745 0.915733
0.881966 -30.6642 0.915883
0.882116 -30.6539 0.916033
0.882266 -30.6435 0.916183
0.882416 -30.6332 0.916333
0.882566 -30.6229 0.916483
0.882716 -30.6125 0.916633
0.882866 -30.6022 0.916633
0.883017 -30.5919 0.916783
0.883167 -30.5816 0.916933
0.883317 -30.5713 0.917084
0.883467  -30.561 0.917234
0.883617 -30.5507 0.917384
0.883767 -30.5404 0.917534
0.883917 -30.5301 0.917534
0.884067 -30.5199 0.917684
0.884217 -30.5096 0.917834
0.884367 -30.4993 0.917984
0.884517 -30.4891 0.918134
0.884667 -30.4788 0.918284
0.884817 -30.4686 0.918434
0.884967 -30.4583 0.918584
0.885118 -30.4481 0.918584
0.885268 -30.4378 0.918734
0.885418 -30.4276 0.918884
0.885568 -30.4174 0.919035
0.885718 -30.4071 0.919185
0.885868 -30.3969 0.919335
0.886018 -30.3867 0.919485
0.886168 -30.3765 0.919485
0.886318 -30.3663 0.919635
0.886468 -30.3561 0.919785
0.886618 -30.3459 0.919935
0.886768 -30.3357 0.920085
0.886918 -30.3255 0.920235
0.887069 -30.3154 0.920385
0.887219 -30.3052 0.920385
0.887369  -30.295 0.920535
0.887519 -30.2849 0.920685
0.887669 -30.2747 0.920835
0.887819 -30.2645 0.920985
0.887969 -30.2544 0.921136
0.888119 -30.2442 0.921286
0.888269 -30.2341 0.921436
0.888419  -30.224 0.921436
0.888569 -30.2138 0.921586
0.888719 -30.2037 0.921736
0.888869 -30.1936 0.921886
 0.88902 -30.1835 0.922036
 0.88917 -30.1734 0.922186
 0.88932 -30.1633 0.922336
 0.88947 -30.1532 0.922336
 0.88962 -30.1431 0.922486
 0.88977  -30.133 0.922636
 0.88992 -30.1229 0.922786
 0.89007 -30.1128 0.922936
 0.89022 -30.1027 0.923087
 0.89037 -30.0927 0.923237
 0.89052 -30.0826 0.923237
 0.89067 -30.0725 0.923387
 0.89082 -30.0625 0.923537
 0.89097 -30.0524 0.923687
0.891121 -30.0424 0.923837
0.891271 -30.0323 0.923987
0.891421 -30.0223 0.924137
0.891571 -30.0122 0.924137
0.891721 -30.0022 0.924287
0.891871 -29.9922 0.924437
0.892021 -29.9822 0.924587
0.892171 -29.9721 0.924737
0.892321 -29.9621 0.924887
0.892471 -29.9521 0.925038
0.892621 -29.9421 0.925038
0.892771 -29.9321 0.925188
0.892921 -29.9221 0.925338
0.893072 -29.9122 0.925488
0.893222 -29.9022 0.925638
0.893372 -29.8922 0.925788
0.893522 -29.8822 0.925938
0.893672 -29.8723 0.926088
0.893822 -29.8623 0.926088
0.893972 -29.8523 0.926238
0.894122 -29.8424 0.926388
0.894272 -29.8324 0.926538
0.894422 -29.8225 0.926688
0.894572 -29.8125 0.926838
0.894722 -29.8026 0.926988
0.894872 -29.7927 0.926988
0.895023 -29.7827 0.927139
0.895173 -29.7728 0.927289
0.895323 -29.7629 0.927439
0.895473  -29.753 0.927589
0.895623 -29.7431 0.927739
0.895773 -29.7332 0.927889
0.895923 -29.7233 0.927889
0.896073 -29.7134 0.928039
0.896223 -29.7035 0.928189
0.896373 -29.6936 0.928339
0.896523 -29.6837 0.928489
0.896673 -29.6739 0.928639
0.896823  -29.664 0.928789
0.896973 -29.6541 0.928939
0.897124 -29.6443 0.928939
0.897274 -29.6344  0.92909
0.897424 -29.6246  0.92924
0.897574 -29.6147  0.92939
0.897724 -29.6049  0.92954
0.897874  -29.595  0.92969
0.898024 -29.5852  0.92984
0.898174 -29.5754  0.92984
0.898324 -29.5655  0.92999
0.898474 -29.5557  0.93014
0.898624 -29.5459  0.93029
0.898774 -29.5361  0.93044
0.898924 -29.5263  0.93059
0.899075 -29.5165  0.93074
0.899225 -29.5067  0.93089
0.899375 -29.4969  0.93089
0.899525 -29.4871 0.931041
0.899675 -29.4773 0.931191
0.899825 -29.4675 0.931341
0.899975 -29.4578 0.931491
0.900125  -29.448 0.931641
0.900275 -29.4382 0.931791
0.900425 -29.4285 0.931791
0.900575 -29.4187 0.931941
0.900725  -29.409 0.932091
0.900875 -29.3992 0.932241
0.901026 -29.3895 0.932391
0.901176 -29.3797 0.932541
0.901326   -29.37 0.932691
0.901476 -29.3603 0.932691
0.901626 -29.3505 0.932841
0.901776 -29.3408 0.932991
0.901926 -29.3311 0.933142
0.902076 -29.3214 0.933292
0.902226 -29.3117 0.933442
0.902376  -29.302 0.933592
0.902526 -29.2923 0.933742
0.902676 -29.2826 0.933742
0.902826 -29.2729 0.933892
0.902976 -29.2632 0.934042
0.903127 -29.2535 0.934192
0.903277 -29.2439 0.934342
0.903427 -29.2342 0.934492
0.903577 -29.2245 0.934642
0.903727 -29.2149 0.934642
0.903877 -29.2052 0.934792
0.904027 -29.1956 0.934942
0.904177 -29.1859 0.935093
0.904327 -29.1763 0.935243
0.904477 -29.1666 0.935393
0.904627  -29.157 0.935543
0.904777 -29.1474 0.935543
0.904927 -29.1377 0.935693
0.905078 -29.1281 0.935843
0.905228 -29.1185 0.935993
0.905378 -29.1089 0.936143
0.905528 -29.0993 0.936293
0.905678 -29.0897 0.936443
0.905828 -29.0801 0.936593
0.905978 -29.0705 0.936593
0.906128 -29.0609 0.936743
0.906278 -29.0513 0.936893
0.906428 -29.0417 0.937044
0.906578 -29.0321 0.937194
0.906728 -29.0226 0.937344
0.906878  -29.013 0.937494
0.907029 -29.0034 0.937644
0.907179 -28.9939 0.937644
0.907329 -28.9843 0.937794
0.907479 -28.9748 0.937944
0.907629 -28.9652 0.938094
0.907779 -28.9557 0.938244
0.907929 -28.9461 0.938394
0.908079 -28.9366 0.938544
0.908229 -28.9271 0.938544
0.908379 -28.9176 0.938694
0.908529  -28.908 0.938844
0.908679 -28.8985 0.938994
0.908829  -28.889 0.939145
0.908979 -28.8795 0.939295
 0.90913   -28.87 0.939445
 0.90928 -28.8605 0.939445
 0.90943  -28.851 0.939595
 0.90958 -28.8415 0.939745
 0.90973  -28.832 0.939895
 0.90988 -28.8226 0.940045
 0.91003 -28.8131 0.940195
 0.91018 -28.8036 0.940345
 0.91033 -28.7941 0.940495
 0.91048 -28.7847 0.940495
 0.91063 -28.7752 0.940645
 0.91078 -28.7658 0.940795
 0.91093 -28.7563 0.940945
0.911081 -28.7469 0.941096
0.911231 -28.7374 0.941246
0.911381  -28.728 0.941396
0.911531 -28.7186 0.941546
0.911681 -28.7091 0.941546
0.911831 -28.6997 0.941696
0.911981 -28.6903 0.941846
0.912131 -28.6809 0.941996
0.912281 -28.6715 0.942146
0.912431  -28.662 0.942296
0.912581 -28.6526 0.942446
0.912731 -28.6432 0.942446
0.912881 -28.6338 0.942596
0.913032 -28.6245 0.942746
0.913182 -28.6151 0.942896
0.913332 -28.6057 0.943047
0.913482 -28.5963 0.943197
0.913632 -28.5869 0.943347
0.913782 -28.5776 0.943347
0.913932 -28.5682 0.943497
0.914082 -28.5588 0.943647
0.914232 -28.5495 0.943797
0.914382 -28.5401 0.943947
0.914532 -28.5308 0.944097
0.914682 -28.5214 0.944247
0.914832 -28.5121 0.944397
0.914982 -28.5028 0.944397
0.915133 -28.4934 0.944547
0.915283 -28.4841 0.944697
0.915433 -28.4748 0.944847
0.915583 -28.4655 0.944997
0.915733 -28.4562 0.945148
0.915883 -28.4469 0.945298
0.916033 -28.4376 0.945448
0.916183 -28.4283 0.945448
0.916333  -28.419 0.945598
0.916483 -28.4097 0.945748
0.916633 -28.4004 0.945898
0.916783 -28.3911 0.946048
0.916933 -28.3818 0.946198
0.917084 -28.3725 0.946348
0.917234 -28.3633 0.946348
0.917384  -28.354 0.946498
0.917534 -28.3447 0.946648
0.917684 -28.3355 0.946798
0.917834 -28.3262 0.946948
0.917984  -28.317 0.947099
0.918134 -28.3077 0.947249
0.918284 -28.2985 0.947399
0.918434 -28.2892 0.947399
0.918584   -28.28 0.947549
0.918734 -28.2708 0.947699
0.918884 -28.2615 0.947849
0.919035 -28.2523 0.947999
0.919185 -28.2431 0.948149
0.919335 -28.2339 0.948299
0.919485 -28.2247 0.948449
0.919635 -28.2155 0.948449
0.919785 -28.2063 0.948599
0.919935 -28.1971 0.948749
0.920085 -28.1879 0.948899
0.920235 -28.1787  0.94905
0.920385 -28.1695   0.9492
0.920535 -28.1603  0.94935
0.920685 -28.1512  0.94935
0.920835  -28.142   0.9495
0.920985 -28.1328  0.94965
0.921136 -28.1237   0.9498
0.921286 -28.1145  0.94995
0.921436 -28.1053   0.9501
0.921586 -28.0962  0.95025
0.921736  -28.087   0.9504
0.921886 -28.0779   0.9504
0.922036 -28.0688  0.95055
0.922186 -28.0596   0.9507
0.922336 -28.0505  0.95085
0.922486 -28.0414 0.951001
0.922636 -28.0322 0.951151
0.922786 -28.0231 0.951301
0.922936  -28.014 0.951301
0.923087 -28.0049 0.951451
0.923237 -27.9958 0.951601
0.923387 -27.9867 0.951751
0.923537 -27.9776 0.951901
0.923687 -27.9685 0.952051
0.923837 -27.9594 0.952201
0.923987 -27.9503 0.952351
0.924137 -27.9412 0.952351
0.924287 -27.9322 0.952501
0.924437 -27.9231 0.952651
0.924587  -27.914 0.952801
0.924737  -27.905 0.952951
0.924887 -27.8959 0.953102
0.925038 -27.8868 0.953252
0.925188 -27.8778 0.953252
0.925338 -27.8687 0.953402
0.925488 -27.8597 0.953552
0.925638 -27.8506 0.953702
0.925788 -27.8416 0.953852
0.925938 -27.8326 0.954002
0.926088 -27.8235 0.954152
0.926238 -27.8145 0.954302
0.926388 -27.8055 0.954302
0.926538 -27.7965 0.954452
0.926688 -27.7875 0.954602
0.926838 -27.7785 0.954752
0.926988 -27.7695 0.954902
0.927139 -27.7605 0.955053
0.927289 -27.7515 0.955203
0.927439 -27.7425 0.955353
0.927589 -27.7335 0.955353
0.927739 -27.7245 0.955503
0.927889 -27.7155 0.955653
0.928039 -27.7065 0.955803
0.928189 -27.6976 0.955953
0.928339 -27.6886 0.956103
0.928489 -27.6796 0.956253
0.928639 -27.6707 0.956253
0.928789 -27.6617 0.956403
0.928939 -27.6528 0.956553
 0.92909 -27.6438 0.956703
 0.92924 -27.6349 0.956853
 0.92939 -27.6259 0.957004
 0.92954  -27.617 0.957154
 0.92969 -27.6081 0.957304
 0.92984 -27.5991 0.957304
 0.92999 -27.5902 0.957454
 0.93014 -27.5813 0.957604
 0.93029 -27.5724 0.957754
 0.93044 -27.5634 0.957904
 0.93059 -27.5545 0.958054
 0.93074 -27.5456 0.958204
 0.93089 -27.5367 0.958354
0.931041 -27.5278 0.958354
0.931191 -27.5189 0.958504
0.931341 -27.5101 0.958654
0.931491 -27.5012 0.958804
0.931641 -27.4923 0.958954
0.931791 -27.4834 0.959105
0.931941 -27.4745 0.959255
0.932091 -27.4657 0.959255
0.932241 -27.4568 0.959405
0.932391 -27.4479 0.959555
0.932541 -27.4391 0.959705
0.932691 -27.4302 0.959855
0.932841 -27.4214 0.960005
0.932991 -27.4125 0.960155
0.933142 -27.4037 0.960305
0.933292 -27.3948 0.960305
0.933442  -27.386 0.960455
0.933592 -27.3772 0.960605
0.933742 -27.3684 0.960755
0.933892 -27.3595 0.960905
0.934042 -27.3507 0.961056
0.934192 -27.3419 0.961206
0.934342 -27.3331 0.961356
0.934492 -27.3243 0.961356
0.934642 -27.3155 0.961506
0.934792 -27.3067 0.961656
0.934942 -27.2979 0.961806
0.935093 -27.2891 0.961956
0.935243 -27.2803 0.962106
0.935393 -27.2715 0.962256
0.935543 -27.2627 0.962256
0.935693  -27.254 0.962406
0.935843 -27.2452 0.962556
0.935993 -27.2364 0.962706
0.936143 -27.2277 0.962856
0.936293 -27.2189 0.963007
0.936443 -27.2101 0.963157
0.936593 -27.2014 0.963307
0.936743 -27.1926 0.963307
0.936893 -27.1839 0.963457
0.937044 -27.1752 0.963607
0.937194 -27.1664 0.963757
0.937344 -27.1577 0.963907
0.937494  -27.149 0.964057
0.937644 -27.1402 0.964207
0.937794 -27.1315 0.964357
0.937944 -27.1228 0.964357
0.938094 -27.1141 0.964507
0.938244 -27.1054 0.964657
0.938394 -27.0967 0.964807
0.938544  -27.088 0.964957
0.938694 -27.0793 0.965108
0.938844 -27.0706 0.965258
0.938994 -27.0619 0.965258
0.939145 -27.0532 0.965408
0.939295 -27.0445 0.965558
0.939445 -27.0358 0.965708
0.939595 -27.0271 0.965858
0.939745 -27.0185 0.966008
0.939895 -27.0098 0.966158
0.940045 -27.0011 0.966308
0.940195 -26.9925 0.966308
0.940345 -26.9838 0.966458
0.940495 -26.9752 0.966608
0.940645 -26.9665 0.966758
0.940795 -26.9579 0.966908
0.940945 -26.9492 0.967059
0.941096 -26.9406 0.967209
0.941246  -26.932 0.967359
0.941396 -26.9233 0.967359
0.941546 -26.9147 0.967509
0.941696 -26.9061 0.967659
0.941846 -26.8975 0.967809
0.941996 -26.8888 0.967959
0.942146 -26.8802 0.968109
0.942296 -26.8716 0.968259
0.942446  -26.863 0.968409
0.942596 -26.8544 0.968409
0.942746 -26.8458 0.968559
0.942896 -26.8372 0.968709
0.943047 -26.8286 0.968859
0.943197   -26.82  0.96901
0.943347 -26.8115  0.96916
0.943497 -26.8029  0.96931
0.943647 -26.7943  0.96931
0.943797 -26.7857  0.96946
0.943947 -26.7772  0.96961
0.944097 -26.7686  0.96976
0.944247 -26.7601  0.96991
0.944397 -26.7515  0.97006
0.944547 -26.7429  0.97021
0.944697 -26.7344  0.97036
0.944847 -26.7259  0.97036
0.944997 -26.7173  0.97051
0.945148 -26.7088  0.97066
0.945298 -26.7002  0.97081
0.945448 -26.6917  0.97096
0.945598 -26.6832 0.971111
0.945748 -26.6747 0.971261
0.945898 -26.6661 0.971411
0.946048 -26.6576 0.971411
0.946198 -26.6491 0.971561
0.946348 -26.6406 0.971711
0.946498 -26.6321 0.971861
0.946648 -26.6236 0.972011
0.946798 -26.6151 0.972161
0.946948 -26.6066 0.972311
0.947099 -26.5981 0.972311
0.947249 -26.5896 0.972461
0.947399 -26.5812 0.972611
0.947549 -26.5727 0.972761
0.947699 -26.5642 0.972911
0.947849 -26.5557 0.973062
0.947999 -26.5473 0.973212
0.948149 -26.5388 0.973362
0.948299 -26.5304 0.973362
0.948449 -26.5219 0.973512
0.948599 -26.5134 0.973662
0.948749  -26.505 0.973812
0.948899 -26.4966 0.973962
 0.94905 -26.4881 0.974112
  0.9492 -26.4797 0.974262
 0.94935 -26.4712 0.974412
  0.9495 -26.4628 0.974412
 0.94965 -26.4544 0.974562
  0.9498  -26.446 0.974712
 0.94995 -26.4375 0.974862
  0.9501 -26.4291 0.975013
 0.95025 -26.4207 0.975163
  0.9504 -26.4123 0.975313
 0.95055 -26.4039 0.975463
  0.9507 -26.3955 0.975463
 0.95085 -26.3871 0.975613
0.951001 -26.3787 0.975763
0.951151 -26.3703 0.975913
0.951301 -26.3619 0.976063
0.951451 -26.3535 0.976213
0.951601 -26.3452 0.976363
0.951751 -26.3368 0.976363
0.951901 -26.3284 0.976513
0.952051 -26.3201 0.976663
0.952201 -26.3117 0.976813
0.952351 -26.3033 0.976963
0.952501  -26.295 0.977114
0.952651 -26.2866 0.977264
0.952801 -26.2783 0.977414
0.952951 -26.2699 0.977414
0.953102 -26.2616 0.977564
0.953252 -26.2532 0.977714
0.953402 -26.2449 0.977864
0.953552 -26.2366 0.978014
0.953702 -26.2282 0.978164
0.953852 -26.2199 0.978314
0.954002 -26.2116 0.978464
0.954152 -26.2033 0.978464
0.954302  -26.195 0.978614
0.954452 -26.1866 0.978764
0.954602 -26.1783 0.978914
0.954752   -26.17 0.979065
0.954902 -26.1617 0.979215
0.955053 -26.1534 0.979365
0.955203 -26.1452 0.979515
0.955353 -26.1369 0.979515
0.955503 -26.1286 0.979665
0.955653 -26.1203 0.979815
0.955803  -26.112 0.979965
0.955953 -26.1037 0.980115
0.956103 -26.0955 0.980265
0.956253 -26.0872 0.980415
0.956403 -26.0789 0.980565
0.956553 -26.0707 0.980565
0.956703 -26.0624 0.980715
0.956853 -26.0542 0.980865
0.957004 -26.0459 0.981016
0.957154 -26.0377 0.981166
0.957304 -26.0294 0.981316
0.957454 -26.0212 0.981466
0.957604 -26.0129 0.981466
0.957754 -26.0047 0.981616
0.957904 -25.9965 0.981766
0.958054 -25.9883 0.981916
0.958204   -25.98 0.982066
0.958354 -25.9718 0.982216
0.958504 -25.9636 0.982366
0.958654 -25.9554 0.982516
0.958804 -25.9472 0.982516
0.958954  -25.939 0.982666
0.959105 -25.9308 0.982816
0.959255 -25.9226 0.982966
0.959405 -25.9144 0.983117
0.959555 -25.9062 0.983267
0.959705  -25.898 0.983417
0.959855 -25.8898 0.983567
0.960005 -25.8817 0.983567
0.960155 -25.8735 0.983717
0.960305 -25.8653 0.983867
0.960455 -25.8571 0.984017
0.960605  -25.849 0.984167
0.960755 -25.8408 0.984317
0.960905 -25.8326 0.984467
0.961056 -25.8245 0.984467
0.961206 -25.8163 0.984617
0.961356 -25.8082 0.984767
0.961506    -25.8 0.984917
0.961656 -25.7919 0.985068
0.961806 -25.7838 0.985218
0.961956 -25.7756 0.985368
0.962106 -25.7675 0.985518
0.962256 -25.7594 0.985518
0.962406 -25.7513 0.985668
0.962556 -25.7431 0.985818
0.962706  -25.735 0.985968
0.962856 -25.7269 0.986118
0.963007 -25.7188 0.986268
0.963157 -25.7107 0.986418
0.963307 -25.7026 0.986568
0.963457 -25.6945 0.986568
0.963607 -25.6864 0.986718
0.963757 -25.6783 0.986868
0.963907 -25.6702 0.987019
0.964057 -25.6621 0.987169
0.964207  -25.654 0.987319
0.964357  -25.646 0.987469
0.964507 -25.6379 0.987619
0.964657 -25.6298 0.987619
0.964807 -25.6217 0.987769
0.964957 -25.6137 0.987919
0.965108 -25.6056 0.988069
0.965258 -25.5976 0.988219
0.965408 -25.5895 0.988369
0.965558 -25.5815 0.988519
0.965708 -25.5734 0.988669
0.965858 -25.5654 0.988669
0.966008 -25.5573 0.988819
0.966158 -25.5493 0.988969
0.966308 -25.5413  0.98912
0.966458 -25.5332  0.98927
0.966608 -25.5252  0.98942
0.966758 -25.5172  0.98957
0.966908 -25.5091  0.98957
0.967059 -25.5011  0.98972
0.967209 -25.4931  0.98987
0.967359 -25.4851  0.99002
0.967509 -25.4771  0.99017
0.967659 -25.4691  0.99032
0.967809 -25.4611  0.99047
0.967959 -25.4531  0.99062
0.968109 -25.4451  0.99062
0.968259 -25.4371  0.99077
0.968409 -25.4291  0.99092
0.968559 -25.4211 0.991071
0.968709 -25.4132 0.991221
0.968859 -25.4052 0.991371
 0.96901 -25.3972 0.991521
 0.96916 -25.3893 0.991671
 0.96931 -25.3813 0.991671
 0.96946 -25.3733 0.991821
 0.96961 -25.3654 0.991971
 0.96976 -25.3574 0.992121
 0.96991 -25.3495 0.992271
 0.97006 -25.3415 0.992421
 0.97021 -25.3336 0.992571
 0.97036 -25.3256 0.992721
 0.97051 -25.3177 0.992721
 0.97066 -25.3097 0.992871
 0.97081 -25.3018 0.993022
 0.97096 -25.2939 0.993172
0.971111  -25.286 0.993322
0.971261  -25.278 0.993472
0.971411 -25.2701 0.993622
0.971561 -25.2622 0.993622
0.971711 -25.2543 0.993772
0.971861 -25.2464 0.993922
0.972011 -25.2385 0.994072
0.972161 -25.2306 0.994222
0.972311 -25.2227 0.994372
0.972461 -25.2148 0.994522
0.972611 -25.2069 0.994672
0.972761  -25.199 0.994672
0.972911 -25.1911 0.994822
0.973062 -25.1832 0.994972
0.973212 -25.1754 0.995123
0.973362 -25.1675 0.995273
0.973512 -25.1596 0.995423
0.973662 -25.1517 0.995573
0.973812 -25.1439 0.995723
0.973962  -25.136 0.995723
0.974112 -25.1282 0.995873
0.974262 -25.1203 0.996023
0.974412 -25.1124 0.996173
0.974562 -25.1046 0.996323
0.974712 -25.0968 0.996473
0.974862 -25.0889 0.996623
0.975013 -25.0811 0.996623
0.975163 -25.0732 0.996773
0.975313 -25.0654 0.996923
0.975463 -25.0576 0.997074
0.975613 -25.0497 0.997224
0.975763 -25.0419 0.997374
0.975913 -25.0341 0.997524
0.976063 -25.0263 0.997674
0.976213 -25.0185 0.997674
0.976363 -25.0107 0.997824
0.976513 -25.0029 0.997974
0.976663 -24.9951 0.998124
0.976813 -24.9873 0.998274
0.976963 -24.9795 0.998424
0.977114 -24.9717 0.998574
0.977264 -24.9639 0.998724
0.977414 -24.9561 0.998724
0.977564 -24.9483 0.998874
0.977714 -24.9405 0.999025
0.977864 -24.9328 0.999175
0.978014  -24.925 0.999325
0.978164 -24.9172 0.999475
0.978314 -24.9095 0.999625
0.978464 -24.9017 0.999775
0.978614 -24.8939 0.999775
0.978764 -24.8862 0.999925
0.978914 -24.8784  1.00008
0.979065 -24.8707  1.00023
0.979215 -24.8629  1.00038
0.979365 -24.8552  1.00053
0.979515 -24.8474  1.00068
0.979665 -24.8397  1.00068
0.979815  -24.832  1.00083
0.979965 -24.8242  1.00098
0.980115 -24.8165  1.00113
0.980265 -24.8088  1.00128
0.980415 -24.8011  1.00143
0.980565 -24.7934  1.00158
0.980715 -24.7856  1.00173
0.980865 -24.7779  1.00173
0.981016 -24.7702  1.00188
0.981166 -24.7625  1.00203
0.981316 -24.7548  1.00218
0.981466 -24.7471  1.00233
0.981616 -24.7394  1.00248
0.981766 -24.7317  1.00263
0.981916  -24.724  1.00278
0.982066 -24.7164  1.00278
0.982216 -24.7087  1.00293
0.982366  -24.701  1.00308
0.982516 -24.6933  1.00323
0.982666 -24.6857  1.00338
0.982816  -24.678  1.00353
0.982966 -24.6703  1.00368
0.983117 -24.6627  1.00383
0.983267  -24.655  1.00383
0.983417 -24.6473  1.00398
0.983567 -24.6397  1.00413
0.983717  -24.632  1.00428
0.983867 -24.6244  1.00443
0.984017 -24.6168  1.00458
0.984167 -24.6091  1.00473
0.984317 -24.6015  1.00488
0.984467 -24.5938  1.00488
0.984617 -24.5862  1.00503
0.984767 -24.5786  1.00518
0.984917  -24.571  1.00533
0.985068 -24.5633  1.00548
0.985218 -24.5557  1.00563
0.985368 -24.5481  1.00578
0.985518 -24.5405  1.00578
0.985668 -24.5329  1.00593
0.985818 -24.5253  1.00608
0.985968 -24.5177  1.00623
0.986118 -24.5101  1.00638
0.986268 -24.5025  1.00653
0.986418 -24.4949  1.00668
0.986568 -24.4873  1.00683
0.986718 -24.4797  1.00683
0.986868 -24.4721  1.00698
0.987019 -24.4646  1.00713
0.987169  -24.457  1.00728
0.987319 -24.4494  1.00743
0.987469 -24.4418  1.00758
0.987619 -24.4343  1.00773
0.987769 -24.4267  1.00788
0.987919 -24.4192  1.00788
0.988069 -24.4116  1.00803
0.988219  -24.404  1.00818
0.988369 -24.3965  1.00833
0.988519 -24.3889  1.00848
0.988669 -24.3814  1.00863
0.988819 -24.3739  1.00878
0.988969 -24.3663  1.00878
 0.98912 -24.3588  1.00893
 0.98927 -24.3513  1.00908
 0.98942 -24.3437  1.00923
 0.98957 -24.3362  1.00938
 0.98972 -24.3287  1.00953
 0.98987 -24.3212  1.00968
 0.99002 -24.3136  1.00983
 0.99017 -24.3061  1.00983
 0.99032 -24.2986  1.00998
 0.99047 -24.2911  1.01013
 0.99062 -24.2836  1.01028
 0.99077 -24.2761  1.01043
 0.99092 -24.2686  1.01058
0.991071 -24.2611  1.01073
0.991221 -24.2536  1.01088
0.991371 -24.2461  1.01088
0.991521 -24.2386  1.01103
0.991671 -24.2312  1.01118
0.991821 -24.2237  1.01133
0.991971 -24.2162  1.01148
0.992121 -24.2087  1.01163
0.992271 -24.2013  1.01178
0.992421 -24.1938  1.01193
0.992571 -24.1863  1.01193
0.992721 -24.1789  1.01208
0.992871 -24.1714  1.01223
0.993022  -24.164  1.01238
0.993172 -24.1565  1.01253
0.993322 -24.1491  1.01268
0.993472 -24.1416  1.01283
0.993622 -24.1342  1.01283
0.993772 -24.1267  1.01298
0.993922 -24.1193  1.01313
0.994072 -24.1119  1.01328
0.994222 -24.1044  1.01343
0.994372  -24.097  1.01358
0.994522 -24.0896  1.01373
0.994672 -24.0822  1.01388
0.994822 -24.0748  1.01388
0.994972 -24.0673  1.01403
0.995123 -24.0599  1.01418
0.995273 -24.0525  1.01433
0.995423 -24.0451  1.01448
0.995573 -24.0377  1.01463
0.995723 -24.0303  1.01478
0.995873 -24.0229  1.01493
0.996023 -24.0155  1.01493
0.996173 -24.0081  1.01508
0.996323 -24.0008  1.01523
0.996473 -23.9934  1.01538
0.996623  -23.986  1.01553
0.996773 -23.9786  1.01568
0.996923 -23.9712  1.01583
0.997074 -23.9639  1.01598
0.997224 -23.9565  1.01598
0.997374 -23.9491  1.01613
0.997524 -23.9418  1.01628
0.997674 -23.9344  1.01643
0.997824 -23.9271  1.01658
0.997974 -23.9197  1.01673
0.998124 -23.9124  1.01688
0.998274  -23.905  1.01688
0.998424 -23.8977  1.01703
0.998574 -23.8903  1.01718
0.998724  -23.883  1.01733
0.998874 -23.8757  1.01748
0.999025 -23.8683  1.01763
0.999175  -23.861  1.01778
0.999325 -23.8537  1.01793
0.999475 -23.8464  1.01793
0.999625  -23.839  1.01808
0.999775 -23.8317  1.01823
0.999925 -23.8244  1.01838
 1.00008 -23.8171  1.01853
 1.00023 -23.8098  1.01868
 1.00038 -23.8025  1.01883
 1.00053 -23.7952  1.01898
 1.00068 -23.7879  1.01898
 1.00083 -23.7806  1.01913
 1.00098 -23.7733  1.01928
 1.00113  -23.766  1.01943
 1.00128 -23.7587  1.01958
 1.00143 -23.7514  1.01973
 1.00158 -23.7442  1.01988
 1.00173 -23.7369  1.02004
 1.00188 -23.7296  1.02004
 1.00203 -23.7223  1.02019
 1.00218 -23.7151  1.02034
 1.00233 -23.7078  1.02049
 1.00248 -23.7006  1.02064
 1.00263 -23.6933  1.02079
 1.00278  -23.686  1.02094
 1.00293 -23.6788  1.02094
 1.00308 -23.6715  1.02109
 1.00323 -23.6643  1.02124
 1.00338  -23.657  1.02139
 1.00353 -23.6498  1.02154
 1.00368 -23.6426  1.02169
 1.00383 -23.6353  1.02184
 1.00398 -23.6281  1.02199
 1.00413 -23.6209  1.02199
 1.00428 -23.6136  1.02214
 1.00443 -23.6064  1.02229
 1.00458 -23.5992  1.02244
 1.00473  -23.592  1.02259
 1.00488 -23.5848  1.02274
 1.00503 -23.5776  1.02289
 1.00518 -23.5704  1.02304
 1.00533 -23.5631  1.02304
 1.00548 -23.5559  1.02319
 1.00563 -23.5487  1.02334
 1.00578 -23.5415  1.02349
 1.00593 -23.5344  1.02364
 1.00608 -23.5272  1.02379
 1.00623   -23.52  1.02394
 1.00638 -23.5128  1.02409
 1.00653 -23.5056  1.02409
 1.00668 -23.4984  1.02424
 1.00683 -23.4913  1.02439
 1.00698 -23.4841  1.02454
 1.00713 -23.4769  1.02469
 1.00728 -23.4698  1.02484
 1.00743 -23.4626  1.02499
 1.00758 -23.4554  1.02499
 1.00773 -23.4483  1.02514
 1.00788 -23.4411  1.02529
 1.00803  -23.434  1.02544
 1.00818 -23.4268  1.02559
 1.00833 -23.4197  1.02574
 1.00848 -23.4125  1.02589
 1.00863 -23.4054  1.02604
 1.00878 -23.3982  1.02604
 1.00893 -23.3911  1.02619
 1.00908  -23.384  1.02634
 1.00923 -23.3769  1.02649
 1.00938 -23.3697  1.02664
 1.00953 -23.3626  1.02679
 1.00968 -23.3555  1.02694
 1.00983 -23.3484  1.02694
 1.00998 -23.3413  1.02709
 1.01013 -23.3341  1.02724
 1.01028  -23.327  1.02739
 1.01043 -23.3199  1.02754
 1.01058 -23.3128  1.02769
 1.01073 -23.3057  1.02784
 1.01088 -23.2986  1.02799
 1.01103 -23.2915  1.02799
 1.01118 -23.2844  1.02814
 1.01133 -23.2774  1.02829
 1.01148 -23.2703  1.02844
 1.01163 -23.2632  1.02859
 1.01178 -23.2561  1.02874
 1.01193  -23.249  1.02889
 1.01208  -23.242  1.02904
 1.01223 -23.2349  1.02904
 1.01238 -23.2278  1.02919
 1.01253 -23.2208  1.02934
 1.01268 -23.2137  1.02949
 1.01283 -23.2066  1.02964
 1.01298 -23.1996  1.02979
 1.01313 -23.1925  1.02994
 1.01328 -23.1855  1.03009
 1.01343 -23.1784  1.03009
 1.01358 -23.1714  1.03024
 1.01373 -23.1644  1.03039
 1.01388 -23.1573  1.03054
 1.01403 -23.1503  1.03069
 1.01418 -23.1432  1.03084
 1.01433 -23.1362  1.03099
 1.01448 -23.1292  1.03114
 1.01463 -23.1222  1.03114
 1.01478 -23.1151  1.03129
 1.01493 -23.1081  1.03144
 1.01508 -23.1011  1.03159
 1.01523 -23.0941  1.03174
 1.01538 -23.0871  1.03189
 1.01553 -23.0801  1.03204
 1.01568 -23.0731  1.03204
 1.01583 -23.0661  1.03219
 1.01598 -23.0591  1.03234
 1.01613 -23.0521  1.03249
 1.01628 -23.0451  1.03264
 1.01643 -23.0381  1.03279
 1.01658 -23.0311  1.03294
 1.01673 -23.0241  1.03309
 1.01688 -23.0171  1.03309
 1.01703 -23.0102  1.03324
 1.01718 -23.0032  1.03339
 1.01733 -22.9962  1.03354
 1.01748 -22.9892  1.03369
 1.01763 -22.9823  1.03384
 1.01778 -22.9753  1.03399
 1.01793 -22.9684  1.03414
 1.01808 -22.9614  1.03414
 1.01823 -22.9544  1.03429
 1.01838 -22.9475  1.03444
 1.01853 -22.9405  1.03459
 1.01868 -22.9336  1.03474
 1.01883 -22.9266  1.03489
 1.01898 -22.9197  1.03504
 1.01913 -22.9128  1.03504
 1.01928 -22.9058  1.03519
 1.01943 -22.8989  1.03534
 1.01958  -22.892  1.03549
 1.01973  -22.885  1.03564
 1.01988 -22.8781  1.03579
 1.02004 -22.8712  1.03594
 1.02019 -22.8643  1.03609
 1.02034 -22.8574  1.03609
 1.02049 -22.8504  1.03624
 1.02064 -22.8435  1.03639
 1.02079 -22.8366  1.03654
 1.02094 -22.8297  1.03669
 1.02109 -22.8228  1.03684
 1.02124 -22.8159  1.03699
 1.02139  -22.809  1.03714
 1.02154 -22.8021  1.03714
 1.02169 -22.7952  1.03729
 1.02184 -22.7884  1.03744
 1.02199 -22.7815  1.03759
 1.02214 -22.7746  1.03774
 1.02229 -22.7677  1.03789
 1.02244 -22.7608  1.03804
 1.02259  -22.754  1.03804
 1.02274 -22.7471  1.03819
 1.02289 -22.7402  1.03834
 1.02304 -22.7333  1.03849
 1.02319 -22.7265  1.03864
 1.02334 -22.7196  1.03879
 1.02349 -22.7128  1.03894
 1.02364 -22.7059  1.03909
 1.02379 -22.6991  1.03909
 1.02394 -22.6922  1.03924
 1.02409 -22.6854  1.03939
 1.02424 -22.6785  1.03954
 1.02439 -22.6717  1.03969
 1.02454 -22.6648  1.03984
 1.02469  -22.658  1.03999
 1.02484 -22.6512  1.04015
 1.02499 -22.6443  1.04015
 1.02514 -22.6375   1.0403
 1.02529 -22.6307  1.04045
 1.02544 -22.6239   1.0406
 1.02559 -22.6171  1.04075
 1.02574 -22.6102   1.0409
 1.02589 -22.6034  1.04105
 1.02604 -22.5966  1.04105
 1.02619 -22.5898   1.0412
 1.02634  -22.583  1.04135
 1.02649 -22.5762   1.0415
 1.02664 -22.5694  1.04165
 1.02679 -22.5626   1.0418
 1.02694 -22.5558  1.04195
 1.02709  -22.549   1.0421
 1.02724 -22.5422   1.0421
 1.02739 -22.5354  1.04225
 1.02754 -22.5287   1.0424
 1.02769 -22.5219  1.04255
 1.02784 -22.5151   1.0427
 1.02799 -22.5083  1.04285
 1.02814 -22.5016    1.043
 1.02829 -22.4948  1.04315
 1.02844  -22.488  1.04315
 1.02859 -22.4813   1.0433
 1.02874 -22.4745  1.04345
 1.02889 -22.4677   1.0436
 1.02904  -22.461  1.04375
 1.02919 -22.4542   1.0439
 1.02934 -22.4475  1.04405
 1.02949 -22.4407   1.0442
 1.02964  -22.434   1.0442
 1.02979 -22.4273  1.04435
 1.02994 -22.4205   1.0445
 1.03009 -22.4138  1.04465
 1.03024  -22.407   1.0448
 1.03039 -22.4003  1.04495
 1.03054 -22.3936   1.0451
 1.03069 -22.3869   1.0451
 1.03084 -22.3801  1.04525
 1.03099 -22.3734   1.0454
 1.03114 -22.3667  1.04555
 1.03129   -22.36   1.0457
 1.03144 -22.3533  1.04585
 1.03159 -22.3466    1.046
 1.03174 -22.3399  1.04615
 1.03189 -22.3332  1.04615
 1.03204 -22.3265   1.0463
 1.03219 -22.3198  1.04645
 1.03234 -22.3131   1.0466
 1.03249 -22.3064  1.04675
 1.03264 -22.2997   1.0469
 1.03279  -22.293  1.04705
 1.03294 -22.2863   1.0472
 1.03309 -22.2796   1.0472
 1.03324 -22.2729  1.04735
 1.03339 -22.2663   1.0475
 1.03354 -22.2596  1.04765
 1.03369 -22.2529   1.0478
 1.03384 -22.2463  1.04795
 1.03399 -22.2396   1.0481
 1.03414 -22.2329   1.0481
 1.03429 -22.2263  1.04825
 1.03444 -22.2196   1.0484
 1.03459 -22.2129  1.04855
 1.03474 -22.2063   1.0487
 1.03489 -22.1996  1.04885
 1.03504  -22.193    1.049
 1.03519 -22.1864    1.049
 1.03534 -22.1797  1.04915
 1.03549 -22.1731   1.0493
 1.03564 -22.1664  1.04945
 1.03579 -22.1598   1.0496
 1.03594 -22.1532  1.04975
 1.03609 -22.1465   1.0499
 1.03624 -22.1399  1.05005
 1.03639 -22.1333  1.05005
 1.03654 -22.1267   1.0502
 1.03669 -22.1201  1.05035
 1.03684 -22.1134   1.0505
 1.03699 -22.1068  1.05065
 1.03714 -22.1002   1.0508
 1.03729 -22.0936  1.05095
 1.03744  -22.087   1.0511
 1.03759 -22.0804  1.05125
 1.03774 -22.0738  1.05125
 1.03789 -22.0672   1.0514
 1.03804 -22.0606  1.05155
 1.03819  -22.054   1.0517
 1.03834 -22.0474  1.05185
 1.03849 -22.0408    1.052
 1.03864 -22.0343  1.05215
 1.03879 -22.0277  1.05215
 1.03894 -22.0211   1.0523
 1.03909 -22.0145  1.05245
 1.03924  -22.008   1.0526
 1.03939 -22.0014  1.05275
 1.03954 -21.9948   1.0529
 1.03969 -21.9883  1.05305
 1.03984 -21.9817   1.0532
 1.03999 -21.9751   1.0532
 1.04015 -21.9686  1.05335
  1.0403  -21.962   1.0535
 1.04045 -21.9555  1.05365
  1.0406 -21.9489   1.0538
 1.04075 -21.9424  1.05395
  1.0409 -21.9358   1.0541
 1.04105 -21.9293   1.0541
  1.0412 -21.9228  1.05425
 1.04135 -21.9162   1.0544
  1.0415 -21.9097  1.05455
 1.04165 -21.9031   1.0547
  1.0418 -21.8966  1.05485
 1.04195 -21.8901    1.055
  1.0421 -21.8836    1.055
 1.04225 -21.8771  1.05515
  1.0424 -21.8705   1.0553
 1.04255  -21.864  1.05545
  1.0427 -21.8575   1.0556
 1.04285  -21.851  1.05575
   1.043 -21.8445   1.0559
 1.04315  -21.838  1.05605
  1.0433 -21.8315   1.0562
 1.04345  -21.825   1.0562
  1.0436 -21.8185  1.05635
 1.04375  -21.812   1.0565
  1.0439 -21.8055  1.05665
 1.04405  -21.799   1.0568
  1.0442 -21.7925  1.05695
 1.04435  -21.786   1.0571
  1.0445 -21.7796   1.0571
 1.04465 -21.7731  1.05725
  1.0448 -21.7666   1.0574
 1.04495 -21.7601  1.05755
  1.0451 -21.7537   1.0577
 1.04525 -21.7472  1.05785
  1.0454 -21.7407    1.058
 1.04555 -21.7343  1.05815
  1.0457 -21.7278  1.05815
 1.04585 -21.7213   1.0583
   1.046 -21.7149  1.05845
 1.04615 -21.7084   1.0586
  1.0463  -21.702  1.05875
 1.04645 -21.6955   1.0589
  1.0466 -21.6891  1.05905
 1.04675 -21.6826  1.05905
  1.0469 -21.6762   1.0592
 1.04705 -21.6698  1.05935
  1.0472 -21.6633   1.0595
 1.04735 -21.6569  1.05965
  1.0475 -21.6505   1.0598
 1.04765  -21.644  1.05995
  1.0478 -21.6376  1.06011
 1.04795 -21.6312  1.06011
  1.0481 -21.6248  1.06026
 1.04825 -21.6184  1.06041
  1.0484 -21.6119  1.06056
 1.04855 -21.6055  1.06071
  1.0487 -21.5991  1.06086
 1.04885 -21.5927  1.06101
   1.049 -21.5863  1.06116
 1.04915 -21.5799  1.06116
  1.0493 -21.5735  1.06131
 1.04945 -21.5671  1.06146
  1.0496 -21.5607  1.06161
 1.04975 -21.5543  1.06176
  1.0499 -21.5479  1.06191
 1.05005 -21.5416  1.06206
  1.0502 -21.5352  1.06206
 1.05035 -21.5288  1.06221
  1.0505 -21.5224  1.06236
 1.05065  -21.516  1.06251
  1.0508 -21.5097  1.06266
 1.05095 -21.5033  1.06281
  1.0511 -21.4969  1.06296
 1.05125 -21.4906  1.06311
  1.0514 -21.4842  1.06311
 1.05155 -21.4778  1.06326
  1.0517 -21.4715  1.06341
 1.05185 -21.4651  1.06356
   1.052 -21.4588  1.06371
 1.05215 -21.4524  1.06386
  1.0523 -21.4461  1.06401
 1.05245 -21.4397  1.06416
  1.0526 -21.4334  1.06416
 1.05275  -21.427  1.06431
  1.0529 -21.4207  1.06446
 1.05305 -21.4144  1.06461
  1.0532  -21.408  1.06476
 1.05335 -21.4017  1.06491
  1.0535 -21.3954  1.06506
 1.05365  -21.389  1.06506
  1.0538 -21.3827  1.06521
 1.05395 -21.3764  1.06536
  1.0541 -21.3701  1.06551
 1.05425 -21.3638  1.06566
  1.0544 -21.3574  1.06581
 1.05455 -21.3511  1.06596
  1.0547 -21.3448  1.06611
 1.05485 -21.3385  1.06611
   1.055 -21.3322  1.06626
 1.05515 -21.3259  1.06641
  1.0553 -21.3196  1.06656
 1.05545 -21.3133  1.06671
  1.0556  -21.307  1.06686
 1.05575 -21.3007  1.06701
  1.0559 -21.2944  1.06716
 1.05605 -21.2882  1.06716
  1.0562 -21.2819  1.06731
 1.05635 -21.2756  1.06746
  1.0565 -21.2693  1.06761
 1.05665  -21.263  1.06776
  1.0568 -21.2568  1.06791
 1.05695 -21.2505  1.06806
  1.0571 -21.2442  1.06806
 1.05725  -21.238  1.06821
  1.0574 -21.2317  1.06836
 1.05755 -21.2254  1.06851
  1.0577 -21.2192  1.06866
 1.05785 -21.2129  1.06881
   1.058 -21.2067  1.06896
 1.05815 -21.2004  1.06911
  1.0583 -21.1942  1.06911
 1.05845 -21.1879  1.06926
  1.0586 -21.1817  1.06941
 1.05875 -21.1754  1.06956
  1.0589 -21.1692  1.06971
 1.05905  -21.163  1.06986
  1.0592 -21.1567  1.07001
 1.05935 -21.1505  1.07001
  1.0595 -21.1443  1.07016
 1.05965  -21.138  1.07031
  1.0598 -21.1318  1.07046
 1.05995 -21.1256  1.07061
 1.06011 -21.1194  1.07076
 1.06026 -21.1132  1.07091
 1.06041 -21.1069  1.07106
 1.06056 -21.1007  1.07106
 1.06071 -21.0945  1.07121
 1.06086 -21.0883  1.07136
 1.06101 -21.0821  1.07151
 1.06116 -21.0759  1.07166
 1.06131 -21.0697  1.07181
 1.06146 -21.0635  1.07196
 1.06161 -21.0573  1.07196
 1.06176 -21.0511  1.07211
 1.06191 -21.0449  1.07226
 1.06206 -21.0388  1.07241
 1.06221 -21.0326  1.07256
 1.06236 -21.0264  1.07271
 1.06251 -21.0202  1.07286
 1.06266  -21.014  1.07301
 1.06281 -21.0079  1.07301
 1.06296 -21.0017  1.07316
 1.06311 -20.9955  1.07331
 1.06326 -20.9893  1.07346
 1.06341 -20.9832  1.07361
 1.06356  -20.977  1.07376
 1.06371 -20.9709  1.07391
 1.06386 -20.9647  1.07406
 1.06401 -20.9585  1.07406
 1.06416 -20.9524  1.07421
 1.06431 -20.9462  1.07436
 1.06446 -20.9401  1.07451
 1.06461 -20.9339  1.07466
 1.06476 -20.9278  1.07481
 1.06491 -20.9217  1.07496
 1.06506 -20.9155  1.07511
 1.06521 -20.9094  1.07511
 1.06536 -20.9032  1.07526
 1.06551 -20.8971  1.07541
 1.06566  -20.891  1.07556
 1.06581 -20.8849  1.07571
 1.06596 -20.8787  1.07586
 1.06611 -20.8726  1.07601
 1.06626 -20.8665  1.07601
 1.06641 -20.8604  1.07616
 1.06656 -20.8543  1.07631
 1.06671 -20.8482  1.07646
 1.06686  -20.842  1.07661
 1.06701 -20.8359  1.07676
 1.06716 -20.8298  1.07691
 1.06731 -20.8237  1.07691
 1.06746 -20.8176  1.07706
 1.06761 -20.8115  1.07721
 1.06776 -20.8054  1.07736
 1.06791 -20.7993  1.07751
 1.06806 -20.7933  1.07766
 1.06821 -20.7872  1.07781
 1.06836 -20.7811  1.07796
 1.06851  -20.775  1.07796
 1.06866 -20.7689  1.07811
 1.06881 -20.7628  1.07826
 1.06896 -20.7568  1.07841
 1.06911 -20.7507  1.07856
 1.06926 -20.7446  1.07871
 1.06941 -20.7385  1.07886
 1.06956 -20.7325  1.07901
 1.06971 -20.7264  1.07901
 1.06986 -20.7203  1.07916
 1.07001 -20.7143  1.07931
 1.07016 -20.7082  1.07946
 1.07031 -20.7022  1.07961
 1.07046 -20.6961  1.07976
 1.07061 -20.6901  1.07991
 1.07076  -20.684  1.07991
 1.07091  -20.678  1.08007
 1.07106 -20.6719  1.08022
 1.07121 -20.6659  1.08037
 1.07136 -20.6599  1.08052
 1.07151 -20.6538  1.08067
 1.07166 -20.6478  1.08082
 1.07181 -20.6418  1.08097
 1.07196 -20.6357  1.08097
 1.07211 -20.6297  1.08112
 1.07226 -20.6237  1.08127
 1.07241 -20.6177  1.08142
 1.07256 -20.6116  1.08157
 1.07271 -20.6056  1.08172
 1.07286 -20.5996  1.08187
 1.07301 -20.5936  1.08187
 1.07316 -20.5876  1.08202
 1.07331 -20.5816  1.08217
 1.07346 -20.5756  1.08232
 1.07361 -20.5696  1.08247
 1.07376 -20.5636  1.08262
 1.07391 -20.5576  1.08277
 1.07406 -20.5516  1.08292
 1.07421 -20.5456  1.08292
 1.07436 -20.5396  1.08307
 1.07451 -20.5336  1.08322
 1.07466 -20.5276  1.08337
 1.07481 -20.5216  1.08352
 1.07496 -20.5156  1.08367
 1.07511 -20.5097  1.08382
 1.07526 -20.5037  1.08397
 1.07541 -20.4977  1.08397
 1.07556 -20.4917  1.08412
 1.07571 -20.4858  1.08427
 1.07586 -20.4798  1.08442
 1.07601 -20.4738  1.08457
 1.07616 -20.4679  1.08472
 1.07631 -20.4619  1.08487
 1.07646  -20.456  1.08487
 1.07661   -20.45  1.08502
 1.07676  -20.444  1.08517
 1.07691 -20.4381  1.08532
 1.07706 -20.4321  1.08547
 1.07721 -20.4262  1.08562
 1.07736 -20.4203  1.08577
 1.07751 -20.4143  1.08592
 1.07766 -20.4084  1.08592
 1.07781 -20.4024  1.08607
 1.07796 -20.3965  1.08622
 1.07811 -20.3906  1.08637
 1.07826 -20.3846  1.08652
 1.07841 -20.3787  1.08667
 1.07856 -20.3728  1.08682
 1.07871 -20.3669  1.08682
 1.07886 -20.3609  1.08697
 1.07901  -20.355  1.08712
 1.07916 -20.3491  1.08727
 1.07931 -20.3432  1.08742
 1.07946 -20.3373  1.08757
 1.07961 -20.3314  1.08772
 1.07976 -20.3255  1.08787
 1.07991 -20.3196  1.08787
 1.08007 -20.3136  1.08802
 1.08022 -20.3077  1.08817
 1.08037 -20.3018  1.08832
 1.08052  -20.296  1.08847
 1.08067 -20.2901  1.08862
 1.08082 -20.2842  1.08877
 1.08097 -20.2783  1.08877
 1.08112 -20.2724  1.08892
 1.08127 -20.2665  1.08907
 1.08142 -20.2606  1.08922
 1.08157 -20.2547  1.08937
 1.08172 -20.2489  1.08952
 1.08187  -20.243  1.08967
 1.08202 -20.2371  1.08982
 1.08217 -20.2312  1.08982
 1.08232 -20.2254  1.08997
 1.08247 -20.2195  1.09012
 1.08262 -20.2136  1.09027
 1.08277 -20.2078  1.09042
 1.08292 -20.2019  1.09057
 1.08307 -20.1961  1.09072
 1.08322 -20.1902  1.09087
 1.08337 -20.1844  1.09087
 1.08352 -20.1785  1.09102
 1.08367 -20.1727  1.09117
 1.08382 -20.1668  1.09132
 1.08397  -20.161  1.09147
 1.08412 -20.1551  1.09162
 1.08427 -20.1493  1.09177
 1.08442 -20.1435  1.09177
 1.08457 -20.1376  1.09192
 1.08472 -20.1318  1.09207
 1.08487  -20.126  1.09222
 1.08502 -20.1201  1.09237
 1.08517 -20.1143  1.09252
 1.08532 -20.1085  1.09267
 1.08547 -20.1027  1.09282
 1.08562 -20.0968  1.09282
 1.08577  -20.091  1.09297
 1.08592 -20.0852  1.09312
 1.08607 -20.0794  1.09327
 1.08622 -20.0736  1.09342
 1.08637 -20.0678  1.09357
 1.08652  -20.062  1.09372
 1.08667 -20.0562  1.09372
 1.08682 -20.0504  1.09387
 1.08697 -20.0446  1.09402
 1.08712 -20.0388  1.09417
 1.08727  -20.033  1.09432
 1.08742 -20.0272  1.09447
 1.08757 -20.0214  1.09462
 1.08772 -20.0156  1.09477
 1.08787 -20.0098  1.09477
 1.08802  -20.004  1.09492
 1.08817 -19.9983  1.09507
 1.08832 -19.9925  1.09522
 1.08847 -19.9867  1.09537
 1.08862 -19.9809  1.09552
 1.08877 -19.9752  1.09567
 1.08892 -19.9694  1.09582
 1.08907 -19.9636  1.09582
 1.08922 -19.9579  1.09597
 1.08937 -19.9521  1.09612
 1.08952 -19.9463  1.09627
 1.08967 -19.9406  1.09642
 1.08982 -19.9348  1.09657
 1.08997 -19.9291  1.09672
 1.09012 -19.9233  1.09672
 1.09027 -19.9176  1.09687
 1.09042 -19.9118  1.09702
 1.09057 -19.9061  1.09717
 1.09072 -19.9003  1.09732
 1.09087 -19.8946  1.09747
 1.09102 -19.8889  1.09762
 1.09117 -19.8831  1.09762
 1.09132 -19.8774  1.09777
 1.09147 -19.8717  1.09792
 1.09162 -19.8659  1.09807
 1.09177 -19.8602  1.09822
 1.09192 -19.8545  1.09837
 1.09207 -19.8488  1.09852
 1.09222  -19.843  1.09867
 1.09237 -19.8373  1.09867
 1.09252 -19.8316  1.09882
 1.09267 -19.8259  1.09897
 1.09282 -19.8202  1.09912
 1.09297 -19.8145  1.09927
 1.09312 -19.8088  1.09942
 1.09327 -19.8031  1.09957
 1.09342 -19.7974  1.09972
 1.09357 -19.7917  1.09972
 1.09372  -19.786  1.09987
 1.09387 -19.7803  1.10003
 1.09402 -19.7746  1.10018
 1.09417 -19.7689  1.10033
 1.09432 -19.7632  1.10048
 1.09447 -19.7575  1.10063
 1.09462 -19.7518  1.10063
 1.09477 -19.7461  1.10078
 1.09492 -19.7404  1.10093
 1.09507 -19.7348  1.10108
 1.09522 -19.7291  1.10123
 1.09537 -19.7234  1.10138
 1.09552 -19.7177  1.10153
 1.09567 -19.7121  1.10168
 1.09582 -19.7064  1.10168
 1.09597 -19.7007  1.10183
 1.09612 -19.6951  1.10198
 1.09627 -19.6894  1.10213
 1.09642 -19.6838  1.10228
 1.09657 -19.6781  1.10243
 1.09672 -19.6724  1.10258
 1.09687 -19.6668  1.10258
 1.09702 -19.6611  1.10273
 1.09717 -19.6555  1.10288
 1.09732 -19.6498  1.10303
 1.09747 -19.6442  1.10318
 1.09762 -19.6386  1.10333
 1.09777 -19.6329  1.10348
 1.09792 -19.6273  1.10363
 1.09807 -19.6217  1.10363
 1.09822  -19.616  1.10378
 1.09837 -19.6104  1.10393
 1.09852 -19.6048  1.10408
 1.09867 -19.5991  1.10423
 1.09882 -19.5935  1.10438
 1.09897 -19.5879  1.10453
 1.09912 -19.5823  1.10453
 1.09927 -19.5766  1.10468
 1.09942  -19.571  1.10483
 1.09957 -19.5654  1.10498
 1.09972 -19.5598  1.10513
 1.09987 -19.5542  1.10528
 1.10003 -19.5486  1.10543
 1.10018  -19.543  1.10558
 1.10033 -19.5374  1.10558
 1.10048 -19.5318  1.10573
 1.10063 -19.5262  1.10588
 1.10078 -19.5206  1.10603
 1.10093  -19.515  1.10618
 1.10108 -19.5094  1.10633
 1.10123 -19.5038  1.10648
 1.10138 -19.4982  1.10648
 1.10153 -19.4926  1.10663
 1.10168 -19.4871  1.10678
 1.10183 -19.4815  1.10693
 1.10198 -19.4759  1.10708
 1.10213 -19.4703  1.10723
 1.10228 -19.4647  1.10738
 1.10243 -19.4592  1.10753
 1.10258 -19.4536  1.10753
 1.10273  -19.448  1.10768
 1.10288 -19.4425  1.10783
 1.10303 -19.4369  1.10798
 1.10318 -19.4313  1.10813
 1.10333 -19.4258  1.10828
 1.10348 -19.4202  1.10843
 1.10363 -19.4147  1.10843
 1.10378 -19.4091  1.10858
 1.10393 -19.4036  1.10873
 1.10408  -19.398  1.10888
 1.10423 -19.3925  1.10903
 1.10438 -19.3869  1.10918
 1.10453 -19.3814  1.10933
 1.10468 -19.3758  1.10948
 1.10483 -19.3703  1.10948
 1.10498 -19.3648  1.10963
 1.10513 -19.3592  1.10978
 1.10528 -19.3537  1.10993
 1.10543 -19.3482  1.11008
 1.10558 -19.3426  1.11023
 1.10573 -19.3371  1.11038
 1.10588 -19.3316  1.11038
 1.10603 -19.3261  1.11053
 1.10618 -19.3205  1.11068
 1.10633  -19.315  1.11083
 1.10648 -19.3095  1.11098
 1.10663  -19.304  1.11113
 1.10678 -19.2985  1.11128
 1.10693  -19.293  1.11143
 1.10708 -19.2875  1.11143
 1.10723  -19.282  1.11158
 1.10738 -19.2765  1.11173
 1.10753  -19.271  1.11188
 1.10768 -19.2655  1.11203
 1.10783   -19.26  1.11218
 1.10798 -19.2545  1.11233
 1.10813  -19.249  1.11233
 1.10828 -19.2435  1.11248
 1.10843  -19.238  1.11263
 1.10858 -19.2325  1.11278
 1.10873  -19.227  1.11293
 1.10888 -19.2215  1.11308
 1.10903 -19.2161  1.11323
 1.10918 -19.2106  1.11338
 1.10933 -19.2051  1.11338
 1.10948 -19.1996  1.11353
 1.10963 -19.1942  1.11368
 1.10978 -19.1887  1.11383
 1.10993 -19.1832  1.11398
 1.11008 -19.1778  1.11413
 1.11023 -19.1723  1.11428
 1.11038 -19.1668  1.11443
 1.11053 -19.1614  1.11443
 1.11068 -19.1559  1.11458
 1.11083 -19.1505  1.11473
 1.11098  -19.145  1.11488
 1.11113 -19.1396  1.11503
 1.11128 -19.1341  1.11518
 1.11143 -19.1287  1.11533
 1.11158 -19.1232  1.11533
 1.11173 -19.1178  1.11548
 1.11188 -19.1124  1.11563
 1.11203 -19.1069  1.11578
 1.11218 -19.1015  1.11593
 1.11233  -19.096  1.11608
 1.11248 -19.0906  1.11623
 1.11263 -19.0852  1.11623
 1.11278 -19.0798  1.11638
 1.11293 -19.0743  1.11653
 1.11308 -19.0689  1.11668
 1.11323 -19.0635  1.11683
 1.11338 -19.0581  1.11698
 1.11353 -19.0526  1.11713
 1.11368 -19.0472  1.11728
 1.11383 -19.0418  1.11728
 1.11398 -19.0364  1.11743
 1.11413  -19.031  1.11758
 1.11428 -19.0256  1.11773
 1.11443 -19.0202  1.11788
 1.11458 -19.0148  1.11803
 1.11473 -19.0094  1.11818
 1.11488  -19.004  1.11818
 1.11503 -18.9986  1.11833
 1.11518 -18.9932  1.11848
 1.11533 -18.9878  1.11863
 1.11548 -18.9824  1.11878
 1.11563  -18.977  1.11893
 1.11578 -18.9716  1.11908
 1.11593 -18.9662  1.11923
 1.11608 -18.9609  1.11923
 1.11623 -18.9555  1.11938
 1.11638 -18.9501  1.11953
 1.11653 -18.9447  1.11968
 1.11668 -18.9394  1.11983
 1.11683  -18.934  1.11998
 1.11698 -18.9286  1.12014
 1.11713 -18.9232  1.12029
 1.11728 -18.9179  1.12029
 1.11743 -18.9125  1.12044
 1.11758 -18.9072  1.12059
 1.11773 -18.9018  1.12074
 1.11788 -18.8964  1.12089
 1.11803 -18.8911  1.12104
 1.11818 -18.8857  1.12119
 1.11833 -18.8804  1.12119
 1.11848  -18.875  1.12134
 1.11863 -18.8697  1.12149
 1.11878 -18.8643  1.12164
 1.11893  -18.859  1.12179
 1.11908 -18.8536  1.12194
 1.11923 -18.8483  1.12209
 1.11938  -18.843  1.12224
 1.11953 -18.8376  1.12224
 1.11968 -18.8323  1.12239
 1.11983  -18.827  1.12254
 1.11998 -18.8216  1.12269
 1.12014 -18.8163  1.12284
 1.12029  -18.811  1.12299
 1.12044 -18.8057  1.12314
 1.12059 -18.8003  1.12314
 1.12074  -18.795  1.12329
 1.12089 -18.7897  1.12344
 1.12104 -18.7844  1.12359
 1.12119 -18.7791  1.12374
 1.12134 -18.7738  1.12389
 1.12149 -18.7684  1.12404
 1.12164 -18.7631  1.12404
 1.12179 -18.7578  1.12419
 1.12194 -18.7525  1.12434
 1.12209 -18.7472  1.12449
 1.12224 -18.7419  1.12464
 1.12239 -18.7366  1.12479
 1.12254 -18.7313  1.12494
 1.12269  -18.726  1.12509
 1.12284 -18.7208  1.12509
 1.12299 -18.7155  1.12524
 1.12314 -18.7102  1.12539
 1.12329 -18.7049  1.12554
 1.12344 -18.6996  1.12569
 1.12359 -18.6943  1.12584
 1.12374  -18.689  1.12599
 1.12389 -18.6838  1.12614
 1.12404 -18.6785  1.12614
 1.12419 -18.6732  1.12629
 1.12434 -18.6679  1.12644
 1.12449 -18.6627  1.12659
 1.12464 -18.6574  1.12674
 1.12479 -18.6521  1.12689
 1.12494 -18.6469  1.12704
 1.12509 -18.6416  1.12704
 1.12524 -18.6364  1.12719
 1.12539 -18.6311  1.12734
 1.12554 -18.6258  1.12749
 1.12569 -18.6206  1.12764
 1.12584 -18.6153  1.12779
 1.12599 -18.6101  1.12794
 1.12614 -18.6048  1.12794
 1.12629 -18.5996  1.12809
 1.12644 -18.5944  1.12824
 1.12659 -18.5891  1.12839
 1.12674 -18.5839  1.12854
 1.12689 -18.5786  1.12869
 1.12704 -18.5734  1.12884
 1.12719 -18.5682  1.12899
 1.12734 -18.5629  1.12899
 1.12749 -18.5577  1.12914
 1.12764 -18.5525  1.12929
 1.12779 -18.5472  1.12944
 1.12794  -18.542  1.12959
 1.12809 -18.5368  1.12974
 1.12824 -18.5316  1.12989
 1.12839 -18.5264  1.12989
 1.12854 -18.5211  1.13004
 1.12869 -18.5159  1.13019
 1.12884 -18.5107  1.13034
 1.12899 -18.5055  1.13049
 1.12914 -18.5003  1.13064
 1.12929 -18.4951  1.13079
 1.12944 -18.4899  1.13094
 1.12959 -18.4847  1.13094
 1.12974 -18.4795  1.13109
 1.12989 -18.4743  1.13124
 1.13004 -18.4691  1.13139
 1.13019 -18.4639  1.13154
 1.13034 -18.4587  1.13169
 1.13049 -18.4535  1.13184
 1.13064 -18.4483  1.13184
 1.13079 -18.4431  1.13199
 1.13094  -18.438  1.13214
 1.13109 -18.4328  1.13229
 1.13124 -18.4276  1.13244
 1.13139 -18.4224  1.13259
 1.13154 -18.4172  1.13274
 1.13169 -18.4121  1.13289
 1.13184 -18.4069  1.13289
 1.13199 -18.4017  1.13304
 1.13214 -18.3965  1.13319
 1.13229 -18.3914  1.13334
 1.13244 -18.3862  1.13349
 1.13259 -18.3811  1.13364
 1.13274 -18.3759  1.13379
 1.13289 -18.3707  1.13379
 1.13304 -18.3656  1.13394
 1.13319 -18.3604  1.13409
 1.13334 -18.3553  1.13424
 1.13349 -18.3501  1.13439
 1.13364  -18.345  1.13454
 1.13379 -18.3398  1.13469
 1.13394 -18.3347  1.13484
 1.13409 -18.3295  1.13484
 1.13424 -18.3244  1.13499
 1.13439 -18.3192  1.13514
 1.13454 -18.3141  1.13529
 1.13469  -18.309  1.13544
 1.13484 -18.3038  1.13559
 1.13499 -18.2987  1.13574
 1.13514 -18.2936  1.13574
 1.13529 -18.2884  1.13589
 1.13544 -18.2833  1.13604
 1.13559 -18.2782  1.13619
 1.13574 -18.2731  1.13634
 1.13589 -18.2679  1.13649
 1.13604 -18.2628  1.13664
 1.13619 -18.2577  1.13679
 1.13634 -18.2526  1.13679
 1.13649 -18.2475  1.13694
 1.13664 -18.2424  1.13709
 1.13679 -18.2373  1.13724
 1.13694 -18.2321  1.13739
 1.13709  -18.227  1.13754
 1.13724 -18.2219  1.13769
 1.13739 -18.2168  1.13769
 1.13754 -18.2117  1.13784
 1.13769 -18.2066  1.13799
 1.13784 -18.2015  1.13814
 1.13799 -18.1964  1.13829
 1.13814 -18.1914  1.13844
 1.13829 -18.1863  1.13859
 1.13844 -18.1812  1.13859
 1.13859 -18.1761  1.13874
 1.13874  -18.171  1.13889
 1.13889 -18.1659  1.13904
 1.13904 -18.1608  1.13919
 1.13919 -18.1558  1.13934
 1.13934 -18.1507  1.13949
 1.13949 -18.1456  1.13964
 1.13964 -18.1405  1.13964
 1.13979 -18.1355  1.13979
 1.13994 -18.1304  1.13994
  1.1401 -18.1253   1.1401
 1.14025 -18.1203  1.14025
  1.1404 -18.1152   1.1404
 1.14055 -18.1101  1.14055
  1.1407 -18.1051   1.1407
 1.14085    -18.1   1.1407
   1.141  -18.095  1.14085
 1.14115 -18.0899    1.141
  1.1413 -18.0849  1.14115
 1.14145 -18.0798   1.1413
  1.1416 -18.0748  1.14145
 1.14175 -18.0697   1.1416
  1.1419 -18.0647   1.1416
 1.14205 -18.0596  1.14175
  1.1422 -18.0546   1.1419
 1.14235 -18.0495  1.14205
  1.1425 -18.0445   1.1422
 1.14265 -18.0395  1.14235
  1.1428 -18.0344   1.1425
 1.14295 -18.0294   1.1425
  1.1431 -18.0244  1.14265
 1.14325 -18.0193   1.1428
  1.1434 -18.0143  1.14295
 1.14355 -18.0093   1.1431
  1.1437 -18.0043  1.14325
 1.14385 -17.9993   1.1434
   1.144 -17.9942  1.14355
 1.14415 -17.9892  1.14355
  1.1443 -17.9842   1.1437
 1.14445 -17.9792  1.14385
  1.1446 -17.9742    1.144
 1.14475 -17.9692  1.14415
  1.1449 -17.9642   1.1443
 1.14505 -17.9592  1.14445
  1.1452 -17.9542  1.14445
 1.14535 -17.9492   1.1446
  1.1455 -17.9442  1.14475
 1.14565 -17.9392   1.1449
  1.1458 -17.9342  1.14505
 1.14595 -17.9292   1.1452
  1.1461 -17.9242  1.14535
 1.14625 -17.9192   1.1455
  1.1464 -17.9142   1.1455
 1.14655 -17.9092  1.14565
  1.1467 -17.9042   1.1458
 1.14685 -17.8992  1.14595
   1.147 -17.8943   1.1461
 1.14715 -17.8893  1.14625
  1.1473 -17.8843   1.1464
 1.14745 -17.8793   1.1464
  1.1476 -17.8743  1.14655
 1.14775 -17.8694   1.1467
  1.1479 -17.8644  1.14685
 1.14805 -17.8594    1.147
  1.1482 -17.8545  1.14715
 1.14835 -17.8495   1.1473
  1.1485 -17.8445  1.14745
 1.14865 -17.8396  1.14745
  1.1488 -17.8346   1.1476
 1.14895 -17.8297  1.14775
  1.1491 -17.8247   1.1479
 1.14925 -17.8198  1.14805
  1.1494 -17.8148   1.1482
 1.14955 -17.8099  1.14835
  1.1497 -17.8049  1.14835
 1.14985    -17.8   1.1485
    1.15  -17.795  1.14865