 kgrid  ValNew  Policy 
    0.85 -72.9838 0.878064
 0.85015 -72.9708 0.878214
  0.8503 -72.9578 0.878364
 0.85045 -72.9448 0.878514
  0.8506 -72.9318 0.878664
 0.85075 -72.9188 0.878814
  0.8509 -72.9059 0.878964
0.851051 -72.8929 0.879115
0.851201 -72.8799 0.879265
0.851351  -72.867 0.879265
0.851501  -72.854 0.879415
0.851651 -72.8411 0.879565
0.851801 -72.8282 0.879715
0.851951 -72.8152 0.879865
0.852101 -72.8023 0.880015
0.852251 -72.7894 0.880165
0.852401 -72.7765 0.880315
0.852551 -72.7636 0.880465
0.852701 -72.7507 0.880465
0.852851 -72.7378 0.880615
0.853002 -72.7249 0.880765
0.853152  -72.712 0.880915
0.853302 -72.6991 0.881066
0.853452 -72.6862 0.881216
0.853602 -72.6734 0.881366
0.853752 -72.6605 0.881516
0.853902 -72.6477 0.881666
0.854052 -72.6348 0.881666
0.854202  -72.622 0.881816
0.854352 -72.6091 0.881966
0.854502 -72.5963 0.882116
0.854652 -72.5835 0.882266
0.854802 -72.5706 0.882416
0.854952 -72.5578 0.882566
0.855103  -72.545 0.882716
0.855253 -72.5322 0.882866
0.855403 -72.5194 0.883017
0.855553 -72.5066 0.883017
0.855703 -72.4938 0.883167
0.855853  -72.481 0.883317
0.856003 -72.4683 0.883467
0.856153 -72.4555 0.883617
0.856303 -72.4427 0.883767
0.856453   -72.43 0.883917
0.856603 -72.4172 0.884067
0.856753 -72.4045 0.884217
0.856903 -72.3917 0.884367
0.857054  -72.379 0.884367
0.857204 -72.3662 0.884517
0.857354 -72.3535 0.884667
0.857504 -72.3408 0.884817
0.857654 -72.3281 0.884967
0.857804 -72.3154 0.885118
0.857954 -72.3026 0.885268
0.858104 -72.2899 0.885418
0.858254 -72.2772 0.885568
0.858404 -72.2646 0.885718
0.858554 -72.2519 0.885718
0.858704 -72.2392 0.885868
0.858854 -72.2265 0.886018
0.859005 -72.2138 0.886168
0.859155 -72.2012 0.886318
0.859305 -72.1885 0.886468
0.859455 -72.1759 0.886618
0.859605 -72.1632 0.886768
0.859755 -72.1506 0.886918
0.859905 -72.1379 0.887069
0.860055 -72.1253 0.887069
0.860205 -72.1127 0.887219
0.860355 -72.1001 0.887369
0.860505 -72.0874 0.887519
0.860655 -72.0748 0.887669
0.860805 -72.0622 0.887819
0.860955 -72.0496 0.887969
0.861106  -72.037 0.888119
0.861256 -72.0244 0.888269
0.861406 -72.0119 0.888419
0.861556 -71.9993 0.888419
0.861706 -71.9867 0.888569
0.861856 -71.9741 0.888719
0.862006 -71.9616 0.888869
0.862156  -71.949  0.88902
0.862306 -71.9365  0.88917
0.862456 -71.9239  0.88932
0.862606 -71.9114  0.88947
0.862756 -71.8988  0.88962
0.862906 -71.8863  0.88977
0.863057 -71.8738  0.88992
0.863207 -71.8613  0.88992
0.863357 -71.8487  0.89007
0.863507 -71.8362  0.89022
0.863657 -71.8237  0.89037
0.863807 -71.8112  0.89052
0.863957 -71.7987  0.89067
0.864107 -71.7862  0.89082
0.864257 -71.7737  0.89097
0.864407 -71.7613 0.891121
0.864557 -71.7488 0.891271
0.864707 -71.7363 0.891271
0.864857 -71.7238 0.891421
0.865008 -71.7114 0.891571
0.865158 -71.6989 0.891721
0.865308 -71.6865 0.891871
0.865458  -71.674 0.892021
0.865608 -71.6616 0.892171
0.865758 -71.6492 0.892321
0.865908 -71.6367 0.892471
0.866058 -71.6243 0.892621
0.866208 -71.6119 0.892771
0.866358 -71.5995 0.892771
0.866508 -71.5871 0.892921
0.866658 -71.5747 0.893072
0.866808 -71.5623 0.893222
0.866958 -71.5499 0.893372
0.867109 -71.5375 0.893522
0.867259 -71.5251 0.893672
0.867409 -71.5127 0.893822
0.867559 -71.5003 0.893972
0.867709  -71.488 0.894122
0.867859 -71.4756 0.894272
0.868009 -71.4633 0.894272
0.868159 -71.4509 0.894422
0.868309 -71.4385 0.894572
0.868459 -71.4262 0.894722
0.868609 -71.4139 0.894872
0.868759 -71.4015 0.895023
0.868909 -71.3892 0.895173
 0.86906 -71.3769 0.895323
 0.86921 -71.3646 0.895473
 0.86936 -71.3522 0.895623
 0.86951 -71.3399 0.895773
 0.86966 -71.3276 0.895773
 0.86981 -71.3153 0.895923
 0.86996  -71.303 0.896073
 0.87011 -71.2907 0.896223
 0.87026 -71.2785 0.896373
 0.87041 -71.2662 0.896523
 0.87056 -71.2539 0.896673
 0.87071 -71.2416 0.896823
 0.87086 -71.2294 0.896973
0.871011 -71.2171 0.897124
0.871161 -71.2048 0.897274
0.871311 -71.1926 0.897424
0.871461 -71.1804 0.897424
0.871611 -71.1681 0.897574
0.871761 -71.1559 0.897724
0.871911 -71.1436 0.897874
0.872061 -71.1314 0.898024
0.872211 -71.1192 0.898174
0.872361  -71.107 0.898324
0.872511 -71.0948 0.898474
0.872661 -71.0826 0.898624
0.872811 -71.0704 0.898774
0.872961 -71.0582 0.898924
0.873112  -71.046 0.898924
0.873262 -71.0338 0.899075
0.873412 -71.0216 0.899225
0.873562 -71.0094 0.899375
0.873712 -70.9972 0.899525
0.873862 -70.9851 0.899675
0.874012 -70.9729 0.899825
0.874162 -70.9607 0.899975
0.874312 -70.9486 0.900125
0.874462 -70.9364 0.900275
0.874612 -70.9243 0.900425
0.874762 -70.9121 0.900575
0.874912    -70.9 0.900725
0.875063 -70.8879 0.900875
0.875213 -70.8757 0.900875
0.875363 -70.8636 0.901026
0.875513 -70.8515 0.901176
0.875663 -70.8394 0.901326
0.875813 -70.8273 0.901476
0.875963 -70.8152 0.901626
0.876113 -70.8031 0.901776
0.876263  -70.791 0.901926
0.876413 -70.7789 0.902076
0.876563 -70.7668 0.902226
0.876713 -70.7547 0.902376
0.876863 -70.7426 0.902526
0.877014 -70.7305 0.902676
0.877164 -70.7185 0.902826
0.877314 -70.7064 0.902826
0.877464 -70.6943 0.902976
0.877614 -70.6823 0.903127
0.877764 -70.6702 0.903277
0.877914 -70.6582 0.903427
0.878064 -70.6461 0.903577
0.878214 -70.6341 0.903727
0.878364  -70.622 0.903877
0.878514   -70.61 0.904027
0.878664  -70.598 0.904177
0.878814 -70.5859 0.904327
0.878964 -70.5739 0.904477
0.879115 -70.5619 0.904627
0.879265 -70.5499 0.904777
0.879415 -70.5379 0.904927
0.879565 -70.5259 0.904927
0.879715 -70.5139 0.905078
0.879865 -70.5019 0.905228
0.880015 -70.4899 0.905378
0.880165 -70.4779 0.905528
0.880315 -70.4659 0.905678
0.880465  -70.454 0.905828
0.880615  -70.442 0.905978
0.880765   -70.43 0.906128
0.880915 -70.4181 0.906278
0.881066 -70.4061 0.906428
0.881216 -70.3941 0.906578
0.881366 -70.3822 0.906728
0.881516 -70.3702 0.906878
0.881666 -70.3583 0.907029
0.881816 -70.3464 0.907029
0.881966 -70.3344 0.907179
0.882116 -70.3225 0.907329
0.882266 -70.3106 0.907479
0.882416 -70.2986 0.907629
0.882566 -70.2867 0.907779
0.882716 -70.2748 0.907929
0.882866 -70.2629 0.908079
0.883017  -70.251 0.908229
0.883167 -70.2391 0.908379
0.883317 -70.2272 0.908529
0.883467 -70.2153 0.908679
0.883617 -70.2034 0.908829
0.883767 -70.1915 0.908979
0.883917 -70.1797  0.90913
0.884067 -70.1678  0.90913
0.884217 -70.1559  0.90928
0.884367 -70.1441  0.90943
0.884517 -70.1322  0.90958
0.884667 -70.1203  0.90973
0.884817 -70.1085  0.90988
0.884967 -70.0966  0.91003
0.885118 -70.0848  0.91018
0.885268 -70.0729  0.91033
0.885418 -70.0611  0.91048
0.885568 -70.0493  0.91063
0.885718 -70.0374  0.91078
0.885868 -70.0256  0.91093
0.886018 -70.0138 0.911081
0.886168  -70.002 0.911231
0.886318 -69.9902 0.911381
0.886468 -69.9784 0.911381
0.886618 -69.9665 0.911531
0.886768 -69.9547 0.911681
0.886918 -69.9429 0.911831
0.887069 -69.9312 0.911981
0.887219 -69.9194 0.912131
0.887369 -69.9076 0.912281
0.887519 -69.8958 0.912431
0.887669  -69.884 0.912581
0.887819 -69.8723 0.912731
0.887969 -69.8605 0.912881
0.888119 -69.8487 0.913032
0.888269  -69.837 0.913182
0.888419 -69.8252 0.913332
0.888569 -69.8135 0.913482
0.888719 -69.8017 0.913632
0.888869   -69.79 0.913782
 0.88902 -69.7782 0.913782
 0.88917 -69.7665 0.913932
 0.88932 -69.7547 0.914082
 0.88947  -69.743 0.914232
 0.88962 -69.7313 0.914382
 0.88977 -69.7196 0.914532
 0.88992 -69.7079 0.914682
 0.89007 -69.6961 0.914832
 0.89022 -69.6844 0.914982
 0.89037 -69.6727 0.915133
 0.89052  -69.661 0.915283
 0.89067 -69.6493 0.915433
 0.89082 -69.6376 0.915583
 0.89097  -69.626 0.915733
0.891121 -69.6143 0.915883
0.891271 -69.6026 0.916033
0.891421 -69.5909 0.916183
0.891571 -69.5792 0.916183
0.891721 -69.5676 0.916333
0.891871 -69.5559 0.916483
0.892021 -69.5442 0.916633
0.892171 -69.5326 0.916783
0.892321 -69.5209 0.916933
0.892471 -69.5093 0.917084
0.892621 -69.4976 0.917234
0.892771  -69.486 0.917384
0.892921 -69.4744 0.917534
0.893072 -69.4627 0.917684
0.893222 -69.4511 0.917834
0.893372 -69.4395 0.917984
0.893522 -69.4279 0.918134
0.893672 -69.4162 0.918284
0.893822 -69.4046 0.918434
0.893972  -69.393 0.918584
0.894122 -69.3814 0.918584
0.894272 -69.3698 0.918734
0.894422 -69.3582 0.918884
0.894572 -69.3466 0.919035
0.894722  -69.335 0.919185
0.894872 -69.3234 0.919335
0.895023 -69.3119 0.919485
0.895173 -69.3003 0.919635
0.895323 -69.2887 0.919785
0.895473 -69.2771 0.919935
0.895623 -69.2656 0.920085
0.895773  -69.254 0.920235
0.895923 -69.2424 0.920385
0.896073 -69.2309 0.920535
0.896223 -69.2193 0.920685
0.896373 -69.2078 0.920835
0.896523 -69.1962 0.920985
0.896673 -69.1847 0.921136
0.896823 -69.1732 0.921136
0.896973 -69.1616 0.921286
0.897124 -69.1501 0.921436
0.897274 -69.1386 0.921586
0.897424 -69.1271 0.921736
0.897574 -69.1155 0.921886
0.897724  -69.104 0.922036
0.897874 -69.0925 0.922186
0.898024  -69.081 0.922336
0.898174 -69.0695 0.922486
0.898324  -69.058 0.922636
0.898474 -69.0465 0.922786
0.898624  -69.035 0.922936
0.898774 -69.0235 0.923087
0.898924 -69.0121 0.923237
0.899075 -69.0006 0.923387
0.899225 -68.9891 0.923537
0.899375 -68.9776 0.923687
0.899525 -68.9662 0.923687
0.899675 -68.9547 0.923837
0.899825 -68.9433 0.923987
0.899975 -68.9318 0.924137
0.900125 -68.9203 0.924287
0.900275 -68.9089 0.924437
0.900425 -68.8974 0.924587
0.900575  -68.886 0.924737
0.900725 -68.8746 0.924887
0.900875 -68.8631 0.925038
0.901026 -68.8517 0.925188
0.901176 -68.8403 0.925338
0.901326 -68.8289 0.925488
0.901476 -68.8174 0.925638
0.901626  -68.806 0.925788
0.901776 -68.7946 0.925938
0.901926 -68.7832 0.926088
0.902076 -68.7718 0.926238
0.902226 -68.7604 0.926238
0.902376  -68.749 0.926388
0.902526 -68.7376 0.926538
0.902676 -68.7262 0.926688
0.902826 -68.7148 0.926838
0.902976 -68.7035 0.926988
0.903127 -68.6921 0.927139
0.903277 -68.6807 0.927289
0.903427 -68.6693 0.927439
0.903577  -68.658 0.927589
0.903727 -68.6466 0.927739
0.903877 -68.6353 0.927889
0.904027 -68.6239 0.928039
0.904177 -68.6126 0.928189
0.904327 -68.6012 0.928339
0.904477 -68.5899 0.928489
0.904627 -68.5785 0.928639
0.904777 -68.5672 0.928789
0.904927 -68.5559 0.928789
0.905078 -68.5445 0.928939
0.905228 -68.5332  0.92909
0.905378 -68.5219  0.92924
0.905528 -68.5106  0.92939
0.905678 -68.4992  0.92954
0.905828 -68.4879  0.92969
0.905978 -68.4766  0.92984
0.906128 -68.4653  0.92999
0.906278  -68.454  0.93014
0.906428 -68.4427  0.93029
0.906578 -68.4314  0.93044
0.906728 -68.4201  0.93059
0.906878 -68.4089  0.93074
0.907029 -68.3976  0.93089
0.907179 -68.3863 0.931041
0.907329  -68.375 0.931191
0.907479 -68.3638 0.931341
0.907629 -68.3525 0.931491
0.907779 -68.3412 0.931641
0.907929   -68.33 0.931641
0.908079 -68.3187 0.931791
0.908229 -68.3075 0.931941
0.908379 -68.2962 0.932091
0.908529  -68.285 0.932241
0.908679 -68.2737 0.932391
0.908829 -68.2625 0.932541
0.908979 -68.2512 0.932691
 0.90913   -68.24 0.932841
 0.90928 -68.2288 0.932991
 0.90943 -68.2176 0.933142
 0.90958 -68.2063 0.933292
 0.90973 -68.1951 0.933442
 0.90988 -68.1839 0.933592
 0.91003 -68.1727 0.933742
 0.91018 -68.1615 0.933892
 0.91033 -68.1503 0.934042
 0.91048 -68.1391 0.934192
 0.91063 -68.1279 0.934342
 0.91078 -68.1167 0.934492
 0.91093 -68.1055 0.934492
0.911081 -68.0943 0.934642
0.911231 -68.0832 0.934792
0.911381  -68.072 0.934942
0.911531 -68.0608 0.935093
0.911681 -68.0496 0.935243
0.911831 -68.0385 0.935393
0.911981 -68.0273 0.935543
0.912131 -68.0161 0.935693
0.912281  -68.005 0.935843
0.912431 -67.9938 0.935993
0.912581 -67.9827 0.936143
0.912731 -67.9715 0.936293
0.912881 -67.9604 0.936443
0.913032 -67.9493 0.936593
0.913182 -67.9381 0.936743
0.913332  -67.927 0.936893
0.913482 -67.9159 0.937044
0.913632 -67.9047 0.937194
0.913782 -67.8936 0.937344
0.913932 -67.8825 0.937344
0.914082 -67.8714 0.937494
0.914232 -67.8603 0.937644
0.914382 -67.8492 0.937794
0.914532 -67.8381 0.937944
0.914682  -67.827 0.938094
0.914832 -67.8159 0.938244
0.914982 -67.8048 0.938394
0.915133 -67.7937 0.938544
0.915283 -67.7826 0.938694
0.915433 -67.7715 0.938844
0.915583 -67.7604 0.938994
0.915733 -67.7493 0.939145
0.915883 -67.7383 0.939295
0.916033 -67.7272 0.939445
0.916183 -67.7161 0.939595
0.916333 -67.7051 0.939745
0.916483  -67.694 0.939895
0.916633  -67.683 0.940045
0.916783 -67.6719 0.940195
0.916933 -67.6609 0.940345
0.917084 -67.6498 0.940345
0.917234 -67.6388 0.940495
0.917384 -67.6277 0.940645
0.917534 -67.6167 0.940795
0.917684 -67.6057 0.940945
0.917834 -67.5946 0.941096
0.917984 -67.5836 0.941246
0.918134 -67.5726 0.941396
0.918284 -67.5616 0.941546
0.918434 -67.5506 0.941696
0.918584 -67.5396 0.941846
0.918734 -67.5285 0.941996
0.918884 -67.5175 0.942146
0.919035 -67.5065 0.942296
0.919185 -67.4955 0.942446
0.919335 -67.4846 0.942596
0.919485 -67.4736 0.942746
0.919635 -67.4626 0.942896
0.919785 -67.4516 0.943047
0.919935 -67.4406 0.943197
0.920085 -67.4296 0.943347
0.920235 -67.4187 0.943347
0.920385 -67.4077 0.943497
0.920535 -67.3967 0.943647
0.920685 -67.3858 0.943797
0.920835 -67.3748 0.943947
0.920985 -67.3638 0.944097
0.921136 -67.3529 0.944247
0.921286 -67.3419 0.944397
0.921436  -67.331 0.944547
0.921586 -67.3201 0.944697
0.921736 -67.3091 0.944847
0.921886 -67.2982 0.944997
0.922036 -67.2872 0.945148
0.922186 -67.2763 0.945298
0.922336 -67.2654 0.945448
0.922486 -67.2545 0.945598
0.922636 -67.2436 0.945748
0.922786 -67.2326 0.945898
0.922936 -67.2217 0.946048
0.923087 -67.2108 0.946198
0.923237 -67.1999 0.946348
0.923387  -67.189 0.946498
0.923537 -67.1781 0.946498
0.923687 -67.1672 0.946648
0.923837 -67.1563 0.946798
0.923987 -67.1454 0.946948
0.924137 -67.1345 0.947099
0.924287 -67.1237 0.947249
0.924437 -67.1128 0.947399
0.924587 -67.1019 0.947549
0.924737  -67.091 0.947699
0.924887 -67.0802 0.947849
0.925038 -67.0693 0.947999
0.925188 -67.0584 0.948149
0.925338 -67.0476 0.948299
0.925488 -67.0367 0.948449
0.925638 -67.0259 0.948599
0.925788  -67.015 0.948749
0.925938 -67.0042 0.948899
0.926088 -66.9933  0.94905
0.926238 -66.9825   0.9492
0.926388 -66.9717  0.94935
0.926538 -66.9608   0.9495
0.926688   -66.95  0.94965
0.926838 -66.9392  0.94965
0.926988 -66.9283   0.9498
0.927139 -66.9175  0.94995
0.927289 -66.9067   0.9501
0.927439 -66.8959  0.95025
0.927589 -66.8851   0.9504
0.927739 -66.8743  0.95055
0.927889 -66.8635   0.9507
0.928039 -66.8527  0.95085
0.928189 -66.8419 0.951001
0.928339 -66.8311 0.951151
0.928489 -66.8203 0.951301
0.928639 -66.8095 0.951451
0.928789 -66.7987 0.951601
0.928939 -66.7879 0.951751
 0.92909 -66.7772 0.951901
 0.92924 -66.7664 0.952051
 0.92939 -66.7556 0.952201
 0.92954 -66.7449 0.952351
 0.92969 -66.7341 0.952501
 0.92984 -66.7233 0.952651
 0.92999 -66.7126 0.952801
 0.93014 -66.7018 0.952801
 0.93029 -66.6911 0.952951
 0.93044 -66.6803 0.953102
 0.93059 -66.6696 0.953252
 0.93074 -66.6588 0.953402
 0.93089 -66.6481 0.953552
0.931041 -66.6374 0.953702
0.931191 -66.6266 0.953852
0.931341 -66.6159 0.954002
0.931491 -66.6052 0.954152
0.931641 -66.5945 0.954302
0.931791 -66.5837 0.954452
0.931941  -66.573 0.954602
0.932091 -66.5623 0.954752
0.932241 -66.5516 0.954902
0.932391 -66.5409 0.955053
0.932541 -66.5302 0.955203
0.932691 -66.5195 0.955353
0.932841 -66.5088 0.955503
0.932991 -66.4981 0.955653
0.933142 -66.4874 0.955803
0.933292 -66.4767 0.955953
0.933442  -66.466 0.955953
0.933592 -66.4554 0.956103
0.933742 -66.4447 0.956253
0.933892  -66.434 0.956403
0.934042 -66.4233 0.956553
0.934192 -66.4127 0.956703
0.934342  -66.402 0.956853
0.934492 -66.3914 0.957004
0.934642 -66.3807 0.957154
0.934792   -66.37 0.957304
0.934942 -66.3594 0.957454
0.935093 -66.3487 0.957604
0.935243 -66.3381 0.957754
0.935393 -66.3275 0.957904
0.935543 -66.3168 0.958054
0.935693 -66.3062 0.958204
0.935843 -66.2956 0.958354
0.935993 -66.2849 0.958504
0.936143 -66.2743 0.958654
0.936293 -66.2637 0.958804
0.936443 -66.2531 0.958954
0.936593 -66.2424 0.959105
0.936743 -66.2318 0.959255
0.936893 -66.2212 0.959255
0.937044 -66.2106 0.959405
0.937194    -66.2 0.959555
0.937344 -66.1894 0.959705
0.937494 -66.1788 0.959855
0.937644 -66.1682 0.960005
0.937794 -66.1576 0.960155
0.937944  -66.147 0.960305
0.938094 -66.1365 0.960455
0.938244 -66.1259 0.960605
0.938394 -66.1153 0.960755
0.938544 -66.1047 0.960905
0.938694 -66.0942 0.961056
0.938844 -66.0836 0.961206
0.938994  -66.073 0.961356
0.939145 -66.0625 0.961506
0.939295 -66.0519 0.961656
0.939445 -66.0413 0.961806
0.939595 -66.0308 0.961956
0.939745 -66.0202 0.962106
0.939895 -66.0097 0.962256
0.940045 -65.9992 0.962406
0.940195 -65.9886 0.962556
0.940345 -65.9781 0.962556
0.940495 -65.9675 0.962706
0.940645  -65.957 0.962856
0.940795 -65.9465 0.963007
0.940945  -65.936 0.963157
0.941096 -65.9254 0.963307
0.941246 -65.9149 0.963457
0.941396 -65.9044 0.963607
0.941546 -65.8939 0.963757
0.941696 -65.8834 0.963907
0.941846 -65.8729 0.964057
0.941996 -65.8624 0.964207
0.942146 -65.8519 0.964357
0.942296 -65.8414 0.964507
0.942446 -65.8309 0.964657
0.942596 -65.8204 0.964807
0.942746 -65.8099 0.964957
0.942896 -65.7994 0.965108
0.943047 -65.7889 0.965258
0.943197 -65.7785 0.965408
0.943347  -65.768 0.965558
0.943497 -65.7575 0.965708
0.943647 -65.7471 0.965858
0.943797 -65.7366 0.965858
0.943947 -65.7261 0.966008
0.944097 -65.7157 0.966158
0.944247 -65.7052 0.966308
0.944397 -65.6948 0.966458
0.944547 -65.6843 0.966608
0.944697 -65.6739 0.966758
0.944847 -65.6634 0.966908
0.944997  -65.653 0.967059
0.945148 -65.6425 0.967209
0.945298 -65.6321 0.967359
0.945448 -65.6217 0.967509
0.945598 -65.6112 0.967659
0.945748 -65.6008 0.967809
0.945898 -65.5904 0.967959
0.946048   -65.58 0.968109
0.946198 -65.5696 0.968259
0.946348 -65.5591 0.968409
0.946498 -65.5487 0.968559
0.946648 -65.5383 0.968709
0.946798 -65.5279 0.968859
0.946948 -65.5175  0.96901
0.947099 -65.5071  0.96916
0.947249 -65.4967  0.96916
0.947399 -65.4863  0.96931
0.947549  -65.476  0.96946
0.947699 -65.4656  0.96961
0.947849 -65.4552  0.96976
0.947999 -65.4448  0.96991
0.948149 -65.4344  0.97006
0.948299 -65.4241  0.97021
0.948449 -65.4137  0.97036
0.948599 -65.4033  0.97051
0.948749 -65.3929  0.97066
0.948899 -65.3826  0.97081
 0.94905 -65.3722  0.97096
  0.9492 -65.3619 0.971111
 0.94935 -65.3515 0.971261
  0.9495 -65.3412 0.971411
 0.94965 -65.3308 0.971561
  0.9498 -65.3205 0.971711
 0.94995 -65.3101 0.971861
  0.9501 -65.2998 0.972011
 0.95025 -65.2895 0.972161
  0.9504 -65.2791 0.972311
 0.95055 -65.2688 0.972461
  0.9507 -65.2585 0.972611
 0.95085 -65.2482 0.972611
0.951001 -65.2378 0.972761
0.951151 -65.2275 0.972911
0.951301 -65.2172 0.973062
0.951451 -65.2069 0.973212
0.951601 -65.1966 0.973362
0.951751 -65.1863 0.973512
0.951901  -65.176 0.973662
0.952051 -65.1657 0.973812
0.952201 -65.1554 0.973962
0.952351 -65.1451 0.974112
0.952501 -65.1348 0.974262
0.952651 -65.1245 0.974412
0.952801 -65.1143 0.974562
0.952951  -65.104 0.974712
0.953102 -65.0937 0.974862
0.953252 -65.0834 0.975013
0.953402 -65.0732 0.975163
0.953552 -65.0629 0.975313
0.953702 -65.0526 0.975463
0.953852 -65.0424 0.975613
0.954002 -65.0321 0.975763
0.954152 -65.0218 0.975913
0.954302 -65.0116 0.976063
0.954452 -65.0013 0.976063
0.954602 -64.9911 0.976213
0.954752 -64.9809 0.976363
0.954902 -64.9706 0.976513
0.955053 -64.9604 0.976663
0.955203 -64.9501 0.976813
0.955353 -64.9399 0.976963
0.955503 -64.9297 0.977114
0.955653 -64.9194 0.977264
0.955803 -64.9092 0.977414
0.955953  -64.899 0.977564
0.956103 -64.8888 0.977714
0.956253 -64.8786 0.977864
0.956403 -64.8684 0.978014
0.956553 -64.8582 0.978164
0.956703 -64.8479 0.978314
0.956853 -64.8377 0.978464
0.957004 -64.8275 0.978614
0.957154 -64.8173 0.978764
0.957304 -64.8072 0.978914
0.957454  -64.797 0.979065
0.957604 -64.7868 0.979215
0.957754 -64.7766 0.979365
0.957904 -64.7664 0.979515
0.958054 -64.7562 0.979515
0.958204 -64.7461 0.979665
0.958354 -64.7359 0.979815
0.958504 -64.7257 0.979965
0.958654 -64.7155 0.980115
0.958804 -64.7054 0.980265
0.958954 -64.6952 0.980415
0.959105 -64.6851 0.980565
0.959255 -64.6749 0.980715
0.959405 -64.6648 0.980865
0.959555 -64.6546 0.981016
0.959705 -64.6445 0.981166
0.959855 -64.6343 0.981316
0.960005 -64.6242 0.981466
0.960155  -64.614 0.981616
0.960305 -64.6039 0.981766
0.960455 -64.5938 0.981916
0.960605 -64.5836 0.982066
0.960755 -64.5735 0.982216
0.960905 -64.5634 0.982366
0.961056 -64.5533 0.982516
0.961206 -64.5432 0.982666
0.961356  -64.533 0.982816
0.961506 -64.5229 0.982816
0.961656 -64.5128 0.982966
0.961806 -64.5027 0.983117
0.961956 -64.4926 0.983267
0.962106 -64.4825 0.983417
0.962256 -64.4724 0.983567
0.962406 -64.4623 0.983717
0.962556 -64.4522 0.983867
0.962706 -64.4421 0.984017
0.962856 -64.4321 0.984167
0.963007  -64.422 0.984317
0.963157 -64.4119 0.984467
0.963307 -64.4018 0.984617
0.963457 -64.3917 0.984767
0.963607 -64.3817 0.984917
0.963757 -64.3716 0.985068
0.963907 -64.3615 0.985218
0.964057 -64.3515 0.985368
0.964207 -64.3414 0.985518
0.964357 -64.3314 0.985668
0.964507 -64.3213 0.985818
0.964657 -64.3113 0.985968
0.964807 -64.3012 0.986118
0.964957 -64.2912 0.986268
0.965108 -64.2811 0.986418
0.965258 -64.2711 0.986418
0.965408  -64.261 0.986568
0.965558  -64.251 0.986718
0.965708  -64.241 0.986868
0.965858  -64.231 0.987019
0.966008 -64.2209 0.987169
0.966158 -64.2109 0.987319
0.966308 -64.2009 0.987469
0.966458 -64.1909 0.987619
0.966608 -64.1809 0.987769
0.966758 -64.1708 0.987919
0.966908 -64.1608 0.988069
0.967059 -64.1508 0.988219
0.967209 -64.1408 0.988369
0.967359 -64.1308 0.988519
0.967509 -64.1208 0.988669
0.967659 -64.1108 0.988819
0.967809 -64.1009 0.988969
0.967959 -64.0909  0.98912
0.968109 -64.0809  0.98927
0.968259 -64.0709  0.98942
0.968409 -64.0609  0.98957
0.968559 -64.0509  0.98972
0.968709  -64.041  0.98972
0.968859  -64.031  0.98987
 0.96901  -64.021  0.99002
 0.96916 -64.0111  0.99017
 0.96931 -64.0011  0.99032
 0.96946 -63.9912  0.99047
 0.96961 -63.9812  0.99062
 0.96976 -63.9712  0.99077
 0.96991 -63.9613  0.99092
 0.97006 -63.9513 0.991071
 0.97021 -63.9414 0.991221
 0.97036 -63.9315 0.991371
 0.97051 -63.9215 0.991521
 0.97066 -63.9116 0.991671
 0.97081 -63.9016 0.991821
 0.97096 -63.8917 0.991971
0.971111 -63.8818 0.992121
0.971261 -63.8719 0.992271
0.971411 -63.8619 0.992421
0.971561  -63.852 0.992571
0.971711 -63.8421 0.992721
0.971861 -63.8322 0.992871
0.972011 -63.8223 0.993022
0.972161 -63.8124 0.993172
0.972311 -63.8025 0.993322
0.972461 -63.7926 0.993322
0.972611 -63.7827 0.993472
0.972761 -63.7728 0.993622
0.972911 -63.7629 0.993772
0.973062  -63.753 0.993922
0.973212 -63.7431 0.994072
0.973362 -63.7332 0.994222
0.973512 -63.7233 0.994372
0.973662 -63.7134 0.994522
0.973812 -63.7036 0.994672
0.973962 -63.6937 0.994822
0.974112 -63.6838 0.994972
0.974262  -63.674 0.995123
0.974412 -63.6641 0.995273
0.974562 -63.6542 0.995423
0.974712 -63.6444 0.995573
0.974862 -63.6345 0.995723
0.975013 -63.6247 0.995873
0.975163 -63.6148 0.996023
0.975313  -63.605 0.996173
0.975463 -63.5951 0.996323
0.975613 -63.5853 0.996473
0.975763 -63.5754 0.996623
0.975913 -63.5656 0.996773
0.976063 -63.5558 0.996773
0.976213 -63.5459 0.996923
0.976363 -63.5361 0.997074
0.976513 -63.5263 0.997224
0.976663 -63.5164 0.997374
0.976813 -63.5066 0.997524
0.976963 -63.4968 0.997674
0.977114  -63.487 0.997824
0.977264 -63.4772 0.997974
0.977414 -63.4674 0.998124
0.977564 -63.4576 0.998274
0.977714 -63.4477 0.998424
0.977864 -63.4379 0.998574
0.978014 -63.4281 0.998724
0.978164 -63.4183 0.998874
0.978314 -63.4086 0.999025
0.978464 -63.3988 0.999175
0.978614  -63.389 0.999325
0.978764 -63.3792 0.999475
0.978914 -63.3694 0.999625
0.979065 -63.3596 0.999775
0.979215 -63.3499 0.999925
0.979365 -63.3401  1.00008
0.979515 -63.3303  1.00023
0.979665 -63.3205  1.00023
0.979815 -63.3108  1.00038
0.979965  -63.301  1.00053
0.980115 -63.2913  1.00068
0.980265 -63.2815  1.00083
0.980415 -63.2717  1.00098
0.980565  -63.262  1.00113
0.980715 -63.2522  1.00128
0.980865 -63.2425  1.00143
0.981016 -63.2327  1.00158
0.981166  -63.223  1.00173
0.981316 -63.2133  1.00188
0.981466 -63.2035  1.00203
0.981616 -63.1938  1.00218
0.981766 -63.1841  1.00233
0.981916 -63.1743  1.00248
0.982066 -63.1646  1.00263
0.982216 -63.1549  1.00278
0.982366 -63.1452  1.00293
0.982516 -63.1355  1.00308
0.982666 -63.1258  1.00323
0.982816  -63.116  1.00338
0.982966 -63.1063  1.00353
0.983117 -63.0966  1.00368
0.983267 -63.0869  1.00368
0.983417 -63.0772  1.00383
0.983567 -63.0675  1.00398
0.983717 -63.0578  1.00413
0.983867 -63.0481  1.00428
0.984017 -63.0385  1.00443
0.984167 -63.0288  1.00458
0.984317 -63.0191  1.00473
0.984467 -63.0094  1.00488
0.984617 -62.9997  1.00503
0.984767   -62.99  1.00518
0.984917 -62.9804  1.00533
0.985068 -62.9707  1.00548
0.985218  -62.961  1.00563
0.985368 -62.9514  1.00578
0.985518 -62.9417  1.00593
0.985668 -62.9321  1.00608
0.985818 -62.9224  1.00623
0.985968 -62.9127  1.00638
0.986118 -62.9031  1.00653
0.986268 -62.8934  1.00668
0.986418 -62.8838  1.00683
0.986568 -62.8742  1.00698
0.986718 -62.8645  1.00713
0.986868 -62.8549  1.00713
0.987019 -62.8452  1.00728
0.987169 -62.8356  1.00743
0.987319  -62.826  1.00758
0.987469 -62.8164  1.00773
0.987619 -62.8067  1.00788
0.987769 -62.7971  1.00803
0.987919 -62.7875  1.00818
0.988069 -62.7779  1.00833
0.988219 -62.7683  1.00848
0.988369 -62.7587  1.00863
0.988519 -62.7491  1.00878
0.988669 -62.7394  1.00893
0.988819 -62.7298  1.00908
0.988969 -62.7202  1.00923
 0.98912 -62.7106  1.00938
 0.98927 -62.7011  1.00953
 0.98942 -62.6915  1.00968
 0.98957 -62.6819  1.00983
 0.98972 -62.6723  1.00998
 0.98987 -62.6627  1.01013
 0.99002 -62.6531  1.01028
 0.99017 -62.6435  1.01043
 0.99032  -62.634  1.01058
 0.99047 -62.6244  1.01058
 0.99062 -62.6148  1.01073
 0.99077 -62.6053  1.01088
 0.99092 -62.5957  1.01103
0.991071 -62.5861  1.01118
0.991221 -62.5766  1.01133
0.991371  -62.567  1.01148
0.991521 -62.5575  1.01163
0.991671 -62.5479  1.01178
0.991821 -62.5384  1.01193
0.991971 -62.5288  1.01208
0.992121 -62.5193  1.01223
0.992271 -62.5097  1.01238
0.992421 -62.5002  1.01253
0.992571 -62.4907  1.01268
0.992721 -62.4811  1.01283
0.992871 -62.4716  1.01298
0.993022 -62.4621  1.01313
0.993172 -62.4526  1.01328
0.993322  -62.443  1.01343
0.993472 -62.4335  1.01358
0.993622  -62.424  1.01373
0.993772 -62.4145  1.01388
0.993922  -62.405  1.01403
0.994072 -62.3955  1.01403
0.994222  -62.386  1.01418
0.994372 -62.3765  1.01433
0.994522  -62.367  1.01448
0.994672 -62.3575  1.01463
0.994822  -62.348  1.01478
0.994972 -62.3385  1.01493
0.995123  -62.329  1.01508
0.995273 -62.3195  1.01523
0.995423   -62.31  1.01538
0.995573 -62.3005  1.01553
0.995723  -62.291  1.01568
0.995873 -62.2816  1.01583
0.996023 -62.2721  1.01598
0.996173 -62.2626  1.01613
0.996323 -62.2532  1.01628
0.996473 -62.2437  1.01643
0.996623 -62.2342  1.01658
0.996773 -62.2248  1.01673
0.996923 -62.2153  1.01688
0.997074 -62.2059  1.01703
0.997224 -62.1964  1.01718
0.997374  -62.187  1.01733
0.997524 -62.1775  1.01748
0.997674 -62.1681  1.01748
0.997824 -62.1586  1.01763
0.997974 -62.1492  1.01778
0.998124 -62.1397  1.01793
0.998274 -62.1303  1.01808
0.998424 -62.1209  1.01823
0.998574 -62.1114  1.01838
0.998724  -62.102  1.01853
0.998874 -62.0926  1.01868
0.999025 -62.0832  1.01883
0.999175 -62.0738  1.01898
0.999325 -62.0643  1.01913
0.999475 -62.0549  1.01928
0.999625 -62.0455  1.01943
0.999775 -62.0361  1.01958
0.999925 -62.0267  1.01973
 1.00008 -62.0173  1.01988
 1.00023 -62.0079  1.02004
 1.00038 -61.9985  1.02019
 1.00053 -61.9891  1.02034
 1.00068 -61.9797  1.02049
 1.00083 -61.9703  1.02064
 1.00098 -61.9609  1.02079
 1.00113 -61.9516  1.02079
 1.00128 -61.9422  1.02094
 1.00143 -61.9328  1.02109
 1.00158 -61.9234  1.02124
 1.00173  -61.914  1.02139
 1.00188 -61.9047  1.02154
 1.00203 -61.8953  1.02169
 1.00218 -61.8859  1.02184
 1.00233 -61.8766  1.02199
 1.00248 -61.8672  1.02214
 1.00263 -61.8579  1.02229
 1.00278 -61.8485  1.02244
 1.00293 -61.8391  1.02259
 1.00308 -61.8298  1.02274
 1.00323 -61.8204  1.02289
 1.00338 -61.8111  1.02304
 1.00353 -61.8018  1.02319
 1.00368 -61.7924  1.02334
 1.00383 -61.7831  1.02349
 1.00398 -61.7737  1.02364
 1.00413 -61.7644  1.02379
 1.00428 -61.7551  1.02394
 1.00443 -61.7458  1.02409
 1.00458 -61.7364  1.02424
 1.00473 -61.7271  1.02424
 1.00488 -61.7178  1.02439
 1.00503 -61.7085  1.02454
 1.00518 -61.6992  1.02469
 1.00533 -61.6899  1.02484
 1.00548 -61.6805  1.02499
 1.00563 -61.6712  1.02514
 1.00578 -61.6619  1.02529
 1.00593 -61.6526  1.02544
 1.00608 -61.6433  1.02559
 1.00623  -61.634  1.02574
 1.00638 -61.6247  1.02589
 1.00653 -61.6155  1.02604
 1.00668 -61.6062  1.02619
 1.00683 -61.5969  1.02634
 1.00698 -61.5876  1.02649
 1.00713 -61.5783  1.02664
 1.00728  -61.569  1.02679
 1.00743 -61.5598  1.02694
 1.00758 -61.5505  1.02709
 1.00773 -61.5412  1.02724
 1.00788  -61.532  1.02739
 1.00803 -61.5227  1.02754
 1.00818 -61.5134  1.02754
 1.00833 -61.5042  1.02769
 1.00848 -61.4949  1.02784
 1.00863 -61.4857  1.02799
 1.00878 -61.4764  1.02814
 1.00893 -61.4672  1.02829
 1.00908 -61.4579  1.02844
 1.00923 -61.4487  1.02859
 1.00938 -61.4394  1.02874
 1.00953 -61.4302  1.02889
 1.00968 -61.4209  1.02904
 1.00983 -61.4117  1.02919
 1.00998 -61.4025  1.02934
 1.01013 -61.3933  1.02949
 1.01028  -61.384  1.02964
 1.01043 -61.3748  1.02979
 1.01058 -61.3656  1.02994
 1.01073 -61.3564  1.03009
 1.01088 -61.3471  1.03024
 1.01103 -61.3379  1.03039
 1.01118 -61.3287  1.03054
 1.01133 -61.3195  1.03069
 1.01148 -61.3103  1.03084
 1.01163 -61.3011  1.03084
 1.01178 -61.2919  1.03099
 1.01193 -61.2827  1.03114
 1.01208 -61.2735  1.03129
 1.01223 -61.2643  1.03144
 1.01238 -61.2551  1.03159
 1.01253 -61.2459  1.03174
 1.01268 -61.2368  1.03189
 1.01283 -61.2276  1.03204
 1.01298 -61.2184  1.03219
 1.01313 -61.2092  1.03234
 1.01328    -61.2  1.03249
 1.01343 -61.1909  1.03264
 1.01358 -61.1817  1.03279
 1.01373 -61.1725  1.03294
 1.01388 -61.1634  1.03309
 1.01403 -61.1542  1.03324
 1.01418  -61.145  1.03339
 1.01433 -61.1359  1.03354
 1.01448 -61.1267  1.03369
 1.01463 -61.1176  1.03384
 1.01478 -61.1084  1.03399
 1.01493 -61.0993  1.03399
 1.01508 -61.0901  1.03414
 1.01523  -61.081  1.03429
 1.01538 -61.0719  1.03444
 1.01553 -61.0627  1.03459
 1.01568 -61.0536  1.03474
 1.01583 -61.0445  1.03489
 1.01598 -61.0353  1.03504
 1.01613 -61.0262  1.03519
 1.01628 -61.0171  1.03534
 1.01643  -61.008  1.03549
 1.01658 -60.9988  1.03564
 1.01673 -60.9897  1.03579
 1.01688 -60.9806  1.03594
 1.01703 -60.9715  1.03609
 1.01718 -60.9624  1.03624
 1.01733 -60.9533  1.03639
 1.01748 -60.9442  1.03654
 1.01763 -60.9351  1.03669
 1.01778  -60.926  1.03684
 1.01793 -60.9169  1.03699
 1.01808 -60.9078  1.03714
 1.01823 -60.8987  1.03729
 1.01838 -60.8896  1.03729
 1.01853 -60.8805  1.03744
 1.01868 -60.8714  1.03759
 1.01883 -60.8623  1.03774
 1.01898 -60.8533  1.03789
 1.01913 -60.8442  1.03804
 1.01928 -60.8351  1.03819
 1.01943  -60.826  1.03834
 1.01958  -60.817  1.03849
 1.01973 -60.8079  1.03864
 1.01988 -60.7988  1.03879
 1.02004 -60.7898  1.03894
 1.02019 -60.7807  1.03909
 1.02034 -60.7717  1.03924
 1.02049 -60.7626  1.03939
 1.02064 -60.7536  1.03954
 1.02079 -60.7445  1.03969
 1.02094 -60.7355  1.03984
 1.02109 -60.7264  1.03999
 1.02124 -60.7174  1.04015
 1.02139 -60.7083   1.0403
 1.02154 -60.6993  1.04045
 1.02169 -60.6903   1.0406
 1.02184 -60.6812   1.0406
 1.02199 -60.6722  1.04075
 1.02214 -60.6632   1.0409
 1.02229 -60.6542  1.04105
 1.02244 -60.6451   1.0412
 1.02259 -60.6361  1.04135
 1.02274 -60.6271   1.0415
 1.02289 -60.6181  1.04165
 1.02304 -60.6091   1.0418
 1.02319 -60.6001  1.04195
 1.02334 -60.5911   1.0421
 1.02349 -60.5821  1.04225
 1.02364 -60.5731   1.0424
 1.02379 -60.5641  1.04255
 1.02394 -60.5551   1.0427
 1.02409 -60.5461  1.04285
 1.02424 -60.5371    1.043
 1.02439 -60.5281  1.04315
 1.02454 -60.5191   1.0433
 1.02469 -60.5101  1.04345
 1.02484 -60.5012   1.0436
 1.02499 -60.4922   1.0436
 1.02514 -60.4832  1.04375
 1.02529 -60.4742   1.0439
 1.02544 -60.4653  1.04405
 1.02559 -60.4563   1.0442
 1.02574 -60.4473  1.04435
 1.02589 -60.4384   1.0445
 1.02604 -60.4294  1.04465
 1.02619 -60.4204   1.0448
 1.02634 -60.4115  1.04495
 1.02649 -60.4025   1.0451
 1.02664 -60.3936  1.04525
 1.02679 -60.3846   1.0454
 1.02694 -60.3757  1.04555
 1.02709 -60.3667   1.0457
 1.02724 -60.3578  1.04585
 1.02739 -60.3489    1.046
 1.02754 -60.3399  1.04615
 1.02769  -60.331   1.0463
 1.02784 -60.3221  1.04645
 1.02799 -60.3131   1.0466
 1.02814 -60.3042  1.04675
 1.02829 -60.2953  1.04675
 1.02844 -60.2864   1.0469
 1.02859 -60.2774  1.04705
 1.02874 -60.2685   1.0472
 1.02889 -60.2596  1.04735
 1.02904 -60.2507   1.0475
 1.02919 -60.2418  1.04765
 1.02934 -60.2329   1.0478
 1.02949  -60.224  1.04795
 1.02964 -60.2151   1.0481
 1.02979 -60.2062  1.04825
 1.02994 -60.1973   1.0484
 1.03009 -60.1884  1.04855
 1.03024 -60.1795   1.0487
 1.03039 -60.1706  1.04885
 1.03054 -60.1617    1.049
 1.03069 -60.1528  1.04915
 1.03084  -60.144   1.0493
 1.03099 -60.1351  1.04945
 1.03114 -60.1262   1.0496
 1.03129 -60.1173  1.04975
 1.03144 -60.1085   1.0499
 1.03159 -60.0996   1.0499
 1.03174 -60.0907  1.05005
 1.03189 -60.0819   1.0502
 1.03204  -60.073  1.05035
 1.03219 -60.0641   1.0505
 1.03234 -60.0553  1.05065
 1.03249 -60.0464   1.0508
 1.03264 -60.0376  1.05095
 1.03279 -60.0287   1.0511
 1.03294 -60.0199  1.05125
 1.03309  -60.011   1.0514
 1.03324 -60.0022  1.05155
 1.03339 -59.9933   1.0517
 1.03354 -59.9845  1.05185
 1.03369 -59.9757    1.052
 1.03384 -59.9668  1.05215
 1.03399  -59.958   1.0523
 1.03414 -59.9492  1.05245
 1.03429 -59.9404   1.0526
 1.03444 -59.9315  1.05275
 1.03459 -59.9227   1.0529
 1.03474 -59.9139   1.0529
 1.03489 -59.9051  1.05305
 1.03504 -59.8963   1.0532
 1.03519 -59.8875  1.05335
 1.03534 -59.8787   1.0535
 1.03549 -59.8698  1.05365
 1.03564  -59.861   1.0538
 1.03579 -59.8522  1.05395
 1.03594 -59.8434   1.0541
 1.03609 -59.8347  1.05425
 1.03624 -59.8259   1.0544
 1.03639 -59.8171  1.05455
 1.03654 -59.8083   1.0547
 1.03669 -59.7995  1.05485
 1.03684 -59.7907    1.055
 1.03699 -59.7819  1.05515
 1.03714 -59.7732   1.0553
 1.03729 -59.7644  1.05545
 1.03744 -59.7556   1.0556
 1.03759 -59.7468  1.05575
 1.03774 -59.7381   1.0559
 1.03789 -59.7293   1.0559
 1.03804 -59.7205  1.05605
 1.03819 -59.7118   1.0562
 1.03834  -59.703  1.05635
 1.03849 -59.6943   1.0565
 1.03864 -59.6855  1.05665
 1.03879 -59.6768   1.0568
 1.03894  -59.668  1.05695
 1.03909 -59.6593   1.0571
 1.03924 -59.6505  1.05725
 1.03939 -59.6418   1.0574
 1.03954  -59.633  1.05755
 1.03969 -59.6243   1.0577
 1.03984 -59.6156  1.05785
 1.03999 -59.6068    1.058
 1.04015 -59.5981  1.05815
  1.0403 -59.5894   1.0583
 1.04045 -59.5807  1.05845
  1.0406 -59.5719   1.0586
 1.04075 -59.5632   1.0586
  1.0409 -59.5545  1.05875
 1.04105 -59.5458   1.0589
  1.0412 -59.5371  1.05905
 1.04135 -59.5284   1.0592
  1.0415 -59.5197  1.05935
 1.04165  -59.511   1.0595
  1.0418 -59.5022  1.05965
 1.04195 -59.4935   1.0598
  1.0421 -59.4849  1.05995
 1.04225 -59.4762  1.06011
  1.0424 -59.4675  1.06026
 1.04255 -59.4588  1.06041
  1.0427 -59.4501  1.06056
 1.04285 -59.4414  1.06071
   1.043 -59.4327  1.06086
 1.04315  -59.424  1.06101
  1.0433 -59.4154  1.06116
 1.04345 -59.4067  1.06131
  1.0436  -59.398  1.06146
 1.04375 -59.3893  1.06146
  1.0439 -59.3807  1.06161
 1.04405  -59.372  1.06176
  1.0442 -59.3634  1.06191
 1.04435 -59.3547  1.06206
  1.0445  -59.346  1.06221
 1.04465 -59.3374  1.06236
  1.0448 -59.3287  1.06251
 1.04495 -59.3201  1.06266
  1.0451 -59.3114  1.06281
 1.04525 -59.3028  1.06296
  1.0454 -59.2941  1.06311
 1.04555 -59.2855  1.06326
  1.0457 -59.2769  1.06341
 1.04585 -59.2682  1.06356
   1.046 -59.2596  1.06371
 1.04615  -59.251  1.06386
  1.0463 -59.2423  1.06401
 1.04645 -59.2337  1.06416
  1.0466 -59.2251  1.06416
 1.04675 -59.2165  1.06431
  1.0469 -59.2078  1.06446
 1.04705 -59.1992  1.06461
  1.0472 -59.1906  1.06476
 1.04735  -59.182  1.06491
  1.0475 -59.1734  1.06506
 1.04765 -59.1648  1.06521
  1.0478 -59.1562  1.06536
 1.04795 -59.1476  1.06551
  1.0481  -59.139  1.06566
 1.04825 -59.1304  1.06581
  1.0484 -59.1218  1.06596
 1.04855 -59.1132  1.06611
  1.0487 -59.1046  1.06626
 1.04885  -59.096  1.06641
   1.049 -59.0874  1.06656
 1.04915 -59.0789  1.06671
  1.0493 -59.0703  1.06686
 1.04945 -59.0617  1.06686
  1.0496 -59.0531  1.06701
 1.04975 -59.0445  1.06716
  1.0499  -59.036  1.06731
 1.05005 -59.0274  1.06746
  1.0502 -59.0188  1.06761
 1.05035 -59.0103  1.06776
  1.0505 -59.0017  1.06791
 1.05065 -58.9932  1.06806
  1.0508 -58.9846  1.06821
 1.05095 -58.9761  1.06836
  1.0511 -58.9675  1.06851
 1.05125  -58.959  1.06866
  1.0514 -58.9504  1.06881
 1.05155 -58.9419  1.06896
  1.0517 -58.9333  1.06911
 1.05185 -58.9248  1.06926
   1.052 -58.9163  1.06941
 1.05215 -58.9077  1.06956
  1.0523 -58.8992  1.06956
 1.05245 -58.8907  1.06971
  1.0526 -58.8821  1.06986
 1.05275 -58.8736  1.07001
  1.0529 -58.8651  1.07016
 1.05305 -58.8566  1.07031
  1.0532 -58.8481  1.07046
 1.05335 -58.8395  1.07061
  1.0535  -58.831  1.07076
 1.05365 -58.8225  1.07091
  1.0538  -58.814  1.07106
 1.05395 -58.8055  1.07121
  1.0541  -58.797  1.07136
 1.05425 -58.7885  1.07151
  1.0544   -58.78  1.07166
 1.05455 -58.7715  1.07181
  1.0547  -58.763  1.07196
 1.05485 -58.7545  1.07211
   1.055  -58.746  1.07226
 1.05515 -58.7376  1.07226
  1.0553 -58.7291  1.07241
 1.05545 -58.7206  1.07256
  1.0556 -58.7121  1.07271
 1.05575 -58.7036  1.07286
  1.0559 -58.6952  1.07301
 1.05605 -58.6867  1.07316
  1.0562 -58.6782  1.07331
 1.05635 -58.6698  1.07346
  1.0565 -58.6613  1.07361
 1.05665 -58.6528  1.07376
  1.0568 -58.6444  1.07391
 1.05695 -58.6359  1.07406
  1.0571 -58.6275  1.07421
 1.05725  -58.619  1.07436
  1.0574 -58.6106  1.07451
 1.05755 -58.6021  1.07466
  1.0577 -58.5937  1.07481
 1.05785 -58.5852  1.07496
   1.058 -58.5768  1.07496
 1.05815 -58.5684  1.07511
  1.0583 -58.5599  1.07526
 1.05845 -58.5515  1.07541
  1.0586 -58.5431  1.07556
 1.05875 -58.5346  1.07571
  1.0589 -58.5262  1.07586
 1.05905 -58.5178  1.07601
  1.0592 -58.5094  1.07616
 1.05935  -58.501  1.07631
  1.0595 -58.4925  1.07646
 1.05965 -58.4841  1.07661
  1.0598 -58.4757  1.07676
 1.05995 -58.4673  1.07691
 1.06011 -58.4589  1.07706
 1.06026 -58.4505  1.07721
 1.06041 -58.4421  1.07736
 1.06056 -58.4337  1.07736
 1.06071 -58.4253  1.07751
 1.06086 -58.4169  1.07766
 1.06101 -58.4085  1.07781
 1.06116 -58.4001  1.07796
 1.06131 -58.3917  1.07811
 1.06146 -58.3834  1.07826
 1.06161  -58.375  1.07841
 1.06176 -58.3666  1.07856
 1.06191 -58.3582  1.07871
 1.06206 -58.3499  1.07886
 1.06221 -58.3415  1.07901
 1.06236 -58.3331  1.07916
 1.06251 -58.3248  1.07931
 1.06266 -58.3164  1.07946
 1.06281  -58.308  1.07961
 1.06296 -58.2997  1.07976
 1.06311 -58.2913  1.07976
 1.06326  -58.283  1.07991
 1.06341 -58.2746  1.08007
 1.06356 -58.2663  1.08022
 1.06371 -58.2579  1.08037
 1.06386 -58.2496  1.08052
 1.06401 -58.2412  1.08067
 1.06416 -58.2329  1.08082
 1.06431 -58.2245  1.08097
 1.06446 -58.2162  1.08112
 1.06461 -58.2079  1.08127
 1.06476 -58.1995  1.08142
 1.06491 -58.1912  1.08157
 1.06506 -58.1829  1.08172
 1.06521 -58.1746  1.08187
 1.06536 -58.1663  1.08202
 1.06551 -58.1579  1.08202
 1.06566 -58.1496  1.08217
 1.06581 -58.1413  1.08232
 1.06596  -58.133  1.08247
 1.06611 -58.1247  1.08262
 1.06626 -58.1164  1.08277
 1.06641 -58.1081  1.08292
 1.06656 -58.0998  1.08307
 1.06671 -58.0915  1.08322
 1.06686 -58.0832  1.08337
 1.06701 -58.0749  1.08352
 1.06716 -58.0666  1.08367
 1.06731 -58.0583  1.08382
 1.06746   -58.05  1.08397
 1.06761 -58.0417  1.08412
 1.06776 -58.0335  1.08427
 1.06791 -58.0252  1.08427
 1.06806 -58.0169  1.08442
 1.06821 -58.0086  1.08457
 1.06836 -58.0004  1.08472
 1.06851 -57.9921  1.08487
 1.06866 -57.9838  1.08502
 1.06881 -57.9756  1.08517
 1.06896 -57.9673  1.08532
 1.06911  -57.959  1.08547
 1.06926 -57.9508  1.08562
 1.06941 -57.9425  1.08577
 1.06956 -57.9343  1.08592
 1.06971  -57.926  1.08607
 1.06986 -57.9178  1.08622
 1.07001 -57.9095  1.08637
 1.07016 -57.9013  1.08652
 1.07031 -57.8931  1.08652
 1.07046 -57.8848  1.08667
 1.07061 -57.8766  1.08682
 1.07076 -57.8684  1.08697
 1.07091 -57.8601  1.08712
 1.07106 -57.8519  1.08727
 1.07121 -57.8437  1.08742
 1.07136 -57.8354  1.08757
 1.07151 -57.8272  1.08772
 1.07166  -57.819  1.08787
 1.07181 -57.8108  1.08802
 1.07196 -57.8026  1.08817
 1.07211 -57.7944  1.08832
 1.07226 -57.7862  1.08847
 1.07241  -57.778  1.08862
 1.07256 -57.7698  1.08877
 1.07271 -57.7616  1.08877
 1.07286 -57.7534  1.08892
 1.07301 -57.7452  1.08907
 1.07316  -57.737  1.08922
 1.07331 -57.7288  1.08937
 1.07346 -57.7206  1.08952
 1.07361 -57.7124  1.08967
 1.07376 -57.7042  1.08982
 1.07391  -57.696  1.08997
 1.07406 -57.6879  1.09012
 1.07421 -57.6797  1.09027
 1.07436 -57.6715  1.09042
 1.07451 -57.6633  1.09057
 1.07466 -57.6552  1.09072
 1.07481  -57.647  1.09087
 1.07496 -57.6388  1.09087
 1.07511 -57.6307  1.09102
 1.07526 -57.6225  1.09117
 1.07541 -57.6144  1.09132
 1.07556 -57.6062  1.09147
 1.07571 -57.5981  1.09162
 1.07586 -57.5899  1.09177
 1.07601 -57.5818  1.09192
 1.07616 -57.5736  1.09207
 1.07631 -57.5655  1.09222
 1.07646 -57.5573  1.09237
 1.07661 -57.5492  1.09252
 1.07676 -57.5411  1.09267
 1.07691 -57.5329  1.09282
 1.07706 -57.5248  1.09282
 1.07721 -57.5167  1.09297
 1.07736 -57.5086  1.09312
 1.07751 -57.5004  1.09327
 1.07766 -57.4923  1.09342
 1.07781 -57.4842  1.09357
 1.07796 -57.4761  1.09372
 1.07811  -57.468  1.09387
 1.07826 -57.4599  1.09402
 1.07841 -57.4518  1.09417
 1.07856 -57.4437  1.09432
 1.07871 -57.4356  1.09447
 1.07886 -57.4275  1.09447
 1.07901 -57.4194  1.09462
 1.07916 -57.4113  1.09477
 1.07931 -57.4032  1.09492
 1.07946 -57.3951  1.09507
 1.07961  -57.387  1.09522
 1.07976 -57.3789  1.09537
 1.07991 -57.3709  1.09552
 1.08007 -57.3628  1.09567
 1.08022 -57.3547  1.09582
 1.08037 -57.3466  1.09597
 1.08052 -57.3386  1.09612
 1.08067 -57.3305  1.09627
 1.08082 -57.3224  1.09627
 1.08097 -57.3144  1.09642
 1.08112 -57.3063  1.09657
 1.08127 -57.2983  1.09672
 1.08142 -57.2902  1.09687
 1.08157 -57.2822  1.09702
 1.08172 -57.2741  1.09717
 1.08187 -57.2661  1.09732
 1.08202  -57.258  1.09747
 1.08217   -57.25  1.09762
 1.08232 -57.2419  1.09777
 1.08247 -57.2339  1.09792
 1.08262 -57.2259  1.09792
 1.08277 -57.2178  1.09807
 1.08292 -57.2098  1.09822
 1.08307 -57.2018  1.09837
 1.08322 -57.1938  1.09852
 1.08337 -57.1857  1.09867
 1.08352 -57.1777  1.09882
 1.08367 -57.1697  1.09897
 1.08382 -57.1617  1.09912
 1.08397 -57.1537  1.09927
 1.08412 -57.1457  1.09942
 1.08427 -57.1377  1.09957
 1.08442 -57.1297  1.09972
 1.08457 -57.1217  1.09972
 1.08472 -57.1137  1.09987
 1.08487 -57.1057  1.10003
 1.08502 -57.0977  1.10018
 1.08517 -57.0897  1.10033
 1.08532 -57.0817  1.10048
 1.08547 -57.0737  1.10063
 1.08562 -57.0657  1.10078
 1.08577 -57.0578  1.10093
 1.08592 -57.0498  1.10108
 1.08607 -57.0418  1.10123
 1.08622 -57.0338  1.10138
 1.08637 -57.0259  1.10153
 1.08652 -57.0179  1.10153
 1.08667 -57.0099  1.10168
 1.08682  -57.002  1.10183
 1.08697  -56.994  1.10198
 1.08712 -56.9861  1.10213
 1.08727 -56.9781  1.10228
 1.08742 -56.9702  1.10243
 1.08757 -56.9622  1.10258
 1.08772 -56.9543  1.10273
 1.08787 -56.9463  1.10288
 1.08802 -56.9384  1.10303
 1.08817 -56.9304  1.10303
 1.08832 -56.9225  1.10318
 1.08847 -56.9146  1.10333
 1.08862 -56.9066  1.10348
 1.08877 -56.8987  1.10363
 1.08892 -56.8908  1.10378
 1.08907 -56.8829  1.10393
 1.08922 -56.8749  1.10408
 1.08937  -56.867  1.10423
 1.08952 -56.8591  1.10438
 1.08967 -56.8512  1.10453
 1.08982 -56.8433  1.10468
 1.08997 -56.8354  1.10468
 1.09012 -56.8275  1.10483
 1.09027 -56.8196  1.10498
 1.09042 -56.8117  1.10513
 1.09057 -56.8038  1.10528
 1.09072 -56.7959  1.10543
 1.09087  -56.788  1.10558
 1.09102 -56.7801  1.10573
 1.09117 -56.7722  1.10588
 1.09132 -56.7643  1.10603
 1.09147 -56.7565  1.10618
 1.09162 -56.7486  1.10633
 1.09177 -56.7407  1.10633
 1.09192 -56.7328  1.10648
 1.09207  -56.725  1.10663
 1.09222 -56.7171  1.10678
 1.09237 -56.7092  1.10693
 1.09252 -56.7014  1.10708
 1.09267 -56.6935  1.10723
 1.09282 -56.6856  1.10738
 1.09297 -56.6778  1.10753
 1.09312 -56.6699  1.10768
 1.09327 -56.6621  1.10783
 1.09342 -56.6542  1.10783
 1.09357 -56.6464  1.10798
 1.09372 -56.6385  1.10813
 1.09387 -56.6307  1.10828
 1.09402 -56.6229  1.10843
 1.09417  -56.615  1.10858
 1.09432 -56.6072  1.10873
 1.09447 -56.5994  1.10888
 1.09462 -56.5915  1.10903
 1.09477 -56.5837  1.10918
 1.09492 -56.5759  1.10933
 1.09507 -56.5681  1.10948
 1.09522 -56.5603  1.10948
 1.09537 -56.5524  1.10963
 1.09552 -56.5446  1.10978
 1.09567 -56.5368  1.10993
 1.09582  -56.529  1.11008
 1.09597 -56.5212  1.11023
 1.09612 -56.5134  1.11038
 1.09627 -56.5056  1.11053
 1.09642 -56.4978  1.11068
 1.09657   -56.49  1.11083
 1.09672 -56.4822  1.11098
 1.09687 -56.4744  1.11098
 1.09702 -56.4667  1.11113
 1.09717 -56.4589  1.11128
 1.09732 -56.4511  1.11143
 1.09747 -56.4433  1.11158
 1.09762 -56.4355  1.11173
 1.09777 -56.4278  1.11188
 1.09792   -56.42  1.11203
 1.09807 -56.4122  1.11218
 1.09822 -56.4045  1.11233
 1.09837 -56.3967  1.11233
 1.09852 -56.3889  1.11248
 1.09867 -56.3812  1.11263
 1.09882 -56.3734  1.11278
 1.09897 -56.3657  1.11293
 1.09912 -56.3579  1.11308
 1.09927 -56.3502  1.11323
 1.09942 -56.3424  1.11338
 1.09957 -56.3347  1.11353
 1.09972  -56.327  1.11368
 1.09987 -56.3192  1.11383
 1.10003 -56.3115  1.11383
 1.10018 -56.3038  1.11398
 1.10033  -56.296  1.11413
 1.10048 -56.2883  1.11428
 1.10063 -56.2806  1.11443
 1.10078 -56.2729  1.11458
 1.10093 -56.2652  1.11473
 1.10108 -56.2574  1.11488
 1.10123 -56.2497  1.11503
 1.10138  -56.242  1.11518
 1.10153 -56.2343  1.11518
 1.10168 -56.2266  1.11533
 1.10183 -56.2189  1.11548
 1.10198 -56.2112  1.11563
 1.10213 -56.2035  1.11578
 1.10228 -56.1958  1.11593
 1.10243 -56.1881  1.11608
 1.10258 -56.1804  1.11623
 1.10273 -56.1728  1.11638
 1.10288 -56.1651  1.11653
 1.10303 -56.1574  1.11653
 1.10318 -56.1497  1.11668
 1.10333 -56.1421  1.11683
 1.10348 -56.1344  1.11698
 1.10363 -56.1267  1.11713
 1.10378  -56.119  1.11728
 1.10393 -56.1114  1.11743
 1.10408 -56.1037  1.11758
 1.10423 -56.0961  1.11773
 1.10438 -56.0884  1.11773
 1.10453 -56.0808  1.11788
 1.10468 -56.0731  1.11803
 1.10483 -56.0655  1.11818
 1.10498 -56.0578  1.11833
 1.10513 -56.0502  1.11848
 1.10528 -56.0426  1.11863
 1.10543 -56.0349  1.11878
 1.10558 -56.0273  1.11893
 1.10573 -56.0197  1.11893
 1.10588  -56.012  1.11908
 1.10603 -56.0044  1.11923
 1.10618 -55.9968  1.11938
 1.10633 -55.9892  1.11953
 1.10648 -55.9816  1.11968
 1.10663 -55.9739  1.11983
 1.10678 -55.9663  1.11998
 1.10693 -55.9587  1.11998
 1.10708 -55.9511  1.12014
 1.10723 -55.9435  1.12029
 1.10738 -55.9359  1.12044
 1.10753 -55.9283  1.12059
 1.10768 -55.9207  1.12074
 1.10783 -55.9131  1.12089
 1.10798 -55.9056  1.12104
 1.10813  -55.898  1.12119
 1.10828 -55.8904  1.12134
 1.10843 -55.8828  1.12134
 1.10858 -55.8752  1.12149
 1.10873 -55.8677  1.12164
 1.10888 -55.8601  1.12179
 1.10903 -55.8525  1.12194
 1.10918  -55.845  1.12209
 1.10933 -55.8374  1.12224
 1.10948 -55.8298  1.12239
 1.10963 -55.8223  1.12239
 1.10978 -55.8147  1.12254
 1.10993 -55.8072  1.12269
 1.11008 -55.7996  1.12284
 1.11023 -55.7921  1.12299
 1.11038 -55.7845  1.12314
 1.11053  -55.777  1.12329
 1.11068 -55.7695  1.12344
 1.11083 -55.7619  1.12359
 1.11098 -55.7544  1.12359
 1.11113 -55.7469  1.12374
 1.11128 -55.7393  1.12389
 1.11143 -55.7318  1.12404
 1.11158 -55.7243  1.12419
 1.11173 -55.7168  1.12434
 1.11188 -55.7093  1.12434
 1.11203 -55.7018  1.12449
 1.11218 -55.6943  1.12464
 1.11233 -55.6868  1.12479
 1.11248 -55.6793  1.12494
 1.11263 -55.6718  1.12494
 1.11278 -55.6643  1.12509
 1.11293 -55.6568  1.12524
 1.11308 -55.6493  1.12539
 1.11323 -55.6418  1.12554
 1.11338 -55.6344  1.12554
 1.11353 -55.6269  1.12569
 1.11368 -55.6194  1.12584
 1.11383  -55.612  1.12599
 1.11398 -55.6045  1.12614
 1.11413  -55.597  1.12614
 1.11428 -55.5896  1.12629
 1.11443 -55.5821  1.12644
 1.11458 -55.5747  1.12659
 1.11473 -55.5673  1.12674
 1.11488 -55.5598  1.12689
 1.11503 -55.5524  1.12689
 1.11518 -55.5449  1.12704
 1.11533 -55.5375  1.12719
 1.11548 -55.5301  1.12734
 1.11563 -55.5227  1.12749
 1.11578 -55.5153  1.12749
 1.11593 -55.5079  1.12764
 1.11608 -55.5004  1.12779
 1.11623  -55.493  1.12794
 1.11638 -55.4856  1.12809
 1.11653 -55.4782  1.12809
 1.11668 -55.4708  1.12824
 1.11683 -55.4635  1.12839
 1.11698 -55.4561  1.12854
 1.11713 -55.4487  1.12869
 1.11728 -55.4413  1.12869
 1.11743 -55.4339  1.12884
 1.11758 -55.4266  1.12899
 1.11773 -55.4192  1.12914
 1.11788 -55.4118  1.12929
 1.11803 -55.4045  1.12929
 1.11818 -55.3971  1.12944
 1.11833 -55.3898  1.12959
 1.11848 -55.3824  1.12974
 1.11863 -55.3751  1.12989
 1.11878 -55.3677  1.12989
 1.11893 -55.3604  1.13004
 1.11908  -55.353  1.13019
 1.11923 -55.3457  1.13034
 1.11938 -55.3384  1.13049
 1.11953 -55.3311  1.13049
 1.11968 -55.3237  1.13064
 1.11983 -55.3164  1.13079
 1.11998 -55.3091  1.13094
 1.12014 -55.3018  1.13109
 1.12029 -55.2945  1.13109
 1.12044 -55.2872  1.13124
 1.12059 -55.2799  1.13139
 1.12074 -55.2726  1.13154
 1.12089 -55.2653  1.13169
 1.12104  -55.258  1.13184
 1.12119 -55.2507  1.13184
 1.12134 -55.2435  1.13199
 1.12149 -55.2362  1.13214
 1.12164 -55.2289  1.13229
 1.12179 -55.2216  1.13244
 1.12194 -55.2144  1.13244
 1.12209 -55.2071  1.13259
 1.12224 -55.1998  1.13274
 1.12239 -55.1926  1.13289
 1.12254 -55.1853  1.13304
 1.12269 -55.1781  1.13304
 1.12284 -55.1708  1.13319
 1.12299 -55.1636  1.13334
 1.12314 -55.1564  1.13349
 1.12329 -55.1491  1.13364
 1.12344 -55.1419  1.13364
 1.12359 -55.1347  1.13379
 1.12374 -55.1274  1.13394
 1.12389 -55.1202  1.13409
 1.12404  -55.113  1.13424
 1.12419 -55.1058  1.13424
 1.12434 -55.0986  1.13439
 1.12449 -55.0914  1.13454
 1.12464 -55.0842  1.13469
 1.12479  -55.077  1.13484
 1.12494 -55.0698  1.13484
 1.12509 -55.0626  1.13499
 1.12524 -55.0554  1.13514
 1.12539 -55.0482  1.13529
 1.12554  -55.041  1.13544
 1.12569 -55.0339  1.13544
 1.12584 -55.0267  1.13559
 1.12599 -55.0195  1.13574
 1.12614 -55.0124  1.13589
 1.12629 -55.0052  1.13604
 1.12644  -54.998  1.13604
 1.12659 -54.9909  1.13619
 1.12674 -54.9837  1.13634
 1.12689 -54.9766  1.13649
 1.12704 -54.9694  1.13664
 1.12719 -54.9623  1.13664
 1.12734 -54.9552  1.13679
 1.12749  -54.948  1.13694
 1.12764 -54.9409  1.13709
 1.12779 -54.9338  1.13724
 1.12794 -54.9267  1.13724
 1.12809 -54.9195  1.13739
 1.12824 -54.9124  1.13754
 1.12839 -54.9053  1.13769
 1.12854 -54.8982  1.13769
 1.12869 -54.8911  1.13784
 1.12884  -54.884  1.13799
 1.12899 -54.8769  1.13814
 1.12914 -54.8698  1.13829
 1.12929 -54.8627  1.13829
 1.12944 -54.8556  1.13844
 1.12959 -54.8485  1.13859
 1.12974 -54.8415  1.13874
 1.12989 -54.8344  1.13889
 1.13004 -54.8273  1.13889
 1.13019 -54.8202  1.13904
 1.13034 -54.8132  1.13919
 1.13049 -54.8061  1.13934
 1.13064 -54.7991  1.13949
 1.13079  -54.792  1.13949
 1.13094  -54.785  1.13964
 1.13109 -54.7779  1.13979
 1.13124 -54.7709  1.13994
 1.13139 -54.7638   1.1401
 1.13154 -54.7568   1.1401
 1.13169 -54.7498  1.14025
 1.13184 -54.7427   1.1404
 1.13199 -54.7357  1.14055
 1.13214 -54.7287  1.14055
 1.13229 -54.7217   1.1407
 1.13244 -54.7146  1.14085
 1.13259 -54.7076    1.141
 1.13274 -54.7006  1.14115
 1.13289 -54.6936  1.14115
 1.13304 -54.6866   1.1413
 1.13319 -54.6796  1.14145
 1.13334 -54.6726   1.1416
 1.13349 -54.6656  1.14175
 1.13364 -54.6587  1.14175
 1.13379 -54.6517   1.1419
 1.13394 -54.6447  1.14205
 1.13409 -54.6377   1.1422
 1.13424 -54.6308  1.14235
 1.13439 -54.6238  1.14235
 1.13454 -54.6168   1.1425
 1.13469 -54.6099  1.14265
 1.13484 -54.6029   1.1428
 1.13499 -54.5959  1.14295
 1.13514  -54.589  1.14295
 1.13529  -54.582   1.1431
 1.13544 -54.5751  1.14325
 1.13559 -54.5682   1.1434
 1.13574 -54.5612   1.1434
 1.13589 -54.5543  1.14355
 1.13604 -54.5474   1.1437
 1.13619 -54.5404  1.14385
 1.13634 -54.5335    1.144
 1.13649 -54.5266    1.144
 1.13664 -54.5197  1.14415
 1.13679 -54.5128   1.1443
 1.13694 -54.5059  1.14445
 1.13709 -54.4989   1.1446
 1.13724  -54.492   1.1446
 1.13739 -54.4851  1.14475
 1.13754 -54.4783   1.1449
 1.13769 -54.4714  1.14505
 1.13784 -54.4645  1.14505
 1.13799 -54.4576   1.1452
 1.13814 -54.4507  1.14535
 1.13829 -54.4439  1.14535
 1.13844  -54.437   1.1455
 1.13859 -54.4301  1.14565
 1.13874 -54.4233   1.1458
 1.13889 -54.4164   1.1458
 1.13904 -54.4096  1.14595
 1.13919 -54.4027   1.1461
 1.13934 -54.3959  1.14625
 1.13949  -54.389  1.14625
 1.13964 -54.3822   1.1464
 1.13979 -54.3754  1.14655
 1.13994 -54.3685  1.14655
  1.1401 -54.3617   1.1467
 1.14025 -54.3549  1.14685
  1.1404 -54.3481    1.147
 1.14055 -54.3413    1.147
  1.1407 -54.3345  1.14715
 1.14085 -54.3277   1.1473
   1.141 -54.3209   1.1473
 1.14115 -54.3141  1.14745
  1.1413 -54.3073   1.1476
 1.14145 -54.3005  1.14775
  1.1416 -54.2937  1.14775
 1.14175 -54.2869   1.1479
  1.1419 -54.2802  1.14805
 1.14205 -54.2734  1.14805
  1.1422 -54.2666   1.1482
 1.14235 -54.2599  1.14835
  1.1425 -54.2531   1.1485
 1.14265 -54.2464   1.1485
  1.1428 -54.2396  1.14865
 1.14295 -54.2329   1.1488
  1.1431 -54.2262  1.14895
 1.14325 -54.2194  1.14895
  1.1434 -54.2127   1.1491
 1.14355  -54.206  1.14925
  1.1437 -54.1992  1.14925
 1.14385 -54.1925   1.1494
   1.144 -54.1858  1.14955
 1.14415 -54.1791   1.1497
  1.1443 -54.1724   1.1497
 1.14445 -54.1657  1.14985
  1.1446  -54.159     1.15
 1.14475 -54.1523     1.15
  1.1449 -54.1456     1.15
 1.14505 -54.1389     1.15
  1.1452 -54.1323     1.15
 1.14535 -54.1256     1.15
  1.1455  -54.119     1.15
 1.14565 -54.1124     1.15
  1.1458 -54.1058     1.15
 1.14595 -54.0992     1.15
  1.1461 -54.0926     1.15
 1.14625  -54.086     1.15
  1.1464 -54.0795     1.15
 1.14655 -54.0729     1.15
  1.1467 -54.0664     1.15
 1.14685 -54.0598     1.15
   1.147 -54.0533     1.15
 1.14715 -54.0468     1.15
  1.1473 -54.0403     1.15
 1.14745 -54.0338     1.15
  1.1476 -54.0273     1.15
 1.14775 -54.0209     1.15
  1.1479 -54.0144     1.15
 1.14805  -54.008     1.15
  1.1482 -54.0016     1.15
 1.14835 -53.9951     1.15
  1.1485 -53.9887     1.15
 1.14865 -53.9823     1.15
  1.1488 -53.9759     1.15
 1.14895 -53.9696     1.15
  1.1491 -53.9632     1.15
 1.14925 -53.9569     1.15
  1.1494 -53.9505     1.15
 1.14955 -53.9442     1.15
  1.1497 -53.9379     1.15
 1.14985 -53.9316     1.15
    1.15 -53.9253     1.15