 kgrid  ValNew  Policy 
    0.85 -78.8626     0.85
 0.85015 -78.8427     0.85
  0.8503 -78.8228     0.85
 0.85045 -78.8029     0.85
  0.8506  -78.783     0.85
 0.85075 -78.7633     0.85
  0.8509 -78.7435     0.85
0.851051 -78.7238     0.85
0.851201 -78.7041     0.85
0.851351 -78.6845     0.85
0.851501  -78.665     0.85
0.851651 -78.6454     0.85
0.851801 -78.6259     0.85
0.851951 -78.6065     0.85
0.852101 -78.5871     0.85
0.852251 -78.5677     0.85
0.852401 -78.5484     0.85
0.852551 -78.5291     0.85
0.852701 -78.5099     0.85
0.852851 -78.4907     0.85
0.853002 -78.4715     0.85
0.853152 -78.4524     0.85
0.853302 -78.4333     0.85
0.853452 -78.4143     0.85
0.853602 -78.3953     0.85
0.853752 -78.3764     0.85
0.853902 -78.3575     0.85
0.854052 -78.3386     0.85
0.854202 -78.3198     0.85
0.854352  -78.301     0.85
0.854502 -78.2822     0.85
0.854652 -78.2635     0.85
0.854802 -78.2449     0.85
0.854952 -78.2263     0.85
0.855103 -78.2077     0.85
0.855253 -78.1891     0.85
0.855403 -78.1706     0.85
0.855553 -78.1522     0.85
0.855703 -78.1337     0.85
0.855853 -78.1154     0.85
0.856003  -78.097     0.85
0.856153 -78.0787     0.85
0.856303 -78.0604     0.85
0.856453 -78.0422     0.85
0.856603  -78.024     0.85
0.856753 -78.0059     0.85
0.856903 -77.9878     0.85
0.857054 -77.9697     0.85
0.857204 -77.9517     0.85
0.857354 -77.9337     0.85
0.857504 -77.9157     0.85
0.857654 -77.8978     0.85
0.857804 -77.8799     0.85
0.857954 -77.8621     0.85
0.858104 -77.8443     0.85
0.858254 -77.8265     0.85
0.858404 -77.8088     0.85
0.858554 -77.7911     0.85
0.858704 -77.7734     0.85
0.858854 -77.7558     0.85
0.859005 -77.7383     0.85
0.859155 -77.7207     0.85
0.859305 -77.7032     0.85
0.859455 -77.6857     0.85
0.859605 -77.6683     0.85
0.859755 -77.6509     0.85
0.859905 -77.6336     0.85
0.860055 -77.6163     0.85
0.860205  -77.599     0.85
0.860355 -77.5817     0.85
0.860505 -77.5645     0.85
0.860655 -77.5474     0.85
0.860805 -77.5302     0.85
0.860955 -77.5131     0.85
0.861106 -77.4961     0.85
0.861256  -77.479     0.85
0.861406 -77.4621     0.85
0.861556 -77.4451     0.85
0.861706 -77.4282     0.85
0.861856 -77.4113     0.85
0.862006 -77.3945     0.85
0.862156 -77.3777     0.85
0.862306 -77.3609     0.85
0.862456 -77.3441     0.85
0.862606 -77.3274     0.85
0.862756 -77.3108     0.85
0.862906 -77.2941     0.85
0.863057 -77.2775     0.85
0.863207  -77.261     0.85
0.863357 -77.2444     0.85
0.863507 -77.2279     0.85
0.863657 -77.2115     0.85
0.863807 -77.1951     0.85
0.863957 -77.1787     0.85
0.864107 -77.1623     0.85
0.864257  -77.146     0.85
0.864407 -77.1297     0.85
0.864557 -77.1134     0.85
0.864707 -77.0972     0.85
0.864857  -77.081     0.85
0.865008 -77.0649     0.85
0.865158 -77.0488     0.85
0.865308 -77.0327     0.85
0.865458 -77.0166     0.85
0.865608 -77.0006     0.85
0.865758 -76.9846     0.85
0.865908 -76.9687     0.85
0.866058 -76.9528     0.85
0.866208 -76.9369     0.85
0.866358  -76.921     0.85
0.866508 -76.9052     0.85
0.866658 -76.8894     0.85
0.866808 -76.8737     0.85
0.866958  -76.858     0.85
0.867109 -76.8423     0.85
0.867259 -76.8266     0.85
0.867409  -76.811     0.85
0.867559 -76.7954     0.85
0.867709 -76.7799     0.85
0.867859 -76.7643     0.85
0.868009 -76.7488     0.85
0.868159 -76.7334     0.85
0.868309  -76.718     0.85
0.868459 -76.7026     0.85
0.868609 -76.6872     0.85
0.868759 -76.6719     0.85
0.868909 -76.6566     0.85
 0.86906 -76.6413     0.85
 0.86921 -76.6261     0.85
 0.86936 -76.6109     0.85
 0.86951 -76.5957     0.85
 0.86966 -76.5805     0.85
 0.86981 -76.5654     0.85
 0.86996 -76.5503     0.85
 0.87011 -76.5353     0.85
 0.87026 -76.5203     0.85
 0.87041 -76.5053     0.85
 0.87056 -76.4903     0.85
 0.87071 -76.4754     0.85
 0.87086 -76.4605  0.85015
0.871011 -76.4456   0.8503
0.871161 -76.4307   0.8503
0.871311 -76.4158  0.85045
0.871461  -76.401   0.8506
0.871611 -76.3861   0.8506
0.871761 -76.3713  0.85075
0.871911 -76.3565   0.8509
0.872061 -76.3417   0.8509
0.872211 -76.3269 0.851051
0.872361 -76.3121 0.851201
0.872511 -76.2973 0.851201
0.872661 -76.2825 0.851351
0.872811 -76.2678 0.851351
0.872961  -76.253 0.851501
0.873112 -76.2383 0.851651
0.873262 -76.2236 0.851801
0.873412 -76.2089 0.851801
0.873562 -76.1942 0.851951
0.873712 -76.1795 0.852101
0.873862 -76.1649 0.852101
0.874012 -76.1502 0.852251
0.874162 -76.1356 0.852401
0.874312 -76.1209 0.852551
0.874462 -76.1063 0.852551
0.874612 -76.0917 0.852701
0.874762 -76.0771 0.852851
0.874912 -76.0625 0.852851
0.875063 -76.0479 0.853002
0.875213 -76.0333 0.853152
0.875363 -76.0188 0.853302
0.875513 -76.0042 0.853302
0.875663 -75.9897 0.853452
0.875813 -75.9751 0.853602
0.875963 -75.9606 0.853602
0.876113 -75.9461 0.853752
0.876263 -75.9316 0.853902
0.876413 -75.9171 0.854052
0.876563 -75.9026 0.854052
0.876713 -75.8882 0.854202
0.876863 -75.8737 0.854352
0.877014 -75.8593 0.854502
0.877164 -75.8448 0.854502
0.877314 -75.8304 0.854652
0.877464  -75.816 0.854802
0.877614 -75.8016 0.854802
0.877764 -75.7872 0.854952
0.877914 -75.7728 0.855103
0.878064 -75.7584 0.855253
0.878214 -75.7441 0.855253
0.878364 -75.7297 0.855403
0.878514 -75.7154 0.855553
0.878664 -75.7011 0.855553
0.878814 -75.6867 0.855703
0.878964 -75.6724 0.855853
0.879115 -75.6581 0.856003
0.879265 -75.6438 0.856003
0.879415 -75.6295 0.856153
0.879565 -75.6153 0.856303
0.879715  -75.601 0.856453
0.879865 -75.5868 0.856453
0.880015 -75.5725 0.856603
0.880165 -75.5583 0.856753
0.880315 -75.5441 0.856753
0.880465 -75.5299 0.856903
0.880615 -75.5157 0.857054
0.880765 -75.5015 0.857204
0.880915 -75.4873 0.857204
0.881066 -75.4731 0.857354
0.881216  -75.459 0.857504
0.881366 -75.4448 0.857654
0.881516 -75.4307 0.857654
0.881666 -75.4166 0.857804
0.881816 -75.4024 0.857954
0.881966 -75.3883 0.857954
0.882116 -75.3742 0.858104
0.882266 -75.3601 0.858254
0.882416 -75.3461 0.858404
0.882566  -75.332 0.858404
0.882716 -75.3179 0.858554
0.882866 -75.3039 0.858704
0.883017 -75.2898 0.858854
0.883167 -75.2758 0.858854
0.883317 -75.2618 0.859005
0.883467 -75.2478 0.859155
0.883617 -75.2338 0.859305
0.883767 -75.2198 0.859305
0.883917 -75.2058 0.859455
0.884067 -75.1918 0.859605
0.884217 -75.1779 0.859605
0.884367 -75.1639 0.859755
0.884517   -75.15 0.859905
0.884667 -75.1361 0.860055
0.884817 -75.1221 0.860055
0.884967 -75.1082 0.860205
0.885118 -75.0943 0.860355
0.885268 -75.0804 0.860505
0.885418 -75.0666 0.860505
0.885568 -75.0527 0.860655
0.885718 -75.0388 0.860805
0.885868  -75.025 0.860955
0.886018 -75.0111 0.860955
0.886168 -74.9973 0.861106
0.886318 -74.9835 0.861256
0.886468 -74.9696 0.861256
0.886618 -74.9558 0.861406
0.886768  -74.942 0.861556
0.886918 -74.9282 0.861706
0.887069 -74.9145 0.861706
0.887219 -74.9007 0.861856
0.887369 -74.8869 0.862006
0.887519 -74.8732 0.862156
0.887669 -74.8594 0.862156
0.887819 -74.8457 0.862306
0.887969  -74.832 0.862456
0.888119 -74.8183 0.862606
0.888269 -74.8046 0.862606
0.888419 -74.7909 0.862756
0.888569 -74.7772 0.862906
0.888719 -74.7635 0.863057
0.888869 -74.7498 0.863057
 0.88902 -74.7362 0.863207
 0.88917 -74.7225 0.863357
 0.88932 -74.7089 0.863507
 0.88947 -74.6953 0.863507
 0.88962 -74.6816 0.863657
 0.88977  -74.668 0.863807
 0.88992 -74.6544 0.863957
 0.89007 -74.6408 0.863957
 0.89022 -74.6273 0.864107
 0.89037 -74.6137 0.864257
 0.89052 -74.6001 0.864407
 0.89067 -74.5866 0.864407
 0.89082  -74.573 0.864557
 0.89097 -74.5595 0.864707
0.891121 -74.5459 0.864857
0.891271 -74.5324 0.864857
0.891421 -74.5189 0.865008
0.891571 -74.5054 0.865158
0.891721 -74.4919 0.865308
0.891871 -74.4784 0.865308
0.892021 -74.4649 0.865458
0.892171 -74.4515 0.865608
0.892321  -74.438 0.865608
0.892471 -74.4246 0.865758
0.892621 -74.4111 0.865908
0.892771 -74.3977 0.866058
0.892921 -74.3843 0.866208
0.893072 -74.3708 0.866208
0.893222 -74.3574 0.866358
0.893372  -74.344 0.866508
0.893522 -74.3307 0.866658
0.893672 -74.3173 0.866658
0.893822 -74.3039 0.866808
0.893972 -74.2905 0.866958
0.894122 -74.2772 0.867109
0.894272 -74.2639 0.867109
0.894422 -74.2505 0.867259
0.894572 -74.2372 0.867409
0.894722 -74.2239 0.867559
0.894872 -74.2106 0.867559
0.895023 -74.1973 0.867709
0.895173  -74.184 0.867859
0.895323 -74.1707 0.868009
0.895473 -74.1574 0.868009
0.895623 -74.1441 0.868159
0.895773 -74.1309 0.868309
0.895923 -74.1176 0.868459
0.896073 -74.1044 0.868459
0.896223 -74.0912 0.868609
0.896373  -74.078 0.868759
0.896523 -74.0647 0.868909
0.896673 -74.0515 0.868909
0.896823 -74.0383  0.86906
0.896973 -74.0251  0.86921
0.897124  -74.012  0.86936
0.897274 -73.9988  0.86936
0.897424 -73.9856  0.86951
0.897574 -73.9725  0.86966
0.897724 -73.9593  0.86981
0.897874 -73.9462  0.86981
0.898024 -73.9331  0.86996
0.898174   -73.92  0.87011
0.898324 -73.9068  0.87026
0.898474 -73.8937  0.87026
0.898624 -73.8806  0.87041
0.898774 -73.8676  0.87056
0.898924 -73.8545  0.87071
0.899075 -73.8414  0.87086
0.899225 -73.8283  0.87086
0.899375 -73.8153 0.871011
0.899525 -73.8022 0.871161
0.899675 -73.7892 0.871311
0.899825 -73.7762 0.871461
0.899975 -73.7631 0.871611
0.900125 -73.7501 0.871611
0.900275 -73.7371 0.871761
0.900425 -73.7241 0.871911
0.900575 -73.7111 0.872061
0.900725 -73.6981 0.872211
0.900875 -73.6851 0.872361
0.901026 -73.6721 0.872511
0.901176 -73.6591 0.872511
0.901326 -73.6461 0.872661
0.901476 -73.6331 0.872811
0.901626 -73.6202 0.872961
0.901776 -73.6072 0.873112
0.901926 -73.5943 0.873262
0.902076 -73.5813 0.873262
0.902226 -73.5684 0.873412
0.902376 -73.5554 0.873562
0.902526 -73.5425 0.873712
0.902676 -73.5296 0.873862
0.902826 -73.5167 0.874012
0.902976 -73.5038 0.874162
0.903127 -73.4909 0.874162
0.903277  -73.478 0.874312
0.903427 -73.4651 0.874462
0.903577 -73.4522 0.874612
0.903727 -73.4393 0.874762
0.903877 -73.4264 0.874912
0.904027 -73.4136 0.875063
0.904177 -73.4007 0.875063
0.904327 -73.3879 0.875213
0.904477  -73.375 0.875363
0.904627 -73.3622 0.875513
0.904777 -73.3493 0.875663
0.904927 -73.3365 0.875813
0.905078 -73.3237 0.875963
0.905228 -73.3108 0.876113
0.905378  -73.298 0.876113
0.905528 -73.2852 0.876263
0.905678 -73.2724 0.876413
0.905828 -73.2596 0.876563
0.905978 -73.2468 0.876713
0.906128  -73.234 0.876863
0.906278 -73.2212 0.876863
0.906428 -73.2085 0.877014
0.906578 -73.1957 0.877164
0.906728 -73.1829 0.877314
0.906878 -73.1702 0.877464
0.907029 -73.1574 0.877614
0.907179 -73.1447 0.877764
0.907329 -73.1319 0.877914
0.907479 -73.1192 0.877914
0.907629 -73.1065 0.878064
0.907779 -73.0938 0.878214
0.907929  -73.081 0.878364
0.908079 -73.0683 0.878514
0.908229 -73.0556 0.878664
0.908379 -73.0429 0.878814
0.908529 -73.0302 0.878814
0.908679 -73.0175 0.878964
0.908829 -73.0048 0.879115
0.908979 -72.9922 0.879265
 0.90913 -72.9795 0.879415
 0.90928 -72.9668 0.879565
 0.90943 -72.9542 0.879715
 0.90958 -72.9415 0.879865
 0.90973 -72.9289 0.879865
 0.90988 -72.9162 0.880015
 0.91003 -72.9036 0.880165
 0.91018 -72.8909 0.880315
 0.91033 -72.8783 0.880465
 0.91048 -72.8657 0.880615
 0.91063 -72.8531 0.880765
 0.91078 -72.8405 0.880915
 0.91093 -72.8279 0.880915
0.911081 -72.8153 0.881066
0.911231 -72.8027 0.881216
0.911381 -72.7901 0.881366
0.911531 -72.7775 0.881516
0.911681 -72.7649 0.881666
0.911831 -72.7523 0.881816
0.911981 -72.7398 0.881966
0.912131 -72.7272 0.881966
0.912281 -72.7146 0.882116
0.912431 -72.7021 0.882266
0.912581 -72.6895 0.882416
0.912731  -72.677 0.882566
0.912881 -72.6645 0.882716
0.913032 -72.6519 0.882866
0.913182 -72.6394 0.883017
0.913332 -72.6269 0.883017
0.913482 -72.6144 0.883167
0.913632 -72.6018 0.883317
0.913782 -72.5893 0.883467
0.913932 -72.5768 0.883617
0.914082 -72.5643 0.883767
0.914232 -72.5518 0.883917
0.914382 -72.5394 0.884067
0.914532 -72.5269 0.884067
0.914682 -72.5144 0.884217
0.914832 -72.5019 0.884367
0.914982 -72.4895 0.884517
0.915133  -72.477 0.884667
0.915283 -72.4646 0.884817
0.915433 -72.4521 0.884967
0.915583 -72.4397 0.885118
0.915733 -72.4272 0.885268
0.915883 -72.4148 0.885268
0.916033 -72.4024 0.885418
0.916183 -72.3899 0.885568
0.916333 -72.3775 0.885718
0.916483 -72.3651 0.885868
0.916633 -72.3527 0.886018
0.916783 -72.3403 0.886168
0.916933 -72.3279 0.886318
0.917084 -72.3155 0.886318
0.917234 -72.3031 0.886468
0.917384 -72.2907 0.886618
0.917534 -72.2783 0.886768
0.917684  -72.266 0.886918
0.917834 -72.2536 0.887069
0.917984 -72.2412 0.887219
0.918134 -72.2289 0.887369
0.918284 -72.2165 0.887519
0.918434 -72.2042 0.887519
0.918584 -72.1918 0.887669
0.918734 -72.1795 0.887819
0.918884 -72.1672 0.887969
0.919035 -72.1548 0.888119
0.919185 -72.1425 0.888269
0.919335 -72.1302 0.888419
0.919485 -72.1179 0.888569
0.919635 -72.1056 0.888569
0.919785 -72.0933 0.888719
0.919935  -72.081 0.888869
0.920085 -72.0687  0.88902
0.920235 -72.0564  0.88917
0.920385 -72.0441  0.88932
0.920535 -72.0318  0.88947
0.920685 -72.0196  0.88962
0.920835 -72.0073  0.88977
0.920985  -71.995  0.88977
0.921136 -71.9828  0.88992
0.921286 -71.9705  0.89007
0.921436 -71.9583  0.89022
0.921586  -71.946  0.89037
0.921736 -71.9338  0.89052
0.921886 -71.9216  0.89067
0.922036 -71.9093  0.89082
0.922186 -71.8971  0.89097
0.922336 -71.8849  0.89097
0.922486 -71.8727 0.891121
0.922636 -71.8605 0.891271
0.922786 -71.8483 0.891421
0.922936 -71.8361 0.891571
0.923087 -71.8239 0.891721
0.923237 -71.8117 0.891871
0.923387 -71.7995 0.892021
0.923537 -71.7873 0.892171
0.923687 -71.7752 0.892171
0.923837  -71.763 0.892321
0.923987 -71.7508 0.892471
0.924137 -71.7387 0.892621
0.924287 -71.7265 0.892771
0.924437 -71.7144 0.892921
0.924587 -71.7022 0.893072
0.924737 -71.6901 0.893222
0.924887 -71.6779 0.893372
0.925038 -71.6658 0.893372
0.925188 -71.6537 0.893522
0.925338 -71.6415 0.893672
0.925488 -71.6294 0.893822
0.925638 -71.6173 0.893972
0.925788 -71.6052 0.894122
0.925938 -71.5931 0.894272
0.926088  -71.581 0.894422
0.926238 -71.5689 0.894572
0.926388 -71.5568 0.894572
0.926538 -71.5447 0.894722
0.926688 -71.5327 0.894872
0.926838 -71.5206 0.895023
0.926988 -71.5085 0.895173
0.927139 -71.4965 0.895323
0.927289 -71.4844 0.895473
0.927439 -71.4723 0.895623
0.927589 -71.4603 0.895773
0.927739 -71.4482 0.895773
0.927889 -71.4362 0.895923
0.928039 -71.4242 0.896073
0.928189 -71.4121 0.896223
0.928339 -71.4001 0.896373
0.928489 -71.3881 0.896523
0.928639 -71.3761 0.896673
0.928789  -71.364 0.896823
0.928939  -71.352 0.896973
 0.92909   -71.34 0.897124
 0.92924  -71.328 0.897124
 0.92939  -71.316 0.897274
 0.92954  -71.304 0.897424
 0.92969 -71.2921 0.897574
 0.92984 -71.2801 0.897724
 0.92999 -71.2681 0.897874
 0.93014 -71.2561 0.898024
 0.93029 -71.2442 0.898174
 0.93044 -71.2322 0.898324
 0.93059 -71.2202 0.898324
 0.93074 -71.2083 0.898474
 0.93089 -71.1963 0.898624
0.931041 -71.1844 0.898774
0.931191 -71.1725 0.898924
0.931341 -71.1605 0.899075
0.931491 -71.1486 0.899225
0.931641 -71.1367 0.899375
0.931791 -71.1247 0.899525
0.931941 -71.1128 0.899675
0.932091 -71.1009 0.899675
0.932241  -71.089 0.899825
0.932391 -71.0771 0.899975
0.932541 -71.0652 0.900125
0.932691 -71.0533 0.900275
0.932841 -71.0414 0.900425
0.932991 -71.0295 0.900575
0.933142 -71.0176 0.900725
0.933292 -71.0057 0.900875
0.933442 -70.9939 0.901026
0.933592  -70.982 0.901176
0.933742 -70.9701 0.901176
0.933892 -70.9583 0.901326
0.934042 -70.9464 0.901476
0.934192 -70.9346 0.901626
0.934342 -70.9227 0.901776
0.934492 -70.9109 0.901926
0.934642  -70.899 0.902076
0.934792 -70.8872 0.902226
0.934942 -70.8753 0.902376
0.935093 -70.8635 0.902526
0.935243 -70.8517 0.902676
0.935393 -70.8399 0.902676
0.935543 -70.8281 0.902826
0.935693 -70.8162 0.902976
0.935843 -70.8044 0.903127
0.935993 -70.7926 0.903277
0.936143 -70.7808 0.903427
0.936293  -70.769 0.903577
0.936443 -70.7572 0.903727
0.936593 -70.7455 0.903877
0.936743 -70.7337 0.904027
0.936893 -70.7219 0.904177
0.937044 -70.7101 0.904327
0.937194 -70.6983 0.904327
0.937344 -70.6866 0.904477
0.937494 -70.6748 0.904627
0.937644 -70.6631 0.904777
0.937794 -70.6513 0.904927
0.937944 -70.6395 0.905078
0.938094 -70.6278 0.905228
0.938244 -70.6161 0.905378
0.938394 -70.6043 0.905528
0.938544 -70.5926 0.905678
0.938694 -70.5809 0.905828
0.938844 -70.5691 0.905828
0.938994 -70.5574 0.905978
0.939145 -70.5457 0.906128
0.939295  -70.534 0.906278
0.939445 -70.5223 0.906428
0.939595 -70.5106 0.906578
0.939745 -70.4989 0.906728
0.939895 -70.4872 0.906878
0.940045 -70.4755 0.907029
0.940195 -70.4638 0.907179
0.940345 -70.4521 0.907329
0.940495 -70.4404 0.907479
0.940645 -70.4287 0.907479
0.940795 -70.4171 0.907629
0.940945 -70.4054 0.907779
0.941096 -70.3937 0.907929
0.941246 -70.3821 0.908079
0.941396 -70.3704 0.908229
0.941546 -70.3587 0.908379
0.941696 -70.3471 0.908529
0.941846 -70.3354 0.908679
0.941996 -70.3238 0.908829
0.942146 -70.3122 0.908979
0.942296 -70.3005  0.90913
0.942446 -70.2889  0.90913
0.942596 -70.2773  0.90928
0.942746 -70.2657  0.90943
0.942896  -70.254  0.90958
0.943047 -70.2424  0.90973
0.943197 -70.2308  0.90988
0.943347 -70.2192  0.91003
0.943497 -70.2076  0.91018
0.943647  -70.196  0.91033
0.943797 -70.1844  0.91048
0.943947 -70.1728  0.91063
0.944097 -70.1612  0.91078
0.944247 -70.1497  0.91078
0.944397 -70.1381  0.91093
0.944547 -70.1265 0.911081
0.944697 -70.1149 0.911231
0.944847 -70.1034 0.911381
0.944997 -70.0918 0.911531
0.945148 -70.0802 0.911681
0.945298 -70.0687 0.911831
0.945448 -70.0571 0.911981
0.945598 -70.0456 0.912131
0.945748 -70.0341 0.912281
0.945898 -70.0225 0.912431
0.946048  -70.011 0.912431
0.946198 -69.9994 0.912581
0.946348 -69.9879 0.912731
0.946498 -69.9764 0.912881
0.946648 -69.9649 0.913032
0.946798 -69.9534 0.913182
0.946948 -69.9418 0.913332
0.947099 -69.9303 0.913482
0.947249 -69.9188 0.913632
0.947399 -69.9073 0.913782
0.947549 -69.8958 0.913932
0.947699 -69.8843 0.914082
0.947849 -69.8729 0.914232
0.947999 -69.8614 0.914232
0.948149 -69.8499 0.914382
0.948299 -69.8384 0.914532
0.948449 -69.8269 0.914682
0.948599 -69.8155 0.914832
0.948749  -69.804 0.914982
0.948899 -69.7925 0.915133
 0.94905 -69.7811 0.915283
  0.9492 -69.7696 0.915433
 0.94935 -69.7582 0.915583
  0.9495 -69.7467 0.915733
 0.94965 -69.7353 0.915883
  0.9498 -69.7238 0.916033
 0.94995 -69.7124 0.916033
  0.9501  -69.701 0.916183
 0.95025 -69.6895 0.916333
  0.9504 -69.6781 0.916483
 0.95055 -69.6667 0.916633
  0.9507 -69.6553 0.916783
 0.95085 -69.6438 0.916933
0.951001 -69.6324 0.917084
0.951151  -69.621 0.917234
0.951301 -69.6096 0.917384
0.951451 -69.5982 0.917534
0.951601 -69.5868 0.917684
0.951751 -69.5754 0.917834
0.951901 -69.5641 0.917834
0.952051 -69.5527 0.917984
0.952201 -69.5413 0.918134
0.952351 -69.5299 0.918284
0.952501 -69.5185 0.918434
0.952651 -69.5072 0.918584
0.952801 -69.4958 0.918734
0.952951 -69.4844 0.918884
0.953102 -69.4731 0.919035
0.953252 -69.4617 0.919185
0.953402 -69.4504 0.919335
0.953552  -69.439 0.919485
0.953702 -69.4277 0.919635
0.953852 -69.4163 0.919635
0.954002  -69.405 0.919785
0.954152 -69.3937 0.919935
0.954302 -69.3823 0.920085
0.954452  -69.371 0.920235
0.954602 -69.3597 0.920385
0.954752 -69.3484 0.920535
0.954902 -69.3371 0.920685
0.955053 -69.3258 0.920835
0.955203 -69.3145 0.920985
0.955353 -69.3032 0.921136
0.955503 -69.2919 0.921286
0.955653 -69.2806 0.921436
0.955803 -69.2693 0.921436
0.955953  -69.258 0.921586
0.956103 -69.2467 0.921736
0.956253 -69.2354 0.921886
0.956403 -69.2241 0.922036
0.956553 -69.2129 0.922186
0.956703 -69.2016 0.922336
0.956853 -69.1903 0.922486
0.957004 -69.1791 0.922636
0.957154 -69.1678 0.922786
0.957304 -69.1565 0.922936
0.957454 -69.1453 0.923087
0.957604  -69.134 0.923237
0.957754 -69.1228 0.923237
0.957904 -69.1116 0.923387
0.958054 -69.1003 0.923537
0.958204 -69.0891 0.923687
0.958354 -69.0779 0.923837
0.958504 -69.0666 0.923987
0.958654 -69.0554 0.924137
0.958804 -69.0442 0.924287
0.958954  -69.033 0.924437
0.959105 -69.0218 0.924587
0.959255 -69.0105 0.924737
0.959405 -68.9993 0.924887
0.959555 -68.9881 0.925038
0.959705 -68.9769 0.925188
0.959855 -68.9658 0.925188
0.960005 -68.9546 0.925338
0.960155 -68.9434 0.925488
0.960305 -68.9322 0.925638
0.960455  -68.921 0.925788
0.960605 -68.9098 0.925938
0.960755 -68.8987 0.926088
0.960905 -68.8875 0.926238
0.961056 -68.8763 0.926388
0.961206 -68.8652 0.926538
0.961356  -68.854 0.926688
0.961506 -68.8428 0.926838
0.961656 -68.8317 0.926988
0.961806 -68.8205 0.926988
0.961956 -68.8094 0.927139
0.962106 -68.7983 0.927289
0.962256 -68.7871 0.927439
0.962406  -68.776 0.927589
0.962556 -68.7649 0.927739
0.962706 -68.7537 0.927889
0.962856 -68.7426 0.928039
0.963007 -68.7315 0.928189
0.963157 -68.7204 0.928339
0.963307 -68.7093 0.928489
0.963457 -68.6981 0.928639
0.963607  -68.687 0.928789
0.963757 -68.6759 0.928939
0.963907 -68.6648 0.928939
0.964057 -68.6537  0.92909
0.964207 -68.6427  0.92924
0.964357 -68.6316  0.92939
0.964507 -68.6205  0.92954
0.964657 -68.6094  0.92969
0.964807 -68.5983  0.92984
0.964957 -68.5872  0.92999
0.965108 -68.5762  0.93014
0.965258 -68.5651  0.93029
0.965408  -68.554  0.93044
0.965558  -68.543  0.93059
0.965708 -68.5319  0.93074
0.965858 -68.5209  0.93089
0.966008 -68.5098  0.93089
0.966158 -68.4988 0.931041
0.966308 -68.4877 0.931191
0.966458 -68.4767 0.931341
0.966608 -68.4657 0.931491
0.966758 -68.4546 0.931641
0.966908 -68.4436 0.931791
0.967059 -68.4326 0.931941
0.967209 -68.4215 0.932091
0.967359 -68.4105 0.932241
0.967509 -68.3995 0.932391
0.967659 -68.3885 0.932541
0.967809 -68.3775 0.932691
0.967959 -68.3665 0.932841
0.968109 -68.3555 0.932841
0.968259 -68.3445 0.932991
0.968409 -68.3335 0.933142
0.968559 -68.3225 0.933292
0.968709 -68.3115 0.933442
0.968859 -68.3005 0.933592
 0.96901 -68.2895 0.933742
 0.96916 -68.2786 0.933892
 0.96931 -68.2676 0.934042
 0.96946 -68.2566 0.934192
 0.96961 -68.2456 0.934342
 0.96976 -68.2347 0.934492
 0.96991 -68.2237 0.934642
 0.97006 -68.2128 0.934792
 0.97021 -68.2018 0.934942
 0.97036 -68.1909 0.934942
 0.97051 -68.1799 0.935093
 0.97066  -68.169 0.935243
 0.97081  -68.158 0.935393
 0.97096 -68.1471 0.935543
0.971111 -68.1361 0.935693
0.971261 -68.1252 0.935843
0.971411 -68.1143 0.935993
0.971561 -68.1034 0.936143
0.971711 -68.0924 0.936293
0.971861 -68.0815 0.936443
0.972011 -68.0706 0.936593
0.972161 -68.0597 0.936743
0.972311 -68.0488 0.936893
0.972461 -68.0379 0.936893
0.972611  -68.027 0.937044
0.972761 -68.0161 0.937194
0.972911 -68.0052 0.937344
0.973062 -67.9943 0.937494
0.973212 -67.9834 0.937644
0.973362 -67.9725 0.937794
0.973512 -67.9616 0.937944
0.973662 -67.9508 0.938094
0.973812 -67.9399 0.938244
0.973962  -67.929 0.938394
0.974112 -67.9181 0.938544
0.974262 -67.9073 0.938694
0.974412 -67.8964 0.938844
0.974562 -67.8856 0.938994
0.974712 -67.8747 0.938994
0.974862 -67.8639 0.939145
0.975013  -67.853 0.939295
0.975163 -67.8422 0.939445
0.975313 -67.8313 0.939595
0.975463 -67.8205 0.939745
0.975613 -67.8096 0.939895
0.975763 -67.7988 0.940045
0.975913  -67.788 0.940195
0.976063 -67.7772 0.940345
0.976213 -67.7663 0.940495
0.976363 -67.7555 0.940645
0.976513 -67.7447 0.940795
0.976663 -67.7339 0.940945
0.976813 -67.7231 0.941096
0.976963 -67.7123 0.941096
0.977114 -67.7015 0.941246
0.977264 -67.6907 0.941396
0.977414 -67.6799 0.941546
0.977564 -67.6691 0.941696
0.977714 -67.6583 0.941846
0.977864 -67.6475 0.941996
0.978014 -67.6367 0.942146
0.978164  -67.626 0.942296
0.978314 -67.6152 0.942446
0.978464 -67.6044 0.942596
0.978614 -67.5936 0.942746
0.978764 -67.5829 0.942896
0.978914 -67.5721 0.943047
0.979065 -67.5613 0.943197
0.979215 -67.5506 0.943197
0.979365 -67.5398 0.943347
0.979515 -67.5291 0.943497
0.979665 -67.5183 0.943647
0.979815 -67.5076 0.943797
0.979965 -67.4968 0.943947
0.980115 -67.4861 0.944097
0.980265 -67.4754 0.944247
0.980415 -67.4646 0.944397
0.980565 -67.4539 0.944547
0.980715 -67.4432 0.944697
0.980865 -67.4325 0.944847
0.981016 -67.4218 0.944997
0.981166  -67.411 0.945148
0.981316 -67.4003 0.945298
0.981466 -67.3896 0.945298
0.981616 -67.3789 0.945448
0.981766 -67.3682 0.945598
0.981916 -67.3575 0.945748
0.982066 -67.3468 0.945898
0.982216 -67.3361 0.946048
0.982366 -67.3254 0.946198
0.982516 -67.3147 0.946348
0.982666 -67.3041 0.946498
0.982816 -67.2934 0.946648
0.982966 -67.2827 0.946798
0.983117  -67.272 0.946948
0.983267 -67.2614 0.947099
0.983417 -67.2507 0.947249
0.983567   -67.24 0.947399
0.983717 -67.2294 0.947549
0.983867 -67.2187 0.947549
0.984017 -67.2081 0.947699
0.984167 -67.1974 0.947849
0.984317 -67.1868 0.947999
0.984467 -67.1761 0.948149
0.984617 -67.1655 0.948299
0.984767 -67.1548 0.948449
0.984917 -67.1442 0.948599
0.985068 -67.1336 0.948749
0.985218 -67.1229 0.948899
0.985368 -67.1123  0.94905
0.985518 -67.1017   0.9492
0.985668 -67.0911  0.94935
0.985818 -67.0804   0.9495
0.985968 -67.0698  0.94965
0.986118 -67.0592  0.94965
0.986268 -67.0486   0.9498
0.986418  -67.038  0.94995
0.986568 -67.0274   0.9501
0.986718 -67.0168  0.95025
0.986868 -67.0062   0.9504
0.987019 -66.9956  0.95055
0.987169  -66.985   0.9507
0.987319 -66.9745  0.95085
0.987469 -66.9639 0.951001
0.987619 -66.9533 0.951151
0.987769 -66.9427 0.951301
0.987919 -66.9321 0.951451
0.988069 -66.9216 0.951601
0.988219  -66.911 0.951751
0.988369 -66.9004 0.951901
0.988519 -66.8899 0.951901
0.988669 -66.8793 0.952051
0.988819 -66.8688 0.952201
0.988969 -66.8582 0.952351
 0.98912 -66.8477 0.952501
 0.98927 -66.8371 0.952651
 0.98942 -66.8266 0.952801
 0.98957  -66.816 0.952951
 0.98972 -66.8055 0.953102
 0.98987  -66.795 0.953252
 0.99002 -66.7844 0.953402
 0.99017 -66.7739 0.953552
 0.99032 -66.7634 0.953702
 0.99047 -66.7529 0.953852
 0.99062 -66.7424 0.954002
 0.99077 -66.7318 0.954152
 0.99092 -66.7213 0.954152
0.991071 -66.7108 0.954302
0.991221 -66.7003 0.954452
0.991371 -66.6898 0.954602
0.991521 -66.6793 0.954752
0.991671 -66.6688 0.954902
0.991821 -66.6583 0.955053
0.991971 -66.6478 0.955203
0.992121 -66.6374 0.955353
0.992271 -66.6269 0.955503
0.992421 -66.6164 0.955653
0.992571 -66.6059 0.955803
0.992721 -66.5954 0.955953
0.992871  -66.585 0.956103
0.993022 -66.5745 0.956253
0.993172  -66.564 0.956253
0.993322 -66.5536 0.956403
0.993472 -66.5431 0.956553
0.993622 -66.5327 0.956703
0.993772 -66.5222 0.956853
0.993922 -66.5118 0.957004
0.994072 -66.5013 0.957154
0.994222 -66.4909 0.957304
0.994372 -66.4804 0.957454
0.994522   -66.47 0.957604
0.994672 -66.4596 0.957754
0.994822 -66.4491 0.957904
0.994972 -66.4387 0.958054
0.995123 -66.4283 0.958204
0.995273 -66.4179 0.958354
0.995423 -66.4074 0.958504
0.995573  -66.397 0.958504
0.995723 -66.3866 0.958654
0.995873 -66.3762 0.958804
0.996023 -66.3658 0.958954
0.996173 -66.3554 0.959105
0.996323  -66.345 0.959255
0.996473 -66.3346 0.959405
0.996623 -66.3242 0.959555
0.996773 -66.3138 0.959705
0.996923 -66.3034 0.959855
0.997074  -66.293 0.960005
0.997224 -66.2826 0.960155
0.997374 -66.2723 0.960305
0.997524 -66.2619 0.960455
0.997674 -66.2515 0.960605
0.997824 -66.2411 0.960755
0.997974 -66.2308 0.960755
0.998124 -66.2204 0.960905
0.998274   -66.21 0.961056
0.998424 -66.1997 0.961206
0.998574 -66.1893 0.961356
0.998724  -66.179 0.961506
0.998874 -66.1686 0.961656
0.999025 -66.1583 0.961806
0.999175 -66.1479 0.961956
0.999325 -66.1376 0.962106
0.999475 -66.1273 0.962256
0.999625 -66.1169 0.962406
0.999775 -66.1066 0.962556
0.999925 -66.0963 0.962706
 1.00008 -66.0859 0.962856
 1.00023 -66.0756 0.963007
 1.00038 -66.0653 0.963007
 1.00053  -66.055 0.963157
 1.00068 -66.0447 0.963307
 1.00083 -66.0343 0.963457
 1.00098  -66.024 0.963607
 1.00113 -66.0137 0.963757
 1.00128 -66.0034 0.963907
 1.00143 -65.9931 0.964057
 1.00158 -65.9828 0.964207
 1.00173 -65.9725 0.964357
 1.00188 -65.9622 0.964507
 1.00203  -65.952 0.964657
 1.00218 -65.9417 0.964807
 1.00233 -65.9314 0.964957
 1.00248 -65.9211 0.965108
 1.00263 -65.9108 0.965258
 1.00278 -65.9006 0.965258
 1.00293 -65.8903 0.965408
 1.00308   -65.88 0.965558
 1.00323 -65.8698 0.965708
 1.00338 -65.8595 0.965858
 1.00353 -65.8493 0.966008
 1.00368  -65.839 0.966158
 1.00383 -65.8287 0.966308
 1.00398 -65.8185 0.966458
 1.00413 -65.8082 0.966608
 1.00428  -65.798 0.966758
 1.00443 -65.7878 0.966908
 1.00458 -65.7775 0.967059
 1.00473 -65.7673 0.967209
 1.00488 -65.7571 0.967359
 1.00503 -65.7468 0.967509
 1.00518 -65.7366 0.967509
 1.00533 -65.7264 0.967659
 1.00548 -65.7162 0.967809
 1.00563 -65.7059 0.967959
 1.00578 -65.6957 0.968109
 1.00593 -65.6855 0.968259
 1.00608 -65.6753 0.968409
 1.00623 -65.6651 0.968559
 1.00638 -65.6549 0.968709
 1.00653 -65.6447 0.968859
 1.00668 -65.6345  0.96901
 1.00683 -65.6243  0.96916
 1.00698 -65.6141  0.96931
 1.00713 -65.6039  0.96946
 1.00728 -65.5938  0.96961
 1.00743 -65.5836  0.96976
 1.00758 -65.5734  0.96991
 1.00773 -65.5632  0.96991
 1.00788  -65.553  0.97006
 1.00803 -65.5429  0.97021
 1.00818 -65.5327  0.97036
 1.00833 -65.5225  0.97051
 1.00848 -65.5124  0.97066
 1.00863 -65.5022  0.97081
 1.00878 -65.4921  0.97096
 1.00893 -65.4819 0.971111
 1.00908 -65.4718 0.971261
 1.00923 -65.4616 0.971411
 1.00938 -65.4515 0.971561
 1.00953 -65.4413 0.971711
 1.00968 -65.4312 0.971861
 1.00983 -65.4211 0.972011
 1.00998 -65.4109 0.972161
 1.01013 -65.4008 0.972161
 1.01028 -65.3907 0.972311
 1.01043 -65.3805 0.972461
 1.01058 -65.3704 0.972611
 1.01073 -65.3603 0.972761
 1.01088 -65.3502 0.972911
 1.01103 -65.3401 0.973062
 1.01118   -65.33 0.973212
 1.01133 -65.3199 0.973362
 1.01148 -65.3098 0.973512
 1.01163 -65.2997 0.973662
 1.01178 -65.2896 0.973812
 1.01193 -65.2795 0.973962
 1.01208 -65.2694 0.974112
 1.01223 -65.2593 0.974262
 1.01238 -65.2492 0.974412
 1.01253 -65.2391 0.974412
 1.01268  -65.229 0.974562
 1.01283 -65.2189 0.974712
 1.01298 -65.2089 0.974862
 1.01313 -65.1988 0.975013
 1.01328 -65.1887 0.975163
 1.01343 -65.1787 0.975313
 1.01358 -65.1686 0.975463
 1.01373 -65.1585 0.975613
 1.01388 -65.1485 0.975763
 1.01403 -65.1384 0.975913
 1.01418 -65.1284 0.976063
 1.01433 -65.1183 0.976213
 1.01448 -65.1083 0.976363
 1.01463 -65.0982 0.976513
 1.01478 -65.0882 0.976663
 1.01493 -65.0782 0.976813
 1.01508 -65.0681 0.976813
 1.01523 -65.0581 0.976963
 1.01538 -65.0481 0.977114
 1.01553  -65.038 0.977264
 1.01568  -65.028 0.977414
 1.01583  -65.018 0.977564
 1.01598  -65.008 0.977714
 1.01613 -64.9979 0.977864
 1.01628 -64.9879 0.978014
 1.01643 -64.9779 0.978164
 1.01658 -64.9679 0.978314
 1.01673 -64.9579 0.978464
 1.01688 -64.9479 0.978614
 1.01703 -64.9379 0.978764
 1.01718 -64.9279 0.978914
 1.01733 -64.9179 0.979065
 1.01748 -64.9079 0.979065
 1.01763 -64.8979 0.979215
 1.01778  -64.888 0.979365
 1.01793  -64.878 0.979515
 1.01808  -64.868 0.979665
 1.01823  -64.858 0.979815
 1.01838  -64.848 0.979965
 1.01853 -64.8381 0.980115
 1.01868 -64.8281 0.980265
 1.01883 -64.8181 0.980415
 1.01898 -64.8082 0.980565
 1.01913 -64.7982 0.980715
 1.01928 -64.7883 0.980865
 1.01943 -64.7783 0.981016
 1.01958 -64.7684 0.981166
 1.01973 -64.7584 0.981316
 1.01988 -64.7485 0.981466
 1.02004 -64.7385 0.981466
 1.02019 -64.7286 0.981616
 1.02034 -64.7186 0.981766
 1.02049 -64.7087 0.981916
 1.02064 -64.6988 0.982066
 1.02079 -64.6888 0.982216
 1.02094 -64.6789 0.982366
 1.02109  -64.669 0.982516
 1.02124 -64.6591 0.982666
 1.02139 -64.6492 0.982816
 1.02154 -64.6392 0.982966
 1.02169 -64.6293 0.983117
 1.02184 -64.6194 0.983267
 1.02199 -64.6095 0.983417
 1.02214 -64.5996 0.983567
 1.02229 -64.5897 0.983717
 1.02244 -64.5798 0.983867
 1.02259 -64.5699 0.983867
 1.02274   -64.56 0.984017
 1.02289 -64.5501 0.984167
 1.02304 -64.5402 0.984317
 1.02319 -64.5304 0.984467
 1.02334 -64.5205 0.984617
 1.02349 -64.5106 0.984767
 1.02364 -64.5007 0.984917
 1.02379 -64.4909 0.985068
 1.02394  -64.481 0.985218
 1.02409 -64.4711 0.985368
 1.02424 -64.4612 0.985518
 1.02439 -64.4514 0.985668
 1.02454 -64.4415 0.985818
 1.02469 -64.4317 0.985968
 1.02484 -64.4218 0.986118
 1.02499  -64.412 0.986118
 1.02514 -64.4021 0.986268
 1.02529 -64.3923 0.986418
 1.02544 -64.3824 0.986568
 1.02559 -64.3726 0.986718
 1.02574 -64.3627 0.986868
 1.02589 -64.3529 0.987019
 1.02604 -64.3431 0.987169
 1.02619 -64.3332 0.987319
 1.02634 -64.3234 0.987469
 1.02649 -64.3136 0.987619
 1.02664 -64.3038 0.987769
 1.02679  -64.294 0.987919
 1.02694 -64.2841 0.988069
 1.02709 -64.2743 0.988219
 1.02724 -64.2645 0.988369
 1.02739 -64.2547 0.988519
 1.02754 -64.2449 0.988519
 1.02769 -64.2351 0.988669
 1.02784 -64.2253 0.988819
 1.02799 -64.2155 0.988969
 1.02814 -64.2057  0.98912
 1.02829 -64.1959  0.98927
 1.02844 -64.1861  0.98942
 1.02859 -64.1763  0.98957
 1.02874 -64.1666  0.98972
 1.02889 -64.1568  0.98987
 1.02904  -64.147  0.99002
 1.02919 -64.1372  0.99017
 1.02934 -64.1275  0.99032
 1.02949 -64.1177  0.99047
 1.02964 -64.1079  0.99062
 1.02979 -64.0982  0.99077
 1.02994 -64.0884  0.99092
 1.03009 -64.0786  0.99092
 1.03024 -64.0689 0.991071
 1.03039 -64.0591 0.991221
 1.03054 -64.0494 0.991371
 1.03069 -64.0396 0.991521
 1.03084 -64.0299 0.991671
 1.03099 -64.0201 0.991821
 1.03114 -64.0104 0.991971
 1.03129 -64.0007 0.992121
 1.03144 -63.9909 0.992271
 1.03159 -63.9812 0.992421
 1.03174 -63.9715 0.992571
 1.03189 -63.9617 0.992721
 1.03204  -63.952 0.992871
 1.03219 -63.9423 0.993022
 1.03234 -63.9326 0.993172
 1.03249 -63.9229 0.993172
 1.03264 -63.9132 0.993322
 1.03279 -63.9034 0.993472
 1.03294 -63.8937 0.993622
 1.03309  -63.884 0.993772
 1.03324 -63.8743 0.993922
 1.03339 -63.8646 0.994072
 1.03354 -63.8549 0.994222
 1.03369 -63.8452 0.994372
 1.03384 -63.8355 0.994522
 1.03399 -63.8259 0.994672
 1.03414 -63.8162 0.994822
 1.03429 -63.8065 0.994972
 1.03444 -63.7968 0.995123
 1.03459 -63.7871 0.995273
 1.03474 -63.7775 0.995423
 1.03489 -63.7678 0.995573
 1.03504 -63.7581 0.995573
 1.03519 -63.7484 0.995723
 1.03534 -63.7388 0.995873
 1.03549 -63.7291 0.996023
 1.03564 -63.7195 0.996173
 1.03579 -63.7098 0.996323
 1.03594 -63.7001 0.996473
 1.03609 -63.6905 0.996623
 1.03624 -63.6808 0.996773
 1.03639 -63.6712 0.996923
 1.03654 -63.6616 0.997074
 1.03669 -63.6519 0.997224
 1.03684 -63.6423 0.997374
 1.03699 -63.6326 0.997524
 1.03714  -63.623 0.997674
 1.03729 -63.6134 0.997824
 1.03744 -63.6038 0.997974
 1.03759 -63.5941 0.997974
 1.03774 -63.5845 0.998124
 1.03789 -63.5749 0.998274
 1.03804 -63.5653 0.998424
 1.03819 -63.5557 0.998574
 1.03834  -63.546 0.998724
 1.03849 -63.5364 0.998874
 1.03864 -63.5268 0.999025
 1.03879 -63.5172 0.999175
 1.03894 -63.5076 0.999325
 1.03909  -63.498 0.999475
 1.03924 -63.4884 0.999625
 1.03939 -63.4788 0.999775
 1.03954 -63.4692 0.999925
 1.03969 -63.4597  1.00008
 1.03984 -63.4501  1.00023
 1.03999 -63.4405  1.00023
 1.04015 -63.4309  1.00038
  1.0403 -63.4213  1.00053
 1.04045 -63.4118  1.00068
  1.0406 -63.4022  1.00083
 1.04075 -63.3926  1.00098
  1.0409 -63.3831  1.00113
 1.04105 -63.3735  1.00128
  1.0412 -63.3639  1.00143
 1.04135 -63.3544  1.00158
  1.0415 -63.3448  1.00173
 1.04165 -63.3353  1.00188
  1.0418 -63.3257  1.00203
 1.04195 -63.3162  1.00218
  1.0421 -63.3066  1.00233
 1.04225 -63.2971  1.00248
  1.0424 -63.2875  1.00263
 1.04255  -63.278  1.00263
  1.0427 -63.2685  1.00278
 1.04285 -63.2589  1.00293
   1.043 -63.2494  1.00308
 1.04315 -63.2399  1.00323
  1.0433 -63.2303  1.00338
 1.04345 -63.2208  1.00353
  1.0436 -63.2113  1.00368
 1.04375 -63.2018  1.00383
  1.0439 -63.1923  1.00398
 1.04405 -63.1828  1.00413
  1.0442 -63.1732  1.00428
 1.04435 -63.1637  1.00443
  1.0445 -63.1542  1.00458
 1.04465 -63.1447  1.00473
  1.0448 -63.1352  1.00488
 1.04495 -63.1257  1.00503
  1.0451 -63.1162  1.00503
 1.04525 -63.1068  1.00518
  1.0454 -63.0973  1.00533
 1.04555 -63.0878  1.00548
  1.0457 -63.0783  1.00563
 1.04585 -63.0688  1.00578
   1.046 -63.0593  1.00593
 1.04615 -63.0499  1.00608
  1.0463 -63.0404  1.00623
 1.04645 -63.0309  1.00638
  1.0466 -63.0215  1.00653
 1.04675  -63.012  1.00668
  1.0469 -63.0025  1.00683
 1.04705 -62.9931  1.00698
  1.0472 -62.9836  1.00713
 1.04735 -62.9742  1.00728
  1.0475 -62.9647  1.00728
 1.04765 -62.9553  1.00743
  1.0478 -62.9458  1.00758
 1.04795 -62.9364  1.00773
  1.0481 -62.9269  1.00788
 1.04825 -62.9175  1.00803
  1.0484  -62.908  1.00818
 1.04855 -62.8986  1.00833
  1.0487 -62.8892  1.00848
 1.04885 -62.8797  1.00863
   1.049 -62.8703  1.00878
 1.04915 -62.8609  1.00893
  1.0493 -62.8515  1.00908
 1.04945 -62.8421  1.00923
  1.0496 -62.8326  1.00938
 1.04975 -62.8232  1.00953
  1.0499 -62.8138  1.00968
 1.05005 -62.8044  1.00968
  1.0502  -62.795  1.00983
 1.05035 -62.7856  1.00998
  1.0505 -62.7762  1.01013
 1.05065 -62.7668  1.01028
  1.0508 -62.7574  1.01043
 1.05095  -62.748  1.01058
  1.0511 -62.7386  1.01073
 1.05125 -62.7292  1.01088
  1.0514 -62.7199  1.01103
 1.05155 -62.7105  1.01118
  1.0517 -62.7011  1.01133
 1.05185 -62.6917  1.01148
   1.052 -62.6823  1.01163
 1.05215  -62.673  1.01178
  1.0523 -62.6636  1.01193
 1.05245 -62.6542  1.01208
  1.0526 -62.6449  1.01208
 1.05275 -62.6355  1.01223
  1.0529 -62.6261  1.01238
 1.05305 -62.6168  1.01253
  1.0532 -62.6074  1.01268
 1.05335 -62.5981  1.01283
  1.0535 -62.5887  1.01298
 1.05365 -62.5794  1.01313
  1.0538   -62.57  1.01328
 1.05395 -62.5607  1.01343
  1.0541 -62.5514  1.01358
 1.05425  -62.542  1.01373
  1.0544 -62.5327  1.01388
 1.05455 -62.5234  1.01403
  1.0547  -62.514  1.01418
 1.05485 -62.5047  1.01433
   1.055 -62.4954  1.01433
 1.05515 -62.4861  1.01448
  1.0553 -62.4767  1.01463
 1.05545 -62.4674  1.01478
  1.0556 -62.4581  1.01493
 1.05575 -62.4488  1.01508
  1.0559 -62.4395  1.01523
 1.05605 -62.4302  1.01538
  1.0562 -62.4209  1.01553
 1.05635 -62.4116  1.01568
  1.0565 -62.4023  1.01583
 1.05665  -62.393  1.01598
  1.0568 -62.3837  1.01613
 1.05695 -62.3744  1.01628
  1.0571 -62.3651  1.01643
 1.05725 -62.3558  1.01658
  1.0574 -62.3465  1.01673
 1.05755 -62.3373  1.01673
  1.0577  -62.328  1.01688
 1.05785 -62.3187  1.01703
   1.058 -62.3094  1.01718
 1.05815 -62.3002  1.01733
  1.0583 -62.2909  1.01748
 1.05845 -62.2816  1.01763
  1.0586 -62.2724  1.01778
 1.05875 -62.2631  1.01793
  1.0589 -62.2538  1.01808
 1.05905 -62.2446  1.01823
  1.0592 -62.2353  1.01838
 1.05935 -62.2261  1.01853
  1.0595 -62.2168  1.01868
 1.05965 -62.2076  1.01883
  1.0598 -62.1983  1.01898
 1.05995 -62.1891  1.01913
 1.06011 -62.1799  1.01913
 1.06026 -62.1706  1.01928
 1.06041 -62.1614  1.01943
 1.06056 -62.1522  1.01958
 1.06071 -62.1429  1.01973
 1.06086 -62.1337  1.01988
 1.06101 -62.1245  1.02004
 1.06116 -62.1153  1.02019
 1.06131  -62.106  1.02034
 1.06146 -62.0968  1.02049
 1.06161 -62.0876  1.02064
 1.06176 -62.0784  1.02079
 1.06191 -62.0692  1.02094
 1.06206   -62.06  1.02109
 1.06221 -62.0508  1.02124
 1.06236 -62.0416  1.02139
 1.06251 -62.0324  1.02139
 1.06266 -62.0232  1.02154
 1.06281  -62.014  1.02169
 1.06296 -62.0048  1.02184
 1.06311 -61.9956  1.02199
 1.06326 -61.9864  1.02214
 1.06341 -61.9773  1.02229
 1.06356 -61.9681  1.02244
 1.06371 -61.9589  1.02259
 1.06386 -61.9497  1.02274
 1.06401 -61.9405  1.02289
 1.06416 -61.9314  1.02304
 1.06431 -61.9222  1.02319
 1.06446  -61.913  1.02334
 1.06461 -61.9039  1.02349
 1.06476 -61.8947  1.02364
 1.06491 -61.8856  1.02379
 1.06506 -61.8764  1.02379
 1.06521 -61.8672  1.02394
 1.06536 -61.8581  1.02409
 1.06551 -61.8489  1.02424
 1.06566 -61.8398  1.02439
 1.06581 -61.8307  1.02454
 1.06596 -61.8215  1.02469
 1.06611 -61.8124  1.02484
 1.06626 -61.8032  1.02499
 1.06641 -61.7941  1.02514
 1.06656  -61.785  1.02529
 1.06671 -61.7758  1.02544
 1.06686 -61.7667  1.02559
 1.06701 -61.7576  1.02574
 1.06716 -61.7485  1.02589
 1.06731 -61.7394  1.02604
 1.06746 -61.7302  1.02604
 1.06761 -61.7211  1.02619
 1.06776  -61.712  1.02634
 1.06791 -61.7029  1.02649
 1.06806 -61.6938  1.02664
 1.06821 -61.6847  1.02679
 1.06836 -61.6756  1.02694
 1.06851 -61.6665  1.02709
 1.06866 -61.6574  1.02724
 1.06881 -61.6483  1.02739
 1.06896 -61.6392  1.02754
 1.06911 -61.6301  1.02769
 1.06926  -61.621  1.02784
 1.06941  -61.612  1.02799
 1.06956 -61.6029  1.02814
 1.06971 -61.5938  1.02829
 1.06986 -61.5847  1.02844
 1.07001 -61.5756  1.02844
 1.07016 -61.5666  1.02859
 1.07031 -61.5575  1.02874
 1.07046 -61.5484  1.02889
 1.07061 -61.5394  1.02904
 1.07076 -61.5303  1.02919
 1.07091 -61.5213  1.02934
 1.07106 -61.5122  1.02949
 1.07121 -61.5031  1.02964
 1.07136 -61.4941  1.02979
 1.07151  -61.485  1.02994
 1.07166  -61.476  1.03009
 1.07181 -61.4669  1.03024
 1.07196 -61.4579  1.03039
 1.07211 -61.4489  1.03054
 1.07226 -61.4398  1.03069
 1.07241 -61.4308  1.03069
 1.07256 -61.4218  1.03084
 1.07271 -61.4127  1.03099
 1.07286 -61.4037  1.03114
 1.07301 -61.3947  1.03129
 1.07316 -61.3856  1.03144
 1.07331 -61.3766  1.03159
 1.07346 -61.3676  1.03174
 1.07361 -61.3586  1.03189
 1.07376 -61.3496  1.03204
 1.07391 -61.3406  1.03219
 1.07406 -61.3316  1.03234
 1.07421 -61.3226  1.03249
 1.07436 -61.3136  1.03264
 1.07451 -61.3046  1.03279
 1.07466 -61.2956  1.03294
 1.07481 -61.2866  1.03294
 1.07496 -61.2776  1.03309
 1.07511 -61.2686  1.03324
 1.07526 -61.2596  1.03339
 1.07541 -61.2506  1.03354
 1.07556 -61.2416  1.03369
 1.07571 -61.2326  1.03384
 1.07586 -61.2237  1.03399
 1.07601 -61.2147  1.03414
 1.07616 -61.2057  1.03429
 1.07631 -61.1967  1.03444
 1.07646 -61.1878  1.03459
 1.07661 -61.1788  1.03474
 1.07676 -61.1698  1.03489
 1.07691 -61.1609  1.03504
 1.07706 -61.1519  1.03519
 1.07721  -61.143  1.03519
 1.07736  -61.134  1.03534
 1.07751  -61.125  1.03549
 1.07766 -61.1161  1.03564
 1.07781 -61.1071  1.03579
 1.07796 -61.0982  1.03594
 1.07811 -61.0893  1.03609
 1.07826 -61.0803  1.03624
 1.07841 -61.0714  1.03639
 1.07856 -61.0624  1.03654
 1.07871 -61.0535  1.03669
 1.07886 -61.0446  1.03684
 1.07901 -61.0356  1.03699
 1.07916 -61.0267  1.03714
 1.07931 -61.0178  1.03729
 1.07946 -61.0089  1.03744
 1.07961      -61  1.03744
 1.07976  -60.991  1.03759
 1.07991 -60.9821  1.03774
 1.08007 -60.9732  1.03789
 1.08022 -60.9643  1.03804
 1.08037 -60.9554  1.03819
 1.08052 -60.9465  1.03834
 1.08067 -60.9376  1.03849
 1.08082 -60.9287  1.03864
 1.08097 -60.9198  1.03879
 1.08112 -60.9109  1.03894
 1.08127  -60.902  1.03909
 1.08142 -60.8931  1.03924
 1.08157 -60.8842  1.03939
 1.08172 -60.8753  1.03954
 1.08187 -60.8665  1.03969
 1.08202 -60.8576  1.03969
 1.08217 -60.8487  1.03984
 1.08232 -60.8398  1.03999
 1.08247  -60.831  1.04015
 1.08262 -60.8221   1.0403
 1.08277 -60.8132  1.04045
 1.08292 -60.8044   1.0406
 1.08307 -60.7955  1.04075
 1.08322 -60.7866   1.0409
 1.08337 -60.7778  1.04105
 1.08352 -60.7689   1.0412
 1.08367 -60.7601  1.04135
 1.08382 -60.7512   1.0415
 1.08397 -60.7424  1.04165
 1.08412 -60.7335   1.0418
 1.08427 -60.7247  1.04195
 1.08442 -60.7158  1.04195
 1.08457  -60.707   1.0421
 1.08472 -60.6982  1.04225
 1.08487 -60.6893   1.0424
 1.08502 -60.6805  1.04255
 1.08517 -60.6717   1.0427
 1.08532 -60.6628  1.04285
 1.08547  -60.654    1.043
 1.08562 -60.6452  1.04315
 1.08577 -60.6364   1.0433
 1.08592 -60.6275  1.04345
 1.08607 -60.6187   1.0436
 1.08622 -60.6099  1.04375
 1.08637 -60.6011   1.0439
 1.08652 -60.5923  1.04405
 1.08667 -60.5835   1.0442
 1.08682 -60.5747   1.0442
 1.08697 -60.5659  1.04435
 1.08712 -60.5571   1.0445
 1.08727 -60.5483  1.04465
 1.08742 -60.5395   1.0448
 1.08757 -60.5307  1.04495
 1.08772 -60.5219   1.0451
 1.08787 -60.5131  1.04525
 1.08802 -60.5043   1.0454
 1.08817 -60.4956  1.04555
 1.08832 -60.4868   1.0457
 1.08847  -60.478  1.04585
 1.08862 -60.4692    1.046
 1.08877 -60.4605  1.04615
 1.08892 -60.4517   1.0463
 1.08907 -60.4429  1.04645
 1.08922 -60.4342  1.04645
 1.08937 -60.4254   1.0466
 1.08952 -60.4166  1.04675
 1.08967 -60.4079   1.0469
 1.08982 -60.3991  1.04705
 1.08997 -60.3904   1.0472
 1.09012 -60.3816  1.04735
 1.09027 -60.3729   1.0475
 1.09042 -60.3641  1.04765
 1.09057 -60.3554   1.0478
 1.09072 -60.3466  1.04795
 1.09087 -60.3379   1.0481
 1.09102 -60.3291  1.04825
 1.09117 -60.3204   1.0484
 1.09132 -60.3117  1.04855
 1.09147  -60.303  1.04855
 1.09162 -60.2942   1.0487
 1.09177 -60.2855  1.04885
 1.09192 -60.2768    1.049
 1.09207 -60.2681  1.04915
 1.09222 -60.2593   1.0493
 1.09237 -60.2506  1.04945
 1.09252 -60.2419   1.0496
 1.09267 -60.2332  1.04975
 1.09282 -60.2245   1.0499
 1.09297 -60.2158  1.05005
 1.09312 -60.2071   1.0502
 1.09327 -60.1984  1.05035
 1.09342 -60.1897   1.0505
 1.09357  -60.181  1.05065
 1.09372 -60.1723   1.0508
 1.09387 -60.1636   1.0508
 1.09402 -60.1549  1.05095
 1.09417 -60.1462   1.0511
 1.09432 -60.1375  1.05125
 1.09447 -60.1288   1.0514
 1.09462 -60.1202  1.05155
 1.09477 -60.1115   1.0517
 1.09492 -60.1028  1.05185
 1.09507 -60.0941    1.052
 1.09522 -60.0855  1.05215
 1.09537 -60.0768   1.0523
 1.09552 -60.0681  1.05245
 1.09567 -60.0595   1.0526
 1.09582 -60.0508  1.05275
 1.09597 -60.0422   1.0529
 1.09612 -60.0335   1.0529
 1.09627 -60.0248  1.05305
 1.09642 -60.0162   1.0532
 1.09657 -60.0075  1.05335
 1.09672 -59.9989   1.0535
 1.09687 -59.9902  1.05365
 1.09702 -59.9816   1.0538
 1.09717  -59.973  1.05395
 1.09732 -59.9643   1.0541
 1.09747 -59.9557  1.05425
 1.09762 -59.9471   1.0544
 1.09777 -59.9384  1.05455
 1.09792 -59.9298   1.0547
 1.09807 -59.9212  1.05485
 1.09822 -59.9125    1.055
 1.09837 -59.9039  1.05515
 1.09852 -59.8953  1.05515
 1.09867 -59.8867   1.0553
 1.09882 -59.8781  1.05545
 1.09897 -59.8695   1.0556
 1.09912 -59.8608  1.05575
 1.09927 -59.8522   1.0559
 1.09942 -59.8436  1.05605
 1.09957  -59.835   1.0562
 1.09972 -59.8264  1.05635
 1.09987 -59.8178   1.0565
 1.10003 -59.8092  1.05665
 1.10018 -59.8006   1.0568
 1.10033 -59.7921  1.05695
 1.10048 -59.7835   1.0571
 1.10063 -59.7749  1.05725
 1.10078 -59.7663  1.05725
 1.10093 -59.7577   1.0574
 1.10108 -59.7491  1.05755
 1.10123 -59.7406   1.0577
 1.10138  -59.732  1.05785
 1.10153 -59.7234    1.058
 1.10168 -59.7148  1.05815
 1.10183 -59.7063   1.0583
 1.10198 -59.6977  1.05845
 1.10213 -59.6891   1.0586
 1.10228 -59.6806  1.05875
 1.10243  -59.672   1.0589
 1.10258 -59.6635  1.05905
 1.10273 -59.6549   1.0592
 1.10288 -59.6464   1.0592
 1.10303 -59.6378  1.05935
 1.10318 -59.6293   1.0595
 1.10333 -59.6207  1.05965
 1.10348 -59.6122   1.0598
 1.10363 -59.6036  1.05995
 1.10378 -59.5951  1.06011
 1.10393 -59.5866  1.06026
 1.10408  -59.578  1.06041
 1.10423 -59.5695  1.06056
 1.10438  -59.561  1.06071
 1.10453 -59.5525  1.06086
 1.10468 -59.5439  1.06101
 1.10483 -59.5354  1.06116
 1.10498 -59.5269  1.06131
 1.10513 -59.5184  1.06131
 1.10528 -59.5099  1.06146
 1.10543 -59.5014  1.06161
 1.10558 -59.4929  1.06176
 1.10573 -59.4843  1.06191
 1.10588 -59.4758  1.06206
 1.10603 -59.4673  1.06221
 1.10618 -59.4588  1.06236
 1.10633 -59.4503  1.06251
 1.10648 -59.4418  1.06266
 1.10663 -59.4334  1.06281
 1.10678 -59.4249  1.06296
 1.10693 -59.4164  1.06311
 1.10708 -59.4079  1.06326
 1.10723 -59.3994  1.06341
 1.10738 -59.3909  1.06341
 1.10753 -59.3824  1.06356
 1.10768  -59.374  1.06371
 1.10783 -59.3655  1.06386
 1.10798  -59.357  1.06401
 1.10813 -59.3486  1.06416
 1.10828 -59.3401  1.06431
 1.10843 -59.3316  1.06446
 1.10858 -59.3232  1.06461
 1.10873 -59.3147  1.06476
 1.10888 -59.3062  1.06491
 1.10903 -59.2978  1.06506
 1.10918 -59.2893  1.06521
 1.10933 -59.2809  1.06536
 1.10948 -59.2724  1.06536
 1.10963  -59.264  1.06551
 1.10978 -59.2556  1.06566
 1.10993 -59.2471  1.06581
 1.11008 -59.2387  1.06596
 1.11023 -59.2302  1.06611
 1.11038 -59.2218  1.06626
 1.11053 -59.2134  1.06641
 1.11068 -59.2049  1.06656
 1.11083 -59.1965  1.06671
 1.11098 -59.1881  1.06686
 1.11113 -59.1797  1.06701
 1.11128 -59.1713  1.06716
 1.11143 -59.1628  1.06731
 1.11158 -59.1544  1.06731
 1.11173  -59.146  1.06746
 1.11188 -59.1376  1.06761
 1.11203 -59.1292  1.06776
 1.11218 -59.1208  1.06791
 1.11233 -59.1124  1.06806
 1.11248  -59.104  1.06821
 1.11263 -59.0956  1.06836
 1.11278 -59.0872  1.06851
 1.11293 -59.0788  1.06866
 1.11308 -59.0704  1.06881
 1.11323  -59.062  1.06896
 1.11338 -59.0536  1.06911
 1.11353 -59.0452  1.06926
 1.11368 -59.0368  1.06926
 1.11383 -59.0285  1.06941
 1.11398 -59.0201  1.06956
 1.11413 -59.0117  1.06971
 1.11428 -59.0033  1.06986
 1.11443  -58.995  1.07001
 1.11458 -58.9866  1.07016
 1.11473 -58.9782  1.07031
 1.11488 -58.9699  1.07046
 1.11503 -58.9615  1.07061
 1.11518 -58.9531  1.07076
 1.11533 -58.9448  1.07091
 1.11548 -58.9364  1.07106
 1.11563 -58.9281  1.07121
 1.11578 -58.9197  1.07136
 1.11593 -58.9114  1.07136
 1.11608  -58.903  1.07151
 1.11623 -58.8947  1.07166
 1.11638 -58.8864  1.07181
 1.11653  -58.878  1.07196
 1.11668 -58.8697  1.07211
 1.11683 -58.8613  1.07226
 1.11698  -58.853  1.07241
 1.11713 -58.8447  1.07256
 1.11728 -58.8364  1.07271
 1.11743  -58.828  1.07286
 1.11758 -58.8197  1.07301
 1.11773 -58.8114  1.07316
 1.11788 -58.8031  1.07331
 1.11803 -58.7948  1.07331
 1.11818 -58.7864  1.07346
 1.11833 -58.7781  1.07361
 1.11848 -58.7698  1.07376
 1.11863 -58.7615  1.07391
 1.11878 -58.7532  1.07406
 1.11893 -58.7449  1.07421
 1.11908 -58.7366  1.07436
 1.11923 -58.7283  1.07451
 1.11938   -58.72  1.07466
 1.11953 -58.7117  1.07481
 1.11968 -58.7034  1.07496
 1.11983 -58.6951  1.07511
 1.11998 -58.6869  1.07526
 1.12014 -58.6786  1.07526
 1.12029 -58.6703  1.07541
 1.12044  -58.662  1.07556
 1.12059 -58.6537  1.07571
 1.12074 -58.6455  1.07586
 1.12089 -58.6372  1.07601
 1.12104 -58.6289  1.07616
 1.12119 -58.6207  1.07631
 1.12134 -58.6124  1.07646
 1.12149 -58.6041  1.07661
 1.12164 -58.5959  1.07676
 1.12179 -58.5876  1.07691
 1.12194 -58.5794  1.07706
 1.12209 -58.5711  1.07706
 1.12224 -58.5629  1.07721
 1.12239 -58.5546  1.07736
 1.12254 -58.5464  1.07751
 1.12269 -58.5381  1.07766
 1.12284 -58.5299  1.07781
 1.12299 -58.5216  1.07796
 1.12314 -58.5134  1.07811
 1.12329 -58.5052  1.07826
 1.12344 -58.4969  1.07841
 1.12359 -58.4887  1.07856
 1.12374 -58.4805  1.07871
 1.12389 -58.4723  1.07886
 1.12404  -58.464  1.07886
 1.12419 -58.4558  1.07901
 1.12434 -58.4476  1.07916
 1.12449 -58.4394  1.07931
 1.12464 -58.4312  1.07946
 1.12479 -58.4229  1.07961
 1.12494 -58.4147  1.07976
 1.12509 -58.4065  1.07991
 1.12524 -58.3983  1.08007
 1.12539 -58.3901  1.08022
 1.12554 -58.3819  1.08037
 1.12569 -58.3737  1.08052
 1.12584 -58.3655  1.08067
 1.12599 -58.3573  1.08067
 1.12614 -58.3492  1.08082
 1.12629  -58.341  1.08097
 1.12644 -58.3328  1.08112
 1.12659 -58.3246  1.08127
 1.12674 -58.3164  1.08142
 1.12689 -58.3082  1.08157
 1.12704 -58.3001  1.08172
 1.12719 -58.2919  1.08187
 1.12734 -58.2837  1.08202
 1.12749 -58.2755  1.08217
 1.12764 -58.2674  1.08232
 1.12779 -58.2592  1.08247
 1.12794 -58.2511  1.08247
 1.12809 -58.2429  1.08262
 1.12824 -58.2347  1.08277
 1.12839 -58.2266  1.08292
 1.12854 -58.2184  1.08307
 1.12869 -58.2103  1.08322
 1.12884 -58.2021  1.08337
 1.12899  -58.194  1.08352
 1.12914 -58.1858  1.08367
 1.12929 -58.1777  1.08382
 1.12944 -58.1696  1.08397
 1.12959 -58.1614  1.08412
 1.12974 -58.1533  1.08427
 1.12989 -58.1452  1.08427
 1.13004  -58.137  1.08442
 1.13019 -58.1289  1.08457
 1.13034 -58.1208  1.08472
 1.13049 -58.1127  1.08487
 1.13064 -58.1045  1.08502
 1.13079 -58.0964  1.08517
 1.13094 -58.0883  1.08532
 1.13109 -58.0802  1.08547
 1.13124 -58.0721  1.08562
 1.13139  -58.064  1.08577
 1.13154 -58.0559  1.08592
 1.13169 -58.0478  1.08592
 1.13184 -58.0397  1.08607
 1.13199 -58.0316  1.08622
 1.13214 -58.0235  1.08637
 1.13229 -58.0154  1.08652
 1.13244 -58.0073  1.08667
 1.13259 -57.9992  1.08682
 1.13274 -57.9911  1.08697
 1.13289  -57.983  1.08712
 1.13304 -57.9749  1.08727
 1.13319 -57.9669  1.08742
 1.13334 -57.9588  1.08757
 1.13349 -57.9507  1.08772
 1.13364 -57.9426  1.08772
 1.13379 -57.9346  1.08787
 1.13394 -57.9265  1.08802
 1.13409 -57.9184  1.08817
 1.13424 -57.9104  1.08832
 1.13439 -57.9023  1.08847
 1.13454 -57.8942  1.08862
 1.13469 -57.8862  1.08877
 1.13484 -57.8781  1.08892
 1.13499 -57.8701  1.08907
 1.13514  -57.862  1.08922
 1.13529  -57.854  1.08937
 1.13544 -57.8459  1.08937
 1.13559 -57.8379  1.08952
 1.13574 -57.8298  1.08967
 1.13589 -57.8218  1.08982
 1.13604 -57.8138  1.08997
 1.13619 -57.8057  1.09012
 1.13634 -57.7977  1.09027
 1.13649 -57.7897  1.09042
 1.13664 -57.7816  1.09057
 1.13679 -57.7736  1.09072
 1.13694 -57.7656  1.09087
 1.13709 -57.7576  1.09102
 1.13724 -57.7496  1.09117
 1.13739 -57.7416  1.09117
 1.13754 -57.7335  1.09132
 1.13769 -57.7255  1.09147
 1.13784 -57.7175  1.09162
 1.13799 -57.7095  1.09177
 1.13814 -57.7015  1.09192
 1.13829 -57.6935  1.09207
 1.13844 -57.6855  1.09222
 1.13859 -57.6775  1.09237
 1.13874 -57.6695  1.09252
 1.13889 -57.6615  1.09252
 1.13904 -57.6536  1.09267
 1.13919 -57.6456  1.09282
 1.13934 -57.6376  1.09297
 1.13949 -57.6296  1.09312
 1.13964 -57.6216  1.09327
 1.13979 -57.6137  1.09342
 1.13994 -57.6057  1.09357
  1.1401 -57.5977  1.09372
 1.14025 -57.5897  1.09387
  1.1404 -57.5818  1.09402
 1.14055 -57.5738  1.09402
  1.1407 -57.5659  1.09417
 1.14085 -57.5579  1.09432
   1.141 -57.5499  1.09447
 1.14115  -57.542  1.09462
  1.1413  -57.534  1.09477
 1.14145 -57.5261  1.09492
  1.1416 -57.5181  1.09507
 1.14175 -57.5102  1.09522
  1.1419 -57.5023  1.09537
 1.14205 -57.4943  1.09552
  1.1422 -57.4864  1.09552
 1.14235 -57.4784  1.09567
  1.1425 -57.4705  1.09582
 1.14265 -57.4626  1.09597
  1.1428 -57.4547  1.09612
 1.14295 -57.4467  1.09627
  1.1431 -57.4388  1.09642
 1.14325 -57.4309  1.09657
  1.1434  -57.423  1.09672
 1.14355 -57.4151  1.09687
  1.1437 -57.4072  1.09687
 1.14385 -57.3992  1.09702
   1.144 -57.3913  1.09717
 1.14415 -57.3834  1.09732
  1.1443 -57.3755  1.09747
 1.14445 -57.3676  1.09762
  1.1446 -57.3597  1.09777
 1.14475 -57.3518  1.09792
  1.1449  -57.344  1.09807
 1.14505 -57.3361  1.09822
  1.1452 -57.3282  1.09822
 1.14535 -57.3203  1.09837
  1.1455 -57.3124  1.09852
 1.14565 -57.3045  1.09867
  1.1458 -57.2967  1.09882
 1.14595 -57.2888  1.09897
  1.1461 -57.2809  1.09912
 1.14625  -57.273  1.09927
  1.1464 -57.2652  1.09942
 1.14655 -57.2573  1.09957
  1.1467 -57.2494  1.09972
 1.14685 -57.2416  1.09972
   1.147 -57.2337  1.09987
 1.14715 -57.2259  1.10003
  1.1473  -57.218  1.10018
 1.14745 -57.2102  1.10033
  1.1476 -57.2023  1.10048
 1.14775 -57.1945  1.10063
  1.1479 -57.1866  1.10078
 1.14805 -57.1788  1.10093
  1.1482  -57.171  1.10108
 1.14835 -57.1631  1.10108
  1.1485 -57.1553  1.10123
 1.14865 -57.1475  1.10138
  1.1488 -57.1396  1.10153
 1.14895 -57.1318  1.10168
  1.1491  -57.124  1.10183
 1.14925 -57.1162  1.10198
  1.1494 -57.1084  1.10213
 1.14955 -57.1005  1.10228
  1.1497 -57.0927  1.10243
 1.14985 -57.0849  1.10243
    1.15 -57.0771  1.10258