 kgrid  ValNew  Policy 
    0.85 -70.0102 0.862606
 0.85015 -69.9964 0.862756
  0.8503 -69.9825 0.862906
 0.85045 -69.9687 0.863057
  0.8506 -69.9548 0.863057
 0.85075  -69.941 0.863207
  0.8509 -69.9272 0.863357
0.851051 -69.9134 0.863507
0.851201 -69.8996 0.863507
0.851351 -69.8858 0.863657
0.851501  -69.872 0.863807
0.851651 -69.8582 0.863957
0.851801 -69.8445 0.863957
0.851951 -69.8307 0.864107
0.852101  -69.817 0.864257
0.852251 -69.8032 0.864407
0.852401 -69.7895 0.864407
0.852551 -69.7758 0.864557
0.852701 -69.7621 0.864707
0.852851 -69.7484 0.864857
0.853002 -69.7347 0.864857
0.853152  -69.721 0.865008
0.853302 -69.7073 0.865158
0.853452 -69.6937 0.865308
0.853602   -69.68 0.865308
0.853752 -69.6664 0.865458
0.853902 -69.6527 0.865608
0.854052 -69.6391 0.865758
0.854202 -69.6255 0.865758
0.854352 -69.6119 0.865908
0.854502 -69.5983 0.866058
0.854652 -69.5847 0.866208
0.854802 -69.5711 0.866208
0.854952 -69.5576 0.866358
0.855103  -69.544 0.866508
0.855253 -69.5305 0.866658
0.855403 -69.5169 0.866808
0.855553 -69.5034 0.866808
0.855703 -69.4899 0.866958
0.855853 -69.4764 0.867109
0.856003 -69.4629 0.867259
0.856153 -69.4494 0.867259
0.856303 -69.4359 0.867409
0.856453 -69.4224 0.867559
0.856603 -69.4089 0.867709
0.856753 -69.3955 0.867709
0.856903  -69.382 0.867859
0.857054 -69.3686 0.868009
0.857204 -69.3551 0.868159
0.857354 -69.3417 0.868159
0.857504 -69.3283 0.868309
0.857654 -69.3149 0.868459
0.857804 -69.3015 0.868609
0.857954 -69.2881 0.868609
0.858104 -69.2747 0.868759
0.858254 -69.2614 0.868909
0.858404  -69.248  0.86906
0.858554 -69.2347  0.86921
0.858704 -69.2213  0.86921
0.858854  -69.208  0.86936
0.859005 -69.1946  0.86951
0.859155 -69.1813  0.86966
0.859305  -69.168  0.86966
0.859455 -69.1547  0.86981
0.859605 -69.1414  0.86996
0.859755 -69.1282  0.87011
0.859905 -69.1149  0.87011
0.860055 -69.1016  0.87026
0.860205 -69.0884  0.87041
0.860355 -69.0751  0.87056
0.860505 -69.0619  0.87056
0.860655 -69.0486  0.87071
0.860805 -69.0354  0.87086
0.860955 -69.0222 0.871011
0.861106  -69.009 0.871161
0.861256 -68.9958 0.871311
0.861406 -68.9826 0.871461
0.861556 -68.9694 0.871461
0.861706 -68.9562 0.871611
0.861856 -68.9431 0.871761
0.862006 -68.9299 0.871911
0.862156 -68.9167 0.872061
0.862306 -68.9036 0.872211
0.862456 -68.8904 0.872211
0.862606 -68.8773 0.872361
0.862756 -68.8641 0.872511
0.862906  -68.851 0.872661
0.863057 -68.8379 0.872811
0.863207 -68.8248 0.872961
0.863357 -68.8117 0.873112
0.863507 -68.7986 0.873262
0.863657 -68.7855 0.873262
0.863807 -68.7724 0.873412
0.863957 -68.7593 0.873562
0.864107 -68.7462 0.873712
0.864257 -68.7331 0.873862
0.864407 -68.7201 0.874012
0.864557  -68.707 0.874162
0.864707  -68.694 0.874162
0.864857 -68.6809 0.874312
0.865008 -68.6679 0.874462
0.865158 -68.6548 0.874612
0.865308 -68.6418 0.874762
0.865458 -68.6288 0.874912
0.865608 -68.6158 0.875063
0.865758 -68.6027 0.875213
0.865908 -68.5897 0.875213
0.866058 -68.5767 0.875363
0.866208 -68.5637 0.875513
0.866358 -68.5508 0.875663
0.866508 -68.5378 0.875813
0.866658 -68.5248 0.875963
0.866808 -68.5118 0.876113
0.866958 -68.4989 0.876263
0.867109 -68.4859 0.876263
0.867259  -68.473 0.876413
0.867409   -68.46 0.876563
0.867559 -68.4471 0.876713
0.867709 -68.4341 0.876863
0.867859 -68.4212 0.877014
0.868009 -68.4083 0.877164
0.868159 -68.3954 0.877164
0.868309 -68.3825 0.877314
0.868459 -68.3696 0.877464
0.868609 -68.3567 0.877614
0.868759 -68.3438 0.877764
0.868909 -68.3309 0.877914
 0.86906  -68.318 0.878064
 0.86921 -68.3051 0.878214
 0.86936 -68.2923 0.878214
 0.86951 -68.2794 0.878364
 0.86966 -68.2666 0.878514
 0.86981 -68.2537 0.878664
 0.86996 -68.2409 0.878814
 0.87011  -68.228 0.878964
 0.87026 -68.2152 0.879115
 0.87041 -68.2024 0.879265
 0.87056 -68.1896 0.879265
 0.87071 -68.1767 0.879415
 0.87086 -68.1639 0.879565
0.871011 -68.1511 0.879715
0.871161 -68.1383 0.879865
0.871311 -68.1256 0.880015
0.871461 -68.1128 0.880165
0.871611    -68.1 0.880315
0.871761 -68.0872 0.880315
0.871911 -68.0744 0.880465
0.872061 -68.0617 0.880615
0.872211 -68.0489 0.880765
0.872361 -68.0362 0.880915
0.872511 -68.0234 0.881066
0.872661 -68.0107 0.881216
0.872811  -67.998 0.881366
0.872961 -67.9852 0.881516
0.873112 -67.9725 0.881516
0.873262 -67.9598 0.881666
0.873412 -67.9471 0.881816
0.873562 -67.9344 0.881966
0.873712 -67.9217 0.882116
0.873862  -67.909 0.882266
0.874012 -67.8963 0.882416
0.874162 -67.8836 0.882566
0.874312 -67.8709 0.882716
0.874462 -67.8582 0.882716
0.874612 -67.8456 0.882866
0.874762 -67.8329 0.883017
0.874912 -67.8203 0.883167
0.875063 -67.8076 0.883317
0.875213  -67.795 0.883467
0.875363 -67.7823 0.883617
0.875513 -67.7697 0.883767
0.875663 -67.7571 0.883917
0.875813 -67.7444 0.883917
0.875963 -67.7318 0.884067
0.876113 -67.7192 0.884217
0.876263 -67.7066 0.884367
0.876413  -67.694 0.884517
0.876563 -67.6814 0.884667
0.876713 -67.6688 0.884817
0.876863 -67.6562 0.884967
0.877014 -67.6436 0.885118
0.877164  -67.631 0.885118
0.877314 -67.6185 0.885268
0.877464 -67.6059 0.885418
0.877614 -67.5933 0.885568
0.877764 -67.5808 0.885718
0.877914 -67.5682 0.885868
0.878064 -67.5557 0.886018
0.878214 -67.5432 0.886168
0.878364 -67.5306 0.886318
0.878514 -67.5181 0.886318
0.878664 -67.5056 0.886468
0.878814 -67.4931 0.886618
0.878964 -67.4805 0.886768
0.879115  -67.468 0.886918
0.879265 -67.4555 0.887069
0.879415  -67.443 0.887219
0.879565 -67.4305 0.887369
0.879715 -67.4181 0.887519
0.879865 -67.4056 0.887519
0.880015 -67.3931 0.887669
0.880165 -67.3806 0.887819
0.880315 -67.3682 0.887969
0.880465 -67.3557 0.888119
0.880615 -67.3433 0.888269
0.880765 -67.3308 0.888419
0.880915 -67.3184 0.888569
0.881066 -67.3059 0.888719
0.881216 -67.2935 0.888869
0.881366 -67.2811 0.888869
0.881516 -67.2686  0.88902
0.881666 -67.2562  0.88917
0.881816 -67.2438  0.88932
0.881966 -67.2314  0.88947
0.882116  -67.219  0.88962
0.882266 -67.2066  0.88977
0.882416 -67.1942  0.88992
0.882566 -67.1818  0.89007
0.882716 -67.1694  0.89022
0.882866 -67.1571  0.89022
0.883017 -67.1447  0.89037
0.883167 -67.1323  0.89052
0.883317   -67.12  0.89067
0.883467 -67.1076  0.89082
0.883617 -67.0952  0.89097
0.883767 -67.0829 0.891121
0.883917 -67.0706 0.891271
0.884067 -67.0582 0.891421
0.884217 -67.0459 0.891421
0.884367 -67.0336 0.891571
0.884517 -67.0212 0.891721
0.884667 -67.0089 0.891871
0.884817 -66.9966 0.892021
0.884967 -66.9843 0.892171
0.885118  -66.972 0.892321
0.885268 -66.9597 0.892471
0.885418 -66.9474 0.892621
0.885568 -66.9351 0.892771
0.885718 -66.9229 0.892771
0.885868 -66.9106 0.892921
0.886018 -66.8983 0.893072
0.886168  -66.886 0.893222
0.886318 -66.8738 0.893372
0.886468 -66.8615 0.893522
0.886618 -66.8493 0.893672
0.886768  -66.837 0.893822
0.886918 -66.8248 0.893972
0.887069 -66.8125 0.894122
0.887219 -66.8003 0.894122
0.887369 -66.7881 0.894272
0.887519 -66.7759 0.894422
0.887669 -66.7636 0.894572
0.887819 -66.7514 0.894722
0.887969 -66.7392 0.894872
0.888119  -66.727 0.895023
0.888269 -66.7148 0.895173
0.888419 -66.7026 0.895323
0.888569 -66.6905 0.895473
0.888719 -66.6783 0.895623
0.888869 -66.6661 0.895623
 0.88902 -66.6539 0.895773
 0.88917 -66.6417 0.895923
 0.88932 -66.6296 0.896073
 0.88947 -66.6174 0.896223
 0.88962 -66.6053 0.896373
 0.88977 -66.5931 0.896523
 0.88992  -66.581 0.896673
 0.89007 -66.5688 0.896823
 0.89022 -66.5567 0.896973
 0.89037 -66.5446 0.896973
 0.89052 -66.5325 0.897124
 0.89067 -66.5203 0.897274
 0.89082 -66.5082 0.897424
 0.89097 -66.4961 0.897574
0.891121  -66.484 0.897724
0.891271 -66.4719 0.897874
0.891421 -66.4598 0.898024
0.891571 -66.4477 0.898174
0.891721 -66.4356 0.898324
0.891871 -66.4236 0.898324
0.892021 -66.4115 0.898474
0.892171 -66.3994 0.898624
0.892321 -66.3873 0.898774
0.892471 -66.3753 0.898924
0.892621 -66.3632 0.899075
0.892771 -66.3512 0.899225
0.892921 -66.3391 0.899375
0.893072 -66.3271 0.899525
0.893222  -66.315 0.899675
0.893372  -66.303 0.899825
0.893522  -66.291 0.899825
0.893672  -66.279 0.899975
0.893822 -66.2669 0.900125
0.893972 -66.2549 0.900275
0.894122 -66.2429 0.900425
0.894272 -66.2309 0.900575
0.894422 -66.2189 0.900725
0.894572 -66.2069 0.900875
0.894722 -66.1949 0.901026
0.894872 -66.1829 0.901176
0.895023 -66.1709 0.901326
0.895173  -66.159 0.901476
0.895323  -66.147 0.901476
0.895473  -66.135 0.901626
0.895623  -66.123 0.901776
0.895773 -66.1111 0.901926
0.895923 -66.0991 0.902076
0.896073 -66.0872 0.902226
0.896223 -66.0752 0.902376
0.896373 -66.0633 0.902526
0.896523 -66.0513 0.902676
0.896673 -66.0394 0.902826
0.896823 -66.0275 0.902976
0.896973 -66.0155 0.903127
0.897124 -66.0036 0.903277
0.897274 -65.9917 0.903277
0.897424 -65.9798 0.903427
0.897574 -65.9679 0.903577
0.897724  -65.956 0.903727
0.897874  -65.944 0.903877
0.898024 -65.9321 0.904027
0.898174 -65.9203 0.904177
0.898324 -65.9084 0.904327
0.898474 -65.8965 0.904477
0.898624 -65.8846 0.904627
0.898774 -65.8727 0.904777
0.898924 -65.8609 0.904927
0.899075  -65.849 0.905078
0.899225 -65.8371 0.905078
0.899375 -65.8253 0.905228
0.899525 -65.8134 0.905378
0.899675 -65.8016 0.905528
0.899825 -65.7897 0.905678
0.899975 -65.7779 0.905828
0.900125  -65.766 0.905978
0.900275 -65.7542 0.906128
0.900425 -65.7424 0.906278
0.900575 -65.7305 0.906428
0.900725 -65.7187 0.906578
0.900875 -65.7069 0.906728
0.901026 -65.6951 0.906878
0.901176 -65.6833 0.906878
0.901326 -65.6715 0.907029
0.901476 -65.6597 0.907179
0.901626 -65.6479 0.907329
0.901776 -65.6361 0.907479
0.901926 -65.6243 0.907629
0.902076 -65.6125 0.907779
0.902226 -65.6007 0.907929
0.902376  -65.589 0.908079
0.902526 -65.5772 0.908229
0.902676 -65.5654 0.908379
0.902826 -65.5537 0.908529
0.902976 -65.5419 0.908679
0.903127 -65.5301 0.908679
0.903277 -65.5184 0.908829
0.903427 -65.5067 0.908979
0.903577 -65.4949  0.90913
0.903727 -65.4832  0.90928
0.903877 -65.4714  0.90943
0.904027 -65.4597  0.90958
0.904177  -65.448  0.90973
0.904327 -65.4363  0.90988
0.904477 -65.4245  0.91003
0.904627 -65.4128  0.91018
0.904777 -65.4011  0.91033
0.904927 -65.3894  0.91048
0.905078 -65.3777  0.91063
0.905228  -65.366  0.91063
0.905378 -65.3543  0.91078
0.905528 -65.3426  0.91093
0.905678  -65.331 0.911081
0.905828 -65.3193 0.911231
0.905978 -65.3076 0.911381
0.906128 -65.2959 0.911531
0.906278 -65.2843 0.911681
0.906428 -65.2726 0.911831
0.906578 -65.2609 0.911981
0.906728 -65.2493 0.912131
0.906878 -65.2376 0.912281
0.907029  -65.226 0.912431
0.907179 -65.2143 0.912581
0.907329 -65.2027 0.912581
0.907479 -65.1911 0.912731
0.907629 -65.1794 0.912881
0.907779 -65.1678 0.913032
0.907929 -65.1562 0.913182
0.908079 -65.1446 0.913332
0.908229  -65.133 0.913482
0.908379 -65.1213 0.913632
0.908529 -65.1097 0.913782
0.908679 -65.0981 0.913932
0.908829 -65.0865 0.914082
0.908979 -65.0749 0.914232
 0.90913 -65.0633 0.914382
 0.90928 -65.0518 0.914532
 0.90943 -65.0402 0.914532
 0.90958 -65.0286 0.914682
 0.90973  -65.017 0.914832
 0.90988 -65.0054 0.914982
 0.91003 -64.9939 0.915133
 0.91018 -64.9823 0.915283
 0.91033 -64.9707 0.915433
 0.91048 -64.9592 0.915583
 0.91063 -64.9476 0.915733
 0.91078 -64.9361 0.915883
 0.91093 -64.9245 0.916033
0.911081  -64.913 0.916183
0.911231 -64.9015 0.916333
0.911381 -64.8899 0.916483
0.911531 -64.8784 0.916633
0.911681 -64.8669 0.916633
0.911831 -64.8554 0.916783
0.911981 -64.8438 0.916933
0.912131 -64.8323 0.917084
0.912281 -64.8208 0.917234
0.912431 -64.8093 0.917384
0.912581 -64.7978 0.917534
0.912731 -64.7863 0.917684
0.912881 -64.7748 0.917834
0.913032 -64.7633 0.917984
0.913182 -64.7519 0.918134
0.913332 -64.7404 0.918284
0.913482 -64.7289 0.918434
0.913632 -64.7174 0.918584
0.913782 -64.7059 0.918734
0.913932 -64.6945 0.918734
0.914082  -64.683 0.918884
0.914232 -64.6716 0.919035
0.914382 -64.6601 0.919185
0.914532 -64.6487 0.919335
0.914682 -64.6372 0.919485
0.914832 -64.6258 0.919635
0.914982 -64.6143 0.919785
0.915133 -64.6029 0.919935
0.915283 -64.5915 0.920085
0.915433   -64.58 0.920235
0.915583 -64.5686 0.920385
0.915733 -64.5572 0.920535
0.915883 -64.5458 0.920685
0.916033 -64.5344 0.920835
0.916183 -64.5229 0.920835
0.916333 -64.5115 0.920985
0.916483 -64.5001 0.921136
0.916633 -64.4887 0.921286
0.916783 -64.4773 0.921436
0.916933  -64.466 0.921586
0.917084 -64.4546 0.921736
0.917234 -64.4432 0.921886
0.917384 -64.4318 0.922036
0.917534 -64.4204 0.922186
0.917684 -64.4091 0.922336
0.917834 -64.3977 0.922486
0.917984 -64.3863 0.922636
0.918134  -64.375 0.922786
0.918284 -64.3636 0.922936
0.918434 -64.3523 0.923087
0.918584 -64.3409 0.923087
0.918734 -64.3296 0.923237
0.918884 -64.3182 0.923387
0.919035 -64.3069 0.923537
0.919185 -64.2956 0.923687
0.919335 -64.2842 0.923837
0.919485 -64.2729 0.923987
0.919635 -64.2616 0.924137
0.919785 -64.2503 0.924287
0.919935  -64.239 0.924437
0.920085 -64.2276 0.924587
0.920235 -64.2163 0.924737
0.920385  -64.205 0.924887
0.920535 -64.1937 0.925038
0.920685 -64.1824 0.925188
0.920835 -64.1712 0.925188
0.920985 -64.1599 0.925338
0.921136 -64.1486 0.925488
0.921286 -64.1373 0.925638
0.921436  -64.126 0.925788
0.921586 -64.1147 0.925938
0.921736 -64.1035 0.926088
0.921886 -64.0922 0.926238
0.922036  -64.081 0.926388
0.922186 -64.0697 0.926538
0.922336 -64.0584 0.926688
0.922486 -64.0472 0.926838
0.922636 -64.0359 0.926988
0.922786 -64.0247 0.927139
0.922936 -64.0135 0.927289
0.923087 -64.0022 0.927439
0.923237  -63.991 0.927439
0.923387 -63.9798 0.927589
0.923537 -63.9685 0.927739
0.923687 -63.9573 0.927889
0.923837 -63.9461 0.928039
0.923987 -63.9349 0.928189
0.924137 -63.9237 0.928339
0.924287 -63.9125 0.928489
0.924437 -63.9013 0.928639
0.924587 -63.8901 0.928789
0.924737 -63.8789 0.928939
0.924887 -63.8677  0.92909
0.925038 -63.8565  0.92924
0.925188 -63.8453  0.92939
0.925338 -63.8341  0.92954
0.925488 -63.8229  0.92969
0.925638 -63.8118  0.92969
0.925788 -63.8006  0.92984
0.925938 -63.7894  0.92999
0.926088 -63.7783  0.93014
0.926238 -63.7671  0.93029
0.926388 -63.7559  0.93044
0.926538 -63.7448  0.93059
0.926688 -63.7336  0.93074
0.926838 -63.7225  0.93089
0.926988 -63.7114 0.931041
0.927139 -63.7002 0.931191
0.927289 -63.6891 0.931341
0.927439  -63.678 0.931491
0.927589 -63.6668 0.931641
0.927739 -63.6557 0.931791
0.927889 -63.6446 0.931941
0.928039 -63.6335 0.931941
0.928189 -63.6224 0.932091
0.928339 -63.6112 0.932241
0.928489 -63.6001 0.932391
0.928639  -63.589 0.932541
0.928789 -63.5779 0.932691
0.928939 -63.5668 0.932841
 0.92909 -63.5558 0.932991
 0.92924 -63.5447 0.933142
 0.92939 -63.5336 0.933292
 0.92954 -63.5225 0.933442
 0.92969 -63.5114 0.933592
 0.92984 -63.5003 0.933742
 0.92999 -63.4893 0.933892
 0.93014 -63.4782 0.934042
 0.93029 -63.4672 0.934192
 0.93044 -63.4561 0.934342
 0.93059  -63.445 0.934342
 0.93074  -63.434 0.934492
 0.93089 -63.4229 0.934642
0.931041 -63.4119 0.934792
0.931191 -63.4008 0.934942
0.931341 -63.3898 0.935093
0.931491 -63.3788 0.935243
0.931641 -63.3677 0.935393
0.931791 -63.3567 0.935543
0.931941 -63.3457 0.935693
0.932091 -63.3347 0.935843
0.932241 -63.3236 0.935993
0.932391 -63.3126 0.936143
0.932541 -63.3016 0.936293
0.932691 -63.2906 0.936443
0.932841 -63.2796 0.936593
0.932991 -63.2686 0.936743
0.933142 -63.2576 0.936743
0.933292 -63.2466 0.936893
0.933442 -63.2356 0.937044
0.933592 -63.2246 0.937194
0.933742 -63.2137 0.937344
0.933892 -63.2027 0.937494
0.934042 -63.1917 0.937644
0.934192 -63.1807 0.937794
0.934342 -63.1698 0.937944
0.934492 -63.1588 0.938094
0.934642 -63.1478 0.938244
0.934792 -63.1369 0.938394
0.934942 -63.1259 0.938544
0.935093  -63.115 0.938694
0.935243  -63.104 0.938844
0.935393 -63.0931 0.938994
0.935543 -63.0821 0.939145
0.935693 -63.0712 0.939295
0.935843 -63.0603 0.939295
0.935993 -63.0493 0.939445
0.936143 -63.0384 0.939595
0.936293 -63.0275 0.939745
0.936443 -63.0166 0.939895
0.936593 -63.0056 0.940045
0.936743 -62.9947 0.940195
0.936893 -62.9838 0.940345
0.937044 -62.9729 0.940495
0.937194  -62.962 0.940645
0.937344 -62.9511 0.940795
0.937494 -62.9402 0.940945
0.937644 -62.9293 0.941096
0.937794 -62.9184 0.941246
0.937944 -62.9075 0.941396
0.938094 -62.8966 0.941546
0.938244 -62.8858 0.941696
0.938394 -62.8749 0.941696
0.938544  -62.864 0.941846
0.938694 -62.8531 0.941996
0.938844 -62.8423 0.942146
0.938994 -62.8314 0.942296
0.939145 -62.8206 0.942446
0.939295 -62.8097 0.942596
0.939445 -62.7988 0.942746
0.939595  -62.788 0.942896
0.939745 -62.7771 0.943047
0.939895 -62.7663 0.943197
0.940045 -62.7555 0.943347
0.940195 -62.7446 0.943497
0.940345 -62.7338 0.943647
0.940495  -62.723 0.943797
0.940645 -62.7121 0.943947
0.940795 -62.7013 0.944097
0.940945 -62.6905 0.944247
0.941096 -62.6797 0.944247
0.941246 -62.6689 0.944397
0.941396 -62.6581 0.944547
0.941546 -62.6473 0.944697
0.941696 -62.6365 0.944847
0.941846 -62.6257 0.944997
0.941996 -62.6149 0.945148
0.942146 -62.6041 0.945298
0.942296 -62.5933 0.945448
0.942446 -62.5825 0.945598
0.942596 -62.5717 0.945748
0.942746 -62.5609 0.945898
0.942896 -62.5501 0.946048
0.943047 -62.5394 0.946198
0.943197 -62.5286 0.946348
0.943347 -62.5178 0.946498
0.943497 -62.5071 0.946648
0.943647 -62.4963 0.946798
0.943797 -62.4856 0.946798
0.943947 -62.4748 0.946948
0.944097 -62.4641 0.947099
0.944247 -62.4533 0.947249
0.944397 -62.4426 0.947399
0.944547 -62.4318 0.947549
0.944697 -62.4211 0.947699
0.944847 -62.4104 0.947849
0.944997 -62.3996 0.947999
0.945148 -62.3889 0.948149
0.945298 -62.3782 0.948299
0.945448 -62.3675 0.948449
0.945598 -62.3567 0.948599
0.945748  -62.346 0.948749
0.945898 -62.3353 0.948899
0.946048 -62.3246  0.94905
0.946198 -62.3139   0.9492
0.946348 -62.3032  0.94935
0.946498 -62.2925   0.9495
0.946648 -62.2818   0.9495
0.946798 -62.2711  0.94965
0.946948 -62.2604   0.9498
0.947099 -62.2498  0.94995
0.947249 -62.2391   0.9501
0.947399 -62.2284  0.95025
0.947549 -62.2177   0.9504
0.947699  -62.207  0.95055
0.947849 -62.1964   0.9507
0.947999 -62.1857  0.95085
0.948149 -62.1751 0.951001
0.948299 -62.1644 0.951151
0.948449 -62.1537 0.951301
0.948599 -62.1431 0.951451
0.948749 -62.1324 0.951601
0.948899 -62.1218 0.951751
 0.94905 -62.1112 0.951901
  0.9492 -62.1005 0.952051
 0.94935 -62.0899 0.952051
  0.9495 -62.0793 0.952201
 0.94965 -62.0686 0.952351
  0.9498  -62.058 0.952501
 0.94995 -62.0474 0.952651
  0.9501 -62.0368 0.952801
 0.95025 -62.0261 0.952951
  0.9504 -62.0155 0.953102
 0.95055 -62.0049 0.953252
  0.9507 -61.9943 0.953402
 0.95085 -61.9837 0.953552
0.951001 -61.9731 0.953702
0.951151 -61.9625 0.953852
0.951301 -61.9519 0.954002
0.951451 -61.9413 0.954152
0.951601 -61.9307 0.954302
0.951751 -61.9202 0.954452
0.951901 -61.9096 0.954602
0.952051  -61.899 0.954752
0.952201 -61.8884 0.954752
0.952351 -61.8778 0.954902
0.952501 -61.8673 0.955053
0.952651 -61.8567 0.955203
0.952801 -61.8462 0.955353
0.952951 -61.8356 0.955503
0.953102  -61.825 0.955653
0.953252 -61.8145 0.955803
0.953402 -61.8039 0.955953
0.953552 -61.7934 0.956103
0.953702 -61.7828 0.956253
0.953852 -61.7723 0.956403
0.954002 -61.7618 0.956553
0.954152 -61.7512 0.956703
0.954302 -61.7407 0.956853
0.954452 -61.7302 0.957004
0.954602 -61.7197 0.957154
0.954752 -61.7091 0.957304
0.954902 -61.6986 0.957454
0.955053 -61.6881 0.957454
0.955203 -61.6776 0.957604
0.955353 -61.6671 0.957754
0.955503 -61.6566 0.957904
0.955653 -61.6461 0.958054
0.955803 -61.6356 0.958204
0.955953 -61.6251 0.958354
0.956103 -61.6146 0.958504
0.956253 -61.6041 0.958654
0.956403 -61.5936 0.958804
0.956553 -61.5831 0.958954
0.956703 -61.5727 0.959105
0.956853 -61.5622 0.959255
0.957004 -61.5517 0.959405
0.957154 -61.5412 0.959555
0.957304 -61.5308 0.959705
0.957454 -61.5203 0.959855
0.957604 -61.5099 0.960005
0.957754 -61.4994 0.960155
0.957904 -61.4889 0.960155
0.958054 -61.4785 0.960305
0.958204  -61.468 0.960455
0.958354 -61.4576 0.960605
0.958504 -61.4472 0.960755
0.958654 -61.4367 0.960905
0.958804 -61.4263 0.961056
0.958954 -61.4158 0.961206
0.959105 -61.4054 0.961356
0.959255  -61.395 0.961506
0.959405 -61.3846 0.961656
0.959555 -61.3742 0.961806
0.959705 -61.3637 0.961956
0.959855 -61.3533 0.962106
0.960005 -61.3429 0.962256
0.960155 -61.3325 0.962406
0.960305 -61.3221 0.962556
0.960455 -61.3117 0.962706
0.960605 -61.3013 0.962856
0.960755 -61.2909 0.962856
0.960905 -61.2805 0.963007
0.961056 -61.2701 0.963157
0.961206 -61.2597 0.963307
0.961356 -61.2494 0.963457
0.961506  -61.239 0.963607
0.961656 -61.2286 0.963757
0.961806 -61.2182 0.963907
0.961956 -61.2079 0.964057
0.962106 -61.1975 0.964207
0.962256 -61.1871 0.964357
0.962406 -61.1768 0.964507
0.962556 -61.1664 0.964657
0.962706  -61.156 0.964807
0.962856 -61.1457 0.964957
0.963007 -61.1353 0.965108
0.963157  -61.125 0.965258
0.963307 -61.1147 0.965408
0.963457 -61.1043 0.965558
0.963607  -61.094 0.965558
0.963757 -61.0836 0.965708
0.963907 -61.0733 0.965858
0.964057  -61.063 0.966008
0.964207 -61.0527 0.966158
0.964357 -61.0423 0.966308
0.964507  -61.032 0.966458
0.964657 -61.0217 0.966608
0.964807 -61.0114 0.966758
0.964957 -61.0011 0.966908
0.965108 -60.9908 0.967059
0.965258 -60.9805 0.967209
0.965408 -60.9702 0.967359
0.965558 -60.9599 0.967509
0.965708 -60.9496 0.967659
0.965858 -60.9393 0.967809
0.966008  -60.929 0.967959
0.966158 -60.9187 0.968109
0.966308 -60.9084 0.968259
0.966458 -60.8982 0.968259
0.966608 -60.8879 0.968409
0.966758 -60.8776 0.968559
0.966908 -60.8673 0.968709
0.967059 -60.8571 0.968859
0.967209 -60.8468  0.96901
0.967359 -60.8366  0.96916
0.967509 -60.8263  0.96931
0.967659  -60.816  0.96946
0.967809 -60.8058  0.96961
0.967959 -60.7955  0.96976
0.968109 -60.7853  0.96991
0.968259 -60.7751  0.97006
0.968409 -60.7648  0.97021
0.968559 -60.7546  0.97036
0.968709 -60.7443  0.97051
0.968859 -60.7341  0.97066
 0.96901 -60.7239  0.97081
 0.96916 -60.7137  0.97096
 0.96931 -60.7034 0.971111
 0.96946 -60.6932 0.971111
 0.96961  -60.683 0.971261
 0.96976 -60.6728 0.971411
 0.96991 -60.6626 0.971561
 0.97006 -60.6524 0.971711
 0.97021 -60.6422 0.971861
 0.97036  -60.632 0.972011
 0.97051 -60.6218 0.972161
 0.97066 -60.6116 0.972311
 0.97081 -60.6014 0.972461
 0.97096 -60.5912 0.972611
0.971111  -60.581 0.972761
0.971261 -60.5708 0.972911
0.971411 -60.5606 0.973062
0.971561 -60.5505 0.973212
0.971711 -60.5403 0.973362
0.971861 -60.5301 0.973512
0.972011   -60.52 0.973662
0.972161 -60.5098 0.973812
0.972311 -60.4996 0.973962
0.972461 -60.4895 0.973962
0.972611 -60.4793 0.974112
0.972761 -60.4692 0.974262
0.972911  -60.459 0.974412
0.973062 -60.4489 0.974562
0.973212 -60.4387 0.974712
0.973362 -60.4286 0.974862
0.973512 -60.4184 0.975013
0.973662 -60.4083 0.975163
0.973812 -60.3982 0.975313
0.973962  -60.388 0.975463
0.974112 -60.3779 0.975613
0.974262 -60.3678 0.975763
0.974412 -60.3577 0.975913
0.974562 -60.3476 0.976063
0.974712 -60.3374 0.976213
0.974862 -60.3273 0.976363
0.975013 -60.3172 0.976513
0.975163 -60.3071 0.976663
0.975313  -60.297 0.976813
0.975463 -60.2869 0.976813
0.975613 -60.2768 0.976963
0.975763 -60.2667 0.977114
0.975913 -60.2566 0.977264
0.976063 -60.2465 0.977414
0.976213 -60.2365 0.977564
0.976363 -60.2264 0.977714
0.976513 -60.2163 0.977864
0.976663 -60.2062 0.978014
0.976813 -60.1961 0.978164
0.976963 -60.1861 0.978314
0.977114  -60.176 0.978464
0.977264 -60.1659 0.978614
0.977414 -60.1559 0.978764
0.977564 -60.1458 0.978914
0.977714 -60.1358 0.979065
0.977864 -60.1257 0.979215
0.978014 -60.1157 0.979365
0.978164 -60.1056 0.979515
0.978314 -60.0956 0.979515
0.978464 -60.0855 0.979665
0.978614 -60.0755 0.979815
0.978764 -60.0654 0.979965
0.978914 -60.0554 0.980115
0.979065 -60.0454 0.980265
0.979215 -60.0354 0.980415
0.979365 -60.0253 0.980565
0.979515 -60.0153 0.980715
0.979665 -60.0053 0.980865
0.979815 -59.9953 0.981016
0.979965 -59.9853 0.981166
0.980115 -59.9753 0.981316
0.980265 -59.9652 0.981466
0.980415 -59.9552 0.981616
0.980565 -59.9452 0.981766
0.980715 -59.9352 0.981916
0.980865 -59.9252 0.982066
0.981016 -59.9153 0.982216
0.981166 -59.9053 0.982366
0.981316 -59.8953 0.982366
0.981466 -59.8853 0.982516
0.981616 -59.8753 0.982666
0.981766 -59.8653 0.982816
0.981916 -59.8554 0.982966
0.982066 -59.8454 0.983117
0.982216 -59.8354 0.983267
0.982366 -59.8255 0.983417
0.982516 -59.8155 0.983567
0.982666 -59.8055 0.983717
0.982816 -59.7956 0.983867
0.982966 -59.7856 0.984017
0.983117 -59.7757 0.984167
0.983267 -59.7657 0.984317
0.983417 -59.7558 0.984467
0.983567 -59.7458 0.984617
0.983717 -59.7359 0.984767
0.983867 -59.7259 0.984917
0.984017  -59.716 0.985068
0.984167 -59.7061 0.985218
0.984317 -59.6962 0.985218
0.984467 -59.6862 0.985368
0.984617 -59.6763 0.985518
0.984767 -59.6664 0.985668
0.984917 -59.6565 0.985818
0.985068 -59.6465 0.985968
0.985218 -59.6366 0.986118
0.985368 -59.6267 0.986268
0.985518 -59.6168 0.986418
0.985668 -59.6069 0.986568
0.985818  -59.597 0.986718
0.985968 -59.5871 0.986868
0.986118 -59.5772 0.987019
0.986268 -59.5673 0.987169
0.986418 -59.5574 0.987319
0.986568 -59.5475 0.987469
0.986718 -59.5377 0.987619
0.986868 -59.5278 0.987769
0.987019 -59.5179 0.987919
0.987169  -59.508 0.988069
0.987319 -59.4982 0.988069
0.987469 -59.4883 0.988219
0.987619 -59.4784 0.988369
0.987769 -59.4686 0.988519
0.987919 -59.4587 0.988669
0.988069 -59.4488 0.988819
0.988219  -59.439 0.988969
0.988369 -59.4291  0.98912
0.988519 -59.4193  0.98927
0.988669 -59.4094  0.98942
0.988819 -59.3996  0.98957
0.988969 -59.3897  0.98972
 0.98912 -59.3799  0.98987
 0.98927 -59.3701  0.99002
 0.98942 -59.3602  0.99017
 0.98957 -59.3504  0.99032
 0.98972 -59.3406  0.99047
 0.98987 -59.3308  0.99062
 0.99002 -59.3209  0.99077
 0.99017 -59.3111  0.99092
 0.99032 -59.3013 0.991071
 0.99047 -59.2915 0.991071
 0.99062 -59.2817 0.991221
 0.99077 -59.2719 0.991371
 0.99092 -59.2621 0.991521
0.991071 -59.2523 0.991671
0.991221 -59.2425 0.991821
0.991371 -59.2327 0.991971
0.991521 -59.2229 0.992121
0.991671 -59.2131 0.992271
0.991821 -59.2033 0.992421
0.991971 -59.1935 0.992571
0.992121 -59.1837 0.992721
0.992271 -59.1739 0.992871
0.992421 -59.1642 0.993022
0.992571 -59.1544 0.993172
0.992721 -59.1446 0.993322
0.992871 -59.1348 0.993472
0.993022 -59.1251 0.993622
0.993172 -59.1153 0.993772
0.993322 -59.1055 0.993922
0.993472 -59.0958 0.993922
0.993622  -59.086 0.994072
0.993772 -59.0763 0.994222
0.993922 -59.0665 0.994372
0.994072 -59.0568 0.994522
0.994222  -59.047 0.994672
0.994372 -59.0373 0.994822
0.994522 -59.0276 0.994972
0.994672 -59.0178 0.995123
0.994822 -59.0081 0.995273
0.994972 -58.9984 0.995423
0.995123 -58.9886 0.995573
0.995273 -58.9789 0.995723
0.995423 -58.9692 0.995873
0.995573 -58.9595 0.996023
0.995723 -58.9498 0.996173
0.995873   -58.94 0.996323
0.996023 -58.9303 0.996473
0.996173 -58.9206 0.996623
0.996323 -58.9109 0.996773
0.996473 -58.9012 0.996773
0.996623 -58.8915 0.996923
0.996773 -58.8818 0.997074
0.996923 -58.8721 0.997224
0.997074 -58.8624 0.997374
0.997224 -58.8527 0.997524
0.997374 -58.8431 0.997674
0.997524 -58.8334 0.997824
0.997674 -58.8237 0.997974
0.997824  -58.814 0.998124
0.997974 -58.8043 0.998274
0.998124 -58.7947 0.998424
0.998274  -58.785 0.998574
0.998424 -58.7753 0.998724
0.998574 -58.7657 0.998874
0.998724  -58.756 0.999025
0.998874 -58.7463 0.999175
0.999025 -58.7367 0.999325
0.999175  -58.727 0.999475
0.999325 -58.7174 0.999625
0.999475 -58.7077 0.999775
0.999625 -58.6981 0.999775
0.999775 -58.6884 0.999925
0.999925 -58.6788  1.00008
 1.00008 -58.6692  1.00023
 1.00023 -58.6595  1.00038
 1.00038 -58.6499  1.00053
 1.00053 -58.6403  1.00068
 1.00068 -58.6306  1.00083
 1.00083  -58.621  1.00098
 1.00098 -58.6114  1.00113
 1.00113 -58.6018  1.00128
 1.00128 -58.5922  1.00143
 1.00143 -58.5826  1.00158
 1.00158 -58.5729  1.00173
 1.00173 -58.5633  1.00188
 1.00188 -58.5537  1.00203
 1.00203 -58.5441  1.00218
 1.00218 -58.5345  1.00233
 1.00233 -58.5249  1.00248
 1.00248 -58.5153  1.00263
 1.00263 -58.5057  1.00263
 1.00278 -58.4962  1.00278
 1.00293 -58.4866  1.00293
 1.00308  -58.477  1.00308
 1.00323 -58.4674  1.00323
 1.00338 -58.4578  1.00338
 1.00353 -58.4483  1.00353
 1.00368 -58.4387  1.00368
 1.00383 -58.4291  1.00383
 1.00398 -58.4195  1.00398
 1.00413   -58.41  1.00413
 1.00428 -58.4004  1.00428
 1.00443 -58.3909  1.00443
 1.00458 -58.3813  1.00458
 1.00473 -58.3718  1.00473
 1.00488 -58.3622  1.00488
 1.00503 -58.3527  1.00503
 1.00518 -58.3431  1.00518
 1.00533 -58.3336  1.00533
 1.00548  -58.324  1.00548
 1.00563 -58.3145  1.00548
 1.00578  -58.305  1.00563
 1.00593 -58.2954  1.00578
 1.00608 -58.2859  1.00593
 1.00623 -58.2764  1.00608
 1.00638 -58.2668  1.00623
 1.00653 -58.2573  1.00638
 1.00668 -58.2478  1.00653
 1.00683 -58.2383  1.00668
 1.00698 -58.2288  1.00683
 1.00713 -58.2193  1.00698
 1.00728 -58.2098  1.00713
 1.00743 -58.2002  1.00728
 1.00758 -58.1907  1.00743
 1.00773 -58.1812  1.00758
 1.00788 -58.1717  1.00773
 1.00803 -58.1623  1.00788
 1.00818 -58.1528  1.00803
 1.00833 -58.1433  1.00818
 1.00848 -58.1338  1.00833
 1.00863 -58.1243  1.00833
 1.00878 -58.1148  1.00848
 1.00893 -58.1053  1.00863
 1.00908 -58.0959  1.00878
 1.00923 -58.0864  1.00893
 1.00938 -58.0769  1.00908
 1.00953 -58.0674  1.00923
 1.00968  -58.058  1.00938
 1.00983 -58.0485  1.00953
 1.00998 -58.0391  1.00968
 1.01013 -58.0296  1.00983
 1.01028 -58.0201  1.00998
 1.01043 -58.0107  1.01013
 1.01058 -58.0012  1.01028
 1.01073 -57.9918  1.01043
 1.01088 -57.9824  1.01058
 1.01103 -57.9729  1.01073
 1.01118 -57.9635  1.01088
 1.01133  -57.954  1.01103
 1.01148 -57.9446  1.01118
 1.01163 -57.9352  1.01133
 1.01178 -57.9257  1.01133
 1.01193 -57.9163  1.01148
 1.01208 -57.9069  1.01163
 1.01223 -57.8975  1.01178
 1.01238 -57.8881  1.01193
 1.01253 -57.8786  1.01208
 1.01268 -57.8692  1.01223
 1.01283 -57.8598  1.01238
 1.01298 -57.8504  1.01253
 1.01313  -57.841  1.01268
 1.01328 -57.8316  1.01283
 1.01343 -57.8222  1.01298
 1.01358 -57.8128  1.01313
 1.01373 -57.8034  1.01328
 1.01388  -57.794  1.01343
 1.01403 -57.7846  1.01358
 1.01418 -57.7752  1.01373
 1.01433 -57.7659  1.01388
 1.01448 -57.7565  1.01403
 1.01463 -57.7471  1.01418
 1.01478 -57.7377  1.01418
 1.01493 -57.7283  1.01433
 1.01508  -57.719  1.01448
 1.01523 -57.7096  1.01463
 1.01538 -57.7002  1.01478
 1.01553 -57.6909  1.01493
 1.01568 -57.6815  1.01508
 1.01583 -57.6722  1.01523
 1.01598 -57.6628  1.01538
 1.01613 -57.6535  1.01553
 1.01628 -57.6441  1.01568
 1.01643 -57.6348  1.01583
 1.01658 -57.6254  1.01598
 1.01673 -57.6161  1.01613
 1.01688 -57.6067  1.01628
 1.01703 -57.5974  1.01643
 1.01718 -57.5881  1.01658
 1.01733 -57.5787  1.01673
 1.01748 -57.5694  1.01688
 1.01763 -57.5601  1.01703
 1.01778 -57.5507  1.01703
 1.01793 -57.5414  1.01718
 1.01808 -57.5321  1.01733
 1.01823 -57.5228  1.01748
 1.01838 -57.5135  1.01763
 1.01853 -57.5042  1.01778
 1.01868 -57.4949  1.01793
 1.01883 -57.4855  1.01808
 1.01898 -57.4762  1.01823
 1.01913 -57.4669  1.01838
 1.01928 -57.4576  1.01853
 1.01943 -57.4483  1.01868
 1.01958 -57.4391  1.01883
 1.01973 -57.4298  1.01898
 1.01988 -57.4205  1.01913
 1.02004 -57.4112  1.01928
 1.02019 -57.4019  1.01943
 1.02034 -57.3926  1.01958
 1.02049 -57.3834  1.01973
 1.02064 -57.3741  1.01988
 1.02079 -57.3648  1.02004
 1.02094 -57.3555  1.02004
 1.02109 -57.3463  1.02019
 1.02124  -57.337  1.02034
 1.02139 -57.3277  1.02049
 1.02154 -57.3185  1.02064
 1.02169 -57.3092  1.02079
 1.02184    -57.3  1.02094
 1.02199 -57.2907  1.02109
 1.02214 -57.2815  1.02124
 1.02229 -57.2722  1.02139
 1.02244  -57.263  1.02154
 1.02259 -57.2537  1.02169
 1.02274 -57.2445  1.02184
 1.02289 -57.2353  1.02199
 1.02304  -57.226  1.02214
 1.02319 -57.2168  1.02229
 1.02334 -57.2076  1.02244
 1.02349 -57.1983  1.02259
 1.02364 -57.1891  1.02274
 1.02379 -57.1799  1.02289
 1.02394 -57.1707  1.02289
 1.02409 -57.1615  1.02304
 1.02424 -57.1522  1.02319
 1.02439  -57.143  1.02334
 1.02454 -57.1338  1.02349
 1.02469 -57.1246  1.02364
 1.02484 -57.1154  1.02379
 1.02499 -57.1062  1.02394
 1.02514  -57.097  1.02409
 1.02529 -57.0878  1.02424
 1.02544 -57.0786  1.02439
 1.02559 -57.0694  1.02454
 1.02574 -57.0602  1.02469
 1.02589 -57.0511  1.02484
 1.02604 -57.0419  1.02499
 1.02619 -57.0327  1.02514
 1.02634 -57.0235  1.02529
 1.02649 -57.0143  1.02544
 1.02664 -57.0052  1.02559
 1.02679  -56.996  1.02574
 1.02694 -56.9868  1.02574
 1.02709 -56.9777  1.02589
 1.02724 -56.9685  1.02604
 1.02739 -56.9593  1.02619
 1.02754 -56.9502  1.02634
 1.02769  -56.941  1.02649
 1.02784 -56.9319  1.02664
 1.02799 -56.9227  1.02679
 1.02814 -56.9136  1.02694
 1.02829 -56.9044  1.02709
 1.02844 -56.8953  1.02724
 1.02859 -56.8862  1.02739
 1.02874  -56.877  1.02754
 1.02889 -56.8679  1.02769
 1.02904 -56.8588  1.02784
 1.02919 -56.8496  1.02799
 1.02934 -56.8405  1.02814
 1.02949 -56.8314  1.02829
 1.02964 -56.8222  1.02844
 1.02979 -56.8131  1.02859
 1.02994  -56.804  1.02859
 1.03009 -56.7949  1.02874
 1.03024 -56.7858  1.02889
 1.03039 -56.7767  1.02904
 1.03054 -56.7676  1.02919
 1.03069 -56.7585  1.02934
 1.03084 -56.7494  1.02949
 1.03099 -56.7403  1.02964
 1.03114 -56.7312  1.02979
 1.03129 -56.7221  1.02994
 1.03144  -56.713  1.03009
 1.03159 -56.7039  1.03024
 1.03174 -56.6948  1.03039
 1.03189 -56.6857  1.03054
 1.03204 -56.6766  1.03069
 1.03219 -56.6676  1.03084
 1.03234 -56.6585  1.03099
 1.03249 -56.6494  1.03114
 1.03264 -56.6403  1.03129
 1.03279 -56.6313  1.03144
 1.03294 -56.6222  1.03144
 1.03309 -56.6131  1.03159
 1.03324 -56.6041  1.03174
 1.03339  -56.595  1.03189
 1.03354 -56.5859  1.03204
 1.03369 -56.5769  1.03219
 1.03384 -56.5678  1.03234
 1.03399 -56.5588  1.03249
 1.03414 -56.5497  1.03264
 1.03429 -56.5407  1.03279
 1.03444 -56.5317  1.03294
 1.03459 -56.5226  1.03309
 1.03474 -56.5136  1.03324
 1.03489 -56.5045  1.03339
 1.03504 -56.4955  1.03354
 1.03519 -56.4865  1.03369
 1.03534 -56.4775  1.03384
 1.03549 -56.4684  1.03399
 1.03564 -56.4594  1.03414
 1.03579 -56.4504  1.03414
 1.03594 -56.4414  1.03429
 1.03609 -56.4324  1.03444
 1.03624 -56.4233  1.03459
 1.03639 -56.4143  1.03474
 1.03654 -56.4053  1.03489
 1.03669 -56.3963  1.03504
 1.03684 -56.3873  1.03519
 1.03699 -56.3783  1.03534
 1.03714 -56.3693  1.03549
 1.03729 -56.3603  1.03564
 1.03744 -56.3513  1.03579
 1.03759 -56.3423  1.03594
 1.03774 -56.3334  1.03609
 1.03789 -56.3244  1.03624
 1.03804 -56.3154  1.03639
 1.03819 -56.3064  1.03654
 1.03834 -56.2974  1.03669
 1.03849 -56.2885  1.03684
 1.03864 -56.2795  1.03699
 1.03879 -56.2705  1.03699
 1.03894 -56.2616  1.03714
 1.03909 -56.2526  1.03729
 1.03924 -56.2436  1.03744
 1.03939 -56.2347  1.03759
 1.03954 -56.2257  1.03774
 1.03969 -56.2167  1.03789
 1.03984 -56.2078  1.03804
 1.03999 -56.1988  1.03819
 1.04015 -56.1899  1.03834
  1.0403  -56.181  1.03849
 1.04045  -56.172  1.03864
  1.0406 -56.1631  1.03879
 1.04075 -56.1541  1.03894
  1.0409 -56.1452  1.03909
 1.04105 -56.1363  1.03924
  1.0412 -56.1273  1.03939
 1.04135 -56.1184  1.03954
  1.0415 -56.1095  1.03969
 1.04165 -56.1006  1.03984
  1.0418 -56.0916  1.03984
 1.04195 -56.0827  1.03999
  1.0421 -56.0738  1.04015
 1.04225 -56.0649   1.0403
  1.0424  -56.056  1.04045
 1.04255 -56.0471   1.0406
  1.0427 -56.0382  1.04075
 1.04285 -56.0293   1.0409
   1.043 -56.0203  1.04105
 1.04315 -56.0115   1.0412
  1.0433 -56.0026  1.04135
 1.04345 -55.9937   1.0415
  1.0436 -55.9848  1.04165
 1.04375 -55.9759   1.0418
  1.0439  -55.967  1.04195
 1.04405 -55.9581   1.0421
  1.0442 -55.9492  1.04225
 1.04435 -55.9403   1.0424
  1.0445 -55.9315  1.04255
 1.04465 -55.9226  1.04255
  1.0448 -55.9137   1.0427
 1.04495 -55.9049  1.04285
  1.0451  -55.896    1.043
 1.04525 -55.8871  1.04315
  1.0454 -55.8783   1.0433
 1.04555 -55.8694  1.04345
  1.0457 -55.8605   1.0436
 1.04585 -55.8517  1.04375
   1.046 -55.8428   1.0439
 1.04615  -55.834  1.04405
  1.0463 -55.8251   1.0442
 1.04645 -55.8163  1.04435
  1.0466 -55.8074   1.0445
 1.04675 -55.7986  1.04465
  1.0469 -55.7898   1.0448
 1.04705 -55.7809  1.04495
  1.0472 -55.7721   1.0451
 1.04735 -55.7633  1.04525
  1.0475 -55.7544   1.0454
 1.04765 -55.7456   1.0454
  1.0478 -55.7368  1.04555
 1.04795  -55.728   1.0457
  1.0481 -55.7192  1.04585
 1.04825 -55.7103    1.046
  1.0484 -55.7015  1.04615
 1.04855 -55.6927   1.0463
  1.0487 -55.6839  1.04645
 1.04885 -55.6751   1.0466
   1.049 -55.6663  1.04675
 1.04915 -55.6575   1.0469
  1.0493 -55.6487  1.04705
 1.04945 -55.6399   1.0472
  1.0496 -55.6311  1.04735
 1.04975 -55.6223   1.0475
  1.0499 -55.6135  1.04765
 1.05005 -55.6047   1.0478
  1.0502  -55.596  1.04795
 1.05035 -55.5872   1.0481
  1.0505 -55.5784   1.0481
 1.05065 -55.5696  1.04825
  1.0508 -55.5608   1.0484
 1.05095 -55.5521  1.04855
  1.0511 -55.5433   1.0487
 1.05125 -55.5345  1.04885
  1.0514 -55.5258    1.049
 1.05155  -55.517  1.04915
  1.0517 -55.5082   1.0493
 1.05185 -55.4995  1.04945
   1.052 -55.4907   1.0496
 1.05215  -55.482  1.04975
  1.0523 -55.4732   1.0499
 1.05245 -55.4645  1.05005
  1.0526 -55.4557   1.0502
 1.05275  -55.447  1.05035
  1.0529 -55.4382   1.0505
 1.05305 -55.4295  1.05065
  1.0532 -55.4208  1.05065
 1.05335  -55.412   1.0508
  1.0535 -55.4033  1.05095
 1.05365 -55.3946   1.0511
  1.0538 -55.3858  1.05125
 1.05395 -55.3771   1.0514
  1.0541 -55.3684  1.05155
 1.05425 -55.3597   1.0517
  1.0544  -55.351  1.05185
 1.05455 -55.3422    1.052
  1.0547 -55.3335  1.05215
 1.05485 -55.3248   1.0523
   1.055 -55.3161  1.05245
 1.05515 -55.3074   1.0526
  1.0553 -55.2987  1.05275
 1.05545   -55.29   1.0529
  1.0556 -55.2813  1.05305
 1.05575 -55.2726   1.0532
  1.0559 -55.2639  1.05335
 1.05605 -55.2552  1.05335
  1.0562 -55.2465   1.0535
 1.05635 -55.2379  1.05365
  1.0565 -55.2292   1.0538
 1.05665 -55.2205  1.05395
  1.0568 -55.2118   1.0541
 1.05695 -55.2031  1.05425
  1.0571 -55.1945   1.0544
 1.05725 -55.1858  1.05455
  1.0574 -55.1771   1.0547
 1.05755 -55.1685  1.05485
  1.0577 -55.1598    1.055
 1.05785 -55.1511  1.05515
   1.058 -55.1425   1.0553
 1.05815 -55.1338  1.05545
  1.0583 -55.1252   1.0556
 1.05845 -55.1165  1.05575
  1.0586 -55.1079   1.0559
 1.05875 -55.0992  1.05605
  1.0589 -55.0906  1.05605
 1.05905 -55.0819   1.0562
  1.0592 -55.0733  1.05635
 1.05935 -55.0646   1.0565
  1.0595  -55.056  1.05665
 1.05965 -55.0474   1.0568
  1.0598 -55.0387  1.05695
 1.05995 -55.0301   1.0571
 1.06011 -55.0215  1.05725
 1.06026 -55.0129   1.0574
 1.06041 -55.0042  1.05755
 1.06056 -54.9956   1.0577
 1.06071  -54.987  1.05785
 1.06086 -54.9784    1.058
 1.06101 -54.9698  1.05815
 1.06116 -54.9612   1.0583
 1.06131 -54.9526  1.05845
 1.06146  -54.944   1.0586
 1.06161 -54.9354   1.0586
 1.06176 -54.9268  1.05875
 1.06191 -54.9182   1.0589
 1.06206 -54.9096  1.05905
 1.06221  -54.901   1.0592
 1.06236 -54.8924  1.05935
 1.06251 -54.8838   1.0595
 1.06266 -54.8752  1.05965
 1.06281 -54.8666   1.0598
 1.06296  -54.858  1.05995
 1.06311 -54.8495  1.06011
 1.06326 -54.8409  1.06026
 1.06341 -54.8323  1.06041
 1.06356 -54.8237  1.06056
 1.06371 -54.8152  1.06071
 1.06386 -54.8066  1.06086
 1.06401  -54.798  1.06101
 1.06416 -54.7895  1.06116
 1.06431 -54.7809  1.06116
 1.06446 -54.7724  1.06131
 1.06461 -54.7638  1.06146
 1.06476 -54.7553  1.06161
 1.06491 -54.7467  1.06176
 1.06506 -54.7382  1.06191
 1.06521 -54.7296  1.06206
 1.06536 -54.7211  1.06221
 1.06551 -54.7125  1.06236
 1.06566  -54.704  1.06251
 1.06581 -54.6955  1.06266
 1.06596 -54.6869  1.06281
 1.06611 -54.6784  1.06296
 1.06626 -54.6699  1.06311
 1.06641 -54.6613  1.06326
 1.06656 -54.6528  1.06341
 1.06671 -54.6443  1.06356
 1.06686 -54.6358  1.06356
 1.06701 -54.6273  1.06371
 1.06716 -54.6187  1.06386
 1.06731 -54.6102  1.06401
 1.06746 -54.6017  1.06416
 1.06761 -54.5932  1.06431
 1.06776 -54.5847  1.06446
 1.06791 -54.5762  1.06461
 1.06806 -54.5677  1.06476
 1.06821 -54.5592  1.06491
 1.06836 -54.5507  1.06506
 1.06851 -54.5422  1.06521
 1.06866 -54.5337  1.06536
 1.06881 -54.5253  1.06551
 1.06896 -54.5168  1.06566
 1.06911 -54.5083  1.06581
 1.06926 -54.4998  1.06596
 1.06941 -54.4913  1.06611
 1.06956 -54.4828  1.06611
 1.06971 -54.4744  1.06626
 1.06986 -54.4659  1.06641
 1.07001 -54.4574  1.06656
 1.07016  -54.449  1.06671
 1.07031 -54.4405  1.06686
 1.07046  -54.432  1.06701
 1.07061 -54.4236  1.06716
 1.07076 -54.4151  1.06731
 1.07091 -54.4067  1.06746
 1.07106 -54.3982  1.06761
 1.07121 -54.3898  1.06776
 1.07136 -54.3813  1.06791
 1.07151 -54.3729  1.06806
 1.07166 -54.3644  1.06821
 1.07181  -54.356  1.06836
 1.07196 -54.3476  1.06851
 1.07211 -54.3391  1.06851
 1.07226 -54.3307  1.06866
 1.07241 -54.3222  1.06881
 1.07256 -54.3138  1.06896
 1.07271 -54.3054  1.06911
 1.07286  -54.297  1.06926
 1.07301 -54.2885  1.06941
 1.07316 -54.2801  1.06956
 1.07331 -54.2717  1.06971
 1.07346 -54.2633  1.06986
 1.07361 -54.2549  1.07001
 1.07376 -54.2465  1.07016
 1.07391 -54.2381  1.07031
 1.07406 -54.2297  1.07046
 1.07421 -54.2213  1.07061
 1.07436 -54.2129  1.07076
 1.07451 -54.2045  1.07091
 1.07466 -54.1961  1.07091
 1.07481 -54.1877  1.07106
 1.07496 -54.1793  1.07121
 1.07511 -54.1709  1.07136
 1.07526 -54.1625  1.07151
 1.07541 -54.1541  1.07166
 1.07556 -54.1457  1.07181
 1.07571 -54.1374  1.07196
 1.07586  -54.129  1.07211
 1.07601 -54.1206  1.07226
 1.07616 -54.1122  1.07241
 1.07631 -54.1039  1.07256
 1.07646 -54.0955  1.07271
 1.07661 -54.0871  1.07286
 1.07676 -54.0788  1.07301
 1.07691 -54.0704  1.07316
 1.07706 -54.0621  1.07331
 1.07721 -54.0537  1.07331
 1.07736 -54.0453  1.07346
 1.07751  -54.037  1.07361
 1.07766 -54.0286  1.07376
 1.07781 -54.0203  1.07391
 1.07796 -54.0119  1.07406
 1.07811 -54.0036  1.07421
 1.07826 -53.9953  1.07436
 1.07841 -53.9869  1.07451
 1.07856 -53.9786  1.07466
 1.07871 -53.9703  1.07481
 1.07886 -53.9619  1.07496
 1.07901 -53.9536  1.07511
 1.07916 -53.9453  1.07526
 1.07931  -53.937  1.07541
 1.07946 -53.9286  1.07556
 1.07961 -53.9203  1.07556
 1.07976  -53.912  1.07571
 1.07991 -53.9037  1.07586
 1.08007 -53.8954  1.07601
 1.08022 -53.8871  1.07616
 1.08037 -53.8788  1.07631
 1.08052 -53.8705  1.07646
 1.08067 -53.8622  1.07661
 1.08082 -53.8539  1.07676
 1.08097 -53.8456  1.07691
 1.08112 -53.8373  1.07706
 1.08127  -53.829  1.07721
 1.08142 -53.8207  1.07736
 1.08157 -53.8124  1.07751
 1.08172 -53.8041  1.07766
 1.08187 -53.7958  1.07781
 1.08202 -53.7875  1.07796
 1.08217 -53.7793  1.07796
 1.08232  -53.771  1.07811
 1.08247 -53.7627  1.07826
 1.08262 -53.7544  1.07841
 1.08277 -53.7462  1.07856
 1.08292 -53.7379  1.07871
 1.08307 -53.7296  1.07886
 1.08322 -53.7214  1.07901
 1.08337 -53.7131  1.07916
 1.08352 -53.7049  1.07931
 1.08367 -53.6966  1.07946
 1.08382 -53.6884  1.07961
 1.08397 -53.6801  1.07976
 1.08412 -53.6719  1.07991
 1.08427 -53.6636  1.08007
 1.08442 -53.6554  1.08007
 1.08457 -53.6471  1.08022
 1.08472 -53.6389  1.08037
 1.08487 -53.6307  1.08052
 1.08502 -53.6224  1.08067
 1.08517 -53.6142  1.08082
 1.08532  -53.606  1.08097
 1.08547 -53.5977  1.08112
 1.08562 -53.5895  1.08127
 1.08577 -53.5813  1.08142
 1.08592 -53.5731  1.08157
 1.08607 -53.5648  1.08172
 1.08622 -53.5566  1.08187
 1.08637 -53.5484  1.08202
 1.08652 -53.5402  1.08217
 1.08667  -53.532  1.08232
 1.08682 -53.5238  1.08232
 1.08697 -53.5156  1.08247
 1.08712 -53.5074  1.08262
 1.08727 -53.4992  1.08277
 1.08742  -53.491  1.08292
 1.08757 -53.4828  1.08307
 1.08772 -53.4746  1.08322
 1.08787 -53.4664  1.08337
 1.08802 -53.4582  1.08352
 1.08817 -53.4501  1.08367
 1.08832 -53.4419  1.08382
 1.08847 -53.4337  1.08397
 1.08862 -53.4255  1.08412
 1.08877 -53.4173  1.08427
 1.08892 -53.4092  1.08442
 1.08907  -53.401  1.08442
 1.08922 -53.3928  1.08457
 1.08937 -53.3847  1.08472
 1.08952 -53.3765  1.08487
 1.08967 -53.3683  1.08502
 1.08982 -53.3602  1.08517
 1.08997  -53.352  1.08532
 1.09012 -53.3439  1.08547
 1.09027 -53.3357  1.08562
 1.09042 -53.3276  1.08577
 1.09057 -53.3194  1.08592
 1.09072 -53.3113  1.08607
 1.09087 -53.3031  1.08622
 1.09102  -53.295  1.08637
 1.09117 -53.2869  1.08652
 1.09132 -53.2787  1.08652
 1.09147 -53.2706  1.08667
 1.09162 -53.2625  1.08682
 1.09177 -53.2543  1.08697
 1.09192 -53.2462  1.08712
 1.09207 -53.2381  1.08727
 1.09222   -53.23  1.08742
 1.09237 -53.2219  1.08757
 1.09252 -53.2137  1.08772
 1.09267 -53.2056  1.08787
 1.09282 -53.1975  1.08802
 1.09297 -53.1894  1.08817
 1.09312 -53.1813  1.08832
 1.09327 -53.1732  1.08847
 1.09342 -53.1651  1.08862
 1.09357  -53.157  1.08862
 1.09372 -53.1489  1.08877
 1.09387 -53.1408  1.08892
 1.09402 -53.1327  1.08907
 1.09417 -53.1246  1.08922
 1.09432 -53.1165  1.08937
 1.09447 -53.1084  1.08952
 1.09462 -53.1004  1.08967
 1.09477 -53.0923  1.08982
 1.09492 -53.0842  1.08997
 1.09507 -53.0761  1.09012
 1.09522 -53.0681  1.09027
 1.09537   -53.06  1.09042
 1.09552 -53.0519  1.09057
 1.09567 -53.0439  1.09057
 1.09582 -53.0358  1.09072
 1.09597 -53.0277  1.09087
 1.09612 -53.0197  1.09102
 1.09627 -53.0116  1.09117
 1.09642 -53.0036  1.09132
 1.09657 -52.9955  1.09147
 1.09672 -52.9875  1.09162
 1.09687 -52.9794  1.09177
 1.09702 -52.9714  1.09192
 1.09717 -52.9633  1.09207
 1.09732 -52.9553  1.09222
 1.09747 -52.9472  1.09237
 1.09762 -52.9392  1.09252
 1.09777 -52.9312  1.09252
 1.09792 -52.9231  1.09267
 1.09807 -52.9151  1.09282
 1.09822 -52.9071  1.09297
 1.09837 -52.8991  1.09312
 1.09852  -52.891  1.09327
 1.09867  -52.883  1.09342
 1.09882  -52.875  1.09357
 1.09897  -52.867  1.09372
 1.09912  -52.859  1.09387
 1.09927  -52.851  1.09402
 1.09942  -52.843  1.09417
 1.09957  -52.835  1.09417
 1.09972  -52.827  1.09432
 1.09987  -52.819  1.09447
 1.10003  -52.811  1.09462
 1.10018  -52.803  1.09477
 1.10033  -52.795  1.09492
 1.10048  -52.787  1.09507
 1.10063  -52.779  1.09522
 1.10078  -52.771  1.09537
 1.10093 -52.7631  1.09552
 1.10108 -52.7551  1.09567
 1.10123 -52.7471  1.09582
 1.10138 -52.7391  1.09582
 1.10153 -52.7312  1.09597
 1.10168 -52.7232  1.09612
 1.10183 -52.7152  1.09627
 1.10198 -52.7073  1.09642
 1.10213 -52.6993  1.09657
 1.10228 -52.6914  1.09672
 1.10243 -52.6834  1.09687
 1.10258 -52.6754  1.09702
 1.10273 -52.6675  1.09717
 1.10288 -52.6596  1.09732
 1.10303 -52.6516  1.09747
 1.10318 -52.6437  1.09747
 1.10333 -52.6357  1.09762
 1.10348 -52.6278  1.09777
 1.10363 -52.6198  1.09792
 1.10378 -52.6119  1.09807
 1.10393  -52.604  1.09822
 1.10408 -52.5961  1.09837
 1.10423 -52.5881  1.09852
 1.10438 -52.5802  1.09867
 1.10453 -52.5723  1.09882
 1.10468 -52.5644  1.09897
 1.10483 -52.5565  1.09912
 1.10498 -52.5485  1.09912
 1.10513 -52.5406  1.09927
 1.10528 -52.5327  1.09942
 1.10543 -52.5248  1.09957
 1.10558 -52.5169  1.09972
 1.10573  -52.509  1.09987
 1.10588 -52.5011  1.10003
 1.10603 -52.4932  1.10018
 1.10618 -52.4853  1.10033
 1.10633 -52.4774  1.10048
 1.10648 -52.4695  1.10063
 1.10663 -52.4617  1.10078
 1.10678 -52.4538  1.10078
 1.10693 -52.4459  1.10093
 1.10708  -52.438  1.10108
 1.10723 -52.4301  1.10123
 1.10738 -52.4223  1.10138
 1.10753 -52.4144  1.10153
 1.10768 -52.4065  1.10168
 1.10783 -52.3987  1.10183
 1.10798 -52.3908  1.10198
 1.10813 -52.3829  1.10213
 1.10828 -52.3751  1.10228
 1.10843 -52.3672  1.10243
 1.10858 -52.3594  1.10243
 1.10873 -52.3515  1.10258
 1.10888 -52.3437  1.10273
 1.10903 -52.3358  1.10288
 1.10918  -52.328  1.10303
 1.10933 -52.3201  1.10318
 1.10948 -52.3123  1.10333
 1.10963 -52.3045  1.10348
 1.10978 -52.2966  1.10363
 1.10993 -52.2888  1.10378
 1.11008  -52.281  1.10393
 1.11023 -52.2732  1.10393
 1.11038 -52.2653  1.10408
 1.11053 -52.2575  1.10423
 1.11068 -52.2497  1.10438
 1.11083 -52.2419  1.10453
 1.11098 -52.2341  1.10468
 1.11113 -52.2262  1.10483
 1.11128 -52.2184  1.10498
 1.11143 -52.2106  1.10513
 1.11158 -52.2028  1.10528
 1.11173  -52.195  1.10543
 1.11188 -52.1872  1.10558
 1.11203 -52.1794  1.10558
 1.11218 -52.1716  1.10573
 1.11233 -52.1638  1.10588
 1.11248 -52.1561  1.10603
 1.11263 -52.1483  1.10618
 1.11278 -52.1405  1.10633
 1.11293 -52.1327  1.10648
 1.11308 -52.1249  1.10663
 1.11323 -52.1172  1.10678
 1.11338 -52.1094  1.10693
 1.11353 -52.1016  1.10708
 1.11368 -52.0938  1.10708
 1.11383 -52.0861  1.10723
 1.11398 -52.0783  1.10738
 1.11413 -52.0706  1.10753
 1.11428 -52.0628  1.10768
 1.11443  -52.055  1.10783
 1.11458 -52.0473  1.10798
 1.11473 -52.0395  1.10813
 1.11488 -52.0318  1.10828
 1.11503  -52.024  1.10843
 1.11518 -52.0163  1.10858
 1.11533 -52.0086  1.10858
 1.11548 -52.0008  1.10873
 1.11563 -51.9931  1.10888
 1.11578 -51.9853  1.10903
 1.11593 -51.9776  1.10918
 1.11608 -51.9699  1.10933
 1.11623 -51.9622  1.10948
 1.11638 -51.9544  1.10963
 1.11653 -51.9467  1.10978
 1.11668  -51.939  1.10993
 1.11683 -51.9313  1.10993
 1.11698 -51.9236  1.11008
 1.11713 -51.9159  1.11023
 1.11728 -51.9081  1.11038
 1.11743 -51.9004  1.11053
 1.11758 -51.8927  1.11068
 1.11773  -51.885  1.11083
 1.11788 -51.8773  1.11098
 1.11803 -51.8696  1.11113
 1.11818 -51.8619  1.11128
 1.11833 -51.8543  1.11143
 1.11848 -51.8466  1.11158
 1.11863 -51.8389  1.11158
 1.11878 -51.8312  1.11173
 1.11893 -51.8235  1.11188
 1.11908 -51.8158  1.11203
 1.11923 -51.8082  1.11218
 1.11938 -51.8005  1.11233
 1.11953 -51.7928  1.11248
 1.11968 -51.7851  1.11263
 1.11983 -51.7775  1.11278
 1.11998 -51.7698  1.11293
 1.12014 -51.7622  1.11293
 1.12029 -51.7545  1.11308
 1.12044 -51.7468  1.11323
 1.12059 -51.7392  1.11338
 1.12074 -51.7315  1.11353
 1.12089 -51.7239  1.11368
 1.12104 -51.7162  1.11383
 1.12119 -51.7086  1.11398
 1.12134  -51.701  1.11413
 1.12149 -51.6933  1.11428
 1.12164 -51.6857  1.11428
 1.12179 -51.6781  1.11443
 1.12194 -51.6704  1.11458
 1.12209 -51.6628  1.11473
 1.12224 -51.6552  1.11488
 1.12239 -51.6476  1.11503
 1.12254 -51.6399  1.11518
 1.12269 -51.6323  1.11533
 1.12284 -51.6247  1.11548
 1.12299 -51.6171  1.11548
 1.12314 -51.6095  1.11563
 1.12329 -51.6019  1.11578
 1.12344 -51.5943  1.11593
 1.12359 -51.5867  1.11608
 1.12374 -51.5791  1.11623
 1.12389 -51.5715  1.11638
 1.12404 -51.5639  1.11653
 1.12419 -51.5563  1.11668
 1.12434 -51.5487  1.11683
 1.12449 -51.5411  1.11683
 1.12464 -51.5335  1.11698
 1.12479  -51.526  1.11713
 1.12494 -51.5184  1.11728
 1.12509 -51.5108  1.11743
 1.12524 -51.5032  1.11758
 1.12539 -51.4957  1.11773
 1.12554 -51.4881  1.11788
 1.12569 -51.4805  1.11803
 1.12584  -51.473  1.11803
 1.12599 -51.4654  1.11818
 1.12614 -51.4579  1.11833
 1.12629 -51.4503  1.11848
 1.12644 -51.4428  1.11863
 1.12659 -51.4352  1.11878
 1.12674 -51.4277  1.11893
 1.12689 -51.4201  1.11908
 1.12704 -51.4126  1.11923
 1.12719 -51.4051  1.11923
 1.12734 -51.3975  1.11938
 1.12749   -51.39  1.11953
 1.12764 -51.3825  1.11968
 1.12779 -51.3749  1.11983
 1.12794 -51.3674  1.11998
 1.12809 -51.3599  1.12014
 1.12824 -51.3524  1.12029
 1.12839 -51.3449  1.12029
 1.12854 -51.3373  1.12044
 1.12869 -51.3298  1.12059
 1.12884 -51.3223  1.12074
 1.12899 -51.3148  1.12089
 1.12914 -51.3073  1.12104
 1.12929 -51.2998  1.12119
 1.12944 -51.2923  1.12134
 1.12959 -51.2848  1.12149
 1.12974 -51.2773  1.12149
 1.12989 -51.2698  1.12164
 1.13004 -51.2624  1.12179
 1.13019 -51.2549  1.12194
 1.13034 -51.2474  1.12209
 1.13049 -51.2399  1.12224
 1.13064 -51.2324  1.12239
 1.13079  -51.225  1.12254
 1.13094 -51.2175  1.12269
 1.13109   -51.21  1.12269
 1.13124 -51.2026  1.12284
 1.13139 -51.1951  1.12299
 1.13154 -51.1876  1.12314
 1.13169 -51.1802  1.12329
 1.13184 -51.1727  1.12344
 1.13199 -51.1653  1.12359
 1.13214 -51.1578  1.12374
 1.13229 -51.1504  1.12374
 1.13244  -51.143  1.12389
 1.13259 -51.1355  1.12404
 1.13274 -51.1281  1.12419
 1.13289 -51.1206  1.12434
 1.13304 -51.1132  1.12449
 1.13319 -51.1058  1.12464
 1.13334 -51.0984  1.12464
 1.13349 -51.0909  1.12479
 1.13364 -51.0835  1.12494
 1.13379 -51.0761  1.12509
 1.13394 -51.0687  1.12524
 1.13409 -51.0613  1.12524
 1.13424 -51.0539  1.12539
 1.13439 -51.0465  1.12554
 1.13454 -51.0391  1.12569
 1.13469 -51.0317  1.12584
 1.13484 -51.0243  1.12584
 1.13499 -51.0169  1.12599
 1.13514 -51.0096  1.12614
 1.13529 -51.0022  1.12629
 1.13544 -50.9948  1.12644
 1.13559 -50.9874  1.12644
 1.13574 -50.9801  1.12659
 1.13589 -50.9727  1.12674
 1.13604 -50.9654  1.12689
 1.13619  -50.958  1.12704
 1.13634 -50.9506  1.12704
 1.13649 -50.9433  1.12719
 1.13664  -50.936  1.12734
 1.13679 -50.9286  1.12749
 1.13694 -50.9213  1.12764
 1.13709 -50.9139  1.12764
 1.13724 -50.9066  1.12779
 1.13739 -50.8993  1.12794
 1.13754  -50.892  1.12809
 1.13769 -50.8846  1.12824
 1.13784 -50.8773  1.12824
 1.13799   -50.87  1.12839
 1.13814 -50.8627  1.12854
 1.13829 -50.8554  1.12869
 1.13844 -50.8481  1.12884
 1.13859 -50.8408  1.12884
 1.13874 -50.8335  1.12899
 1.13889 -50.8262  1.12914
 1.13904 -50.8189  1.12929
 1.13919 -50.8117  1.12944
 1.13934 -50.8044  1.12944
 1.13949 -50.7971  1.12959
 1.13964 -50.7898  1.12974
 1.13979 -50.7826  1.12989
 1.13994 -50.7753  1.13004
  1.1401  -50.768  1.13004
 1.14025 -50.7608  1.13019
  1.1404 -50.7535  1.13034
 1.14055 -50.7463  1.13049
  1.1407  -50.739  1.13064
 1.14085 -50.7318  1.13064
   1.141 -50.7245  1.13079
 1.14115 -50.7173  1.13094
  1.1413 -50.7101  1.13109
 1.14145 -50.7028  1.13124
  1.1416 -50.6956  1.13124
 1.14175 -50.6884  1.13139
  1.1419 -50.6812  1.13154
 1.14205 -50.6739  1.13169
  1.1422 -50.6667  1.13184
 1.14235 -50.6595  1.13184
  1.1425 -50.6523  1.13199
 1.14265 -50.6451  1.13214
  1.1428 -50.6379  1.13229
 1.14295 -50.6307  1.13244
  1.1431 -50.6235  1.13244
 1.14325 -50.6163  1.13259
  1.1434 -50.6092  1.13274
 1.14355  -50.602  1.13289
  1.1437 -50.5948  1.13304
 1.14385 -50.5876  1.13304
   1.144 -50.5804  1.13319
 1.14415 -50.5733  1.13334
  1.1443 -50.5661  1.13349
 1.14445  -50.559  1.13364
  1.1446 -50.5518  1.13364
 1.14475 -50.5446  1.13379
  1.1449 -50.5375  1.13394
 1.14505 -50.5303  1.13409
  1.1452 -50.5232  1.13424
 1.14535 -50.5161  1.13424
  1.1455 -50.5089  1.13439
 1.14565 -50.5018  1.13454
  1.1458 -50.4947  1.13469
 1.14595 -50.4875  1.13484
  1.1461 -50.4804  1.13484
 1.14625 -50.4733  1.13499
  1.1464 -50.4662  1.13514
 1.14655 -50.4591  1.13529
  1.1467  -50.452  1.13544
 1.14685 -50.4449  1.13544
   1.147 -50.4378  1.13559
 1.14715 -50.4307  1.13574
  1.1473 -50.4236  1.13589
 1.14745 -50.4165  1.13604
  1.1476 -50.4094  1.13604
 1.14775 -50.4023  1.13619
  1.1479 -50.3952  1.13634
 1.14805 -50.3882  1.13649
  1.1482 -50.3811  1.13649
 1.14835  -50.374  1.13664
  1.1485  -50.367  1.13679
 1.14865 -50.3599  1.13694
  1.1488 -50.3528  1.13709
 1.14895 -50.3458  1.13709
  1.1491 -50.3387  1.13724
 1.14925 -50.3317  1.13739
  1.1494 -50.3246  1.13754
 1.14955 -50.3176  1.13769
  1.1497 -50.3106  1.13769
 1.14985 -50.3035  1.13784
    1.15 -50.2965  1.13799