 kgrid  ValNew  Policy 
    0.85 -76.0605     0.85
 0.85015 -76.0452     0.85
  0.8503 -76.0299     0.85
 0.85045 -76.0147     0.85
  0.8506 -75.9994     0.85
 0.85075 -75.9843     0.85
  0.8509 -75.9691     0.85
0.851051  -75.954     0.85
0.851201 -75.9389     0.85
0.851351 -75.9238     0.85
0.851501 -75.9088     0.85
0.851651 -75.8937  0.85015
0.851801 -75.8787   0.8503
0.851951 -75.8637   0.8503
0.852101 -75.8487  0.85045
0.852251 -75.8338   0.8506
0.852401 -75.8188   0.8506
0.852551 -75.8039  0.85075
0.852701 -75.7889  0.85075
0.852851  -75.774   0.8509
0.853002 -75.7591 0.851051
0.853152 -75.7442 0.851201
0.853302 -75.7293 0.851201
0.853452 -75.7145 0.851351
0.853602 -75.6996 0.851351
0.853752 -75.6848 0.851501
0.853902 -75.6699 0.851651
0.854052 -75.6551 0.851801
0.854202 -75.6403 0.851801
0.854352 -75.6255 0.851951
0.854502 -75.6107 0.852101
0.854652  -75.596 0.852101
0.854802 -75.5812 0.852251
0.854952 -75.5664 0.852401
0.855103 -75.5517 0.852551
0.855253  -75.537 0.852551
0.855403 -75.5222 0.852701
0.855553 -75.5075 0.852851
0.855703 -75.4928 0.853002
0.855853 -75.4781 0.853002
0.856003 -75.4635 0.853152
0.856153 -75.4488 0.853302
0.856303 -75.4342 0.853302
0.856453 -75.4195 0.853452
0.856603 -75.4049 0.853602
0.856753 -75.3903 0.853752
0.856903 -75.3756 0.853752
0.857054  -75.361 0.853902
0.857204 -75.3465 0.854052
0.857354 -75.3319 0.854052
0.857504 -75.3173 0.854202
0.857654 -75.3027 0.854352
0.857804 -75.2882 0.854502
0.857954 -75.2737 0.854502
0.858104 -75.2591 0.854652
0.858254 -75.2446 0.854802
0.858404 -75.2301 0.854952
0.858554 -75.2156 0.854952
0.858704 -75.2011 0.855103
0.858854 -75.1867 0.855253
0.859005 -75.1722 0.855403
0.859155 -75.1577 0.855403
0.859305 -75.1433 0.855553
0.859455 -75.1289 0.855703
0.859605 -75.1145 0.855703
0.859755    -75.1 0.855853
0.859905 -75.0856 0.856003
0.860055 -75.0713 0.856153
0.860205 -75.0569 0.856153
0.860355 -75.0425 0.856303
0.860505 -75.0281 0.856453
0.860655 -75.0138 0.856603
0.860805 -74.9995 0.856603
0.860955 -74.9851 0.856753
0.861106 -74.9708 0.856903
0.861256 -74.9565 0.856903
0.861406 -74.9422 0.857054
0.861556 -74.9279 0.857204
0.861706 -74.9136 0.857354
0.861856 -74.8994 0.857354
0.862006 -74.8851 0.857504
0.862156 -74.8709 0.857654
0.862306 -74.8566 0.857804
0.862456 -74.8424 0.857804
0.862606 -74.8282 0.857954
0.862756  -74.814 0.858104
0.862906 -74.7998 0.858104
0.863057 -74.7856 0.858254
0.863207 -74.7714 0.858404
0.863357 -74.7573 0.858554
0.863507 -74.7431 0.858554
0.863657  -74.729 0.858704
0.863807 -74.7148 0.858854
0.863957 -74.7007 0.859005
0.864107 -74.6866 0.859005
0.864257 -74.6725 0.859155
0.864407 -74.6584 0.859305
0.864557 -74.6443 0.859455
0.864707 -74.6302 0.859455
0.864857 -74.6162 0.859605
0.865008 -74.6021 0.859755
0.865158 -74.5881 0.859905
0.865308  -74.574 0.859905
0.865458   -74.56 0.860055
0.865608  -74.546 0.860205
0.865758  -74.532 0.860205
0.865908  -74.518 0.860355
0.866058  -74.504 0.860505
0.866208   -74.49 0.860655
0.866358 -74.4761 0.860655
0.866508 -74.4621 0.860805
0.866658 -74.4482 0.860955
0.866808 -74.4342 0.861106
0.866958 -74.4203 0.861106
0.867109 -74.4064 0.861256
0.867259 -74.3925 0.861406
0.867409 -74.3786 0.861556
0.867559 -74.3647 0.861556
0.867709 -74.3508 0.861706
0.867859 -74.3369 0.861856
0.868009 -74.3231 0.862006
0.868159 -74.3092 0.862006
0.868309 -74.2954 0.862156
0.868459 -74.2816 0.862306
0.868609 -74.2677 0.862456
0.868759 -74.2539 0.862456
0.868909 -74.2401 0.862606
 0.86906 -74.2263 0.862756
 0.86921 -74.2125 0.862906
 0.86936 -74.1988 0.862906
 0.86951  -74.185 0.863057
 0.86966 -74.1712 0.863207
 0.86981 -74.1575 0.863357
 0.86996 -74.1438 0.863357
 0.87011   -74.13 0.863507
 0.87026 -74.1163 0.863657
 0.87041 -74.1026 0.863807
 0.87056 -74.0889 0.863807
 0.87071 -74.0752 0.863957
 0.87086 -74.0615 0.864107
0.871011 -74.0478 0.864257
0.871161 -74.0342 0.864257
0.871311 -74.0205 0.864407
0.871461 -74.0069 0.864557
0.871611 -73.9932 0.864707
0.871761 -73.9796 0.864707
0.871911  -73.966 0.864857
0.872061 -73.9524 0.865008
0.872211 -73.9388 0.865158
0.872361 -73.9252 0.865158
0.872511 -73.9116 0.865308
0.872661  -73.898 0.865458
0.872811 -73.8845 0.865608
0.872961 -73.8709 0.865608
0.873112 -73.8574 0.865758
0.873262 -73.8438 0.865908
0.873412 -73.8303 0.866058
0.873562 -73.8168 0.866058
0.873712 -73.8033 0.866208
0.873862 -73.7898 0.866358
0.874012 -73.7763 0.866508
0.874162 -73.7628 0.866508
0.874312 -73.7493 0.866658
0.874462 -73.7359 0.866808
0.874612 -73.7224 0.866958
0.874762  -73.709 0.867109
0.874912 -73.6955 0.867109
0.875063 -73.6821 0.867259
0.875213 -73.6687 0.867409
0.875363 -73.6553 0.867559
0.875513 -73.6419 0.867559
0.875663 -73.6285 0.867709
0.875813 -73.6151 0.867859
0.875963 -73.6017 0.868009
0.876113 -73.5884 0.868009
0.876263  -73.575 0.868159
0.876413 -73.5617 0.868309
0.876563 -73.5483 0.868459
0.876713  -73.535 0.868459
0.876863 -73.5217 0.868609
0.877014 -73.5083 0.868759
0.877164  -73.495 0.868909
0.877314 -73.4817 0.868909
0.877464 -73.4685  0.86906
0.877614 -73.4552  0.86921
0.877764 -73.4419  0.86936
0.877914 -73.4286  0.86936
0.878064 -73.4154  0.86951
0.878214 -73.4021  0.86966
0.878364 -73.3889  0.86981
0.878514 -73.3757  0.86981
0.878664 -73.3625  0.86996
0.878814 -73.3493  0.87011
0.878964 -73.3361  0.87026
0.879115 -73.3229  0.87026
0.879265 -73.3097  0.87041
0.879415 -73.2965  0.87056
0.879565 -73.2833  0.87071
0.879715 -73.2702  0.87086
0.879865  -73.257  0.87086
0.880015 -73.2439 0.871011
0.880165 -73.2307 0.871161
0.880315 -73.2176 0.871311
0.880465 -73.2045 0.871461
0.880615 -73.1914 0.871611
0.880765 -73.1782 0.871761
0.880915 -73.1651 0.871761
0.881066  -73.152 0.871911
0.881216 -73.1389 0.872061
0.881366 -73.1258 0.872211
0.881516 -73.1128 0.872361
0.881666 -73.0997 0.872511
0.881816 -73.0866 0.872661
0.881966 -73.0735 0.872661
0.882116 -73.0605 0.872811
0.882266 -73.0474 0.872961
0.882416 -73.0344 0.873112
0.882566 -73.0214 0.873262
0.882716 -73.0083 0.873412
0.882866 -72.9953 0.873562
0.883017 -72.9823 0.873712
0.883167 -72.9693 0.873712
0.883317 -72.9562 0.873862
0.883467 -72.9432 0.874012
0.883617 -72.9302 0.874162
0.883767 -72.9173 0.874312
0.883917 -72.9043 0.874462
0.884067 -72.8913 0.874612
0.884217 -72.8783 0.874612
0.884367 -72.8654 0.874762
0.884517 -72.8524 0.874912
0.884667 -72.8394 0.875063
0.884817 -72.8265 0.875213
0.884967 -72.8135 0.875363
0.885118 -72.8006 0.875513
0.885268 -72.7877 0.875513
0.885418 -72.7747 0.875663
0.885568 -72.7618 0.875813
0.885718 -72.7489 0.875963
0.885868  -72.736 0.876113
0.886018 -72.7231 0.876263
0.886168 -72.7102 0.876413
0.886318 -72.6973 0.876563
0.886468 -72.6844 0.876563
0.886618 -72.6716 0.876713
0.886768 -72.6587 0.876863
0.886918 -72.6458 0.877014
0.887069  -72.633 0.877164
0.887219 -72.6201 0.877314
0.887369 -72.6073 0.877464
0.887519 -72.5944 0.877464
0.887669 -72.5816 0.877614
0.887819 -72.5688 0.877764
0.887969 -72.5559 0.877914
0.888119 -72.5431 0.878064
0.888269 -72.5303 0.878214
0.888419 -72.5175 0.878364
0.888569 -72.5047 0.878514
0.888719 -72.4919 0.878514
0.888869 -72.4791 0.878664
 0.88902 -72.4663 0.878814
 0.88917 -72.4535 0.878964
 0.88932 -72.4408 0.879115
 0.88947  -72.428 0.879265
 0.88962 -72.4152 0.879415
 0.88977 -72.4025 0.879415
 0.88992 -72.3897 0.879565
 0.89007  -72.377 0.879715
 0.89022 -72.3643 0.879865
 0.89037 -72.3515 0.880015
 0.89052 -72.3388 0.880165
 0.89067 -72.3261 0.880315
 0.89082 -72.3134 0.880465
 0.89097 -72.3006 0.880615
0.891121 -72.2879 0.880615
0.891271 -72.2752 0.880765
0.891421 -72.2625 0.880915
0.891571 -72.2499 0.881066
0.891721 -72.2372 0.881216
0.891871 -72.2245 0.881366
0.892021 -72.2118 0.881516
0.892171 -72.1992 0.881666
0.892321 -72.1865 0.881666
0.892471 -72.1738 0.881816
0.892621 -72.1612 0.881966
0.892771 -72.1485 0.882116
0.892921 -72.1359 0.882266
0.893072 -72.1233 0.882416
0.893222 -72.1106 0.882566
0.893372  -72.098 0.882716
0.893522 -72.0854 0.882866
0.893672 -72.0728 0.882866
0.893822 -72.0602 0.883017
0.893972 -72.0476 0.883167
0.894122  -72.035 0.883317
0.894272 -72.0224 0.883467
0.894422 -72.0098 0.883617
0.894572 -71.9972 0.883767
0.894722 -71.9846 0.883917
0.894872 -71.9721 0.883917
0.895023 -71.9595 0.884067
0.895173 -71.9469 0.884217
0.895323 -71.9344 0.884367
0.895473 -71.9218 0.884517
0.895623 -71.9093 0.884667
0.895773 -71.8967 0.884817
0.895923 -71.8842 0.884967
0.896073 -71.8717 0.885118
0.896223 -71.8592 0.885118
0.896373 -71.8466 0.885268
0.896523 -71.8341 0.885418
0.896673 -71.8216 0.885568
0.896823 -71.8091 0.885718
0.896973 -71.7966 0.885868
0.897124 -71.7841 0.886018
0.897274 -71.7716 0.886168
0.897424 -71.7591 0.886318
0.897574 -71.7467 0.886318
0.897724 -71.7342 0.886468
0.897874 -71.7217 0.886618
0.898024 -71.7093 0.886768
0.898174 -71.6968 0.886918
0.898324 -71.6844 0.887069
0.898474 -71.6719 0.887219
0.898624 -71.6595 0.887369
0.898774  -71.647 0.887519
0.898924 -71.6346 0.887519
0.899075 -71.6222 0.887669
0.899225 -71.6098 0.887819
0.899375 -71.5973 0.887969
0.899525 -71.5849 0.888119
0.899675 -71.5725 0.888269
0.899825 -71.5601 0.888419
0.899975 -71.5477 0.888569
0.900125 -71.5353 0.888719
0.900275  -71.523 0.888869
0.900425 -71.5106 0.888869
0.900575 -71.4982  0.88902
0.900725 -71.4858  0.88917
0.900875 -71.4735  0.88932
0.901026 -71.4611  0.88947
0.901176 -71.4488  0.88962
0.901326 -71.4364  0.88977
0.901476 -71.4241  0.88992
0.901626 -71.4117  0.89007
0.901776 -71.3994  0.89007
0.901926 -71.3871  0.89022
0.902076 -71.3747  0.89037
0.902226 -71.3624  0.89052
0.902376 -71.3501  0.89067
0.902526 -71.3378  0.89082
0.902676 -71.3255  0.89097
0.902826 -71.3132 0.891121
0.902976 -71.3009 0.891271
0.903127 -71.2886 0.891271
0.903277 -71.2763 0.891421
0.903427  -71.264 0.891571
0.903577 -71.2518 0.891721
0.903727 -71.2395 0.891871
0.903877 -71.2272 0.892021
0.904027  -71.215 0.892171
0.904177 -71.2027 0.892321
0.904327 -71.1905 0.892471
0.904477 -71.1782 0.892621
0.904627  -71.166 0.892621
0.904777 -71.1537 0.892771
0.904927 -71.1415 0.892921
0.905078 -71.1293 0.893072
0.905228 -71.1171 0.893222
0.905378 -71.1048 0.893372
0.905528 -71.0926 0.893522
0.905678 -71.0804 0.893672
0.905828 -71.0682 0.893822
0.905978  -71.056 0.893822
0.906128 -71.0438 0.893972
0.906278 -71.0317 0.894122
0.906428 -71.0195 0.894272
0.906578 -71.0073 0.894422
0.906728 -70.9951 0.894572
0.906878  -70.983 0.894722
0.907029 -70.9708 0.894872
0.907179 -70.9586 0.895023
0.907329 -70.9465 0.895173
0.907479 -70.9343 0.895173
0.907629 -70.9222 0.895323
0.907779   -70.91 0.895473
0.907929 -70.8979 0.895623
0.908079 -70.8858 0.895773
0.908229 -70.8737 0.895923
0.908379 -70.8615 0.896073
0.908529 -70.8494 0.896223
0.908679 -70.8373 0.896373
0.908829 -70.8252 0.896373
0.908979 -70.8131 0.896523
 0.90913  -70.801 0.896673
 0.90928 -70.7889 0.896823
 0.90943 -70.7768 0.896973
 0.90958 -70.7647 0.897124
 0.90973 -70.7527 0.897274
 0.90988 -70.7406 0.897424
 0.91003 -70.7285 0.897574
 0.91018 -70.7165 0.897724
 0.91033 -70.7044 0.897874
 0.91048 -70.6924 0.897874
 0.91063 -70.6803 0.898024
 0.91078 -70.6683 0.898174
 0.91093 -70.6562 0.898324
0.911081 -70.6442 0.898474
0.911231 -70.6322 0.898624
0.911381 -70.6201 0.898774
0.911531 -70.6081 0.898924
0.911681 -70.5961 0.899075
0.911831 -70.5841 0.899225
0.911981 -70.5721 0.899225
0.912131 -70.5601 0.899375
0.912281 -70.5481 0.899525
0.912431 -70.5361 0.899675
0.912581 -70.5241 0.899825
0.912731 -70.5121 0.899975
0.912881 -70.5001 0.900125
0.913032 -70.4881 0.900275
0.913182 -70.4762 0.900425
0.913332 -70.4642 0.900575
0.913482 -70.4522 0.900725
0.913632 -70.4403 0.900725
0.913782 -70.4283 0.900875
0.913932 -70.4164 0.901026
0.914082 -70.4044 0.901176
0.914232 -70.3925 0.901326
0.914382 -70.3805 0.901476
0.914532 -70.3686 0.901626
0.914682 -70.3567 0.901776
0.914832 -70.3448 0.901926
0.914982 -70.3328 0.902076
0.915133 -70.3209 0.902226
0.915283  -70.309 0.902376
0.915433 -70.2971 0.902376
0.915583 -70.2852 0.902526
0.915733 -70.2733 0.902676
0.915883 -70.2614 0.902826
0.916033 -70.2495 0.902976
0.916183 -70.2376 0.903127
0.916333 -70.2257 0.903277
0.916483 -70.2139 0.903427
0.916633  -70.202 0.903577
0.916783 -70.1901 0.903727
0.916933 -70.1782 0.903877
0.917084 -70.1664 0.904027
0.917234 -70.1545 0.904177
0.917384 -70.1427 0.904177
0.917534 -70.1308 0.904327
0.917684  -70.119 0.904477
0.917834 -70.1071 0.904627
0.917984 -70.0953 0.904777
0.918134 -70.0835 0.904927
0.918284 -70.0716 0.905078
0.918434 -70.0598 0.905228
0.918584  -70.048 0.905378
0.918734 -70.0362 0.905528
0.918884 -70.0244 0.905678
0.919035 -70.0126 0.905828
0.919185 -70.0008 0.905828
0.919335  -69.989 0.905978
0.919485 -69.9772 0.906128
0.919635 -69.9654 0.906278
0.919785 -69.9536 0.906428
0.919935 -69.9418 0.906578
0.920085   -69.93 0.906728
0.920235 -69.9182 0.906878
0.920385 -69.9065 0.907029
0.920535 -69.8947 0.907179
0.920685 -69.8829 0.907329
0.920835 -69.8712 0.907479
0.920985 -69.8594 0.907629
0.921136 -69.8477 0.907629
0.921286 -69.8359 0.907779
0.921436 -69.8242 0.907929
0.921586 -69.8125 0.908079
0.921736 -69.8007 0.908229
0.921886  -69.789 0.908379
0.922036 -69.7773 0.908529
0.922186 -69.7655 0.908679
0.922336 -69.7538 0.908829
0.922486 -69.7421 0.908979
0.922636 -69.7304  0.90913
0.922786 -69.7187  0.90928
0.922936  -69.707  0.90928
0.923087 -69.6953  0.90943
0.923237 -69.6836  0.90958
0.923387 -69.6719  0.90973
0.923537 -69.6602  0.90988
0.923687 -69.6486  0.91003
0.923837 -69.6369  0.91018
0.923987 -69.6252  0.91033
0.924137 -69.6135  0.91048
0.924287 -69.6019  0.91063
0.924437 -69.5902  0.91078
0.924587 -69.5785  0.91093
0.924737 -69.5669 0.911081
0.924887 -69.5552 0.911081
0.925038 -69.5436 0.911231
0.925188  -69.532 0.911381
0.925338 -69.5203 0.911531
0.925488 -69.5087 0.911681
0.925638 -69.4971 0.911831
0.925788 -69.4854 0.911981
0.925938 -69.4738 0.912131
0.926088 -69.4622 0.912281
0.926238 -69.4506 0.912431
0.926388  -69.439 0.912581
0.926538 -69.4274 0.912731
0.926688 -69.4158 0.912881
0.926838 -69.4042 0.913032
0.926988 -69.3926 0.913032
0.927139  -69.381 0.913182
0.927289 -69.3694 0.913332
0.927439 -69.3578 0.913482
0.927589 -69.3462 0.913632
0.927739 -69.3347 0.913782
0.927889 -69.3231 0.913932
0.928039 -69.3115 0.914082
0.928189    -69.3 0.914232
0.928339 -69.2884 0.914382
0.928489 -69.2768 0.914532
0.928639 -69.2653 0.914682
0.928789 -69.2537 0.914832
0.928939 -69.2422 0.914982
 0.92909 -69.2307 0.914982
 0.92924 -69.2191 0.915133
 0.92939 -69.2076 0.915283
 0.92954 -69.1961 0.915433
 0.92969 -69.1845 0.915583
 0.92984  -69.173 0.915733
 0.92999 -69.1615 0.915883
 0.93014   -69.15 0.916033
 0.93029 -69.1385 0.916183
 0.93044  -69.127 0.916333
 0.93059 -69.1155 0.916483
 0.93074  -69.104 0.916633
 0.93089 -69.0925 0.916783
0.931041  -69.081 0.916933
0.931191 -69.0695 0.916933
0.931341  -69.058 0.917084
0.931491 -69.0465 0.917234
0.931641 -69.0351 0.917384
0.931791 -69.0236 0.917534
0.931941 -69.0121 0.917684
0.932091 -69.0007 0.917834
0.932241 -68.9892 0.917984
0.932391 -68.9778 0.918134
0.932541 -68.9663 0.918284
0.932691 -68.9549 0.918434
0.932841 -68.9434 0.918584
0.932991  -68.932 0.918734
0.933142 -68.9205 0.918884
0.933292 -68.9091 0.918884
0.933442 -68.8977 0.919035
0.933592 -68.8862 0.919185
0.933742 -68.8748 0.919335
0.933892 -68.8634 0.919485
0.934042  -68.852 0.919635
0.934192 -68.8406 0.919785
0.934342 -68.8292 0.919935
0.934492 -68.8178 0.920085
0.934642 -68.8064 0.920235
0.934792  -68.795 0.920385
0.934942 -68.7836 0.920535
0.935093 -68.7722 0.920685
0.935243 -68.7608 0.920835
0.935393 -68.7494 0.920835
0.935543  -68.738 0.920985
0.935693 -68.7267 0.921136
0.935843 -68.7153 0.921286
0.935993 -68.7039 0.921436
0.936143 -68.6926 0.921586
0.936293 -68.6812 0.921736
0.936443 -68.6699 0.921886
0.936593 -68.6585 0.922036
0.936743 -68.6472 0.922186
0.936893 -68.6358 0.922336
0.937044 -68.6245 0.922486
0.937194 -68.6131 0.922636
0.937344 -68.6018 0.922786
0.937494 -68.5905 0.922936
0.937644 -68.5792 0.922936
0.937794 -68.5678 0.923087
0.937944 -68.5565 0.923237
0.938094 -68.5452 0.923387
0.938244 -68.5339 0.923537
0.938394 -68.5226 0.923687
0.938544 -68.5113 0.923837
0.938694    -68.5 0.923987
0.938844 -68.4887 0.924137
0.938994 -68.4774 0.924287
0.939145 -68.4661 0.924437
0.939295 -68.4548 0.924587
0.939445 -68.4435 0.924737
0.939595 -68.4323 0.924887
0.939745  -68.421 0.924887
0.939895 -68.4097 0.925038
0.940045 -68.3985 0.925188
0.940195 -68.3872 0.925338
0.940345 -68.3759 0.925488
0.940495 -68.3647 0.925638
0.940645 -68.3534 0.925788
0.940795 -68.3422 0.925938
0.940945 -68.3309 0.926088
0.941096 -68.3197 0.926238
0.941246 -68.3085 0.926388
0.941396 -68.2972 0.926538
0.941546  -68.286 0.926688
0.941696 -68.2748 0.926838
0.941846 -68.2635 0.926988
0.941996 -68.2523 0.926988
0.942146 -68.2411 0.927139
0.942296 -68.2299 0.927289
0.942446 -68.2187 0.927439
0.942596 -68.2075 0.927589
0.942746 -68.1963 0.927739
0.942896 -68.1851 0.927889
0.943047 -68.1739 0.928039
0.943197 -68.1627 0.928189
0.943347 -68.1515 0.928339
0.943497 -68.1403 0.928489
0.943647 -68.1291 0.928639
0.943797  -68.118 0.928789
0.943947 -68.1068 0.928939
0.944097 -68.0956  0.92909
0.944247 -68.0845  0.92909
0.944397 -68.0733  0.92924
0.944547 -68.0621  0.92939
0.944697  -68.051  0.92954
0.944847 -68.0398  0.92969
0.944997 -68.0287  0.92984
0.945148 -68.0175  0.92999
0.945298 -68.0064  0.93014
0.945448 -67.9953  0.93029
0.945598 -67.9841  0.93044
0.945748  -67.973  0.93059
0.945898 -67.9619  0.93074
0.946048 -67.9507  0.93089
0.946198 -67.9396 0.931041
0.946348 -67.9285 0.931191
0.946498 -67.9174 0.931191
0.946648 -67.9063 0.931341
0.946798 -67.8952 0.931491
0.946948 -67.8841 0.931641
0.947099  -67.873 0.931791
0.947249 -67.8619 0.931941
0.947399 -67.8508 0.932091
0.947549 -67.8397 0.932241
0.947699 -67.8286 0.932391
0.947849 -67.8175 0.932541
0.947999 -67.8065 0.932691
0.948149 -67.7954 0.932841
0.948299 -67.7843 0.932991
0.948449 -67.7732 0.933142
0.948599 -67.7622 0.933292
0.948749 -67.7511 0.933442
0.948899 -67.7401 0.933442
 0.94905  -67.729 0.933592
  0.9492  -67.718 0.933742
 0.94935 -67.7069 0.933892
  0.9495 -67.6959 0.934042
 0.94965 -67.6848 0.934192
  0.9498 -67.6738 0.934342
 0.94995 -67.6628 0.934492
  0.9501 -67.6517 0.934642
 0.95025 -67.6407 0.934792
  0.9504 -67.6297 0.934942
 0.95055 -67.6187 0.935093
  0.9507 -67.6076 0.935243
 0.95085 -67.5966 0.935393
0.951001 -67.5856 0.935543
0.951151 -67.5746 0.935693
0.951301 -67.5636 0.935693
0.951451 -67.5526 0.935843
0.951601 -67.5416 0.935993
0.951751 -67.5306 0.936143
0.951901 -67.5196 0.936293
0.952051 -67.5086 0.936443
0.952201 -67.4977 0.936593
0.952351 -67.4867 0.936743
0.952501 -67.4757 0.936893
0.952651 -67.4647 0.937044
0.952801 -67.4538 0.937194
0.952951 -67.4428 0.937344
0.953102 -67.4318 0.937494
0.953252 -67.4209 0.937644
0.953402 -67.4099 0.937794
0.953552  -67.399 0.937944
0.953702  -67.388 0.937944
0.953852 -67.3771 0.938094
0.954002 -67.3661 0.938244
0.954152 -67.3552 0.938394
0.954302 -67.3443 0.938544
0.954452 -67.3333 0.938694
0.954602 -67.3224 0.938844
0.954752 -67.3115 0.938994
0.954902 -67.3006 0.939145
0.955053 -67.2896 0.939295
0.955203 -67.2787 0.939445
0.955353 -67.2678 0.939595
0.955503 -67.2569 0.939745
0.955653  -67.246 0.939895
0.955803 -67.2351 0.940045
0.955953 -67.2242 0.940195
0.956103 -67.2133 0.940345
0.956253 -67.2024 0.940345
0.956403 -67.1915 0.940495
0.956553 -67.1806 0.940645
0.956703 -67.1698 0.940795
0.956853 -67.1589 0.940945
0.957004  -67.148 0.941096
0.957154 -67.1371 0.941246
0.957304 -67.1263 0.941396
0.957454 -67.1154 0.941546
0.957604 -67.1045 0.941696
0.957754 -67.0937 0.941846
0.957904 -67.0828 0.941996
0.958054  -67.072 0.942146
0.958204 -67.0611 0.942296
0.958354 -67.0503 0.942446
0.958504 -67.0395 0.942596
0.958654 -67.0286 0.942596
0.958804 -67.0178 0.942746
0.958954 -67.0069 0.942896
0.959105 -66.9961 0.943047
0.959255 -66.9853 0.943197
0.959405 -66.9745 0.943347
0.959555 -66.9637 0.943497
0.959705 -66.9528 0.943647
0.959855  -66.942 0.943797
0.960005 -66.9312 0.943947
0.960155 -66.9204 0.944097
0.960305 -66.9096 0.944247
0.960455 -66.8988 0.944397
0.960605  -66.888 0.944547
0.960755 -66.8772 0.944697
0.960905 -66.8664 0.944847
0.961056 -66.8556 0.944997
0.961206 -66.8449 0.944997
0.961356 -66.8341 0.945148
0.961506 -66.8233 0.945298
0.961656 -66.8125 0.945448
0.961806 -66.8018 0.945598
0.961956  -66.791 0.945748
0.962106 -66.7802 0.945898
0.962256 -66.7695 0.946048
0.962406 -66.7587 0.946198
0.962556  -66.748 0.946348
0.962706 -66.7372 0.946498
0.962856 -66.7265 0.946648
0.963007 -66.7157 0.946798
0.963157  -66.705 0.946948
0.963307 -66.6942 0.947099
0.963457 -66.6835 0.947249
0.963607 -66.6728 0.947399
0.963757 -66.6621 0.947399
0.963907 -66.6513 0.947549
0.964057 -66.6406 0.947699
0.964207 -66.6299 0.947849
0.964357 -66.6192 0.947999
0.964507 -66.6085 0.948149
0.964657 -66.5978 0.948299
0.964807 -66.5871 0.948449
0.964957 -66.5764 0.948599
0.965108 -66.5657 0.948749
0.965258  -66.555 0.948899
0.965408 -66.5443  0.94905
0.965558 -66.5336   0.9492
0.965708 -66.5229  0.94935
0.965858 -66.5122   0.9495
0.966008 -66.5015  0.94965
0.966158 -66.4909   0.9498
0.966308 -66.4802   0.9498
0.966458 -66.4695  0.94995
0.966608 -66.4588   0.9501
0.966758 -66.4482  0.95025
0.966908 -66.4375   0.9504
0.967059 -66.4269  0.95055
0.967209 -66.4162   0.9507
0.967359 -66.4056  0.95085
0.967509 -66.3949 0.951001
0.967659 -66.3843 0.951151
0.967809 -66.3736 0.951301
0.967959  -66.363 0.951451
0.968109 -66.3524 0.951601
0.968259 -66.3417 0.951751
0.968409 -66.3311 0.951901
0.968559 -66.3205 0.952051
0.968709 -66.3098 0.952201
0.968859 -66.2992 0.952201
 0.96901 -66.2886 0.952351
 0.96916  -66.278 0.952501
 0.96931 -66.2674 0.952651
 0.96946 -66.2568 0.952801
 0.96961 -66.2462 0.952951
 0.96976 -66.2356 0.953102
 0.96991  -66.225 0.953252
 0.97006 -66.2144 0.953402
 0.97021 -66.2038 0.953552
 0.97036 -66.1932 0.953702
 0.97051 -66.1826 0.953852
 0.97066  -66.172 0.954002
 0.97081 -66.1615 0.954152
 0.97096 -66.1509 0.954302
0.971111 -66.1403 0.954452
0.971261 -66.1297 0.954602
0.971411 -66.1192 0.954602
0.971561 -66.1086 0.954752
0.971711 -66.0981 0.954902
0.971861 -66.0875 0.955053
0.972011 -66.0769 0.955203
0.972161 -66.0664 0.955353
0.972311 -66.0559 0.955503
0.972461 -66.0453 0.955653
0.972611 -66.0348 0.955803
0.972761 -66.0242 0.955953
0.972911 -66.0137 0.956103
0.973062 -66.0032 0.956253
0.973212 -65.9926 0.956403
0.973362 -65.9821 0.956553
0.973512 -65.9716 0.956703
0.973662 -65.9611 0.956853
0.973812 -65.9506 0.957004
0.973962   -65.94 0.957154
0.974112 -65.9295 0.957154
0.974262  -65.919 0.957304
0.974412 -65.9085 0.957454
0.974562  -65.898 0.957604
0.974712 -65.8875 0.957754
0.974862  -65.877 0.957904
0.975013 -65.8665 0.958054
0.975163  -65.856 0.958204
0.975313 -65.8456 0.958354
0.975463 -65.8351 0.958504
0.975613 -65.8246 0.958654
0.975763 -65.8141 0.958804
0.975913 -65.8037 0.958954
0.976063 -65.7932 0.959105
0.976213 -65.7827 0.959255
0.976363 -65.7723 0.959405
0.976513 -65.7618 0.959555
0.976663 -65.7513 0.959555
0.976813 -65.7409 0.959705
0.976963 -65.7304 0.959855
0.977114   -65.72 0.960005
0.977264 -65.7095 0.960155
0.977414 -65.6991 0.960305
0.977564 -65.6887 0.960455
0.977714 -65.6782 0.960605
0.977864 -65.6678 0.960755
0.978014 -65.6574 0.960905
0.978164 -65.6469 0.961056
0.978314 -65.6365 0.961206
0.978464 -65.6261 0.961356
0.978614 -65.6157 0.961506
0.978764 -65.6053 0.961656
0.978914 -65.5948 0.961806
0.979065 -65.5844 0.961956
0.979215  -65.574 0.962106
0.979365 -65.5636 0.962106
0.979515 -65.5532 0.962256
0.979665 -65.5428 0.962406
0.979815 -65.5324 0.962556
0.979965 -65.5221 0.962706
0.980115 -65.5117 0.962856
0.980265 -65.5013 0.963007
0.980415 -65.4909 0.963157
0.980565 -65.4805 0.963307
0.980715 -65.4701 0.963457
0.980865 -65.4598 0.963607
0.981016 -65.4494 0.963757
0.981166  -65.439 0.963907
0.981316 -65.4287 0.964057
0.981466 -65.4183 0.964207
0.981616  -65.408 0.964357
0.981766 -65.3976 0.964507
0.981916 -65.3873 0.964657
0.982066 -65.3769 0.964657
0.982216 -65.3666 0.964807
0.982366 -65.3562 0.964957
0.982516 -65.3459 0.965108
0.982666 -65.3355 0.965258
0.982816 -65.3252 0.965408
0.982966 -65.3149 0.965558
0.983117 -65.3046 0.965708
0.983267 -65.2942 0.965858
0.983417 -65.2839 0.966008
0.983567 -65.2736 0.966158
0.983717 -65.2633 0.966308
0.983867  -65.253 0.966458
0.984017 -65.2427 0.966608
0.984167 -65.2323 0.966758
0.984317  -65.222 0.966908
0.984467 -65.2117 0.967059
0.984617 -65.2015 0.967209
0.984767 -65.1912 0.967209
0.984917 -65.1809 0.967359
0.985068 -65.1706 0.967509
0.985218 -65.1603 0.967659
0.985368   -65.15 0.967809
0.985518 -65.1397 0.967959
0.985668 -65.1295 0.968109
0.985818 -65.1192 0.968259
0.985968 -65.1089 0.968409
0.986118 -65.0986 0.968559
0.986268 -65.0884 0.968709
0.986418 -65.0781 0.968859
0.986568 -65.0679  0.96901
0.986718 -65.0576  0.96916
0.986868 -65.0473  0.96931
0.987019 -65.0371  0.96946
0.987169 -65.0269  0.96961
0.987319 -65.0166  0.96976
0.987469 -65.0064  0.96976
0.987619 -64.9961  0.96991
0.987769 -64.9859  0.97006
0.987919 -64.9757  0.97021
0.988069 -64.9654  0.97036
0.988219 -64.9552  0.97051
0.988369  -64.945  0.97066
0.988519 -64.9348  0.97081
0.988669 -64.9245  0.97096
0.988819 -64.9143 0.971111
0.988969 -64.9041 0.971261
 0.98912 -64.8939 0.971411
 0.98927 -64.8837 0.971561
 0.98942 -64.8735 0.971711
 0.98957 -64.8633 0.971861
 0.98972 -64.8531 0.972011
 0.98987 -64.8429 0.972161
 0.99002 -64.8327 0.972311
 0.99017 -64.8225 0.972311
 0.99032 -64.8124 0.972461
 0.99047 -64.8022 0.972611
 0.99062  -64.792 0.972761
 0.99077 -64.7818 0.972911
 0.99092 -64.7716 0.973062
0.991071 -64.7615 0.973212
0.991221 -64.7513 0.973362
0.991371 -64.7411 0.973512
0.991521  -64.731 0.973662
0.991671 -64.7208 0.973812
0.991821 -64.7107 0.973962
0.991971 -64.7005 0.974112
0.992121 -64.6904 0.974262
0.992271 -64.6802 0.974412
0.992421 -64.6701 0.974562
0.992571 -64.6599 0.974712
0.992721 -64.6498 0.974862
0.992871 -64.6397 0.974862
0.993022 -64.6295 0.975013
0.993172 -64.6194 0.975163
0.993322 -64.6093 0.975313
0.993472 -64.5991 0.975463
0.993622  -64.589 0.975613
0.993772 -64.5789 0.975763
0.993922 -64.5688 0.975913
0.994072 -64.5587 0.976063
0.994222 -64.5486 0.976213
0.994372 -64.5385 0.976363
0.994522 -64.5284 0.976513
0.994672 -64.5183 0.976663
0.994822 -64.5082 0.976813
0.994972 -64.4981 0.976963
0.995123  -64.488 0.977114
0.995273 -64.4779 0.977264
0.995423 -64.4678 0.977414
0.995573 -64.4577 0.977414
0.995723 -64.4476 0.977564
0.995873 -64.4375 0.977714
0.996023 -64.4275 0.977864
0.996173 -64.4174 0.978014
0.996323 -64.4073 0.978164
0.996473 -64.3973 0.978314
0.996623 -64.3872 0.978464
0.996773 -64.3771 0.978614
0.996923 -64.3671 0.978764
0.997074  -64.357 0.978914
0.997224  -64.347 0.979065
0.997374 -64.3369 0.979215
0.997524 -64.3269 0.979365
0.997674 -64.3168 0.979515
0.997824 -64.3068 0.979665
0.997974 -64.2968 0.979815
0.998124 -64.2867 0.979965
0.998274 -64.2767 0.980115
0.998424 -64.2667 0.980115
0.998574 -64.2566 0.980265
0.998724 -64.2466 0.980415
0.998874 -64.2366 0.980565
0.999025 -64.2266 0.980715
0.999175 -64.2166 0.980865
0.999325 -64.2065 0.981016
0.999475 -64.1965 0.981166
0.999625 -64.1865 0.981316
0.999775 -64.1765 0.981466
0.999925 -64.1665 0.981616
 1.00008 -64.1565 0.981766
 1.00023 -64.1465 0.981916
 1.00038 -64.1365 0.982066
 1.00053 -64.1265 0.982216
 1.00068 -64.1166 0.982366
 1.00083 -64.1066 0.982516
 1.00098 -64.0966 0.982666
 1.00113 -64.0866 0.982666
 1.00128 -64.0766 0.982816
 1.00143 -64.0667 0.982966
 1.00158 -64.0567 0.983117
 1.00173 -64.0467 0.983267
 1.00188 -64.0368 0.983417
 1.00203 -64.0268 0.983567
 1.00218 -64.0168 0.983717
 1.00233 -64.0069 0.983867
 1.00248 -63.9969 0.984017
 1.00263  -63.987 0.984167
 1.00278  -63.977 0.984317
 1.00293 -63.9671 0.984467
 1.00308 -63.9572 0.984617
 1.00323 -63.9472 0.984767
 1.00338 -63.9373 0.984917
 1.00353 -63.9273 0.985068
 1.00368 -63.9174 0.985218
 1.00383 -63.9075 0.985218
 1.00398 -63.8976 0.985368
 1.00413 -63.8876 0.985518
 1.00428 -63.8777 0.985668
 1.00443 -63.8678 0.985818
 1.00458 -63.8579 0.985968
 1.00473  -63.848 0.986118
 1.00488 -63.8381 0.986268
 1.00503 -63.8282 0.986418
 1.00518 -63.8183 0.986568
 1.00533 -63.8084 0.986718
 1.00548 -63.7985 0.986868
 1.00563 -63.7886 0.987019
 1.00578 -63.7787 0.987169
 1.00593 -63.7688 0.987319
 1.00608 -63.7589 0.987469
 1.00623  -63.749 0.987619
 1.00638 -63.7391 0.987769
 1.00653 -63.7293 0.987919
 1.00668 -63.7194 0.987919
 1.00683 -63.7095 0.988069
 1.00698 -63.6997 0.988219
 1.00713 -63.6898 0.988369
 1.00728 -63.6799 0.988519
 1.00743 -63.6701 0.988669
 1.00758 -63.6602 0.988819
 1.00773 -63.6503 0.988969
 1.00788 -63.6405  0.98912
 1.00803 -63.6306  0.98927
 1.00818 -63.6208  0.98942
 1.00833  -63.611  0.98957
 1.00848 -63.6011  0.98972
 1.00863 -63.5913  0.98987
 1.00878 -63.5814  0.99002
 1.00893 -63.5716  0.99017
 1.00908 -63.5618  0.99032
 1.00923 -63.5519  0.99047
 1.00938 -63.5421  0.99062
 1.00953 -63.5323  0.99062
 1.00968 -63.5225  0.99077
 1.00983 -63.5127  0.99092
 1.00998 -63.5028 0.991071
 1.01013  -63.493 0.991221
 1.01028 -63.4832 0.991371
 1.01043 -63.4734 0.991521
 1.01058 -63.4636 0.991671
 1.01073 -63.4538 0.991821
 1.01088  -63.444 0.991971
 1.01103 -63.4342 0.992121
 1.01118 -63.4244 0.992271
 1.01133 -63.4146 0.992421
 1.01148 -63.4049 0.992571
 1.01163 -63.3951 0.992721
 1.01178 -63.3853 0.992871
 1.01193 -63.3755 0.993022
 1.01208 -63.3657 0.993172
 1.01223  -63.356 0.993172
 1.01238 -63.3462 0.993322
 1.01253 -63.3364 0.993472
 1.01268 -63.3267 0.993622
 1.01283 -63.3169 0.993772
 1.01298 -63.3071 0.993922
 1.01313 -63.2974 0.994072
 1.01328 -63.2876 0.994222
 1.01343 -63.2779 0.994372
 1.01358 -63.2681 0.994522
 1.01373 -63.2584 0.994672
 1.01388 -63.2486 0.994822
 1.01403 -63.2389 0.994972
 1.01418 -63.2292 0.995123
 1.01433 -63.2194 0.995273
 1.01448 -63.2097 0.995423
 1.01463    -63.2 0.995573
 1.01478 -63.1902 0.995723
 1.01493 -63.1805 0.995723
 1.01508 -63.1708 0.995873
 1.01523 -63.1611 0.996023
 1.01538 -63.1514 0.996173
 1.01553 -63.1416 0.996323
 1.01568 -63.1319 0.996473
 1.01583 -63.1222 0.996623
 1.01598 -63.1125 0.996773
 1.01613 -63.1028 0.996923
 1.01628 -63.0931 0.997074
 1.01643 -63.0834 0.997224
 1.01658 -63.0737 0.997374
 1.01673  -63.064 0.997524
 1.01688 -63.0544 0.997674
 1.01703 -63.0447 0.997824
 1.01718  -63.035 0.997974
 1.01733 -63.0253 0.998124
 1.01748 -63.0156 0.998274
 1.01763 -63.0059 0.998424
 1.01778 -62.9963 0.998424
 1.01793 -62.9866 0.998574
 1.01808 -62.9769 0.998724
 1.01823 -62.9673 0.998874
 1.01838 -62.9576 0.999025
 1.01853  -62.948 0.999175
 1.01868 -62.9383 0.999325
 1.01883 -62.9286 0.999475
 1.01898  -62.919 0.999625
 1.01913 -62.9093 0.999775
 1.01928 -62.8997 0.999925
 1.01943 -62.8901  1.00008
 1.01958 -62.8804  1.00023
 1.01973 -62.8708  1.00038
 1.01988 -62.8611  1.00053
 1.02004 -62.8515  1.00068
 1.02019 -62.8419  1.00083
 1.02034 -62.8322  1.00098
 1.02049 -62.8226  1.00113
 1.02064  -62.813  1.00113
 1.02079 -62.8034  1.00128
 1.02094 -62.7938  1.00143
 1.02109 -62.7842  1.00158
 1.02124 -62.7745  1.00173
 1.02139 -62.7649  1.00188
 1.02154 -62.7553  1.00203
 1.02169 -62.7457  1.00218
 1.02184 -62.7361  1.00233
 1.02199 -62.7265  1.00248
 1.02214 -62.7169  1.00263
 1.02229 -62.7073  1.00278
 1.02244 -62.6977  1.00293
 1.02259 -62.6882  1.00308
 1.02274 -62.6786  1.00323
 1.02289  -62.669  1.00338
 1.02304 -62.6594  1.00353
 1.02319 -62.6498  1.00368
 1.02334 -62.6403  1.00368
 1.02349 -62.6307  1.00383
 1.02364 -62.6211  1.00398
 1.02379 -62.6116  1.00413
 1.02394  -62.602  1.00428
 1.02409 -62.5924  1.00443
 1.02424 -62.5829  1.00458
 1.02439 -62.5733  1.00473
 1.02454 -62.5638  1.00488
 1.02469 -62.5542  1.00503
 1.02484 -62.5447  1.00518
 1.02499 -62.5351  1.00533
 1.02514 -62.5256  1.00548
 1.02529  -62.516  1.00563
 1.02544 -62.5065  1.00578
 1.02559  -62.497  1.00593
 1.02574 -62.4874  1.00608
 1.02589 -62.4779  1.00623
 1.02604 -62.4684  1.00623
 1.02619 -62.4589  1.00638
 1.02634 -62.4493  1.00653
 1.02649 -62.4398  1.00668
 1.02664 -62.4303  1.00683
 1.02679 -62.4208  1.00698
 1.02694 -62.4113  1.00713
 1.02709 -62.4018  1.00728
 1.02724 -62.3923  1.00743
 1.02739 -62.3828  1.00758
 1.02754 -62.3733  1.00773
 1.02769 -62.3638  1.00788
 1.02784 -62.3543  1.00803
 1.02799 -62.3448  1.00818
 1.02814 -62.3353  1.00833
 1.02829 -62.3258  1.00848
 1.02844 -62.3163  1.00863
 1.02859 -62.3068  1.00878
 1.02874 -62.2974  1.00893
 1.02889 -62.2879  1.00893
 1.02904 -62.2784  1.00908
 1.02919 -62.2689  1.00923
 1.02934 -62.2595  1.00938
 1.02949   -62.25  1.00953
 1.02964 -62.2405  1.00968
 1.02979 -62.2311  1.00983
 1.02994 -62.2216  1.00998
 1.03009 -62.2122  1.01013
 1.03024 -62.2027  1.01028
 1.03039 -62.1933  1.01043
 1.03054 -62.1838  1.01058
 1.03069 -62.1744  1.01073
 1.03084 -62.1649  1.01088
 1.03099 -62.1555  1.01103
 1.03114  -62.146  1.01118
 1.03129 -62.1366  1.01133
 1.03144 -62.1272  1.01148
 1.03159 -62.1178  1.01163
 1.03174 -62.1083  1.01163
 1.03189 -62.0989  1.01178
 1.03204 -62.0895  1.01193
 1.03219 -62.0801  1.01208
 1.03234 -62.0706  1.01223
 1.03249 -62.0612  1.01238
 1.03264 -62.0518  1.01253
 1.03279 -62.0424  1.01268
 1.03294  -62.033  1.01283
 1.03309 -62.0236  1.01298
 1.03324 -62.0142  1.01313
 1.03339 -62.0048  1.01328
 1.03354 -61.9954  1.01343
 1.03369  -61.986  1.01358
 1.03384 -61.9766  1.01373
 1.03399 -61.9672  1.01388
 1.03414 -61.9578  1.01403
 1.03429 -61.9485  1.01418
 1.03444 -61.9391  1.01418
 1.03459 -61.9297  1.01433
 1.03474 -61.9203  1.01448
 1.03489  -61.911  1.01463
 1.03504 -61.9016  1.01478
 1.03519 -61.8922  1.01493
 1.03534 -61.8828  1.01508
 1.03549 -61.8735  1.01523
 1.03564 -61.8641  1.01538
 1.03579 -61.8548  1.01553
 1.03594 -61.8454  1.01568
 1.03609 -61.8361  1.01583
 1.03624 -61.8267  1.01598
 1.03639 -61.8174  1.01613
 1.03654  -61.808  1.01628
 1.03669 -61.7987  1.01643
 1.03684 -61.7893  1.01658
 1.03699   -61.78  1.01673
 1.03714 -61.7707  1.01688
 1.03729 -61.7613  1.01688
 1.03744  -61.752  1.01703
 1.03759 -61.7427  1.01718
 1.03774 -61.7334  1.01733
 1.03789  -61.724  1.01748
 1.03804 -61.7147  1.01763
 1.03819 -61.7054  1.01778
 1.03834 -61.6961  1.01793
 1.03849 -61.6868  1.01808
 1.03864 -61.6775  1.01823
 1.03879 -61.6682  1.01838
 1.03894 -61.6589  1.01853
 1.03909 -61.6495  1.01868
 1.03924 -61.6403  1.01883
 1.03939  -61.631  1.01898
 1.03954 -61.6217  1.01913
 1.03969 -61.6124  1.01928
 1.03984 -61.6031  1.01943
 1.03999 -61.5938  1.01943
 1.04015 -61.5845  1.01958
  1.0403 -61.5752  1.01973
 1.04045  -61.566  1.01988
  1.0406 -61.5567  1.02004
 1.04075 -61.5474  1.02019
  1.0409 -61.5381  1.02034
 1.04105 -61.5289  1.02049
  1.0412 -61.5196  1.02064
 1.04135 -61.5103  1.02079
  1.0415 -61.5011  1.02094
 1.04165 -61.4918  1.02109
  1.0418 -61.4826  1.02124
 1.04195 -61.4733  1.02139
  1.0421 -61.4641  1.02154
 1.04225 -61.4548  1.02169
  1.0424 -61.4456  1.02184
 1.04255 -61.4363  1.02199
  1.0427 -61.4271  1.02199
 1.04285 -61.4178  1.02214
   1.043 -61.4086  1.02229
 1.04315 -61.3994  1.02244
  1.0433 -61.3901  1.02259
 1.04345 -61.3809  1.02274
  1.0436 -61.3717  1.02289
 1.04375 -61.3625  1.02304
  1.0439 -61.3533  1.02319
 1.04405  -61.344  1.02334
  1.0442 -61.3348  1.02349
 1.04435 -61.3256  1.02364
  1.0445 -61.3164  1.02379
 1.04465 -61.3072  1.02394
  1.0448  -61.298  1.02409
 1.04495 -61.2888  1.02424
  1.0451 -61.2796  1.02439
 1.04525 -61.2704  1.02454
  1.0454 -61.2612  1.02454
 1.04555  -61.252  1.02469
  1.0457 -61.2428  1.02484
 1.04585 -61.2336  1.02499
   1.046 -61.2244  1.02514
 1.04615 -61.2153  1.02529
  1.0463 -61.2061  1.02544
 1.04645 -61.1969  1.02559
  1.0466 -61.1877  1.02574
 1.04675 -61.1785  1.02589
  1.0469 -61.1694  1.02604
 1.04705 -61.1602  1.02619
  1.0472  -61.151  1.02634
 1.04735 -61.1419  1.02649
  1.0475 -61.1327  1.02664
 1.04765 -61.1236  1.02679
  1.0478 -61.1144  1.02694
 1.04795 -61.1053  1.02709
  1.0481 -61.0961  1.02709
 1.04825  -61.087  1.02724
  1.0484 -61.0778  1.02739
 1.04855 -61.0687  1.02754
  1.0487 -61.0595  1.02769
 1.04885 -61.0504  1.02784
   1.049 -61.0413  1.02799
 1.04915 -61.0321  1.02814
  1.0493  -61.023  1.02829
 1.04945 -61.0139  1.02844
  1.0496 -61.0048  1.02859
 1.04975 -60.9956  1.02874
  1.0499 -60.9865  1.02889
 1.05005 -60.9774  1.02904
  1.0502 -60.9683  1.02919
 1.05035 -60.9592  1.02934
  1.0505 -60.9501  1.02949
 1.05065 -60.9409  1.02964
  1.0508 -60.9318  1.02964
 1.05095 -60.9227  1.02979
  1.0511 -60.9136  1.02994
 1.05125 -60.9045  1.03009
  1.0514 -60.8954  1.03024
 1.05155 -60.8864  1.03039
  1.0517 -60.8773  1.03054
 1.05185 -60.8682  1.03069
   1.052 -60.8591  1.03084
 1.05215   -60.85  1.03099
  1.0523 -60.8409  1.03114
 1.05245 -60.8319  1.03129
  1.0526 -60.8228  1.03144
 1.05275 -60.8137  1.03159
  1.0529 -60.8046  1.03174
 1.05305 -60.7956  1.03189
  1.0532 -60.7865  1.03204
 1.05335 -60.7774  1.03219
  1.0535 -60.7684  1.03234
 1.05365 -60.7593  1.03234
  1.0538 -60.7503  1.03249
 1.05395 -60.7412  1.03264
  1.0541 -60.7322  1.03279
 1.05425 -60.7231  1.03294
  1.0544 -60.7141  1.03309
 1.05455  -60.705  1.03324
  1.0547  -60.696  1.03339
 1.05485 -60.6869  1.03354
   1.055 -60.6779  1.03369
 1.05515 -60.6689  1.03384
  1.0553 -60.6598  1.03399
 1.05545 -60.6508  1.03414
  1.0556 -60.6418  1.03429
 1.05575 -60.6328  1.03444
  1.0559 -60.6238  1.03459
 1.05605 -60.6147  1.03474
  1.0562 -60.6057  1.03489
 1.05635 -60.5967  1.03489
  1.0565 -60.5877  1.03504
 1.05665 -60.5787  1.03519
  1.0568 -60.5697  1.03534
 1.05695 -60.5607  1.03549
  1.0571 -60.5517  1.03564
 1.05725 -60.5427  1.03579
  1.0574 -60.5337  1.03594
 1.05755 -60.5247  1.03609
  1.0577 -60.5157  1.03624
 1.05785 -60.5067  1.03639
   1.058 -60.4977  1.03654
 1.05815 -60.4887  1.03669
  1.0583 -60.4798  1.03684
 1.05845 -60.4708  1.03699
  1.0586 -60.4618  1.03714
 1.05875 -60.4528  1.03729
  1.0589 -60.4438  1.03729
 1.05905 -60.4349  1.03744
  1.0592 -60.4259  1.03759
 1.05935 -60.4169  1.03774
  1.0595  -60.408  1.03789
 1.05965  -60.399  1.03804
  1.0598 -60.3901  1.03819
 1.05995 -60.3811  1.03834
 1.06011 -60.3722  1.03849
 1.06026 -60.3632  1.03864
 1.06041 -60.3543  1.03879
 1.06056 -60.3453  1.03894
 1.06071 -60.3364  1.03909
 1.06086 -60.3274  1.03924
 1.06101 -60.3185  1.03939
 1.06116 -60.3096  1.03954
 1.06131 -60.3006  1.03969
 1.06146 -60.2917  1.03984
 1.06161 -60.2828  1.03984
 1.06176 -60.2738  1.03999
 1.06191 -60.2649  1.04015
 1.06206  -60.256   1.0403
 1.06221 -60.2471  1.04045
 1.06236 -60.2382   1.0406
 1.06251 -60.2293  1.04075
 1.06266 -60.2203   1.0409
 1.06281 -60.2114  1.04105
 1.06296 -60.2025   1.0412
 1.06311 -60.1936  1.04135
 1.06326 -60.1847   1.0415
 1.06341 -60.1758  1.04165
 1.06356 -60.1669   1.0418
 1.06371  -60.158  1.04195
 1.06386 -60.1491   1.0421
 1.06401 -60.1403  1.04225
 1.06416 -60.1314  1.04225
 1.06431 -60.1225   1.0424
 1.06446 -60.1136  1.04255
 1.06461 -60.1047   1.0427
 1.06476 -60.0958  1.04285
 1.06491  -60.087    1.043
 1.06506 -60.0781  1.04315
 1.06521 -60.0692   1.0433
 1.06536 -60.0604  1.04345
 1.06551 -60.0515   1.0436
 1.06566 -60.0426  1.04375
 1.06581 -60.0338   1.0439
 1.06596 -60.0249  1.04405
 1.06611 -60.0161   1.0442
 1.06626 -60.0072  1.04435
 1.06641 -59.9984   1.0445
 1.06656 -59.9895  1.04465
 1.06671 -59.9807   1.0448
 1.06686 -59.9718   1.0448
 1.06701  -59.963  1.04495
 1.06716 -59.9541   1.0451
 1.06731 -59.9453  1.04525
 1.06746 -59.9365   1.0454
 1.06761 -59.9276  1.04555
 1.06776 -59.9188   1.0457
 1.06791   -59.91  1.04585
 1.06806 -59.9012    1.046
 1.06821 -59.8923  1.04615
 1.06836 -59.8835   1.0463
 1.06851 -59.8747  1.04645
 1.06866 -59.8659   1.0466
 1.06881 -59.8571  1.04675
 1.06896 -59.8483   1.0469
 1.06911 -59.8395  1.04705
 1.06926 -59.8307   1.0472
 1.06941 -59.8219   1.0472
 1.06956 -59.8131  1.04735
 1.06971 -59.8043   1.0475
 1.06986 -59.7955  1.04765
 1.07001 -59.7867   1.0478
 1.07016 -59.7779  1.04795
 1.07031 -59.7691   1.0481
 1.07046 -59.7603  1.04825
 1.07061 -59.7515   1.0484
 1.07076 -59.7428  1.04855
 1.07091  -59.734   1.0487
 1.07106 -59.7252  1.04885
 1.07121 -59.7164    1.049
 1.07136 -59.7077  1.04915
 1.07151 -59.6989   1.0493
 1.07166 -59.6901  1.04945
 1.07181 -59.6814   1.0496
 1.07196 -59.6726   1.0496
 1.07211 -59.6638  1.04975
 1.07226 -59.6551   1.0499
 1.07241 -59.6463  1.05005
 1.07256 -59.6376   1.0502
 1.07271 -59.6288  1.05035
 1.07286 -59.6201   1.0505
 1.07301 -59.6113  1.05065
 1.07316 -59.6026   1.0508
 1.07331 -59.5939  1.05095
 1.07346 -59.5851   1.0511
 1.07361 -59.5764  1.05125
 1.07376 -59.5677   1.0514
 1.07391 -59.5589  1.05155
 1.07406 -59.5502   1.0517
 1.07421 -59.5415  1.05185
 1.07436 -59.5327    1.052
 1.07451  -59.524    1.052
 1.07466 -59.5153  1.05215
 1.07481 -59.5066   1.0523
 1.07496 -59.4979  1.05245
 1.07511 -59.4892   1.0526
 1.07526 -59.4805  1.05275
 1.07541 -59.4718   1.0529
 1.07556  -59.463  1.05305
 1.07571 -59.4543   1.0532
 1.07586 -59.4456  1.05335
 1.07601  -59.437   1.0535
 1.07616 -59.4283  1.05365
 1.07631 -59.4196   1.0538
 1.07646 -59.4109  1.05395
 1.07661 -59.4022   1.0541
 1.07676 -59.3935  1.05425
 1.07691 -59.3848   1.0544
 1.07706 -59.3761   1.0544
 1.07721 -59.3675  1.05455
 1.07736 -59.3588   1.0547
 1.07751 -59.3501  1.05485
 1.07766 -59.3414    1.055
 1.07781 -59.3328  1.05515
 1.07796 -59.3241   1.0553
 1.07811 -59.3154  1.05545
 1.07826 -59.3068   1.0556
 1.07841 -59.2981  1.05575
 1.07856 -59.2895   1.0559
 1.07871 -59.2808  1.05605
 1.07886 -59.2722   1.0562
 1.07901 -59.2635  1.05635
 1.07916 -59.2549   1.0565
 1.07931 -59.2462  1.05665
 1.07946 -59.2376  1.05665
 1.07961 -59.2289   1.0568
 1.07976 -59.2203  1.05695
 1.07991 -59.2117   1.0571
 1.08007  -59.203  1.05725
 1.08022 -59.1944   1.0574
 1.08037 -59.1858  1.05755
 1.08052 -59.1772   1.0577
 1.08067 -59.1685  1.05785
 1.08082 -59.1599    1.058
 1.08097 -59.1513  1.05815
 1.08112 -59.1427   1.0583
 1.08127 -59.1341  1.05845
 1.08142 -59.1255   1.0586
 1.08157 -59.1168  1.05875
 1.08172 -59.1082   1.0589
 1.08187 -59.0996   1.0589
 1.08202  -59.091  1.05905
 1.08217 -59.0824   1.0592
 1.08232 -59.0738  1.05935
 1.08247 -59.0652   1.0595
 1.08262 -59.0567  1.05965
 1.08277 -59.0481   1.0598
 1.08292 -59.0395  1.05995
 1.08307 -59.0309  1.06011
 1.08322 -59.0223  1.06026
 1.08337 -59.0137  1.06041
 1.08352 -59.0052  1.06056
 1.08367 -58.9966  1.06071
 1.08382  -58.988  1.06086
 1.08397 -58.9794  1.06101
 1.08412 -58.9709  1.06116
 1.08427 -58.9623  1.06116
 1.08442 -58.9537  1.06131
 1.08457 -58.9452  1.06146
 1.08472 -58.9366  1.06161
 1.08487 -58.9281  1.06176
 1.08502 -58.9195  1.06191
 1.08517  -58.911  1.06206
 1.08532 -58.9024  1.06221
 1.08547 -58.8939  1.06236
 1.08562 -58.8853  1.06251
 1.08577 -58.8768  1.06266
 1.08592 -58.8682  1.06281
 1.08607 -58.8597  1.06296
 1.08622 -58.8512  1.06311
 1.08637 -58.8426  1.06326
 1.08652 -58.8341  1.06341
 1.08667 -58.8256  1.06341
 1.08682 -58.8171  1.06356
 1.08697 -58.8085  1.06371
 1.08712    -58.8  1.06386
 1.08727 -58.7915  1.06401
 1.08742  -58.783  1.06416
 1.08757 -58.7745  1.06431
 1.08772 -58.7659  1.06446
 1.08787 -58.7574  1.06461
 1.08802 -58.7489  1.06476
 1.08817 -58.7404  1.06491
 1.08832 -58.7319  1.06506
 1.08847 -58.7234  1.06521
 1.08862 -58.7149  1.06536
 1.08877 -58.7064  1.06551
 1.08892 -58.6979  1.06566
 1.08907 -58.6895  1.06566
 1.08922  -58.681  1.06581
 1.08937 -58.6725  1.06596
 1.08952  -58.664  1.06611
 1.08967 -58.6555  1.06626
 1.08982  -58.647  1.06641
 1.08997 -58.6386  1.06656
 1.09012 -58.6301  1.06671
 1.09027 -58.6216  1.06686
 1.09042 -58.6132  1.06701
 1.09057 -58.6047  1.06716
 1.09072 -58.5962  1.06731
 1.09087 -58.5878  1.06746
 1.09102 -58.5793  1.06761
 1.09117 -58.5708  1.06776
 1.09132 -58.5624  1.06776
 1.09147 -58.5539  1.06791
 1.09162 -58.5455  1.06806
 1.09177  -58.537  1.06821
 1.09192 -58.5286  1.06836
 1.09207 -58.5202  1.06851
 1.09222 -58.5117  1.06866
 1.09237 -58.5033  1.06881
 1.09252 -58.4948  1.06896
 1.09267 -58.4864  1.06911
 1.09282  -58.478  1.06926
 1.09297 -58.4695  1.06941
 1.09312 -58.4611  1.06956
 1.09327 -58.4527  1.06971
 1.09342 -58.4443  1.06986
 1.09357 -58.4359  1.07001
 1.09372 -58.4274  1.07001
 1.09387  -58.419  1.07016
 1.09402 -58.4106  1.07031
 1.09417 -58.4022  1.07046
 1.09432 -58.3938  1.07061
 1.09447 -58.3854  1.07076
 1.09462  -58.377  1.07091
 1.09477 -58.3686  1.07106
 1.09492 -58.3602  1.07121
 1.09507 -58.3518  1.07136
 1.09522 -58.3434  1.07151
 1.09537  -58.335  1.07166
 1.09552 -58.3266  1.07181
 1.09567 -58.3182  1.07196
 1.09582 -58.3099  1.07211
 1.09597 -58.3015  1.07211
 1.09612 -58.2931  1.07226
 1.09627 -58.2847  1.07241
 1.09642 -58.2763  1.07256
 1.09657  -58.268  1.07271
 1.09672 -58.2596  1.07286
 1.09687 -58.2512  1.07301
 1.09702 -58.2429  1.07316
 1.09717 -58.2345  1.07331
 1.09732 -58.2261  1.07346
 1.09747 -58.2178  1.07361
 1.09762 -58.2094  1.07376
 1.09777 -58.2011  1.07391
 1.09792 -58.1927  1.07406
 1.09807 -58.1844  1.07421
 1.09822  -58.176  1.07421
 1.09837 -58.1677  1.07436
 1.09852 -58.1593  1.07451
 1.09867  -58.151  1.07466
 1.09882 -58.1427  1.07481
 1.09897 -58.1343  1.07496
 1.09912  -58.126  1.07511
 1.09927 -58.1177  1.07526
 1.09942 -58.1093  1.07541
 1.09957  -58.101  1.07556
 1.09972 -58.0927  1.07571
 1.09987 -58.0844  1.07586
 1.10003 -58.0761  1.07601
 1.10018 -58.0677  1.07616
 1.10033 -58.0594  1.07631
 1.10048 -58.0511  1.07631
 1.10063 -58.0428  1.07646
 1.10078 -58.0345  1.07661
 1.10093 -58.0262  1.07676
 1.10108 -58.0179  1.07691
 1.10123 -58.0096  1.07706
 1.10138 -58.0013  1.07721
 1.10153  -57.993  1.07736
 1.10168 -57.9847  1.07751
 1.10183 -57.9764  1.07766
 1.10198 -57.9681  1.07781
 1.10213 -57.9599  1.07796
 1.10228 -57.9516  1.07811
 1.10243 -57.9433  1.07826
 1.10258  -57.935  1.07826
 1.10273 -57.9267  1.07841
 1.10288 -57.9185  1.07856
 1.10303 -57.9102  1.07871
 1.10318 -57.9019  1.07886
 1.10333 -57.8937  1.07901
 1.10348 -57.8854  1.07916
 1.10363 -57.8771  1.07931
 1.10378 -57.8689  1.07946
 1.10393 -57.8606  1.07961
 1.10408 -57.8524  1.07976
 1.10423 -57.8441  1.07991
 1.10438 -57.8359  1.08007
 1.10453 -57.8276  1.08022
 1.10468 -57.8194  1.08022
 1.10483 -57.8111  1.08037
 1.10498 -57.8029  1.08052
 1.10513 -57.7946  1.08067
 1.10528 -57.7864  1.08082
 1.10543 -57.7782  1.08097
 1.10558 -57.7699  1.08112
 1.10573 -57.7617  1.08127
 1.10588 -57.7535  1.08142
 1.10603 -57.7453  1.08157
 1.10618  -57.737  1.08172
 1.10633 -57.7288  1.08187
 1.10648 -57.7206  1.08202
 1.10663 -57.7124  1.08217
 1.10678 -57.7042  1.08217
 1.10693  -57.696  1.08232
 1.10708 -57.6878  1.08247
 1.10723 -57.6796  1.08262
 1.10738 -57.6714  1.08277
 1.10753 -57.6632  1.08292
 1.10768  -57.655  1.08307
 1.10783 -57.6468  1.08322
 1.10798 -57.6386  1.08337
 1.10813 -57.6304  1.08352
 1.10828 -57.6222  1.08367
 1.10843  -57.614  1.08382
 1.10858 -57.6058  1.08397
 1.10873 -57.5976  1.08412
 1.10888 -57.5895  1.08412
 1.10903 -57.5813  1.08427
 1.10918 -57.5731  1.08442
 1.10933 -57.5649  1.08457
 1.10948 -57.5568  1.08472
 1.10963 -57.5486  1.08487
 1.10978 -57.5404  1.08502
 1.10993 -57.5323  1.08517
 1.11008 -57.5241  1.08532
 1.11023  -57.516  1.08547
 1.11038 -57.5078  1.08562
 1.11053 -57.4997  1.08577
 1.11068 -57.4915  1.08592
 1.11083 -57.4834  1.08607
 1.11098 -57.4752  1.08607
 1.11113 -57.4671  1.08622
 1.11128 -57.4589  1.08637
 1.11143 -57.4508  1.08652
 1.11158 -57.4426  1.08667
 1.11173 -57.4345  1.08682
 1.11188 -57.4264  1.08697
 1.11203 -57.4183  1.08712
 1.11218 -57.4101  1.08727
 1.11233  -57.402  1.08742
 1.11248 -57.3939  1.08757
 1.11263 -57.3858  1.08772
 1.11278 -57.3776  1.08787
 1.11293 -57.3695  1.08787
 1.11308 -57.3614  1.08802
 1.11323 -57.3533  1.08817
 1.11338 -57.3452  1.08832
 1.11353 -57.3371  1.08847
 1.11368  -57.329  1.08862
 1.11383 -57.3209  1.08877
 1.11398 -57.3128  1.08892
 1.11413 -57.3047  1.08907
 1.11428 -57.2966  1.08922
 1.11443 -57.2885  1.08937
 1.11458 -57.2804  1.08952
 1.11473 -57.2723  1.08967
 1.11488 -57.2643  1.08982
 1.11503 -57.2562  1.08982
 1.11518 -57.2481  1.08997
 1.11533   -57.24  1.09012
 1.11548 -57.2319  1.09027
 1.11563 -57.2239  1.09042
 1.11578 -57.2158  1.09057
 1.11593 -57.2077  1.09072
 1.11608 -57.1997  1.09087
 1.11623 -57.1916  1.09102
 1.11638 -57.1835  1.09117
 1.11653 -57.1755  1.09132
 1.11668 -57.1674  1.09147
 1.11683 -57.1594  1.09147
 1.11698 -57.1513  1.09162
 1.11713 -57.1433  1.09177
 1.11728 -57.1352  1.09192
 1.11743 -57.1272  1.09207
 1.11758 -57.1191  1.09222
 1.11773 -57.1111  1.09237
 1.11788 -57.1031  1.09252
 1.11803  -57.095  1.09267
 1.11818  -57.087  1.09282
 1.11833  -57.079  1.09297
 1.11848  -57.071  1.09297
 1.11863 -57.0629  1.09312
 1.11878 -57.0549  1.09327
 1.11893 -57.0469  1.09342
 1.11908 -57.0389  1.09357
 1.11923 -57.0309  1.09372
 1.11938 -57.0229  1.09387
 1.11953 -57.0148  1.09402
 1.11968 -57.0068  1.09417
 1.11983 -56.9988  1.09432
 1.11998 -56.9908  1.09447
 1.12014 -56.9828  1.09462
 1.12029 -56.9748  1.09462
 1.12044 -56.9669  1.09477
 1.12059 -56.9589  1.09492
 1.12074 -56.9509  1.09507
 1.12089 -56.9429  1.09522
 1.12104 -56.9349  1.09537
 1.12119 -56.9269  1.09552
 1.12134 -56.9189  1.09567
 1.12149  -56.911  1.09582
 1.12164  -56.903  1.09597
 1.12179  -56.895  1.09612
 1.12194 -56.8871  1.09612
 1.12209 -56.8791  1.09627
 1.12224 -56.8711  1.09642
 1.12239 -56.8632  1.09657
 1.12254 -56.8552  1.09672
 1.12269 -56.8472  1.09687
 1.12284 -56.8393  1.09702
 1.12299 -56.8313  1.09717
 1.12314 -56.8234  1.09732
 1.12329 -56.8155  1.09747
 1.12344 -56.8075  1.09762
 1.12359 -56.7996  1.09762
 1.12374 -56.7916  1.09777
 1.12389 -56.7837  1.09792
 1.12404 -56.7758  1.09807
 1.12419 -56.7678  1.09822
 1.12434 -56.7599  1.09837
 1.12449  -56.752  1.09852
 1.12464 -56.7441  1.09867
 1.12479 -56.7361  1.09882
 1.12494 -56.7282  1.09897
 1.12509 -56.7203  1.09912
 1.12524 -56.7124  1.09912
 1.12539 -56.7045  1.09927
 1.12554 -56.6966  1.09942
 1.12569 -56.6887  1.09957
 1.12584 -56.6808  1.09972
 1.12599 -56.6729  1.09987
 1.12614  -56.665  1.10003
 1.12629 -56.6571  1.10018
 1.12644 -56.6492  1.10033
 1.12659 -56.6413  1.10048
 1.12674 -56.6334  1.10063
 1.12689 -56.6255  1.10063
 1.12704 -56.6176  1.10078
 1.12719 -56.6097  1.10093
 1.12734 -56.6019  1.10108
 1.12749  -56.594  1.10123
 1.12764 -56.5861  1.10138
 1.12779 -56.5782  1.10153
 1.12794 -56.5704  1.10168
 1.12809 -56.5625  1.10183
 1.12824 -56.5546  1.10198
 1.12839 -56.5468  1.10198
 1.12854 -56.5389  1.10213
 1.12869 -56.5311  1.10228
 1.12884 -56.5232  1.10243
 1.12899 -56.5154  1.10258
 1.12914 -56.5075  1.10273
 1.12929 -56.4997  1.10288
 1.12944 -56.4918  1.10303
 1.12959  -56.484  1.10318
 1.12974 -56.4761  1.10333
 1.12989 -56.4683  1.10348
 1.13004 -56.4605  1.10348
 1.13019 -56.4526  1.10363
 1.13034 -56.4448  1.10378
 1.13049  -56.437  1.10393
 1.13064 -56.4292  1.10408
 1.13079 -56.4213  1.10423
 1.13094 -56.4135  1.10438
 1.13109 -56.4057  1.10453
 1.13124 -56.3979  1.10468
 1.13139 -56.3901  1.10483
 1.13154 -56.3823  1.10498
 1.13169 -56.3745  1.10498
 1.13184 -56.3667  1.10513
 1.13199 -56.3589  1.10528
 1.13214 -56.3511  1.10543
 1.13229 -56.3433  1.10558
 1.13244 -56.3355  1.10573
 1.13259 -56.3277  1.10588
 1.13274 -56.3199  1.10603
 1.13289 -56.3121  1.10618
 1.13304 -56.3043  1.10633
 1.13319 -56.2966  1.10633
 1.13334 -56.2888  1.10648
 1.13349  -56.281  1.10663
 1.13364 -56.2732  1.10678
 1.13379 -56.2655  1.10693
 1.13394 -56.2577  1.10708
 1.13409 -56.2499  1.10723
 1.13424 -56.2422  1.10738
 1.13439 -56.2344  1.10753
 1.13454 -56.2266  1.10768
 1.13469 -56.2189  1.10768
 1.13484 -56.2111  1.10783
 1.13499 -56.2034  1.10798
 1.13514 -56.1956  1.10813
 1.13529 -56.1879  1.10828
 1.13544 -56.1801  1.10843
 1.13559 -56.1724  1.10858
 1.13574 -56.1647  1.10873
 1.13589 -56.1569  1.10888
 1.13604 -56.1492  1.10903
 1.13619 -56.1415  1.10918
 1.13634 -56.1337  1.10918
 1.13649  -56.126  1.10933
 1.13664 -56.1183  1.10948
 1.13679 -56.1106  1.10963
 1.13694 -56.1028  1.10978
 1.13709 -56.0951  1.10993
 1.13724 -56.0874  1.11008
 1.13739 -56.0797  1.11023
 1.13754  -56.072  1.11038
 1.13769 -56.0643  1.11038
 1.13784 -56.0566  1.11053
 1.13799 -56.0489  1.11068
 1.13814 -56.0412  1.11083
 1.13829 -56.0335  1.11098
 1.13844 -56.0258  1.11113
 1.13859 -56.0181  1.11128
 1.13874 -56.0104  1.11143
 1.13889 -56.0027  1.11158
 1.13904 -55.9951  1.11173
 1.13919 -55.9874  1.11188
 1.13934 -55.9797  1.11188
 1.13949  -55.972  1.11203
 1.13964 -55.9643  1.11218
 1.13979 -55.9567  1.11233
 1.13994  -55.949  1.11248
  1.1401 -55.9413  1.11263
 1.14025 -55.9337  1.11278
  1.1404  -55.926  1.11293
 1.14055 -55.9184  1.11293
  1.1407 -55.9107  1.11308
 1.14085 -55.9031  1.11323
   1.141 -55.8954  1.11338
 1.14115 -55.8878  1.11353
  1.1413 -55.8801  1.11368
 1.14145 -55.8725  1.11383
  1.1416 -55.8648  1.11398
 1.14175 -55.8572  1.11413
  1.1419 -55.8496  1.11428
 1.14205 -55.8419  1.11428
  1.1422 -55.8343  1.11443
 1.14235 -55.8267  1.11458
  1.1425 -55.8191  1.11473
 1.14265 -55.8114  1.11488
  1.1428 -55.8038  1.11503
 1.14295 -55.7962  1.11518
  1.1431 -55.7886  1.11533
 1.14325  -55.781  1.11548
  1.1434 -55.7734  1.11548
 1.14355 -55.7658  1.11563
  1.1437 -55.7582  1.11578
 1.14385 -55.7506  1.11593
   1.144  -55.743  1.11608
 1.14415 -55.7354  1.11623
  1.1443 -55.7278  1.11638
 1.14445 -55.7202  1.11653
  1.1446 -55.7126  1.11668
 1.14475  -55.705  1.11668
  1.1449 -55.6974  1.11683
 1.14505 -55.6899  1.11698
  1.1452 -55.6823  1.11713
 1.14535 -55.6747  1.11728
  1.1455 -55.6671  1.11743
 1.14565 -55.6596  1.11758
  1.1458  -55.652  1.11773
 1.14595 -55.6445  1.11773
  1.1461 -55.6369  1.11788
 1.14625 -55.6293  1.11803
  1.1464 -55.6218  1.11818
 1.14655 -55.6142  1.11833
  1.1467 -55.6067  1.11848
 1.14685 -55.5991  1.11863
   1.147 -55.5916  1.11878
 1.14715 -55.5841  1.11878
  1.1473 -55.5765  1.11893
 1.14745  -55.569  1.11908
  1.1476 -55.5614  1.11923
 1.14775 -55.5539  1.11938
  1.1479 -55.5464  1.11953
 1.14805 -55.5389  1.11968
  1.1482 -55.5313  1.11983
 1.14835 -55.5238  1.11983
  1.1485 -55.5163  1.11998
 1.14865 -55.5088  1.12014
  1.1488 -55.5013  1.12029
 1.14895 -55.4938  1.12044
  1.1491 -55.4863  1.12059
 1.14925 -55.4788  1.12074
  1.1494 -55.4713  1.12089
 1.14955 -55.4638  1.12089
  1.1497 -55.4563  1.12104
 1.14985 -55.4488  1.12119
    1.15 -55.4413  1.12134