 kgrid  ValNew  Policy 
    0.85 -55.3615 0.876863
 0.85015 -55.3487 0.877014
  0.8503 -55.3359 0.877164
 0.85045 -55.3231 0.877314
  0.8506 -55.3103 0.877464
 0.85075 -55.2975 0.877614
  0.8509 -55.2847 0.877764
0.851051  -55.272 0.877764
0.851201 -55.2592 0.877914
0.851351 -55.2464 0.878064
0.851501 -55.2337 0.878214
0.851651 -55.2209 0.878364
0.851801 -55.2082 0.878514
0.851951 -55.1954 0.878664
0.852101 -55.1827 0.878814
0.852251   -55.17 0.878814
0.852401 -55.1572 0.878964
0.852551 -55.1445 0.879115
0.852701 -55.1318 0.879265
0.852851 -55.1191 0.879415
0.853002 -55.1064 0.879565
0.853152 -55.0937 0.879715
0.853302  -55.081 0.879715
0.853452 -55.0684 0.879865
0.853602 -55.0557 0.880015
0.853752  -55.043 0.880165
0.853902 -55.0304 0.880315
0.854052 -55.0177 0.880465
0.854202 -55.0051 0.880615
0.854352 -54.9924 0.880765
0.854502 -54.9798 0.880765
0.854652 -54.9672 0.880915
0.854802 -54.9545 0.881066
0.854952 -54.9419 0.881216
0.855103 -54.9293 0.881366
0.855253 -54.9167 0.881516
0.855403 -54.9041 0.881666
0.855553 -54.8915 0.881666
0.855703 -54.8789 0.881816
0.855853 -54.8663 0.881966
0.856003 -54.8538 0.882116
0.856153 -54.8412 0.882266
0.856303 -54.8286 0.882416
0.856453 -54.8161 0.882566
0.856603 -54.8035 0.882716
0.856753  -54.791 0.882866
0.856903 -54.7784 0.882866
0.857054 -54.7659 0.883017
0.857204 -54.7534 0.883167
0.857354 -54.7409 0.883317
0.857504 -54.7283 0.883467
0.857654 -54.7158 0.883617
0.857804 -54.7033 0.883767
0.857954 -54.6908 0.883917
0.858104 -54.6783 0.883917
0.858254 -54.6658 0.884067
0.858404 -54.6534 0.884217
0.858554 -54.6409 0.884367
0.858704 -54.6284 0.884517
0.858854 -54.6159 0.884667
0.859005 -54.6035 0.884817
0.859155  -54.591 0.884967
0.859305 -54.5786 0.884967
0.859455 -54.5661 0.885118
0.859605 -54.5537 0.885268
0.859755 -54.5413 0.885418
0.859905 -54.5288 0.885568
0.860055 -54.5164 0.885718
0.860205  -54.504 0.885868
0.860355 -54.4916 0.886018
0.860505 -54.4792 0.886168
0.860655 -54.4668 0.886168
0.860805 -54.4544 0.886318
0.860955  -54.442 0.886468
0.861106 -54.4296 0.886618
0.861256 -54.4172 0.886768
0.861406 -54.4049 0.886918
0.861556 -54.3925 0.887069
0.861706 -54.3802 0.887219
0.861856 -54.3678 0.887369
0.862006 -54.3554 0.887369
0.862156 -54.3431 0.887519
0.862306 -54.3308 0.887669
0.862456 -54.3184 0.887819
0.862606 -54.3061 0.887969
0.862756 -54.2938 0.888119
0.862906 -54.2815 0.888269
0.863057 -54.2692 0.888419
0.863207 -54.2569 0.888569
0.863357 -54.2446 0.888569
0.863507 -54.2323 0.888719
0.863657   -54.22 0.888869
0.863807 -54.2077  0.88902
0.863957 -54.1954  0.88917
0.864107 -54.1831  0.88932
0.864257 -54.1709  0.88947
0.864407 -54.1586  0.88962
0.864557 -54.1464  0.88962
0.864707 -54.1341  0.88977
0.864857 -54.1219  0.88992
0.865008 -54.1096  0.89007
0.865158 -54.0974  0.89022
0.865308 -54.0852  0.89037
0.865458  -54.073  0.89052
0.865608 -54.0607  0.89067
0.865758 -54.0485  0.89082
0.865908 -54.0363  0.89082
0.866058 -54.0241  0.89097
0.866208 -54.0119 0.891121
0.866358 -53.9997 0.891271
0.866508 -53.9875 0.891421
0.866658 -53.9754 0.891571
0.866808 -53.9632 0.891721
0.866958  -53.951 0.891871
0.867109 -53.9389 0.892021
0.867259 -53.9267 0.892021
0.867409 -53.9146 0.892171
0.867559 -53.9024 0.892321
0.867709 -53.8903 0.892471
0.867859 -53.8781 0.892621
0.868009  -53.866 0.892771
0.868159 -53.8539 0.892921
0.868309 -53.8417 0.893072
0.868459 -53.8296 0.893222
0.868609 -53.8175 0.893222
0.868759 -53.8054 0.893372
0.868909 -53.7933 0.893522
 0.86906 -53.7812 0.893672
 0.86921 -53.7691 0.893822
 0.86936 -53.7571 0.893972
 0.86951  -53.745 0.894122
 0.86966 -53.7329 0.894272
 0.86981 -53.7208 0.894422
 0.86996 -53.7088 0.894422
 0.87011 -53.6967 0.894572
 0.87026 -53.6847 0.894722
 0.87041 -53.6726 0.894872
 0.87056 -53.6606 0.895023
 0.87071 -53.6485 0.895173
 0.87086 -53.6365 0.895323
0.871011 -53.6245 0.895473
0.871161 -53.6125 0.895623
0.871311 -53.6004 0.895773
0.871461 -53.5884 0.895773
0.871611 -53.5764 0.895923
0.871761 -53.5644 0.896073
0.871911 -53.5524 0.896223
0.872061 -53.5404 0.896373
0.872211 -53.5285 0.896523
0.872361 -53.5165 0.896673
0.872511 -53.5045 0.896823
0.872661 -53.4925 0.896973
0.872811 -53.4806 0.896973
0.872961 -53.4686 0.897124
0.873112 -53.4567 0.897274
0.873262 -53.4447 0.897424
0.873412 -53.4328 0.897574
0.873562 -53.4208 0.897724
0.873712 -53.4089 0.897874
0.873862  -53.397 0.898024
0.874012 -53.3851 0.898174
0.874162 -53.3731 0.898174
0.874312 -53.3612 0.898324
0.874462 -53.3493 0.898474
0.874612 -53.3374 0.898624
0.874762 -53.3255 0.898774
0.874912 -53.3136 0.898924
0.875063 -53.3017 0.899075
0.875213 -53.2898 0.899225
0.875363  -53.278 0.899375
0.875513 -53.2661 0.899525
0.875663 -53.2542 0.899525
0.875813 -53.2424 0.899675
0.875963 -53.2305 0.899825
0.876113 -53.2187 0.899975
0.876263 -53.2068 0.900125
0.876413  -53.195 0.900275
0.876563 -53.1831 0.900425
0.876713 -53.1713 0.900575
0.876863 -53.1595 0.900725
0.877014 -53.1476 0.900875
0.877164 -53.1358 0.900875
0.877314  -53.124 0.901026
0.877464 -53.1122 0.901176
0.877614 -53.1004 0.901326
0.877764 -53.0886 0.901476
0.877914 -53.0768 0.901626
0.878064  -53.065 0.901776
0.878214 -53.0532 0.901926
0.878364 -53.0415 0.902076
0.878514 -53.0297 0.902226
0.878664 -53.0179 0.902226
0.878814 -53.0062 0.902376
0.878964 -52.9944 0.902526
0.879115 -52.9826 0.902676
0.879265 -52.9709 0.902826
0.879415 -52.9591 0.902976
0.879565 -52.9474 0.903127
0.879715 -52.9357 0.903277
0.879865 -52.9239 0.903427
0.880015 -52.9122 0.903577
0.880165 -52.9005 0.903727
0.880315 -52.8888 0.903877
0.880465  -52.877 0.903877
0.880615 -52.8653 0.904027
0.880765 -52.8536 0.904177
0.880915 -52.8419 0.904327
0.881066 -52.8302 0.904477
0.881216 -52.8185 0.904627
0.881366 -52.8069 0.904777
0.881516 -52.7952 0.904927
0.881666 -52.7835 0.905078
0.881816 -52.7718 0.905228
0.881966 -52.7602 0.905378
0.882116 -52.7485 0.905378
0.882266 -52.7368 0.905528
0.882416 -52.7252 0.905678
0.882566 -52.7135 0.905828
0.882716 -52.7019 0.905978
0.882866 -52.6902 0.906128
0.883017 -52.6786 0.906278
0.883167  -52.667 0.906428
0.883317 -52.6553 0.906578
0.883467 -52.6437 0.906728
0.883617 -52.6321 0.906878
0.883767 -52.6205 0.907029
0.883917 -52.6089 0.907029
0.884067 -52.5973 0.907179
0.884217 -52.5857 0.907329
0.884367 -52.5741 0.907479
0.884517 -52.5625 0.907629
0.884667 -52.5509 0.907779
0.884817 -52.5393 0.907929
0.884967 -52.5277 0.908079
0.885118 -52.5162 0.908229
0.885268 -52.5046 0.908379
0.885418  -52.493 0.908529
0.885568 -52.4815 0.908679
0.885718 -52.4699 0.908679
0.885868 -52.4584 0.908829
0.886018 -52.4468 0.908979
0.886168 -52.4353  0.90913
0.886318 -52.4237  0.90928
0.886468 -52.4122  0.90943
0.886618 -52.4007  0.90958
0.886768 -52.3891  0.90973
0.886918 -52.3776  0.90988
0.887069 -52.3661  0.91003
0.887219 -52.3546  0.91018
0.887369 -52.3431  0.91033
0.887519 -52.3316  0.91033
0.887669 -52.3201  0.91048
0.887819 -52.3086  0.91063
0.887969 -52.2971  0.91078
0.888119 -52.2856  0.91093
0.888269 -52.2741 0.911081
0.888419 -52.2627 0.911231
0.888569 -52.2512 0.911381
0.888719 -52.2397 0.911531
0.888869 -52.2283 0.911681
 0.88902 -52.2168 0.911831
 0.88917 -52.2053 0.911831
 0.88932 -52.1939 0.911981
 0.88947 -52.1824 0.912131
 0.88962  -52.171 0.912281
 0.88977 -52.1596 0.912431
 0.88992 -52.1481 0.912581
 0.89007 -52.1367 0.912731
 0.89022 -52.1253 0.912881
 0.89037 -52.1139 0.913032
 0.89052 -52.1025 0.913182
 0.89067  -52.091 0.913332
 0.89082 -52.0796 0.913482
 0.89097 -52.0682 0.913482
0.891121 -52.0568 0.913632
0.891271 -52.0454 0.913782
0.891421 -52.0341 0.913932
0.891571 -52.0227 0.914082
0.891721 -52.0113 0.914232
0.891871 -51.9999 0.914382
0.892021 -51.9885 0.914532
0.892171 -51.9772 0.914682
0.892321 -51.9658 0.914832
0.892471 -51.9544 0.914982
0.892621 -51.9431 0.915133
0.892771 -51.9317 0.915283
0.892921 -51.9204 0.915283
0.893072 -51.9091 0.915433
0.893222 -51.8977 0.915583
0.893372 -51.8864 0.915733
0.893522 -51.8751 0.915883
0.893672 -51.8637 0.916033
0.893822 -51.8524 0.916183
0.893972 -51.8411 0.916333
0.894122 -51.8298 0.916483
0.894272 -51.8185 0.916633
0.894422 -51.8072 0.916783
0.894572 -51.7959 0.916933
0.894722 -51.7846 0.916933
0.894872 -51.7733 0.917084
0.895023  -51.762 0.917234
0.895173 -51.7507 0.917384
0.895323 -51.7394 0.917534
0.895473 -51.7282 0.917684
0.895623 -51.7169 0.917834
0.895773 -51.7056 0.917984
0.895923 -51.6944 0.918134
0.896073 -51.6831 0.918284
0.896223 -51.6718 0.918434
0.896373 -51.6606 0.918584
0.896523 -51.6493 0.918734
0.896673 -51.6381 0.918734
0.896823 -51.6269 0.918884
0.896973 -51.6156 0.919035
0.897124 -51.6044 0.919185
0.897274 -51.5932 0.919335
0.897424  -51.582 0.919485
0.897574 -51.5707 0.919635
0.897724 -51.5595 0.919785
0.897874 -51.5483 0.919935
0.898024 -51.5371 0.920085
0.898174 -51.5259 0.920235
0.898324 -51.5147 0.920385
0.898474 -51.5035 0.920535
0.898624 -51.4923 0.920535
0.898774 -51.4812 0.920685
0.898924   -51.47 0.920835
0.899075 -51.4588 0.920985
0.899225 -51.4476 0.921136
0.899375 -51.4365 0.921286
0.899525 -51.4253 0.921436
0.899675 -51.4141 0.921586
0.899825  -51.403 0.921736
0.899975 -51.3918 0.921886
0.900125 -51.3807 0.922036
0.900275 -51.3695 0.922186
0.900425 -51.3584 0.922336
0.900575 -51.3473 0.922486
0.900725 -51.3361 0.922486
0.900875  -51.325 0.922636
0.901026 -51.3139 0.922786
0.901176 -51.3028 0.922936
0.901326 -51.2916 0.923087
0.901476 -51.2805 0.923237
0.901626 -51.2694 0.923387
0.901776 -51.2583 0.923537
0.901926 -51.2472 0.923687
0.902076 -51.2361 0.923837
0.902226  -51.225 0.923987
0.902376 -51.2139 0.924137
0.902526 -51.2029 0.924287
0.902676 -51.1918 0.924287
0.902826 -51.1807 0.924437
0.902976 -51.1696 0.924587
0.903127 -51.1586 0.924737
0.903277 -51.1475 0.924887
0.903427 -51.1364 0.925038
0.903577 -51.1254 0.925188
0.903727 -51.1143 0.925338
0.903877 -51.1033 0.925488
0.904027 -51.0923 0.925638
0.904177 -51.0812 0.925788
0.904327 -51.0702 0.925938
0.904477 -51.0591 0.926088
0.904627 -51.0481 0.926088
0.904777 -51.0371 0.926238
0.904927 -51.0261 0.926388
0.905078 -51.0151 0.926538
0.905228  -51.004 0.926688
0.905378  -50.993 0.926838
0.905528  -50.982 0.926988
0.905678  -50.971 0.927139
0.905828   -50.96 0.927289
0.905978  -50.949 0.927439
0.906128 -50.9381 0.927589
0.906278 -50.9271 0.927739
0.906428 -50.9161 0.927889
0.906578 -50.9051 0.928039
0.906728 -50.8942 0.928039
0.906878 -50.8832 0.928189
0.907029 -50.8722 0.928339
0.907179 -50.8613 0.928489
0.907329 -50.8503 0.928639
0.907479 -50.8393 0.928789
0.907629 -50.8284 0.928939
0.907779 -50.8175  0.92909
0.907929 -50.8065  0.92924
0.908079 -50.7956  0.92939
0.908229 -50.7846  0.92954
0.908379 -50.7737  0.92969
0.908529 -50.7628  0.92984
0.908679 -50.7519  0.92984
0.908829  -50.741  0.92999
0.908979   -50.73  0.93014
 0.90913 -50.7191  0.93029
 0.90928 -50.7082  0.93044
 0.90943 -50.6973  0.93059
 0.90958 -50.6864  0.93074
 0.90973 -50.6755  0.93089
 0.90988 -50.6646 0.931041
 0.91003 -50.6538 0.931191
 0.91018 -50.6429 0.931341
 0.91033  -50.632 0.931491
 0.91048 -50.6211 0.931641
 0.91063 -50.6102 0.931791
 0.91078 -50.5994 0.931791
 0.91093 -50.5885 0.931941
0.911081 -50.5777 0.932091
0.911231 -50.5668 0.932241
0.911381  -50.556 0.932391
0.911531 -50.5451 0.932541
0.911681 -50.5343 0.932691
0.911831 -50.5234 0.932841
0.911981 -50.5126 0.932991
0.912131 -50.5018 0.933142
0.912281 -50.4909 0.933292
0.912431 -50.4801 0.933442
0.912581 -50.4693 0.933592
0.912731 -50.4585 0.933742
0.912881 -50.4476 0.933742
0.913032 -50.4368 0.933892
0.913182  -50.426 0.934042
0.913332 -50.4152 0.934192
0.913482 -50.4044 0.934342
0.913632 -50.3936 0.934492
0.913782 -50.3828 0.934642
0.913932 -50.3721 0.934792
0.914082 -50.3613 0.934942
0.914232 -50.3505 0.935093
0.914382 -50.3397 0.935243
0.914532  -50.329 0.935393
0.914682 -50.3182 0.935543
0.914832 -50.3074 0.935693
0.914982 -50.2967 0.935693
0.915133 -50.2859 0.935843
0.915283 -50.2752 0.935993
0.915433 -50.2644 0.936143
0.915583 -50.2537 0.936293
0.915733 -50.2429 0.936443
0.915883 -50.2322 0.936593
0.916033 -50.2215 0.936743
0.916183 -50.2107 0.936893
0.916333    -50.2 0.937044
0.916483 -50.1893 0.937194
0.916633 -50.1786 0.937344
0.916783 -50.1678 0.937494
0.916933 -50.1571 0.937644
0.917084 -50.1464 0.937644
0.917234 -50.1357 0.937794
0.917384  -50.125 0.937944
0.917534 -50.1143 0.938094
0.917684 -50.1036 0.938244
0.917834 -50.0929 0.938394
0.917984 -50.0823 0.938544
0.918134 -50.0716 0.938694
0.918284 -50.0609 0.938844
0.918434 -50.0502 0.938994
0.918584 -50.0395 0.939145
0.918734 -50.0289 0.939295
0.918884 -50.0182 0.939445
0.919035 -50.0076 0.939595
0.919185 -49.9969 0.939745
0.919335 -49.9863 0.939745
0.919485 -49.9756 0.939895
0.919635  -49.965 0.940045
0.919785 -49.9543 0.940195
0.919935 -49.9437 0.940345
0.920085  -49.933 0.940495
0.920235 -49.9224 0.940645
0.920385 -49.9118 0.940795
0.920535 -49.9012 0.940945
0.920685 -49.8905 0.941096
0.920835 -49.8799 0.941246
0.920985 -49.8693 0.941396
0.921136 -49.8587 0.941546
0.921286 -49.8481 0.941696
0.921436 -49.8375 0.941846
0.921586 -49.8269 0.941846
0.921736 -49.8163 0.941996
0.921886 -49.8057 0.942146
0.922036 -49.7951 0.942296
0.922186 -49.7845 0.942446
0.922336  -49.774 0.942596
0.922486 -49.7634 0.942746
0.922636 -49.7528 0.942896
0.922786 -49.7423 0.943047
0.922936 -49.7317 0.943197
0.923087 -49.7211 0.943347
0.923237 -49.7106 0.943497
0.923387    -49.7 0.943647
0.923537 -49.6895 0.943797
0.923687 -49.6789 0.943947
0.923837 -49.6684 0.943947
0.923987 -49.6578 0.944097
0.924137 -49.6473 0.944247
0.924287 -49.6368 0.944397
0.924437 -49.6262 0.944547
0.924587 -49.6157 0.944697
0.924737 -49.6052 0.944847
0.924887 -49.5947 0.944997
0.925038 -49.5842 0.945148
0.925188 -49.5736 0.945298
0.925338 -49.5631 0.945448
0.925488 -49.5526 0.945598
0.925638 -49.5421 0.945748
0.925788 -49.5316 0.945898
0.925938 -49.5211 0.946048
0.926088 -49.5106 0.946048
0.926238 -49.5002 0.946198
0.926388 -49.4897 0.946348
0.926538 -49.4792 0.946498
0.926688 -49.4687 0.946648
0.926838 -49.4582 0.946798
0.926988 -49.4478 0.946948
0.927139 -49.4373 0.947099
0.927289 -49.4269 0.947249
0.927439 -49.4164 0.947399
0.927589 -49.4059 0.947549
0.927739 -49.3955 0.947699
0.927889  -49.385 0.947849
0.928039 -49.3746 0.947999
0.928189 -49.3642 0.948149
0.928339 -49.3537 0.948149
0.928489 -49.3433 0.948299
0.928639 -49.3329 0.948449
0.928789 -49.3224 0.948599
0.928939  -49.312 0.948749
 0.92909 -49.3016 0.948899
 0.92924 -49.2912  0.94905
 0.92939 -49.2808   0.9492
 0.92954 -49.2704  0.94935
 0.92969 -49.2599   0.9495
 0.92984 -49.2495  0.94965
 0.92999 -49.2391   0.9498
 0.93014 -49.2288  0.94995
 0.93029 -49.2184   0.9501
 0.93044  -49.208  0.95025
 0.93059 -49.1976  0.95025
 0.93074 -49.1872   0.9504
 0.93089 -49.1768  0.95055
0.931041 -49.1665   0.9507
0.931191 -49.1561  0.95085
0.931341 -49.1457 0.951001
0.931491 -49.1354 0.951151
0.931641  -49.125 0.951301
0.931791 -49.1146 0.951451
0.931941 -49.1043 0.951601
0.932091 -49.0939 0.951751
0.932241 -49.0836 0.951901
0.932391 -49.0733 0.952051
0.932541 -49.0629 0.952201
0.932691 -49.0526 0.952351
0.932841 -49.0422 0.952351
0.932991 -49.0319 0.952501
0.933142 -49.0216 0.952651
0.933292 -49.0113 0.952801
0.933442  -49.001 0.952951
0.933592 -48.9906 0.953102
0.933742 -48.9803 0.953252
0.933892   -48.97 0.953402
0.934042 -48.9597 0.953552
0.934192 -48.9494 0.953702
0.934342 -48.9391 0.953852
0.934492 -48.9288 0.954002
0.934642 -48.9185 0.954152
0.934792 -48.9082 0.954302
0.934942  -48.898 0.954452
0.935093 -48.8877 0.954602
0.935243 -48.8774 0.954602
0.935393 -48.8671 0.954752
0.935543 -48.8569 0.954902
0.935693 -48.8466 0.955053
0.935843 -48.8363 0.955203
0.935993 -48.8261 0.955353
0.936143 -48.8158 0.955503
0.936293 -48.8056 0.955653
0.936443 -48.7953 0.955803
0.936593 -48.7851 0.955953
0.936743 -48.7748 0.956103
0.936893 -48.7646 0.956253
0.937044 -48.7543 0.956403
0.937194 -48.7441 0.956553
0.937344 -48.7339 0.956703
0.937494 -48.7237 0.956703
0.937644 -48.7134 0.956853
0.937794 -48.7032 0.957004
0.937944  -48.693 0.957154
0.938094 -48.6828 0.957304
0.938244 -48.6726 0.957454
0.938394 -48.6624 0.957604
0.938544 -48.6522 0.957754
0.938694  -48.642 0.957904
0.938844 -48.6318 0.958054
0.938994 -48.6216 0.958204
0.939145 -48.6114 0.958354
0.939295 -48.6012 0.958504
0.939445  -48.591 0.958654
0.939595 -48.5809 0.958804
0.939745 -48.5707 0.958954
0.939895 -48.5605 0.958954
0.940045 -48.5503 0.959105
0.940195 -48.5402 0.959255
0.940345   -48.53 0.959405
0.940495 -48.5199 0.959555
0.940645 -48.5097 0.959705
0.940795 -48.4995 0.959855
0.940945 -48.4894 0.960005
0.941096 -48.4793 0.960155
0.941246 -48.4691 0.960305
0.941396  -48.459 0.960455
0.941546 -48.4488 0.960605
0.941696 -48.4387 0.960755
0.941846 -48.4286 0.960905
0.941996 -48.4185 0.961056
0.942146 -48.4083 0.961056
0.942296 -48.3982 0.961206
0.942446 -48.3881 0.961356
0.942596  -48.378 0.961506
0.942746 -48.3679 0.961656
0.942896 -48.3578 0.961806
0.943047 -48.3477 0.961956
0.943197 -48.3376 0.962106
0.943347 -48.3275 0.962256
0.943497 -48.3174 0.962406
0.943647 -48.3073 0.962556
0.943797 -48.2972 0.962706
0.943947 -48.2871 0.962856
0.944097 -48.2771 0.963007
0.944247  -48.267 0.963157
0.944397 -48.2569 0.963307
0.944547 -48.2468 0.963307
0.944697 -48.2368 0.963457
0.944847 -48.2267 0.963607
0.944997 -48.2166 0.963757
0.945148 -48.2066 0.963907
0.945298 -48.1965 0.964057
0.945448 -48.1865 0.964207
0.945598 -48.1764 0.964357
0.945748 -48.1664 0.964507
0.945898 -48.1564 0.964657
0.946048 -48.1463 0.964807
0.946198 -48.1363 0.964957
0.946348 -48.1263 0.965108
0.946498 -48.1162 0.965258
0.946648 -48.1062 0.965408
0.946798 -48.0962 0.965558
0.946948 -48.0862 0.965558
0.947099 -48.0762 0.965708
0.947249 -48.0662 0.965858
0.947399 -48.0562 0.966008
0.947549 -48.0462 0.966158
0.947699 -48.0362 0.966308
0.947849 -48.0262 0.966458
0.947999 -48.0162 0.966608
0.948149 -48.0062 0.966758
0.948299 -47.9962 0.966908
0.948449 -47.9862 0.967059
0.948599 -47.9762 0.967209
0.948749 -47.9662 0.967359
0.948899 -47.9563 0.967509
 0.94905 -47.9463 0.967659
  0.9492 -47.9363 0.967809
 0.94935 -47.9264 0.967809
  0.9495 -47.9164 0.967959
 0.94965 -47.9064 0.968109
  0.9498 -47.8965 0.968259
 0.94995 -47.8865 0.968409
  0.9501 -47.8766 0.968559
 0.95025 -47.8666 0.968709
  0.9504 -47.8567 0.968859
 0.95055 -47.8468  0.96901
  0.9507 -47.8368  0.96916
 0.95085 -47.8269  0.96931
0.951001  -47.817  0.96946
0.951151  -47.807  0.96961
0.951301 -47.7971  0.96976
0.951451 -47.7872  0.96991
0.951601 -47.7773  0.97006
0.951751 -47.7674  0.97006
0.951901 -47.7575  0.97021
0.952051 -47.7476  0.97036
0.952201 -47.7377  0.97051
0.952351 -47.7278  0.97066
0.952501 -47.7179  0.97081
0.952651  -47.708  0.97096
0.952801 -47.6981 0.971111
0.952951 -47.6882 0.971261
0.953102 -47.6783 0.971411
0.953252 -47.6684 0.971561
0.953402 -47.6586 0.971711
0.953552 -47.6487 0.971861
0.953702 -47.6388 0.972011
0.953852 -47.6289 0.972161
0.954002 -47.6191 0.972311
0.954152 -47.6092 0.972311
0.954302 -47.5994 0.972461
0.954452 -47.5895 0.972611
0.954602 -47.5796 0.972761
0.954752 -47.5698 0.972911
0.954902   -47.56 0.973062
0.955053 -47.5501 0.973212
0.955203 -47.5403 0.973362
0.955353 -47.5304 0.973512
0.955503 -47.5206 0.973662
0.955653 -47.5108 0.973812
0.955803 -47.5009 0.973962
0.955953 -47.4911 0.974112
0.956103 -47.4813 0.974262
0.956253 -47.4715 0.974412
0.956403 -47.4617 0.974562
0.956553 -47.4519 0.974562
0.956703 -47.4421 0.974712
0.956853 -47.4322 0.974862
0.957004 -47.4224 0.975013
0.957154 -47.4126 0.975163
0.957304 -47.4029 0.975313
0.957454 -47.3931 0.975463
0.957604 -47.3833 0.975613
0.957754 -47.3735 0.975763
0.957904 -47.3637 0.975913
0.958054 -47.3539 0.976063
0.958204 -47.3442 0.976213
0.958354 -47.3344 0.976363
0.958504 -47.3246 0.976513
0.958654 -47.3148 0.976663
0.958804 -47.3051 0.976813
0.958954 -47.2953 0.976813
0.959105 -47.2856 0.976963
0.959255 -47.2758 0.977114
0.959405 -47.2661 0.977264
0.959555 -47.2563 0.977414
0.959705 -47.2466 0.977564
0.959855 -47.2368 0.977714
0.960005 -47.2271 0.977864
0.960155 -47.2173 0.978014
0.960305 -47.2076 0.978164
0.960455 -47.1979 0.978314
0.960605 -47.1882 0.978464
0.960755 -47.1784 0.978614
0.960905 -47.1687 0.978764
0.961056  -47.159 0.978914
0.961206 -47.1493 0.979065
0.961356 -47.1396 0.979215
0.961506 -47.1299 0.979215
0.961656 -47.1202 0.979365
0.961806 -47.1105 0.979515
0.961956 -47.1008 0.979665
0.962106 -47.0911 0.979815
0.962256 -47.0814 0.979965
0.962406 -47.0717 0.980115
0.962556  -47.062 0.980265
0.962706 -47.0523 0.980415
0.962856 -47.0426 0.980565
0.963007  -47.033 0.980715
0.963157 -47.0233 0.980865
0.963307 -47.0136 0.981016
0.963457  -47.004 0.981166
0.963607 -46.9943 0.981316
0.963757 -46.9846 0.981466
0.963907  -46.975 0.981466
0.964057 -46.9653 0.981616
0.964207 -46.9557 0.981766
0.964357  -46.946 0.981916
0.964507 -46.9364 0.982066
0.964657 -46.9267 0.982216
0.964807 -46.9171 0.982366
0.964957 -46.9074 0.982516
0.965108 -46.8978 0.982666
0.965258 -46.8882 0.982816
0.965408 -46.8786 0.982966
0.965558 -46.8689 0.983117
0.965708 -46.8593 0.983267
0.965858 -46.8497 0.983417
0.966008 -46.8401 0.983567
0.966158 -46.8305 0.983717
0.966308 -46.8209 0.983717
0.966458 -46.8112 0.983867
0.966608 -46.8016 0.984017
0.966758  -46.792 0.984167
0.966908 -46.7824 0.984317
0.967059 -46.7729 0.984467
0.967209 -46.7633 0.984617
0.967359 -46.7537 0.984767
0.967509 -46.7441 0.984917
0.967659 -46.7345 0.985068
0.967809 -46.7249 0.985218
0.967959 -46.7154 0.985368
0.968109 -46.7058 0.985518
0.968259 -46.6962 0.985668
0.968409 -46.6866 0.985818
0.968559 -46.6771 0.985968
0.968709 -46.6675 0.986118
0.968859  -46.658 0.986118
 0.96901 -46.6484 0.986268
 0.96916 -46.6389 0.986418
 0.96931 -46.6293 0.986568
 0.96946 -46.6198 0.986718
 0.96961 -46.6102 0.986868
 0.96976 -46.6007 0.987019
 0.96991 -46.5911 0.987169
 0.97006 -46.5816 0.987319
 0.97021 -46.5721 0.987469
 0.97036 -46.5625 0.987619
 0.97051  -46.553 0.987769
 0.97066 -46.5435 0.987919
 0.97081  -46.534 0.988069
 0.97096 -46.5245 0.988219
0.971111  -46.515 0.988369
0.971261 -46.5054 0.988369
0.971411 -46.4959 0.988519
0.971561 -46.4864 0.988669
0.971711 -46.4769 0.988819
0.971861 -46.4674 0.988969
0.972011 -46.4579  0.98912
0.972161 -46.4484  0.98927
0.972311  -46.439  0.98942
0.972461 -46.4295  0.98957
0.972611   -46.42  0.98972
0.972761 -46.4105  0.98987
0.972911  -46.401  0.99002
0.973062 -46.3916  0.99017
0.973212 -46.3821  0.99032
0.973362 -46.3726  0.99047
0.973512 -46.3632  0.99062
0.973662 -46.3537  0.99077
0.973812 -46.3442  0.99077
0.973962 -46.3348  0.99092
0.974112 -46.3253 0.991071
0.974262 -46.3159 0.991221
0.974412 -46.3064 0.991371
0.974562  -46.297 0.991521
0.974712 -46.2875 0.991671
0.974862 -46.2781 0.991821
0.975013 -46.2687 0.991971
0.975163 -46.2592 0.992121
0.975313 -46.2498 0.992271
0.975463 -46.2404 0.992421
0.975613  -46.231 0.992571
0.975763 -46.2215 0.992721
0.975913 -46.2121 0.992871
0.976063 -46.2027 0.993022
0.976213 -46.1933 0.993172
0.976363 -46.1839 0.993172
0.976513 -46.1745 0.993322
0.976663 -46.1651 0.993472
0.976813 -46.1557 0.993622
0.976963 -46.1463 0.993772
0.977114 -46.1369 0.993922
0.977264 -46.1275 0.994072
0.977414 -46.1181 0.994222
0.977564 -46.1087 0.994372
0.977714 -46.0993 0.994522
0.977864   -46.09 0.994672
0.978014 -46.0806 0.994822
0.978164 -46.0712 0.994972
0.978314 -46.0618 0.995123
0.978464 -46.0525 0.995273
0.978614 -46.0431 0.995423
0.978764 -46.0337 0.995423
0.978914 -46.0244 0.995573
0.979065  -46.015 0.995723
0.979215 -46.0057 0.995873
0.979365 -45.9963 0.996023
0.979515  -45.987 0.996173
0.979665 -45.9776 0.996323
0.979815 -45.9683 0.996473
0.979965  -45.959 0.996623
0.980115 -45.9496 0.996773
0.980265 -45.9403 0.996923
0.980415  -45.931 0.997074
0.980565 -45.9216 0.997224
0.980715 -45.9123 0.997374
0.980865  -45.903 0.997524
0.981016 -45.8937 0.997674
0.981166 -45.8844 0.997824
0.981316  -45.875 0.997824
0.981466 -45.8657 0.997974
0.981616 -45.8564 0.998124
0.981766 -45.8471 0.998274
0.981916 -45.8378 0.998424
0.982066 -45.8285 0.998574
0.982216 -45.8192 0.998724
0.982366 -45.8099 0.998874
0.982516 -45.8006 0.999025
0.982666 -45.7914 0.999175
0.982816 -45.7821 0.999325
0.982966 -45.7728 0.999475
0.983117 -45.7635 0.999625
0.983267 -45.7542 0.999775
0.983417  -45.745 0.999925
0.983567 -45.7357  1.00008
0.983717 -45.7264  1.00023
0.983867 -45.7172  1.00023
0.984017 -45.7079  1.00038
0.984167 -45.6987  1.00053
0.984317 -45.6894  1.00068
0.984467 -45.6801  1.00083
0.984617 -45.6709  1.00098
0.984767 -45.6617  1.00113
0.984917 -45.6524  1.00128
0.985068 -45.6432  1.00143
0.985218 -45.6339  1.00158
0.985368 -45.6247  1.00173
0.985518 -45.6155  1.00188
0.985668 -45.6062  1.00203
0.985818  -45.597  1.00218
0.985968 -45.5878  1.00233
0.986118 -45.5786  1.00248
0.986268 -45.5693  1.00248
0.986418 -45.5601  1.00263
0.986568 -45.5509  1.00278
0.986718 -45.5417  1.00293
0.986868 -45.5325  1.00308
0.987019 -45.5233  1.00323
0.987169 -45.5141  1.00338
0.987319 -45.5049  1.00353
0.987469 -45.4957  1.00368
0.987619 -45.4865  1.00383
0.987769 -45.4773  1.00398
0.987919 -45.4681  1.00413
0.988069  -45.459  1.00428
0.988219 -45.4498  1.00443
0.988369 -45.4406  1.00458
0.988519 -45.4314  1.00473
0.988669 -45.4223  1.00488
0.988819 -45.4131  1.00488
0.988969 -45.4039  1.00503
 0.98912 -45.3948  1.00518
 0.98927 -45.3856  1.00533
 0.98942 -45.3764  1.00548
 0.98957 -45.3673  1.00563
 0.98972 -45.3581  1.00578
 0.98987  -45.349  1.00593
 0.99002 -45.3398  1.00608
 0.99017 -45.3307  1.00623
 0.99032 -45.3215  1.00638
 0.99047 -45.3124  1.00653
 0.99062 -45.3033  1.00668
 0.99077 -45.2941  1.00683
 0.99092  -45.285  1.00698
0.991071 -45.2759  1.00713
0.991221 -45.2668  1.00713
0.991371 -45.2576  1.00728
0.991521 -45.2485  1.00743
0.991671 -45.2394  1.00758
0.991821 -45.2303  1.00773
0.991971 -45.2212  1.00788
0.992121 -45.2121  1.00803
0.992271  -45.203  1.00818
0.992421 -45.1939  1.00833
0.992571 -45.1848  1.00848
0.992721 -45.1757  1.00863
0.992871 -45.1666  1.00878
0.993022 -45.1575  1.00893
0.993172 -45.1484  1.00908
0.993322 -45.1393  1.00923
0.993472 -45.1302  1.00938
0.993622 -45.1212  1.00953
0.993772 -45.1121  1.00953
0.993922  -45.103  1.00968
0.994072 -45.0939  1.00983
0.994222 -45.0849  1.00998
0.994372 -45.0758  1.01013
0.994522 -45.0667  1.01028
0.994672 -45.0577  1.01043
0.994822 -45.0486  1.01058
0.994972 -45.0396  1.01073
0.995123 -45.0305  1.01088
0.995273 -45.0215  1.01103
0.995423 -45.0124  1.01118
0.995573 -45.0034  1.01133
0.995723 -44.9943  1.01148
0.995873 -44.9853  1.01163
0.996023 -44.9763  1.01178
0.996173 -44.9672  1.01193
0.996323 -44.9582  1.01193
0.996473 -44.9492  1.01208
0.996623 -44.9401  1.01223
0.996773 -44.9311  1.01238
0.996923 -44.9221  1.01253
0.997074 -44.9131  1.01268
0.997224 -44.9041  1.01283
0.997374 -44.8951  1.01298
0.997524 -44.8861  1.01313
0.997674  -44.877  1.01328
0.997824  -44.868  1.01343
0.997974  -44.859  1.01358
0.998124   -44.85  1.01373
0.998274 -44.8411  1.01388
0.998424 -44.8321  1.01403
0.998574 -44.8231  1.01418
0.998724 -44.8141  1.01433
0.998874 -44.8051  1.01433
0.999025 -44.7961  1.01448
0.999175 -44.7871  1.01463
0.999325 -44.7782  1.01478
0.999475 -44.7692  1.01493
0.999625 -44.7602  1.01508
0.999775 -44.7513  1.01523
0.999925 -44.7423  1.01538
 1.00008 -44.7333  1.01553
 1.00023 -44.7244  1.01568
 1.00038 -44.7154  1.01583
 1.00053 -44.7065  1.01598
 1.00068 -44.6975  1.01613
 1.00083 -44.6886  1.01628
 1.00098 -44.6796  1.01643
 1.00113 -44.6707  1.01658
 1.00128 -44.6618  1.01673
 1.00143 -44.6528  1.01673
 1.00158 -44.6439  1.01688
 1.00173 -44.6349  1.01703
 1.00188  -44.626  1.01718
 1.00203 -44.6171  1.01733
 1.00218 -44.6082  1.01748
 1.00233 -44.5993  1.01763
 1.00248 -44.5903  1.01778
 1.00263 -44.5814  1.01793
 1.00278 -44.5725  1.01808
 1.00293 -44.5636  1.01823
 1.00308 -44.5547  1.01838
 1.00323 -44.5458  1.01853
 1.00338 -44.5369  1.01868
 1.00353  -44.528  1.01883
 1.00368 -44.5191  1.01898
 1.00383 -44.5102  1.01913
 1.00398 -44.5013  1.01913
 1.00413 -44.4924  1.01928
 1.00428 -44.4835  1.01943
 1.00443 -44.4747  1.01958
 1.00458 -44.4658  1.01973
 1.00473 -44.4569  1.01988
 1.00488  -44.448  1.02004
 1.00503 -44.4391  1.02019
 1.00518 -44.4303  1.02034
 1.00533 -44.4214  1.02049
 1.00548 -44.4125  1.02064
 1.00563 -44.4037  1.02079
 1.00578 -44.3948  1.02094
 1.00593  -44.386  1.02109
 1.00608 -44.3771  1.02124
 1.00623 -44.3683  1.02139
 1.00638 -44.3594  1.02154
 1.00653 -44.3506  1.02154
 1.00668 -44.3417  1.02169
 1.00683 -44.3329  1.02184
 1.00698 -44.3241  1.02199
 1.00713 -44.3152  1.02214
 1.00728 -44.3064  1.02229
 1.00743 -44.2976  1.02244
 1.00758 -44.2887  1.02259
 1.00773 -44.2799  1.02274
 1.00788 -44.2711  1.02289
 1.00803 -44.2623  1.02304
 1.00818 -44.2535  1.02319
 1.00833 -44.2446  1.02334
 1.00848 -44.2358  1.02349
 1.00863  -44.227  1.02364
 1.00878 -44.2182  1.02379
 1.00893 -44.2094  1.02379
 1.00908 -44.2006  1.02394
 1.00923 -44.1918  1.02409
 1.00938  -44.183  1.02424
 1.00953 -44.1742  1.02439
 1.00968 -44.1654  1.02454
 1.00983 -44.1567  1.02469
 1.00998 -44.1479  1.02484
 1.01013 -44.1391  1.02499
 1.01028 -44.1303  1.02514
 1.01043 -44.1215  1.02529
 1.01058 -44.1128  1.02544
 1.01073  -44.104  1.02559
 1.01088 -44.0952  1.02574
 1.01103 -44.0865  1.02589
 1.01118 -44.0777  1.02604
 1.01133 -44.0689  1.02619
 1.01148 -44.0602  1.02619
 1.01163 -44.0514  1.02634
 1.01178 -44.0427  1.02649
 1.01193 -44.0339  1.02664
 1.01208 -44.0252  1.02679
 1.01223 -44.0164  1.02694
 1.01238 -44.0077  1.02709
 1.01253  -43.999  1.02724
 1.01268 -43.9902  1.02739
 1.01283 -43.9815  1.02754
 1.01298 -43.9728  1.02769
 1.01313  -43.964  1.02784
 1.01328 -43.9553  1.02799
 1.01343 -43.9466  1.02814
 1.01358 -43.9379  1.02829
 1.01373 -43.9291  1.02844
 1.01388 -43.9204  1.02859
 1.01403 -43.9117  1.02859
 1.01418  -43.903  1.02874
 1.01433 -43.8943  1.02889
 1.01448 -43.8856  1.02904
 1.01463 -43.8769  1.02919
 1.01478 -43.8682  1.02934
 1.01493 -43.8595  1.02949
 1.01508 -43.8508  1.02964
 1.01523 -43.8421  1.02979
 1.01538 -43.8334  1.02994
 1.01553 -43.8247  1.03009
 1.01568  -43.816  1.03024
 1.01583 -43.8074  1.03039
 1.01598 -43.7987  1.03054
 1.01613   -43.79  1.03069
 1.01628 -43.7813  1.03084
 1.01643 -43.7727  1.03099
 1.01658  -43.764  1.03099
 1.01673 -43.7553  1.03114
 1.01688 -43.7467  1.03129
 1.01703  -43.738  1.03144
 1.01718 -43.7294  1.03159
 1.01733 -43.7207  1.03174
 1.01748  -43.712  1.03189
 1.01763 -43.7034  1.03204
 1.01778 -43.6947  1.03219
 1.01793 -43.6861  1.03234
 1.01808 -43.6775  1.03249
 1.01823 -43.6688  1.03264
 1.01838 -43.6602  1.03279
 1.01853 -43.6515  1.03294
 1.01868 -43.6429  1.03309
 1.01883 -43.6343  1.03324
 1.01898 -43.6257  1.03339
 1.01913  -43.617  1.03339
 1.01928 -43.6084  1.03354
 1.01943 -43.5998  1.03369
 1.01958 -43.5912  1.03384
 1.01973 -43.5826  1.03399
 1.01988 -43.5739  1.03414
 1.02004 -43.5653  1.03429
 1.02019 -43.5567  1.03444
 1.02034 -43.5481  1.03459
 1.02049 -43.5395  1.03474
 1.02064 -43.5309  1.03489
 1.02079 -43.5223  1.03504
 1.02094 -43.5137  1.03519
 1.02109 -43.5051  1.03534
 1.02124 -43.4966  1.03549
 1.02139  -43.488  1.03564
 1.02154 -43.4794  1.03579
 1.02169 -43.4708  1.03579
 1.02184 -43.4622  1.03594
 1.02199 -43.4537  1.03609
 1.02214 -43.4451  1.03624
 1.02229 -43.4365  1.03639
 1.02244 -43.4279  1.03654
 1.02259 -43.4194  1.03669
 1.02274 -43.4108  1.03684
 1.02289 -43.4023  1.03699
 1.02304 -43.3937  1.03714
 1.02319 -43.3851  1.03729
 1.02334 -43.3766  1.03744
 1.02349  -43.368  1.03759
 1.02364 -43.3595  1.03774
 1.02379 -43.3509  1.03789
 1.02394 -43.3424  1.03804
 1.02409 -43.3339  1.03819
 1.02424 -43.3253  1.03819
 1.02439 -43.3168  1.03834
 1.02454 -43.3083  1.03849
 1.02469 -43.2997  1.03864
 1.02484 -43.2912  1.03879
 1.02499 -43.2827  1.03894
 1.02514 -43.2742  1.03909
 1.02529 -43.2656  1.03924
 1.02544 -43.2571  1.03939
 1.02559 -43.2486  1.03954
 1.02574 -43.2401  1.03969
 1.02589 -43.2316  1.03984
 1.02604 -43.2231  1.03999
 1.02619 -43.2146  1.04015
 1.02634 -43.2061   1.0403
 1.02649 -43.1976  1.04045
 1.02664 -43.1891   1.0406
 1.02679 -43.1806   1.0406
 1.02694 -43.1721  1.04075
 1.02709 -43.1636   1.0409
 1.02724 -43.1551  1.04105
 1.02739 -43.1466   1.0412
 1.02754 -43.1381  1.04135
 1.02769 -43.1297   1.0415
 1.02784 -43.1212  1.04165
 1.02799 -43.1127   1.0418
 1.02814 -43.1042  1.04195
 1.02829 -43.0958   1.0421
 1.02844 -43.0873  1.04225
 1.02859 -43.0788   1.0424
 1.02874 -43.0704  1.04255
 1.02889 -43.0619   1.0427
 1.02904 -43.0535  1.04285
 1.02919  -43.045    1.043
 1.02934 -43.0366    1.043
 1.02949 -43.0281  1.04315
 1.02964 -43.0197   1.0433
 1.02979 -43.0112  1.04345
 1.02994 -43.0028   1.0436
 1.03009 -42.9943  1.04375
 1.03024 -42.9859   1.0439
 1.03039 -42.9775  1.04405
 1.03054  -42.969   1.0442
 1.03069 -42.9606  1.04435
 1.03084 -42.9522   1.0445
 1.03099 -42.9437  1.04465
 1.03114 -42.9353   1.0448
 1.03129 -42.9269  1.04495
 1.03144 -42.9185   1.0451
 1.03159 -42.9101  1.04525
 1.03174 -42.9017   1.0454
 1.03189 -42.8933   1.0454
 1.03204 -42.8848  1.04555
 1.03219 -42.8764   1.0457
 1.03234  -42.868  1.04585
 1.03249 -42.8596    1.046
 1.03264 -42.8512  1.04615
 1.03279 -42.8428   1.0463
 1.03294 -42.8345  1.04645
 1.03309 -42.8261   1.0466
 1.03324 -42.8177  1.04675
 1.03339 -42.8093   1.0469
 1.03354 -42.8009  1.04705
 1.03369 -42.7925   1.0472
 1.03384 -42.7842  1.04735
 1.03399 -42.7758   1.0475
 1.03414 -42.7674  1.04765
 1.03429  -42.759   1.0478
 1.03444 -42.7507   1.0478
 1.03459 -42.7423  1.04795
 1.03474 -42.7339   1.0481
 1.03489 -42.7256  1.04825
 1.03504 -42.7172   1.0484
 1.03519 -42.7089  1.04855
 1.03534 -42.7005   1.0487
 1.03549 -42.6922  1.04885
 1.03564 -42.6838    1.049
 1.03579 -42.6755  1.04915
 1.03594 -42.6671   1.0493
 1.03609 -42.6588  1.04945
 1.03624 -42.6505   1.0496
 1.03639 -42.6421  1.04975
 1.03654 -42.6338   1.0499
 1.03669 -42.6255  1.05005
 1.03684 -42.6171   1.0502
 1.03699 -42.6088   1.0502
 1.03714 -42.6005  1.05035
 1.03729 -42.5922   1.0505
 1.03744 -42.5838  1.05065
 1.03759 -42.5755   1.0508
 1.03774 -42.5672  1.05095
 1.03789 -42.5589   1.0511
 1.03804 -42.5506  1.05125
 1.03819 -42.5423   1.0514
 1.03834  -42.534  1.05155
 1.03849 -42.5257   1.0517
 1.03864 -42.5174  1.05185
 1.03879 -42.5091    1.052
 1.03894 -42.5008  1.05215
 1.03909 -42.4925   1.0523
 1.03924 -42.4842  1.05245
 1.03939 -42.4759   1.0526
 1.03954 -42.4676   1.0526
 1.03969 -42.4594  1.05275
 1.03984 -42.4511   1.0529
 1.03999 -42.4428  1.05305
 1.04015 -42.4345   1.0532
  1.0403 -42.4263  1.05335
 1.04045  -42.418   1.0535
  1.0406 -42.4097  1.05365
 1.04075 -42.4014   1.0538
  1.0409 -42.3932  1.05395
 1.04105 -42.3849   1.0541
  1.0412 -42.3767  1.05425
 1.04135 -42.3684   1.0544
  1.0415 -42.3602  1.05455
 1.04165 -42.3519   1.0547
  1.0418 -42.3437  1.05485
 1.04195 -42.3354    1.055
  1.0421 -42.3272    1.055
 1.04225 -42.3189  1.05515
  1.0424 -42.3107   1.0553
 1.04255 -42.3025  1.05545
  1.0427 -42.2942   1.0556
 1.04285  -42.286  1.05575
   1.043 -42.2778   1.0559
 1.04315 -42.2695  1.05605
  1.0433 -42.2613   1.0562
 1.04345 -42.2531  1.05635
  1.0436 -42.2449   1.0565
 1.04375 -42.2367  1.05665
  1.0439 -42.2284   1.0568
 1.04405 -42.2202  1.05695
  1.0442  -42.212   1.0571
 1.04435 -42.2038  1.05725
  1.0445 -42.1956   1.0574
 1.04465 -42.1874   1.0574
  1.0448 -42.1792  1.05755
 1.04495  -42.171   1.0577
  1.0451 -42.1628  1.05785
 1.04525 -42.1546    1.058
  1.0454 -42.1464  1.05815
 1.04555 -42.1382   1.0583
  1.0457 -42.1301  1.05845
 1.04585 -42.1219   1.0586
   1.046 -42.1137  1.05875
 1.04615 -42.1055   1.0589
  1.0463 -42.0973  1.05905
 1.04645 -42.0892   1.0592
  1.0466  -42.081  1.05935
 1.04675 -42.0728   1.0595
  1.0469 -42.0647  1.05965
 1.04705 -42.0565   1.0598
  1.0472 -42.0483   1.0598
 1.04735 -42.0402  1.05995
  1.0475  -42.032  1.06011
 1.04765 -42.0239  1.06026
  1.0478 -42.0157  1.06041
 1.04795 -42.0076  1.06056
  1.0481 -41.9994  1.06071
 1.04825 -41.9913  1.06086
  1.0484 -41.9831  1.06101
 1.04855  -41.975  1.06116
  1.0487 -41.9669  1.06131
 1.04885 -41.9587  1.06146
   1.049 -41.9506  1.06161
 1.04915 -41.9425  1.06176
  1.0493 -41.9343  1.06191
 1.04945 -41.9262  1.06206
  1.0496 -41.9181  1.06221
 1.04975   -41.91  1.06221
  1.0499 -41.9018  1.06236
 1.05005 -41.8937  1.06251
  1.0502 -41.8856  1.06266
 1.05035 -41.8775  1.06281
  1.0505 -41.8694  1.06296
 1.05065 -41.8613  1.06311
  1.0508 -41.8532  1.06326
 1.05095 -41.8451  1.06341
  1.0511  -41.837  1.06356
 1.05125 -41.8289  1.06371
  1.0514 -41.8208  1.06386
 1.05155 -41.8127  1.06401
  1.0517 -41.8046  1.06416
 1.05185 -41.7965  1.06431
   1.052 -41.7884  1.06446
 1.05215 -41.7803  1.06446
  1.0523 -41.7723  1.06461
 1.05245 -41.7642  1.06476
  1.0526 -41.7561  1.06491
 1.05275  -41.748  1.06506
  1.0529   -41.74  1.06521
 1.05305 -41.7319  1.06536
  1.0532 -41.7238  1.06551
 1.05335 -41.7158  1.06566
  1.0535 -41.7077  1.06581
 1.05365 -41.6996  1.06596
  1.0538 -41.6916  1.06611
 1.05395 -41.6835  1.06626
  1.0541 -41.6755  1.06641
 1.05425 -41.6674  1.06656
  1.0544 -41.6594  1.06671
 1.05455 -41.6513  1.06686
  1.0547 -41.6433  1.06686
 1.05485 -41.6352  1.06701
   1.055 -41.6272  1.06716
 1.05515 -41.6192  1.06731
  1.0553 -41.6111  1.06746
 1.05545 -41.6031  1.06761
  1.0556 -41.5951  1.06776
 1.05575  -41.587  1.06791
  1.0559  -41.579  1.06806
 1.05605  -41.571  1.06821
  1.0562  -41.563  1.06836
 1.05635  -41.555  1.06851
  1.0565 -41.5469  1.06866
 1.05665 -41.5389  1.06881
  1.0568 -41.5309  1.06896
 1.05695 -41.5229  1.06911
  1.0571 -41.5149  1.06926
 1.05725 -41.5069  1.06926
  1.0574 -41.4989  1.06941
 1.05755 -41.4909  1.06956
  1.0577 -41.4829  1.06971
 1.05785 -41.4749  1.06986
   1.058 -41.4669  1.07001
 1.05815 -41.4589  1.07016
  1.0583 -41.4509  1.07031
 1.05845 -41.4429  1.07046
  1.0586  -41.435  1.07061
 1.05875  -41.427  1.07076
  1.0589  -41.419  1.07091
 1.05905  -41.411  1.07106
  1.0592  -41.403  1.07121
 1.05935 -41.3951  1.07136
  1.0595 -41.3871  1.07151
 1.05965 -41.3791  1.07166
  1.0598 -41.3712  1.07166
 1.05995 -41.3632  1.07181
 1.06011 -41.3553  1.07196
 1.06026 -41.3473  1.07211
 1.06041 -41.3393  1.07226
 1.06056 -41.3314  1.07241
 1.06071 -41.3234  1.07256
 1.06086 -41.3155  1.07271
 1.06101 -41.3075  1.07286
 1.06116 -41.2996  1.07301
 1.06131 -41.2917  1.07316
 1.06146 -41.2837  1.07331
 1.06161 -41.2758  1.07346
 1.06176 -41.2678  1.07361
 1.06191 -41.2599  1.07376
 1.06206  -41.252  1.07391
 1.06221  -41.244  1.07406
 1.06236 -41.2361  1.07406
 1.06251 -41.2282  1.07421
 1.06266 -41.2203  1.07436
 1.06281 -41.2124  1.07451
 1.06296 -41.2044  1.07466
 1.06311 -41.1965  1.07481
 1.06326 -41.1886  1.07496
 1.06341 -41.1807  1.07511
 1.06356 -41.1728  1.07526
 1.06371 -41.1649  1.07541
 1.06386  -41.157  1.07556
 1.06401 -41.1491  1.07571
 1.06416 -41.1412  1.07586
 1.06431 -41.1333  1.07601
 1.06446 -41.1254  1.07616
 1.06461 -41.1175  1.07631
 1.06476 -41.1096  1.07631
 1.06491 -41.1017  1.07646
 1.06506 -41.0938  1.07661
 1.06521  -41.086  1.07676
 1.06536 -41.0781  1.07691
 1.06551 -41.0702  1.07706
 1.06566 -41.0623  1.07721
 1.06581 -41.0545  1.07736
 1.06596 -41.0466  1.07751
 1.06611 -41.0387  1.07766
 1.06626 -41.0308  1.07781
 1.06641  -41.023  1.07796
 1.06656 -41.0151  1.07811
 1.06671 -41.0073  1.07826
 1.06686 -40.9994  1.07841
 1.06701 -40.9916  1.07856
 1.06716 -40.9837  1.07871
 1.06731 -40.9758  1.07871
 1.06746  -40.968  1.07886
 1.06761 -40.9602  1.07901
 1.06776 -40.9523  1.07916
 1.06791 -40.9445  1.07931
 1.06806 -40.9366  1.07946
 1.06821 -40.9288  1.07961
 1.06836  -40.921  1.07976
 1.06851 -40.9131  1.07991
 1.06866 -40.9053  1.08007
 1.06881 -40.8975  1.08022
 1.06896 -40.8896  1.08037
 1.06911 -40.8818  1.08052
 1.06926  -40.874  1.08067
 1.06941 -40.8662  1.08082
 1.06956 -40.8584  1.08097
 1.06971 -40.8505  1.08097
 1.06986 -40.8427  1.08112
 1.07001 -40.8349  1.08127
 1.07016 -40.8271  1.08142
 1.07031 -40.8193  1.08157
 1.07046 -40.8115  1.08172
 1.07061 -40.8037  1.08187
 1.07076 -40.7959  1.08202
 1.07091 -40.7881  1.08217
 1.07106 -40.7803  1.08232
 1.07121 -40.7725  1.08247
 1.07136 -40.7647  1.08262
 1.07151  -40.757  1.08277
 1.07166 -40.7492  1.08292
 1.07181 -40.7414  1.08307
 1.07196 -40.7336  1.08322
 1.07211 -40.7258  1.08322
 1.07226 -40.7181  1.08337
 1.07241 -40.7103  1.08352
 1.07256 -40.7025  1.08367
 1.07271 -40.6947  1.08382
 1.07286  -40.687  1.08397
 1.07301 -40.6792  1.08412
 1.07316 -40.6714  1.08427
 1.07331 -40.6637  1.08442
 1.07346 -40.6559  1.08457
 1.07361 -40.6482  1.08472
 1.07376 -40.6404  1.08487
 1.07391 -40.6327  1.08502
 1.07406 -40.6249  1.08517
 1.07421 -40.6172  1.08532
 1.07436 -40.6094  1.08547
 1.07451 -40.6017  1.08547
 1.07466  -40.594  1.08562
 1.07481 -40.5862  1.08577
 1.07496 -40.5785  1.08592
 1.07511 -40.5707  1.08607
 1.07526  -40.563  1.08622
 1.07541 -40.5553  1.08637
 1.07556 -40.5476  1.08652
 1.07571 -40.5398  1.08667
 1.07586 -40.5321  1.08682
 1.07601 -40.5244  1.08697
 1.07616 -40.5167  1.08712
 1.07631  -40.509  1.08727
 1.07646 -40.5013  1.08742
 1.07661 -40.4935  1.08757
 1.07676 -40.4858  1.08772
 1.07691 -40.4781  1.08772
 1.07706 -40.4704  1.08787
 1.07721 -40.4627  1.08802
 1.07736  -40.455  1.08817
 1.07751 -40.4473  1.08832
 1.07766 -40.4396  1.08847
 1.07781 -40.4319  1.08862
 1.07796 -40.4242  1.08877
 1.07811 -40.4166  1.08892
 1.07826 -40.4089  1.08907
 1.07841 -40.4012  1.08922
 1.07856 -40.3935  1.08937
 1.07871 -40.3858  1.08952
 1.07886 -40.3782  1.08967
 1.07901 -40.3705  1.08982
 1.07916 -40.3628  1.08997
 1.07931 -40.3551  1.08997
 1.07946 -40.3475  1.09012
 1.07961 -40.3398  1.09027
 1.07976 -40.3321  1.09042
 1.07991 -40.3245  1.09057
 1.08007 -40.3168  1.09072
 1.08022 -40.3092  1.09087
 1.08037 -40.3015  1.09102
 1.08052 -40.2939  1.09117
 1.08067 -40.2862  1.09132
 1.08082 -40.2786  1.09147
 1.08097 -40.2709  1.09162
 1.08112 -40.2633  1.09177
 1.08127 -40.2556  1.09192
 1.08142  -40.248  1.09207
 1.08157 -40.2403  1.09222
 1.08172 -40.2327  1.09222
 1.08187 -40.2251  1.09237
 1.08202 -40.2174  1.09252
 1.08217 -40.2098  1.09267
 1.08232 -40.2022  1.09282
 1.08247 -40.1946  1.09297
 1.08262 -40.1869  1.09312
 1.08277 -40.1793  1.09327
 1.08292 -40.1717  1.09342
 1.08307 -40.1641  1.09357
 1.08322 -40.1565  1.09372
 1.08337 -40.1489  1.09387
 1.08352 -40.1413  1.09402
 1.08367 -40.1337  1.09417
 1.08382 -40.1261  1.09432
 1.08397 -40.1184  1.09447
 1.08412 -40.1108  1.09447
 1.08427 -40.1033  1.09462
 1.08442 -40.0957  1.09477
 1.08457 -40.0881  1.09492
 1.08472 -40.0805  1.09507
 1.08487 -40.0729  1.09522
 1.08502 -40.0653  1.09537
 1.08517 -40.0577  1.09552
 1.08532 -40.0501  1.09567
 1.08547 -40.0425  1.09582
 1.08562  -40.035  1.09597
 1.08577 -40.0274  1.09612
 1.08592 -40.0198  1.09627
 1.08607 -40.0122  1.09642
 1.08622 -40.0047  1.09657
 1.08637 -39.9971  1.09672
 1.08652 -39.9895  1.09672
 1.08667  -39.982  1.09687
 1.08682 -39.9744  1.09702
 1.08697 -39.9669  1.09717
 1.08712 -39.9593  1.09732
 1.08727 -39.9518  1.09747
 1.08742 -39.9442  1.09762
 1.08757 -39.9367  1.09777
 1.08772 -39.9291  1.09792
 1.08787 -39.9216  1.09807
 1.08802  -39.914  1.09822
 1.08817 -39.9065  1.09837
 1.08832 -39.8989  1.09852
 1.08847 -39.8914  1.09867
 1.08862 -39.8839  1.09882
 1.08877 -39.8763  1.09897
 1.08892 -39.8688  1.09897
 1.08907 -39.8613  1.09912
 1.08922 -39.8538  1.09927
 1.08937 -39.8462  1.09942
 1.08952 -39.8387  1.09957
 1.08967 -39.8312  1.09972
 1.08982 -39.8237  1.09987
 1.08997 -39.8162  1.10003
 1.09012 -39.8086  1.10018
 1.09027 -39.8011  1.10033
 1.09042 -39.7936  1.10048
 1.09057 -39.7861  1.10063
 1.09072 -39.7786  1.10078
 1.09087 -39.7711  1.10093
 1.09102 -39.7636  1.10108
 1.09117 -39.7561  1.10108
 1.09132 -39.7486  1.10123
 1.09147 -39.7411  1.10138
 1.09162 -39.7336  1.10153
 1.09177 -39.7262  1.10168
 1.09192 -39.7187  1.10183
 1.09207 -39.7112  1.10198
 1.09222 -39.7037  1.10213
 1.09237 -39.6962  1.10228
 1.09252 -39.6887  1.10243
 1.09267 -39.6813  1.10258
 1.09282 -39.6738  1.10273
 1.09297 -39.6663  1.10288
 1.09312 -39.6589  1.10303
 1.09327 -39.6514  1.10303
 1.09342 -39.6439  1.10318
 1.09357 -39.6365  1.10333
 1.09372  -39.629  1.10348
 1.09387 -39.6216  1.10363
 1.09402 -39.6141  1.10378
 1.09417 -39.6066  1.10393
 1.09432 -39.5992  1.10408
 1.09447 -39.5918  1.10423
 1.09462 -39.5843  1.10438
 1.09477 -39.5769  1.10453
 1.09492 -39.5694  1.10468
 1.09507  -39.562  1.10468
 1.09522 -39.5546  1.10483
 1.09537 -39.5471  1.10498
 1.09552 -39.5397  1.10513
 1.09567 -39.5323  1.10528
 1.09582 -39.5248  1.10543
 1.09597 -39.5174  1.10558
 1.09612   -39.51  1.10573
 1.09627 -39.5026  1.10588
 1.09642 -39.4952  1.10603
 1.09657 -39.4877  1.10618
 1.09672 -39.4803  1.10633
 1.09687 -39.4729  1.10633
 1.09702 -39.4655  1.10648
 1.09717 -39.4581  1.10663
 1.09732 -39.4507  1.10678
 1.09747 -39.4433  1.10693
 1.09762 -39.4359  1.10708
 1.09777 -39.4285  1.10723
 1.09792 -39.4211  1.10738
 1.09807 -39.4137  1.10753
 1.09822 -39.4063  1.10768
 1.09837  -39.399  1.10783
 1.09852 -39.3916  1.10798
 1.09867 -39.3842  1.10813
 1.09882 -39.3768  1.10813
 1.09897 -39.3694  1.10828
 1.09912 -39.3621  1.10843
 1.09927 -39.3547  1.10858
 1.09942 -39.3473  1.10873
 1.09957 -39.3399  1.10888
 1.09972 -39.3326  1.10903
 1.09987 -39.3252  1.10918
 1.10003 -39.3179  1.10933
 1.10018 -39.3105  1.10948
 1.10033 -39.3031  1.10963
 1.10048 -39.2958  1.10978
 1.10063 -39.2884  1.10978
 1.10078 -39.2811  1.10993
 1.10093 -39.2737  1.11008
 1.10108 -39.2664  1.11023
 1.10123 -39.2591  1.11038
 1.10138 -39.2517  1.11053
 1.10153 -39.2444  1.11068
 1.10168  -39.237  1.11083
 1.10183 -39.2297  1.11098
 1.10198 -39.2224  1.11113
 1.10213 -39.2151  1.11128
 1.10228 -39.2077  1.11143
 1.10243 -39.2004  1.11143
 1.10258 -39.1931  1.11158
 1.10273 -39.1858  1.11173
 1.10288 -39.1784  1.11188
 1.10303 -39.1711  1.11203
 1.10318 -39.1638  1.11218
 1.10333 -39.1565  1.11233
 1.10348 -39.1492  1.11248
 1.10363 -39.1419  1.11263
 1.10378 -39.1346  1.11278
 1.10393 -39.1273  1.11293
 1.10408   -39.12  1.11308
 1.10423 -39.1127  1.11323
 1.10438 -39.1054  1.11323
 1.10453 -39.0981  1.11338
 1.10468 -39.0908  1.11353
 1.10483 -39.0835  1.11368
 1.10498 -39.0762  1.11383
 1.10513  -39.069  1.11398
 1.10528 -39.0617  1.11413
 1.10543 -39.0544  1.11428
 1.10558 -39.0471  1.11443
 1.10573 -39.0399  1.11458
 1.10588 -39.0326  1.11473
 1.10603 -39.0253  1.11488
 1.10618  -39.018  1.11488
 1.10633 -39.0108  1.11503
 1.10648 -39.0035  1.11518
 1.10663 -38.9963  1.11533
 1.10678  -38.989  1.11548
 1.10693 -38.9817  1.11563
 1.10708 -38.9745  1.11578
 1.10723 -38.9672  1.11593
 1.10738   -38.96  1.11608
 1.10753 -38.9527  1.11623
 1.10768 -38.9455  1.11638
 1.10783 -38.9383  1.11653
 1.10798  -38.931  1.11668
 1.10813 -38.9238  1.11668
 1.10828 -38.9165  1.11683
 1.10843 -38.9093  1.11698
 1.10858 -38.9021  1.11713
 1.10873 -38.8949  1.11728
 1.10888 -38.8876  1.11743
 1.10903 -38.8804  1.11758
 1.10918 -38.8732  1.11773
 1.10933  -38.866  1.11788
 1.10948 -38.8587  1.11803
 1.10963 -38.8515  1.11818
 1.10978 -38.8443  1.11833
 1.10993 -38.8371  1.11833
 1.11008 -38.8299  1.11848
 1.11023 -38.8227  1.11863
 1.11038 -38.8155  1.11878
 1.11053 -38.8083  1.11893
 1.11068 -38.8011  1.11908
 1.11083 -38.7939  1.11923
 1.11098 -38.7867  1.11938
 1.11113 -38.7795  1.11953
 1.11128 -38.7723  1.11968
 1.11143 -38.7651  1.11983
 1.11158 -38.7579  1.11998
 1.11173 -38.7508  1.11998
 1.11188 -38.7436  1.12014
 1.11203 -38.7364  1.12029
 1.11218 -38.7292  1.12044
 1.11233  -38.722  1.12059
 1.11248 -38.7149  1.12074
 1.11263 -38.7077  1.12089
 1.11278 -38.7005  1.12104
 1.11293 -38.6934  1.12119
 1.11308 -38.6862  1.12134
 1.11323  -38.679  1.12149
 1.11338 -38.6719  1.12164
 1.11353 -38.6647  1.12164
 1.11368 -38.6576  1.12179
 1.11383 -38.6504  1.12194
 1.11398 -38.6433  1.12209
 1.11413 -38.6361  1.12224
 1.11428  -38.629  1.12239
 1.11443 -38.6218  1.12254
 1.11458 -38.6147  1.12269
 1.11473 -38.6076  1.12284
 1.11488 -38.6004  1.12299
 1.11503 -38.5933  1.12314
 1.11518 -38.5862  1.12329
 1.11533  -38.579  1.12329
 1.11548 -38.5719  1.12344
 1.11563 -38.5648  1.12359
 1.11578 -38.5576  1.12374
 1.11593 -38.5505  1.12389
 1.11608 -38.5434  1.12404
 1.11623 -38.5363  1.12419
 1.11638 -38.5292  1.12434
 1.11653 -38.5221  1.12449
 1.11668  -38.515  1.12464
 1.11683 -38.5079  1.12464
 1.11698 -38.5008  1.12479
 1.11713 -38.4937  1.12494
 1.11728 -38.4866  1.12509
 1.11743 -38.4795  1.12524
 1.11758 -38.4724  1.12539
 1.11773 -38.4653  1.12554
 1.11788 -38.4582  1.12569
 1.11803 -38.4511  1.12584
 1.11818  -38.444  1.12599
 1.11833 -38.4369  1.12599
 1.11848 -38.4299  1.12614
 1.11863 -38.4228  1.12629
 1.11878 -38.4157  1.12644
 1.11893 -38.4086  1.12659
 1.11908 -38.4016  1.12674
 1.11923 -38.3945  1.12689
 1.11938 -38.3874  1.12704
 1.11953 -38.3804  1.12719
 1.11968 -38.3733  1.12734
 1.11983 -38.3663  1.12734
 1.11998 -38.3592  1.12749
 1.12014 -38.3521  1.12764
 1.12029 -38.3451  1.12779
 1.12044  -38.338  1.12794
 1.12059  -38.331  1.12809
 1.12074  -38.324  1.12824
 1.12089 -38.3169  1.12839
 1.12104 -38.3099  1.12839
 1.12119 -38.3029  1.12854
 1.12134 -38.2958  1.12869
 1.12149 -38.2888  1.12884
 1.12164 -38.2818  1.12899
 1.12179 -38.2748  1.12899
 1.12194 -38.2677  1.12914
 1.12209 -38.2607  1.12929
 1.12224 -38.2537  1.12944
 1.12239 -38.2467  1.12959
 1.12254 -38.2397  1.12959
 1.12269 -38.2327  1.12974
 1.12284 -38.2257  1.12989
 1.12299 -38.2187  1.13004
 1.12314 -38.2118  1.13019
 1.12329 -38.2048  1.13019
 1.12344 -38.1978  1.13034
 1.12359 -38.1908  1.13049
 1.12374 -38.1838  1.13064
 1.12389 -38.1769  1.13079
 1.12404 -38.1699  1.13079
 1.12419 -38.1629  1.13094
 1.12434  -38.156  1.13109
 1.12449  -38.149  1.13124
 1.12464 -38.1421  1.13139
 1.12479 -38.1351  1.13154
 1.12494 -38.1282  1.13154
 1.12509 -38.1212  1.13169
 1.12524 -38.1143  1.13184
 1.12539 -38.1073  1.13199
 1.12554 -38.1004  1.13214
 1.12569 -38.0935  1.13214
 1.12584 -38.0866  1.13229
 1.12599 -38.0796  1.13244
 1.12614 -38.0727  1.13259
 1.12629 -38.0658  1.13274
 1.12644 -38.0589  1.13274
 1.12659  -38.052  1.13289
 1.12674 -38.0451  1.13304
 1.12689 -38.0382  1.13319
 1.12704 -38.0313  1.13334
 1.12719 -38.0244  1.13334
 1.12734 -38.0175  1.13349
 1.12749 -38.0106  1.13364
 1.12764 -38.0037  1.13379
 1.12779 -37.9968  1.13394
 1.12794 -37.9899  1.13409
 1.12809 -37.9831  1.13409
 1.12824 -37.9762  1.13424
 1.12839 -37.9693  1.13439
 1.12854 -37.9624  1.13454
 1.12869 -37.9556  1.13469
 1.12884 -37.9487  1.13469
 1.12899 -37.9419  1.13484
 1.12914  -37.935  1.13499
 1.12929 -37.9281  1.13514
 1.12944 -37.9213  1.13529
 1.12959 -37.9145  1.13529
 1.12974 -37.9076  1.13544
 1.12989 -37.9008  1.13559
 1.13004 -37.8939  1.13574
 1.13019 -37.8871  1.13589
 1.13034 -37.8803  1.13604
 1.13049 -37.8735  1.13604
 1.13064 -37.8666  1.13619
 1.13079 -37.8598  1.13634
 1.13094  -37.853  1.13649
 1.13109 -37.8462  1.13664
 1.13124 -37.8394  1.13664
 1.13139 -37.8326  1.13679
 1.13154 -37.8258  1.13694
 1.13169  -37.819  1.13709
 1.13184 -37.8122  1.13724
 1.13199 -37.8054  1.13724
 1.13214 -37.7986  1.13739
 1.13229 -37.7918  1.13754
 1.13244  -37.785  1.13769
 1.13259 -37.7782  1.13784
 1.13274 -37.7715  1.13799
 1.13289 -37.7647  1.13799
 1.13304 -37.7579  1.13814
 1.13319 -37.7511  1.13829
 1.13334 -37.7444  1.13844
 1.13349 -37.7376  1.13859
 1.13364 -37.7309  1.13859
 1.13379 -37.7241  1.13874
 1.13394 -37.7174  1.13889
 1.13409 -37.7106  1.13904
 1.13424 -37.7039  1.13919
 1.13439 -37.6971  1.13919
 1.13454 -37.6904  1.13934
 1.13469 -37.6836  1.13949
 1.13484 -37.6769  1.13964
 1.13499 -37.6702  1.13979
 1.13514 -37.6635  1.13994
 1.13529 -37.6567  1.13994
 1.13544   -37.65   1.1401
 1.13559 -37.6433  1.14025
 1.13574 -37.6366   1.1404
 1.13589 -37.6299  1.14055
 1.13604 -37.6232  1.14055
 1.13619 -37.6165   1.1407
 1.13634 -37.6098  1.14085
 1.13649 -37.6031    1.141
 1.13664 -37.5964  1.14115
 1.13679 -37.5897   1.1413
 1.13694  -37.583   1.1413
 1.13709 -37.5763  1.14145
 1.13724 -37.5696   1.1416
 1.13739 -37.5629  1.14175
 1.13754 -37.5563   1.1419
 1.13769 -37.5496   1.1419
 1.13784 -37.5429  1.14205
 1.13799 -37.5362   1.1422
 1.13814 -37.5296  1.14235
 1.13829 -37.5229   1.1425
 1.13844 -37.5163   1.1425
 1.13859 -37.5096  1.14265
 1.13874  -37.503   1.1428
 1.13889 -37.4963  1.14295
 1.13904 -37.4897   1.1431
 1.13919  -37.483  1.14325
 1.13934 -37.4764  1.14325
 1.13949 -37.4697   1.1434
 1.13964 -37.4631  1.14355
 1.13979 -37.4565   1.1437
 1.13994 -37.4499  1.14385
  1.1401 -37.4432  1.14385
 1.14025 -37.4366    1.144
  1.1404   -37.43  1.14415
 1.14055 -37.4234   1.1443
  1.1407 -37.4168  1.14445
 1.14085 -37.4102  1.14445
   1.141 -37.4036   1.1446
 1.14115  -37.397  1.14475
  1.1413 -37.3904   1.1449
 1.14145 -37.3838  1.14505
  1.1416 -37.3772  1.14505
 1.14175 -37.3706   1.1452
  1.1419  -37.364  1.14535
 1.14205 -37.3574   1.1455
  1.1422 -37.3508  1.14565
 1.14235 -37.3443  1.14565
  1.1425 -37.3377   1.1458
 1.14265 -37.3311  1.14595
  1.1428 -37.3245   1.1461
 1.14295  -37.318  1.14625
  1.1431 -37.3114   1.1464
 1.14325 -37.3049   1.1464
  1.1434 -37.2983  1.14655
 1.14355 -37.2918   1.1467
  1.1437 -37.2852  1.14685
 1.14385 -37.2787    1.147
   1.144 -37.2721    1.147
 1.14415 -37.2656  1.14715
  1.1443 -37.2591   1.1473
 1.14445 -37.2525  1.14745
  1.1446  -37.246   1.1476
 1.14475 -37.2395   1.1476
  1.1449 -37.2329  1.14775
 1.14505 -37.2264   1.1479
  1.1452 -37.2199  1.14805
 1.14535 -37.2134   1.1482
  1.1455 -37.2069   1.1482
 1.14565 -37.2004  1.14835
  1.1458 -37.1939   1.1485
 1.14595 -37.1874  1.14865
  1.1461 -37.1809   1.1488
 1.14625 -37.1744   1.1488
  1.1464 -37.1679  1.14895
 1.14655 -37.1614   1.1491
  1.1467 -37.1549   1.1491
 1.14685 -37.1484  1.14925
   1.147  -37.142   1.1494
 1.14715 -37.1355  1.14955
  1.1473  -37.129  1.14955
 1.14745 -37.1226   1.1497
  1.1476 -37.1161  1.14985
 1.14775 -37.1097     1.15
  1.1479 -37.1032     1.15
 1.14805 -37.0968     1.15
  1.1482 -37.0903     1.15
 1.14835 -37.0839     1.15
  1.1485 -37.0775     1.15
 1.14865 -37.0711     1.15
  1.1488 -37.0647     1.15
 1.14895 -37.0584     1.15
  1.1491  -37.052     1.15
 1.14925 -37.0456     1.15
  1.1494 -37.0393     1.15
 1.14955  -37.033     1.15
  1.1497 -37.0267     1.15
 1.14985 -37.0203     1.15
    1.15  -37.014     1.15