 kgrid  ValNew  Policy 
    0.85 -71.2588 0.895173
 0.85015 -71.2464 0.895323
  0.8503  -71.234 0.895473
 0.85045 -71.2216 0.895473
  0.8506 -71.2092 0.895623
 0.85075 -71.1968 0.895773
  0.8509 -71.1844 0.895923
0.851051  -71.172 0.896073
0.851201 -71.1596 0.896223
0.851351 -71.1473 0.896373
0.851501 -71.1349 0.896523
0.851651 -71.1225 0.896673
0.851801 -71.1102 0.896823
0.851951 -71.0978 0.896973
0.852101 -71.0854 0.897124
0.852251 -71.0731 0.897124
0.852401 -71.0608 0.897274
0.852551 -71.0484 0.897424
0.852701 -71.0361 0.897574
0.852851 -71.0238 0.897724
0.853002 -71.0114 0.897874
0.853152 -70.9991 0.898024
0.853302 -70.9868 0.898174
0.853452 -70.9745 0.898324
0.853602 -70.9622 0.898474
0.853752 -70.9499 0.898624
0.853902 -70.9376 0.898774
0.854052 -70.9253 0.898774
0.854202  -70.913 0.898924
0.854352 -70.9008 0.899075
0.854502 -70.8885 0.899225
0.854652 -70.8762 0.899375
0.854802  -70.864 0.899525
0.854952 -70.8517 0.899675
0.855103 -70.8394 0.899825
0.855253 -70.8272 0.899975
0.855403 -70.8149 0.900125
0.855553 -70.8027 0.900275
0.855703 -70.7905 0.900425
0.855853 -70.7782 0.900575
0.856003  -70.766 0.900725
0.856153 -70.7538 0.900875
0.856303 -70.7416 0.900875
0.856453 -70.7293 0.901026
0.856603 -70.7171 0.901176
0.856753 -70.7049 0.901326
0.856903 -70.6927 0.901476
0.857054 -70.6805 0.901626
0.857204 -70.6683 0.901776
0.857354 -70.6562 0.901926
0.857504  -70.644 0.902076
0.857654 -70.6318 0.902226
0.857804 -70.6196 0.902376
0.857954 -70.6074 0.902526
0.858104 -70.5953 0.902676
0.858254 -70.5831 0.902826
0.858404  -70.571 0.902976
0.858554 -70.5588 0.903127
0.858704 -70.5467 0.903277
0.858854 -70.5345 0.903277
0.859005 -70.5224 0.903427
0.859155 -70.5103 0.903577
0.859305 -70.4981 0.903727
0.859455  -70.486 0.903877
0.859605 -70.4739 0.904027
0.859755 -70.4618 0.904177
0.859905 -70.4497 0.904327
0.860055 -70.4375 0.904477
0.860205 -70.4254 0.904627
0.860355 -70.4133 0.904777
0.860505 -70.4012 0.904927
0.860655 -70.3892 0.905078
0.860805 -70.3771 0.905228
0.860955  -70.365 0.905378
0.861106 -70.3529 0.905528
0.861256 -70.3408 0.905528
0.861406 -70.3288 0.905678
0.861556 -70.3167 0.905828
0.861706 -70.3047 0.905978
0.861856 -70.2926 0.906128
0.862006 -70.2805 0.906278
0.862156 -70.2685 0.906428
0.862306 -70.2565 0.906578
0.862456 -70.2444 0.906728
0.862606 -70.2324 0.906878
0.862756 -70.2204 0.907029
0.862906 -70.2083 0.907179
0.863057 -70.1963 0.907329
0.863207 -70.1843 0.907479
0.863357 -70.1723 0.907629
0.863507 -70.1603 0.907779
0.863657 -70.1483 0.907929
0.863807 -70.1363 0.907929
0.863957 -70.1243 0.908079
0.864107 -70.1123 0.908229
0.864257 -70.1003 0.908379
0.864407 -70.0883 0.908529
0.864557 -70.0764 0.908679
0.864707 -70.0644 0.908829
0.864857 -70.0524 0.908979
0.865008 -70.0404  0.90913
0.865158 -70.0285  0.90928
0.865308 -70.0165  0.90943
0.865458 -70.0046  0.90958
0.865608 -69.9926  0.90973
0.865758 -69.9807  0.90988
0.865908 -69.9688  0.91003
0.866058 -69.9568  0.91018
0.866208 -69.9449  0.91033
0.866358  -69.933  0.91033
0.866508  -69.921  0.91048
0.866658 -69.9091  0.91063
0.866808 -69.8972  0.91078
0.866958 -69.8853  0.91093
0.867109 -69.8734 0.911081
0.867259 -69.8615 0.911231
0.867409 -69.8496 0.911381
0.867559 -69.8377 0.911531
0.867709 -69.8258 0.911681
0.867859 -69.8139 0.911831
0.868009 -69.8021 0.911981
0.868159 -69.7902 0.912131
0.868309 -69.7783 0.912281
0.868459 -69.7664 0.912431
0.868609 -69.7546 0.912581
0.868759 -69.7427 0.912731
0.868909 -69.7309 0.912881
 0.86906  -69.719 0.912881
 0.86921 -69.7072 0.913032
 0.86936 -69.6953 0.913182
 0.86951 -69.6835 0.913332
 0.86966 -69.6716 0.913482
 0.86981 -69.6598 0.913632
 0.86996  -69.648 0.913782
 0.87011 -69.6362 0.913932
 0.87026 -69.6243 0.914082
 0.87041 -69.6125 0.914232
 0.87056 -69.6007 0.914382
 0.87071 -69.5889 0.914532
 0.87086 -69.5771 0.914682
0.871011 -69.5653 0.914832
0.871161 -69.5535 0.914982
0.871311 -69.5417 0.915133
0.871461 -69.5299 0.915283
0.871611 -69.5182 0.915433
0.871761 -69.5064 0.915583
0.871911 -69.4946 0.915583
0.872061 -69.4828 0.915733
0.872211 -69.4711 0.915883
0.872361 -69.4593 0.916033
0.872511 -69.4476 0.916183
0.872661 -69.4358 0.916333
0.872811 -69.4241 0.916483
0.872961 -69.4123 0.916633
0.873112 -69.4006 0.916783
0.873262 -69.3888 0.916933
0.873412 -69.3771 0.917084
0.873562 -69.3654 0.917234
0.873712 -69.3536 0.917384
0.873862 -69.3419 0.917534
0.874012 -69.3302 0.917684
0.874162 -69.3185 0.917834
0.874312 -69.3068 0.917984
0.874462 -69.2951 0.918134
0.874612 -69.2834 0.918284
0.874762 -69.2717 0.918434
0.874912   -69.26 0.918434
0.875063 -69.2483 0.918584
0.875213 -69.2366 0.918734
0.875363 -69.2249 0.918884
0.875513 -69.2132 0.919035
0.875663 -69.2016 0.919185
0.875813 -69.1899 0.919335
0.875963 -69.1782 0.919485
0.876113 -69.1666 0.919635
0.876263 -69.1549 0.919785
0.876413 -69.1433 0.919935
0.876563 -69.1316 0.920085
0.876713   -69.12 0.920235
0.876863 -69.1083 0.920385
0.877014 -69.0967 0.920535
0.877164  -69.085 0.920685
0.877314 -69.0734 0.920835
0.877464 -69.0618 0.920985
0.877614 -69.0502 0.921136
0.877764 -69.0385 0.921286
0.877914 -69.0269 0.921286
0.878064 -69.0153 0.921436
0.878214 -69.0037 0.921586
0.878364 -68.9921 0.921736
0.878514 -68.9805 0.921886
0.878664 -68.9689 0.922036
0.878814 -68.9573 0.922186
0.878964 -68.9457 0.922336
0.879115 -68.9342 0.922486
0.879265 -68.9226 0.922636
0.879415  -68.911 0.922786
0.879565 -68.8994 0.922936
0.879715 -68.8879 0.923087
0.879865 -68.8763 0.923237
0.880015 -68.8647 0.923387
0.880165 -68.8532 0.923537
0.880315 -68.8416 0.923687
0.880465 -68.8301 0.923837
0.880615 -68.8185 0.923987
0.880765  -68.807 0.924137
0.880915 -68.7955 0.924137
0.881066 -68.7839 0.924287
0.881216 -68.7724 0.924437
0.881366 -68.7609 0.924587
0.881516 -68.7493 0.924737
0.881666 -68.7378 0.924887
0.881816 -68.7263 0.925038
0.881966 -68.7148 0.925188
0.882116 -68.7033 0.925338
0.882266 -68.6918 0.925488
0.882416 -68.6803 0.925638
0.882566 -68.6688 0.925788
0.882716 -68.6573 0.925938
0.882866 -68.6458 0.926088
0.883017 -68.6343 0.926238
0.883167 -68.6229 0.926388
0.883317 -68.6114 0.926538
0.883467 -68.5999 0.926688
0.883617 -68.5884 0.926838
0.883767  -68.577 0.926988
0.883917 -68.5655 0.927139
0.884067 -68.5541 0.927289
0.884217 -68.5426 0.927289
0.884367 -68.5312 0.927439
0.884517 -68.5197 0.927589
0.884667 -68.5083 0.927739
0.884817 -68.4968 0.927889
0.884967 -68.4854 0.928039
0.885118  -68.474 0.928189
0.885268 -68.4625 0.928339
0.885418 -68.4511 0.928489
0.885568 -68.4397 0.928639
0.885718 -68.4283 0.928789
0.885868 -68.4169 0.928939
0.886018 -68.4055  0.92909
0.886168 -68.3941  0.92924
0.886318 -68.3827  0.92939
0.886468 -68.3713  0.92954
0.886618 -68.3599  0.92969
0.886768 -68.3485  0.92984
0.886918 -68.3371  0.92999
0.887069 -68.3257  0.93014
0.887219 -68.3143  0.93029
0.887369  -68.303  0.93029
0.887519 -68.2916  0.93044
0.887669 -68.2802  0.93059
0.887819 -68.2688  0.93074
0.887969 -68.2575  0.93089
0.888119 -68.2461 0.931041
0.888269 -68.2348 0.931191
0.888419 -68.2234 0.931341
0.888569 -68.2121 0.931491
0.888719 -68.2007 0.931641
0.888869 -68.1894 0.931791
 0.88902 -68.1781 0.931941
 0.88917 -68.1667 0.932091
 0.88932 -68.1554 0.932241
 0.88947 -68.1441 0.932391
 0.88962 -68.1328 0.932541
 0.88977 -68.1215 0.932691
 0.88992 -68.1101 0.932841
 0.89007 -68.0988 0.932991
 0.89022 -68.0875 0.933142
 0.89037 -68.0762 0.933292
 0.89052 -68.0649 0.933442
 0.89067 -68.0536 0.933592
 0.89082 -68.0424 0.933592
 0.89097 -68.0311 0.933742
0.891121 -68.0198 0.933892
0.891271 -68.0085 0.934042
0.891421 -67.9972 0.934192
0.891571  -67.986 0.934342
0.891721 -67.9747 0.934492
0.891871 -67.9634 0.934642
0.892021 -67.9522 0.934792
0.892171 -67.9409 0.934942
0.892321 -67.9296 0.935093
0.892471 -67.9184 0.935243
0.892621 -67.9071 0.935393
0.892771 -67.8959 0.935543
0.892921 -67.8847 0.935693
0.893072 -67.8734 0.935843
0.893222 -67.8622 0.935993
0.893372  -67.851 0.936143
0.893522 -67.8397 0.936293
0.893672 -67.8285 0.936443
0.893822 -67.8173 0.936593
0.893972 -67.8061 0.936743
0.894122 -67.7949 0.936893
0.894272 -67.7837 0.936893
0.894422 -67.7725 0.937044
0.894572 -67.7613 0.937194
0.894722 -67.7501 0.937344
0.894872 -67.7389 0.937494
0.895023 -67.7277 0.937644
0.895173 -67.7165 0.937794
0.895323 -67.7053 0.937944
0.895473 -67.6941 0.938094
0.895623  -67.683 0.938244
0.895773 -67.6718 0.938394
0.895923 -67.6606 0.938544
0.896073 -67.6495 0.938694
0.896223 -67.6383 0.938844
0.896373 -67.6271 0.938994
0.896523  -67.616 0.939145
0.896673 -67.6048 0.939295
0.896823 -67.5937 0.939445
0.896973 -67.5825 0.939595
0.897124 -67.5714 0.939745
0.897274 -67.5603 0.939895
0.897424 -67.5491 0.940045
0.897574  -67.538 0.940195
0.897724 -67.5269 0.940345
0.897874 -67.5157 0.940495
0.898024 -67.5046 0.940495
0.898174 -67.4935 0.940645
0.898324 -67.4824 0.940795
0.898474 -67.4713 0.940945
0.898624 -67.4602 0.941096
0.898774 -67.4491 0.941246
0.898924  -67.438 0.941396
0.899075 -67.4269 0.941546
0.899225 -67.4158 0.941696
0.899375 -67.4047 0.941846
0.899525 -67.3936 0.941996
0.899675 -67.3825 0.942146
0.899825 -67.3715 0.942296
0.899975 -67.3604 0.942446
0.900125 -67.3493 0.942596
0.900275 -67.3383 0.942746
0.900425 -67.3272 0.942896
0.900575 -67.3161 0.943047
0.900725 -67.3051 0.943197
0.900875  -67.294 0.943347
0.901026  -67.283 0.943497
0.901176 -67.2719 0.943647
0.901326 -67.2609 0.943797
0.901476 -67.2498 0.943947
0.901626 -67.2388 0.943947
0.901776 -67.2278 0.944097
0.901926 -67.2167 0.944247
0.902076 -67.2057 0.944397
0.902226 -67.1947 0.944547
0.902376 -67.1837 0.944697
0.902526 -67.1727 0.944847
0.902676 -67.1616 0.944997
0.902826 -67.1506 0.945148
0.902976 -67.1396 0.945298
0.903127 -67.1286 0.945448
0.903277 -67.1176 0.945598
0.903427 -67.1066 0.945748
0.903577 -67.0956 0.945898
0.903727 -67.0847 0.946048
0.903877 -67.0737 0.946198
0.904027 -67.0627 0.946348
0.904177 -67.0517 0.946498
0.904327 -67.0407 0.946648
0.904477 -67.0298 0.946798
0.904627 -67.0188 0.946948
0.904777 -67.0078 0.947099
0.904927 -66.9969 0.947249
0.905078 -66.9859 0.947399
0.905228  -66.975 0.947549
0.905378  -66.964 0.947699
0.905528 -66.9531 0.947699
0.905678 -66.9421 0.947849
0.905828 -66.9312 0.947999
0.905978 -66.9202 0.948149
0.906128 -66.9093 0.948299
0.906278 -66.8984 0.948449
0.906428 -66.8875 0.948599
0.906578 -66.8765 0.948749
0.906728 -66.8656 0.948899
0.906878 -66.8547  0.94905
0.907029 -66.8438   0.9492
0.907179 -66.8329  0.94935
0.907329  -66.822   0.9495
0.907479 -66.8111  0.94965
0.907629 -66.8002   0.9498
0.907779 -66.7893  0.94995
0.907929 -66.7784   0.9501
0.908079 -66.7675  0.95025
0.908229 -66.7566   0.9504
0.908379 -66.7457  0.95055
0.908529 -66.7348   0.9507
0.908679  -66.724  0.95085
0.908829 -66.7131 0.951001
0.908979 -66.7022 0.951151
 0.90913 -66.6913 0.951301
 0.90928 -66.6805 0.951451
 0.90943 -66.6696 0.951451
 0.90958 -66.6588 0.951601
 0.90973 -66.6479 0.951751
 0.90988 -66.6371 0.951901
 0.91003 -66.6262 0.952051
 0.91018 -66.6154 0.952201
 0.91033 -66.6045 0.952351
 0.91048 -66.5937 0.952501
 0.91063 -66.5829 0.952651
 0.91078  -66.572 0.952801
 0.91093 -66.5612 0.952951
0.911081 -66.5504 0.953102
0.911231 -66.5396 0.953252
0.911381 -66.5287 0.953402
0.911531 -66.5179 0.953552
0.911681 -66.5071 0.953702
0.911831 -66.4963 0.953852
0.911981 -66.4855 0.954002
0.912131 -66.4747 0.954152
0.912281 -66.4639 0.954302
0.912431 -66.4531 0.954452
0.912581 -66.4423 0.954602
0.912731 -66.4315 0.954752
0.912881 -66.4208 0.954902
0.913032   -66.41 0.955053
0.913182 -66.3992 0.955203
0.913332 -66.3884 0.955203
0.913482 -66.3777 0.955353
0.913632 -66.3669 0.955503
0.913782 -66.3561 0.955653
0.913932 -66.3454 0.955803
0.914082 -66.3346 0.955953
0.914232 -66.3238 0.956103
0.914382 -66.3131 0.956253
0.914532 -66.3023 0.956403
0.914682 -66.2916 0.956553
0.914832 -66.2809 0.956703
0.914982 -66.2701 0.956853
0.915133 -66.2594 0.957004
0.915283 -66.2487 0.957154
0.915433 -66.2379 0.957304
0.915583 -66.2272 0.957454
0.915733 -66.2165 0.957604
0.915883 -66.2058 0.957754
0.916033  -66.195 0.957904
0.916183 -66.1843 0.958054
0.916333 -66.1736 0.958204
0.916483 -66.1629 0.958354
0.916633 -66.1522 0.958504
0.916783 -66.1415 0.958654
0.916933 -66.1308 0.958804
0.917084 -66.1201 0.958954
0.917234 -66.1094 0.958954
0.917384 -66.0988 0.959105
0.917534 -66.0881 0.959255
0.917684 -66.0774 0.959405
0.917834 -66.0667 0.959555
0.917984  -66.056 0.959705
0.918134 -66.0454 0.959855
0.918284 -66.0347 0.960005
0.918434  -66.024 0.960155
0.918584 -66.0134 0.960305
0.918734 -66.0027 0.960455
0.918884 -65.9921 0.960605
0.919035 -65.9814 0.960755
0.919185 -65.9708 0.960905
0.919335 -65.9601 0.961056
0.919485 -65.9495 0.961206
0.919635 -65.9388 0.961356
0.919785 -65.9282 0.961506
0.919935 -65.9176 0.961656
0.920085  -65.907 0.961806
0.920235 -65.8963 0.961956
0.920385 -65.8857 0.962106
0.920535 -65.8751 0.962256
0.920685 -65.8645 0.962406
0.920835 -65.8539 0.962556
0.920985 -65.8433 0.962706
0.921136 -65.8326 0.962856
0.921286  -65.822 0.962856
0.921436 -65.8114 0.963007
0.921586 -65.8008 0.963157
0.921736 -65.7903 0.963307
0.921886 -65.7797 0.963457
0.922036 -65.7691 0.963607
0.922186 -65.7585 0.963757
0.922336 -65.7479 0.963907
0.922486 -65.7373 0.964057
0.922636 -65.7268 0.964207
0.922786 -65.7162 0.964357
0.922936 -65.7056 0.964507
0.923087 -65.6951 0.964657
0.923237 -65.6845 0.964807
0.923387 -65.6739 0.964957
0.923537 -65.6634 0.965108
0.923687 -65.6528 0.965258
0.923837 -65.6423 0.965408
0.923987 -65.6317 0.965558
0.924137 -65.6212 0.965708
0.924287 -65.6106 0.965858
0.924437 -65.6001 0.966008
0.924587 -65.5896 0.966158
0.924737 -65.5791 0.966308
0.924887 -65.5685 0.966458
0.925038  -65.558 0.966608
0.925188 -65.5475 0.966758
0.925338  -65.537 0.966908
0.925488 -65.5264 0.966908
0.925638 -65.5159 0.967059
0.925788 -65.5054 0.967209
0.925938 -65.4949 0.967359
0.926088 -65.4844 0.967509
0.926238 -65.4739 0.967659
0.926388 -65.4634 0.967809
0.926538 -65.4529 0.967959
0.926688 -65.4424 0.968109
0.926838  -65.432 0.968259
0.926988 -65.4215 0.968409
0.927139  -65.411 0.968559
0.927289 -65.4005 0.968709
0.927439   -65.39 0.968859
0.927589 -65.3796  0.96901
0.927739 -65.3691  0.96916
0.927889 -65.3586  0.96931
0.928039 -65.3482  0.96946
0.928189 -65.3377  0.96961
0.928339 -65.3273  0.96976
0.928489 -65.3168  0.96991
0.928639 -65.3064  0.97006
0.928789 -65.2959  0.97021
0.928939 -65.2855  0.97036
 0.92909  -65.275  0.97051
 0.92924 -65.2646  0.97066
 0.92939 -65.2542  0.97081
 0.92954 -65.2437  0.97096
 0.92969 -65.2333  0.97096
 0.92984 -65.2229 0.971111
 0.92999 -65.2125 0.971261
 0.93014  -65.202 0.971411
 0.93029 -65.1916 0.971561
 0.93044 -65.1812 0.971711
 0.93059 -65.1708 0.971861
 0.93074 -65.1604 0.972011
 0.93089   -65.15 0.972161
0.931041 -65.1396 0.972311
0.931191 -65.1292 0.972461
0.931341 -65.1188 0.972611
0.931491 -65.1084 0.972761
0.931641  -65.098 0.972911
0.931791 -65.0876 0.973062
0.931941 -65.0773 0.973212
0.932091 -65.0669 0.973362
0.932241 -65.0565 0.973512
0.932391 -65.0461 0.973662
0.932541 -65.0358 0.973812
0.932691 -65.0254 0.973962
0.932841  -65.015 0.974112
0.932991 -65.0047 0.974262
0.933142 -64.9943 0.974412
0.933292  -64.984 0.974562
0.933442 -64.9736 0.974712
0.933592 -64.9633 0.974862
0.933742 -64.9529 0.975013
0.933892 -64.9426 0.975013
0.934042 -64.9322 0.975163
0.934192 -64.9219 0.975313
0.934342 -64.9116 0.975463
0.934492 -64.9012 0.975613
0.934642 -64.8909 0.975763
0.934792 -64.8806 0.975913
0.934942 -64.8703 0.976063
0.935093   -64.86 0.976213
0.935243 -64.8496 0.976363
0.935393 -64.8393 0.976513
0.935543  -64.829 0.976663
0.935693 -64.8187 0.976813
0.935843 -64.8084 0.976963
0.935993 -64.7981 0.977114
0.936143 -64.7878 0.977264
0.936293 -64.7775 0.977414
0.936443 -64.7672 0.977564
0.936593  -64.757 0.977714
0.936743 -64.7467 0.977864
0.936893 -64.7364 0.978014
0.937044 -64.7261 0.978164
0.937194 -64.7158 0.978314
0.937344 -64.7056 0.978464
0.937494 -64.6953 0.978614
0.937644  -64.685 0.978764
0.937794 -64.6748 0.978914
0.937944 -64.6645 0.979065
0.938094 -64.6542 0.979065
0.938244  -64.644 0.979215
0.938394 -64.6337 0.979365
0.938544 -64.6235 0.979515
0.938694 -64.6132 0.979665
0.938844  -64.603 0.979815
0.938994 -64.5928 0.979965
0.939145 -64.5825 0.980115
0.939295 -64.5723 0.980265
0.939445 -64.5621 0.980415
0.939595 -64.5518 0.980565
0.939745 -64.5416 0.980715
0.939895 -64.5314 0.980865
0.940045 -64.5212 0.981016
0.940195  -64.511 0.981166
0.940345 -64.5007 0.981316
0.940495 -64.4905 0.981466
0.940645 -64.4803 0.981616
0.940795 -64.4701 0.981766
0.940945 -64.4599 0.981916
0.941096 -64.4497 0.982066
0.941246 -64.4395 0.982216
0.941396 -64.4293 0.982366
0.941546 -64.4192 0.982516
0.941696  -64.409 0.982666
0.941846 -64.3988 0.982816
0.941996 -64.3886 0.982966
0.942146 -64.3784 0.983117
0.942296 -64.3683 0.983117
0.942446 -64.3581 0.983267
0.942596 -64.3479 0.983417
0.942746 -64.3378 0.983567
0.942896 -64.3276 0.983717
0.943047 -64.3174 0.983867
0.943197 -64.3073 0.984017
0.943347 -64.2971 0.984167
0.943497  -64.287 0.984317
0.943647 -64.2768 0.984467
0.943797 -64.2667 0.984617
0.943947 -64.2565 0.984767
0.944097 -64.2464 0.984917
0.944247 -64.2363 0.985068
0.944397 -64.2261 0.985218
0.944547  -64.216 0.985368
0.944697 -64.2059 0.985518
0.944847 -64.1958 0.985668
0.944997 -64.1856 0.985818
0.945148 -64.1755 0.985968
0.945298 -64.1654 0.986118
0.945448 -64.1553 0.986268
0.945598 -64.1452 0.986418
0.945748 -64.1351 0.986568
0.945898  -64.125 0.986718
0.946048 -64.1149 0.986868
0.946198 -64.1048 0.987019
0.946348 -64.0947 0.987169
0.946498 -64.0846 0.987319
0.946648 -64.0745 0.987319
0.946798 -64.0644 0.987469
0.946948 -64.0543 0.987619
0.947099 -64.0443 0.987769
0.947249 -64.0342 0.987919
0.947399 -64.0241 0.988069
0.947549  -64.014 0.988219
0.947699  -64.004 0.988369
0.947849 -63.9939 0.988519
0.947999 -63.9838 0.988669
0.948149 -63.9738 0.988819
0.948299 -63.9637 0.988969
0.948449 -63.9537  0.98912
0.948599 -63.9436  0.98927
0.948749 -63.9336  0.98942
0.948899 -63.9235  0.98957
 0.94905 -63.9135  0.98972
  0.9492 -63.9034  0.98987
 0.94935 -63.8934  0.99002
  0.9495 -63.8834  0.99017
 0.94965 -63.8733  0.99032
  0.9498 -63.8633  0.99047
 0.94995 -63.8533  0.99062
  0.9501 -63.8433  0.99077
 0.95025 -63.8333  0.99092
  0.9504 -63.8232 0.991071
 0.95055 -63.8132 0.991221
  0.9507 -63.8032 0.991371
 0.95085 -63.7932 0.991521
0.951001 -63.7832 0.991521
0.951151 -63.7732 0.991671
0.951301 -63.7632 0.991821
0.951451 -63.7532 0.991971
0.951601 -63.7432 0.992121
0.951751 -63.7332 0.992271
0.951901 -63.7232 0.992421
0.952051 -63.7133 0.992571
0.952201 -63.7033 0.992721
0.952351 -63.6933 0.992871
0.952501 -63.6833 0.993022
0.952651 -63.6733 0.993172
0.952801 -63.6634 0.993322
0.952951 -63.6534 0.993472
0.953102 -63.6434 0.993622
0.953252 -63.6335 0.993772
0.953402 -63.6235 0.993922
0.953552 -63.6136 0.994072
0.953702 -63.6036 0.994222
0.953852 -63.5937 0.994372
0.954002 -63.5837 0.994522
0.954152 -63.5738 0.994672
0.954302 -63.5638 0.994822
0.954452 -63.5539 0.994972
0.954602  -63.544 0.995123
0.954752  -63.534 0.995273
0.954902 -63.5241 0.995423
0.955053 -63.5142 0.995573
0.955203 -63.5042 0.995573
0.955353 -63.4943 0.995723
0.955503 -63.4844 0.995873
0.955653 -63.4745 0.996023
0.955803 -63.4646 0.996173
0.955953 -63.4547 0.996323
0.956103 -63.4448 0.996473
0.956253 -63.4349 0.996623
0.956403  -63.425 0.996773
0.956553 -63.4151 0.996923
0.956703 -63.4052 0.997074
0.956853 -63.3953 0.997224
0.957004 -63.3854 0.997374
0.957154 -63.3755 0.997524
0.957304 -63.3656 0.997674
0.957454 -63.3557 0.997824
0.957604 -63.3458 0.997974
0.957754  -63.336 0.998124
0.957904 -63.3261 0.998274
0.958054 -63.3162 0.998424
0.958204 -63.3064 0.998574
0.958354 -63.2965 0.998724
0.958504 -63.2866 0.998874
0.958654 -63.2768 0.999025
0.958804 -63.2669 0.999175
0.958954 -63.2571 0.999325
0.959105 -63.2472 0.999475
0.959255 -63.2374 0.999625
0.959405 -63.2275 0.999775
0.959555 -63.2177 0.999775
0.959705 -63.2078 0.999925
0.959855  -63.198  1.00008
0.960005 -63.1882  1.00023
0.960155 -63.1783  1.00038
0.960305 -63.1685  1.00053
0.960455 -63.1587  1.00068
0.960605 -63.1489  1.00083
0.960755  -63.139  1.00098
0.960905 -63.1292  1.00113
0.961056 -63.1194  1.00128
0.961206 -63.1096  1.00143
0.961356 -63.0998  1.00158
0.961506   -63.09  1.00173
0.961656 -63.0802  1.00188
0.961806 -63.0704  1.00203
0.961956 -63.0606  1.00218
0.962106 -63.0508  1.00233
0.962256  -63.041  1.00248
0.962406 -63.0312  1.00263
0.962556 -63.0214  1.00278
0.962706 -63.0116  1.00293
0.962856 -63.0019  1.00308
0.963007 -62.9921  1.00323
0.963157 -62.9823  1.00338
0.963307 -62.9725  1.00353
0.963457 -62.9628  1.00368
0.963607  -62.953  1.00383
0.963757 -62.9432  1.00383
0.963907 -62.9335  1.00398
0.964057 -62.9237  1.00413
0.964207  -62.914  1.00428
0.964357 -62.9042  1.00443
0.964507 -62.8945  1.00458
0.964657 -62.8847  1.00473
0.964807  -62.875  1.00488
0.964957 -62.8652  1.00503
0.965108 -62.8555  1.00518
0.965258 -62.8458  1.00533
0.965408  -62.836  1.00548
0.965558 -62.8263  1.00563
0.965708 -62.8166  1.00578
0.965858 -62.8068  1.00593
0.966008 -62.7971  1.00608
0.966158 -62.7874  1.00623
0.966308 -62.7777  1.00638
0.966458  -62.768  1.00653
0.966608 -62.7583  1.00668
0.966758 -62.7485  1.00683
0.966908 -62.7388  1.00698
0.967059 -62.7291  1.00713
0.967209 -62.7194  1.00728
0.967359 -62.7097  1.00743
0.967509    -62.7  1.00758
0.967659 -62.6904  1.00773
0.967809 -62.6807  1.00788
0.967959  -62.671  1.00803
0.968109 -62.6613  1.00803
0.968259 -62.6516  1.00818
0.968409 -62.6419  1.00833
0.968559 -62.6323  1.00848
0.968709 -62.6226  1.00863
0.968859 -62.6129  1.00878
 0.96901 -62.6032  1.00893
 0.96916 -62.5936  1.00908
 0.96931 -62.5839  1.00923
 0.96946 -62.5743  1.00938
 0.96961 -62.5646  1.00953
 0.96976  -62.555  1.00968
 0.96991 -62.5453  1.00983
 0.97006 -62.5357  1.00998
 0.97021  -62.526  1.01013
 0.97036 -62.5164  1.01028
 0.97051 -62.5067  1.01043
 0.97066 -62.4971  1.01058
 0.97081 -62.4875  1.01073
 0.97096 -62.4778  1.01088
0.971111 -62.4682  1.01103
0.971261 -62.4586  1.01118
0.971411 -62.4489  1.01133
0.971561 -62.4393  1.01148
0.971711 -62.4297  1.01163
0.971861 -62.4201  1.01178
0.972011 -62.4105  1.01193
0.972161 -62.4009  1.01208
0.972311 -62.3913  1.01208
0.972461 -62.3817  1.01223
0.972611 -62.3721  1.01238
0.972761 -62.3625  1.01253
0.972911 -62.3529  1.01268
0.973062 -62.3433  1.01283
0.973212 -62.3337  1.01298
0.973362 -62.3241  1.01313
0.973512 -62.3145  1.01328
0.973662 -62.3049  1.01343
0.973812 -62.2953  1.01358
0.973962 -62.2858  1.01373
0.974112 -62.2762  1.01388
0.974262 -62.2666  1.01403
0.974412  -62.257  1.01418
0.974562 -62.2475  1.01433
0.974712 -62.2379  1.01448
0.974862 -62.2284  1.01463
0.975013 -62.2188  1.01478
0.975163 -62.2092  1.01493
0.975313 -62.1997  1.01508
0.975463 -62.1901  1.01523
0.975613 -62.1806  1.01538
0.975763  -62.171  1.01553
0.975913 -62.1615  1.01568
0.976063  -62.152  1.01583
0.976213 -62.1424  1.01598
0.976363 -62.1329  1.01613
0.976513 -62.1234  1.01613
0.976663 -62.1138  1.01628
0.976813 -62.1043  1.01643
0.976963 -62.0948  1.01658
0.977114 -62.0853  1.01673
0.977264 -62.0757  1.01688
0.977414 -62.0662  1.01703
0.977564 -62.0567  1.01718
0.977714 -62.0472  1.01733
0.977864 -62.0377  1.01748
0.978014 -62.0282  1.01763
0.978164 -62.0187  1.01778
0.978314 -62.0092  1.01793
0.978464 -61.9997  1.01808
0.978614 -61.9902  1.01823
0.978764 -61.9807  1.01838
0.978914 -61.9712  1.01853
0.979065 -61.9617  1.01868
0.979215 -61.9522  1.01883
0.979365 -61.9428  1.01898
0.979515 -61.9333  1.01913
0.979665 -61.9238  1.01928
0.979815 -61.9143  1.01943
0.979965 -61.9049  1.01958
0.980115 -61.8954  1.01973
0.980265 -61.8859  1.01988
0.980415 -61.8765  1.02004
0.980565  -61.867  1.02019
0.980715 -61.8576  1.02019
0.980865 -61.8481  1.02034
0.981016 -61.8387  1.02049
0.981166 -61.8292  1.02064
0.981316 -61.8198  1.02079
0.981466 -61.8103  1.02094
0.981616 -61.8009  1.02109
0.981766 -61.7914  1.02124
0.981916  -61.782  1.02139
0.982066 -61.7726  1.02154
0.982216 -61.7631  1.02169
0.982366 -61.7537  1.02184
0.982516 -61.7443  1.02199
0.982666 -61.7349  1.02214
0.982816 -61.7254  1.02229
0.982966  -61.716  1.02244
0.983117 -61.7066  1.02259
0.983267 -61.6972  1.02274
0.983417 -61.6878  1.02289
0.983567 -61.6784  1.02304
0.983717  -61.669  1.02319
0.983867 -61.6596  1.02334
0.984017 -61.6502  1.02349
0.984167 -61.6408  1.02364
0.984317 -61.6314  1.02379
0.984467  -61.622  1.02394
0.984617 -61.6126  1.02409
0.984767 -61.6032  1.02409
0.984917 -61.5939  1.02424
0.985068 -61.5845  1.02439
0.985218 -61.5751  1.02454
0.985368 -61.5657  1.02469
0.985518 -61.5564  1.02484
0.985668  -61.547  1.02499
0.985818 -61.5376  1.02514
0.985968 -61.5283  1.02529
0.986118 -61.5189  1.02544
0.986268 -61.5095  1.02559
0.986418 -61.5002  1.02574
0.986568 -61.4908  1.02589
0.986718 -61.4815  1.02604
0.986868 -61.4721  1.02619
0.987019 -61.4628  1.02634
0.987169 -61.4534  1.02649
0.987319 -61.4441  1.02664
0.987469 -61.4348  1.02679
0.987619 -61.4254  1.02694
0.987769 -61.4161  1.02709
0.987919 -61.4068  1.02724
0.988069 -61.3974  1.02739
0.988219 -61.3881  1.02754
0.988369 -61.3788  1.02769
0.988519 -61.3695  1.02784
0.988669 -61.3602  1.02799
0.988819 -61.3508  1.02799
0.988969 -61.3415  1.02814
 0.98912 -61.3322  1.02829
 0.98927 -61.3229  1.02844
 0.98942 -61.3136  1.02859
 0.98957 -61.3043  1.02874
 0.98972  -61.295  1.02889
 0.98987 -61.2857  1.02904
 0.99002 -61.2764  1.02919
 0.99017 -61.2671  1.02934
 0.99032 -61.2578  1.02949
 0.99047 -61.2486  1.02964
 0.99062 -61.2393  1.02979
 0.99077   -61.23  1.02994
 0.99092 -61.2207  1.03009
0.991071 -61.2114  1.03024
0.991221 -61.2022  1.03039
0.991371 -61.1929  1.03054
0.991521 -61.1836  1.03069
0.991671 -61.1744  1.03084
0.991821 -61.1651  1.03099
0.991971 -61.1558  1.03114
0.992121 -61.1466  1.03129
0.992271 -61.1373  1.03144
0.992421 -61.1281  1.03159
0.992571 -61.1188  1.03174
0.992721 -61.1096  1.03189
0.992871 -61.1003  1.03189
0.993022 -61.0911  1.03204
0.993172 -61.0819  1.03219
0.993322 -61.0726  1.03234
0.993472 -61.0634  1.03249
0.993622 -61.0542  1.03264
0.993772 -61.0449  1.03279
0.993922 -61.0357  1.03294
0.994072 -61.0265  1.03309
0.994222 -61.0173  1.03324
0.994372  -61.008  1.03339
0.994522 -60.9988  1.03354
0.994672 -60.9896  1.03369
0.994822 -60.9804  1.03384
0.994972 -60.9712  1.03399
0.995123  -60.962  1.03414
0.995273 -60.9528  1.03429
0.995423 -60.9436  1.03444
0.995573 -60.9344  1.03459
0.995723 -60.9252  1.03474
0.995873  -60.916  1.03489
0.996023 -60.9068  1.03504
0.996173 -60.8976  1.03519
0.996323 -60.8885  1.03534
0.996473 -60.8793  1.03549
0.996623 -60.8701  1.03564
0.996773 -60.8609  1.03579
0.996923 -60.8517  1.03579
0.997074 -60.8426  1.03594
0.997224 -60.8334  1.03609
0.997374 -60.8242  1.03624
0.997524 -60.8151  1.03639
0.997674 -60.8059  1.03654
0.997824 -60.7967  1.03669
0.997974 -60.7876  1.03684
0.998124 -60.7784  1.03699
0.998274 -60.7693  1.03714
0.998424 -60.7601  1.03729
0.998574  -60.751  1.03744
0.998724 -60.7419  1.03759
0.998874 -60.7327  1.03774
0.999025 -60.7236  1.03789
0.999175 -60.7144  1.03804
0.999325 -60.7053  1.03819
0.999475 -60.6962  1.03834
0.999625  -60.687  1.03849
0.999775 -60.6779  1.03864
0.999925 -60.6688  1.03879
 1.00008 -60.6597  1.03894
 1.00023 -60.6506  1.03909
 1.00038 -60.6414  1.03924
 1.00053 -60.6323  1.03939
 1.00068 -60.6232  1.03954
 1.00083 -60.6141  1.03954
 1.00098  -60.605  1.03969
 1.00113 -60.5959  1.03984
 1.00128 -60.5868  1.03999
 1.00143 -60.5777  1.04015
 1.00158 -60.5686   1.0403
 1.00173 -60.5595  1.04045
 1.00188 -60.5504   1.0406
 1.00203 -60.5413  1.04075
 1.00218 -60.5323   1.0409
 1.00233 -60.5232  1.04105
 1.00248 -60.5141   1.0412
 1.00263  -60.505  1.04135
 1.00278 -60.4959   1.0415
 1.00293 -60.4869  1.04165
 1.00308 -60.4778   1.0418
 1.00323 -60.4687  1.04195
 1.00338 -60.4597   1.0421
 1.00353 -60.4506  1.04225
 1.00368 -60.4416   1.0424
 1.00383 -60.4325  1.04255
 1.00398 -60.4234   1.0427
 1.00413 -60.4144  1.04285
 1.00428 -60.4053    1.043
 1.00443 -60.3963  1.04315
 1.00458 -60.3873  1.04315
 1.00473 -60.3782   1.0433
 1.00488 -60.3692  1.04345
 1.00503 -60.3601   1.0436
 1.00518 -60.3511  1.04375
 1.00533 -60.3421   1.0439
 1.00548  -60.333  1.04405
 1.00563  -60.324   1.0442
 1.00578  -60.315  1.04435
 1.00593  -60.306   1.0445
 1.00608  -60.297  1.04465
 1.00623 -60.2879   1.0448
 1.00638 -60.2789  1.04495
 1.00653 -60.2699   1.0451
 1.00668 -60.2609  1.04525
 1.00683 -60.2519   1.0454
 1.00698 -60.2429  1.04555
 1.00713 -60.2339   1.0457
 1.00728 -60.2249  1.04585
 1.00743 -60.2159    1.046
 1.00758 -60.2069  1.04615
 1.00773 -60.1979   1.0463
 1.00788 -60.1889  1.04645
 1.00803 -60.1799   1.0466
 1.00818  -60.171  1.04675
 1.00833  -60.162   1.0469
 1.00848  -60.153   1.0469
 1.00863  -60.144  1.04705
 1.00878 -60.1351   1.0472
 1.00893 -60.1261  1.04735
 1.00908 -60.1171   1.0475
 1.00923 -60.1082  1.04765
 1.00938 -60.0992   1.0478
 1.00953 -60.0902  1.04795
 1.00968 -60.0813   1.0481
 1.00983 -60.0723  1.04825
 1.00998 -60.0634   1.0484
 1.01013 -60.0544  1.04855
 1.01028 -60.0455   1.0487
 1.01043 -60.0365  1.04885
 1.01058 -60.0276    1.049
 1.01073 -60.0186  1.04915
 1.01088 -60.0097   1.0493
 1.01103 -60.0008  1.04945
 1.01118 -59.9918   1.0496
 1.01133 -59.9829  1.04975
 1.01148  -59.974   1.0499
 1.01163  -59.965  1.05005
 1.01178 -59.9561   1.0502
 1.01193 -59.9472  1.05035
 1.01208 -59.9383  1.05035
 1.01223 -59.9294   1.0505
 1.01238 -59.9205  1.05065
 1.01253 -59.9116   1.0508
 1.01268 -59.9026  1.05095
 1.01283 -59.8937   1.0511
 1.01298 -59.8848  1.05125
 1.01313 -59.8759   1.0514
 1.01328  -59.867  1.05155
 1.01343 -59.8581   1.0517
 1.01358 -59.8492  1.05185
 1.01373 -59.8404    1.052
 1.01388 -59.8315  1.05215
 1.01403 -59.8226   1.0523
 1.01418 -59.8137  1.05245
 1.01433 -59.8048   1.0526
 1.01448 -59.7959  1.05275
 1.01463 -59.7871   1.0529
 1.01478 -59.7782  1.05305
 1.01493 -59.7693   1.0532
 1.01508 -59.7605  1.05335
 1.01523 -59.7516   1.0535
 1.01538 -59.7427  1.05365
 1.01553 -59.7339   1.0538
 1.01568  -59.725   1.0538
 1.01583 -59.7162  1.05395
 1.01598 -59.7073   1.0541
 1.01613 -59.6985  1.05425
 1.01628 -59.6896   1.0544
 1.01643 -59.6808  1.05455
 1.01658 -59.6719   1.0547
 1.01673 -59.6631  1.05485
 1.01688 -59.6542    1.055
 1.01703 -59.6454  1.05515
 1.01718 -59.6366   1.0553
 1.01733 -59.6277  1.05545
 1.01748 -59.6189   1.0556
 1.01763 -59.6101  1.05575
 1.01778 -59.6013   1.0559
 1.01793 -59.5924  1.05605
 1.01808 -59.5836   1.0562
 1.01823 -59.5748  1.05635
 1.01838  -59.566   1.0565
 1.01853 -59.5572  1.05665
 1.01868 -59.5484   1.0568
 1.01883 -59.5396  1.05695
 1.01898 -59.5308   1.0571
 1.01913  -59.522  1.05725
 1.01928 -59.5132  1.05725
 1.01943 -59.5044   1.0574
 1.01958 -59.4956  1.05755
 1.01973 -59.4868   1.0577
 1.01988  -59.478  1.05785
 1.02004 -59.4692    1.058
 1.02019 -59.4604  1.05815
 1.02034 -59.4517   1.0583
 1.02049 -59.4429  1.05845
 1.02064 -59.4341   1.0586
 1.02079 -59.4253  1.05875
 1.02094 -59.4166   1.0589
 1.02109 -59.4078  1.05905
 1.02124  -59.399   1.0592
 1.02139 -59.3903  1.05935
 1.02154 -59.3815   1.0595
 1.02169 -59.3728  1.05965
 1.02184  -59.364   1.0598
 1.02199 -59.3552  1.05995
 1.02214 -59.3465  1.06011
 1.02229 -59.3377  1.06026
 1.02244  -59.329  1.06041
 1.02259 -59.3203  1.06041
 1.02274 -59.3115  1.06056
 1.02289 -59.3028  1.06071
 1.02304  -59.294  1.06086
 1.02319 -59.2853  1.06101
 1.02334 -59.2766  1.06116
 1.02349 -59.2679  1.06131
 1.02364 -59.2591  1.06146
 1.02379 -59.2504  1.06161
 1.02394 -59.2417  1.06176
 1.02409  -59.233  1.06191
 1.02424 -59.2243  1.06206
 1.02439 -59.2155  1.06221
 1.02454 -59.2068  1.06236
 1.02469 -59.1981  1.06251
 1.02484 -59.1894  1.06266
 1.02499 -59.1807  1.06281
 1.02514  -59.172  1.06296
 1.02529 -59.1633  1.06311
 1.02544 -59.1546  1.06326
 1.02559 -59.1459  1.06341
 1.02574 -59.1372  1.06356
 1.02589 -59.1285  1.06356
 1.02604 -59.1199  1.06371
 1.02619 -59.1112  1.06386
 1.02634 -59.1025  1.06401
 1.02649 -59.0938  1.06416
 1.02664 -59.0851  1.06431
 1.02679 -59.0765  1.06446
 1.02694 -59.0678  1.06461
 1.02709 -59.0591  1.06476
 1.02724 -59.0505  1.06491
 1.02739 -59.0418  1.06506
 1.02754 -59.0331  1.06521
 1.02769 -59.0245  1.06536
 1.02784 -59.0158  1.06551
 1.02799 -59.0072  1.06566
 1.02814 -58.9985  1.06581
 1.02829 -58.9899  1.06596
 1.02844 -58.9812  1.06611
 1.02859 -58.9726  1.06626
 1.02874 -58.9639  1.06641
 1.02889 -58.9553  1.06656
 1.02904 -58.9467  1.06671
 1.02919  -58.938  1.06671
 1.02934 -58.9294  1.06686
 1.02949 -58.9208  1.06701
 1.02964 -58.9121  1.06716
 1.02979 -58.9035  1.06731
 1.02994 -58.8949  1.06746
 1.03009 -58.8863  1.06761
 1.03024 -58.8777  1.06776
 1.03039  -58.869  1.06791
 1.03054 -58.8604  1.06806
 1.03069 -58.8518  1.06821
 1.03084 -58.8432  1.06836
 1.03099 -58.8346  1.06851
 1.03114  -58.826  1.06866
 1.03129 -58.8174  1.06881
 1.03144 -58.8088  1.06896
 1.03159 -58.8002  1.06911
 1.03174 -58.7916  1.06926
 1.03189  -58.783  1.06941
 1.03204 -58.7745  1.06956
 1.03219 -58.7659  1.06971
 1.03234 -58.7573  1.06971
 1.03249 -58.7487  1.06986
 1.03264 -58.7401  1.07001
 1.03279 -58.7316  1.07016
 1.03294  -58.723  1.07031
 1.03309 -58.7144  1.07046
 1.03324 -58.7059  1.07061
 1.03339 -58.6973  1.07076
 1.03354 -58.6887  1.07091
 1.03369 -58.6802  1.07106
 1.03384 -58.6716  1.07121
 1.03399 -58.6631  1.07136
 1.03414 -58.6545  1.07151
 1.03429  -58.646  1.07166
 1.03444 -58.6374  1.07181
 1.03459 -58.6289  1.07196
 1.03474 -58.6203  1.07211
 1.03489 -58.6118  1.07226
 1.03504 -58.6032  1.07241
 1.03519 -58.5947  1.07256
 1.03534 -58.5862  1.07271
 1.03549 -58.5776  1.07271
 1.03564 -58.5691  1.07286
 1.03579 -58.5606  1.07301
 1.03594 -58.5521  1.07316
 1.03609 -58.5435  1.07331
 1.03624  -58.535  1.07346
 1.03639 -58.5265  1.07361
 1.03654  -58.518  1.07376
 1.03669 -58.5095  1.07391
 1.03684  -58.501  1.07406
 1.03699 -58.4925  1.07421
 1.03714  -58.484  1.07436
 1.03729 -58.4755  1.07451
 1.03744  -58.467  1.07466
 1.03759 -58.4585  1.07481
 1.03774   -58.45  1.07496
 1.03789 -58.4415  1.07511
 1.03804  -58.433  1.07526
 1.03819 -58.4245  1.07541
 1.03834  -58.416  1.07556
 1.03849 -58.4076  1.07556
 1.03864 -58.3991  1.07571
 1.03879 -58.3906  1.07586
 1.03894 -58.3821  1.07601
 1.03909 -58.3736  1.07616
 1.03924 -58.3652  1.07631
 1.03939 -58.3567  1.07646
 1.03954 -58.3482  1.07661
 1.03969 -58.3398  1.07676
 1.03984 -58.3313  1.07691
 1.03999 -58.3229  1.07706
 1.04015 -58.3144  1.07721
  1.0403  -58.306  1.07736
 1.04045 -58.2975  1.07751
  1.0406 -58.2891  1.07766
 1.04075 -58.2806  1.07781
  1.0409 -58.2722  1.07796
 1.04105 -58.2637  1.07811
  1.0412 -58.2553  1.07826
 1.04135 -58.2469  1.07826
  1.0415 -58.2384  1.07841
 1.04165   -58.23  1.07856
  1.0418 -58.2216  1.07871
 1.04195 -58.2132  1.07886
  1.0421 -58.2047  1.07901
 1.04225 -58.1963  1.07916
  1.0424 -58.1879  1.07931
 1.04255 -58.1795  1.07946
  1.0427 -58.1711  1.07961
 1.04285 -58.1627  1.07976
   1.043 -58.1543  1.07991
 1.04315 -58.1459  1.08007
  1.0433 -58.1374  1.08022
 1.04345  -58.129  1.08037
  1.0436 -58.1207  1.08052
 1.04375 -58.1123  1.08067
  1.0439 -58.1039  1.08082
 1.04405 -58.0955  1.08097
  1.0442 -58.0871  1.08097
 1.04435 -58.0787  1.08112
  1.0445 -58.0703  1.08127
 1.04465 -58.0619  1.08142
  1.0448 -58.0536  1.08157
 1.04495 -58.0452  1.08172
  1.0451 -58.0368  1.08187
 1.04525 -58.0284  1.08202
  1.0454 -58.0201  1.08217
 1.04555 -58.0117  1.08232
  1.0457 -58.0033  1.08247
 1.04585  -57.995  1.08262
   1.046 -57.9866  1.08277
 1.04615 -57.9783  1.08292
  1.0463 -57.9699  1.08307
 1.04645 -57.9616  1.08322
  1.0466 -57.9532  1.08337
 1.04675 -57.9449  1.08352
  1.0469 -57.9365  1.08352
 1.04705 -57.9282  1.08367
  1.0472 -57.9199  1.08382
 1.04735 -57.9115  1.08397
  1.0475 -57.9032  1.08412
 1.04765 -57.8949  1.08427
  1.0478 -57.8865  1.08442
 1.04795 -57.8782  1.08457
  1.0481 -57.8699  1.08472
 1.04825 -57.8616  1.08487
  1.0484 -57.8532  1.08502
 1.04855 -57.8449  1.08517
  1.0487 -57.8366  1.08532
 1.04885 -57.8283  1.08547
   1.049   -57.82  1.08562
 1.04915 -57.8117  1.08577
  1.0493 -57.8034  1.08592
 1.04945 -57.7951  1.08607
  1.0496 -57.7868  1.08607
 1.04975 -57.7785  1.08622
  1.0499 -57.7702  1.08637
 1.05005 -57.7619  1.08652
  1.0502 -57.7536  1.08667
 1.05035 -57.7453  1.08682
  1.0505  -57.737  1.08697
 1.05065 -57.7288  1.08712
  1.0508 -57.7205  1.08727
 1.05095 -57.7122  1.08742
  1.0511 -57.7039  1.08757
 1.05125 -57.6957  1.08772
  1.0514 -57.6874  1.08787
 1.05155 -57.6791  1.08802
  1.0517 -57.6709  1.08817
 1.05185 -57.6626  1.08832
   1.052 -57.6543  1.08847
 1.05215 -57.6461  1.08847
  1.0523 -57.6378  1.08862
 1.05245 -57.6296  1.08877
  1.0526 -57.6213  1.08892
 1.05275 -57.6131  1.08907
  1.0529 -57.6048  1.08922
 1.05305 -57.5966  1.08937
  1.0532 -57.5884  1.08952
 1.05335 -57.5801  1.08967
  1.0535 -57.5719  1.08982
 1.05365 -57.5637  1.08997
  1.0538 -57.5554  1.09012
 1.05395 -57.5472  1.09027
  1.0541  -57.539  1.09042
 1.05425 -57.5308  1.09057
  1.0544 -57.5225  1.09072
 1.05455 -57.5143  1.09087
  1.0547 -57.5061  1.09087
 1.05485 -57.4979  1.09102
   1.055 -57.4897  1.09117
 1.05515 -57.4815  1.09132
  1.0553 -57.4733  1.09147
 1.05545 -57.4651  1.09162
  1.0556 -57.4569  1.09177
 1.05575 -57.4487  1.09192
  1.0559 -57.4405  1.09207
 1.05605 -57.4323  1.09222
  1.0562 -57.4241  1.09237
 1.05635 -57.4159  1.09252
  1.0565 -57.4077  1.09267
 1.05665 -57.3996  1.09282
  1.0568 -57.3914  1.09282
 1.05695 -57.3832  1.09297
  1.0571  -57.375  1.09312
 1.05725 -57.3669  1.09327
  1.0574 -57.3587  1.09342
 1.05755 -57.3505  1.09357
  1.0577 -57.3424  1.09372
 1.05785 -57.3342  1.09387
   1.058 -57.3261  1.09402
 1.05815 -57.3179  1.09417
  1.0583 -57.3097  1.09432
 1.05845 -57.3016  1.09447
  1.0586 -57.2934  1.09462
 1.05875 -57.2853  1.09477
  1.0589 -57.2772  1.09477
 1.05905  -57.269  1.09492
  1.0592 -57.2609  1.09507
 1.05935 -57.2528  1.09522
  1.0595 -57.2446  1.09537
 1.05965 -57.2365  1.09552
  1.0598 -57.2284  1.09567
 1.05995 -57.2202  1.09582
 1.06011 -57.2121  1.09597
 1.06026  -57.204  1.09612
 1.06041 -57.1959  1.09627
 1.06056 -57.1878  1.09642
 1.06071 -57.1797  1.09657
 1.06086 -57.1716  1.09672
 1.06101 -57.1635  1.09672
 1.06116 -57.1554  1.09687
 1.06131 -57.1473  1.09702
 1.06146 -57.1392  1.09717
 1.06161 -57.1311  1.09732
 1.06176  -57.123  1.09747
 1.06191 -57.1149  1.09762
 1.06206 -57.1068  1.09777
 1.06221 -57.0987  1.09792
 1.06236 -57.0906  1.09807
 1.06251 -57.0825  1.09822
 1.06266 -57.0745  1.09837
 1.06281 -57.0664  1.09852
 1.06296 -57.0583  1.09867
 1.06311 -57.0503  1.09867
 1.06326 -57.0422  1.09882
 1.06341 -57.0341  1.09897
 1.06356 -57.0261  1.09912
 1.06371  -57.018  1.09927
 1.06386   -57.01  1.09942
 1.06401 -57.0019  1.09957
 1.06416 -56.9938  1.09972
 1.06431 -56.9858  1.09987
 1.06446 -56.9778  1.10003
 1.06461 -56.9697  1.10018
 1.06476 -56.9617  1.10033
 1.06491 -56.9536  1.10048
 1.06506 -56.9456  1.10048
 1.06521 -56.9376  1.10063
 1.06536 -56.9295  1.10078
 1.06551 -56.9215  1.10093
 1.06566 -56.9135  1.10108
 1.06581 -56.9055  1.10123
 1.06596 -56.8974  1.10138
 1.06611 -56.8894  1.10153
 1.06626 -56.8814  1.10168
 1.06641 -56.8734  1.10183
 1.06656 -56.8654  1.10198
 1.06671 -56.8574  1.10213
 1.06686 -56.8494  1.10228
 1.06701 -56.8414  1.10228
 1.06716 -56.8334  1.10243
 1.06731 -56.8254  1.10258
 1.06746 -56.8174  1.10273
 1.06761 -56.8094  1.10288
 1.06776 -56.8014  1.10303
 1.06791 -56.7934  1.10318
 1.06806 -56.7855  1.10333
 1.06821 -56.7775  1.10348
 1.06836 -56.7695  1.10363
 1.06851 -56.7615  1.10378
 1.06866 -56.7536  1.10393
 1.06881 -56.7456  1.10393
 1.06896 -56.7376  1.10408
 1.06911 -56.7297  1.10423
 1.06926 -56.7217  1.10438
 1.06941 -56.7137  1.10453
 1.06956 -56.7058  1.10468
 1.06971 -56.6978  1.10483
 1.06986 -56.6899  1.10498
 1.07001 -56.6819  1.10513
 1.07016  -56.674  1.10528
 1.07031  -56.666  1.10543
 1.07046 -56.6581  1.10558
 1.07061 -56.6502  1.10573
 1.07076 -56.6422  1.10573
 1.07091 -56.6343  1.10588
 1.07106 -56.6264  1.10603
 1.07121 -56.6184  1.10618
 1.07136 -56.6105  1.10633
 1.07151 -56.6026  1.10648
 1.07166 -56.5947  1.10663
 1.07181 -56.5867  1.10678
 1.07196 -56.5788  1.10693
 1.07211 -56.5709  1.10708
 1.07226  -56.563  1.10723
 1.07241 -56.5551  1.10738
 1.07256 -56.5472  1.10753
 1.07271 -56.5393  1.10753
 1.07286 -56.5314  1.10768
 1.07301 -56.5235  1.10783
 1.07316 -56.5156  1.10798
 1.07331 -56.5077  1.10813
 1.07346 -56.4998  1.10828
 1.07361 -56.4919  1.10843
 1.07376 -56.4841  1.10858
 1.07391 -56.4762  1.10873
 1.07406 -56.4683  1.10888
 1.07421 -56.4604  1.10903
 1.07436 -56.4526  1.10918
 1.07451 -56.4447  1.10918
 1.07466 -56.4368  1.10933
 1.07481  -56.429  1.10948
 1.07496 -56.4211  1.10963
 1.07511 -56.4132  1.10978
 1.07526 -56.4054  1.10993
 1.07541 -56.3975  1.11008
 1.07556 -56.3897  1.11023
 1.07571 -56.3818  1.11038
 1.07586  -56.374  1.11053
 1.07601 -56.3661  1.11068
 1.07616 -56.3583  1.11083
 1.07631 -56.3504  1.11083
 1.07646 -56.3426  1.11098
 1.07661 -56.3348  1.11113
 1.07676 -56.3269  1.11128
 1.07691 -56.3191  1.11143
 1.07706 -56.3113  1.11158
 1.07721 -56.3035  1.11173
 1.07736 -56.2956  1.11188
 1.07751 -56.2878  1.11203
 1.07766   -56.28  1.11218
 1.07781 -56.2722  1.11233
 1.07796 -56.2644  1.11233
 1.07811 -56.2566  1.11248
 1.07826 -56.2488  1.11263
 1.07841  -56.241  1.11278
 1.07856 -56.2332  1.11293
 1.07871 -56.2254  1.11308
 1.07886 -56.2176  1.11323
 1.07901 -56.2098  1.11338
 1.07916  -56.202  1.11353
 1.07931 -56.1942  1.11368
 1.07946 -56.1865  1.11383
 1.07961 -56.1787  1.11383
 1.07976 -56.1709  1.11398
 1.07991 -56.1631  1.11413
 1.08007 -56.1553  1.11428
 1.08022 -56.1476  1.11443
 1.08037 -56.1398  1.11458
 1.08052 -56.1321  1.11473
 1.08067 -56.1243  1.11488
 1.08082 -56.1165  1.11503
 1.08097 -56.1088  1.11518
 1.08112  -56.101  1.11518
 1.08127 -56.0933  1.11533
 1.08142 -56.0855  1.11548
 1.08157 -56.0778  1.11563
 1.08172   -56.07  1.11578
 1.08187 -56.0623  1.11593
 1.08202 -56.0546  1.11608
 1.08217 -56.0468  1.11623
 1.08232 -56.0391  1.11638
 1.08247 -56.0314  1.11653
 1.08262 -56.0237  1.11668
 1.08277 -56.0159  1.11668
 1.08292 -56.0082  1.11683
 1.08307 -56.0005  1.11698
 1.08322 -55.9928  1.11713
 1.08337 -55.9851  1.11728
 1.08352 -55.9774  1.11743
 1.08367 -55.9697  1.11758
 1.08382  -55.962  1.11773
 1.08397 -55.9543  1.11788
 1.08412 -55.9466  1.11788
 1.08427 -55.9389  1.11803
 1.08442 -55.9312  1.11818
 1.08457 -55.9235  1.11833
 1.08472 -55.9158  1.11848
 1.08487 -55.9081  1.11863
 1.08502 -55.9004  1.11878
 1.08517 -55.8928  1.11893
 1.08532 -55.8851  1.11908
 1.08547 -55.8774  1.11923
 1.08562 -55.8697  1.11923
 1.08577 -55.8621  1.11938
 1.08592 -55.8544  1.11953
 1.08607 -55.8468  1.11968
 1.08622 -55.8391  1.11983
 1.08637 -55.8314  1.11998
 1.08652 -55.8238  1.12014
 1.08667 -55.8161  1.12029
 1.08682 -55.8085  1.12044
 1.08697 -55.8009  1.12044
 1.08712 -55.7932  1.12059
 1.08727 -55.7856  1.12074
 1.08742 -55.7779  1.12089
 1.08757 -55.7703  1.12104
 1.08772 -55.7627  1.12119
 1.08787 -55.7551  1.12134
 1.08802 -55.7474  1.12149
 1.08817 -55.7398  1.12164
 1.08832 -55.7322  1.12164
 1.08847 -55.7246  1.12179
 1.08862  -55.717  1.12194
 1.08877 -55.7094  1.12209
 1.08892 -55.7018  1.12224
 1.08907 -55.6941  1.12239
 1.08922 -55.6865  1.12254
 1.08937 -55.6789  1.12269
 1.08952 -55.6714  1.12284
 1.08967 -55.6638  1.12299
 1.08982 -55.6562  1.12299
 1.08997 -55.6486  1.12314
 1.09012  -55.641  1.12329
 1.09027 -55.6334  1.12344
 1.09042 -55.6258  1.12359
 1.09057 -55.6183  1.12374
 1.09072 -55.6107  1.12389
 1.09087 -55.6031  1.12404
 1.09102 -55.5956  1.12404
 1.09117  -55.588  1.12419
 1.09132 -55.5804  1.12434
 1.09147 -55.5729  1.12449
 1.09162 -55.5653  1.12464
 1.09177 -55.5578  1.12464
 1.09192 -55.5502  1.12479
 1.09207 -55.5427  1.12494
 1.09222 -55.5352  1.12509
 1.09237 -55.5276  1.12524
 1.09252 -55.5201  1.12539
 1.09267 -55.5126  1.12539
 1.09282 -55.5051  1.12554
 1.09297 -55.4975  1.12569
 1.09312   -55.49  1.12584
 1.09327 -55.4825  1.12599
 1.09342  -55.475  1.12599
 1.09357 -55.4675  1.12614
 1.09372   -55.46  1.12629
 1.09387 -55.4525  1.12644
 1.09402  -55.445  1.12659
 1.09417 -55.4375  1.12659
 1.09432   -55.43  1.12674
 1.09447 -55.4226  1.12689
 1.09462 -55.4151  1.12704
 1.09477 -55.4076  1.12719
 1.09492 -55.4002  1.12719
 1.09507 -55.3927  1.12734
 1.09522 -55.3852  1.12749
 1.09537 -55.3778  1.12764
 1.09552 -55.3703  1.12779
 1.09567 -55.3629  1.12794
 1.09582 -55.3554  1.12794
 1.09597  -55.348  1.12809
 1.09612 -55.3405  1.12824
 1.09627 -55.3331  1.12839
 1.09642 -55.3257  1.12854
 1.09657 -55.3182  1.12854
 1.09672 -55.3108  1.12869
 1.09687 -55.3034  1.12884
 1.09702  -55.296  1.12899
 1.09717 -55.2886  1.12914
 1.09732 -55.2812  1.12914
 1.09747 -55.2738  1.12929
 1.09762 -55.2664  1.12944
 1.09777  -55.259  1.12959
 1.09792 -55.2516  1.12974
 1.09807 -55.2442  1.12974
 1.09822 -55.2368  1.12989
 1.09837 -55.2294  1.13004
 1.09852  -55.222  1.13019
 1.09867 -55.2146  1.13034
 1.09882 -55.2073  1.13049
 1.09897 -55.1999  1.13049
 1.09912 -55.1925  1.13064
 1.09927 -55.1852  1.13079
 1.09942 -55.1778  1.13094
 1.09957 -55.1705  1.13109
 1.09972 -55.1631  1.13109
 1.09987 -55.1558  1.13124
 1.10003 -55.1484  1.13139
 1.10018 -55.1411  1.13154
 1.10033 -55.1337  1.13169
 1.10048 -55.1264  1.13169
 1.10063 -55.1191  1.13184
 1.10078 -55.1118  1.13199
 1.10093 -55.1044  1.13214
 1.10108 -55.0971  1.13229
 1.10123 -55.0898  1.13229
 1.10138 -55.0825  1.13244
 1.10153 -55.0752  1.13259
 1.10168 -55.0679  1.13274
 1.10183 -55.0606  1.13289
 1.10198 -55.0533  1.13289
 1.10213  -55.046  1.13304
 1.10228 -55.0387  1.13319
 1.10243 -55.0314  1.13334
 1.10258 -55.0241  1.13349
 1.10273 -55.0169  1.13364
 1.10288 -55.0096  1.13364
 1.10303 -55.0023  1.13379
 1.10318 -54.9951  1.13394
 1.10333 -54.9878  1.13409
 1.10348 -54.9805  1.13424
 1.10363 -54.9733  1.13424
 1.10378  -54.966  1.13439
 1.10393 -54.9588  1.13454
 1.10408 -54.9515  1.13469
 1.10423 -54.9443  1.13484
 1.10438 -54.9371  1.13484
 1.10453 -54.9298  1.13499
 1.10468 -54.9226  1.13514
 1.10483 -54.9154  1.13529
 1.10498 -54.9081  1.13544
 1.10513 -54.9009  1.13544
 1.10528 -54.8937  1.13559
 1.10543 -54.8865  1.13574
 1.10558 -54.8793  1.13589
 1.10573 -54.8721  1.13604
 1.10588 -54.8649  1.13604
 1.10603 -54.8577  1.13619
 1.10618 -54.8505  1.13634
 1.10633 -54.8433  1.13649
 1.10648 -54.8361  1.13664
 1.10663 -54.8289  1.13664
 1.10678 -54.8218  1.13679
 1.10693 -54.8146  1.13694
 1.10708 -54.8074  1.13709
 1.10723 -54.8002  1.13724
 1.10738 -54.7931  1.13724
 1.10753 -54.7859  1.13739
 1.10768 -54.7788  1.13754
 1.10783 -54.7716  1.13769
 1.10798 -54.7645  1.13784
 1.10813 -54.7573  1.13784
 1.10828 -54.7502  1.13799
 1.10843  -54.743  1.13814
 1.10858 -54.7359  1.13829
 1.10873 -54.7288  1.13844
 1.10888 -54.7216  1.13844
 1.10903 -54.7145  1.13859
 1.10918 -54.7074  1.13874
 1.10933 -54.7003  1.13889
 1.10948 -54.6932  1.13904
 1.10963  -54.686  1.13904
 1.10978 -54.6789  1.13919
 1.10993 -54.6718  1.13934
 1.11008 -54.6647  1.13949
 1.11023 -54.6576  1.13964
 1.11038 -54.6506  1.13964
 1.11053 -54.6435  1.13979
 1.11068 -54.6364  1.13994
 1.11083 -54.6293   1.1401
 1.11098 -54.6222  1.14025
 1.11113 -54.6152  1.14025
 1.11128 -54.6081   1.1404
 1.11143  -54.601  1.14055
 1.11158  -54.594   1.1407
 1.11173 -54.5869  1.14085
 1.11188 -54.5798  1.14085
 1.11203 -54.5728    1.141
 1.11218 -54.5657  1.14115
 1.11233 -54.5587   1.1413
 1.11248 -54.5517   1.1413
 1.11263 -54.5446  1.14145
 1.11278 -54.5376   1.1416
 1.11293 -54.5306  1.14175
 1.11308 -54.5235   1.1419
 1.11323 -54.5165   1.1419
 1.11338 -54.5095  1.14205
 1.11353 -54.5025   1.1422
 1.11368 -54.4955  1.14235
 1.11383 -54.4885   1.1425
 1.11398 -54.4814   1.1425
 1.11413 -54.4744  1.14265
 1.11428 -54.4674   1.1428
 1.11443 -54.4605  1.14295
 1.11458 -54.4535   1.1431
 1.11473 -54.4465   1.1431
 1.11488 -54.4395  1.14325
 1.11503 -54.4325   1.1434
 1.11518 -54.4255  1.14355
 1.11533 -54.4186   1.1437
 1.11548 -54.4116   1.1437
 1.11563 -54.4046  1.14385
 1.11578 -54.3977    1.144
 1.11593 -54.3907  1.14415
 1.11608 -54.3838   1.1443
 1.11623 -54.3768   1.1443
 1.11638 -54.3699  1.14445
 1.11653 -54.3629   1.1446
 1.11668  -54.356  1.14475
 1.11683  -54.349   1.1449
 1.11698 -54.3421   1.1449
 1.11713 -54.3352  1.14505
 1.11728 -54.3283   1.1452
 1.11743 -54.3213   1.1452
 1.11758 -54.3144  1.14535
 1.11773 -54.3075   1.1455
 1.11788 -54.3006  1.14565
 1.11803 -54.2937  1.14565
 1.11818 -54.2868   1.1458
 1.11833 -54.2799  1.14595
 1.11848  -54.273  1.14595
 1.11863 -54.2661   1.1461
 1.11878 -54.2593  1.14625
 1.11893 -54.2524   1.1464
 1.11908 -54.2455   1.1464
 1.11923 -54.2386  1.14655
 1.11938 -54.2318   1.1467
 1.11953 -54.2249  1.14685
 1.11968 -54.2181  1.14685
 1.11983 -54.2112    1.147
 1.11998 -54.2044  1.14715
 1.12014 -54.1975  1.14715
 1.12029 -54.1907   1.1473
 1.12044 -54.1838  1.14745
 1.12059  -54.177   1.1476
 1.12074 -54.1702   1.1476
 1.12089 -54.1634  1.14775
 1.12104 -54.1566   1.1479
 1.12119 -54.1497  1.14805
 1.12134 -54.1429  1.14805
 1.12149 -54.1361   1.1482
 1.12164 -54.1293  1.14835
 1.12179 -54.1225  1.14835
 1.12194 -54.1157   1.1485
 1.12209 -54.1089  1.14865
 1.12224 -54.1022   1.1488
 1.12239 -54.0954   1.1488
 1.12254 -54.0886  1.14895
 1.12269 -54.0818   1.1491
 1.12284 -54.0751  1.14925
 1.12299 -54.0683  1.14925
 1.12314 -54.0616   1.1494
 1.12329 -54.0548  1.14955
 1.12344  -54.048  1.14955
 1.12359 -54.0413   1.1497
 1.12374 -54.0346  1.14985
 1.12389 -54.0278     1.15
 1.12404 -54.0211     1.15
 1.12419 -54.0144     1.15
 1.12434 -54.0077     1.15
 1.12449  -54.001     1.15
 1.12464 -53.9943     1.15
 1.12479 -53.9876     1.15
 1.12494 -53.9809     1.15
 1.12509 -53.9743     1.15
 1.12524 -53.9676     1.15
 1.12539  -53.961     1.15
 1.12554 -53.9544     1.15
 1.12569 -53.9478     1.15
 1.12584 -53.9412     1.15
 1.12599 -53.9346     1.15
 1.12614  -53.928     1.15
 1.12629 -53.9215     1.15
 1.12644 -53.9149     1.15
 1.12659 -53.9084     1.15
 1.12674 -53.9019     1.15
 1.12689 -53.8954     1.15
 1.12704 -53.8889     1.15
 1.12719 -53.8824     1.15
 1.12734 -53.8759     1.15
 1.12749 -53.8694     1.15
 1.12764  -53.863     1.15
 1.12779 -53.8565     1.15
 1.12794 -53.8501     1.15
 1.12809 -53.8437     1.15
 1.12824 -53.8373     1.15
 1.12839 -53.8309     1.15
 1.12854 -53.8245     1.15
 1.12869 -53.8181     1.15
 1.12884 -53.8117     1.15
 1.12899 -53.8054     1.15
 1.12914  -53.799     1.15
 1.12929 -53.7927     1.15
 1.12944 -53.7864     1.15
 1.12959 -53.7801     1.15
 1.12974 -53.7738     1.15
 1.12989 -53.7675     1.15
 1.13004 -53.7612     1.15
 1.13019 -53.7549     1.15
 1.13034 -53.7487     1.15
 1.13049 -53.7424     1.15
 1.13064 -53.7362     1.15
 1.13079   -53.73     1.15
 1.13094 -53.7237     1.15
 1.13109 -53.7175     1.15
 1.13124 -53.7113     1.15
 1.13139 -53.7052     1.15
 1.13154  -53.699     1.15
 1.13169 -53.6928     1.15
 1.13184 -53.6867     1.15
 1.13199 -53.6805     1.15
 1.13214 -53.6744     1.15
 1.13229 -53.6683     1.15
 1.13244 -53.6622     1.15
 1.13259 -53.6561     1.15
 1.13274   -53.65     1.15
 1.13289 -53.6439     1.15
 1.13304 -53.6379     1.15
 1.13319 -53.6318     1.15
 1.13334 -53.6257     1.15
 1.13349 -53.6197     1.15
 1.13364 -53.6137     1.15
 1.13379 -53.6077     1.15
 1.13394 -53.6017     1.15
 1.13409 -53.5957     1.15
 1.13424 -53.5897     1.15
 1.13439 -53.5837     1.15
 1.13454 -53.5778     1.15
 1.13469 -53.5718     1.15
 1.13484 -53.5659     1.15
 1.13499 -53.5599     1.15
 1.13514  -53.554     1.15
 1.13529 -53.5481     1.15
 1.13544 -53.5422     1.15
 1.13559 -53.5363     1.15
 1.13574 -53.5304     1.15
 1.13589 -53.5246     1.15
 1.13604 -53.5187     1.15
 1.13619 -53.5128     1.15
 1.13634  -53.507     1.15
 1.13649 -53.5012     1.15
 1.13664 -53.4953     1.15
 1.13679 -53.4895     1.15
 1.13694 -53.4837     1.15
 1.13709 -53.4779     1.15
 1.13724 -53.4722     1.15
 1.13739 -53.4664     1.15
 1.13754 -53.4606     1.15
 1.13769 -53.4549     1.15
 1.13784 -53.4491     1.15
 1.13799 -53.4434     1.15
 1.13814 -53.4377     1.15
 1.13829  -53.432     1.15
 1.13844 -53.4262     1.15
 1.13859 -53.4206     1.15
 1.13874 -53.4149     1.15
 1.13889 -53.4092     1.15
 1.13904 -53.4035     1.15
 1.13919 -53.3979     1.15
 1.13934 -53.3922     1.15
 1.13949 -53.3866     1.15
 1.13964  -53.381     1.15
 1.13979 -53.3753     1.15
 1.13994 -53.3697     1.15
  1.1401 -53.3641     1.15
 1.14025 -53.3586     1.15
  1.1404  -53.353     1.15
 1.14055 -53.3474     1.15
  1.1407 -53.3418     1.15
 1.14085 -53.3363     1.15
   1.141 -53.3307     1.15
 1.14115 -53.3252     1.15
  1.1413 -53.3197     1.15
 1.14145 -53.3142     1.15
  1.1416 -53.3087     1.15
 1.14175 -53.3032     1.15
  1.1419 -53.2977     1.15
 1.14205 -53.2922     1.15
  1.1422 -53.2867     1.15
 1.14235 -53.2813     1.15
  1.1425 -53.2758     1.15
 1.14265 -53.2704     1.15
  1.1428  -53.265     1.15
 1.14295 -53.2595     1.15
  1.1431 -53.2541     1.15
 1.14325 -53.2487     1.15
  1.1434 -53.2433     1.15
 1.14355 -53.2379     1.15
  1.1437 -53.2326     1.15
 1.14385 -53.2272     1.15
   1.144 -53.2218     1.15
 1.14415 -53.2165     1.15
  1.1443 -53.2112     1.15
 1.14445 -53.2058     1.15
  1.1446 -53.2005     1.15
 1.14475 -53.1952     1.15
  1.1449 -53.1899     1.15
 1.14505 -53.1846     1.15
  1.1452 -53.1793     1.15
 1.14535  -53.174     1.15
  1.1455 -53.1688     1.15
 1.14565 -53.1635     1.15
  1.1458 -53.1582     1.15
 1.14595  -53.153     1.15
  1.1461 -53.1478     1.15
 1.14625 -53.1425     1.15
  1.1464 -53.1373     1.15
 1.14655 -53.1321     1.15
  1.1467 -53.1269     1.15
 1.14685 -53.1217     1.15
   1.147 -53.1165     1.15
 1.14715 -53.1114     1.15
  1.1473 -53.1062     1.15
 1.14745  -53.101     1.15
  1.1476 -53.0959     1.15
 1.14775 -53.0908     1.15
  1.1479 -53.0856     1.15
 1.14805 -53.0805     1.15
  1.1482 -53.0754     1.15
 1.14835 -53.0703     1.15
  1.1485 -53.0652     1.15
 1.14865 -53.0601     1.15
  1.1488  -53.055     1.15
 1.14895 -53.0499     1.15
  1.1491 -53.0449     1.15
 1.14925 -53.0398     1.15
  1.1494 -53.0348     1.15
 1.14955 -53.0297     1.15
  1.1497 -53.0247     1.15
 1.14985 -53.0197     1.15
    1.15 -53.0147     1.15