 kgrid  ValNew  Policy 
    0.85 -69.7998 0.895023
 0.85015 -69.7874 0.895173
  0.8503  -69.775 0.895323
 0.85045 -69.7626 0.895473
  0.8506 -69.7502 0.895623
 0.85075 -69.7378 0.895773
  0.8509 -69.7255 0.895923
0.851051 -69.7131 0.896073
0.851201 -69.7007 0.896223
0.851351 -69.6883 0.896373
0.851501  -69.676 0.896373
0.851651 -69.6636 0.896523
0.851801 -69.6513 0.896673
0.851951 -69.6389 0.896823
0.852101 -69.6266 0.896973
0.852251 -69.6142 0.897124
0.852401 -69.6019 0.897274
0.852551 -69.5896 0.897424
0.852701 -69.5772 0.897574
0.852851 -69.5649 0.897724
0.853002 -69.5526 0.897874
0.853152 -69.5403 0.898024
0.853302  -69.528 0.898024
0.853452 -69.5157 0.898174
0.853602 -69.5034 0.898324
0.853752 -69.4911 0.898474
0.853902 -69.4788 0.898624
0.854052 -69.4666 0.898774
0.854202 -69.4543 0.898924
0.854352  -69.442 0.899075
0.854502 -69.4297 0.899225
0.854652 -69.4175 0.899375
0.854802 -69.4052 0.899525
0.854952  -69.393 0.899675
0.855103 -69.3807 0.899825
0.855253 -69.3685 0.899975
0.855403 -69.3563 0.899975
0.855553  -69.344 0.900125
0.855703 -69.3318 0.900275
0.855853 -69.3196 0.900425
0.856003 -69.3074 0.900575
0.856153 -69.2951 0.900725
0.856303 -69.2829 0.900875
0.856453 -69.2707 0.901026
0.856603 -69.2585 0.901176
0.856753 -69.2463 0.901326
0.856903 -69.2341 0.901476
0.857054 -69.2219 0.901626
0.857204 -69.2098 0.901776
0.857354 -69.1976 0.901926
0.857504 -69.1854 0.902076
0.857654 -69.1732 0.902076
0.857804 -69.1611 0.902226
0.857954 -69.1489 0.902376
0.858104 -69.1368 0.902526
0.858254 -69.1246 0.902676
0.858404 -69.1125 0.902826
0.858554 -69.1003 0.902976
0.858704 -69.0882 0.903127
0.858854 -69.0761 0.903277
0.859005 -69.0639 0.903427
0.859155 -69.0518 0.903577
0.859305 -69.0397 0.903727
0.859455 -69.0276 0.903877
0.859605 -69.0155 0.904027
0.859755 -69.0033 0.904177
0.859905 -68.9912 0.904327
0.860055 -68.9791 0.904477
0.860205 -68.9671 0.904477
0.860355  -68.955 0.904627
0.860505 -68.9429 0.904777
0.860655 -68.9308 0.904927
0.860805 -68.9187 0.905078
0.860955 -68.9066 0.905228
0.861106 -68.8946 0.905378
0.861256 -68.8825 0.905528
0.861406 -68.8705 0.905678
0.861556 -68.8584 0.905828
0.861706 -68.8464 0.905978
0.861856 -68.8343 0.906128
0.862006 -68.8223 0.906278
0.862156 -68.8102 0.906428
0.862306 -68.7982 0.906578
0.862456 -68.7862 0.906728
0.862606 -68.7742 0.906728
0.862756 -68.7621 0.906878
0.862906 -68.7501 0.907029
0.863057 -68.7381 0.907179
0.863207 -68.7261 0.907329
0.863357 -68.7141 0.907479
0.863507 -68.7021 0.907629
0.863657 -68.6901 0.907779
0.863807 -68.6781 0.907929
0.863957 -68.6661 0.908079
0.864107 -68.6542 0.908229
0.864257 -68.6422 0.908379
0.864407 -68.6302 0.908529
0.864557 -68.6182 0.908679
0.864707 -68.6063 0.908829
0.864857 -68.5943 0.908979
0.865008 -68.5824  0.90913
0.865158 -68.5704  0.90913
0.865308 -68.5585  0.90928
0.865458 -68.5465  0.90943
0.865608 -68.5346  0.90958
0.865758 -68.5227  0.90973
0.865908 -68.5107  0.90988
0.866058 -68.4988  0.91003
0.866208 -68.4869  0.91018
0.866358  -68.475  0.91033
0.866508 -68.4631  0.91048
0.866658 -68.4511  0.91063
0.866808 -68.4392  0.91078
0.866958 -68.4273  0.91093
0.867109 -68.4155 0.911081
0.867259 -68.4036 0.911231
0.867409 -68.3917 0.911381
0.867559 -68.3798 0.911531
0.867709 -68.3679 0.911681
0.867859  -68.356 0.911681
0.868009 -68.3442 0.911831
0.868159 -68.3323 0.911981
0.868309 -68.3204 0.912131
0.868459 -68.3086 0.912281
0.868609 -68.2967 0.912431
0.868759 -68.2849 0.912581
0.868909  -68.273 0.912731
 0.86906 -68.2612 0.912881
 0.86921 -68.2494 0.913032
 0.86936 -68.2375 0.913182
 0.86951 -68.2257 0.913332
 0.86966 -68.2139 0.913482
 0.86981  -68.202 0.913632
 0.86996 -68.1902 0.913782
 0.87011 -68.1784 0.913932
 0.87026 -68.1666 0.914082
 0.87041 -68.1548 0.914232
 0.87056  -68.143 0.914232
 0.87071 -68.1312 0.914382
 0.87086 -68.1194 0.914532
0.871011 -68.1076 0.914682
0.871161 -68.0958 0.914832
0.871311 -68.0841 0.914982
0.871461 -68.0723 0.915133
0.871611 -68.0605 0.915283
0.871761 -68.0488 0.915433
0.871911  -68.037 0.915583
0.872061 -68.0252 0.915733
0.872211 -68.0135 0.915883
0.872361 -68.0017 0.916033
0.872511   -67.99 0.916183
0.872661 -67.9782 0.916333
0.872811 -67.9665 0.916483
0.872961 -67.9548 0.916633
0.873112  -67.943 0.916783
0.873262 -67.9313 0.916933
0.873412 -67.9196 0.916933
0.873562 -67.9079 0.917084
0.873712 -67.8961 0.917234
0.873862 -67.8844 0.917384
0.874012 -67.8727 0.917534
0.874162  -67.861 0.917684
0.874312 -67.8493 0.917834
0.874462 -67.8376 0.917984
0.874612 -67.8259 0.918134
0.874762 -67.8142 0.918284
0.874912 -67.8026 0.918434
0.875063 -67.7909 0.918584
0.875213 -67.7792 0.918734
0.875363 -67.7675 0.918884
0.875513 -67.7559 0.919035
0.875663 -67.7442 0.919185
0.875813 -67.7325 0.919335
0.875963 -67.7209 0.919485
0.876113 -67.7092 0.919635
0.876263 -67.6976 0.919635
0.876413 -67.6859 0.919785
0.876563 -67.6743 0.919935
0.876713 -67.6627 0.920085
0.876863  -67.651 0.920235
0.877014 -67.6394 0.920385
0.877164 -67.6278 0.920535
0.877314 -67.6162 0.920685
0.877464 -67.6045 0.920835
0.877614 -67.5929 0.920985
0.877764 -67.5813 0.921136
0.877914 -67.5697 0.921286
0.878064 -67.5581 0.921436
0.878214 -67.5465 0.921586
0.878364 -67.5349 0.921736
0.878514 -67.5233 0.921886
0.878664 -67.5118 0.922036
0.878814 -67.5002 0.922186
0.878964 -67.4886 0.922336
0.879115  -67.477 0.922486
0.879265 -67.4655 0.922636
0.879415 -67.4539 0.922636
0.879565 -67.4423 0.922786
0.879715 -67.4308 0.922936
0.879865 -67.4192 0.923087
0.880015 -67.4077 0.923237
0.880165 -67.3961 0.923387
0.880315 -67.3846 0.923537
0.880465 -67.3731 0.923687
0.880615 -67.3615 0.923837
0.880765   -67.35 0.923987
0.880915 -67.3385 0.924137
0.881066 -67.3269 0.924287
0.881216 -67.3154 0.924437
0.881366 -67.3039 0.924587
0.881516 -67.2924 0.924737
0.881666 -67.2809 0.924887
0.881816 -67.2694 0.925038
0.881966 -67.2579 0.925188
0.882116 -67.2464 0.925338
0.882266 -67.2349 0.925488
0.882416 -67.2234 0.925488
0.882566 -67.2119 0.925638
0.882716 -67.2004 0.925788
0.882866  -67.189 0.925938
0.883017 -67.1775 0.926088
0.883167  -67.166 0.926238
0.883317 -67.1546 0.926388
0.883467 -67.1431 0.926538
0.883617 -67.1316 0.926688
0.883767 -67.1202 0.926838
0.883917 -67.1087 0.926988
0.884067 -67.0973 0.927139
0.884217 -67.0858 0.927289
0.884367 -67.0744 0.927439
0.884517  -67.063 0.927589
0.884667 -67.0515 0.927739
0.884817 -67.0401 0.927889
0.884967 -67.0287 0.928039
0.885118 -67.0173 0.928189
0.885268 -67.0059 0.928339
0.885418 -66.9944 0.928489
0.885568  -66.983 0.928489
0.885718 -66.9716 0.928639
0.885868 -66.9602 0.928789
0.886018 -66.9488 0.928939
0.886168 -66.9374  0.92909
0.886318 -66.9261  0.92924
0.886468 -66.9147  0.92939
0.886618 -66.9033  0.92954
0.886768 -66.8919  0.92969
0.886918 -66.8805  0.92984
0.887069 -66.8692  0.92999
0.887219 -66.8578  0.93014
0.887369 -66.8464  0.93029
0.887519 -66.8351  0.93044
0.887669 -66.8237  0.93059
0.887819 -66.8124  0.93074
0.887969  -66.801  0.93089
0.888119 -66.7897 0.931041
0.888269 -66.7783 0.931191
0.888419  -66.767 0.931341
0.888569 -66.7557 0.931491
0.888719 -66.7443 0.931641
0.888869  -66.733 0.931641
 0.88902 -66.7217 0.931791
 0.88917 -66.7104 0.931941
 0.88932  -66.699 0.932091
 0.88947 -66.6877 0.932241
 0.88962 -66.6764 0.932391
 0.88977 -66.6651 0.932541
 0.88992 -66.6538 0.932691
 0.89007 -66.6425 0.932841
 0.89022 -66.6312 0.932991
 0.89037 -66.6199 0.933142
 0.89052 -66.6086 0.933292
 0.89067 -66.5974 0.933442
 0.89082 -66.5861 0.933592
 0.89097 -66.5748 0.933742
0.891121 -66.5635 0.933892
0.891271 -66.5523 0.934042
0.891421  -66.541 0.934192
0.891571 -66.5297 0.934342
0.891721 -66.5185 0.934492
0.891871 -66.5072 0.934642
0.892021  -66.496 0.934792
0.892171 -66.4847 0.934942
0.892321 -66.4735 0.934942
0.892471 -66.4623 0.935093
0.892621  -66.451 0.935243
0.892771 -66.4398 0.935393
0.892921 -66.4286 0.935543
0.893072 -66.4173 0.935693
0.893222 -66.4061 0.935843
0.893372 -66.3949 0.935993
0.893522 -66.3837 0.936143
0.893672 -66.3725 0.936293
0.893822 -66.3613 0.936443
0.893972 -66.3501 0.936593
0.894122 -66.3389 0.936743
0.894272 -66.3277 0.936893
0.894422 -66.3165 0.937044
0.894572 -66.3053 0.937194
0.894722 -66.2941 0.937344
0.894872 -66.2829 0.937494
0.895023 -66.2717 0.937644
0.895173 -66.2606 0.937794
0.895323 -66.2494 0.937944
0.895473 -66.2382 0.938094
0.895623 -66.2271 0.938244
0.895773 -66.2159 0.938244
0.895923 -66.2047 0.938394
0.896073 -66.1936 0.938544
0.896223 -66.1824 0.938694
0.896373 -66.1713 0.938844
0.896523 -66.1601 0.938994
0.896673  -66.149 0.939145
0.896823 -66.1379 0.939295
0.896973 -66.1267 0.939445
0.897124 -66.1156 0.939595
0.897274 -66.1045 0.939745
0.897424 -66.0934 0.939895
0.897574 -66.0822 0.940045
0.897724 -66.0711 0.940195
0.897874   -66.06 0.940345
0.898024 -66.0489 0.940495
0.898174 -66.0378 0.940645
0.898324 -66.0267 0.940795
0.898474 -66.0156 0.940945
0.898624 -66.0045 0.941096
0.898774 -65.9934 0.941246
0.898924 -65.9823 0.941396
0.899075 -65.9713 0.941546
0.899225 -65.9602 0.941696
0.899375 -65.9491 0.941696
0.899525  -65.938 0.941846
0.899675  -65.927 0.941996
0.899825 -65.9159 0.942146
0.899975 -65.9048 0.942296
0.900125 -65.8938 0.942446
0.900275 -65.8827 0.942596
0.900425 -65.8717 0.942746
0.900575 -65.8606 0.942896
0.900725 -65.8496 0.943047
0.900875 -65.8385 0.943197
0.901026 -65.8275 0.943347
0.901176 -65.8165 0.943497
0.901326 -65.8054 0.943647
0.901476 -65.7944 0.943797
0.901626 -65.7834 0.943947
0.901776 -65.7724 0.944097
0.901926 -65.7613 0.944247
0.902076 -65.7503 0.944397
0.902226 -65.7393 0.944547
0.902376 -65.7283 0.944697
0.902526 -65.7173 0.944847
0.902676 -65.7063 0.944997
0.902826 -65.6953 0.945148
0.902976 -65.6843 0.945298
0.903127 -65.6733 0.945298
0.903277 -65.6623 0.945448
0.903427 -65.6514 0.945598
0.903577 -65.6404 0.945748
0.903727 -65.6294 0.945898
0.903877 -65.6184 0.946048
0.904027 -65.6075 0.946198
0.904177 -65.5965 0.946348
0.904327 -65.5855 0.946498
0.904477 -65.5746 0.946648
0.904627 -65.5636 0.946798
0.904777 -65.5527 0.946948
0.904927 -65.5417 0.947099
0.905078 -65.5308 0.947249
0.905228 -65.5198 0.947399
0.905378 -65.5089 0.947549
0.905528  -65.498 0.947699
0.905678  -65.487 0.947849
0.905828 -65.4761 0.947999
0.905978 -65.4652 0.948149
0.906128 -65.4542 0.948299
0.906278 -65.4433 0.948449
0.906428 -65.4324 0.948599
0.906578 -65.4215 0.948749
0.906728 -65.4106 0.948899
0.906878 -65.3997 0.948899
0.907029 -65.3888  0.94905
0.907179 -65.3779   0.9492
0.907329  -65.367  0.94935
0.907479 -65.3561   0.9495
0.907629 -65.3452  0.94965
0.907779 -65.3343   0.9498
0.907929 -65.3234  0.94995
0.908079 -65.3126   0.9501
0.908229 -65.3017  0.95025
0.908379 -65.2908   0.9504
0.908529   -65.28  0.95055
0.908679 -65.2691   0.9507
0.908829 -65.2582  0.95085
0.908979 -65.2474 0.951001
 0.90913 -65.2365 0.951151
 0.90928 -65.2257 0.951301
 0.90943 -65.2148 0.951451
 0.90958  -65.204 0.951601
 0.90973 -65.1931 0.951751
 0.90988 -65.1823 0.951901
 0.91003 -65.1715 0.952051
 0.91018 -65.1606 0.952201
 0.91033 -65.1498 0.952351
 0.91048  -65.139 0.952501
 0.91063 -65.1282 0.952651
 0.91078 -65.1173 0.952651
 0.91093 -65.1065 0.952801
0.911081 -65.0957 0.952951
0.911231 -65.0849 0.953102
0.911381 -65.0741 0.953252
0.911531 -65.0633 0.953402
0.911681 -65.0525 0.953552
0.911831 -65.0417 0.953702
0.911981 -65.0309 0.953852
0.912131 -65.0201 0.954002
0.912281 -65.0093 0.954152
0.912431 -64.9986 0.954302
0.912581 -64.9878 0.954452
0.912731  -64.977 0.954602
0.912881 -64.9662 0.954752
0.913032 -64.9555 0.954902
0.913182 -64.9447 0.955053
0.913332 -64.9339 0.955203
0.913482 -64.9232 0.955353
0.913632 -64.9124 0.955503
0.913782 -64.9017 0.955653
0.913932 -64.8909 0.955803
0.914082 -64.8802 0.955953
0.914232 -64.8694 0.956103
0.914382 -64.8587 0.956253
0.914532  -64.848 0.956403
0.914682 -64.8372 0.956403
0.914832 -64.8265 0.956553
0.914982 -64.8158 0.956703
0.915133  -64.805 0.956853
0.915283 -64.7943 0.957004
0.915433 -64.7836 0.957154
0.915583 -64.7729 0.957304
0.915733 -64.7622 0.957454
0.915883 -64.7515 0.957604
0.916033 -64.7408 0.957754
0.916183 -64.7301 0.957904
0.916333 -64.7194 0.958054
0.916483 -64.7087 0.958204
0.916633  -64.698 0.958354
0.916783 -64.6873 0.958504
0.916933 -64.6766 0.958654
0.917084 -64.6659 0.958804
0.917234 -64.6553 0.958954
0.917384 -64.6446 0.959105
0.917534 -64.6339 0.959255
0.917684 -64.6233 0.959405
0.917834 -64.6126 0.959555
0.917984 -64.6019 0.959705
0.918134 -64.5913 0.959855
0.918284 -64.5806 0.960005
0.918434   -64.57 0.960155
0.918584 -64.5593 0.960155
0.918734 -64.5487 0.960305
0.918884  -64.538 0.960455
0.919035 -64.5274 0.960605
0.919185 -64.5168 0.960755
0.919335 -64.5061 0.960905
0.919485 -64.4955 0.961056
0.919635 -64.4849 0.961206
0.919785 -64.4743 0.961356
0.919935 -64.4636 0.961506
0.920085  -64.453 0.961656
0.920235 -64.4424 0.961806
0.920385 -64.4318 0.961956
0.920535 -64.4212 0.962106
0.920685 -64.4106 0.962256
0.920835    -64.4 0.962406
0.920985 -64.3894 0.962556
0.921136 -64.3788 0.962706
0.921286 -64.3682 0.962856
0.921436 -64.3576 0.963007
0.921586  -64.347 0.963157
0.921736 -64.3365 0.963307
0.921886 -64.3259 0.963457
0.922036 -64.3153 0.963607
0.922186 -64.3047 0.963757
0.922336 -64.2942 0.963907
0.922486 -64.2836 0.964057
0.922636  -64.273 0.964057
0.922786 -64.2625 0.964207
0.922936 -64.2519 0.964357
0.923087 -64.2414 0.964507
0.923237 -64.2308 0.964657
0.923387 -64.2203 0.964807
0.923537 -64.2097 0.964957
0.923687 -64.1992 0.965108
0.923837 -64.1887 0.965258
0.923987 -64.1781 0.965408
0.924137 -64.1676 0.965558
0.924287 -64.1571 0.965708
0.924437 -64.1465 0.965858
0.924587  -64.136 0.966008
0.924737 -64.1255 0.966158
0.924887  -64.115 0.966308
0.925038 -64.1045 0.966458
0.925188  -64.094 0.966608
0.925338 -64.0835 0.966758
0.925488  -64.073 0.966908
0.925638 -64.0625 0.967059
0.925788  -64.052 0.967209
0.925938 -64.0415 0.967359
0.926088  -64.031 0.967509
0.926238 -64.0205 0.967659
0.926388   -64.01 0.967809
0.926538 -63.9995 0.967959
0.926688 -63.9891 0.967959
0.926838 -63.9786 0.968109
0.926988 -63.9681 0.968259
0.927139 -63.9577 0.968409
0.927289 -63.9472 0.968559
0.927439 -63.9367 0.968709
0.927589 -63.9263 0.968859
0.927739 -63.9158  0.96901
0.927889 -63.9054  0.96916
0.928039 -63.8949  0.96931
0.928189 -63.8845  0.96946
0.928339  -63.874  0.96961
0.928489 -63.8636  0.96976
0.928639 -63.8531  0.96991
0.928789 -63.8427  0.97006
0.928939 -63.8323  0.97021
 0.92909 -63.8219  0.97036
 0.92924 -63.8114  0.97051
 0.92939  -63.801  0.97066
 0.92954 -63.7906  0.97081
 0.92969 -63.7802  0.97096
 0.92984 -63.7698 0.971111
 0.92999 -63.7594 0.971261
 0.93014  -63.749 0.971411
 0.93029 -63.7386 0.971561
 0.93044 -63.7282 0.971711
 0.93059 -63.7178 0.971861
 0.93074 -63.7074 0.971861
 0.93089  -63.697 0.972011
0.931041 -63.6866 0.972161
0.931191 -63.6762 0.972311
0.931341 -63.6658 0.972461
0.931491 -63.6554 0.972611
0.931641 -63.6451 0.972761
0.931791 -63.6347 0.972911
0.931941 -63.6243 0.973062
0.932091  -63.614 0.973212
0.932241 -63.6036 0.973362
0.932391 -63.5932 0.973512
0.932541 -63.5829 0.973662
0.932691 -63.5725 0.973812
0.932841 -63.5622 0.973962
0.932991 -63.5518 0.974112
0.933142 -63.5415 0.974262
0.933292 -63.5311 0.974412
0.933442 -63.5208 0.974562
0.933592 -63.5105 0.974712
0.933742 -63.5001 0.974862
0.933892 -63.4898 0.975013
0.934042 -63.4795 0.975163
0.934192 -63.4692 0.975313
0.934342 -63.4588 0.975463
0.934492 -63.4485 0.975613
0.934642 -63.4382 0.975763
0.934792 -63.4279 0.975913
0.934942 -63.4176 0.975913
0.935093 -63.4073 0.976063
0.935243  -63.397 0.976213
0.935393 -63.3867 0.976363
0.935543 -63.3764 0.976513
0.935693 -63.3661 0.976663
0.935843 -63.3558 0.976813
0.935993 -63.3455 0.976963
0.936143 -63.3352 0.977114
0.936293  -63.325 0.977264
0.936443 -63.3147 0.977414
0.936593 -63.3044 0.977564
0.936743 -63.2941 0.977714
0.936893 -63.2839 0.977864
0.937044 -63.2736 0.978014
0.937194 -63.2633 0.978164
0.937344 -63.2531 0.978314
0.937494 -63.2428 0.978464
0.937644 -63.2326 0.978614
0.937794 -63.2223 0.978764
0.937944 -63.2121 0.978914
0.938094 -63.2018 0.979065
0.938244 -63.1916 0.979215
0.938394 -63.1814 0.979365
0.938544 -63.1711 0.979515
0.938694 -63.1609 0.979665
0.938844 -63.1507 0.979815
0.938994 -63.1404 0.979965
0.939145 -63.1302 0.980115
0.939295   -63.12 0.980115
0.939445 -63.1098 0.980265
0.939595 -63.0996 0.980415
0.939745 -63.0893 0.980565
0.939895 -63.0791 0.980715
0.940045 -63.0689 0.980865
0.940195 -63.0587 0.981016
0.940345 -63.0485 0.981166
0.940495 -63.0383 0.981316
0.940645 -63.0281 0.981466
0.940795 -63.0179 0.981616
0.940945 -63.0078 0.981766
0.941096 -62.9976 0.981916
0.941246 -62.9874 0.982066
0.941396 -62.9772 0.982216
0.941546  -62.967 0.982366
0.941696 -62.9569 0.982516
0.941846 -62.9467 0.982666
0.941996 -62.9365 0.982816
0.942146 -62.9264 0.982966
0.942296 -62.9162 0.983117
0.942446  -62.906 0.983267
0.942596 -62.8959 0.983417
0.942746 -62.8857 0.983567
0.942896 -62.8756 0.983717
0.943047 -62.8654 0.983867
0.943197 -62.8553 0.984017
0.943347 -62.8452 0.984167
0.943497  -62.835 0.984167
0.943647 -62.8249 0.984317
0.943797 -62.8148 0.984467
0.943947 -62.8046 0.984617
0.944097 -62.7945 0.984767
0.944247 -62.7844 0.984917
0.944397 -62.7743 0.985068
0.944547 -62.7641 0.985218
0.944697  -62.754 0.985368
0.944847 -62.7439 0.985518
0.944997 -62.7338 0.985668
0.945148 -62.7237 0.985818
0.945298 -62.7136 0.985968
0.945448 -62.7035 0.986118
0.945598 -62.6934 0.986268
0.945748 -62.6833 0.986418
0.945898 -62.6732 0.986568
0.946048 -62.6631 0.986718
0.946198 -62.6531 0.986868
0.946348  -62.643 0.987019
0.946498 -62.6329 0.987169
0.946648 -62.6228 0.987319
0.946798 -62.6128 0.987469
0.946948 -62.6027 0.987619
0.947099 -62.5926 0.987769
0.947249 -62.5826 0.987919
0.947399 -62.5725 0.988069
0.947549 -62.5624 0.988219
0.947699 -62.5524 0.988219
0.947849 -62.5423 0.988369
0.947999 -62.5323 0.988519
0.948149 -62.5222 0.988669
0.948299 -62.5122 0.988819
0.948449 -62.5021 0.988969
0.948599 -62.4921  0.98912
0.948749 -62.4821  0.98927
0.948899  -62.472  0.98942
 0.94905  -62.462  0.98957
  0.9492  -62.452  0.98972
 0.94935  -62.442  0.98987
  0.9495 -62.4319  0.99002
 0.94965 -62.4219  0.99017
  0.9498 -62.4119  0.99032
 0.94995 -62.4019  0.99047
  0.9501 -62.3919  0.99062
 0.95025 -62.3819  0.99077
  0.9504 -62.3719  0.99092
 0.95055 -62.3619 0.991071
  0.9507 -62.3519 0.991221
 0.95085 -62.3419 0.991371
0.951001 -62.3319 0.991521
0.951151 -62.3219 0.991671
0.951301 -62.3119 0.991821
0.951451 -62.3019 0.991971
0.951601  -62.292 0.992121
0.951751  -62.282 0.992271
0.951901  -62.272 0.992271
0.952051  -62.262 0.992421
0.952201 -62.2521 0.992571
0.952351 -62.2421 0.992721
0.952501 -62.2321 0.992871
0.952651 -62.2222 0.993022
0.952801 -62.2122 0.993172
0.952951 -62.2023 0.993322
0.953102 -62.1923 0.993472
0.953252 -62.1824 0.993622
0.953402 -62.1724 0.993772
0.953552 -62.1625 0.993922
0.953702 -62.1525 0.994072
0.953852 -62.1426 0.994222
0.954002 -62.1327 0.994372
0.954152 -62.1227 0.994522
0.954302 -62.1128 0.994672
0.954452 -62.1029 0.994822
0.954602  -62.093 0.994972
0.954752  -62.083 0.995123
0.954902 -62.0731 0.995273
0.955053 -62.0632 0.995423
0.955203 -62.0533 0.995573
0.955353 -62.0434 0.995723
0.955503 -62.0335 0.995873
0.955653 -62.0236 0.996023
0.955803 -62.0137 0.996173
0.955953 -62.0038 0.996323
0.956103 -61.9939 0.996473
0.956253  -61.984 0.996473
0.956403 -61.9741 0.996623
0.956553 -61.9642 0.996773
0.956703 -61.9544 0.996923
0.956853 -61.9445 0.997074
0.957004 -61.9346 0.997224
0.957154 -61.9247 0.997374
0.957304 -61.9148 0.997524
0.957454  -61.905 0.997674
0.957604 -61.8951 0.997824
0.957754 -61.8852 0.997974
0.957904 -61.8754 0.998124
0.958054 -61.8655 0.998274
0.958204 -61.8557 0.998424
0.958354 -61.8458 0.998574
0.958504  -61.836 0.998724
0.958654 -61.8261 0.998874
0.958804 -61.8163 0.999025
0.958954 -61.8064 0.999175
0.959105 -61.7966 0.999325
0.959255 -61.7868 0.999475
0.959405 -61.7769 0.999625
0.959555 -61.7671 0.999775
0.959705 -61.7573 0.999925
0.959855 -61.7475  1.00008
0.960005 -61.7376  1.00023
0.960155 -61.7278  1.00038
0.960305  -61.718  1.00053
0.960455 -61.7082  1.00053
0.960605 -61.6984  1.00068
0.960755 -61.6886  1.00083
0.960905 -61.6788  1.00098
0.961056  -61.669  1.00113
0.961206 -61.6592  1.00128
0.961356 -61.6494  1.00143
0.961506 -61.6396  1.00158
0.961656 -61.6298  1.00173
0.961806   -61.62  1.00188
0.961956 -61.6102  1.00203
0.962106 -61.6004  1.00218
0.962256 -61.5907  1.00233
0.962406 -61.5809  1.00248
0.962556 -61.5711  1.00263
0.962706 -61.5613  1.00278
0.962856 -61.5516  1.00293
0.963007 -61.5418  1.00308
0.963157 -61.5321  1.00323
0.963307 -61.5223  1.00338
0.963457 -61.5125  1.00353
0.963607 -61.5028  1.00368
0.963757  -61.493  1.00383
0.963907 -61.4833  1.00398
0.964057 -61.4735  1.00413
0.964207 -61.4638  1.00428
0.964357 -61.4541  1.00443
0.964507 -61.4443  1.00458
0.964657 -61.4346  1.00473
0.964807 -61.4249  1.00473
0.964957 -61.4151  1.00488
0.965108 -61.4054  1.00503
0.965258 -61.3957  1.00518
0.965408  -61.386  1.00533
0.965558 -61.3762  1.00548
0.965708 -61.3665  1.00563
0.965858 -61.3568  1.00578
0.966008 -61.3471  1.00593
0.966158 -61.3374  1.00608
0.966308 -61.3277  1.00623
0.966458  -61.318  1.00638
0.966608 -61.3083  1.00653
0.966758 -61.2986  1.00668
0.966908 -61.2889  1.00683
0.967059 -61.2792  1.00698
0.967209 -61.2695  1.00713
0.967359 -61.2598  1.00728
0.967509 -61.2502  1.00743
0.967659 -61.2405  1.00758
0.967809 -61.2308  1.00773
0.967959 -61.2211  1.00788
0.968109 -61.2115  1.00803
0.968259 -61.2018  1.00818
0.968409 -61.1921  1.00833
0.968559 -61.1825  1.00848
0.968709 -61.1728  1.00863
0.968859 -61.1632  1.00878
 0.96901 -61.1535  1.00878
 0.96916 -61.1438  1.00893
 0.96931 -61.1342  1.00908
 0.96946 -61.1245  1.00923
 0.96961 -61.1149  1.00938
 0.96976 -61.1053  1.00953
 0.96991 -61.0956  1.00968
 0.97006  -61.086  1.00983
 0.97021 -61.0764  1.00998
 0.97036 -61.0667  1.01013
 0.97051 -61.0571  1.01028
 0.97066 -61.0475  1.01043
 0.97081 -61.0379  1.01058
 0.97096 -61.0282  1.01073
0.971111 -61.0186  1.01088
0.971261  -61.009  1.01103
0.971411 -60.9994  1.01118
0.971561 -60.9898  1.01133
0.971711 -60.9802  1.01148
0.971861 -60.9706  1.01163
0.972011  -60.961  1.01178
0.972161 -60.9514  1.01193
0.972311 -60.9418  1.01208
0.972461 -60.9322  1.01223
0.972611 -60.9226  1.01238
0.972761  -60.913  1.01253
0.972911 -60.9034  1.01268
0.973062 -60.8939  1.01283
0.973212 -60.8843  1.01283
0.973362 -60.8747  1.01298
0.973512 -60.8651  1.01313
0.973662 -60.8556  1.01328
0.973812  -60.846  1.01343
0.973962 -60.8364  1.01358
0.974112 -60.8269  1.01373
0.974262 -60.8173  1.01388
0.974412 -60.8078  1.01403
0.974562 -60.7982  1.01418
0.974712 -60.7887  1.01433
0.974862 -60.7791  1.01448
0.975013 -60.7696  1.01463
0.975163   -60.76  1.01478
0.975313 -60.7505  1.01493
0.975463 -60.7409  1.01508
0.975613 -60.7314  1.01523
0.975763 -60.7219  1.01538
0.975913 -60.7123  1.01553
0.976063 -60.7028  1.01568
0.976213 -60.6933  1.01583
0.976363 -60.6838  1.01598
0.976513 -60.6742  1.01613
0.976663 -60.6647  1.01628
0.976813 -60.6552  1.01643
0.976963 -60.6457  1.01658
0.977114 -60.6362  1.01673
0.977264 -60.6267  1.01688
0.977414 -60.6172  1.01688
0.977564 -60.6077  1.01703
0.977714 -60.5982  1.01718
0.977864 -60.5887  1.01733
0.978014 -60.5792  1.01748
0.978164 -60.5697  1.01763
0.978314 -60.5602  1.01778
0.978464 -60.5507  1.01793
0.978614 -60.5413  1.01808
0.978764 -60.5318  1.01823
0.978914 -60.5223  1.01838
0.979065 -60.5128  1.01853
0.979215 -60.5034  1.01868
0.979365 -60.4939  1.01883
0.979515 -60.4844  1.01898
0.979665  -60.475  1.01913
0.979815 -60.4655  1.01928
0.979965 -60.4561  1.01943
0.980115 -60.4466  1.01958
0.980265 -60.4372  1.01973
0.980415 -60.4277  1.01988
0.980565 -60.4183  1.02004
0.980715 -60.4088  1.02019
0.980865 -60.3994  1.02034
0.981016 -60.3899  1.02049
0.981166 -60.3805  1.02064
0.981316 -60.3711  1.02079
0.981466 -60.3616  1.02079
0.981616 -60.3522  1.02094
0.981766 -60.3428  1.02109
0.981916 -60.3334  1.02124
0.982066 -60.3239  1.02139
0.982216 -60.3145  1.02154
0.982366 -60.3051  1.02169
0.982516 -60.2957  1.02184
0.982666 -60.2863  1.02199
0.982816 -60.2769  1.02214
0.982966 -60.2675  1.02229
0.983117 -60.2581  1.02244
0.983267 -60.2487  1.02259
0.983417 -60.2393  1.02274
0.983567 -60.2299  1.02289
0.983717 -60.2205  1.02304
0.983867 -60.2111  1.02319
0.984017 -60.2017  1.02334
0.984167 -60.1923  1.02349
0.984317  -60.183  1.02364
0.984467 -60.1736  1.02379
0.984617 -60.1642  1.02394
0.984767 -60.1548  1.02409
0.984917 -60.1455  1.02424
0.985068 -60.1361  1.02439
0.985218 -60.1267  1.02454
0.985368 -60.1174  1.02469
0.985518  -60.108  1.02469
0.985668 -60.0987  1.02484
0.985818 -60.0893  1.02499
0.985968 -60.0799  1.02514
0.986118 -60.0706  1.02529
0.986268 -60.0613  1.02544
0.986418 -60.0519  1.02559
0.986568 -60.0426  1.02574
0.986718 -60.0332  1.02589
0.986868 -60.0239  1.02604
0.987019 -60.0146  1.02619
0.987169 -60.0052  1.02634
0.987319 -59.9959  1.02649
0.987469 -59.9866  1.02664
0.987619 -59.9773  1.02679
0.987769 -59.9679  1.02694
0.987919 -59.9586  1.02709
0.988069 -59.9493  1.02724
0.988219   -59.94  1.02739
0.988369 -59.9307  1.02754
0.988519 -59.9214  1.02769
0.988669 -59.9121  1.02784
0.988819 -59.9028  1.02799
0.988969 -59.8935  1.02814
 0.98912 -59.8842  1.02829
 0.98927 -59.8749  1.02844
 0.98942 -59.8656  1.02859
 0.98957 -59.8563  1.02859
 0.98972  -59.847  1.02874
 0.98987 -59.8377  1.02889
 0.99002 -59.8285  1.02904
 0.99017 -59.8192  1.02919
 0.99032 -59.8099  1.02934
 0.99047 -59.8006  1.02949
 0.99062 -59.7914  1.02964
 0.99077 -59.7821  1.02979
 0.99092 -59.7728  1.02994
0.991071 -59.7636  1.03009
0.991221 -59.7543  1.03024
0.991371  -59.745  1.03039
0.991521 -59.7358  1.03054
0.991671 -59.7265  1.03069
0.991821 -59.7173  1.03084
0.991971  -59.708  1.03099
0.992121 -59.6988  1.03114
0.992271 -59.6896  1.03129
0.992421 -59.6803  1.03144
0.992571 -59.6711  1.03159
0.992721 -59.6618  1.03174
0.992871 -59.6526  1.03189
0.993022 -59.6434  1.03204
0.993172 -59.6342  1.03219
0.993322 -59.6249  1.03234
0.993472 -59.6157  1.03249
0.993622 -59.6065  1.03264
0.993772 -59.5973  1.03264
0.993922 -59.5881  1.03279
0.994072 -59.5789  1.03294
0.994222 -59.5697  1.03309
0.994372 -59.5604  1.03324
0.994522 -59.5512  1.03339
0.994672  -59.542  1.03354
0.994822 -59.5328  1.03369
0.994972 -59.5237  1.03384
0.995123 -59.5145  1.03399
0.995273 -59.5053  1.03414
0.995423 -59.4961  1.03429
0.995573 -59.4869  1.03444
0.995723 -59.4777  1.03459
0.995873 -59.4685  1.03474
0.996023 -59.4594  1.03489
0.996173 -59.4502  1.03504
0.996323  -59.441  1.03519
0.996473 -59.4318  1.03534
0.996623 -59.4227  1.03549
0.996773 -59.4135  1.03564
0.996923 -59.4044  1.03579
0.997074 -59.3952  1.03594
0.997224  -59.386  1.03609
0.997374 -59.3769  1.03624
0.997524 -59.3677  1.03639
0.997674 -59.3586  1.03639
0.997824 -59.3494  1.03654
0.997974 -59.3403  1.03669
0.998124 -59.3311  1.03684
0.998274  -59.322  1.03699
0.998424 -59.3129  1.03714
0.998574 -59.3037  1.03729
0.998724 -59.2946  1.03744
0.998874 -59.2855  1.03759
0.999025 -59.2764  1.03774
0.999175 -59.2672  1.03789
0.999325 -59.2581  1.03804
0.999475  -59.249  1.03819
0.999625 -59.2399  1.03834
0.999775 -59.2308  1.03849
0.999925 -59.2217  1.03864
 1.00008 -59.2125  1.03879
 1.00023 -59.2034  1.03894
 1.00038 -59.1943  1.03909
 1.00053 -59.1852  1.03924
 1.00068 -59.1761  1.03939
 1.00083  -59.167  1.03954
 1.00098  -59.158  1.03969
 1.00113 -59.1489  1.03984
 1.00128 -59.1398  1.03999
 1.00143 -59.1307  1.04015
 1.00158 -59.1216  1.04015
 1.00173 -59.1125   1.0403
 1.00188 -59.1034  1.04045
 1.00203 -59.0944   1.0406
 1.00218 -59.0853  1.04075
 1.00233 -59.0762   1.0409
 1.00248 -59.0672  1.04105
 1.00263 -59.0581   1.0412
 1.00278  -59.049  1.04135
 1.00293   -59.04   1.0415
 1.00308 -59.0309  1.04165
 1.00323 -59.0219   1.0418
 1.00338 -59.0128  1.04195
 1.00353 -59.0038   1.0421
 1.00368 -58.9947  1.04225
 1.00383 -58.9857   1.0424
 1.00398 -58.9766  1.04255
 1.00413 -58.9676   1.0427
 1.00428 -58.9586  1.04285
 1.00443 -58.9495    1.043
 1.00458 -58.9405  1.04315
 1.00473 -58.9315   1.0433
 1.00488 -58.9224  1.04345
 1.00503 -58.9134   1.0436
 1.00518 -58.9044  1.04375
 1.00533 -58.8954   1.0439
 1.00548 -58.8864   1.0439
 1.00563 -58.8773  1.04405
 1.00578 -58.8683   1.0442
 1.00593 -58.8593  1.04435
 1.00608 -58.8503   1.0445
 1.00623 -58.8413  1.04465
 1.00638 -58.8323   1.0448
 1.00653 -58.8233  1.04495
 1.00668 -58.8143   1.0451
 1.00683 -58.8053  1.04525
 1.00698 -58.7963   1.0454
 1.00713 -58.7873  1.04555
 1.00728 -58.7784   1.0457
 1.00743 -58.7694  1.04585
 1.00758 -58.7604    1.046
 1.00773 -58.7514  1.04615
 1.00788 -58.7424   1.0463
 1.00803 -58.7335  1.04645
 1.00818 -58.7245   1.0466
 1.00833 -58.7155  1.04675
 1.00848 -58.7066   1.0469
 1.00863 -58.6976  1.04705
 1.00878 -58.6886   1.0472
 1.00893 -58.6797  1.04735
 1.00908 -58.6707   1.0475
 1.00923 -58.6618   1.0475
 1.00938 -58.6528  1.04765
 1.00953 -58.6439   1.0478
 1.00968 -58.6349  1.04795
 1.00983  -58.626   1.0481
 1.00998  -58.617  1.04825
 1.01013 -58.6081   1.0484
 1.01028 -58.5992  1.04855
 1.01043 -58.5902   1.0487
 1.01058 -58.5813  1.04885
 1.01073 -58.5724    1.049
 1.01088 -58.5634  1.04915
 1.01103 -58.5545   1.0493
 1.01118 -58.5456  1.04945
 1.01133 -58.5367   1.0496
 1.01148 -58.5278  1.04975
 1.01163 -58.5188   1.0499
 1.01178 -58.5099  1.05005
 1.01193  -58.501   1.0502
 1.01208 -58.4921  1.05035
 1.01223 -58.4832   1.0505
 1.01238 -58.4743  1.05065
 1.01253 -58.4654   1.0508
 1.01268 -58.4565  1.05095
 1.01283 -58.4476  1.05095
 1.01298 -58.4387   1.0511
 1.01313 -58.4299  1.05125
 1.01328  -58.421   1.0514
 1.01343 -58.4121  1.05155
 1.01358 -58.4032   1.0517
 1.01373 -58.3943  1.05185
 1.01388 -58.3854    1.052
 1.01403 -58.3766  1.05215
 1.01418 -58.3677   1.0523
 1.01433 -58.3588  1.05245
 1.01448   -58.35   1.0526
 1.01463 -58.3411  1.05275
 1.01478 -58.3322   1.0529
 1.01493 -58.3234  1.05305
 1.01508 -58.3145   1.0532
 1.01523 -58.3057  1.05335
 1.01538 -58.2968   1.0535
 1.01553  -58.288  1.05365
 1.01568 -58.2791   1.0538
 1.01583 -58.2703  1.05395
 1.01598 -58.2614   1.0541
 1.01613 -58.2526  1.05425
 1.01628 -58.2438   1.0544
 1.01643 -58.2349   1.0544
 1.01658 -58.2261  1.05455
 1.01673 -58.2173   1.0547
 1.01688 -58.2085  1.05485
 1.01703 -58.1996    1.055
 1.01718 -58.1908  1.05515
 1.01733  -58.182   1.0553
 1.01748 -58.1732  1.05545
 1.01763 -58.1644   1.0556
 1.01778 -58.1555  1.05575
 1.01793 -58.1467   1.0559
 1.01808 -58.1379  1.05605
 1.01823 -58.1291   1.0562
 1.01838 -58.1203  1.05635
 1.01853 -58.1115   1.0565
 1.01868 -58.1027  1.05665
 1.01883 -58.0939   1.0568
 1.01898 -58.0851  1.05695
 1.01913 -58.0764   1.0571
 1.01928 -58.0676  1.05725
 1.01943 -58.0588   1.0574
 1.01958   -58.05  1.05755
 1.01973 -58.0412   1.0577
 1.01988 -58.0325   1.0577
 1.02004 -58.0237  1.05785
 1.02019 -58.0149    1.058
 1.02034 -58.0061  1.05815
 1.02049 -57.9974   1.0583
 1.02064 -57.9886  1.05845
 1.02079 -57.9798   1.0586
 1.02094 -57.9711  1.05875
 1.02109 -57.9623   1.0589
 1.02124 -57.9536  1.05905
 1.02139 -57.9448   1.0592
 1.02154 -57.9361  1.05935
 1.02169 -57.9273   1.0595
 1.02184 -57.9186  1.05965
 1.02199 -57.9098   1.0598
 1.02214 -57.9011  1.05995
 1.02229 -57.8924  1.06011
 1.02244 -57.8836  1.06026
 1.02259 -57.8749  1.06041
 1.02274 -57.8662  1.06056
 1.02289 -57.8574  1.06071
 1.02304 -57.8487  1.06086
 1.02319   -57.84  1.06101
 1.02334 -57.8313  1.06101
 1.02349 -57.8226  1.06116
 1.02364 -57.8139  1.06131
 1.02379 -57.8051  1.06146
 1.02394 -57.7964  1.06161
 1.02409 -57.7877  1.06176
 1.02424  -57.779  1.06191
 1.02439 -57.7703  1.06206
 1.02454 -57.7616  1.06221
 1.02469 -57.7529  1.06236
 1.02484 -57.7442  1.06251
 1.02499 -57.7355  1.06266
 1.02514 -57.7268  1.06281
 1.02529 -57.7182  1.06296
 1.02544 -57.7095  1.06311
 1.02559 -57.7008  1.06326
 1.02574 -57.6921  1.06341
 1.02589 -57.6834  1.06356
 1.02604 -57.6748  1.06371
 1.02619 -57.6661  1.06386
 1.02634 -57.6574  1.06401
 1.02649 -57.6488  1.06416
 1.02664 -57.6401  1.06416
 1.02679 -57.6314  1.06431
 1.02694 -57.6228  1.06446
 1.02709 -57.6141  1.06461
 1.02724 -57.6055  1.06476
 1.02739 -57.5968  1.06491
 1.02754 -57.5882  1.06506
 1.02769 -57.5795  1.06521
 1.02784 -57.5709  1.06536
 1.02799 -57.5622  1.06551
 1.02814 -57.5536  1.06566
 1.02829 -57.5449  1.06581
 1.02844 -57.5363  1.06596
 1.02859 -57.5277  1.06611
 1.02874  -57.519  1.06626
 1.02889 -57.5104  1.06641
 1.02904 -57.5018  1.06656
 1.02919 -57.4932  1.06671
 1.02934 -57.4845  1.06686
 1.02949 -57.4759  1.06701
 1.02964 -57.4673  1.06716
 1.02979 -57.4587  1.06731
 1.02994 -57.4501  1.06731
 1.03009 -57.4415  1.06746
 1.03024 -57.4329  1.06761
 1.03039 -57.4243  1.06776
 1.03054 -57.4157  1.06791
 1.03069 -57.4071  1.06806
 1.03084 -57.3985  1.06821
 1.03099 -57.3899  1.06836
 1.03114 -57.3813  1.06851
 1.03129 -57.3727  1.06866
 1.03144 -57.3641  1.06881
 1.03159 -57.3555  1.06896
 1.03174  -57.347  1.06911
 1.03189 -57.3384  1.06926
 1.03204 -57.3298  1.06941
 1.03219 -57.3212  1.06956
 1.03234 -57.3127  1.06971
 1.03249 -57.3041  1.06986
 1.03264 -57.2955  1.07001
 1.03279  -57.287  1.07016
 1.03294 -57.2784  1.07031
 1.03309 -57.2698  1.07031
 1.03324 -57.2613  1.07046
 1.03339 -57.2527  1.07061
 1.03354 -57.2442  1.07076
 1.03369 -57.2356  1.07091
 1.03384 -57.2271  1.07106
 1.03399 -57.2185  1.07121
 1.03414   -57.21  1.07136
 1.03429 -57.2015  1.07151
 1.03444 -57.1929  1.07166
 1.03459 -57.1844  1.07181
 1.03474 -57.1759  1.07196
 1.03489 -57.1673  1.07211
 1.03504 -57.1588  1.07226
 1.03519 -57.1503  1.07241
 1.03534 -57.1418  1.07256
 1.03549 -57.1332  1.07271
 1.03564 -57.1247  1.07286
 1.03579 -57.1162  1.07301
 1.03594 -57.1077  1.07316
 1.03609 -57.0992  1.07331
 1.03624 -57.0907  1.07331
 1.03639 -57.0822  1.07346
 1.03654 -57.0737  1.07361
 1.03669 -57.0652  1.07376
 1.03684 -57.0567  1.07391
 1.03699 -57.0482  1.07406
 1.03714 -57.0397  1.07421
 1.03729 -57.0312  1.07436
 1.03744 -57.0227  1.07451
 1.03759 -57.0142  1.07466
 1.03774 -57.0057  1.07481
 1.03789 -56.9973  1.07496
 1.03804 -56.9888  1.07511
 1.03819 -56.9803  1.07526
 1.03834 -56.9718  1.07541
 1.03849 -56.9634  1.07556
 1.03864 -56.9549  1.07571
 1.03879 -56.9464  1.07586
 1.03894  -56.938  1.07601
 1.03909 -56.9295  1.07616
 1.03924  -56.921  1.07616
 1.03939 -56.9126  1.07631
 1.03954 -56.9041  1.07646
 1.03969 -56.8957  1.07661
 1.03984 -56.8872  1.07676
 1.03999 -56.8788  1.07691
 1.04015 -56.8703  1.07706
  1.0403 -56.8619  1.07721
 1.04045 -56.8535  1.07736
  1.0406  -56.845  1.07751
 1.04075 -56.8366  1.07766
  1.0409 -56.8282  1.07781
 1.04105 -56.8197  1.07796
  1.0412 -56.8113  1.07811
 1.04135 -56.8029  1.07826
  1.0415 -56.7945  1.07841
 1.04165  -56.786  1.07856
  1.0418 -56.7776  1.07871
 1.04195 -56.7692  1.07886
  1.0421 -56.7608  1.07886
 1.04225 -56.7524  1.07901
  1.0424  -56.744  1.07916
 1.04255 -56.7356  1.07931
  1.0427 -56.7272  1.07946
 1.04285 -56.7188  1.07961
   1.043 -56.7104  1.07976
 1.04315  -56.702  1.07991
  1.0433 -56.6936  1.08007
 1.04345 -56.6852  1.08022
  1.0436 -56.6768  1.08037
 1.04375 -56.6684  1.08052
  1.0439   -56.66  1.08067
 1.04405 -56.6517  1.08082
  1.0442 -56.6433  1.08097
 1.04435 -56.6349  1.08112
  1.0445 -56.6265  1.08127
 1.04465 -56.6182  1.08142
  1.0448 -56.6098  1.08157
 1.04495 -56.6014  1.08157
  1.0451 -56.5931  1.08172
 1.04525 -56.5847  1.08187
  1.0454 -56.5764  1.08202
 1.04555  -56.568  1.08217
  1.0457 -56.5596  1.08232
 1.04585 -56.5513  1.08247
   1.046 -56.5429  1.08262
 1.04615 -56.5346  1.08277
  1.0463 -56.5263  1.08292
 1.04645 -56.5179  1.08307
  1.0466 -56.5096  1.08322
 1.04675 -56.5012  1.08337
  1.0469 -56.4929  1.08352
 1.04705 -56.4846  1.08367
  1.0472 -56.4762  1.08382
 1.04735 -56.4679  1.08397
  1.0475 -56.4596  1.08412
 1.04765 -56.4513  1.08412
  1.0478  -56.443  1.08427
 1.04795 -56.4346  1.08442
  1.0481 -56.4263  1.08457
 1.04825  -56.418  1.08472
  1.0484 -56.4097  1.08487
 1.04855 -56.4014  1.08502
  1.0487 -56.3931  1.08517
 1.04885 -56.3848  1.08532
   1.049 -56.3765  1.08547
 1.04915 -56.3682  1.08562
  1.0493 -56.3599  1.08577
 1.04945 -56.3516  1.08592
  1.0496 -56.3433  1.08607
 1.04975  -56.335  1.08622
  1.0499 -56.3268  1.08637
 1.05005 -56.3185  1.08652
  1.0502 -56.3102  1.08667
 1.05035 -56.3019  1.08667
  1.0505 -56.2937  1.08682
 1.05065 -56.2854  1.08697
  1.0508 -56.2771  1.08712
 1.05095 -56.2688  1.08727
  1.0511 -56.2606  1.08742
 1.05125 -56.2523  1.08757
  1.0514 -56.2441  1.08772
 1.05155 -56.2358  1.08787
  1.0517 -56.2276  1.08802
 1.05185 -56.2193  1.08817
   1.052 -56.2111  1.08832
 1.05215 -56.2028  1.08847
  1.0523 -56.1946  1.08862
 1.05245 -56.1863  1.08877
  1.0526 -56.1781  1.08892
 1.05275 -56.1698  1.08907
  1.0529 -56.1616  1.08907
 1.05305 -56.1534  1.08922
  1.0532 -56.1451  1.08937
 1.05335 -56.1369  1.08952
  1.0535 -56.1287  1.08967
 1.05365 -56.1205  1.08982
  1.0538 -56.1123  1.08997
 1.05395  -56.104  1.09012
  1.0541 -56.0958  1.09027
 1.05425 -56.0876  1.09042
  1.0544 -56.0794  1.09057
 1.05455 -56.0712  1.09072
  1.0547  -56.063  1.09087
 1.05485 -56.0548  1.09102
   1.055 -56.0466  1.09117
 1.05515 -56.0384  1.09132
  1.0553 -56.0302  1.09147
 1.05545  -56.022  1.09147
  1.0556 -56.0138  1.09162
 1.05575 -56.0056  1.09177
  1.0559 -55.9974  1.09192
 1.05605 -55.9893  1.09207
  1.0562 -55.9811  1.09222
 1.05635 -55.9729  1.09237
  1.0565 -55.9647  1.09252
 1.05665 -55.9566  1.09267
  1.0568 -55.9484  1.09282
 1.05695 -55.9402  1.09297
  1.0571 -55.9321  1.09312
 1.05725 -55.9239  1.09327
  1.0574 -55.9157  1.09342
 1.05755 -55.9076  1.09342
  1.0577 -55.8994  1.09357
 1.05785 -55.8913  1.09372
   1.058 -55.8831  1.09387
 1.05815  -55.875  1.09402
  1.0583 -55.8668  1.09417
 1.05845 -55.8587  1.09432
  1.0586 -55.8506  1.09447
 1.05875 -55.8424  1.09462
  1.0589 -55.8343  1.09477
 1.05905 -55.8262  1.09492
  1.0592  -55.818  1.09507
 1.05935 -55.8099  1.09522
  1.0595 -55.8018  1.09537
 1.05965 -55.7937  1.09537
  1.0598 -55.7856  1.09552
 1.05995 -55.7774  1.09567
 1.06011 -55.7693  1.09582
 1.06026 -55.7612  1.09597
 1.06041 -55.7531  1.09612
 1.06056  -55.745  1.09627
 1.06071 -55.7369  1.09642
 1.06086 -55.7288  1.09657
 1.06101 -55.7207  1.09672
 1.06116 -55.7126  1.09687
 1.06131 -55.7045  1.09702
 1.06146 -55.6964  1.09717
 1.06161 -55.6883  1.09732
 1.06176 -55.6803  1.09732
 1.06191 -55.6722  1.09747
 1.06206 -55.6641  1.09762
 1.06221  -55.656  1.09777
 1.06236  -55.648  1.09792
 1.06251 -55.6399  1.09807
 1.06266 -55.6318  1.09822
 1.06281 -55.6238  1.09837
 1.06296 -55.6157  1.09852
 1.06311 -55.6076  1.09867
 1.06326 -55.5996  1.09882
 1.06341 -55.5915  1.09897
 1.06356 -55.5835  1.09912
 1.06371 -55.5754  1.09912
 1.06386 -55.5674  1.09927
 1.06401 -55.5593  1.09942
 1.06416 -55.5513  1.09957
 1.06431 -55.5432  1.09972
 1.06446 -55.5352  1.09987
 1.06461 -55.5272  1.10003
 1.06476 -55.5191  1.10018
 1.06491 -55.5111  1.10033
 1.06506 -55.5031  1.10048
 1.06521 -55.4951  1.10063
 1.06536  -55.487  1.10078
 1.06551  -55.479  1.10093
 1.06566  -55.471  1.10108
 1.06581  -55.463  1.10108
 1.06596  -55.455  1.10123
 1.06611  -55.447  1.10138
 1.06626  -55.439  1.10153
 1.06641  -55.431  1.10168
 1.06656  -55.423  1.10183
 1.06671  -55.415  1.10198
 1.06686  -55.407  1.10213
 1.06701  -55.399  1.10228
 1.06716  -55.391  1.10243
 1.06731  -55.383  1.10258
 1.06746  -55.375  1.10273
 1.06761  -55.367  1.10273
 1.06776 -55.3591  1.10288
 1.06791 -55.3511  1.10303
 1.06806 -55.3431  1.10318
 1.06821 -55.3351  1.10333
 1.06836 -55.3272  1.10348
 1.06851 -55.3192  1.10363
 1.06866 -55.3112  1.10378
 1.06881 -55.3033  1.10393
 1.06896 -55.2953  1.10408
 1.06911 -55.2874  1.10423
 1.06926 -55.2794  1.10438
 1.06941 -55.2715  1.10453
 1.06956 -55.2635  1.10453
 1.06971 -55.2556  1.10468
 1.06986 -55.2476  1.10483
 1.07001 -55.2397  1.10498
 1.07016 -55.2317  1.10513
 1.07031 -55.2238  1.10528
 1.07046 -55.2159  1.10543
 1.07061 -55.2079  1.10558
 1.07076    -55.2  1.10573
 1.07091 -55.1921  1.10588
 1.07106 -55.1842  1.10603
 1.07121 -55.1763  1.10618
 1.07136 -55.1683  1.10633
 1.07151 -55.1604  1.10633
 1.07166 -55.1525  1.10648
 1.07181 -55.1446  1.10663
 1.07196 -55.1367  1.10678
 1.07211 -55.1288  1.10693
 1.07226 -55.1209  1.10708
 1.07241  -55.113  1.10723
 1.07256 -55.1051  1.10738
 1.07271 -55.0972  1.10753
 1.07286 -55.0893  1.10768
 1.07301 -55.0814  1.10783
 1.07316 -55.0735  1.10798
 1.07331 -55.0657  1.10798
 1.07346 -55.0578  1.10813
 1.07361 -55.0499  1.10828
 1.07376  -55.042  1.10843
 1.07391 -55.0341  1.10858
 1.07406 -55.0263  1.10873
 1.07421 -55.0184  1.10888
 1.07436 -55.0105  1.10903
 1.07451 -55.0027  1.10918
 1.07466 -54.9948  1.10933
 1.07481  -54.987  1.10948
 1.07496 -54.9791  1.10963
 1.07511 -54.9713  1.10978
 1.07526 -54.9634  1.10978
 1.07541 -54.9556  1.10993
 1.07556 -54.9477  1.11008
 1.07571 -54.9399  1.11023
 1.07586  -54.932  1.11038
 1.07601 -54.9242  1.11053
 1.07616 -54.9164  1.11068
 1.07631 -54.9085  1.11083
 1.07646 -54.9007  1.11098
 1.07661 -54.8929  1.11113
 1.07676 -54.8851  1.11128
 1.07691 -54.8772  1.11143
 1.07706 -54.8694  1.11143
 1.07721 -54.8616  1.11158
 1.07736 -54.8538  1.11173
 1.07751  -54.846  1.11188
 1.07766 -54.8382  1.11203
 1.07781 -54.8304  1.11218
 1.07796 -54.8226  1.11233
 1.07811 -54.8148  1.11248
 1.07826  -54.807  1.11263
 1.07841 -54.7992  1.11278
 1.07856 -54.7914  1.11278
 1.07871 -54.7836  1.11293
 1.07886 -54.7758  1.11308
 1.07901  -54.768  1.11323
 1.07916 -54.7602  1.11338
 1.07931 -54.7525  1.11353
 1.07946 -54.7447  1.11368
 1.07961 -54.7369  1.11383
 1.07976 -54.7292  1.11398
 1.07991 -54.7214  1.11413
 1.08007 -54.7136  1.11428
 1.08022 -54.7059  1.11428
 1.08037 -54.6981  1.11443
 1.08052 -54.6903  1.11458
 1.08067 -54.6826  1.11473
 1.08082 -54.6748  1.11488
 1.08097 -54.6671  1.11503
 1.08112 -54.6594  1.11518
 1.08127 -54.6516  1.11533
 1.08142 -54.6439  1.11548
 1.08157 -54.6361  1.11563
 1.08172 -54.6284  1.11578
 1.08187 -54.6207  1.11578
 1.08202 -54.6129  1.11593
 1.08217 -54.6052  1.11608
 1.08232 -54.5975  1.11623
 1.08247 -54.5898  1.11638
 1.08262  -54.582  1.11653
 1.08277 -54.5743  1.11668
 1.08292 -54.5666  1.11683
 1.08307 -54.5589  1.11698
 1.08322 -54.5512  1.11713
 1.08337 -54.5435  1.11713
 1.08352 -54.5358  1.11728
 1.08367 -54.5281  1.11743
 1.08382 -54.5204  1.11758
 1.08397 -54.5127  1.11773
 1.08412  -54.505  1.11788
 1.08427 -54.4973  1.11803
 1.08442 -54.4897  1.11818
 1.08457  -54.482  1.11833
 1.08472 -54.4743  1.11848
 1.08487 -54.4666  1.11848
 1.08502 -54.4589  1.11863
 1.08517 -54.4513  1.11878
 1.08532 -54.4436  1.11893
 1.08547 -54.4359  1.11908
 1.08562 -54.4283  1.11923
 1.08577 -54.4206  1.11938
 1.08592  -54.413  1.11953
 1.08607 -54.4053  1.11968
 1.08622 -54.3977  1.11968
 1.08637   -54.39  1.11983
 1.08652 -54.3824  1.11998
 1.08667 -54.3747  1.12014
 1.08682 -54.3671  1.12029
 1.08697 -54.3594  1.12044
 1.08712 -54.3518  1.12059
 1.08727 -54.3442  1.12074
 1.08742 -54.3366  1.12089
 1.08757 -54.3289  1.12089
 1.08772 -54.3213  1.12104
 1.08787 -54.3137  1.12119
 1.08802 -54.3061  1.12134
 1.08817 -54.2985  1.12149
 1.08832 -54.2908  1.12164
 1.08847 -54.2832  1.12179
 1.08862 -54.2756  1.12194
 1.08877  -54.268  1.12209
 1.08892 -54.2604  1.12224
 1.08907 -54.2528  1.12224
 1.08922 -54.2452  1.12239
 1.08937 -54.2376  1.12254
 1.08952 -54.2301  1.12269
 1.08967 -54.2225  1.12284
 1.08982 -54.2149  1.12299
 1.08997 -54.2073  1.12314
 1.09012 -54.1997  1.12329
 1.09027 -54.1922  1.12344
 1.09042 -54.1846  1.12344
 1.09057  -54.177  1.12359
 1.09072 -54.1694  1.12374
 1.09087 -54.1619  1.12389
 1.09102 -54.1543  1.12404
 1.09117 -54.1468  1.12419
 1.09132 -54.1392  1.12434
 1.09147 -54.1317  1.12434
 1.09162 -54.1241  1.12449
 1.09177 -54.1166  1.12464
 1.09192  -54.109  1.12479
 1.09207 -54.1015  1.12494
 1.09222  -54.094  1.12494
 1.09237 -54.0864  1.12509
 1.09252 -54.0789  1.12524
 1.09267 -54.0714  1.12539
 1.09282 -54.0639  1.12554
 1.09297 -54.0564  1.12554
 1.09312 -54.0489  1.12569
 1.09327 -54.0414  1.12584
 1.09342 -54.0339  1.12599
 1.09357 -54.0264  1.12614
 1.09372 -54.0189  1.12629
 1.09387 -54.0114  1.12629
 1.09402 -54.0039  1.12644
 1.09417 -53.9964  1.12659
 1.09432 -53.9889  1.12674
 1.09447 -53.9815  1.12689
 1.09462  -53.974  1.12689
 1.09477 -53.9665  1.12704
 1.09492 -53.9591  1.12719
 1.09507 -53.9516  1.12734
 1.09522 -53.9441  1.12749
 1.09537 -53.9367  1.12749
 1.09552 -53.9292  1.12764
 1.09567 -53.9218  1.12779
 1.09582 -53.9143  1.12794
 1.09597 -53.9069  1.12809
 1.09612 -53.8995  1.12824
 1.09627  -53.892  1.12824
 1.09642 -53.8846  1.12839
 1.09657 -53.8772  1.12854
 1.09672 -53.8698  1.12869
 1.09687 -53.8624  1.12884
 1.09702  -53.855  1.12884
 1.09717 -53.8475  1.12899
 1.09732 -53.8401  1.12914
 1.09747 -53.8327  1.12929
 1.09762 -53.8253  1.12944
 1.09777  -53.818  1.12944
 1.09792 -53.8106  1.12959
 1.09807 -53.8032  1.12974
 1.09822 -53.7958  1.12989
 1.09837 -53.7884  1.13004
 1.09852  -53.781  1.13004
 1.09867 -53.7737  1.13019
 1.09882 -53.7663  1.13034
 1.09897 -53.7589  1.13049
 1.09912 -53.7516  1.13064
 1.09927 -53.7442  1.13079
 1.09942 -53.7369  1.13079
 1.09957 -53.7295  1.13094
 1.09972 -53.7222  1.13109
 1.09987 -53.7148  1.13124
 1.10003 -53.7075  1.13139
 1.10018 -53.7002  1.13139
 1.10033 -53.6928  1.13154
 1.10048 -53.6855  1.13169
 1.10063 -53.6782  1.13184
 1.10078 -53.6709  1.13199
 1.10093 -53.6635  1.13199
 1.10108 -53.6562  1.13214
 1.10123 -53.6489  1.13229
 1.10138 -53.6416  1.13244
 1.10153 -53.6343  1.13259
 1.10168  -53.627  1.13259
 1.10183 -53.6197  1.13274
 1.10198 -53.6124  1.13289
 1.10213 -53.6051  1.13304
 1.10228 -53.5978  1.13319
 1.10243 -53.5906  1.13319
 1.10258 -53.5833  1.13334
 1.10273  -53.576  1.13349
 1.10288 -53.5687  1.13364
 1.10303 -53.5615  1.13379
 1.10318 -53.5542  1.13394
 1.10333  -53.547  1.13394
 1.10348 -53.5397  1.13409
 1.10363 -53.5325  1.13424
 1.10378 -53.5252  1.13439
 1.10393  -53.518  1.13454
 1.10408 -53.5107  1.13454
 1.10423 -53.5035  1.13469
 1.10438 -53.4963  1.13484
 1.10453  -53.489  1.13499
 1.10468 -53.4818  1.13514
 1.10483 -53.4746  1.13514
 1.10498 -53.4674  1.13529
 1.10513 -53.4602  1.13544
 1.10528 -53.4529  1.13559
 1.10543 -53.4457  1.13574
 1.10558 -53.4385  1.13574
 1.10573 -53.4313  1.13589
 1.10588 -53.4241  1.13604
 1.10603 -53.4169  1.13619
 1.10618 -53.4098  1.13634
 1.10633 -53.4026  1.13634
 1.10648 -53.3954  1.13649
 1.10663 -53.3882  1.13664
 1.10678  -53.381  1.13679
 1.10693 -53.3739  1.13694
 1.10708 -53.3667  1.13694
 1.10723 -53.3595  1.13709
 1.10738 -53.3524  1.13724
 1.10753 -53.3452  1.13739
 1.10768 -53.3381  1.13754
 1.10783 -53.3309  1.13754
 1.10798 -53.3238  1.13769
 1.10813 -53.3166  1.13784
 1.10828 -53.3095  1.13799
 1.10843 -53.3024  1.13814
 1.10858 -53.2952  1.13814
 1.10873 -53.2881  1.13829
 1.10888  -53.281  1.13844
 1.10903 -53.2739  1.13859
 1.10918 -53.2667  1.13874
 1.10933 -53.2596  1.13874
 1.10948 -53.2525  1.13889
 1.10963 -53.2454  1.13904
 1.10978 -53.2383  1.13919
 1.10993 -53.2312  1.13934
 1.11008 -53.2241  1.13934
 1.11023  -53.217  1.13949
 1.11038 -53.2099  1.13964
 1.11053 -53.2029  1.13979
 1.11068 -53.1958  1.13994
 1.11083 -53.1887  1.13994
 1.11098 -53.1816   1.1401
 1.11113 -53.1746  1.14025
 1.11128 -53.1675   1.1404
 1.11143 -53.1604  1.14055
 1.11158 -53.1534  1.14055
 1.11173 -53.1463   1.1407
 1.11188 -53.1393  1.14085
 1.11203 -53.1322    1.141
 1.11218 -53.1252  1.14115
 1.11233 -53.1181  1.14115
 1.11248 -53.1111   1.1413
 1.11263 -53.1041  1.14145
 1.11278  -53.097   1.1416
 1.11293   -53.09   1.1416
 1.11308  -53.083  1.14175
 1.11323  -53.076   1.1419
 1.11338  -53.069  1.14205
 1.11353 -53.0619   1.1422
 1.11368 -53.0549   1.1422
 1.11383 -53.0479  1.14235
 1.11398 -53.0409   1.1425
 1.11413 -53.0339  1.14265
 1.11428 -53.0269   1.1428
 1.11443 -53.0199   1.1428
 1.11458  -53.013  1.14295
 1.11473  -53.006   1.1431
 1.11488  -52.999  1.14325
 1.11503  -52.992   1.1434
 1.11518  -52.985   1.1434
 1.11533 -52.9781  1.14355
 1.11548 -52.9711   1.1437
 1.11563 -52.9642  1.14385
 1.11578 -52.9572    1.144
 1.11593 -52.9502    1.144
 1.11608 -52.9433  1.14415
 1.11623 -52.9363   1.1443
 1.11638 -52.9294  1.14445
 1.11653 -52.9225   1.1446
 1.11668 -52.9155   1.1446
 1.11683 -52.9086  1.14475
 1.11698 -52.9017   1.1449
 1.11713 -52.8947  1.14505
 1.11728 -52.8878  1.14505
 1.11743 -52.8809   1.1452
 1.11758  -52.874  1.14535
 1.11773 -52.8671   1.1455
 1.11788 -52.8602   1.1455
 1.11803 -52.8533  1.14565
 1.11818 -52.8464   1.1458
 1.11833 -52.8395   1.1458
 1.11848 -52.8326  1.14595
 1.11863 -52.8257   1.1461
 1.11878 -52.8188  1.14625
 1.11893  -52.812  1.14625
 1.11908 -52.8051   1.1464
 1.11923 -52.7982  1.14655
 1.11938 -52.7914   1.1467
 1.11953 -52.7845   1.1467
 1.11968 -52.7777  1.14685
 1.11983 -52.7708    1.147
 1.11998  -52.764    1.147
 1.12014 -52.7571  1.14715
 1.12029 -52.7503   1.1473
 1.12044 -52.7435  1.14745
 1.12059 -52.7366  1.14745
 1.12074 -52.7298   1.1476
 1.12089  -52.723  1.14775
 1.12104 -52.7162   1.1479
 1.12119 -52.7094   1.1479
 1.12134 -52.7026  1.14805
 1.12149 -52.6958   1.1482
 1.12164  -52.689   1.1482
 1.12179 -52.6822  1.14835
 1.12194 -52.6754   1.1485
 1.12209 -52.6686  1.14865
 1.12224 -52.6618  1.14865
 1.12239 -52.6551   1.1488
 1.12254 -52.6483  1.14895
 1.12269 -52.6415   1.1491
 1.12284 -52.6347   1.1491
 1.12299  -52.628  1.14925
 1.12314 -52.6212   1.1494
 1.12329 -52.6145   1.1494
 1.12344 -52.6077  1.14955
 1.12359  -52.601   1.1497
 1.12374 -52.5943  1.14985
 1.12389 -52.5875  1.14985
 1.12404 -52.5808     1.15
 1.12419 -52.5741     1.15
 1.12434 -52.5674     1.15
 1.12449 -52.5607     1.15
 1.12464  -52.554     1.15
 1.12479 -52.5473     1.15
 1.12494 -52.5406     1.15
 1.12509  -52.534     1.15
 1.12524 -52.5273     1.15
 1.12539 -52.5207     1.15
 1.12554 -52.5141     1.15
 1.12569 -52.5075     1.15
 1.12584 -52.5009     1.15
 1.12599 -52.4943     1.15
 1.12614 -52.4877     1.15
 1.12629 -52.4812     1.15
 1.12644 -52.4746     1.15
 1.12659 -52.4681     1.15
 1.12674 -52.4616     1.15
 1.12689 -52.4551     1.15
 1.12704 -52.4486     1.15
 1.12719 -52.4421     1.15
 1.12734 -52.4356     1.15
 1.12749 -52.4291     1.15
 1.12764 -52.4227     1.15
 1.12779 -52.4162     1.15
 1.12794 -52.4098     1.15
 1.12809 -52.4034     1.15
 1.12824  -52.397     1.15
 1.12839 -52.3906     1.15
 1.12854 -52.3842     1.15
 1.12869 -52.3778     1.15
 1.12884 -52.3714     1.15
 1.12899 -52.3651     1.15
 1.12914 -52.3587     1.15
 1.12929 -52.3524     1.15
 1.12944 -52.3461     1.15
 1.12959 -52.3398     1.15
 1.12974 -52.3335     1.15
 1.12989 -52.3272     1.15
 1.13004 -52.3209     1.15
 1.13019 -52.3146     1.15
 1.13034 -52.3084     1.15
 1.13049 -52.3021     1.15
 1.13064 -52.2959     1.15
 1.13079 -52.2896     1.15
 1.13094 -52.2834     1.15
 1.13109 -52.2772     1.15
 1.13124  -52.271     1.15
 1.13139 -52.2649     1.15
 1.13154 -52.2587     1.15
 1.13169 -52.2525     1.15
 1.13184 -52.2464     1.15
 1.13199 -52.2402     1.15
 1.13214 -52.2341     1.15
 1.13229  -52.228     1.15
 1.13244 -52.2219     1.15
 1.13259 -52.2158     1.15
 1.13274 -52.2097     1.15
 1.13289 -52.2036     1.15
 1.13304 -52.1975     1.15
 1.13319 -52.1915     1.15
 1.13334 -52.1854     1.15
 1.13349 -52.1794     1.15
 1.13364 -52.1734     1.15
 1.13379 -52.1674     1.15
 1.13394 -52.1614     1.15
 1.13409 -52.1554     1.15
 1.13424 -52.1494     1.15
 1.13439 -52.1434     1.15
 1.13454 -52.1375     1.15
 1.13469 -52.1315     1.15
 1.13484 -52.1256     1.15
 1.13499 -52.1196     1.15
 1.13514 -52.1137     1.15
 1.13529 -52.1078     1.15
 1.13544 -52.1019     1.15
 1.13559  -52.096     1.15
 1.13574 -52.0901     1.15
 1.13589 -52.0842     1.15
 1.13604 -52.0784     1.15
 1.13619 -52.0725     1.15
 1.13634 -52.0667     1.15
 1.13649 -52.0609     1.15
 1.13664  -52.055     1.15
 1.13679 -52.0492     1.15
 1.13694 -52.0434     1.15
 1.13709 -52.0376     1.15
 1.13724 -52.0319     1.15
 1.13739 -52.0261     1.15
 1.13754 -52.0203     1.15
 1.13769 -52.0146     1.15
 1.13784 -52.0088     1.15
 1.13799 -52.0031     1.15
 1.13814 -51.9974     1.15
 1.13829 -51.9917     1.15
 1.13844 -51.9859     1.15
 1.13859 -51.9803     1.15
 1.13874 -51.9746     1.15
 1.13889 -51.9689     1.15
 1.13904 -51.9632     1.15
 1.13919 -51.9576     1.15
 1.13934 -51.9519     1.15
 1.13949 -51.9463     1.15
 1.13964 -51.9407     1.15
 1.13979  -51.935     1.15
 1.13994 -51.9294     1.15
  1.1401 -51.9238     1.15
 1.14025 -51.9183     1.15
  1.1404 -51.9127     1.15
 1.14055 -51.9071     1.15
  1.1407 -51.9015     1.15
 1.14085  -51.896     1.15
   1.141 -51.8904     1.15
 1.14115 -51.8849     1.15
  1.1413 -51.8794     1.15
 1.14145 -51.8739     1.15
  1.1416 -51.8684     1.15
 1.14175 -51.8629     1.15
  1.1419 -51.8574     1.15
 1.14205 -51.8519     1.15
  1.1422 -51.8464     1.15
 1.14235  -51.841     1.15
  1.1425 -51.8355     1.15
 1.14265 -51.8301     1.15
  1.1428 -51.8247     1.15
 1.14295 -51.8192     1.15
  1.1431 -51.8138     1.15
 1.14325 -51.8084     1.15
  1.1434  -51.803     1.15
 1.14355 -51.7976     1.15
  1.1437 -51.7923     1.15
 1.14385 -51.7869     1.15
   1.144 -51.7815     1.15
 1.14415 -51.7762     1.15
  1.1443 -51.7709     1.15
 1.14445 -51.7655     1.15
  1.1446 -51.7602     1.15
 1.14475 -51.7549     1.15
  1.1449 -51.7496     1.15
 1.14505 -51.7443     1.15
  1.1452  -51.739     1.15
 1.14535 -51.7337     1.15
  1.1455 -51.7285     1.15
 1.14565 -51.7232     1.15
  1.1458 -51.7179     1.15
 1.14595 -51.7127     1.15
  1.1461 -51.7075     1.15
 1.14625 -51.7022     1.15
  1.1464  -51.697     1.15
 1.14655 -51.6918     1.15
  1.1467 -51.6866     1.15
 1.14685 -51.6814     1.15
   1.147 -51.6762     1.15
 1.14715 -51.6711     1.15
  1.1473 -51.6659     1.15
 1.14745 -51.6607     1.15
  1.1476 -51.6556     1.15
 1.14775 -51.6505     1.15
  1.1479 -51.6453     1.15
 1.14805 -51.6402     1.15
  1.1482 -51.6351     1.15
 1.14835   -51.63     1.15
  1.1485 -51.6249     1.15
 1.14865 -51.6198     1.15
  1.1488 -51.6147     1.15
 1.14895 -51.6096     1.15
  1.1491 -51.6046     1.15
 1.14925 -51.5995     1.15
  1.1494 -51.5945     1.15
 1.14955 -51.5894     1.15
  1.1497 -51.5844     1.15
 1.14985 -51.5794     1.15
    1.15 -51.5744     1.15