 kgrid  ValNew  Policy 
    0.85 -70.5582 0.895173
 0.85015 -70.5458 0.895173
  0.8503 -70.5334 0.895323
 0.85045  -70.521 0.895473
  0.8506 -70.5086 0.895623
 0.85075 -70.4962 0.895773
  0.8509 -70.4838 0.895923
0.851051 -70.4715 0.896073
0.851201 -70.4591 0.896223
0.851351 -70.4467 0.896373
0.851501 -70.4343 0.896523
0.851651  -70.422 0.896673
0.851801 -70.4096 0.896823
0.851951 -70.3973 0.896823
0.852101 -70.3849 0.896973
0.852251 -70.3726 0.897124
0.852401 -70.3602 0.897274
0.852551 -70.3479 0.897424
0.852701 -70.3356 0.897574
0.852851 -70.3232 0.897724
0.853002 -70.3109 0.897874
0.853152 -70.2986 0.898024
0.853302 -70.2863 0.898174
0.853452  -70.274 0.898324
0.853602 -70.2617 0.898474
0.853752 -70.2494 0.898474
0.853902 -70.2371 0.898624
0.854052 -70.2248 0.898774
0.854202 -70.2126 0.898924
0.854352 -70.2003 0.899075
0.854502  -70.188 0.899225
0.854652 -70.1757 0.899375
0.854802 -70.1635 0.899525
0.854952 -70.1512 0.899675
0.855103  -70.139 0.899825
0.855253 -70.1267 0.899975
0.855403 -70.1145 0.900125
0.855553 -70.1023 0.900275
0.855703   -70.09 0.900425
0.855853 -70.0778 0.900575
0.856003 -70.0656 0.900575
0.856153 -70.0533 0.900725
0.856303 -70.0411 0.900875
0.856453 -70.0289 0.901026
0.856603 -70.0167 0.901176
0.856753 -70.0045 0.901326
0.856903 -69.9923 0.901476
0.857054 -69.9801 0.901626
0.857204 -69.9679 0.901776
0.857354 -69.9558 0.901926
0.857504 -69.9436 0.902076
0.857654 -69.9314 0.902226
0.857804 -69.9192 0.902376
0.857954 -69.9071 0.902526
0.858104 -69.8949 0.902676
0.858254 -69.8827 0.902676
0.858404 -69.8706 0.902826
0.858554 -69.8584 0.902976
0.858704 -69.8463 0.903127
0.858854 -69.8342 0.903277
0.859005  -69.822 0.903427
0.859155 -69.8099 0.903577
0.859305 -69.7978 0.903727
0.859455 -69.7857 0.903877
0.859605 -69.7735 0.904027
0.859755 -69.7614 0.904177
0.859905 -69.7493 0.904327
0.860055 -69.7372 0.904477
0.860205 -69.7251 0.904627
0.860355  -69.713 0.904777
0.860505 -69.7009 0.904927
0.860655 -69.6888 0.905078
0.860805 -69.6768 0.905078
0.860955 -69.6647 0.905228
0.861106 -69.6526 0.905378
0.861256 -69.6405 0.905528
0.861406 -69.6285 0.905678
0.861556 -69.6164 0.905828
0.861706 -69.6044 0.905978
0.861856 -69.5923 0.906128
0.862006 -69.5803 0.906278
0.862156 -69.5682 0.906428
0.862306 -69.5562 0.906578
0.862456 -69.5442 0.906728
0.862606 -69.5321 0.906878
0.862756 -69.5201 0.907029
0.862906 -69.5081 0.907179
0.863057 -69.4961 0.907329
0.863207 -69.4841 0.907479
0.863357 -69.4721 0.907479
0.863507   -69.46 0.907629
0.863657  -69.448 0.907779
0.863807 -69.4361 0.907929
0.863957 -69.4241 0.908079
0.864107 -69.4121 0.908229
0.864257 -69.4001 0.908379
0.864407 -69.3881 0.908529
0.864557 -69.3761 0.908679
0.864707 -69.3642 0.908829
0.864857 -69.3522 0.908979
0.865008 -69.3403  0.90913
0.865158 -69.3283  0.90928
0.865308 -69.3163  0.90943
0.865458 -69.3044  0.90958
0.865608 -69.2925  0.90973
0.865758 -69.2805  0.90973
0.865908 -69.2686  0.90988
0.866058 -69.2567  0.91003
0.866208 -69.2447  0.91018
0.866358 -69.2328  0.91033
0.866508 -69.2209  0.91048
0.866658  -69.209  0.91063
0.866808 -69.1971  0.91078
0.866958 -69.1852  0.91093
0.867109 -69.1733 0.911081
0.867259 -69.1614 0.911231
0.867409 -69.1495 0.911381
0.867559 -69.1376 0.911531
0.867709 -69.1257 0.911681
0.867859 -69.1138 0.911831
0.868009 -69.1019 0.911981
0.868159 -69.0901 0.912131
0.868309 -69.0782 0.912281
0.868459 -69.0663 0.912281
0.868609 -69.0545 0.912431
0.868759 -69.0426 0.912581
0.868909 -69.0308 0.912731
 0.86906 -69.0189 0.912881
 0.86921 -69.0071 0.913032
 0.86936 -68.9952 0.913182
 0.86951 -68.9834 0.913332
 0.86966 -68.9716 0.913482
 0.86981 -68.9598 0.913632
 0.86996 -68.9479 0.913782
 0.87011 -68.9361 0.913932
 0.87026 -68.9243 0.914082
 0.87041 -68.9125 0.914232
 0.87056 -68.9007 0.914382
 0.87071 -68.8889 0.914532
 0.87086 -68.8771 0.914682
0.871011 -68.8653 0.914832
0.871161 -68.8535 0.914982
0.871311 -68.8417 0.914982
0.871461 -68.8299 0.915133
0.871611 -68.8182 0.915283
0.871761 -68.8064 0.915433
0.871911 -68.7946 0.915583
0.872061 -68.7828 0.915733
0.872211 -68.7711 0.915883
0.872361 -68.7593 0.916033
0.872511 -68.7476 0.916183
0.872661 -68.7358 0.916333
0.872811 -68.7241 0.916483
0.872961 -68.7123 0.916633
0.873112 -68.7006 0.916783
0.873262 -68.6889 0.916933
0.873412 -68.6771 0.917084
0.873562 -68.6654 0.917234
0.873712 -68.6537 0.917384
0.873862  -68.642 0.917534
0.874012 -68.6303 0.917684
0.874162 -68.6186 0.917834
0.874312 -68.6068 0.917834
0.874462 -68.5951 0.917984
0.874612 -68.5834 0.918134
0.874762 -68.5718 0.918284
0.874912 -68.5601 0.918434
0.875063 -68.5484 0.918584
0.875213 -68.5367 0.918734
0.875363  -68.525 0.918884
0.875513 -68.5133 0.919035
0.875663 -68.5017 0.919185
0.875813   -68.49 0.919335
0.875963 -68.4784 0.919485
0.876113 -68.4667 0.919635
0.876263  -68.455 0.919785
0.876413 -68.4434 0.919935
0.876563 -68.4317 0.920085
0.876713 -68.4201 0.920235
0.876863 -68.4085 0.920385
0.877014 -68.3968 0.920535
0.877164 -68.3852 0.920535
0.877314 -68.3736 0.920685
0.877464  -68.362 0.920835
0.877614 -68.3503 0.920985
0.877764 -68.3387 0.921136
0.877914 -68.3271 0.921286
0.878064 -68.3155 0.921436
0.878214 -68.3039 0.921586
0.878364 -68.2923 0.921736
0.878514 -68.2807 0.921886
0.878664 -68.2691 0.922036
0.878814 -68.2575 0.922186
0.878964 -68.2459 0.922336
0.879115 -68.2344 0.922486
0.879265 -68.2228 0.922636
0.879415 -68.2112 0.922786
0.879565 -68.1997 0.922936
0.879715 -68.1881 0.923087
0.879865 -68.1765 0.923237
0.880015  -68.165 0.923387
0.880165 -68.1534 0.923537
0.880315 -68.1419 0.923537
0.880465 -68.1303 0.923687
0.880615 -68.1188 0.923837
0.880765 -68.1073 0.923987
0.880915 -68.0957 0.924137
0.881066 -68.0842 0.924287
0.881216 -68.0727 0.924437
0.881366 -68.0611 0.924587
0.881516 -68.0496 0.924737
0.881666 -68.0381 0.924887
0.881816 -68.0266 0.925038
0.881966 -68.0151 0.925188
0.882116 -68.0036 0.925338
0.882266 -67.9921 0.925488
0.882416 -67.9806 0.925638
0.882566 -67.9691 0.925788
0.882716 -67.9576 0.925938
0.882866 -67.9461 0.926088
0.883017 -67.9347 0.926238
0.883167 -67.9232 0.926388
0.883317 -67.9117 0.926538
0.883467 -67.9003 0.926538
0.883617 -67.8888 0.926688
0.883767 -67.8773 0.926838
0.883917 -67.8659 0.926988
0.884067 -67.8544 0.927139
0.884217  -67.843 0.927289
0.884367 -67.8315 0.927439
0.884517 -67.8201 0.927589
0.884667 -67.8086 0.927739
0.884817 -67.7972 0.927889
0.884967 -67.7858 0.928039
0.885118 -67.7744 0.928189
0.885268 -67.7629 0.928339
0.885418 -67.7515 0.928489
0.885568 -67.7401 0.928639
0.885718 -67.7287 0.928789
0.885868 -67.7173 0.928939
0.886018 -67.7059  0.92909
0.886168 -67.6945  0.92924
0.886318 -67.6831  0.92939
0.886468 -67.6717  0.92954
0.886618 -67.6603  0.92954
0.886768 -67.6489  0.92969
0.886918 -67.6375  0.92984
0.887069 -67.6262  0.92999
0.887219 -67.6148  0.93014
0.887369 -67.6034  0.93029
0.887519 -67.5921  0.93044
0.887669 -67.5807  0.93059
0.887819 -67.5693  0.93074
0.887969  -67.558  0.93089
0.888119 -67.5466 0.931041
0.888269 -67.5353 0.931191
0.888419 -67.5239 0.931341
0.888569 -67.5126 0.931491
0.888719 -67.5013 0.931641
0.888869 -67.4899 0.931791
 0.88902 -67.4786 0.931941
 0.88917 -67.4673 0.932091
 0.88932 -67.4559 0.932241
 0.88947 -67.4446 0.932391
 0.88962 -67.4333 0.932541
 0.88977  -67.422 0.932691
 0.88992 -67.4107 0.932691
 0.89007 -67.3994 0.932841
 0.89022 -67.3881 0.932991
 0.89037 -67.3768 0.933142
 0.89052 -67.3655 0.933292
 0.89067 -67.3542 0.933442
 0.89082 -67.3429 0.933592
 0.89097 -67.3316 0.933742
0.891121 -67.3204 0.933892
0.891271 -67.3091 0.934042
0.891421 -67.2978 0.934192
0.891571 -67.2866 0.934342
0.891721 -67.2753 0.934492
0.891871  -67.264 0.934642
0.892021 -67.2528 0.934792
0.892171 -67.2415 0.934942
0.892321 -67.2303 0.935093
0.892471  -67.219 0.935243
0.892621 -67.2078 0.935393
0.892771 -67.1965 0.935543
0.892921 -67.1853 0.935693
0.893072 -67.1741 0.935843
0.893222 -67.1629 0.935993
0.893372 -67.1516 0.935993
0.893522 -67.1404 0.936143
0.893672 -67.1292 0.936293
0.893822  -67.118 0.936443
0.893972 -67.1068 0.936593
0.894122 -67.0956 0.936743
0.894272 -67.0844 0.936893
0.894422 -67.0732 0.937044
0.894572  -67.062 0.937194
0.894722 -67.0508 0.937344
0.894872 -67.0396 0.937494
0.895023 -67.0284 0.937644
0.895173 -67.0172 0.937794
0.895323  -67.006 0.937944
0.895473 -66.9949 0.938094
0.895623 -66.9837 0.938244
0.895773 -66.9725 0.938394
0.895923 -66.9614 0.938544
0.896073 -66.9502 0.938694
0.896223  -66.939 0.938844
0.896373 -66.9279 0.938994
0.896523 -66.9167 0.939145
0.896673 -66.9056 0.939295
0.896823 -66.8945 0.939445
0.896973 -66.8833 0.939445
0.897124 -66.8722 0.939595
0.897274  -66.861 0.939745
0.897424 -66.8499 0.939895
0.897574 -66.8388 0.940045
0.897724 -66.8277 0.940195
0.897874 -66.8166 0.940345
0.898024 -66.8054 0.940495
0.898174 -66.7943 0.940645
0.898324 -66.7832 0.940795
0.898474 -66.7721 0.940945
0.898624  -66.761 0.941096
0.898774 -66.7499 0.941246
0.898924 -66.7388 0.941396
0.899075 -66.7277 0.941546
0.899225 -66.7166 0.941696
0.899375 -66.7056 0.941846
0.899525 -66.6945 0.941996
0.899675 -66.6834 0.942146
0.899825 -66.6723 0.942296
0.899975 -66.6613 0.942446
0.900125 -66.6502 0.942596
0.900275 -66.6391 0.942746
0.900425 -66.6281 0.942896
0.900575  -66.617 0.943047
0.900725  -66.606 0.943047
0.900875 -66.5949 0.943197
0.901026 -66.5839 0.943347
0.901176 -66.5728 0.943497
0.901326 -66.5618 0.943647
0.901476 -66.5508 0.943797
0.901626 -66.5397 0.943947
0.901776 -66.5287 0.944097
0.901926 -66.5177 0.944247
0.902076 -66.5067 0.944397
0.902226 -66.4956 0.944547
0.902376 -66.4846 0.944697
0.902526 -66.4736 0.944847
0.902676 -66.4626 0.944997
0.902826 -66.4516 0.945148
0.902976 -66.4406 0.945298
0.903127 -66.4296 0.945448
0.903277 -66.4186 0.945598
0.903427 -66.4076 0.945748
0.903577 -66.3966 0.945898
0.903727 -66.3857 0.946048
0.903877 -66.3747 0.946198
0.904027 -66.3637 0.946348
0.904177 -66.3527 0.946498
0.904327 -66.3418 0.946648
0.904477 -66.3308 0.946648
0.904627 -66.3198 0.946798
0.904777 -66.3089 0.946948
0.904927 -66.2979 0.947099
0.905078  -66.287 0.947249
0.905228  -66.276 0.947399
0.905378 -66.2651 0.947549
0.905528 -66.2541 0.947699
0.905678 -66.2432 0.947849
0.905828 -66.2323 0.947999
0.905978 -66.2213 0.948149
0.906128 -66.2104 0.948299
0.906278 -66.1995 0.948449
0.906428 -66.1886 0.948599
0.906578 -66.1776 0.948749
0.906728 -66.1667 0.948899
0.906878 -66.1558  0.94905
0.907029 -66.1449   0.9492
0.907179  -66.134  0.94935
0.907329 -66.1231   0.9495
0.907479 -66.1122  0.94965
0.907629 -66.1013   0.9498
0.907779 -66.0904  0.94995
0.907929 -66.0795   0.9501
0.908079 -66.0686  0.95025
0.908229 -66.0578  0.95025
0.908379 -66.0469   0.9504
0.908529  -66.036  0.95055
0.908679 -66.0251   0.9507
0.908829 -66.0143  0.95085
0.908979 -66.0034 0.951001
 0.90913 -65.9925 0.951151
 0.90928 -65.9817 0.951301
 0.90943 -65.9708 0.951451
 0.90958   -65.96 0.951601
 0.90973 -65.9491 0.951751
 0.90988 -65.9383 0.951901
 0.91003 -65.9274 0.952051
 0.91018 -65.9166 0.952201
 0.91033 -65.9058 0.952351
 0.91048 -65.8949 0.952501
 0.91063 -65.8841 0.952651
 0.91078 -65.8733 0.952801
 0.91093 -65.8625 0.952951
0.911081 -65.8516 0.953102
0.911231 -65.8408 0.953252
0.911381   -65.83 0.953402
0.911531 -65.8192 0.953552
0.911681 -65.8084 0.953702
0.911831 -65.7976 0.953852
0.911981 -65.7868 0.954002
0.912131  -65.776 0.954152
0.912281 -65.7652 0.954152
0.912431 -65.7544 0.954302
0.912581 -65.7436 0.954452
0.912731 -65.7328 0.954602
0.912881 -65.7221 0.954752
0.913032 -65.7113 0.954902
0.913182 -65.7005 0.955053
0.913332 -65.6898 0.955203
0.913482  -65.679 0.955353
0.913632 -65.6682 0.955503
0.913782 -65.6575 0.955653
0.913932 -65.6467 0.955803
0.914082  -65.636 0.955953
0.914232 -65.6252 0.956103
0.914382 -65.6145 0.956253
0.914532 -65.6037 0.956403
0.914682  -65.593 0.956553
0.914832 -65.5822 0.956703
0.914982 -65.5715 0.956853
0.915133 -65.5608 0.957004
0.915283 -65.5501 0.957154
0.915433 -65.5393 0.957304
0.915583 -65.5286 0.957454
0.915733 -65.5179 0.957604
0.915883 -65.5072 0.957754
0.916033 -65.4965 0.957904
0.916183 -65.4858 0.957904
0.916333 -65.4751 0.958054
0.916483 -65.4644 0.958204
0.916633 -65.4537 0.958354
0.916783  -65.443 0.958504
0.916933 -65.4323 0.958654
0.917084 -65.4216 0.958804
0.917234 -65.4109 0.958954
0.917384 -65.4002 0.959105
0.917534 -65.3895 0.959255
0.917684 -65.3789 0.959405
0.917834 -65.3682 0.959555
0.917984 -65.3575 0.959705
0.918134 -65.3469 0.959855
0.918284 -65.3362 0.960005
0.918434 -65.3255 0.960155
0.918584 -65.3149 0.960305
0.918734 -65.3042 0.960455
0.918884 -65.2936 0.960605
0.919035 -65.2829 0.960755
0.919185 -65.2723 0.960905
0.919335 -65.2617 0.961056
0.919485  -65.251 0.961206
0.919635 -65.2404 0.961356
0.919785 -65.2298 0.961506
0.919935 -65.2191 0.961656
0.920085 -65.2085 0.961656
0.920235 -65.1979 0.961806
0.920385 -65.1873 0.961956
0.920535 -65.1767 0.962106
0.920685 -65.1661 0.962256
0.920835 -65.1555 0.962406
0.920985 -65.1448 0.962556
0.921136 -65.1342 0.962706
0.921286 -65.1237 0.962856
0.921436 -65.1131 0.963007
0.921586 -65.1025 0.963157
0.921736 -65.0919 0.963307
0.921886 -65.0813 0.963457
0.922036 -65.0707 0.963607
0.922186 -65.0601 0.963757
0.922336 -65.0496 0.963907
0.922486  -65.039 0.964057
0.922636 -65.0284 0.964207
0.922786 -65.0178 0.964357
0.922936 -65.0073 0.964507
0.923087 -64.9967 0.964657
0.923237 -64.9862 0.964807
0.923387 -64.9756 0.964957
0.923537 -64.9651 0.965108
0.923687 -64.9545 0.965258
0.923837  -64.944 0.965408
0.923987 -64.9334 0.965558
0.924137 -64.9229 0.965708
0.924287 -64.9124 0.965708
0.924437 -64.9018 0.965858
0.924587 -64.8913 0.966008
0.924737 -64.8808 0.966158
0.924887 -64.8703 0.966308
0.925038 -64.8597 0.966458
0.925188 -64.8492 0.966608
0.925338 -64.8387 0.966758
0.925488 -64.8282 0.966908
0.925638 -64.8177 0.967059
0.925788 -64.8072 0.967209
0.925938 -64.7967 0.967359
0.926088 -64.7862 0.967509
0.926238 -64.7757 0.967659
0.926388 -64.7652 0.967809
0.926538 -64.7547 0.967959
0.926688 -64.7442 0.968109
0.926838 -64.7338 0.968259
0.926988 -64.7233 0.968409
0.927139 -64.7128 0.968559
0.927289 -64.7023 0.968709
0.927439 -64.6919 0.968859
0.927589 -64.6814  0.96901
0.927739 -64.6709  0.96916
0.927889 -64.6605  0.96931
0.928039   -64.65  0.96946
0.928189 -64.6396  0.96961
0.928339 -64.6291  0.96961
0.928489 -64.6187  0.96976
0.928639 -64.6082  0.96991
0.928789 -64.5978  0.97006
0.928939 -64.5874  0.97021
 0.92909 -64.5769  0.97036
 0.92924 -64.5665  0.97051
 0.92939 -64.5561  0.97066
 0.92954 -64.5456  0.97081
 0.92969 -64.5352  0.97096
 0.92984 -64.5248 0.971111
 0.92999 -64.5144 0.971261
 0.93014  -64.504 0.971411
 0.93029 -64.4936 0.971561
 0.93044 -64.4831 0.971711
 0.93059 -64.4727 0.971861
 0.93074 -64.4623 0.972011
 0.93089 -64.4519 0.972161
0.931041 -64.4416 0.972311
0.931191 -64.4312 0.972461
0.931341 -64.4208 0.972611
0.931491 -64.4104 0.972761
0.931641    -64.4 0.972911
0.931791 -64.3896 0.973062
0.931941 -64.3793 0.973212
0.932091 -64.3689 0.973362
0.932241 -64.3585 0.973512
0.932391 -64.3481 0.973662
0.932541 -64.3378 0.973662
0.932691 -64.3274 0.973812
0.932841 -64.3171 0.973962
0.932991 -64.3067 0.974112
0.933142 -64.2964 0.974262
0.933292  -64.286 0.974412
0.933442 -64.2757 0.974562
0.933592 -64.2653 0.974712
0.933742  -64.255 0.974862
0.933892 -64.2446 0.975013
0.934042 -64.2343 0.975163
0.934192  -64.224 0.975313
0.934342 -64.2137 0.975463
0.934492 -64.2033 0.975613
0.934642  -64.193 0.975763
0.934792 -64.1827 0.975913
0.934942 -64.1724 0.976063
0.935093 -64.1621 0.976213
0.935243 -64.1518 0.976363
0.935393 -64.1414 0.976513
0.935543 -64.1311 0.976663
0.935693 -64.1208 0.976813
0.935843 -64.1105 0.976963
0.935993 -64.1003 0.977114
0.936143   -64.09 0.977264
0.936293 -64.0797 0.977414
0.936443 -64.0694 0.977564
0.936593 -64.0591 0.977714
0.936743 -64.0488 0.977714
0.936893 -64.0386 0.977864
0.937044 -64.0283 0.978014
0.937194  -64.018 0.978164
0.937344 -64.0077 0.978314
0.937494 -63.9975 0.978464
0.937644 -63.9872 0.978614
0.937794  -63.977 0.978764
0.937944 -63.9667 0.978914
0.938094 -63.9565 0.979065
0.938244 -63.9462 0.979215
0.938394  -63.936 0.979365
0.938544 -63.9257 0.979515
0.938694 -63.9155 0.979665
0.938844 -63.9052 0.979815
0.938994  -63.895 0.979965
0.939145 -63.8848 0.980115
0.939295 -63.8745 0.980265
0.939445 -63.8643 0.980415
0.939595 -63.8541 0.980565
0.939745 -63.8439 0.980715
0.939895 -63.8337 0.980865
0.940045 -63.8235 0.981016
0.940195 -63.8132 0.981166
0.940345  -63.803 0.981316
0.940495 -63.7928 0.981466
0.940645 -63.7826 0.981616
0.940795 -63.7724 0.981766
0.940945 -63.7622 0.981916
0.941096 -63.7521 0.981916
0.941246 -63.7419 0.982066
0.941396 -63.7317 0.982216
0.941546 -63.7215 0.982366
0.941696 -63.7113 0.982516
0.941846 -63.7011 0.982666
0.941996  -63.691 0.982816
0.942146 -63.6808 0.982966
0.942296 -63.6706 0.983117
0.942446 -63.6605 0.983267
0.942596 -63.6503 0.983417
0.942746 -63.6401 0.983567
0.942896   -63.63 0.983717
0.943047 -63.6198 0.983867
0.943197 -63.6097 0.984017
0.943347 -63.5995 0.984167
0.943497 -63.5894 0.984317
0.943647 -63.5792 0.984467
0.943797 -63.5691 0.984617
0.943947  -63.559 0.984767
0.944097 -63.5488 0.984917
0.944247 -63.5387 0.985068
0.944397 -63.5286 0.985218
0.944547 -63.5185 0.985368
0.944697 -63.5083 0.985518
0.944847 -63.4982 0.985668
0.944997 -63.4881 0.985818
0.945148  -63.478 0.985968
0.945298 -63.4679 0.985968
0.945448 -63.4578 0.986118
0.945598 -63.4477 0.986268
0.945748 -63.4376 0.986418
0.945898 -63.4275 0.986568
0.946048 -63.4174 0.986718
0.946198 -63.4073 0.986868
0.946348 -63.3972 0.987019
0.946498 -63.3871 0.987169
0.946648  -63.377 0.987319
0.946798 -63.3669 0.987469
0.946948 -63.3569 0.987619
0.947099 -63.3468 0.987769
0.947249 -63.3367 0.987919
0.947399 -63.3267 0.988069
0.947549 -63.3166 0.988219
0.947699 -63.3065 0.988369
0.947849 -63.2965 0.988519
0.947999 -63.2864 0.988669
0.948149 -63.2764 0.988819
0.948299 -63.2663 0.988969
0.948449 -63.2563  0.98912
0.948599 -63.2462  0.98927
0.948749 -63.2362  0.98942
0.948899 -63.2261  0.98957
 0.94905 -63.2161  0.98972
  0.9492 -63.2061  0.98987
 0.94935  -63.196  0.99002
  0.9495  -63.186  0.99017
 0.94965  -63.176  0.99017
  0.9498  -63.166  0.99032
 0.94995 -63.1559  0.99047
  0.9501 -63.1459  0.99062
 0.95025 -63.1359  0.99077
  0.9504 -63.1259  0.99092
 0.95055 -63.1159 0.991071
  0.9507 -63.1059 0.991221
 0.95085 -63.0959 0.991371
0.951001 -63.0859 0.991521
0.951151 -63.0759 0.991671
0.951301 -63.0659 0.991821
0.951451 -63.0559 0.991971
0.951601 -63.0459 0.992121
0.951751 -63.0359 0.992271
0.951901 -63.0259 0.992421
0.952051  -63.016 0.992571
0.952201  -63.006 0.992721
0.952351  -62.996 0.992871
0.952501  -62.986 0.993022
0.952651 -62.9761 0.993172
0.952801 -62.9661 0.993322
0.952951 -62.9562 0.993472
0.953102 -62.9462 0.993622
0.953252 -62.9362 0.993772
0.953402 -62.9263 0.993922
0.953552 -62.9163 0.994072
0.953702 -62.9064 0.994222
0.953852 -62.8964 0.994222
0.954002 -62.8865 0.994372
0.954152 -62.8766 0.994522
0.954302 -62.8666 0.994672
0.954452 -62.8567 0.994822
0.954602 -62.8468 0.994972
0.954752 -62.8368 0.995123
0.954902 -62.8269 0.995273
0.955053  -62.817 0.995423
0.955203 -62.8071 0.995573
0.955353 -62.7972 0.995723
0.955503 -62.7872 0.995873
0.955653 -62.7773 0.996023
0.955803 -62.7674 0.996173
0.955953 -62.7575 0.996323
0.956103 -62.7476 0.996473
0.956253 -62.7377 0.996623
0.956403 -62.7278 0.996773
0.956553 -62.7179 0.996923
0.956703  -62.708 0.997074
0.956853 -62.6982 0.997224
0.957004 -62.6883 0.997374
0.957154 -62.6784 0.997524
0.957304 -62.6685 0.997674
0.957454 -62.6586 0.997824
0.957604 -62.6488 0.997974
0.957754 -62.6389 0.998124
0.957904  -62.629 0.998274
0.958054 -62.6192 0.998274
0.958204 -62.6093 0.998424
0.958354 -62.5994 0.998574
0.958504 -62.5896 0.998724
0.958654 -62.5797 0.998874
0.958804 -62.5699 0.999025
0.958954   -62.56 0.999175
0.959105 -62.5502 0.999325
0.959255 -62.5403 0.999475
0.959405 -62.5305 0.999625
0.959555 -62.5207 0.999775
0.959705 -62.5108 0.999925
0.959855  -62.501  1.00008
0.960005 -62.4912  1.00023
0.960155 -62.4813  1.00038
0.960305 -62.4715  1.00053
0.960455 -62.4617  1.00068
0.960605 -62.4519  1.00083
0.960755 -62.4421  1.00098
0.960905 -62.4323  1.00113
0.961056 -62.4225  1.00128
0.961206 -62.4126  1.00143
0.961356 -62.4028  1.00158
0.961506  -62.393  1.00173
0.961656 -62.3832  1.00188
0.961806 -62.3735  1.00203
0.961956 -62.3637  1.00218
0.962106 -62.3539  1.00233
0.962256 -62.3441  1.00248
0.962406 -62.3343  1.00248
0.962556 -62.3245  1.00263
0.962706 -62.3147  1.00278
0.962856  -62.305  1.00293
0.963007 -62.2952  1.00308
0.963157 -62.2854  1.00323
0.963307 -62.2757  1.00338
0.963457 -62.2659  1.00353
0.963607 -62.2561  1.00368
0.963757 -62.2464  1.00383
0.963907 -62.2366  1.00398
0.964057 -62.2269  1.00413
0.964207 -62.2171  1.00428
0.964357 -62.2074  1.00443
0.964507 -62.1976  1.00458
0.964657 -62.1879  1.00473
0.964807 -62.1781  1.00488
0.964957 -62.1684  1.00503
0.965108 -62.1587  1.00518
0.965258 -62.1489  1.00533
0.965408 -62.1392  1.00548
0.965558 -62.1295  1.00563
0.965708 -62.1198  1.00578
0.965858 -62.1101  1.00593
0.966008 -62.1003  1.00608
0.966158 -62.0906  1.00623
0.966308 -62.0809  1.00638
0.966458 -62.0712  1.00653
0.966608 -62.0615  1.00668
0.966758 -62.0518  1.00668
0.966908 -62.0421  1.00683
0.967059 -62.0324  1.00698
0.967209 -62.0227  1.00713
0.967359  -62.013  1.00728
0.967509 -62.0033  1.00743
0.967659 -61.9936  1.00758
0.967809 -61.9839  1.00773
0.967959 -61.9743  1.00788
0.968109 -61.9646  1.00803
0.968259 -61.9549  1.00818
0.968409 -61.9452  1.00833
0.968559 -61.9356  1.00848
0.968709 -61.9259  1.00863
0.968859 -61.9162  1.00878
 0.96901 -61.9066  1.00893
 0.96916 -61.8969  1.00908
 0.96931 -61.8873  1.00923
 0.96946 -61.8776  1.00938
 0.96961  -61.868  1.00953
 0.96976 -61.8583  1.00968
 0.96991 -61.8487  1.00983
 0.97006  -61.839  1.00998
 0.97021 -61.8294  1.01013
 0.97036 -61.8197  1.01028
 0.97051 -61.8101  1.01043
 0.97066 -61.8005  1.01058
 0.97081 -61.7908  1.01058
 0.97096 -61.7812  1.01073
0.971111 -61.7716  1.01088
0.971261  -61.762  1.01103
0.971411 -61.7524  1.01118
0.971561 -61.7427  1.01133
0.971711 -61.7331  1.01148
0.971861 -61.7235  1.01163
0.972011 -61.7139  1.01178
0.972161 -61.7043  1.01193
0.972311 -61.6947  1.01208
0.972461 -61.6851  1.01223
0.972611 -61.6755  1.01238
0.972761 -61.6659  1.01253
0.972911 -61.6563  1.01268
0.973062 -61.6467  1.01283
0.973212 -61.6372  1.01298
0.973362 -61.6276  1.01313
0.973512  -61.618  1.01328
0.973662 -61.6084  1.01343
0.973812 -61.5988  1.01358
0.973962 -61.5893  1.01373
0.974112 -61.5797  1.01388
0.974262 -61.5701  1.01403
0.974412 -61.5606  1.01418
0.974562  -61.551  1.01433
0.974712 -61.5414  1.01448
0.974862 -61.5319  1.01463
0.975013 -61.5223  1.01478
0.975163 -61.5128  1.01478
0.975313 -61.5032  1.01493
0.975463 -61.4937  1.01508
0.975613 -61.4842  1.01523
0.975763 -61.4746  1.01538
0.975913 -61.4651  1.01553
0.976063 -61.4555  1.01568
0.976213  -61.446  1.01583
0.976363 -61.4365  1.01598
0.976513  -61.427  1.01613
0.976663 -61.4174  1.01628
0.976813 -61.4079  1.01643
0.976963 -61.3984  1.01658
0.977114 -61.3889  1.01673
0.977264 -61.3794  1.01688
0.977414 -61.3699  1.01703
0.977564 -61.3603  1.01718
0.977714 -61.3508  1.01733
0.977864 -61.3413  1.01748
0.978014 -61.3318  1.01763
0.978164 -61.3223  1.01778
0.978314 -61.3128  1.01793
0.978464 -61.3034  1.01808
0.978614 -61.2939  1.01823
0.978764 -61.2844  1.01838
0.978914 -61.2749  1.01853
0.979065 -61.2654  1.01868
0.979215 -61.2559  1.01883
0.979365 -61.2465  1.01883
0.979515  -61.237  1.01898
0.979665 -61.2275  1.01913
0.979815 -61.2181  1.01928
0.979965 -61.2086  1.01943
0.980115 -61.1991  1.01958
0.980265 -61.1897  1.01973
0.980415 -61.1802  1.01988
0.980565 -61.1708  1.02004
0.980715 -61.1613  1.02019
0.980865 -61.1519  1.02034
0.981016 -61.1424  1.02049
0.981166  -61.133  1.02064
0.981316 -61.1235  1.02079
0.981466 -61.1141  1.02094
0.981616 -61.1047  1.02109
0.981766 -61.0952  1.02124
0.981916 -61.0858  1.02139
0.982066 -61.0764  1.02154
0.982216 -61.0669  1.02169
0.982366 -61.0575  1.02184
0.982516 -61.0481  1.02199
0.982666 -61.0387  1.02214
0.982816 -61.0293  1.02229
0.982966 -61.0199  1.02244
0.983117 -61.0105  1.02259
0.983267  -61.001  1.02274
0.983417 -60.9916  1.02274
0.983567 -60.9822  1.02289
0.983717 -60.9728  1.02304
0.983867 -60.9634  1.02319
0.984017 -60.9541  1.02334
0.984167 -60.9447  1.02349
0.984317 -60.9353  1.02364
0.984467 -60.9259  1.02379
0.984617 -60.9165  1.02394
0.984767 -60.9071  1.02409
0.984917 -60.8978  1.02424
0.985068 -60.8884  1.02439
0.985218  -60.879  1.02454
0.985368 -60.8696  1.02469
0.985518 -60.8603  1.02484
0.985668 -60.8509  1.02499
0.985818 -60.8415  1.02514
0.985968 -60.8322  1.02529
0.986118 -60.8228  1.02544
0.986268 -60.8135  1.02559
0.986418 -60.8041  1.02574
0.986568 -60.7948  1.02589
0.986718 -60.7854  1.02604
0.986868 -60.7761  1.02619
0.987019 -60.7667  1.02634
0.987169 -60.7574  1.02649
0.987319 -60.7481  1.02664
0.987469 -60.7387  1.02664
0.987619 -60.7294  1.02679
0.987769 -60.7201  1.02694
0.987919 -60.7108  1.02709
0.988069 -60.7014  1.02724
0.988219 -60.6921  1.02739
0.988369 -60.6828  1.02754
0.988519 -60.6735  1.02769
0.988669 -60.6642  1.02784
0.988819 -60.6549  1.02799
0.988969 -60.6456  1.02814
 0.98912 -60.6363  1.02829
 0.98927  -60.627  1.02844
 0.98942 -60.6177  1.02859
 0.98957 -60.6084  1.02874
 0.98972 -60.5991  1.02889
 0.98987 -60.5898  1.02904
 0.99002 -60.5805  1.02919
 0.99017 -60.5712  1.02934
 0.99032 -60.5619  1.02949
 0.99047 -60.5526  1.02964
 0.99062 -60.5434  1.02979
 0.99077 -60.5341  1.02994
 0.99092 -60.5248  1.03009
0.991071 -60.5156  1.03024
0.991221 -60.5063  1.03039
0.991371  -60.497  1.03054
0.991521 -60.4878  1.03054
0.991671 -60.4785  1.03069
0.991821 -60.4692  1.03084
0.991971   -60.46  1.03099
0.992121 -60.4507  1.03114
0.992271 -60.4415  1.03129
0.992421 -60.4322  1.03144
0.992571  -60.423  1.03159
0.992721 -60.4138  1.03174
0.992871 -60.4045  1.03189
0.993022 -60.3953  1.03204
0.993172  -60.386  1.03219
0.993322 -60.3768  1.03234
0.993472 -60.3676  1.03249
0.993622 -60.3584  1.03264
0.993772 -60.3491  1.03279
0.993922 -60.3399  1.03294
0.994072 -60.3307  1.03309
0.994222 -60.3215  1.03324
0.994372 -60.3123  1.03339
0.994522 -60.3031  1.03354
0.994672 -60.2939  1.03369
0.994822 -60.2847  1.03384
0.994972 -60.2755  1.03399
0.995123 -60.2663  1.03414
0.995273 -60.2571  1.03429
0.995423 -60.2479  1.03444
0.995573 -60.2387  1.03444
0.995723 -60.2295  1.03459
0.995873 -60.2203  1.03474
0.996023 -60.2111  1.03489
0.996173 -60.2019  1.03504
0.996323 -60.1927  1.03519
0.996473 -60.1836  1.03534
0.996623 -60.1744  1.03549
0.996773 -60.1652  1.03564
0.996923 -60.1561  1.03579
0.997074 -60.1469  1.03594
0.997224 -60.1377  1.03609
0.997374 -60.1286  1.03624
0.997524 -60.1194  1.03639
0.997674 -60.1102  1.03654
0.997824 -60.1011  1.03669
0.997974 -60.0919  1.03684
0.998124 -60.0828  1.03699
0.998274 -60.0737  1.03714
0.998424 -60.0645  1.03729
0.998574 -60.0554  1.03744
0.998724 -60.0462  1.03759
0.998874 -60.0371  1.03774
0.999025  -60.028  1.03789
0.999175 -60.0188  1.03804
0.999325 -60.0097  1.03819
0.999475 -60.0006  1.03819
0.999625 -59.9915  1.03834
0.999775 -59.9823  1.03849
0.999925 -59.9732  1.03864
 1.00008 -59.9641  1.03879
 1.00023  -59.955  1.03894
 1.00038 -59.9459  1.03909
 1.00053 -59.9368  1.03924
 1.00068 -59.9277  1.03939
 1.00083 -59.9186  1.03954
 1.00098 -59.9095  1.03969
 1.00113 -59.9004  1.03984
 1.00128 -59.8913  1.03999
 1.00143 -59.8822  1.04015
 1.00158 -59.8731   1.0403
 1.00173  -59.864  1.04045
 1.00188 -59.8549   1.0406
 1.00203 -59.8458  1.04075
 1.00218 -59.8368   1.0409
 1.00233 -59.8277  1.04105
 1.00248 -59.8186   1.0412
 1.00263 -59.8095  1.04135
 1.00278 -59.8005   1.0415
 1.00293 -59.7914  1.04165
 1.00308 -59.7823   1.0418
 1.00323 -59.7733  1.04195
 1.00338 -59.7642  1.04195
 1.00353 -59.7552   1.0421
 1.00368 -59.7461  1.04225
 1.00383 -59.7371   1.0424
 1.00398  -59.728  1.04255
 1.00413  -59.719   1.0427
 1.00428 -59.7099  1.04285
 1.00443 -59.7009    1.043
 1.00458 -59.6918  1.04315
 1.00473 -59.6828   1.0433
 1.00488 -59.6738  1.04345
 1.00503 -59.6647   1.0436
 1.00518 -59.6557  1.04375
 1.00533 -59.6467   1.0439
 1.00548 -59.6377  1.04405
 1.00563 -59.6286   1.0442
 1.00578 -59.6196  1.04435
 1.00593 -59.6106   1.0445
 1.00608 -59.6016  1.04465
 1.00623 -59.5926   1.0448
 1.00638 -59.5836  1.04495
 1.00653 -59.5746   1.0451
 1.00668 -59.5656  1.04525
 1.00683 -59.5566   1.0454
 1.00698 -59.5476  1.04555
 1.00713 -59.5386  1.04555
 1.00728 -59.5296   1.0457
 1.00743 -59.5206  1.04585
 1.00758 -59.5116    1.046
 1.00773 -59.5026  1.04615
 1.00788 -59.4936   1.0463
 1.00803 -59.4846  1.04645
 1.00818 -59.4757   1.0466
 1.00833 -59.4667  1.04675
 1.00848 -59.4577   1.0469
 1.00863 -59.4487  1.04705
 1.00878 -59.4398   1.0472
 1.00893 -59.4308  1.04735
 1.00908 -59.4218   1.0475
 1.00923 -59.4129  1.04765
 1.00938 -59.4039   1.0478
 1.00953  -59.395  1.04795
 1.00968  -59.386   1.0481
 1.00983 -59.3771  1.04825
 1.00998 -59.3681   1.0484
 1.01013 -59.3592  1.04855
 1.01028 -59.3502   1.0487
 1.01043 -59.3413  1.04885
 1.01058 -59.3324    1.049
 1.01073 -59.3234  1.04915
 1.01088 -59.3145  1.04915
 1.01103 -59.3056   1.0493
 1.01118 -59.2966  1.04945
 1.01133 -59.2877   1.0496
 1.01148 -59.2788  1.04975
 1.01163 -59.2699   1.0499
 1.01178 -59.2609  1.05005
 1.01193  -59.252   1.0502
 1.01208 -59.2431  1.05035
 1.01223 -59.2342   1.0505
 1.01238 -59.2253  1.05065
 1.01253 -59.2164   1.0508
 1.01268 -59.2075  1.05095
 1.01283 -59.1986   1.0511
 1.01298 -59.1897  1.05125
 1.01313 -59.1808   1.0514
 1.01328 -59.1719  1.05155
 1.01343  -59.163   1.0517
 1.01358 -59.1541  1.05185
 1.01373 -59.1452    1.052
 1.01388 -59.1364  1.05215
 1.01403 -59.1275   1.0523
 1.01418 -59.1186  1.05245
 1.01433 -59.1097   1.0526
 1.01448 -59.1009   1.0526
 1.01463  -59.092  1.05275
 1.01478 -59.0831   1.0529
 1.01493 -59.0742  1.05305
 1.01508 -59.0654   1.0532
 1.01523 -59.0565  1.05335
 1.01538 -59.0477   1.0535
 1.01553 -59.0388  1.05365
 1.01568   -59.03   1.0538
 1.01583 -59.0211  1.05395
 1.01598 -59.0123   1.0541
 1.01613 -59.0034  1.05425
 1.01628 -58.9946   1.0544
 1.01643 -58.9857  1.05455
 1.01658 -58.9769   1.0547
 1.01673 -58.9681  1.05485
 1.01688 -58.9592    1.055
 1.01703 -58.9504  1.05515
 1.01718 -58.9416   1.0553
 1.01733 -58.9327  1.05545
 1.01748 -58.9239   1.0556
 1.01763 -58.9151  1.05575
 1.01778 -58.9063   1.0559
 1.01793 -58.8975  1.05605
 1.01808 -58.8887  1.05605
 1.01823 -58.8798   1.0562
 1.01838  -58.871  1.05635
 1.01853 -58.8622   1.0565
 1.01868 -58.8534  1.05665
 1.01883 -58.8446   1.0568
 1.01898 -58.8358  1.05695
 1.01913  -58.827   1.0571
 1.01928 -58.8182  1.05725
 1.01943 -58.8094   1.0574
 1.01958 -58.8007  1.05755
 1.01973 -58.7919   1.0577
 1.01988 -58.7831  1.05785
 1.02004 -58.7743    1.058
 1.02019 -58.7655  1.05815
 1.02034 -58.7568   1.0583
 1.02049  -58.748  1.05845
 1.02064 -58.7392   1.0586
 1.02079 -58.7304  1.05875
 1.02094 -58.7217   1.0589
 1.02109 -58.7129  1.05905
 1.02124 -58.7042   1.0592
 1.02139 -58.6954  1.05935
 1.02154 -58.6866  1.05935
 1.02169 -58.6779   1.0595
 1.02184 -58.6691  1.05965
 1.02199 -58.6604   1.0598
 1.02214 -58.6516  1.05995
 1.02229 -58.6429  1.06011
 1.02244 -58.6342  1.06026
 1.02259 -58.6254  1.06041
 1.02274 -58.6167  1.06056
 1.02289  -58.608  1.06071
 1.02304 -58.5992  1.06086
 1.02319 -58.5905  1.06101
 1.02334 -58.5818  1.06116
 1.02349  -58.573  1.06131
 1.02364 -58.5643  1.06146
 1.02379 -58.5556  1.06161
 1.02394 -58.5469  1.06176
 1.02409 -58.5382  1.06191
 1.02424 -58.5295  1.06206
 1.02439 -58.5208  1.06221
 1.02454 -58.5121  1.06236
 1.02469 -58.5033  1.06251
 1.02484 -58.4946  1.06251
 1.02499 -58.4859  1.06266
 1.02514 -58.4773  1.06281
 1.02529 -58.4686  1.06296
 1.02544 -58.4599  1.06311
 1.02559 -58.4512  1.06326
 1.02574 -58.4425  1.06341
 1.02589 -58.4338  1.06356
 1.02604 -58.4251  1.06371
 1.02619 -58.4164  1.06386
 1.02634 -58.4078  1.06401
 1.02649 -58.3991  1.06416
 1.02664 -58.3904  1.06431
 1.02679 -58.3818  1.06446
 1.02694 -58.3731  1.06461
 1.02709 -58.3644  1.06476
 1.02724 -58.3558  1.06491
 1.02739 -58.3471  1.06506
 1.02754 -58.3385  1.06521
 1.02769 -58.3298  1.06536
 1.02784 -58.3211  1.06551
 1.02799 -58.3125  1.06566
 1.02814 -58.3039  1.06566
 1.02829 -58.2952  1.06581
 1.02844 -58.2866  1.06596
 1.02859 -58.2779  1.06611
 1.02874 -58.2693  1.06626
 1.02889 -58.2607  1.06641
 1.02904  -58.252  1.06656
 1.02919 -58.2434  1.06671
 1.02934 -58.2348  1.06686
 1.02949 -58.2261  1.06701
 1.02964 -58.2175  1.06716
 1.02979 -58.2089  1.06731
 1.02994 -58.2003  1.06746
 1.03009 -58.1917  1.06761
 1.03024 -58.1831  1.06776
 1.03039 -58.1745  1.06791
 1.03054 -58.1658  1.06806
 1.03069 -58.1572  1.06821
 1.03084 -58.1486  1.06836
 1.03099   -58.14  1.06851
 1.03114 -58.1314  1.06866
 1.03129 -58.1228  1.06866
 1.03144 -58.1143  1.06881
 1.03159 -58.1057  1.06896
 1.03174 -58.0971  1.06911
 1.03189 -58.0885  1.06926
 1.03204 -58.0799  1.06941
 1.03219 -58.0713  1.06956
 1.03234 -58.0628  1.06971
 1.03249 -58.0542  1.06986
 1.03264 -58.0456  1.07001
 1.03279  -58.037  1.07016
 1.03294 -58.0285  1.07031
 1.03309 -58.0199  1.07046
 1.03324 -58.0113  1.07061
 1.03339 -58.0028  1.07076
 1.03354 -57.9942  1.07091
 1.03369 -57.9857  1.07106
 1.03384 -57.9771  1.07121
 1.03399 -57.9686  1.07136
 1.03414   -57.96  1.07151
 1.03429 -57.9515  1.07166
 1.03444 -57.9429  1.07166
 1.03459 -57.9344  1.07181
 1.03474 -57.9259  1.07196
 1.03489 -57.9173  1.07211
 1.03504 -57.9088  1.07226
 1.03519 -57.9003  1.07241
 1.03534 -57.8917  1.07256
 1.03549 -57.8832  1.07271
 1.03564 -57.8747  1.07286
 1.03579 -57.8662  1.07301
 1.03594 -57.8576  1.07316
 1.03609 -57.8491  1.07331
 1.03624 -57.8406  1.07346
 1.03639 -57.8321  1.07361
 1.03654 -57.8236  1.07376
 1.03669 -57.8151  1.07391
 1.03684 -57.8066  1.07406
 1.03699 -57.7981  1.07421
 1.03714 -57.7896  1.07436
 1.03729 -57.7811  1.07451
 1.03744 -57.7726  1.07466
 1.03759 -57.7641  1.07466
 1.03774 -57.7556  1.07481
 1.03789 -57.7471  1.07496
 1.03804 -57.7386  1.07511
 1.03819 -57.7301  1.07526
 1.03834 -57.7217  1.07541
 1.03849 -57.7132  1.07556
 1.03864 -57.7047  1.07571
 1.03879 -57.6962  1.07586
 1.03894 -57.6878  1.07601
 1.03909 -57.6793  1.07616
 1.03924 -57.6708  1.07631
 1.03939 -57.6624  1.07646
 1.03954 -57.6539  1.07661
 1.03969 -57.6455  1.07676
 1.03984  -57.637  1.07691
 1.03999 -57.6286  1.07706
 1.04015 -57.6201  1.07721
  1.0403 -57.6117  1.07736
 1.04045 -57.6032  1.07751
  1.0406 -57.5948  1.07751
 1.04075 -57.5863  1.07766
  1.0409 -57.5779  1.07781
 1.04105 -57.5695  1.07796
  1.0412  -57.561  1.07811
 1.04135 -57.5526  1.07826
  1.0415 -57.5442  1.07841
 1.04165 -57.5357  1.07856
  1.0418 -57.5273  1.07871
 1.04195 -57.5189  1.07886
  1.0421 -57.5105  1.07901
 1.04225 -57.5021  1.07916
  1.0424 -57.4937  1.07931
 1.04255 -57.4852  1.07946
  1.0427 -57.4768  1.07961
 1.04285 -57.4684  1.07976
   1.043   -57.46  1.07991
 1.04315 -57.4516  1.08007
  1.0433 -57.4432  1.08007
 1.04345 -57.4348  1.08022
  1.0436 -57.4264  1.08037
 1.04375  -57.418  1.08052
  1.0439 -57.4097  1.08067
 1.04405 -57.4013  1.08082
  1.0442 -57.3929  1.08097
 1.04435 -57.3845  1.08112
  1.0445 -57.3761  1.08127
 1.04465 -57.3678  1.08142
  1.0448 -57.3594  1.08157
 1.04495  -57.351  1.08172
  1.0451 -57.3426  1.08187
 1.04525 -57.3343  1.08202
  1.0454 -57.3259  1.08217
 1.04555 -57.3176  1.08232
  1.0457 -57.3092  1.08247
 1.04585 -57.3008  1.08262
   1.046 -57.2925  1.08277
 1.04615 -57.2841  1.08277
  1.0463 -57.2758  1.08292
 1.04645 -57.2674  1.08307
  1.0466 -57.2591  1.08322
 1.04675 -57.2508  1.08337
  1.0469 -57.2424  1.08352
 1.04705 -57.2341  1.08367
  1.0472 -57.2257  1.08382
 1.04735 -57.2174  1.08397
  1.0475 -57.2091  1.08412
 1.04765 -57.2008  1.08427
  1.0478 -57.1924  1.08442
 1.04795 -57.1841  1.08457
  1.0481 -57.1758  1.08472
 1.04825 -57.1675  1.08487
  1.0484 -57.1592  1.08502
 1.04855 -57.1508  1.08517
  1.0487 -57.1425  1.08532
 1.04885 -57.1342  1.08532
   1.049 -57.1259  1.08547
 1.04915 -57.1176  1.08562
  1.0493 -57.1093  1.08577
 1.04945  -57.101  1.08592
  1.0496 -57.0927  1.08607
 1.04975 -57.0844  1.08622
  1.0499 -57.0762  1.08637
 1.05005 -57.0679  1.08652
  1.0502 -57.0596  1.08667
 1.05035 -57.0513  1.08682
  1.0505  -57.043  1.08697
 1.05065 -57.0347  1.08712
  1.0508 -57.0265  1.08727
 1.05095 -57.0182  1.08742
  1.0511 -57.0099  1.08757
 1.05125 -57.0017  1.08772
  1.0514 -56.9934  1.08772
 1.05155 -56.9851  1.08787
  1.0517 -56.9769  1.08802
 1.05185 -56.9686  1.08817
   1.052 -56.9604  1.08832
 1.05215 -56.9521  1.08847
  1.0523 -56.9439  1.08862
 1.05245 -56.9356  1.08877
  1.0526 -56.9274  1.08892
 1.05275 -56.9191  1.08907
  1.0529 -56.9109  1.08922
 1.05305 -56.9026  1.08937
  1.0532 -56.8944  1.08952
 1.05335 -56.8862  1.08967
  1.0535 -56.8779  1.08982
 1.05365 -56.8697  1.08997
  1.0538 -56.8615  1.09012
 1.05395 -56.8533  1.09012
  1.0541 -56.8451  1.09027
 1.05425 -56.8368  1.09042
  1.0544 -56.8286  1.09057
 1.05455 -56.8204  1.09072
  1.0547 -56.8122  1.09087
 1.05485  -56.804  1.09102
   1.055 -56.7958  1.09117
 1.05515 -56.7876  1.09132
  1.0553 -56.7794  1.09147
 1.05545 -56.7712  1.09162
  1.0556  -56.763  1.09177
 1.05575 -56.7548  1.09192
  1.0559 -56.7466  1.09207
 1.05605 -56.7384  1.09222
  1.0562 -56.7302  1.09222
 1.05635 -56.7221  1.09237
  1.0565 -56.7139  1.09252
 1.05665 -56.7057  1.09267
  1.0568 -56.6975  1.09282
 1.05695 -56.6893  1.09297
  1.0571 -56.6812  1.09312
 1.05725  -56.673  1.09327
  1.0574 -56.6648  1.09342
 1.05755 -56.6567  1.09357
  1.0577 -56.6485  1.09372
 1.05785 -56.6404  1.09387
   1.058 -56.6322  1.09402
 1.05815 -56.6241  1.09417
  1.0583 -56.6159  1.09417
 1.05845 -56.6078  1.09432
  1.0586 -56.5996  1.09447
 1.05875 -56.5915  1.09462
  1.0589 -56.5834  1.09477
 1.05905 -56.5752  1.09492
  1.0592 -56.5671  1.09507
 1.05935  -56.559  1.09522
  1.0595 -56.5508  1.09537
 1.05965 -56.5427  1.09552
  1.0598 -56.5346  1.09567
 1.05995 -56.5265  1.09582
 1.06011 -56.5183  1.09597
 1.06026 -56.5102  1.09612
 1.06041 -56.5021  1.09612
 1.06056  -56.494  1.09627
 1.06071 -56.4859  1.09642
 1.06086 -56.4778  1.09657
 1.06101 -56.4697  1.09672
 1.06116 -56.4616  1.09687
 1.06131 -56.4535  1.09702
 1.06146 -56.4454  1.09717
 1.06161 -56.4373  1.09732
 1.06176 -56.4292  1.09747
 1.06191 -56.4211  1.09762
 1.06206 -56.4131  1.09777
 1.06221  -56.405  1.09792
 1.06236 -56.3969  1.09807
 1.06251 -56.3888  1.09807
 1.06266 -56.3808  1.09822
 1.06281 -56.3727  1.09837
 1.06296 -56.3646  1.09852
 1.06311 -56.3565  1.09867
 1.06326 -56.3485  1.09882
 1.06341 -56.3404  1.09897
 1.06356 -56.3324  1.09912
 1.06371 -56.3243  1.09927
 1.06386 -56.3163  1.09942
 1.06401 -56.3082  1.09957
 1.06416 -56.3002  1.09972
 1.06431 -56.2921  1.09987
 1.06446 -56.2841  1.09987
 1.06461  -56.276  1.10003
 1.06476  -56.268  1.10018
 1.06491   -56.26  1.10033
 1.06506 -56.2519  1.10048
 1.06521 -56.2439  1.10063
 1.06536 -56.2359  1.10078
 1.06551 -56.2279  1.10093
 1.06566 -56.2198  1.10108
 1.06581 -56.2118  1.10123
 1.06596 -56.2038  1.10138
 1.06611 -56.1958  1.10153
 1.06626 -56.1878  1.10168
 1.06641 -56.1798  1.10168
 1.06656 -56.1718  1.10183
 1.06671 -56.1638  1.10198
 1.06686 -56.1558  1.10213
 1.06701 -56.1478  1.10228
 1.06716 -56.1398  1.10243
 1.06731 -56.1318  1.10258
 1.06746 -56.1238  1.10273
 1.06761 -56.1158  1.10288
 1.06776 -56.1078  1.10303
 1.06791 -56.0998  1.10318
 1.06806 -56.0919  1.10333
 1.06821 -56.0839  1.10348
 1.06836 -56.0759  1.10348
 1.06851 -56.0679  1.10363
 1.06866   -56.06  1.10378
 1.06881  -56.052  1.10393
 1.06896  -56.044  1.10408
 1.06911 -56.0361  1.10423
 1.06926 -56.0281  1.10438
 1.06941 -56.0202  1.10453
 1.06956 -56.0122  1.10468
 1.06971 -56.0043  1.10483
 1.06986 -55.9963  1.10498
 1.07001 -55.9884  1.10513
 1.07016 -55.9804  1.10528
 1.07031 -55.9725  1.10528
 1.07046 -55.9646  1.10543
 1.07061 -55.9566  1.10558
 1.07076 -55.9487  1.10573
 1.07091 -55.9408  1.10588
 1.07106 -55.9328  1.10603
 1.07121 -55.9249  1.10618
 1.07136  -55.917  1.10633
 1.07151 -55.9091  1.10648
 1.07166 -55.9011  1.10663
 1.07181 -55.8932  1.10678
 1.07196 -55.8853  1.10693
 1.07211 -55.8774  1.10693
 1.07226 -55.8695  1.10708
 1.07241 -55.8616  1.10723
 1.07256 -55.8537  1.10738
 1.07271 -55.8458  1.10753
 1.07286 -55.8379  1.10768
 1.07301   -55.83  1.10783
 1.07316 -55.8221  1.10798
 1.07331 -55.8142  1.10813
 1.07346 -55.8064  1.10828
 1.07361 -55.7985  1.10843
 1.07376 -55.7906  1.10858
 1.07391 -55.7827  1.10873
 1.07406 -55.7748  1.10873
 1.07421  -55.767  1.10888
 1.07436 -55.7591  1.10903
 1.07451 -55.7512  1.10918
 1.07466 -55.7434  1.10933
 1.07481 -55.7355  1.10948
 1.07496 -55.7276  1.10963
 1.07511 -55.7198  1.10978
 1.07526 -55.7119  1.10993
 1.07541 -55.7041  1.11008
 1.07556 -55.6962  1.11023
 1.07571 -55.6884  1.11038
 1.07586 -55.6805  1.11038
 1.07601 -55.6727  1.11053
 1.07616 -55.6649  1.11068
 1.07631  -55.657  1.11083
 1.07646 -55.6492  1.11098
 1.07661 -55.6414  1.11113
 1.07676 -55.6335  1.11128
 1.07691 -55.6257  1.11143
 1.07706 -55.6179  1.11158
 1.07721 -55.6101  1.11173
 1.07736 -55.6023  1.11188
 1.07751 -55.5944  1.11188
 1.07766 -55.5866  1.11203
 1.07781 -55.5788  1.11218
 1.07796  -55.571  1.11233
 1.07811 -55.5632  1.11248
 1.07826 -55.5554  1.11263
 1.07841 -55.5476  1.11278
 1.07856 -55.5398  1.11293
 1.07871  -55.532  1.11308
 1.07886 -55.5242  1.11323
 1.07901 -55.5164  1.11338
 1.07916 -55.5087  1.11338
 1.07931 -55.5009  1.11353
 1.07946 -55.4931  1.11368
 1.07961 -55.4853  1.11383
 1.07976 -55.4776  1.11398
 1.07991 -55.4698  1.11413
 1.08007  -55.462  1.11428
 1.08022 -55.4542  1.11443
 1.08037 -55.4465  1.11458
 1.08052 -55.4387  1.11473
 1.08067  -55.431  1.11488
 1.08082 -55.4232  1.11488
 1.08097 -55.4155  1.11503
 1.08112 -55.4077  1.11518
 1.08127    -55.4  1.11533
 1.08142 -55.3922  1.11548
 1.08157 -55.3845  1.11563
 1.08172 -55.3767  1.11578
 1.08187  -55.369  1.11593
 1.08202 -55.3613  1.11608
 1.08217 -55.3535  1.11623
 1.08232 -55.3458  1.11638
 1.08247 -55.3381  1.11638
 1.08262 -55.3304  1.11653
 1.08277 -55.3226  1.11668
 1.08292 -55.3149  1.11683
 1.08307 -55.3072  1.11698
 1.08322 -55.2995  1.11713
 1.08337 -55.2918  1.11728
 1.08352 -55.2841  1.11743
 1.08367 -55.2764  1.11758
 1.08382 -55.2687  1.11758
 1.08397  -55.261  1.11773
 1.08412 -55.2533  1.11788
 1.08427 -55.2456  1.11803
 1.08442 -55.2379  1.11818
 1.08457 -55.2302  1.11833
 1.08472 -55.2226  1.11848
 1.08487 -55.2149  1.11863
 1.08502 -55.2072  1.11878
 1.08517 -55.1995  1.11878
 1.08532 -55.1919  1.11893
 1.08547 -55.1842  1.11908
 1.08562 -55.1765  1.11923
 1.08577 -55.1689  1.11938
 1.08592 -55.1612  1.11953
 1.08607 -55.1535  1.11968
 1.08622 -55.1459  1.11983
 1.08637 -55.1382  1.11998
 1.08652 -55.1306  1.12014
 1.08667 -55.1229  1.12014
 1.08682 -55.1153  1.12029
 1.08697 -55.1077  1.12044
 1.08712    -55.1  1.12059
 1.08727 -55.0924  1.12074
 1.08742 -55.0847  1.12089
 1.08757 -55.0771  1.12104
 1.08772 -55.0695  1.12119
 1.08787 -55.0619  1.12134
 1.08802 -55.0542  1.12134
 1.08817 -55.0466  1.12149
 1.08832  -55.039  1.12164
 1.08847 -55.0314  1.12179
 1.08862 -55.0238  1.12194
 1.08877 -55.0162  1.12209
 1.08892 -55.0086  1.12224
 1.08907  -55.001  1.12239
 1.08922 -54.9934  1.12254
 1.08937 -54.9858  1.12254
 1.08952 -54.9782  1.12269
 1.08967 -54.9706  1.12284
 1.08982  -54.963  1.12299
 1.08997 -54.9554  1.12314
 1.09012 -54.9479  1.12329
 1.09027 -54.9403  1.12344
 1.09042 -54.9327  1.12359
 1.09057 -54.9251  1.12374
 1.09072 -54.9176  1.12389
 1.09087   -54.91  1.12389
 1.09102 -54.9024  1.12404
 1.09117 -54.8949  1.12419
 1.09132 -54.8873  1.12434
 1.09147 -54.8798  1.12449
 1.09162 -54.8722  1.12449
 1.09177 -54.8647  1.12464
 1.09192 -54.8571  1.12479
 1.09207 -54.8496  1.12494
 1.09222  -54.842  1.12509
 1.09237 -54.8345  1.12524
 1.09252  -54.827  1.12524
 1.09267 -54.8195  1.12539
 1.09282 -54.8119  1.12554
 1.09297 -54.8044  1.12569
 1.09312 -54.7969  1.12584
 1.09327 -54.7894  1.12584
 1.09342 -54.7819  1.12599
 1.09357 -54.7744  1.12614
 1.09372 -54.7669  1.12629
 1.09387 -54.7594  1.12644
 1.09402 -54.7519  1.12644
 1.09417 -54.7444  1.12659
 1.09432  -54.737  1.12674
 1.09447 -54.7295  1.12689
 1.09462  -54.722  1.12704
 1.09477 -54.7145  1.12704
 1.09492 -54.7071  1.12719
 1.09507 -54.6996  1.12734
 1.09522 -54.6922  1.12749
 1.09537 -54.6847  1.12764
 1.09552 -54.6772  1.12779
 1.09567 -54.6698  1.12779
 1.09582 -54.6624  1.12794
 1.09597 -54.6549  1.12809
 1.09612 -54.6475  1.12824
 1.09627   -54.64  1.12839
 1.09642 -54.6326  1.12839
 1.09657 -54.6252  1.12854
 1.09672 -54.6178  1.12869
 1.09687 -54.6103  1.12884
 1.09702 -54.6029  1.12899
 1.09717 -54.5955  1.12899
 1.09732 -54.5881  1.12914
 1.09747 -54.5807  1.12929
 1.09762 -54.5733  1.12944
 1.09777 -54.5659  1.12959
 1.09792 -54.5585  1.12959
 1.09807 -54.5511  1.12974
 1.09822 -54.5437  1.12989
 1.09837 -54.5364  1.13004
 1.09852  -54.529  1.13019
 1.09867 -54.5216  1.13034
 1.09882 -54.5142  1.13034
 1.09897 -54.5069  1.13049
 1.09912 -54.4995  1.13064
 1.09927 -54.4922  1.13079
 1.09942 -54.4848  1.13094
 1.09957 -54.4774  1.13094
 1.09972 -54.4701  1.13109
 1.09987 -54.4628  1.13124
 1.10003 -54.4554  1.13139
 1.10018 -54.4481  1.13154
 1.10033 -54.4407  1.13154
 1.10048 -54.4334  1.13169
 1.10063 -54.4261  1.13184
 1.10078 -54.4188  1.13199
 1.10093 -54.4114  1.13214
 1.10108 -54.4041  1.13214
 1.10123 -54.3968  1.13229
 1.10138 -54.3895  1.13244
 1.10153 -54.3822  1.13259
 1.10168 -54.3749  1.13274
 1.10183 -54.3676  1.13289
 1.10198 -54.3603  1.13289
 1.10213  -54.353  1.13304
 1.10228 -54.3457  1.13319
 1.10243 -54.3384  1.13334
 1.10258 -54.3312  1.13349
 1.10273 -54.3239  1.13349
 1.10288 -54.3166  1.13364
 1.10303 -54.3093  1.13379
 1.10318 -54.3021  1.13394
 1.10333 -54.2948  1.13409
 1.10348 -54.2876  1.13409
 1.10363 -54.2803  1.13424
 1.10378 -54.2731  1.13439
 1.10393 -54.2658  1.13454
 1.10408 -54.2586  1.13469
 1.10423 -54.2513  1.13469
 1.10438 -54.2441  1.13484
 1.10453 -54.2369  1.13499
 1.10468 -54.2296  1.13514
 1.10483 -54.2224  1.13529
 1.10498 -54.2152  1.13529
 1.10513  -54.208  1.13544
 1.10528 -54.2008  1.13559
 1.10543 -54.1936  1.13574
 1.10558 -54.1864  1.13589
 1.10573 -54.1791  1.13589
 1.10588 -54.1719  1.13604
 1.10603 -54.1648  1.13619
 1.10618 -54.1576  1.13634
 1.10633 -54.1504  1.13649
 1.10648 -54.1432  1.13649
 1.10663  -54.136  1.13664
 1.10678 -54.1288  1.13679
 1.10693 -54.1217  1.13694
 1.10708 -54.1145  1.13709
 1.10723 -54.1073  1.13709
 1.10738 -54.1002  1.13724
 1.10753  -54.093  1.13739
 1.10768 -54.0858  1.13754
 1.10783 -54.0787  1.13769
 1.10798 -54.0715  1.13769
 1.10813 -54.0644  1.13784
 1.10828 -54.0573  1.13799
 1.10843 -54.0501  1.13814
 1.10858  -54.043  1.13829
 1.10873 -54.0359  1.13829
 1.10888 -54.0287  1.13844
 1.10903 -54.0216  1.13859
 1.10918 -54.0145  1.13874
 1.10933 -54.0074  1.13889
 1.10948 -54.0003  1.13889
 1.10963 -53.9932  1.13904
 1.10978 -53.9861  1.13919
 1.10993  -53.979  1.13934
 1.11008 -53.9719  1.13949
 1.11023 -53.9648  1.13949
 1.11038 -53.9577  1.13964
 1.11053 -53.9506  1.13979
 1.11068 -53.9435  1.13994
 1.11083 -53.9364   1.1401
 1.11098 -53.9294   1.1401
 1.11113 -53.9223  1.14025
 1.11128 -53.9152   1.1404
 1.11143 -53.9081  1.14055
 1.11158 -53.9011   1.1407
 1.11173  -53.894   1.1407
 1.11188  -53.887  1.14085
 1.11203 -53.8799    1.141
 1.11218 -53.8729  1.14115
 1.11233 -53.8658   1.1413
 1.11248 -53.8588   1.1413
 1.11263 -53.8518  1.14145
 1.11278 -53.8447   1.1416
 1.11293 -53.8377  1.14175
 1.11308 -53.8307   1.1419
 1.11323 -53.8237   1.1419
 1.11338 -53.8166  1.14205
 1.11353 -53.8096   1.1422
 1.11368 -53.8026  1.14235
 1.11383 -53.7956   1.1425
 1.11398 -53.7886   1.1425
 1.11413 -53.7816  1.14265
 1.11428 -53.7746   1.1428
 1.11443 -53.7676  1.14295
 1.11458 -53.7606   1.1431
 1.11473 -53.7536   1.1431
 1.11488 -53.7467  1.14325
 1.11503 -53.7397   1.1434
 1.11518 -53.7327  1.14355
 1.11533 -53.7257   1.1437
 1.11548 -53.7188   1.1437
 1.11563 -53.7118  1.14385
 1.11578 -53.7048    1.144
 1.11593 -53.6979  1.14415
 1.11608 -53.6909  1.14415
 1.11623  -53.684   1.1443
 1.11638  -53.677  1.14445
 1.11653 -53.6701   1.1446
 1.11668 -53.6632  1.14475
 1.11683 -53.6562  1.14475
 1.11698 -53.6493   1.1449
 1.11713 -53.6424  1.14505
 1.11728 -53.6354   1.1452
 1.11743 -53.6285   1.1452
 1.11758 -53.6216  1.14535
 1.11773 -53.6147   1.1455
 1.11788 -53.6078   1.1455
 1.11803 -53.6009  1.14565
 1.11818  -53.594   1.1458
 1.11833 -53.5871  1.14595
 1.11848 -53.5802  1.14595
 1.11863 -53.5733   1.1461
 1.11878 -53.5665  1.14625
 1.11893 -53.5596   1.1464
 1.11908 -53.5527   1.1464
 1.11923 -53.5458  1.14655
 1.11938  -53.539   1.1467
 1.11953 -53.5321   1.1467
 1.11968 -53.5253  1.14685
 1.11983 -53.5184    1.147
 1.11998 -53.5116  1.14715
 1.12014 -53.5047  1.14715
 1.12029 -53.4979   1.1473
 1.12044 -53.4911  1.14745
 1.12059 -53.4842   1.1476
 1.12074 -53.4774   1.1476
 1.12089 -53.4706  1.14775
 1.12104 -53.4638   1.1479
 1.12119  -53.457   1.1479
 1.12134 -53.4502  1.14805
 1.12149 -53.4434   1.1482
 1.12164 -53.4366  1.14835
 1.12179 -53.4298  1.14835
 1.12194  -53.423   1.1485
 1.12209 -53.4162  1.14865
 1.12224 -53.4094   1.1488
 1.12239 -53.4026   1.1488
 1.12254 -53.3958  1.14895
 1.12269 -53.3891   1.1491
 1.12284 -53.3823   1.1491
 1.12299 -53.3756  1.14925
 1.12314 -53.3688   1.1494
 1.12329  -53.362  1.14955
 1.12344 -53.3553  1.14955
 1.12359 -53.3485   1.1497
 1.12374 -53.3418  1.14985
 1.12389 -53.3351     1.15
 1.12404 -53.3283     1.15
 1.12419 -53.3216     1.15
 1.12434 -53.3149     1.15
 1.12449 -53.3082     1.15
 1.12464 -53.3015     1.15
 1.12479 -53.2948     1.15
 1.12494 -53.2882     1.15
 1.12509 -53.2815     1.15
 1.12524 -53.2749     1.15
 1.12539 -53.2683     1.15
 1.12554 -53.2616     1.15
 1.12569  -53.255     1.15
 1.12584 -53.2485     1.15
 1.12599 -53.2419     1.15
 1.12614 -53.2353     1.15
 1.12629 -53.2287     1.15
 1.12644 -53.2222     1.15
 1.12659 -53.2157     1.15
 1.12674 -53.2091     1.15
 1.12689 -53.2026     1.15
 1.12704 -53.1961     1.15
 1.12719 -53.1896     1.15
 1.12734 -53.1831     1.15
 1.12749 -53.1767     1.15
 1.12764 -53.1702     1.15
 1.12779 -53.1638     1.15
 1.12794 -53.1573     1.15
 1.12809 -53.1509     1.15
 1.12824 -53.1445     1.15
 1.12839 -53.1381     1.15
 1.12854 -53.1317     1.15
 1.12869 -53.1253     1.15
 1.12884  -53.119     1.15
 1.12899 -53.1126     1.15
 1.12914 -53.1063     1.15
 1.12929 -53.0999     1.15
 1.12944 -53.0936     1.15
 1.12959 -53.0873     1.15
 1.12974  -53.081     1.15
 1.12989 -53.0747     1.15
 1.13004 -53.0684     1.15
 1.13019 -53.0622     1.15
 1.13034 -53.0559     1.15
 1.13049 -53.0497     1.15
 1.13064 -53.0434     1.15
 1.13079 -53.0372     1.15
 1.13094  -53.031     1.15
 1.13109 -53.0248     1.15
 1.13124 -53.0186     1.15
 1.13139 -53.0124     1.15
 1.13154 -53.0062     1.15
 1.13169 -53.0001     1.15
 1.13184 -52.9939     1.15
 1.13199 -52.9878     1.15
 1.13214 -52.9817     1.15
 1.13229 -52.9755     1.15
 1.13244 -52.9694     1.15
 1.13259 -52.9633     1.15
 1.13274 -52.9572     1.15
 1.13289 -52.9512     1.15
 1.13304 -52.9451     1.15
 1.13319  -52.939     1.15
 1.13334  -52.933     1.15
 1.13349  -52.927     1.15
 1.13364 -52.9209     1.15
 1.13379 -52.9149     1.15
 1.13394 -52.9089     1.15
 1.13409 -52.9029     1.15
 1.13424 -52.8969     1.15
 1.13439  -52.891     1.15
 1.13454  -52.885     1.15
 1.13469 -52.8791     1.15
 1.13484 -52.8731     1.15
 1.13499 -52.8672     1.15
 1.13514 -52.8613     1.15
 1.13529 -52.8553     1.15
 1.13544 -52.8494     1.15
 1.13559 -52.8436     1.15
 1.13574 -52.8377     1.15
 1.13589 -52.8318     1.15
 1.13604 -52.8259     1.15
 1.13619 -52.8201     1.15
 1.13634 -52.8142     1.15
 1.13649 -52.8084     1.15
 1.13664 -52.8026     1.15
 1.13679 -52.7968     1.15
 1.13694  -52.791     1.15
 1.13709 -52.7852     1.15
 1.13724 -52.7794     1.15
 1.13739 -52.7736     1.15
 1.13754 -52.7679     1.15
 1.13769 -52.7621     1.15
 1.13784 -52.7564     1.15
 1.13799 -52.7506     1.15
 1.13814 -52.7449     1.15
 1.13829 -52.7392     1.15
 1.13844 -52.7335     1.15
 1.13859 -52.7278     1.15
 1.13874 -52.7221     1.15
 1.13889 -52.7164     1.15
 1.13904 -52.7108     1.15
 1.13919 -52.7051     1.15
 1.13934 -52.6995     1.15
 1.13949 -52.6938     1.15
 1.13964 -52.6882     1.15
 1.13979 -52.6826     1.15
 1.13994  -52.677     1.15
  1.1401 -52.6714     1.15
 1.14025 -52.6658     1.15
  1.1404 -52.6602     1.15
 1.14055 -52.6547     1.15
  1.1407 -52.6491     1.15
 1.14085 -52.6435     1.15
   1.141  -52.638     1.15
 1.14115 -52.6325     1.15
  1.1413 -52.6269     1.15
 1.14145 -52.6214     1.15
  1.1416 -52.6159     1.15
 1.14175 -52.6104     1.15
  1.1419 -52.6049     1.15
 1.14205 -52.5995     1.15
  1.1422  -52.594     1.15
 1.14235 -52.5885     1.15
  1.1425 -52.5831     1.15
 1.14265 -52.5776     1.15
  1.1428 -52.5722     1.15
 1.14295 -52.5668     1.15
  1.1431 -52.5614     1.15
 1.14325  -52.556     1.15
  1.1434 -52.5506     1.15
 1.14355 -52.5452     1.15
  1.1437 -52.5398     1.15
 1.14385 -52.5345     1.15
   1.144 -52.5291     1.15
 1.14415 -52.5237     1.15
  1.1443 -52.5184     1.15
 1.14445 -52.5131     1.15
  1.1446 -52.5078     1.15
 1.14475 -52.5024     1.15
  1.1449 -52.4971     1.15
 1.14505 -52.4918     1.15
  1.1452 -52.4866     1.15
 1.14535 -52.4813     1.15
  1.1455  -52.476     1.15
 1.14565 -52.4707     1.15
  1.1458 -52.4655     1.15
 1.14595 -52.4602     1.15
  1.1461  -52.455     1.15
 1.14625 -52.4498     1.15
  1.1464 -52.4446     1.15
 1.14655 -52.4394     1.15
  1.1467 -52.4342     1.15
 1.14685  -52.429     1.15
   1.147 -52.4238     1.15
 1.14715 -52.4186     1.15
  1.1473 -52.4135     1.15
 1.14745 -52.4083     1.15
  1.1476 -52.4031     1.15
 1.14775  -52.398     1.15
  1.1479 -52.3929     1.15
 1.14805 -52.3878     1.15
  1.1482 -52.3826     1.15
 1.14835 -52.3775     1.15
  1.1485 -52.3724     1.15
 1.14865 -52.3673     1.15
  1.1488 -52.3623     1.15
 1.14895 -52.3572     1.15
  1.1491 -52.3521     1.15
 1.14925 -52.3471     1.15
  1.1494  -52.342     1.15
 1.14955  -52.337     1.15
  1.1497  -52.332     1.15
 1.14985 -52.3269     1.15
    1.15 -52.3219     1.15