 kgrid  ValNew  Policy 
    0.85 -75.6728     0.85
 0.85015 -75.6575     0.85
  0.8503 -75.6422     0.85
 0.85045  -75.627     0.85
  0.8506 -75.6117     0.85
 0.85075 -75.5965     0.85
  0.8509 -75.5814     0.85
0.851051 -75.5662     0.85
0.851201 -75.5511     0.85
0.851351 -75.5361     0.85
0.851501  -75.521     0.85
0.851651  -75.506  0.85015
0.851801  -75.491   0.8503
0.851951  -75.476   0.8503
0.852101  -75.461  0.85045
0.852251 -75.4461   0.8506
0.852401 -75.4311   0.8506
0.852551 -75.4162  0.85075
0.852701 -75.4012  0.85075
0.852851 -75.3863   0.8509
0.853002 -75.3714 0.851051
0.853152 -75.3565 0.851051
0.853302 -75.3416 0.851201
0.853452 -75.3268 0.851351
0.853602 -75.3119 0.851351
0.853752 -75.2971 0.851501
0.853902 -75.2822 0.851651
0.854052 -75.2674 0.851801
0.854202 -75.2526 0.851801
0.854352 -75.2378 0.851951
0.854502  -75.223 0.852101
0.854652 -75.2083 0.852101
0.854802 -75.1935 0.852251
0.854952 -75.1787 0.852401
0.855103  -75.164 0.852551
0.855253 -75.1493 0.852551
0.855403 -75.1345 0.852701
0.855553 -75.1198 0.852851
0.855703 -75.1051 0.852851
0.855853 -75.0905 0.853002
0.856003 -75.0758 0.853152
0.856153 -75.0611 0.853302
0.856303 -75.0465 0.853302
0.856453 -75.0318 0.853452
0.856603 -75.0172 0.853602
0.856753 -75.0026 0.853752
0.856903  -74.988 0.853752
0.857054 -74.9734 0.853902
0.857204 -74.9588 0.854052
0.857354 -74.9442 0.854052
0.857504 -74.9296 0.854202
0.857654 -74.9151 0.854352
0.857804 -74.9005 0.854502
0.857954  -74.886 0.854502
0.858104 -74.8715 0.854652
0.858254 -74.8569 0.854802
0.858404 -74.8424 0.854952
0.858554 -74.8279 0.854952
0.858704 -74.8135 0.855103
0.858854  -74.799 0.855253
0.859005 -74.7845 0.855253
0.859155 -74.7701 0.855403
0.859305 -74.7556 0.855553
0.859455 -74.7412 0.855703
0.859605 -74.7268 0.855703
0.859755 -74.7124 0.855853
0.859905  -74.698 0.856003
0.860055 -74.6836 0.856153
0.860205 -74.6692 0.856153
0.860355 -74.6548 0.856303
0.860505 -74.6405 0.856453
0.860655 -74.6261 0.856453
0.860805 -74.6118 0.856603
0.860955 -74.5975 0.856753
0.861106 -74.5831 0.856903
0.861256 -74.5688 0.856903
0.861406 -74.5545 0.857054
0.861556 -74.5403 0.857204
0.861706  -74.526 0.857354
0.861856 -74.5117 0.857354
0.862006 -74.4975 0.857504
0.862156 -74.4832 0.857654
0.862306  -74.469 0.857804
0.862456 -74.4548 0.857804
0.862606 -74.4405 0.857954
0.862756 -74.4263 0.858104
0.862906 -74.4122 0.858104
0.863057  -74.398 0.858254
0.863207 -74.3838 0.858404
0.863357 -74.3696 0.858554
0.863507 -74.3555 0.858554
0.863657 -74.3413 0.858704
0.863807 -74.3272 0.858854
0.863957 -74.3131 0.859005
0.864107  -74.299 0.859005
0.864257 -74.2849 0.859155
0.864407 -74.2708 0.859305
0.864557 -74.2567 0.859455
0.864707 -74.2426 0.859455
0.864857 -74.2285 0.859605
0.865008 -74.2145 0.859755
0.865158 -74.2004 0.859905
0.865308 -74.1864 0.859905
0.865458 -74.1724 0.860055
0.865608 -74.1584 0.860205
0.865758 -74.1444 0.860205
0.865908 -74.1304 0.860355
0.866058 -74.1164 0.860505
0.866208 -74.1024 0.860655
0.866358 -74.0885 0.860655
0.866508 -74.0745 0.860805
0.866658 -74.0606 0.860955
0.866808 -74.0466 0.861106
0.866958 -74.0327 0.861106
0.867109 -74.0188 0.861256
0.867259 -74.0049 0.861406
0.867409  -73.991 0.861556
0.867559 -73.9771 0.861556
0.867709 -73.9632 0.861706
0.867859 -73.9493 0.861856
0.868009 -73.9355 0.862006
0.868159 -73.9216 0.862006
0.868309 -73.9078 0.862156
0.868459 -73.8939 0.862306
0.868609 -73.8801 0.862456
0.868759 -73.8663 0.862456
0.868909 -73.8525 0.862606
 0.86906 -73.8387 0.862756
 0.86921 -73.8249 0.862906
 0.86936 -73.8112 0.862906
 0.86951 -73.7974 0.863057
 0.86966 -73.7836 0.863207
 0.86981 -73.7699 0.863357
 0.86996 -73.7562 0.863357
 0.87011 -73.7424 0.863507
 0.87026 -73.7287 0.863657
 0.87041  -73.715 0.863807
 0.87056 -73.7013 0.863807
 0.87071 -73.6876 0.863957
 0.87086 -73.6739 0.864107
0.871011 -73.6603 0.864257
0.871161 -73.6466 0.864257
0.871311 -73.6329 0.864407
0.871461 -73.6193 0.864557
0.871611 -73.6057 0.864707
0.871761  -73.592 0.864707
0.871911 -73.5784 0.864857
0.872061 -73.5648 0.865008
0.872211 -73.5512 0.865158
0.872361 -73.5376 0.865158
0.872511  -73.524 0.865308
0.872661 -73.5105 0.865458
0.872811 -73.4969 0.865608
0.872961 -73.4834 0.865608
0.873112 -73.4698 0.865758
0.873262 -73.4563 0.865908
0.873412 -73.4427 0.866058
0.873562 -73.4292 0.866058
0.873712 -73.4157 0.866208
0.873862 -73.4022 0.866358
0.874012 -73.3887 0.866508
0.874162 -73.3752 0.866508
0.874312 -73.3618 0.866658
0.874462 -73.3483 0.866808
0.874612 -73.3349 0.866958
0.874762 -73.3214 0.866958
0.874912  -73.308 0.867109
0.875063 -73.2945 0.867259
0.875213 -73.2811 0.867409
0.875363 -73.2677 0.867409
0.875513 -73.2543 0.867559
0.875663 -73.2409 0.867709
0.875813 -73.2275 0.867859
0.875963 -73.2142 0.868009
0.876113 -73.2008 0.868009
0.876263 -73.1874 0.868159
0.876413 -73.1741 0.868309
0.876563 -73.1608 0.868459
0.876713 -73.1474 0.868459
0.876863 -73.1341 0.868609
0.877014 -73.1208 0.868759
0.877164 -73.1075 0.868909
0.877314 -73.0942 0.868909
0.877464 -73.0809  0.86906
0.877614 -73.0676  0.86921
0.877764 -73.0544  0.86936
0.877914 -73.0411  0.86936
0.878064 -73.0279  0.86951
0.878214 -73.0146  0.86966
0.878364 -73.0014  0.86981
0.878514 -72.9881  0.86981
0.878664 -72.9749  0.86996
0.878814 -72.9617  0.87011
0.878964 -72.9485  0.87026
0.879115 -72.9353  0.87026
0.879265 -72.9221  0.87041
0.879415  -72.909  0.87056
0.879565 -72.8958  0.87071
0.879715 -72.8827  0.87086
0.879865 -72.8695  0.87086
0.880015 -72.8564 0.871011
0.880165 -72.8432 0.871161
0.880315 -72.8301 0.871311
0.880465  -72.817 0.871461
0.880615 -72.8038 0.871611
0.880765 -72.7907 0.871761
0.880915 -72.7776 0.871761
0.881066 -72.7645 0.871911
0.881216 -72.7514 0.872061
0.881366 -72.7383 0.872211
0.881516 -72.7252 0.872361
0.881666 -72.7122 0.872511
0.881816 -72.6991 0.872661
0.881966  -72.686 0.872661
0.882116  -72.673 0.872811
0.882266 -72.6599 0.872961
0.882416 -72.6469 0.873112
0.882566 -72.6339 0.873262
0.882716 -72.6208 0.873412
0.882866 -72.6078 0.873562
0.883017 -72.5948 0.873562
0.883167 -72.5818 0.873712
0.883317 -72.5688 0.873862
0.883467 -72.5558 0.874012
0.883617 -72.5428 0.874162
0.883767 -72.5298 0.874312
0.883917 -72.5168 0.874462
0.884067 -72.5038 0.874462
0.884217 -72.4908 0.874612
0.884367 -72.4779 0.874762
0.884517 -72.4649 0.874912
0.884667  -72.452 0.875063
0.884817  -72.439 0.875213
0.884967 -72.4261 0.875363
0.885118 -72.4131 0.875513
0.885268 -72.4002 0.875513
0.885418 -72.3873 0.875663
0.885568 -72.3744 0.875813
0.885718 -72.3615 0.875963
0.885868 -72.3485 0.876113
0.886018 -72.3356 0.876263
0.886168 -72.3228 0.876413
0.886318 -72.3099 0.876413
0.886468  -72.297 0.876563
0.886618 -72.2841 0.876713
0.886768 -72.2712 0.876863
0.886918 -72.2584 0.877014
0.887069 -72.2455 0.877164
0.887219 -72.2327 0.877314
0.887369 -72.2198 0.877464
0.887519  -72.207 0.877464
0.887669 -72.1941 0.877614
0.887819 -72.1813 0.877764
0.887969 -72.1685 0.877914
0.888119 -72.1557 0.878064
0.888269 -72.1429 0.878214
0.888419 -72.1301 0.878364
0.888569 -72.1173 0.878364
0.888719 -72.1045 0.878514
0.888869 -72.0917 0.878664
 0.88902 -72.0789 0.878814
 0.88917 -72.0661 0.878964
 0.88932 -72.0533 0.879115
 0.88947 -72.0406 0.879265
 0.88962 -72.0278 0.879415
 0.88977 -72.0151 0.879415
 0.88992 -72.0023 0.879565
 0.89007 -71.9896 0.879715
 0.89022 -71.9768 0.879865
 0.89037 -71.9641 0.880015
 0.89052 -71.9514 0.880165
 0.89067 -71.9387 0.880315
 0.89082  -71.926 0.880465
 0.89097 -71.9132 0.880465
0.891121 -71.9005 0.880615
0.891271 -71.8878 0.880765
0.891421 -71.8751 0.880915
0.891571 -71.8625 0.881066
0.891721 -71.8498 0.881216
0.891871 -71.8371 0.881366
0.892021 -71.8244 0.881516
0.892171 -71.8118 0.881516
0.892321 -71.7991 0.881666
0.892471 -71.7865 0.881816
0.892621 -71.7738 0.881966
0.892771 -71.7612 0.882116
0.892921 -71.7485 0.882266
0.893072 -71.7359 0.882416
0.893222 -71.7233 0.882566
0.893372 -71.7106 0.882716
0.893522  -71.698 0.882716
0.893672 -71.6854 0.882866
0.893822 -71.6728 0.883017
0.893972 -71.6602 0.883167
0.894122 -71.6476 0.883317
0.894272  -71.635 0.883467
0.894422 -71.6224 0.883617
0.894572 -71.6098 0.883767
0.894722 -71.5973 0.883917
0.894872 -71.5847 0.883917
0.895023 -71.5721 0.884067
0.895173 -71.5596 0.884217
0.895323  -71.547 0.884367
0.895473 -71.5345 0.884517
0.895623 -71.5219 0.884667
0.895773 -71.5094 0.884817
0.895923 -71.4969 0.884967
0.896073 -71.4843 0.885118
0.896223 -71.4718 0.885118
0.896373 -71.4593 0.885268
0.896523 -71.4468 0.885418
0.896673 -71.4343 0.885568
0.896823 -71.4218 0.885718
0.896973 -71.4093 0.885868
0.897124 -71.3968 0.886018
0.897274 -71.3843 0.886168
0.897424 -71.3718 0.886168
0.897574 -71.3593 0.886318
0.897724 -71.3469 0.886468
0.897874 -71.3344 0.886618
0.898024  -71.322 0.886768
0.898174 -71.3095 0.886918
0.898324  -71.297 0.887069
0.898474 -71.2846 0.887219
0.898624 -71.2722 0.887369
0.898774 -71.2597 0.887369
0.898924 -71.2473 0.887519
0.899075 -71.2349 0.887669
0.899225 -71.2225 0.887819
0.899375   -71.21 0.887969
0.899525 -71.1976 0.888119
0.899675 -71.1852 0.888269
0.899825 -71.1728 0.888419
0.899975 -71.1604 0.888569
0.900125 -71.1481 0.888569
0.900275 -71.1357 0.888719
0.900425 -71.1233 0.888869
0.900575 -71.1109  0.88902
0.900725 -71.0986  0.88917
0.900875 -71.0862  0.88932
0.901026 -71.0738  0.88947
0.901176 -71.0615  0.88962
0.901326 -71.0491  0.88977
0.901476 -71.0368  0.88992
0.901626 -71.0245  0.88992
0.901776 -71.0121  0.89007
0.901926 -70.9998  0.89022
0.902076 -70.9875  0.89037
0.902226 -70.9751  0.89052
0.902376 -70.9628  0.89067
0.902526 -70.9505  0.89082
0.902676 -70.9382  0.89097
0.902826 -70.9259 0.891121
0.902976 -70.9136 0.891121
0.903127 -70.9013 0.891271
0.903277 -70.8891 0.891421
0.903427 -70.8768 0.891571
0.903577 -70.8645 0.891721
0.903727 -70.8522 0.891871
0.903877   -70.84 0.892021
0.904027 -70.8277 0.892171
0.904177 -70.8155 0.892321
0.904327 -70.8032 0.892471
0.904477  -70.791 0.892471
0.904627 -70.7787 0.892621
0.904777 -70.7665 0.892771
0.904927 -70.7543 0.892921
0.905078 -70.7421 0.893072
0.905228 -70.7298 0.893222
0.905378 -70.7176 0.893372
0.905528 -70.7054 0.893522
0.905678 -70.6932 0.893672
0.905828  -70.681 0.893672
0.905978 -70.6688 0.893822
0.906128 -70.6566 0.893972
0.906278 -70.6444 0.894122
0.906428 -70.6323 0.894272
0.906578 -70.6201 0.894422
0.906728 -70.6079 0.894572
0.906878 -70.5958 0.894722
0.907029 -70.5836 0.894872
0.907179 -70.5714 0.895023
0.907329 -70.5593 0.895023
0.907479 -70.5471 0.895173
0.907629  -70.535 0.895323
0.907779 -70.5229 0.895473
0.907929 -70.5107 0.895623
0.908079 -70.4986 0.895773
0.908229 -70.4865 0.895923
0.908379 -70.4744 0.896073
0.908529 -70.4622 0.896223
0.908679 -70.4501 0.896373
0.908829  -70.438 0.896373
0.908979 -70.4259 0.896523
 0.90913 -70.4138 0.896673
 0.90928 -70.4017 0.896823
 0.90943 -70.3897 0.896973
 0.90958 -70.3776 0.897124
 0.90973 -70.3655 0.897274
 0.90988 -70.3534 0.897424
 0.91003 -70.3414 0.897574
 0.91018 -70.3293 0.897724
 0.91033 -70.3173 0.897724
 0.91048 -70.3052 0.897874
 0.91063 -70.2932 0.898024
 0.91078 -70.2811 0.898174
 0.91093 -70.2691 0.898324
0.911081  -70.257 0.898474
0.911231  -70.245 0.898624
0.911381  -70.233 0.898774
0.911531  -70.221 0.898924
0.911681  -70.209 0.899075
0.911831  -70.197 0.899075
0.911981 -70.1849 0.899225
0.912131 -70.1729 0.899375
0.912281 -70.1609 0.899525
0.912431  -70.149 0.899675
0.912581  -70.137 0.899825
0.912731  -70.125 0.899975
0.912881  -70.113 0.900125
0.913032  -70.101 0.900275
0.913182 -70.0891 0.900425
0.913332 -70.0771 0.900575
0.913482 -70.0651 0.900575
0.913632 -70.0532 0.900725
0.913782 -70.0412 0.900875
0.913932 -70.0293 0.901026
0.914082 -70.0173 0.901176
0.914232 -70.0054 0.901326
0.914382 -69.9934 0.901476
0.914532 -69.9815 0.901626
0.914682 -69.9696 0.901776
0.914832 -69.9577 0.901926
0.914982 -69.9457 0.902076
0.915133 -69.9338 0.902226
0.915283 -69.9219 0.902226
0.915433   -69.91 0.902376
0.915583 -69.8981 0.902526
0.915733 -69.8862 0.902676
0.915883 -69.8743 0.902826
0.916033 -69.8624 0.902976
0.916183 -69.8505 0.903127
0.916333 -69.8387 0.903277
0.916483 -69.8268 0.903427
0.916633 -69.8149 0.903577
0.916783 -69.8031 0.903727
0.916933 -69.7912 0.903877
0.917084 -69.7793 0.903877
0.917234 -69.7675 0.904027
0.917384 -69.7556 0.904177
0.917534 -69.7438 0.904327
0.917684 -69.7319 0.904477
0.917834 -69.7201 0.904627
0.917984 -69.7083 0.904777
0.918134 -69.6964 0.904927
0.918284 -69.6846 0.905078
0.918434 -69.6728 0.905228
0.918584  -69.661 0.905378
0.918734 -69.6491 0.905528
0.918884 -69.6373 0.905678
0.919035 -69.6255 0.905678
0.919185 -69.6137 0.905828
0.919335 -69.6019 0.905978
0.919485 -69.5901 0.906128
0.919635 -69.5783 0.906278
0.919785 -69.5666 0.906428
0.919935 -69.5548 0.906578
0.920085  -69.543 0.906728
0.920235 -69.5312 0.906878
0.920385 -69.5195 0.907029
0.920535 -69.5077 0.907179
0.920685 -69.4959 0.907329
0.920835 -69.4842 0.907329
0.920985 -69.4724 0.907479
0.921136 -69.4607 0.907629
0.921286 -69.4489 0.907779
0.921436 -69.4372 0.907929
0.921586 -69.4255 0.908079
0.921736 -69.4137 0.908229
0.921886  -69.402 0.908379
0.922036 -69.3903 0.908529
0.922186 -69.3786 0.908679
0.922336 -69.3669 0.908829
0.922486 -69.3551 0.908979
0.922636 -69.3434  0.90913
0.922786 -69.3317  0.90913
0.922936   -69.32  0.90928
0.923087 -69.3083  0.90943
0.923237 -69.2966  0.90958
0.923387  -69.285  0.90973
0.923537 -69.2733  0.90988
0.923687 -69.2616  0.91003
0.923837 -69.2499  0.91018
0.923987 -69.2383  0.91033
0.924137 -69.2266  0.91048
0.924287 -69.2149  0.91063
0.924437 -69.2033  0.91078
0.924587 -69.1916  0.91093
0.924737   -69.18  0.91093
0.924887 -69.1683 0.911081
0.925038 -69.1567 0.911231
0.925188  -69.145 0.911381
0.925338 -69.1334 0.911531
0.925488 -69.1218 0.911681
0.925638 -69.1101 0.911831
0.925788 -69.0985 0.911981
0.925938 -69.0869 0.912131
0.926088 -69.0753 0.912281
0.926238 -69.0637 0.912431
0.926388 -69.0521 0.912581
0.926538 -69.0405 0.912731
0.926688 -69.0289 0.912731
0.926838 -69.0173 0.912881
0.926988 -69.0057 0.913032
0.927139 -68.9941 0.913182
0.927289 -68.9825 0.913332
0.927439 -68.9709 0.913482
0.927589 -68.9593 0.913632
0.927739 -68.9478 0.913782
0.927889 -68.9362 0.913932
0.928039 -68.9246 0.914082
0.928189 -68.9131 0.914232
0.928339 -68.9015 0.914382
0.928489   -68.89 0.914532
0.928639 -68.8784 0.914682
0.928789 -68.8669 0.914682
0.928939 -68.8553 0.914832
 0.92909 -68.8438 0.914982
 0.92924 -68.8323 0.915133
 0.92939 -68.8207 0.915283
 0.92954 -68.8092 0.915433
 0.92969 -68.7977 0.915583
 0.92984 -68.7862 0.915733
 0.92999 -68.7747 0.915883
 0.93014 -68.7631 0.916033
 0.93029 -68.7516 0.916183
 0.93044 -68.7401 0.916333
 0.93059 -68.7286 0.916483
 0.93074 -68.7171 0.916633
 0.93089 -68.7057 0.916633
0.931041 -68.6942 0.916783
0.931191 -68.6827 0.916933
0.931341 -68.6712 0.917084
0.931491 -68.6597 0.917234
0.931641 -68.6482 0.917384
0.931791 -68.6368 0.917534
0.931941 -68.6253 0.917684
0.932091 -68.6139 0.917834
0.932241 -68.6024 0.917984
0.932391 -68.5909 0.918134
0.932541 -68.5795 0.918284
0.932691 -68.5681 0.918434
0.932841 -68.5566 0.918584
0.932991 -68.5452 0.918584
0.933142 -68.5337 0.918734
0.933292 -68.5223 0.918884
0.933442 -68.5109 0.919035
0.933592 -68.4995 0.919185
0.933742  -68.488 0.919335
0.933892 -68.4766 0.919485
0.934042 -68.4652 0.919635
0.934192 -68.4538 0.919785
0.934342 -68.4424 0.919935
0.934492  -68.431 0.920085
0.934642 -68.4196 0.920235
0.934792 -68.4082 0.920385
0.934942 -68.3968 0.920535
0.935093 -68.3854 0.920535
0.935243  -68.374 0.920685
0.935393 -68.3627 0.920835
0.935543 -68.3513 0.920985
0.935693 -68.3399 0.921136
0.935843 -68.3286 0.921286
0.935993 -68.3172 0.921436
0.936143 -68.3058 0.921586
0.936293 -68.2945 0.921736
0.936443 -68.2831 0.921886
0.936593 -68.2718 0.922036
0.936743 -68.2604 0.922186
0.936893 -68.2491 0.922336
0.937044 -68.2378 0.922486
0.937194 -68.2264 0.922636
0.937344 -68.2151 0.922636
0.937494 -68.2038 0.922786
0.937644 -68.1924 0.922936
0.937794 -68.1811 0.923087
0.937944 -68.1698 0.923237
0.938094 -68.1585 0.923387
0.938244 -68.1472 0.923537
0.938394 -68.1359 0.923687
0.938544 -68.1246 0.923837
0.938694 -68.1133 0.923987
0.938844  -68.102 0.924137
0.938994 -68.0907 0.924287
0.939145 -68.0794 0.924437
0.939295 -68.0681 0.924587
0.939445 -68.0569 0.924587
0.939595 -68.0456 0.924737
0.939745 -68.0343 0.924887
0.939895  -68.023 0.925038
0.940045 -68.0118 0.925188
0.940195 -68.0005 0.925338
0.940345 -67.9893 0.925488
0.940495  -67.978 0.925638
0.940645 -67.9668 0.925788
0.940795 -67.9555 0.925938
0.940945 -67.9443 0.926088
0.941096  -67.933 0.926238
0.941246 -67.9218 0.926388
0.941396 -67.9106 0.926538
0.941546 -67.8993 0.926688
0.941696 -67.8881 0.926688
0.941846 -67.8769 0.926838
0.941996 -67.8657 0.926988
0.942146 -67.8545 0.927139
0.942296 -67.8433 0.927289
0.942446  -67.832 0.927439
0.942596 -67.8208 0.927589
0.942746 -67.8096 0.927739
0.942896 -67.7985 0.927889
0.943047 -67.7873 0.928039
0.943197 -67.7761 0.928189
0.943347 -67.7649 0.928339
0.943497 -67.7537 0.928489
0.943647 -67.7425 0.928639
0.943797 -67.7314 0.928789
0.943947 -67.7202 0.928789
0.944097  -67.709 0.928939
0.944247 -67.6979  0.92909
0.944397 -67.6867  0.92924
0.944547 -67.6755  0.92939
0.944697 -67.6644  0.92954
0.944847 -67.6532  0.92969
0.944997 -67.6421  0.92984
0.945148  -67.631  0.92999
0.945298 -67.6198  0.93014
0.945448 -67.6087  0.93029
0.945598 -67.5975  0.93044
0.945748 -67.5864  0.93059
0.945898 -67.5753  0.93074
0.946048 -67.5642  0.93089
0.946198 -67.5531  0.93089
0.946348 -67.5419 0.931041
0.946498 -67.5308 0.931191
0.946648 -67.5197 0.931341
0.946798 -67.5086 0.931491
0.946948 -67.4975 0.931641
0.947099 -67.4864 0.931791
0.947249 -67.4753 0.931941
0.947399 -67.4642 0.932091
0.947549 -67.4532 0.932241
0.947699 -67.4421 0.932391
0.947849  -67.431 0.932541
0.947999 -67.4199 0.932691
0.948149 -67.4089 0.932841
0.948299 -67.3978 0.932991
0.948449 -67.3867 0.933142
0.948599 -67.3757 0.933142
0.948749 -67.3646 0.933292
0.948899 -67.3535 0.933442
 0.94905 -67.3425 0.933592
  0.9492 -67.3314 0.933742
 0.94935 -67.3204 0.933892
  0.9495 -67.3094 0.934042
 0.94965 -67.2983 0.934192
  0.9498 -67.2873 0.934342
 0.94995 -67.2763 0.934492
  0.9501 -67.2652 0.934642
 0.95025 -67.2542 0.934792
  0.9504 -67.2432 0.934942
 0.95055 -67.2322 0.935093
  0.9507 -67.2212 0.935243
 0.95085 -67.2101 0.935393
0.951001 -67.1991 0.935393
0.951151 -67.1881 0.935543
0.951301 -67.1771 0.935693
0.951451 -67.1661 0.935843
0.951601 -67.1551 0.935993
0.951751 -67.1442 0.936143
0.951901 -67.1332 0.936293
0.952051 -67.1222 0.936443
0.952201 -67.1112 0.936593
0.952351 -67.1002 0.936743
0.952501 -67.0893 0.936893
0.952651 -67.0783 0.937044
0.952801 -67.0673 0.937194
0.952951 -67.0564 0.937344
0.953102 -67.0454 0.937494
0.953252 -67.0345 0.937644
0.953402 -67.0235 0.937644
0.953552 -67.0125 0.937794
0.953702 -67.0016 0.937944
0.953852 -66.9907 0.938094
0.954002 -66.9797 0.938244
0.954152 -66.9688 0.938394
0.954302 -66.9579 0.938544
0.954452 -66.9469 0.938694
0.954602  -66.936 0.938844
0.954752 -66.9251 0.938994
0.954902 -66.9142 0.939145
0.955053 -66.9032 0.939295
0.955203 -66.8923 0.939445
0.955353 -66.8814 0.939595
0.955503 -66.8705 0.939745
0.955653 -66.8596 0.939895
0.955803 -66.8487 0.939895
0.955953 -66.8378 0.940045
0.956103 -66.8269 0.940195
0.956253  -66.816 0.940345
0.956403 -66.8052 0.940495
0.956553 -66.7943 0.940645
0.956703 -66.7834 0.940795
0.956853 -66.7725 0.940945
0.957004 -66.7616 0.941096
0.957154 -66.7508 0.941246
0.957304 -66.7399 0.941396
0.957454 -66.7291 0.941546
0.957604 -66.7182 0.941696
0.957754 -66.7073 0.941846
0.957904 -66.6965 0.941996
0.958054 -66.6856 0.942146
0.958204 -66.6748 0.942296
0.958354  -66.664 0.942296
0.958504 -66.6531 0.942446
0.958654 -66.6423 0.942596
0.958804 -66.6314 0.942746
0.958954 -66.6206 0.942896
0.959105 -66.6098 0.943047
0.959255  -66.599 0.943197
0.959405 -66.5882 0.943347
0.959555 -66.5773 0.943497
0.959705 -66.5665 0.943647
0.959855 -66.5557 0.943797
0.960005 -66.5449 0.943947
0.960155 -66.5341 0.944097
0.960305 -66.5233 0.944247
0.960455 -66.5125 0.944397
0.960605 -66.5017 0.944547
0.960755 -66.4909 0.944547
0.960905 -66.4801 0.944697
0.961056 -66.4694 0.944847
0.961206 -66.4586 0.944997
0.961356 -66.4478 0.945148
0.961506  -66.437 0.945298
0.961656 -66.4263 0.945448
0.961806 -66.4155 0.945598
0.961956 -66.4047 0.945748
0.962106  -66.394 0.945898
0.962256 -66.3832 0.946048
0.962406 -66.3725 0.946198
0.962556 -66.3617 0.946348
0.962706  -66.351 0.946498
0.962856 -66.3402 0.946648
0.963007 -66.3295 0.946798
0.963157 -66.3187 0.946948
0.963307  -66.308 0.946948
0.963457 -66.2973 0.947099
0.963607 -66.2865 0.947249
0.963757 -66.2758 0.947399
0.963907 -66.2651 0.947549
0.964057 -66.2544 0.947699
0.964207 -66.2437 0.947849
0.964357  -66.233 0.947999
0.964507 -66.2222 0.948149
0.964657 -66.2115 0.948299
0.964807 -66.2008 0.948449
0.964957 -66.1901 0.948599
0.965108 -66.1794 0.948749
0.965258 -66.1688 0.948899
0.965408 -66.1581  0.94905
0.965558 -66.1474   0.9492
0.965708 -66.1367  0.94935
0.965858  -66.126  0.94935
0.966008 -66.1153   0.9495
0.966158 -66.1047  0.94965
0.966308  -66.094   0.9498
0.966458 -66.0833  0.94995
0.966608 -66.0727   0.9501
0.966758  -66.062  0.95025
0.966908 -66.0513   0.9504
0.967059 -66.0407  0.95055
0.967209   -66.03   0.9507
0.967359 -66.0194  0.95085
0.967509 -66.0087 0.951001
0.967659 -65.9981 0.951151
0.967809 -65.9875 0.951301
0.967959 -65.9768 0.951451
0.968109 -65.9662 0.951601
0.968259 -65.9556 0.951751
0.968409 -65.9449 0.951751
0.968559 -65.9343 0.951901
0.968709 -65.9237 0.952051
0.968859 -65.9131 0.952201
 0.96901 -65.9025 0.952351
 0.96916 -65.8919 0.952501
 0.96931 -65.8813 0.952651
 0.96946 -65.8707 0.952801
 0.96961 -65.8601 0.952951
 0.96976 -65.8495 0.953102
 0.96991 -65.8389 0.953252
 0.97006 -65.8283 0.953402
 0.97021 -65.8177 0.953552
 0.97036 -65.8071 0.953702
 0.97051 -65.7965 0.953852
 0.97066 -65.7859 0.954002
 0.97081 -65.7754 0.954152
 0.97096 -65.7648 0.954302
0.971111 -65.7542 0.954302
0.971261 -65.7437 0.954452
0.971411 -65.7331 0.954602
0.971561 -65.7225 0.954752
0.971711  -65.712 0.954902
0.971861 -65.7014 0.955053
0.972011 -65.6909 0.955203
0.972161 -65.6803 0.955353
0.972311 -65.6698 0.955503
0.972461 -65.6592 0.955653
0.972611 -65.6487 0.955803
0.972761 -65.6382 0.955953
0.972911 -65.6276 0.956103
0.973062 -65.6171 0.956253
0.973212 -65.6066 0.956403
0.973362 -65.5961 0.956553
0.973512 -65.5855 0.956703
0.973662  -65.575 0.956703
0.973812 -65.5645 0.956853
0.973962  -65.554 0.957004
0.974112 -65.5435 0.957154
0.974262  -65.533 0.957304
0.974412 -65.5225 0.957454
0.974562  -65.512 0.957604
0.974712 -65.5015 0.957754
0.974862  -65.491 0.957904
0.975013 -65.4805 0.958054
0.975163   -65.47 0.958204
0.975313 -65.4596 0.958354
0.975463 -65.4491 0.958504
0.975613 -65.4386 0.958654
0.975763 -65.4281 0.958804
0.975913 -65.4177 0.958954
0.976063 -65.4072 0.959105
0.976213 -65.3967 0.959105
0.976363 -65.3863 0.959255
0.976513 -65.3758 0.959405
0.976663 -65.3654 0.959555
0.976813 -65.3549 0.959705
0.976963 -65.3445 0.959855
0.977114  -65.334 0.960005
0.977264 -65.3236 0.960155
0.977414 -65.3131 0.960305
0.977564 -65.3027 0.960455
0.977714 -65.2923 0.960605
0.977864 -65.2818 0.960755
0.978014 -65.2714 0.960905
0.978164  -65.261 0.961056
0.978314 -65.2506 0.961206
0.978464 -65.2401 0.961356
0.978614 -65.2297 0.961506
0.978764 -65.2193 0.961656
0.978914 -65.2089 0.961656
0.979065 -65.1985 0.961806
0.979215 -65.1881 0.961956
0.979365 -65.1777 0.962106
0.979515 -65.1673 0.962256
0.979665 -65.1569 0.962406
0.979815 -65.1465 0.962556
0.979965 -65.1361 0.962706
0.980115 -65.1258 0.962856
0.980265 -65.1154 0.963007
0.980415  -65.105 0.963157
0.980565 -65.0946 0.963307
0.980715 -65.0842 0.963457
0.980865 -65.0739 0.963607
0.981016 -65.0635 0.963757
0.981166 -65.0531 0.963907
0.981316 -65.0428 0.964057
0.981466 -65.0324 0.964207
0.981616 -65.0221 0.964207
0.981766 -65.0117 0.964357
0.981916 -65.0014 0.964507
0.982066  -64.991 0.964657
0.982216 -64.9807 0.964807
0.982366 -64.9704 0.964957
0.982516   -64.96 0.965108
0.982666 -64.9497 0.965258
0.982816 -64.9394 0.965408
0.982966  -64.929 0.965558
0.983117 -64.9187 0.965708
0.983267 -64.9084 0.965858
0.983417 -64.8981 0.966008
0.983567 -64.8877 0.966158
0.983717 -64.8774 0.966308
0.983867 -64.8671 0.966458
0.984017 -64.8568 0.966608
0.984167 -64.8465 0.966758
0.984317 -64.8362 0.966758
0.984467 -64.8259 0.966908
0.984617 -64.8156 0.967059
0.984767 -64.8053 0.967209
0.984917  -64.795 0.967359
0.985068 -64.7848 0.967509
0.985218 -64.7745 0.967659
0.985368 -64.7642 0.967809
0.985518 -64.7539 0.967959
0.985668 -64.7437 0.968109
0.985818 -64.7334 0.968259
0.985968 -64.7231 0.968409
0.986118 -64.7129 0.968559
0.986268 -64.7026 0.968709
0.986418 -64.6923 0.968859
0.986568 -64.6821  0.96901
0.986718 -64.6718  0.96916
0.986868 -64.6616  0.96916
0.987019 -64.6513  0.96931
0.987169 -64.6411  0.96946
0.987319 -64.6308  0.96961
0.987469 -64.6206  0.96976
0.987619 -64.6104  0.96991
0.987769 -64.6001  0.97006
0.987919 -64.5899  0.97021
0.988069 -64.5797  0.97036
0.988219 -64.5695  0.97051
0.988369 -64.5592  0.97066
0.988519  -64.549  0.97081
0.988669 -64.5388  0.97096
0.988819 -64.5286 0.971111
0.988969 -64.5184 0.971261
 0.98912 -64.5082 0.971411
 0.98927  -64.498 0.971561
 0.98942 -64.4878 0.971711
 0.98957 -64.4776 0.971861
 0.98972 -64.4674 0.971861
 0.98987 -64.4572 0.972011
 0.99002  -64.447 0.972161
 0.99017 -64.4368 0.972311
 0.99032 -64.4266 0.972461
 0.99047 -64.4165 0.972611
 0.99062 -64.4063 0.972761
 0.99077 -64.3961 0.972911
 0.99092 -64.3859 0.973062
0.991071 -64.3758 0.973212
0.991221 -64.3656 0.973362
0.991371 -64.3555 0.973512
0.991521 -64.3453 0.973662
0.991671 -64.3351 0.973812
0.991821  -64.325 0.973962
0.991971 -64.3148 0.974112
0.992121 -64.3047 0.974262
0.992271 -64.2946 0.974412
0.992421 -64.2844 0.974412
0.992571 -64.2743 0.974562
0.992721 -64.2641 0.974712
0.992871  -64.254 0.974862
0.993022 -64.2439 0.975013
0.993172 -64.2337 0.975163
0.993322 -64.2236 0.975313
0.993472 -64.2135 0.975463
0.993622 -64.2034 0.975613
0.993772 -64.1933 0.975763
0.993922 -64.1832 0.975913
0.994072  -64.173 0.976063
0.994222 -64.1629 0.976213
0.994372 -64.1528 0.976363
0.994522 -64.1427 0.976513
0.994672 -64.1326 0.976663
0.994822 -64.1225 0.976813
0.994972 -64.1125 0.976963
0.995123 -64.1024 0.976963
0.995273 -64.0923 0.977114
0.995423 -64.0822 0.977264
0.995573 -64.0721 0.977414
0.995723  -64.062 0.977564
0.995873  -64.052 0.977714
0.996023 -64.0419 0.977864
0.996173 -64.0318 0.978014
0.996323 -64.0218 0.978164
0.996473 -64.0117 0.978314
0.996623 -64.0016 0.978464
0.996773 -63.9916 0.978614
0.996923 -63.9815 0.978764
0.997074 -63.9715 0.978914
0.997224 -63.9614 0.979065
0.997374 -63.9514 0.979215
0.997524 -63.9413 0.979365
0.997674 -63.9313 0.979515
0.997824 -63.9212 0.979515
0.997974 -63.9112 0.979665
0.998124 -63.9012 0.979815
0.998274 -63.8912 0.979965
0.998424 -63.8811 0.980115
0.998574 -63.8711 0.980265
0.998724 -63.8611 0.980415
0.998874 -63.8511 0.980565
0.999025  -63.841 0.980715
0.999175  -63.831 0.980865
0.999325  -63.821 0.981016
0.999475  -63.811 0.981166
0.999625  -63.801 0.981316
0.999775  -63.791 0.981466
0.999925  -63.781 0.981616
 1.00008  -63.771 0.981766
 1.00023  -63.761 0.981916
 1.00038  -63.751 0.982066
 1.00053 -63.7411 0.982216
 1.00068 -63.7311 0.982216
 1.00083 -63.7211 0.982366
 1.00098 -63.7111 0.982516
 1.00113 -63.7011 0.982666
 1.00128 -63.6912 0.982816
 1.00143 -63.6812 0.982966
 1.00158 -63.6712 0.983117
 1.00173 -63.6613 0.983267
 1.00188 -63.6513 0.983417
 1.00203 -63.6413 0.983567
 1.00218 -63.6314 0.983717
 1.00233 -63.6214 0.983867
 1.00248 -63.6115 0.984017
 1.00263 -63.6015 0.984167
 1.00278 -63.5916 0.984317
 1.00293 -63.5817 0.984467
 1.00308 -63.5717 0.984617
 1.00323 -63.5618 0.984767
 1.00338 -63.5518 0.984767
 1.00353 -63.5419 0.984917
 1.00368  -63.532 0.985068
 1.00383 -63.5221 0.985218
 1.00398 -63.5121 0.985368
 1.00413 -63.5022 0.985518
 1.00428 -63.4923 0.985668
 1.00443 -63.4824 0.985818
 1.00458 -63.4725 0.985968
 1.00473 -63.4626 0.986118
 1.00488 -63.4527 0.986268
 1.00503 -63.4428 0.986418
 1.00518 -63.4329 0.986568
 1.00533  -63.423 0.986718
 1.00548 -63.4131 0.986868
 1.00563 -63.4032 0.987019
 1.00578 -63.3933 0.987169
 1.00593 -63.3834 0.987319
 1.00608 -63.3735 0.987469
 1.00623 -63.3637 0.987469
 1.00638 -63.3538 0.987619
 1.00653 -63.3439 0.987769
 1.00668  -63.334 0.987919
 1.00683 -63.3242 0.988069
 1.00698 -63.3143 0.988219
 1.00713 -63.3044 0.988369
 1.00728 -63.2946 0.988519
 1.00743 -63.2847 0.988669
 1.00758 -63.2749 0.988819
 1.00773  -63.265 0.988969
 1.00788 -63.2552  0.98912
 1.00803 -63.2453  0.98927
 1.00818 -63.2355  0.98942
 1.00833 -63.2256  0.98957
 1.00848 -63.2158  0.98972
 1.00863 -63.2059  0.98987
 1.00878 -63.1961  0.99002
 1.00893 -63.1863  0.99002
 1.00908 -63.1765  0.99017
 1.00923 -63.1666  0.99032
 1.00938 -63.1568  0.99047
 1.00953  -63.147  0.99062
 1.00968 -63.1372  0.99077
 1.00983 -63.1274  0.99092
 1.00998 -63.1175 0.991071
 1.01013 -63.1077 0.991221
 1.01028 -63.0979 0.991371
 1.01043 -63.0881 0.991521
 1.01058 -63.0783 0.991671
 1.01073 -63.0685 0.991821
 1.01088 -63.0587 0.991971
 1.01103  -63.049 0.992121
 1.01118 -63.0392 0.992271
 1.01133 -63.0294 0.992421
 1.01148 -63.0196 0.992571
 1.01163 -63.0098 0.992721
 1.01178      -63 0.992721
 1.01193 -62.9903 0.992871
 1.01208 -62.9805 0.993022
 1.01223 -62.9707 0.993172
 1.01238 -62.9609 0.993322
 1.01253 -62.9512 0.993472
 1.01268 -62.9414 0.993622
 1.01283 -62.9317 0.993772
 1.01298 -62.9219 0.993922
 1.01313 -62.9122 0.994072
 1.01328 -62.9024 0.994222
 1.01343 -62.8927 0.994372
 1.01358 -62.8829 0.994522
 1.01373 -62.8732 0.994672
 1.01388 -62.8634 0.994822
 1.01403 -62.8537 0.994972
 1.01418  -62.844 0.995123
 1.01433 -62.8342 0.995273
 1.01448 -62.8245 0.995273
 1.01463 -62.8148 0.995423
 1.01478  -62.805 0.995573
 1.01493 -62.7953 0.995723
 1.01508 -62.7856 0.995873
 1.01523 -62.7759 0.996023
 1.01538 -62.7662 0.996173
 1.01553 -62.7565 0.996323
 1.01568 -62.7468 0.996473
 1.01583 -62.7371 0.996623
 1.01598 -62.7274 0.996773
 1.01613 -62.7177 0.996923
 1.01628  -62.708 0.997074
 1.01643 -62.6983 0.997224
 1.01658 -62.6886 0.997374
 1.01673 -62.6789 0.997524
 1.01688 -62.6692 0.997674
 1.01703 -62.6595 0.997824
 1.01718 -62.6498 0.997824
 1.01733 -62.6402 0.997974
 1.01748 -62.6305 0.998124
 1.01763 -62.6208 0.998274
 1.01778 -62.6111 0.998424
 1.01793 -62.6015 0.998574
 1.01808 -62.5918 0.998724
 1.01823 -62.5821 0.998874
 1.01838 -62.5725 0.999025
 1.01853 -62.5628 0.999175
 1.01868 -62.5532 0.999325
 1.01883 -62.5435 0.999475
 1.01898 -62.5339 0.999625
 1.01913 -62.5242 0.999775
 1.01928 -62.5146 0.999925
 1.01943  -62.505  1.00008
 1.01958 -62.4953  1.00023
 1.01973 -62.4857  1.00038
 1.01988 -62.4761  1.00053
 1.02004 -62.4664  1.00053
 1.02019 -62.4568  1.00068
 1.02034 -62.4472  1.00083
 1.02049 -62.4375  1.00098
 1.02064 -62.4279  1.00113
 1.02079 -62.4183  1.00128
 1.02094 -62.4087  1.00143
 1.02109 -62.3991  1.00158
 1.02124 -62.3895  1.00173
 1.02139 -62.3799  1.00188
 1.02154 -62.3703  1.00203
 1.02169 -62.3607  1.00218
 1.02184 -62.3511  1.00233
 1.02199 -62.3415  1.00248
 1.02214 -62.3319  1.00263
 1.02229 -62.3223  1.00278
 1.02244 -62.3127  1.00293
 1.02259 -62.3031  1.00308
 1.02274 -62.2936  1.00323
 1.02289  -62.284  1.00323
 1.02304 -62.2744  1.00338
 1.02319 -62.2648  1.00353
 1.02334 -62.2552  1.00368
 1.02349 -62.2457  1.00383
 1.02364 -62.2361  1.00398
 1.02379 -62.2266  1.00413
 1.02394  -62.217  1.00428
 1.02409 -62.2074  1.00443
 1.02424 -62.1979  1.00458
 1.02439 -62.1883  1.00473
 1.02454 -62.1788  1.00488
 1.02469 -62.1692  1.00503
 1.02484 -62.1597  1.00518
 1.02499 -62.1501  1.00533
 1.02514 -62.1406  1.00548
 1.02529 -62.1311  1.00563
 1.02544 -62.1215  1.00578
 1.02559  -62.112  1.00578
 1.02574 -62.1025  1.00593
 1.02589  -62.093  1.00608
 1.02604 -62.0834  1.00623
 1.02619 -62.0739  1.00638
 1.02634 -62.0644  1.00653
 1.02649 -62.0549  1.00668
 1.02664 -62.0454  1.00683
 1.02679 -62.0358  1.00698
 1.02694 -62.0263  1.00713
 1.02709 -62.0168  1.00728
 1.02724 -62.0073  1.00743
 1.02739 -61.9978  1.00758
 1.02754 -61.9883  1.00773
 1.02769 -61.9788  1.00788
 1.02784 -61.9694  1.00803
 1.02799 -61.9599  1.00818
 1.02814 -61.9504  1.00833
 1.02829 -61.9409  1.00833
 1.02844 -61.9314  1.00848
 1.02859 -61.9219  1.00863
 1.02874 -61.9125  1.00878
 1.02889  -61.903  1.00893
 1.02904 -61.8935  1.00908
 1.02919  -61.884  1.00923
 1.02934 -61.8746  1.00938
 1.02949 -61.8651  1.00953
 1.02964 -61.8557  1.00968
 1.02979 -61.8462  1.00983
 1.02994 -61.8367  1.00998
 1.03009 -61.8273  1.01013
 1.03024 -61.8178  1.01028
 1.03039 -61.8084  1.01043
 1.03054 -61.7989  1.01058
 1.03069 -61.7895  1.01073
 1.03084 -61.7801  1.01088
 1.03099 -61.7706  1.01103
 1.03114 -61.7612  1.01103
 1.03129 -61.7518  1.01118
 1.03144 -61.7423  1.01133
 1.03159 -61.7329  1.01148
 1.03174 -61.7235  1.01163
 1.03189 -61.7141  1.01178
 1.03204 -61.7046  1.01193
 1.03219 -61.6952  1.01208
 1.03234 -61.6858  1.01223
 1.03249 -61.6764  1.01238
 1.03264  -61.667  1.01253
 1.03279 -61.6576  1.01268
 1.03294 -61.6482  1.01283
 1.03309 -61.6388  1.01298
 1.03324 -61.6294  1.01313
 1.03339   -61.62  1.01328
 1.03354 -61.6106  1.01343
 1.03369 -61.6012  1.01358
 1.03384 -61.5918  1.01358
 1.03399 -61.5824  1.01373
 1.03414 -61.5731  1.01388
 1.03429 -61.5637  1.01403
 1.03444 -61.5543  1.01418
 1.03459 -61.5449  1.01433
 1.03474 -61.5355  1.01448
 1.03489 -61.5262  1.01463
 1.03504 -61.5168  1.01478
 1.03519 -61.5074  1.01493
 1.03534 -61.4981  1.01508
 1.03549 -61.4887  1.01523
 1.03564 -61.4794  1.01538
 1.03579   -61.47  1.01553
 1.03594 -61.4607  1.01568
 1.03609 -61.4513  1.01583
 1.03624  -61.442  1.01598
 1.03639 -61.4326  1.01613
 1.03654 -61.4233  1.01628
 1.03669 -61.4139  1.01628
 1.03684 -61.4046  1.01643
 1.03699 -61.3953  1.01658
 1.03714 -61.3859  1.01673
 1.03729 -61.3766  1.01688
 1.03744 -61.3673  1.01703
 1.03759  -61.358  1.01718
 1.03774 -61.3486  1.01733
 1.03789 -61.3393  1.01748
 1.03804   -61.33  1.01763
 1.03819 -61.3207  1.01778
 1.03834 -61.3114  1.01793
 1.03849 -61.3021  1.01808
 1.03864 -61.2928  1.01823
 1.03879 -61.2835  1.01838
 1.03894 -61.2742  1.01853
 1.03909 -61.2649  1.01868
 1.03924 -61.2556  1.01883
 1.03939 -61.2463  1.01883
 1.03954  -61.237  1.01898
 1.03969 -61.2277  1.01913
 1.03984 -61.2184  1.01928
 1.03999 -61.2091  1.01943
 1.04015 -61.1998  1.01958
  1.0403 -61.1906  1.01973
 1.04045 -61.1813  1.01988
  1.0406  -61.172  1.02004
 1.04075 -61.1627  1.02019
  1.0409 -61.1535  1.02034
 1.04105 -61.1442  1.02049
  1.0412  -61.135  1.02064
 1.04135 -61.1257  1.02079
  1.0415 -61.1164  1.02094
 1.04165 -61.1072  1.02109
  1.0418 -61.0979  1.02124
 1.04195 -61.0887  1.02139
  1.0421 -61.0794  1.02154
 1.04225 -61.0702  1.02154
  1.0424 -61.0609  1.02169
 1.04255 -61.0517  1.02184
  1.0427 -61.0425  1.02199
 1.04285 -61.0332  1.02214
   1.043  -61.024  1.02229
 1.04315 -61.0148  1.02244
  1.0433 -61.0055  1.02259
 1.04345 -60.9963  1.02274
  1.0436 -60.9871  1.02289
 1.04375 -60.9779  1.02304
  1.0439 -60.9687  1.02319
 1.04405 -60.9594  1.02334
  1.0442 -60.9502  1.02349
 1.04435  -60.941  1.02364
  1.0445 -60.9318  1.02379
 1.04465 -60.9226  1.02394
  1.0448 -60.9134  1.02409
 1.04495 -60.9042  1.02409
  1.0451  -60.895  1.02424
 1.04525 -60.8858  1.02439
  1.0454 -60.8766  1.02454
 1.04555 -60.8674  1.02469
  1.0457 -60.8583  1.02484
 1.04585 -60.8491  1.02499
   1.046 -60.8399  1.02514
 1.04615 -60.8307  1.02529
  1.0463 -60.8215  1.02544
 1.04645 -60.8124  1.02559
  1.0466 -60.8032  1.02574
 1.04675  -60.794  1.02589
  1.0469 -60.7848  1.02604
 1.04705 -60.7757  1.02619
  1.0472 -60.7665  1.02634
 1.04735 -60.7574  1.02649
  1.0475 -60.7482  1.02664
 1.04765 -60.7391  1.02664
  1.0478 -60.7299  1.02679
 1.04795 -60.7208  1.02694
  1.0481 -60.7116  1.02709
 1.04825 -60.7025  1.02724
  1.0484 -60.6933  1.02739
 1.04855 -60.6842  1.02754
  1.0487  -60.675  1.02769
 1.04885 -60.6659  1.02784
   1.049 -60.6568  1.02799
 1.04915 -60.6476  1.02814
  1.0493 -60.6385  1.02829
 1.04945 -60.6294  1.02844
  1.0496 -60.6203  1.02859
 1.04975 -60.6112  1.02874
  1.0499  -60.602  1.02889
 1.05005 -60.5929  1.02904
  1.0502 -60.5838  1.02919
 1.05035 -60.5747  1.02919
  1.0505 -60.5656  1.02934
 1.05065 -60.5565  1.02949
  1.0508 -60.5474  1.02964
 1.05095 -60.5383  1.02979
  1.0511 -60.5292  1.02994
 1.05125 -60.5201  1.03009
  1.0514  -60.511  1.03024
 1.05155 -60.5019  1.03039
  1.0517 -60.4928  1.03054
 1.05185 -60.4837  1.03069
   1.052 -60.4747  1.03084
 1.05215 -60.4656  1.03099
  1.0523 -60.4565  1.03114
 1.05245 -60.4474  1.03129
  1.0526 -60.4384  1.03144
 1.05275 -60.4293  1.03159
  1.0529 -60.4202  1.03174
 1.05305 -60.4112  1.03174
  1.0532 -60.4021  1.03189
 1.05335  -60.393  1.03204
  1.0535  -60.384  1.03219
 1.05365 -60.3749  1.03234
  1.0538 -60.3659  1.03249
 1.05395 -60.3568  1.03264
  1.0541 -60.3478  1.03279
 1.05425 -60.3387  1.03294
  1.0544 -60.3297  1.03309
 1.05455 -60.3207  1.03324
  1.0547 -60.3116  1.03339
 1.05485 -60.3026  1.03354
   1.055 -60.2935  1.03369
 1.05515 -60.2845  1.03384
  1.0553 -60.2755  1.03399
 1.05545 -60.2665  1.03414
  1.0556 -60.2574  1.03429
 1.05575 -60.2484  1.03429
  1.0559 -60.2394  1.03444
 1.05605 -60.2304  1.03459
  1.0562 -60.2214  1.03474
 1.05635 -60.2124  1.03489
  1.0565 -60.2034  1.03504
 1.05665 -60.1943  1.03519
  1.0568 -60.1853  1.03534
 1.05695 -60.1763  1.03549
  1.0571 -60.1673  1.03564
 1.05725 -60.1584  1.03579
  1.0574 -60.1494  1.03594
 1.05755 -60.1404  1.03609
  1.0577 -60.1314  1.03624
 1.05785 -60.1224  1.03639
   1.058 -60.1134  1.03654
 1.05815 -60.1044  1.03669
  1.0583 -60.0955  1.03684
 1.05845 -60.0865  1.03684
  1.0586 -60.0775  1.03699
 1.05875 -60.0685  1.03714
  1.0589 -60.0596  1.03729
 1.05905 -60.0506  1.03744
  1.0592 -60.0416  1.03759
 1.05935 -60.0327  1.03774
  1.0595 -60.0237  1.03789
 1.05965 -60.0148  1.03804
  1.0598 -60.0058  1.03819
 1.05995 -59.9968  1.03834
 1.06011 -59.9879  1.03849
 1.06026 -59.9789  1.03864
 1.06041   -59.97  1.03879
 1.06056 -59.9611  1.03894
 1.06071 -59.9521  1.03909
 1.06086 -59.9432  1.03924
 1.06101 -59.9343  1.03924
 1.06116 -59.9253  1.03939
 1.06131 -59.9164  1.03954
 1.06146 -59.9075  1.03969
 1.06161 -59.8985  1.03984
 1.06176 -59.8896  1.03999
 1.06191 -59.8807  1.04015
 1.06206 -59.8718   1.0403
 1.06221 -59.8629  1.04045
 1.06236 -59.8539   1.0406
 1.06251  -59.845  1.04075
 1.06266 -59.8361   1.0409
 1.06281 -59.8272  1.04105
 1.06296 -59.8183   1.0412
 1.06311 -59.8094  1.04135
 1.06326 -59.8005   1.0415
 1.06341 -59.7916  1.04165
 1.06356 -59.7827   1.0418
 1.06371 -59.7738   1.0418
 1.06386  -59.765  1.04195
 1.06401 -59.7561   1.0421
 1.06416 -59.7472  1.04225
 1.06431 -59.7383   1.0424
 1.06446 -59.7294  1.04255
 1.06461 -59.7205   1.0427
 1.06476 -59.7117  1.04285
 1.06491 -59.7028    1.043
 1.06506 -59.6939  1.04315
 1.06521 -59.6851   1.0433
 1.06536 -59.6762  1.04345
 1.06551 -59.6673   1.0436
 1.06566 -59.6585  1.04375
 1.06581 -59.6496   1.0439
 1.06596 -59.6408  1.04405
 1.06611 -59.6319   1.0442
 1.06626 -59.6231   1.0442
 1.06641 -59.6142  1.04435
 1.06656 -59.6054   1.0445
 1.06671 -59.5965  1.04465
 1.06686 -59.5877   1.0448
 1.06701 -59.5789  1.04495
 1.06716   -59.57   1.0451
 1.06731 -59.5612  1.04525
 1.06746 -59.5524   1.0454
 1.06761 -59.5435  1.04555
 1.06776 -59.5347   1.0457
 1.06791 -59.5259  1.04585
 1.06806 -59.5171    1.046
 1.06821 -59.5082  1.04615
 1.06836 -59.4994   1.0463
 1.06851 -59.4906  1.04645
 1.06866 -59.4818   1.0466
 1.06881  -59.473   1.0466
 1.06896 -59.4642  1.04675
 1.06911 -59.4554   1.0469
 1.06926 -59.4466  1.04705
 1.06941 -59.4378   1.0472
 1.06956  -59.429  1.04735
 1.06971 -59.4202   1.0475
 1.06986 -59.4114  1.04765
 1.07001 -59.4026   1.0478
 1.07016 -59.3938  1.04795
 1.07031  -59.385   1.0481
 1.07046 -59.3763  1.04825
 1.07061 -59.3675   1.0484
 1.07076 -59.3587  1.04855
 1.07091 -59.3499   1.0487
 1.07106 -59.3412  1.04885
 1.07121 -59.3324    1.049
 1.07136 -59.3236  1.04915
 1.07151 -59.3148  1.04915
 1.07166 -59.3061   1.0493
 1.07181 -59.2973  1.04945
 1.07196 -59.2886   1.0496
 1.07211 -59.2798  1.04975
 1.07226 -59.2711   1.0499
 1.07241 -59.2623  1.05005
 1.07256 -59.2536   1.0502
 1.07271 -59.2448  1.05035
 1.07286 -59.2361   1.0505
 1.07301 -59.2273  1.05065
 1.07316 -59.2186   1.0508
 1.07331 -59.2098  1.05095
 1.07346 -59.2011   1.0511
 1.07361 -59.1924  1.05125
 1.07376 -59.1837   1.0514
 1.07391 -59.1749  1.05155
 1.07406 -59.1662  1.05155
 1.07421 -59.1575   1.0517
 1.07436 -59.1488  1.05185
 1.07451   -59.14    1.052
 1.07466 -59.1313  1.05215
 1.07481 -59.1226   1.0523
 1.07496 -59.1139  1.05245
 1.07511 -59.1052   1.0526
 1.07526 -59.0965  1.05275
 1.07541 -59.0878   1.0529
 1.07556 -59.0791  1.05305
 1.07571 -59.0704   1.0532
 1.07586 -59.0617  1.05335
 1.07601  -59.053   1.0535
 1.07616 -59.0443  1.05365
 1.07631 -59.0356   1.0538
 1.07646 -59.0269   1.0538
 1.07661 -59.0182  1.05395
 1.07676 -59.0096   1.0541
 1.07691 -59.0009  1.05425
 1.07706 -58.9922   1.0544
 1.07721 -58.9835  1.05455
 1.07736 -58.9749   1.0547
 1.07751 -58.9662  1.05485
 1.07766 -58.9575    1.055
 1.07781 -58.9489  1.05515
 1.07796 -58.9402   1.0553
 1.07811 -58.9315  1.05545
 1.07826 -58.9229   1.0556
 1.07841 -58.9142  1.05575
 1.07856 -58.9056   1.0559
 1.07871 -58.8969  1.05605
 1.07886 -58.8883   1.0562
 1.07901 -58.8796   1.0562
 1.07916  -58.871  1.05635
 1.07931 -58.8623   1.0565
 1.07946 -58.8537  1.05665
 1.07961 -58.8451   1.0568
 1.07976 -58.8364  1.05695
 1.07991 -58.8278   1.0571
 1.08007 -58.8192  1.05725
 1.08022 -58.8105   1.0574
 1.08037 -58.8019  1.05755
 1.08052 -58.7933   1.0577
 1.08067 -58.7847  1.05785
 1.08082  -58.776    1.058
 1.08097 -58.7674  1.05815
 1.08112 -58.7588   1.0583
 1.08127 -58.7502  1.05845
 1.08142 -58.7416  1.05845
 1.08157  -58.733   1.0586
 1.08172 -58.7244  1.05875
 1.08187 -58.7158   1.0589
 1.08202 -58.7072  1.05905
 1.08217 -58.6986   1.0592
 1.08232   -58.69  1.05935
 1.08247 -58.6814   1.0595
 1.08262 -58.6728  1.05965
 1.08277 -58.6642   1.0598
 1.08292 -58.6556  1.05995
 1.08307 -58.6471  1.06011
 1.08322 -58.6385  1.06026
 1.08337 -58.6299  1.06041
 1.08352 -58.6213  1.06056
 1.08367 -58.6128  1.06071
 1.08382 -58.6042  1.06071
 1.08397 -58.5956  1.06086
 1.08412 -58.5871  1.06101
 1.08427 -58.5785  1.06116
 1.08442 -58.5699  1.06131
 1.08457 -58.5614  1.06146
 1.08472 -58.5528  1.06161
 1.08487 -58.5443  1.06176
 1.08502 -58.5357  1.06191
 1.08517 -58.5272  1.06206
 1.08532 -58.5186  1.06221
 1.08547 -58.5101  1.06236
 1.08562 -58.5015  1.06251
 1.08577  -58.493  1.06266
 1.08592 -58.4845  1.06281
 1.08607 -58.4759  1.06296
 1.08622 -58.4674  1.06296
 1.08637 -58.4589  1.06311
 1.08652 -58.4503  1.06326
 1.08667 -58.4418  1.06341
 1.08682 -58.4333  1.06356
 1.08697 -58.4248  1.06371
 1.08712 -58.4163  1.06386
 1.08727 -58.4077  1.06401
 1.08742 -58.3992  1.06416
 1.08757 -58.3907  1.06431
 1.08772 -58.3822  1.06446
 1.08787 -58.3737  1.06461
 1.08802 -58.3652  1.06476
 1.08817 -58.3567  1.06491
 1.08832 -58.3482  1.06506
 1.08847 -58.3397  1.06521
 1.08862 -58.3312  1.06521
 1.08877 -58.3227  1.06536
 1.08892 -58.3142  1.06551
 1.08907 -58.3057  1.06566
 1.08922 -58.2973  1.06581
 1.08937 -58.2888  1.06596
 1.08952 -58.2803  1.06611
 1.08967 -58.2718  1.06626
 1.08982 -58.2633  1.06641
 1.08997 -58.2549  1.06656
 1.09012 -58.2464  1.06671
 1.09027 -58.2379  1.06686
 1.09042 -58.2295  1.06701
 1.09057  -58.221  1.06716
 1.09072 -58.2125  1.06731
 1.09087 -58.2041  1.06746
 1.09102 -58.1956  1.06746
 1.09117 -58.1872  1.06761
 1.09132 -58.1787  1.06776
 1.09147 -58.1703  1.06791
 1.09162 -58.1618  1.06806
 1.09177 -58.1534  1.06821
 1.09192 -58.1449  1.06836
 1.09207 -58.1365  1.06851
 1.09222 -58.1281  1.06866
 1.09237 -58.1196  1.06881
 1.09252 -58.1112  1.06896
 1.09267 -58.1028  1.06911
 1.09282 -58.0943  1.06926
 1.09297 -58.0859  1.06941
 1.09312 -58.0775  1.06956
 1.09327 -58.0691  1.06956
 1.09342 -58.0606  1.06971
 1.09357 -58.0522  1.06986
 1.09372 -58.0438  1.07001
 1.09387 -58.0354  1.07016
 1.09402  -58.027  1.07031
 1.09417 -58.0186  1.07046
 1.09432 -58.0102  1.07061
 1.09447 -58.0018  1.07076
 1.09462 -57.9934  1.07091
 1.09477  -57.985  1.07106
 1.09492 -57.9766  1.07121
 1.09507 -57.9682  1.07136
 1.09522 -57.9598  1.07151
 1.09537 -57.9514  1.07166
 1.09552  -57.943  1.07166
 1.09567 -57.9346  1.07181
 1.09582 -57.9263  1.07196
 1.09597 -57.9179  1.07211
 1.09612 -57.9095  1.07226
 1.09627 -57.9011  1.07241
 1.09642 -57.8928  1.07256
 1.09657 -57.8844  1.07271
 1.09672  -57.876  1.07286
 1.09687 -57.8677  1.07301
 1.09702 -57.8593  1.07316
 1.09717 -57.8509  1.07331
 1.09732 -57.8426  1.07346
 1.09747 -57.8342  1.07361
 1.09762 -57.8259  1.07376
 1.09777 -57.8175  1.07376
 1.09792 -57.8092  1.07391
 1.09807 -57.8008  1.07406
 1.09822 -57.7925  1.07421
 1.09837 -57.7841  1.07436
 1.09852 -57.7758  1.07451
 1.09867 -57.7675  1.07466
 1.09882 -57.7591  1.07481
 1.09897 -57.7508  1.07496
 1.09912 -57.7425  1.07511
 1.09927 -57.7341  1.07526
 1.09942 -57.7258  1.07541
 1.09957 -57.7175  1.07556
 1.09972 -57.7092  1.07571
 1.09987 -57.7008  1.07586
 1.10003 -57.6925  1.07586
 1.10018 -57.6842  1.07601
 1.10033 -57.6759  1.07616
 1.10048 -57.6676  1.07631
 1.10063 -57.6593  1.07646
 1.10078  -57.651  1.07661
 1.10093 -57.6427  1.07676
 1.10108 -57.6344  1.07691
 1.10123 -57.6261  1.07706
 1.10138 -57.6178  1.07721
 1.10153 -57.6095  1.07736
 1.10168 -57.6012  1.07751
 1.10183 -57.5929  1.07766
 1.10198 -57.5846  1.07781
 1.10213 -57.5764  1.07796
 1.10228 -57.5681  1.07796
 1.10243 -57.5598  1.07811
 1.10258 -57.5515  1.07826
 1.10273 -57.5432  1.07841
 1.10288  -57.535  1.07856
 1.10303 -57.5267  1.07871
 1.10318 -57.5184  1.07886
 1.10333 -57.5102  1.07901
 1.10348 -57.5019  1.07916
 1.10363 -57.4937  1.07931
 1.10378 -57.4854  1.07946
 1.10393 -57.4771  1.07961
 1.10408 -57.4689  1.07976
 1.10423 -57.4606  1.07991
 1.10438 -57.4524  1.07991
 1.10453 -57.4442  1.08007
 1.10468 -57.4359  1.08022
 1.10483 -57.4277  1.08037
 1.10498 -57.4194  1.08052
 1.10513 -57.4112  1.08067
 1.10528  -57.403  1.08082
 1.10543 -57.3947  1.08097
 1.10558 -57.3865  1.08112
 1.10573 -57.3783  1.08127
 1.10588 -57.3701  1.08142
 1.10603 -57.3618  1.08157
 1.10618 -57.3536  1.08172
 1.10633 -57.3454  1.08187
 1.10648 -57.3372  1.08187
 1.10663  -57.329  1.08202
 1.10678 -57.3208  1.08217
 1.10693 -57.3126  1.08232
 1.10708 -57.3043  1.08247
 1.10723 -57.2961  1.08262
 1.10738 -57.2879  1.08277
 1.10753 -57.2797  1.08292
 1.10768 -57.2716  1.08307
 1.10783 -57.2634  1.08322
 1.10798 -57.2552  1.08337
 1.10813  -57.247  1.08352
 1.10828 -57.2388  1.08367
 1.10843 -57.2306  1.08382
 1.10858 -57.2224  1.08382
 1.10873 -57.2143  1.08397
 1.10888 -57.2061  1.08412
 1.10903 -57.1979  1.08427
 1.10918 -57.1897  1.08442
 1.10933 -57.1816  1.08457
 1.10948 -57.1734  1.08472
 1.10963 -57.1652  1.08487
 1.10978 -57.1571  1.08502
 1.10993 -57.1489  1.08517
 1.11008 -57.1407  1.08532
 1.11023 -57.1326  1.08547
 1.11038 -57.1244  1.08562
 1.11053 -57.1163  1.08562
 1.11068 -57.1081  1.08577
 1.11083    -57.1  1.08592
 1.11098 -57.0919  1.08607
 1.11113 -57.0837  1.08622
 1.11128 -57.0756  1.08637
 1.11143 -57.0674  1.08652
 1.11158 -57.0593  1.08667
 1.11173 -57.0512  1.08682
 1.11188  -57.043  1.08697
 1.11203 -57.0349  1.08712
 1.11218 -57.0268  1.08727
 1.11233 -57.0187  1.08742
 1.11248 -57.0106  1.08757
 1.11263 -57.0024  1.08757
 1.11278 -56.9943  1.08772
 1.11293 -56.9862  1.08787
 1.11308 -56.9781  1.08802
 1.11323   -56.97  1.08817
 1.11338 -56.9619  1.08832
 1.11353 -56.9538  1.08847
 1.11368 -56.9457  1.08862
 1.11383 -56.9376  1.08877
 1.11398 -56.9295  1.08892
 1.11413 -56.9214  1.08907
 1.11428 -56.9133  1.08922
 1.11443 -56.9052  1.08937
 1.11458 -56.8971  1.08937
 1.11473  -56.889  1.08952
 1.11488  -56.881  1.08967
 1.11503 -56.8729  1.08982
 1.11518 -56.8648  1.08997
 1.11533 -56.8567  1.09012
 1.11548 -56.8487  1.09027
 1.11563 -56.8406  1.09042
 1.11578 -56.8325  1.09057
 1.11593 -56.8244  1.09072
 1.11608 -56.8164  1.09087
 1.11623 -56.8083  1.09102
 1.11638 -56.8003  1.09117
 1.11653 -56.7922  1.09117
 1.11668 -56.7842  1.09132
 1.11683 -56.7761  1.09147
 1.11698 -56.7681  1.09162
 1.11713   -56.76  1.09177
 1.11728  -56.752  1.09192
 1.11743 -56.7439  1.09207
 1.11758 -56.7359  1.09222
 1.11773 -56.7279  1.09237
 1.11788 -56.7198  1.09252
 1.11803 -56.7118  1.09267
 1.11818 -56.7038  1.09267
 1.11833 -56.6957  1.09282
 1.11848 -56.6877  1.09297
 1.11863 -56.6797  1.09312
 1.11878 -56.6717  1.09327
 1.11893 -56.6637  1.09342
 1.11908 -56.6556  1.09357
 1.11923 -56.6476  1.09372
 1.11938 -56.6396  1.09387
 1.11953 -56.6316  1.09402
 1.11968 -56.6236  1.09417
 1.11983 -56.6156  1.09432
 1.11998 -56.6076  1.09432
 1.12014 -56.5996  1.09447
 1.12029 -56.5916  1.09462
 1.12044 -56.5836  1.09477
 1.12059 -56.5756  1.09492
 1.12074 -56.5677  1.09507
 1.12089 -56.5597  1.09522
 1.12104 -56.5517  1.09537
 1.12119 -56.5437  1.09552
 1.12134 -56.5357  1.09567
 1.12149 -56.5278  1.09582
 1.12164 -56.5198  1.09582
 1.12179 -56.5118  1.09597
 1.12194 -56.5039  1.09612
 1.12209 -56.4959  1.09627
 1.12224 -56.4879  1.09642
 1.12239   -56.48  1.09657
 1.12254  -56.472  1.09672
 1.12269 -56.4641  1.09687
 1.12284 -56.4561  1.09702
 1.12299 -56.4482  1.09717
 1.12314 -56.4402  1.09732
 1.12329 -56.4323  1.09732
 1.12344 -56.4243  1.09747
 1.12359 -56.4164  1.09762
 1.12374 -56.4085  1.09777
 1.12389 -56.4005  1.09792
 1.12404 -56.3926  1.09807
 1.12419 -56.3847  1.09822
 1.12434 -56.3767  1.09837
 1.12449 -56.3688  1.09852
 1.12464 -56.3609  1.09867
 1.12479  -56.353  1.09882
 1.12494 -56.3451  1.09882
 1.12509 -56.3371  1.09897
 1.12524 -56.3292  1.09912
 1.12539 -56.3213  1.09927
 1.12554 -56.3134  1.09942
 1.12569 -56.3055  1.09957
 1.12584 -56.2976  1.09972
 1.12599 -56.2897  1.09987
 1.12614 -56.2818  1.10003
 1.12629 -56.2739  1.10018
 1.12644  -56.266  1.10033
 1.12659 -56.2581  1.10033
 1.12674 -56.2503  1.10048
 1.12689 -56.2424  1.10063
 1.12704 -56.2345  1.10078
 1.12719 -56.2266  1.10093
 1.12734 -56.2187  1.10108
 1.12749 -56.2109  1.10123
 1.12764  -56.203  1.10138
 1.12779 -56.1951  1.10153
 1.12794 -56.1873  1.10168
 1.12809 -56.1794  1.10183
 1.12824 -56.1715  1.10183
 1.12839 -56.1637  1.10198
 1.12854 -56.1558  1.10213
 1.12869  -56.148  1.10228
 1.12884 -56.1401  1.10243
 1.12899 -56.1323  1.10258
 1.12914 -56.1244  1.10273
 1.12929 -56.1166  1.10288
 1.12944 -56.1087  1.10303
 1.12959 -56.1009  1.10318
 1.12974 -56.0931  1.10318
 1.12989 -56.0852  1.10333
 1.13004 -56.0774  1.10348
 1.13019 -56.0696  1.10363
 1.13034 -56.0617  1.10378
 1.13049 -56.0539  1.10393
 1.13064 -56.0461  1.10408
 1.13079 -56.0383  1.10423
 1.13094 -56.0305  1.10438
 1.13109 -56.0226  1.10453
 1.13124 -56.0148  1.10468
 1.13139  -56.007  1.10468
 1.13154 -55.9992  1.10483
 1.13169 -55.9914  1.10498
 1.13184 -55.9836  1.10513
 1.13199 -55.9758  1.10528
 1.13214  -55.968  1.10543
 1.13229 -55.9602  1.10558
 1.13244 -55.9524  1.10573
 1.13259 -55.9446  1.10588
 1.13274 -55.9369  1.10603
 1.13289 -55.9291  1.10603
 1.13304 -55.9213  1.10618
 1.13319 -55.9135  1.10633
 1.13334 -55.9057  1.10648
 1.13349  -55.898  1.10663
 1.13364 -55.8902  1.10678
 1.13379 -55.8824  1.10693
 1.13394 -55.8747  1.10708
 1.13409 -55.8669  1.10723
 1.13424 -55.8591  1.10738
 1.13439 -55.8514  1.10753
 1.13454 -55.8436  1.10753
 1.13469 -55.8359  1.10768
 1.13484 -55.8281  1.10783
 1.13499 -55.8204  1.10798
 1.13514 -55.8126  1.10813
 1.13529 -55.8049  1.10828
 1.13544 -55.7971  1.10843
 1.13559 -55.7894  1.10858
 1.13574 -55.7817  1.10873
 1.13589 -55.7739  1.10888
 1.13604 -55.7662  1.10888
 1.13619 -55.7585  1.10903
 1.13634 -55.7507  1.10918
 1.13649  -55.743  1.10933
 1.13664 -55.7353  1.10948
 1.13679 -55.7276  1.10963
 1.13694 -55.7199  1.10978
 1.13709 -55.7121  1.10993
 1.13724 -55.7044  1.11008
 1.13739 -55.6967  1.11023
 1.13754  -55.689  1.11023
 1.13769 -55.6813  1.11038
 1.13784 -55.6736  1.11053
 1.13799 -55.6659  1.11068
 1.13814 -55.6582  1.11083
 1.13829 -55.6505  1.11098
 1.13844 -55.6428  1.11113
 1.13859 -55.6351  1.11128
 1.13874 -55.6274  1.11143
 1.13889 -55.6198  1.11158
 1.13904 -55.6121  1.11158
 1.13919 -55.6044  1.11173
 1.13934 -55.5967  1.11188
 1.13949 -55.5891  1.11203
 1.13964 -55.5814  1.11218
 1.13979 -55.5737  1.11233
 1.13994 -55.5661  1.11248
  1.1401 -55.5584  1.11263
 1.14025 -55.5507  1.11278
  1.1404 -55.5431  1.11278
 1.14055 -55.5354  1.11293
  1.1407 -55.5278  1.11308
 1.14085 -55.5201  1.11323
   1.141 -55.5125  1.11338
 1.14115 -55.5048  1.11353
  1.1413 -55.4972  1.11368
 1.14145 -55.4895  1.11383
  1.1416 -55.4819  1.11398
 1.14175 -55.4743  1.11398
  1.1419 -55.4666  1.11413
 1.14205  -55.459  1.11428
  1.1422 -55.4514  1.11443
 1.14235 -55.4438  1.11458
  1.1425 -55.4361  1.11473
 1.14265 -55.4285  1.11488
  1.1428 -55.4209  1.11503
 1.14295 -55.4133  1.11518
  1.1431 -55.4057  1.11518
 1.14325 -55.3981  1.11533
  1.1434 -55.3905  1.11548
 1.14355 -55.3829  1.11563
  1.1437 -55.3753  1.11578
 1.14385 -55.3677  1.11593
   1.144 -55.3601  1.11608
 1.14415 -55.3525  1.11623
  1.1443 -55.3449  1.11638
 1.14445 -55.3373  1.11653
  1.1446 -55.3297  1.11653
 1.14475 -55.3221  1.11668
  1.1449 -55.3145  1.11683
 1.14505  -55.307  1.11698
  1.1452 -55.2994  1.11713
 1.14535 -55.2918  1.11728
  1.1455 -55.2843  1.11743
 1.14565 -55.2767  1.11758
  1.1458 -55.2691  1.11758
 1.14595 -55.2616  1.11773
  1.1461  -55.254  1.11788
 1.14625 -55.2464  1.11803
  1.1464 -55.2389  1.11818
 1.14655 -55.2313  1.11833
  1.1467 -55.2238  1.11848
 1.14685 -55.2163  1.11863
   1.147 -55.2087  1.11863
 1.14715 -55.2012  1.11878
  1.1473 -55.1936  1.11893
 1.14745 -55.1861  1.11908
  1.1476 -55.1786  1.11923
 1.14775  -55.171  1.11938
  1.1479 -55.1635  1.11953
 1.14805  -55.156  1.11968
  1.1482 -55.1485  1.11968
 1.14835  -55.141  1.11983
  1.1485 -55.1334  1.11998
 1.14865 -55.1259  1.12014
  1.1488 -55.1184  1.12029
 1.14895 -55.1109  1.12044
  1.1491 -55.1034  1.12059
 1.14925 -55.0959  1.12074
  1.1494 -55.0884  1.12074
 1.14955 -55.0809  1.12089
  1.1497 -55.0734  1.12104
 1.14985 -55.0659  1.12119
    1.15 -55.0584  1.12134