 kgrid  ValNew  Policy 
    0.85 -74.9001 0.862756
 0.85015 -74.8862 0.862906
  0.8503 -74.8723 0.863057
 0.85045 -74.8585 0.863057
  0.8506 -74.8446 0.863207
 0.85075 -74.8308 0.863357
  0.8509 -74.8169 0.863507
0.851051 -74.8031 0.863507
0.851201 -74.7893 0.863657
0.851351 -74.7754 0.863807
0.851501 -74.7616 0.863957
0.851651 -74.7479 0.863957
0.851801 -74.7341 0.864107
0.851951 -74.7203 0.864257
0.852101 -74.7065 0.864407
0.852251 -74.6928 0.864407
0.852401  -74.679 0.864557
0.852551 -74.6653 0.864707
0.852701 -74.6516 0.864857
0.852851 -74.6379 0.864857
0.853002 -74.6241 0.865008
0.853152 -74.6104 0.865158
0.853302 -74.5968 0.865308
0.853452 -74.5831 0.865458
0.853602 -74.5694 0.865458
0.853752 -74.5557 0.865608
0.853902 -74.5421 0.865758
0.854052 -74.5285 0.865908
0.854202 -74.5148 0.865908
0.854352 -74.5012 0.866058
0.854502 -74.4876 0.866208
0.854652  -74.474 0.866358
0.854802 -74.4604 0.866358
0.854952 -74.4468 0.866508
0.855103 -74.4332 0.866658
0.855253 -74.4196 0.866808
0.855403 -74.4061 0.866808
0.855553 -74.3925 0.866958
0.855703  -74.379 0.867109
0.855853 -74.3654 0.867259
0.856003 -74.3519 0.867259
0.856153 -74.3384 0.867409
0.856303 -74.3249 0.867559
0.856453 -74.3114 0.867709
0.856603 -74.2979 0.867709
0.856753 -74.2844 0.867859
0.856903  -74.271 0.868009
0.857054 -74.2575 0.868159
0.857204  -74.244 0.868309
0.857354 -74.2306 0.868309
0.857504 -74.2172 0.868459
0.857654 -74.2037 0.868609
0.857804 -74.1903 0.868759
0.857954 -74.1769 0.868759
0.858104 -74.1635 0.868909
0.858254 -74.1501  0.86906
0.858404 -74.1367  0.86921
0.858554 -74.1234  0.86921
0.858704   -74.11  0.86936
0.858854 -74.0966  0.86951
0.859005 -74.0833  0.86966
0.859155   -74.07  0.86966
0.859305 -74.0566  0.86981
0.859455 -74.0433  0.86996
0.859605   -74.03  0.87011
0.859755 -74.0167  0.87026
0.859905 -74.0034  0.87026
0.860055 -73.9901  0.87041
0.860205 -73.9768  0.87056
0.860355 -73.9636  0.87071
0.860505 -73.9503  0.87071
0.860655 -73.9371  0.87086
0.860805 -73.9238 0.871011
0.860955 -73.9106 0.871161
0.861106 -73.8973 0.871311
0.861256 -73.8841 0.871461
0.861406 -73.8709 0.871611
0.861556 -73.8577 0.871611
0.861706 -73.8445 0.871761
0.861856 -73.8313 0.871911
0.862006 -73.8181 0.872061
0.862156 -73.8049 0.872211
0.862306 -73.7917 0.872361
0.862456 -73.7785 0.872511
0.862606 -73.7653 0.872661
0.862756 -73.7522 0.872661
0.862906  -73.739 0.872811
0.863057 -73.7259 0.872961
0.863207 -73.7127 0.873112
0.863357 -73.6996 0.873262
0.863507 -73.6865 0.873412
0.863657 -73.6733 0.873562
0.863807 -73.6602 0.873562
0.863957 -73.6471 0.873712
0.864107  -73.634 0.873862
0.864257 -73.6209 0.874012
0.864407 -73.6078 0.874162
0.864557 -73.5947 0.874312
0.864707 -73.5816 0.874462
0.864857 -73.5686 0.874612
0.865008 -73.5555 0.874612
0.865158 -73.5424 0.874762
0.865308 -73.5294 0.874912
0.865458 -73.5163 0.875063
0.865608 -73.5033 0.875213
0.865758 -73.4902 0.875363
0.865908 -73.4772 0.875513
0.866058 -73.4642 0.875663
0.866208 -73.4511 0.875663
0.866358 -73.4381 0.875813
0.866508 -73.4251 0.875963
0.866658 -73.4121 0.876113
0.866808 -73.3991 0.876263
0.866958 -73.3861 0.876413
0.867109 -73.3731 0.876563
0.867259 -73.3602 0.876563
0.867409 -73.3472 0.876713
0.867559 -73.3342 0.876863
0.867709 -73.3213 0.877014
0.867859 -73.3083 0.877164
0.868009 -73.2954 0.877314
0.868159 -73.2824 0.877464
0.868309 -73.2695 0.877614
0.868459 -73.2565 0.877614
0.868609 -73.2436 0.877764
0.868759 -73.2307 0.877914
0.868909 -73.2178 0.878064
 0.86906 -73.2049 0.878214
 0.86921  -73.192 0.878364
 0.86936 -73.1791 0.878514
 0.86951 -73.1662 0.878664
 0.86966 -73.1533 0.878664
 0.86981 -73.1404 0.878814
 0.86996 -73.1275 0.878964
 0.87011 -73.1147 0.879115
 0.87026 -73.1018 0.879265
 0.87041  -73.089 0.879415
 0.87056 -73.0761 0.879565
 0.87071 -73.0633 0.879715
 0.87086 -73.0504 0.879715
0.871011 -73.0376 0.879865
0.871161 -73.0248 0.880015
0.871311  -73.012 0.880165
0.871461 -72.9991 0.880315
0.871611 -72.9863 0.880465
0.871761 -72.9735 0.880615
0.871911 -72.9607 0.880765
0.872061 -72.9479 0.880915
0.872211 -72.9352 0.881066
0.872361 -72.9224 0.881066
0.872511 -72.9096 0.881216
0.872661 -72.8968 0.881366
0.872811 -72.8841 0.881516
0.872961 -72.8713 0.881666
0.873112 -72.8585 0.881816
0.873262 -72.8458 0.881966
0.873412  -72.833 0.882116
0.873562 -72.8203 0.882266
0.873712 -72.8076 0.882266
0.873862 -72.7948 0.882416
0.874012 -72.7821 0.882566
0.874162 -72.7694 0.882716
0.874312 -72.7567 0.882866
0.874462  -72.744 0.883017
0.874612 -72.7313 0.883167
0.874762 -72.7186 0.883317
0.874912 -72.7059 0.883467
0.875063 -72.6932 0.883467
0.875213 -72.6805 0.883617
0.875363 -72.6679 0.883767
0.875513 -72.6552 0.883917
0.875663 -72.6425 0.884067
0.875813 -72.6299 0.884217
0.875963 -72.6172 0.884367
0.876113 -72.6046 0.884517
0.876263  -72.592 0.884667
0.876413 -72.5793 0.884667
0.876563 -72.5667 0.884817
0.876713 -72.5541 0.884967
0.876863 -72.5414 0.885118
0.877014 -72.5288 0.885268
0.877164 -72.5162 0.885418
0.877314 -72.5036 0.885568
0.877464  -72.491 0.885718
0.877614 -72.4784 0.885868
0.877764 -72.4658 0.885868
0.877914 -72.4532 0.886018
0.878064 -72.4407 0.886168
0.878214 -72.4281 0.886318
0.878364 -72.4155 0.886468
0.878514  -72.403 0.886618
0.878664 -72.3904 0.886768
0.878814 -72.3779 0.886918
0.878964 -72.3653 0.887069
0.879115 -72.3528 0.887219
0.879265 -72.3402 0.887219
0.879415 -72.3277 0.887369
0.879565 -72.3152 0.887519
0.879715 -72.3027 0.887669
0.879865 -72.2902 0.887819
0.880015 -72.2776 0.887969
0.880165 -72.2651 0.888119
0.880315 -72.2526 0.888269
0.880465 -72.2401 0.888419
0.880615 -72.2277 0.888419
0.880765 -72.2152 0.888569
0.880915 -72.2027 0.888719
0.881066 -72.1902 0.888869
0.881216 -72.1778  0.88902
0.881366 -72.1653  0.88917
0.881516 -72.1528  0.88932
0.881666 -72.1404  0.88947
0.881816 -72.1279  0.88962
0.881966 -72.1155  0.88977
0.882116 -72.1031  0.88977
0.882266 -72.0906  0.88992
0.882416 -72.0782  0.89007
0.882566 -72.0658  0.89022
0.882716 -72.0534  0.89037
0.882866 -72.0409  0.89052
0.883017 -72.0285  0.89067
0.883167 -72.0161  0.89082
0.883317 -72.0037  0.89097
0.883467 -71.9914 0.891121
0.883617  -71.979 0.891121
0.883767 -71.9666 0.891271
0.883917 -71.9542 0.891421
0.884067 -71.9418 0.891571
0.884217 -71.9295 0.891721
0.884367 -71.9171 0.891871
0.884517 -71.9047 0.892021
0.884667 -71.8924 0.892171
0.884817 -71.8801 0.892321
0.884967 -71.8677 0.892471
0.885118 -71.8554 0.892471
0.885268  -71.843 0.892621
0.885418 -71.8307 0.892771
0.885568 -71.8184 0.892921
0.885718 -71.8061 0.893072
0.885868 -71.7938 0.893222
0.886018 -71.7815 0.893372
0.886168 -71.7692 0.893522
0.886318 -71.7569 0.893672
0.886468 -71.7446 0.893822
0.886618 -71.7323 0.893972
0.886768   -71.72 0.893972
0.886918 -71.7077 0.894122
0.887069 -71.6955 0.894272
0.887219 -71.6832 0.894422
0.887369 -71.6709 0.894572
0.887519 -71.6587 0.894722
0.887669 -71.6464 0.894872
0.887819 -71.6342 0.895023
0.887969 -71.6219 0.895173
0.888119 -71.6097 0.895323
0.888269 -71.5975 0.895323
0.888419 -71.5852 0.895473
0.888569  -71.573 0.895623
0.888719 -71.5608 0.895773
0.888869 -71.5486 0.895923
 0.88902 -71.5364 0.896073
 0.88917 -71.5241 0.896223
 0.88932  -71.512 0.896373
 0.88947 -71.4998 0.896523
 0.88962 -71.4876 0.896673
 0.88977 -71.4754 0.896823
 0.88992 -71.4632 0.896823
 0.89007  -71.451 0.896973
 0.89022 -71.4389 0.897124
 0.89037 -71.4267 0.897274
 0.89052 -71.4145 0.897424
 0.89067 -71.4024 0.897574
 0.89082 -71.3902 0.897724
 0.89097 -71.3781 0.897874
0.891121 -71.3659 0.898024
0.891271 -71.3538 0.898174
0.891421 -71.3417 0.898174
0.891571 -71.3295 0.898324
0.891721 -71.3174 0.898474
0.891871 -71.3053 0.898624
0.892021 -71.2932 0.898774
0.892171 -71.2811 0.898924
0.892321  -71.269 0.899075
0.892471 -71.2569 0.899225
0.892621 -71.2448 0.899375
0.892771 -71.2327 0.899525
0.892921 -71.2206 0.899675
0.893072 -71.2085 0.899825
0.893222 -71.1964 0.899825
0.893372 -71.1844 0.899975
0.893522 -71.1723 0.900125
0.893672 -71.1602 0.900275
0.893822 -71.1482 0.900425
0.893972 -71.1361 0.900575
0.894122 -71.1241 0.900725
0.894272  -71.112 0.900875
0.894422    -71.1 0.901026
0.894572 -71.0879 0.901176
0.894722 -71.0759 0.901326
0.894872 -71.0639 0.901476
0.895023 -71.0519 0.901626
0.895173 -71.0398 0.901626
0.895323 -71.0278 0.901776
0.895473 -71.0158 0.901926
0.895623 -71.0038 0.902076
0.895773 -70.9918 0.902226
0.895923 -70.9798 0.902376
0.896073 -70.9678 0.902526
0.896223 -70.9558 0.902676
0.896373 -70.9438 0.902826
0.896523 -70.9319 0.902976
0.896673 -70.9199 0.903127
0.896823 -70.9079 0.903277
0.896973 -70.8959 0.903427
0.897124  -70.884 0.903427
0.897274  -70.872 0.903577
0.897424 -70.8601 0.903727
0.897574 -70.8481 0.903877
0.897724 -70.8362 0.904027
0.897874 -70.8242 0.904177
0.898024 -70.8123 0.904327
0.898174 -70.8003 0.904477
0.898324 -70.7884 0.904627
0.898474 -70.7765 0.904777
0.898624 -70.7646 0.904927
0.898774 -70.7526 0.905078
0.898924 -70.7407 0.905228
0.899075 -70.7288 0.905378
0.899225 -70.7169 0.905378
0.899375  -70.705 0.905528
0.899525 -70.6931 0.905678
0.899675 -70.6812 0.905828
0.899825 -70.6693 0.905978
0.899975 -70.6575 0.906128
0.900125 -70.6456 0.906278
0.900275 -70.6337 0.906428
0.900425 -70.6218 0.906578
0.900575   -70.61 0.906728
0.900725 -70.5981 0.906878
0.900875 -70.5862 0.907029
0.901026 -70.5744 0.907179
0.901176 -70.5625 0.907179
0.901326 -70.5507 0.907329
0.901476 -70.5389 0.907479
0.901626  -70.527 0.907629
0.901776 -70.5152 0.907779
0.901926 -70.5034 0.907929
0.902076 -70.4915 0.908079
0.902226 -70.4797 0.908229
0.902376 -70.4679 0.908379
0.902526 -70.4561 0.908529
0.902676 -70.4443 0.908679
0.902826 -70.4325 0.908829
0.902976 -70.4207 0.908979
0.903127 -70.4089  0.90913
0.903277 -70.3971  0.90913
0.903427 -70.3853  0.90928
0.903577 -70.3735  0.90943
0.903727 -70.3617  0.90958
0.903877 -70.3499  0.90973
0.904027 -70.3382  0.90988
0.904177 -70.3264  0.91003
0.904327 -70.3146  0.91018
0.904477 -70.3029  0.91033
0.904627 -70.2911  0.91048
0.904777 -70.2794  0.91063
0.904927 -70.2676  0.91078
0.905078 -70.2559  0.91093
0.905228 -70.2442 0.911081
0.905378 -70.2324 0.911081
0.905528 -70.2207 0.911231
0.905678  -70.209 0.911381
0.905828 -70.1972 0.911531
0.905978 -70.1855 0.911681
0.906128 -70.1738 0.911831
0.906278 -70.1621 0.911981
0.906428 -70.1504 0.912131
0.906578 -70.1387 0.912281
0.906728  -70.127 0.912431
0.906878 -70.1153 0.912581
0.907029 -70.1036 0.912731
0.907179 -70.0919 0.912881
0.907329 -70.0802 0.913032
0.907479 -70.0685 0.913182
0.907629 -70.0569 0.913182
0.907779 -70.0452 0.913332
0.907929 -70.0335 0.913482
0.908079 -70.0219 0.913632
0.908229 -70.0102 0.913782
0.908379 -69.9986 0.913932
0.908529 -69.9869 0.914082
0.908679 -69.9753 0.914232
0.908829 -69.9636 0.914382
0.908979  -69.952 0.914532
 0.90913 -69.9403 0.914682
 0.90928 -69.9287 0.914832
 0.90943 -69.9171 0.914982
 0.90958 -69.9055 0.915133
 0.90973 -69.8938 0.915283
 0.90988 -69.8822 0.915283
 0.91003 -69.8706 0.915433
 0.91018  -69.859 0.915583
 0.91033 -69.8474 0.915733
 0.91048 -69.8358 0.915883
 0.91063 -69.8242 0.916033
 0.91078 -69.8126 0.916183
 0.91093  -69.801 0.916333
0.911081 -69.7894 0.916483
0.911231 -69.7778 0.916633
0.911381 -69.7663 0.916783
0.911531 -69.7547 0.916933
0.911681 -69.7431 0.917084
0.911831 -69.7316 0.917234
0.911981   -69.72 0.917384
0.912131 -69.7084 0.917534
0.912281 -69.6969 0.917534
0.912431 -69.6853 0.917684
0.912581 -69.6738 0.917834
0.912731 -69.6622 0.917984
0.912881 -69.6507 0.918134
0.913032 -69.6392 0.918284
0.913182 -69.6276 0.918434
0.913332 -69.6161 0.918584
0.913482 -69.6046 0.918734
0.913632 -69.5931 0.918884
0.913782 -69.5816 0.919035
0.913932   -69.57 0.919185
0.914082 -69.5585 0.919335
0.914232  -69.547 0.919485
0.914382 -69.5355 0.919635
0.914532  -69.524 0.919785
0.914682 -69.5125 0.919785
0.914832 -69.5011 0.919935
0.914982 -69.4896 0.920085
0.915133 -69.4781 0.920235
0.915283 -69.4666 0.920385
0.915433 -69.4551 0.920535
0.915583 -69.4437 0.920685
0.915733 -69.4322 0.920835
0.915883 -69.4207 0.920985
0.916033 -69.4093 0.921136
0.916183 -69.3978 0.921286
0.916333 -69.3864 0.921436
0.916483 -69.3749 0.921586
0.916633 -69.3635 0.921736
0.916783  -69.352 0.921886
0.916933 -69.3406 0.921886
0.917084 -69.3292 0.922036
0.917234 -69.3178 0.922186
0.917384 -69.3063 0.922336
0.917534 -69.2949 0.922486
0.917684 -69.2835 0.922636
0.917834 -69.2721 0.922786
0.917984 -69.2607 0.922936
0.918134 -69.2493 0.923087
0.918284 -69.2379 0.923237
0.918434 -69.2265 0.923387
0.918584 -69.2151 0.923537
0.918734 -69.2037 0.923687
0.918884 -69.1923 0.923837
0.919035 -69.1809 0.923987
0.919185 -69.1695 0.924137
0.919335 -69.1581 0.924137
0.919485 -69.1468 0.924287
0.919635 -69.1354 0.924437
0.919785  -69.124 0.924587
0.919935 -69.1127 0.924737
0.920085 -69.1013 0.924887
0.920235   -69.09 0.925038
0.920385 -69.0786 0.925188
0.920535 -69.0673 0.925338
0.920685 -69.0559 0.925488
0.920835 -69.0446 0.925638
0.920985 -69.0333 0.925788
0.921136 -69.0219 0.925938
0.921286 -69.0106 0.926088
0.921436 -68.9993 0.926238
0.921586  -68.988 0.926388
0.921736 -68.9766 0.926538
0.921886 -68.9653 0.926538
0.922036  -68.954 0.926688
0.922186 -68.9427 0.926838
0.922336 -68.9314 0.926988
0.922486 -68.9201 0.927139
0.922636 -68.9088 0.927289
0.922786 -68.8975 0.927439
0.922936 -68.8862 0.927589
0.923087 -68.8749 0.927739
0.923237 -68.8637 0.927889
0.923387 -68.8524 0.928039
0.923537 -68.8411 0.928189
0.923687 -68.8298 0.928339
0.923837 -68.8186 0.928489
0.923987 -68.8073 0.928639
0.924137 -68.7961 0.928789
0.924287 -68.7848 0.928789
0.924437 -68.7736 0.928939
0.924587 -68.7623  0.92909
0.924737 -68.7511  0.92924
0.924887 -68.7398  0.92939
0.925038 -68.7286  0.92954
0.925188 -68.7174  0.92969
0.925338 -68.7061  0.92984
0.925488 -68.6949  0.92999
0.925638 -68.6837  0.93014
0.925788 -68.6725  0.93029
0.925938 -68.6612  0.93044
0.926088   -68.65  0.93059
0.926238 -68.6388  0.93074
0.926388 -68.6276  0.93089
0.926538 -68.6164 0.931041
0.926688 -68.6052 0.931191
0.926838  -68.594 0.931191
0.926988 -68.5828 0.931341
0.927139 -68.5716 0.931491
0.927289 -68.5605 0.931641
0.927439 -68.5493 0.931791
0.927589 -68.5381 0.931941
0.927739 -68.5269 0.932091
0.927889 -68.5158 0.932241
0.928039 -68.5046 0.932391
0.928189 -68.4934 0.932541
0.928339 -68.4823 0.932691
0.928489 -68.4711 0.932841
0.928639   -68.46 0.932991
0.928789 -68.4488 0.933142
0.928939 -68.4377 0.933292
 0.92909 -68.4265 0.933442
 0.92924 -68.4154 0.933592
 0.92939 -68.4043 0.933742
 0.92954 -68.3931 0.933742
 0.92969  -68.382 0.933892
 0.92984 -68.3709 0.934042
 0.92999 -68.3598 0.934192
 0.93014 -68.3487 0.934342
 0.93029 -68.3375 0.934492
 0.93044 -68.3264 0.934642
 0.93059 -68.3153 0.934792
 0.93074 -68.3042 0.934942
 0.93089 -68.2931 0.935093
0.931041  -68.282 0.935243
0.931191 -68.2709 0.935393
0.931341 -68.2598 0.935543
0.931491 -68.2488 0.935693
0.931641 -68.2377 0.935843
0.931791 -68.2266 0.935993
0.931941 -68.2155 0.936143
0.932091 -68.2045 0.936293
0.932241 -68.1934 0.936293
0.932391 -68.1823 0.936443
0.932541 -68.1713 0.936593
0.932691 -68.1602 0.936743
0.932841 -68.1492 0.936893
0.932991 -68.1381 0.937044
0.933142 -68.1271 0.937194
0.933292  -68.116 0.937344
0.933442  -68.105 0.937494
0.933592 -68.0939 0.937644
0.933742 -68.0829 0.937794
0.933892 -68.0719 0.937944
0.934042 -68.0608 0.938094
0.934192 -68.0498 0.938244
0.934342 -68.0388 0.938394
0.934492 -68.0278 0.938544
0.934642 -68.0168 0.938694
0.934792 -68.0058 0.938844
0.934942 -67.9948 0.938844
0.935093 -67.9838 0.938994
0.935243 -67.9728 0.939145
0.935393 -67.9618 0.939295
0.935543 -67.9508 0.939445
0.935693 -67.9398 0.939595
0.935843 -67.9288 0.939745
0.935993 -67.9178 0.939895
0.936143 -67.9068 0.940045
0.936293 -67.8959 0.940195
0.936443 -67.8849 0.940345
0.936593 -67.8739 0.940495
0.936743 -67.8629 0.940645
0.936893  -67.852 0.940795
0.937044  -67.841 0.940945
0.937194 -67.8301 0.941096
0.937344 -67.8191 0.941246
0.937494 -67.8082 0.941396
0.937644 -67.7972 0.941396
0.937794 -67.7863 0.941546
0.937944 -67.7753 0.941696
0.938094 -67.7644 0.941846
0.938244 -67.7535 0.941996
0.938394 -67.7425 0.942146
0.938544 -67.7316 0.942296
0.938694 -67.7207 0.942446
0.938844 -67.7098 0.942596
0.938994 -67.6989 0.942746
0.939145  -67.688 0.942896
0.939295  -67.677 0.943047
0.939445 -67.6661 0.943197
0.939595 -67.6552 0.943347
0.939745 -67.6443 0.943497
0.939895 -67.6335 0.943647
0.940045 -67.6226 0.943797
0.940195 -67.6117 0.943947
0.940345 -67.6008 0.944097
0.940495 -67.5899 0.944097
0.940645  -67.579 0.944247
0.940795 -67.5682 0.944397
0.940945 -67.5573 0.944547
0.941096 -67.5464 0.944697
0.941246 -67.5355 0.944847
0.941396 -67.5247 0.944997
0.941546 -67.5138 0.945148
0.941696  -67.503 0.945298
0.941846 -67.4921 0.945448
0.941996 -67.4813 0.945598
0.942146 -67.4704 0.945748
0.942296 -67.4596 0.945898
0.942446 -67.4487 0.946048
0.942596 -67.4379 0.946198
0.942746 -67.4271 0.946348
0.942896 -67.4163 0.946498
0.943047 -67.4054 0.946648
0.943197 -67.3946 0.946798
0.943347 -67.3838 0.946798
0.943497  -67.373 0.946948
0.943647 -67.3622 0.947099
0.943797 -67.3514 0.947249
0.943947 -67.3405 0.947399
0.944097 -67.3297 0.947549
0.944247 -67.3189 0.947699
0.944397 -67.3081 0.947849
0.944547 -67.2974 0.947999
0.944697 -67.2866 0.948149
0.944847 -67.2758 0.948299
0.944997  -67.265 0.948449
0.945148 -67.2542 0.948599
0.945298 -67.2434 0.948749
0.945448 -67.2327 0.948899
0.945598 -67.2219  0.94905
0.945748 -67.2111   0.9492
0.945898 -67.2004  0.94935
0.946048 -67.1896   0.9495
0.946198 -67.1789   0.9495
0.946348 -67.1681  0.94965
0.946498 -67.1573   0.9498
0.946648 -67.1466  0.94995
0.946798 -67.1359   0.9501
0.946948 -67.1251  0.95025
0.947099 -67.1144   0.9504
0.947249 -67.1036  0.95055
0.947399 -67.0929   0.9507
0.947549 -67.0822  0.95085
0.947699 -67.0715 0.951001
0.947849 -67.0607 0.951151
0.947999   -67.05 0.951301
0.948149 -67.0393 0.951451
0.948299 -67.0286 0.951601
0.948449 -67.0179 0.951751
0.948599 -67.0072 0.951901
0.948749 -66.9965 0.952051
0.948899 -66.9858 0.952201
 0.94905 -66.9751 0.952351
  0.9492 -66.9644 0.952351
 0.94935 -66.9537 0.952501
  0.9495  -66.943 0.952651
 0.94965 -66.9323 0.952801
  0.9498 -66.9217 0.952951
 0.94995  -66.911 0.953102
  0.9501 -66.9003 0.953252
 0.95025 -66.8896 0.953402
  0.9504  -66.879 0.953552
 0.95055 -66.8683 0.953702
  0.9507 -66.8576 0.953852
 0.95085  -66.847 0.954002
0.951001 -66.8363 0.954152
0.951151 -66.8257 0.954302
0.951301  -66.815 0.954452
0.951451 -66.8044 0.954602
0.951601 -66.7938 0.954752
0.951751 -66.7831 0.954902
0.951901 -66.7725 0.955053
0.952051 -66.7618 0.955053
0.952201 -66.7512 0.955203
0.952351 -66.7406 0.955353
0.952501   -66.73 0.955503
0.952651 -66.7194 0.955653
0.952801 -66.7087 0.955803
0.952951 -66.6981 0.955953
0.953102 -66.6875 0.956103
0.953252 -66.6769 0.956253
0.953402 -66.6663 0.956403
0.953552 -66.6557 0.956553
0.953702 -66.6451 0.956703
0.953852 -66.6345 0.956853
0.954002 -66.6239 0.957004
0.954152 -66.6133 0.957154
0.954302 -66.6028 0.957304
0.954452 -66.5922 0.957454
0.954602 -66.5816 0.957604
0.954752  -66.571 0.957754
0.954902 -66.5604 0.957904
0.955053 -66.5499 0.957904
0.955203 -66.5393 0.958054
0.955353 -66.5288 0.958204
0.955503 -66.5182 0.958354
0.955653 -66.5076 0.958504
0.955803 -66.4971 0.958654
0.955953 -66.4865 0.958804
0.956103  -66.476 0.958954
0.956253 -66.4654 0.959105
0.956403 -66.4549 0.959255
0.956553 -66.4444 0.959405
0.956703 -66.4338 0.959555
0.956853 -66.4233 0.959705
0.957004 -66.4128 0.959855
0.957154 -66.4022 0.960005
0.957304 -66.3917 0.960155
0.957454 -66.3812 0.960305
0.957604 -66.3707 0.960455
0.957754 -66.3602 0.960605
0.957904 -66.3497 0.960605
0.958054 -66.3392 0.960755
0.958204 -66.3287 0.960905
0.958354 -66.3182 0.961056
0.958504 -66.3077 0.961206
0.958654 -66.2972 0.961356
0.958804 -66.2867 0.961506
0.958954 -66.2762 0.961656
0.959105 -66.2657 0.961806
0.959255 -66.2552 0.961956
0.959405 -66.2447 0.962106
0.959555 -66.2343 0.962256
0.959705 -66.2238 0.962406
0.959855 -66.2133 0.962556
0.960005 -66.2029 0.962706
0.960155 -66.1924 0.962856
0.960305 -66.1819 0.963007
0.960455 -66.1715 0.963157
0.960605  -66.161 0.963307
0.960755 -66.1506 0.963457
0.960905 -66.1401 0.963457
0.961056 -66.1297 0.963607
0.961206 -66.1193 0.963757
0.961356 -66.1088 0.963907
0.961506 -66.0984 0.964057
0.961656 -66.0879 0.964207
0.961806 -66.0775 0.964357
0.961956 -66.0671 0.964507
0.962106 -66.0567 0.964657
0.962256 -66.0462 0.964807
0.962406 -66.0358 0.964957
0.962556 -66.0254 0.965108
0.962706  -66.015 0.965258
0.962856 -66.0046 0.965408
0.963007 -65.9942 0.965558
0.963157 -65.9838 0.965708
0.963307 -65.9734 0.965858
0.963457  -65.963 0.966008
0.963607 -65.9526 0.966158
0.963757 -65.9422 0.966308
0.963907 -65.9318 0.966458
0.964057 -65.9214 0.966458
0.964207 -65.9111 0.966608
0.964357 -65.9007 0.966758
0.964507 -65.8903 0.966908
0.964657 -65.8799 0.967059
0.964807 -65.8696 0.967209
0.964957 -65.8592 0.967359
0.965108 -65.8488 0.967509
0.965258 -65.8385 0.967659
0.965408 -65.8281 0.967809
0.965558 -65.8178 0.967959
0.965708 -65.8074 0.968109
0.965858 -65.7971 0.968259
0.966008 -65.7867 0.968409
0.966158 -65.7764 0.968559
0.966308 -65.7661 0.968709
0.966458 -65.7557 0.968859
0.966608 -65.7454  0.96901
0.966758 -65.7351  0.96916
0.966908 -65.7247  0.96931
0.967059 -65.7144  0.96931
0.967209 -65.7041  0.96946
0.967359 -65.6938  0.96961
0.967509 -65.6835  0.96976
0.967659 -65.6731  0.96991
0.967809 -65.6628  0.97006
0.967959 -65.6525  0.97021
0.968109 -65.6422  0.97036
0.968259 -65.6319  0.97051
0.968409 -65.6216  0.97066
0.968559 -65.6113  0.97081
0.968709 -65.6011  0.97096
0.968859 -65.5908 0.971111
 0.96901 -65.5805 0.971261
 0.96916 -65.5702 0.971411
 0.96931 -65.5599 0.971561
 0.96946 -65.5496 0.971711
 0.96961 -65.5394 0.971861
 0.96976 -65.5291 0.972011
 0.96991 -65.5188 0.972161
 0.97006 -65.5086 0.972161
 0.97021 -65.4983 0.972311
 0.97036 -65.4881 0.972461
 0.97051 -65.4778 0.972611
 0.97066 -65.4676 0.972761
 0.97081 -65.4573 0.972911
 0.97096 -65.4471 0.973062
0.971111 -65.4368 0.973212
0.971261 -65.4266 0.973362
0.971411 -65.4163 0.973512
0.971561 -65.4061 0.973662
0.971711 -65.3959 0.973812
0.971861 -65.3856 0.973962
0.972011 -65.3754 0.974112
0.972161 -65.3652 0.974262
0.972311  -65.355 0.974412
0.972461 -65.3448 0.974562
0.972611 -65.3346 0.974712
0.972761 -65.3243 0.974862
0.972911 -65.3141 0.975013
0.973062 -65.3039 0.975163
0.973212 -65.2937 0.975163
0.973362 -65.2835 0.975313
0.973512 -65.2733 0.975463
0.973662 -65.2631 0.975613
0.973812  -65.253 0.975763
0.973962 -65.2428 0.975913
0.974112 -65.2326 0.976063
0.974262 -65.2224 0.976213
0.974412 -65.2122 0.976363
0.974562  -65.202 0.976513
0.974712 -65.1919 0.976663
0.974862 -65.1817 0.976813
0.975013 -65.1715 0.976963
0.975163 -65.1614 0.977114
0.975313 -65.1512 0.977264
0.975463 -65.1411 0.977414
0.975613 -65.1309 0.977564
0.975763 -65.1208 0.977714
0.975913 -65.1106 0.977864
0.976063 -65.1005 0.978014
0.976213 -65.0903 0.978164
0.976363 -65.0802 0.978164
0.976513   -65.07 0.978314
0.976663 -65.0599 0.978464
0.976813 -65.0498 0.978614
0.976963 -65.0396 0.978764
0.977114 -65.0295 0.978914
0.977264 -65.0194 0.979065
0.977414 -65.0093 0.979215
0.977564 -64.9992 0.979365
0.977714  -64.989 0.979515
0.977864 -64.9789 0.979665
0.978014 -64.9688 0.979815
0.978164 -64.9587 0.979965
0.978314 -64.9486 0.980115
0.978464 -64.9385 0.980265
0.978614 -64.9284 0.980415
0.978764 -64.9183 0.980565
0.978914 -64.9082 0.980715
0.979065 -64.8982 0.980865
0.979215 -64.8881 0.981016
0.979365  -64.878 0.981166
0.979515 -64.8679 0.981166
0.979665 -64.8578 0.981316
0.979815 -64.8478 0.981466
0.979965 -64.8377 0.981616
0.980115 -64.8276 0.981766
0.980265 -64.8176 0.981916
0.980415 -64.8075 0.982066
0.980565 -64.7974 0.982216
0.980715 -64.7874 0.982366
0.980865 -64.7773 0.982516
0.981016 -64.7673 0.982666
0.981166 -64.7572 0.982816
0.981316 -64.7472 0.982966
0.981466 -64.7371 0.983117
0.981616 -64.7271 0.983267
0.981766 -64.7171 0.983417
0.981916  -64.707 0.983567
0.982066  -64.697 0.983717
0.982216  -64.687 0.983867
0.982366  -64.677 0.984017
0.982516 -64.6669 0.984167
0.982666 -64.6569 0.984167
0.982816 -64.6469 0.984317
0.982966 -64.6369 0.984467
0.983117 -64.6269 0.984617
0.983267 -64.6169 0.984767
0.983417 -64.6069 0.984917
0.983567 -64.5969 0.985068
0.983717 -64.5869 0.985218
0.983867 -64.5769 0.985368
0.984017 -64.5669 0.985518
0.984167 -64.5569 0.985668
0.984317 -64.5469 0.985818
0.984467 -64.5369 0.985968
0.984617 -64.5269 0.986118
0.984767 -64.5169 0.986268
0.984917  -64.507 0.986418
0.985068  -64.497 0.986568
0.985218  -64.487 0.986718
0.985368 -64.4771 0.986868
0.985518 -64.4671 0.987019
0.985668 -64.4571 0.987019
0.985818 -64.4472 0.987169
0.985968 -64.4372 0.987319
0.986118 -64.4273 0.987469
0.986268 -64.4173 0.987619
0.986418 -64.4074 0.987769
0.986568 -64.3974 0.987919
0.986718 -64.3875 0.988069
0.986868 -64.3775 0.988219
0.987019 -64.3676 0.988369
0.987169 -64.3577 0.988519
0.987319 -64.3477 0.988669
0.987469 -64.3378 0.988819
0.987619 -64.3279 0.988969
0.987769  -64.318  0.98912
0.987919  -64.308  0.98927
0.988069 -64.2981  0.98942
0.988219 -64.2882  0.98957
0.988369 -64.2783  0.98972
0.988519 -64.2684  0.98987
0.988669 -64.2585  0.99002
0.988819 -64.2486  0.99002
0.988969 -64.2387  0.99017
 0.98912 -64.2288  0.99032
 0.98927 -64.2189  0.99047
 0.98942  -64.209  0.99062
 0.98957 -64.1991  0.99077
 0.98972 -64.1892  0.99092
 0.98987 -64.1793 0.991071
 0.99002 -64.1695 0.991221
 0.99017 -64.1596 0.991371
 0.99032 -64.1497 0.991521
 0.99047 -64.1398 0.991671
 0.99062   -64.13 0.991821
 0.99077 -64.1201 0.991971
 0.99092 -64.1102 0.992121
0.991071 -64.1004 0.992271
0.991221 -64.0905 0.992421
0.991371 -64.0807 0.992571
0.991521 -64.0708 0.992721
0.991671  -64.061 0.992871
0.991821 -64.0511 0.993022
0.991971 -64.0413 0.993022
0.992121 -64.0314 0.993172
0.992271 -64.0216 0.993322
0.992421 -64.0117 0.993472
0.992571 -64.0019 0.993622
0.992721 -63.9921 0.993772
0.992871 -63.9823 0.993922
0.993022 -63.9724 0.994072
0.993172 -63.9626 0.994222
0.993322 -63.9528 0.994372
0.993472  -63.943 0.994522
0.993622 -63.9332 0.994672
0.993772 -63.9233 0.994822
0.993922 -63.9135 0.994972
0.994072 -63.9037 0.995123
0.994222 -63.8939 0.995273
0.994372 -63.8841 0.995423
0.994522 -63.8743 0.995573
0.994672 -63.8645 0.995723
0.994822 -63.8547 0.995873
0.994972  -63.845 0.996023
0.995123 -63.8352 0.996023
0.995273 -63.8254 0.996173
0.995423 -63.8156 0.996323
0.995573 -63.8058 0.996473
0.995723 -63.7961 0.996623
0.995873 -63.7863 0.996773
0.996023 -63.7765 0.996923
0.996173 -63.7667 0.997074
0.996323  -63.757 0.997224
0.996473 -63.7472 0.997374
0.996623 -63.7375 0.997524
0.996773 -63.7277 0.997674
0.996923 -63.7179 0.997824
0.997074 -63.7082 0.997974
0.997224 -63.6984 0.998124
0.997374 -63.6887 0.998274
0.997524  -63.679 0.998424
0.997674 -63.6692 0.998574
0.997824 -63.6595 0.998724
0.997974 -63.6497 0.998874
0.998124   -63.64 0.999025
0.998274 -63.6303 0.999025
0.998424 -63.6206 0.999175
0.998574 -63.6108 0.999325
0.998724 -63.6011 0.999475
0.998874 -63.5914 0.999625
0.999025 -63.5817 0.999775
0.999175  -63.572 0.999925
0.999325 -63.5623  1.00008
0.999475 -63.5526  1.00023
0.999625 -63.5429  1.00038
0.999775 -63.5331  1.00053
0.999925 -63.5234  1.00068
 1.00008 -63.5138  1.00083
 1.00023 -63.5041  1.00098
 1.00038 -63.4944  1.00113
 1.00053 -63.4847  1.00128
 1.00068  -63.475  1.00143
 1.00083 -63.4653  1.00158
 1.00098 -63.4556  1.00173
 1.00113  -63.446  1.00188
 1.00128 -63.4363  1.00203
 1.00143 -63.4266  1.00203
 1.00158 -63.4169  1.00218
 1.00173 -63.4073  1.00233
 1.00188 -63.3976  1.00248
 1.00203 -63.3879  1.00263
 1.00218 -63.3783  1.00278
 1.00233 -63.3686  1.00293
 1.00248  -63.359  1.00308
 1.00263 -63.3493  1.00323
 1.00278 -63.3397  1.00338
 1.00293   -63.33  1.00353
 1.00308 -63.3204  1.00368
 1.00323 -63.3108  1.00383
 1.00338 -63.3011  1.00398
 1.00353 -63.2915  1.00413
 1.00368 -63.2819  1.00428
 1.00383 -63.2722  1.00443
 1.00398 -63.2626  1.00458
 1.00413  -63.253  1.00473
 1.00428 -63.2434  1.00488
 1.00443 -63.2337  1.00503
 1.00458 -63.2241  1.00503
 1.00473 -63.2145  1.00518
 1.00488 -63.2049  1.00533
 1.00503 -63.1953  1.00548
 1.00518 -63.1857  1.00563
 1.00533 -63.1761  1.00578
 1.00548 -63.1665  1.00593
 1.00563 -63.1569  1.00608
 1.00578 -63.1473  1.00623
 1.00593 -63.1377  1.00638
 1.00608 -63.1281  1.00653
 1.00623 -63.1185  1.00668
 1.00638  -63.109  1.00683
 1.00653 -63.0994  1.00698
 1.00668 -63.0898  1.00713
 1.00683 -63.0802  1.00728
 1.00698 -63.0706  1.00743
 1.00713 -63.0611  1.00758
 1.00728 -63.0515  1.00773
 1.00743 -63.0419  1.00788
 1.00758 -63.0324  1.00803
 1.00773 -63.0228  1.00803
 1.00788 -63.0133  1.00818
 1.00803 -63.0037  1.00833
 1.00818 -62.9942  1.00848
 1.00833 -62.9846  1.00863
 1.00848 -62.9751  1.00878
 1.00863 -62.9655  1.00893
 1.00878  -62.956  1.00908
 1.00893 -62.9464  1.00923
 1.00908 -62.9369  1.00938
 1.00923 -62.9274  1.00953
 1.00938 -62.9178  1.00968
 1.00953 -62.9083  1.00983
 1.00968 -62.8988  1.00998
 1.00983 -62.8893  1.01013
 1.00998 -62.8798  1.01028
 1.01013 -62.8702  1.01043
 1.01028 -62.8607  1.01058
 1.01043 -62.8512  1.01073
 1.01058 -62.8417  1.01088
 1.01073 -62.8322  1.01103
 1.01088 -62.8227  1.01103
 1.01103 -62.8132  1.01118
 1.01118 -62.8037  1.01133
 1.01133 -62.7942  1.01148
 1.01148 -62.7847  1.01163
 1.01163 -62.7752  1.01178
 1.01178 -62.7657  1.01193
 1.01193 -62.7562  1.01208
 1.01208 -62.7468  1.01223
 1.01223 -62.7373  1.01238
 1.01238 -62.7278  1.01253
 1.01253 -62.7183  1.01268
 1.01268 -62.7089  1.01283
 1.01283 -62.6994  1.01298
 1.01298 -62.6899  1.01313
 1.01313 -62.6805  1.01328
 1.01328  -62.671  1.01343
 1.01343 -62.6615  1.01358
 1.01358 -62.6521  1.01373
 1.01373 -62.6426  1.01388
 1.01388 -62.6332  1.01403
 1.01403 -62.6237  1.01403
 1.01418 -62.6143  1.01418
 1.01433 -62.6048  1.01433
 1.01448 -62.5954  1.01448
 1.01463  -62.586  1.01463
 1.01478 -62.5765  1.01478
 1.01493 -62.5671  1.01493
 1.01508 -62.5577  1.01508
 1.01523 -62.5482  1.01523
 1.01538 -62.5388  1.01538
 1.01553 -62.5294  1.01553
 1.01568   -62.52  1.01568
 1.01583 -62.5106  1.01583
 1.01598 -62.5011  1.01598
 1.01613 -62.4917  1.01613
 1.01628 -62.4823  1.01628
 1.01643 -62.4729  1.01643
 1.01658 -62.4635  1.01658
 1.01673 -62.4541  1.01673
 1.01688 -62.4447  1.01688
 1.01703 -62.4353  1.01688
 1.01718 -62.4259  1.01703
 1.01733 -62.4165  1.01718
 1.01748 -62.4071  1.01733
 1.01763 -62.3978  1.01748
 1.01778 -62.3884  1.01763
 1.01793  -62.379  1.01778
 1.01808 -62.3696  1.01793
 1.01823 -62.3602  1.01808
 1.01838 -62.3509  1.01823
 1.01853 -62.3415  1.01838
 1.01868 -62.3321  1.01853
 1.01883 -62.3228  1.01868
 1.01898 -62.3134  1.01883
 1.01913  -62.304  1.01898
 1.01928 -62.2947  1.01913
 1.01943 -62.2853  1.01928
 1.01958  -62.276  1.01943
 1.01973 -62.2666  1.01958
 1.01988 -62.2573  1.01973
 1.02004 -62.2479  1.01988
 1.02019 -62.2386  1.01988
 1.02034 -62.2293  1.02004
 1.02049 -62.2199  1.02019
 1.02064 -62.2106  1.02034
 1.02079 -62.2012  1.02049
 1.02094 -62.1919  1.02064
 1.02109 -62.1826  1.02079
 1.02124 -62.1733  1.02094
 1.02139 -62.1639  1.02109
 1.02154 -62.1546  1.02124
 1.02169 -62.1453  1.02139
 1.02184  -62.136  1.02154
 1.02199 -62.1267  1.02169
 1.02214 -62.1174  1.02184
 1.02229 -62.1081  1.02199
 1.02244 -62.0988  1.02214
 1.02259 -62.0895  1.02229
 1.02274 -62.0802  1.02244
 1.02289 -62.0709  1.02259
 1.02304 -62.0616  1.02274
 1.02319 -62.0523  1.02274
 1.02334  -62.043  1.02289
 1.02349 -62.0337  1.02304
 1.02364 -62.0244  1.02319
 1.02379 -62.0152  1.02334
 1.02394 -62.0059  1.02349
 1.02409 -61.9966  1.02364
 1.02424 -61.9873  1.02379
 1.02439 -61.9781  1.02394
 1.02454 -61.9688  1.02409
 1.02469 -61.9595  1.02424
 1.02484 -61.9503  1.02439
 1.02499  -61.941  1.02454
 1.02514 -61.9318  1.02469
 1.02529 -61.9225  1.02484
 1.02544 -61.9133  1.02499
 1.02559  -61.904  1.02514
 1.02574 -61.8948  1.02529
 1.02589 -61.8855  1.02544
 1.02604 -61.8763  1.02559
 1.02619  -61.867  1.02574
 1.02634 -61.8578  1.02574
 1.02649 -61.8486  1.02589
 1.02664 -61.8393  1.02604
 1.02679 -61.8301  1.02619
 1.02694 -61.8209  1.02634
 1.02709 -61.8116  1.02649
 1.02724 -61.8024  1.02664
 1.02739 -61.7932  1.02679
 1.02754  -61.784  1.02694
 1.02769 -61.7748  1.02709
 1.02784 -61.7656  1.02724
 1.02799 -61.7564  1.02739
 1.02814 -61.7472  1.02754
 1.02829 -61.7379  1.02769
 1.02844 -61.7287  1.02784
 1.02859 -61.7195  1.02799
 1.02874 -61.7104  1.02814
 1.02889 -61.7012  1.02829
 1.02904  -61.692  1.02844
 1.02919 -61.6828  1.02859
 1.02934 -61.6736  1.02859
 1.02949 -61.6644  1.02874
 1.02964 -61.6552  1.02889
 1.02979 -61.6461  1.02904
 1.02994 -61.6369  1.02919
 1.03009 -61.6277  1.02934
 1.03024 -61.6185  1.02949
 1.03039 -61.6094  1.02964
 1.03054 -61.6002  1.02979
 1.03069  -61.591  1.02994
 1.03084 -61.5819  1.03009
 1.03099 -61.5727  1.03024
 1.03114 -61.5636  1.03039
 1.03129 -61.5544  1.03054
 1.03144 -61.5453  1.03069
 1.03159 -61.5361  1.03084
 1.03174  -61.527  1.03099
 1.03189 -61.5178  1.03114
 1.03204 -61.5087  1.03129
 1.03219 -61.4995  1.03144
 1.03234 -61.4904  1.03144
 1.03249 -61.4813  1.03159
 1.03264 -61.4721  1.03174
 1.03279  -61.463  1.03189
 1.03294 -61.4539  1.03204
 1.03309 -61.4448  1.03219
 1.03324 -61.4357  1.03234
 1.03339 -61.4265  1.03249
 1.03354 -61.4174  1.03264
 1.03369 -61.4083  1.03279
 1.03384 -61.3992  1.03294
 1.03399 -61.3901  1.03309
 1.03414  -61.381  1.03324
 1.03429 -61.3719  1.03339
 1.03444 -61.3628  1.03354
 1.03459 -61.3537  1.03369
 1.03474 -61.3446  1.03384
 1.03489 -61.3355  1.03399
 1.03504 -61.3264  1.03414
 1.03519 -61.3173  1.03429
 1.03534 -61.3082  1.03429
 1.03549 -61.2992  1.03444
 1.03564 -61.2901  1.03459
 1.03579  -61.281  1.03474
 1.03594 -61.2719  1.03489
 1.03609 -61.2628  1.03504
 1.03624 -61.2538  1.03519
 1.03639 -61.2447  1.03534
 1.03654 -61.2356  1.03549
 1.03669 -61.2266  1.03564
 1.03684 -61.2175  1.03579
 1.03699 -61.2085  1.03594
 1.03714 -61.1994  1.03609
 1.03729 -61.1904  1.03624
 1.03744 -61.1813  1.03639
 1.03759 -61.1723  1.03654
 1.03774 -61.1632  1.03669
 1.03789 -61.1542  1.03684
 1.03804 -61.1451  1.03699
 1.03819 -61.1361  1.03714
 1.03834 -61.1271  1.03714
 1.03849  -61.118  1.03729
 1.03864  -61.109  1.03744
 1.03879    -61.1  1.03759
 1.03894 -61.0909  1.03774
 1.03909 -61.0819  1.03789
 1.03924 -61.0729  1.03804
 1.03939 -61.0639  1.03819
 1.03954 -61.0549  1.03834
 1.03969 -61.0458  1.03849
 1.03984 -61.0368  1.03864
 1.03999 -61.0278  1.03879
 1.04015 -61.0188  1.03894
  1.0403 -61.0098  1.03909
 1.04045 -61.0008  1.03924
  1.0406 -60.9918  1.03939
 1.04075 -60.9828  1.03954
  1.0409 -60.9738  1.03969
 1.04105 -60.9648  1.03984
  1.0412 -60.9559  1.03999
 1.04135 -60.9469  1.03999
  1.0415 -60.9379  1.04015
 1.04165 -60.9289   1.0403
  1.0418 -60.9199  1.04045
 1.04195 -60.9109   1.0406
  1.0421  -60.902  1.04075
 1.04225  -60.893   1.0409
  1.0424  -60.884  1.04105
 1.04255 -60.8751   1.0412
  1.0427 -60.8661  1.04135
 1.04285 -60.8571   1.0415
   1.043 -60.8482  1.04165
 1.04315 -60.8392   1.0418
  1.0433 -60.8303  1.04195
 1.04345 -60.8213   1.0421
  1.0436 -60.8124  1.04225
 1.04375 -60.8034   1.0424
  1.0439 -60.7945  1.04255
 1.04405 -60.7855   1.0427
  1.0442 -60.7766   1.0427
 1.04435 -60.7677  1.04285
  1.0445 -60.7587    1.043
 1.04465 -60.7498  1.04315
  1.0448 -60.7409   1.0433
 1.04495 -60.7319  1.04345
  1.0451  -60.723   1.0436
 1.04525 -60.7141  1.04375
  1.0454 -60.7052   1.0439
 1.04555 -60.6963  1.04405
  1.0457 -60.6874   1.0442
 1.04585 -60.6784  1.04435
   1.046 -60.6695   1.0445
 1.04615 -60.6606  1.04465
  1.0463 -60.6517   1.0448
 1.04645 -60.6428  1.04495
  1.0466 -60.6339   1.0451
 1.04675  -60.625  1.04525
  1.0469 -60.6161   1.0454
 1.04705 -60.6072   1.0454
  1.0472 -60.5983  1.04555
 1.04735 -60.5895   1.0457
  1.0475 -60.5806  1.04585
 1.04765 -60.5717    1.046
  1.0478 -60.5628  1.04615
 1.04795 -60.5539   1.0463
  1.0481 -60.5451  1.04645
 1.04825 -60.5362   1.0466
  1.0484 -60.5273  1.04675
 1.04855 -60.5184   1.0469
  1.0487 -60.5096  1.04705
 1.04885 -60.5007   1.0472
   1.049 -60.4919  1.04735
 1.04915  -60.483   1.0475
  1.0493 -60.4741  1.04765
 1.04945 -60.4653   1.0478
  1.0496 -60.4564  1.04795
 1.04975 -60.4476   1.0481
  1.0499 -60.4388  1.04825
 1.05005 -60.4299  1.04825
  1.0502 -60.4211   1.0484
 1.05035 -60.4122  1.04855
  1.0505 -60.4034   1.0487
 1.05065 -60.3946  1.04885
  1.0508 -60.3857    1.049
 1.05095 -60.3769  1.04915
  1.0511 -60.3681   1.0493
 1.05125 -60.3593  1.04945
  1.0514 -60.3504   1.0496
 1.05155 -60.3416  1.04975
  1.0517 -60.3328   1.0499
 1.05185  -60.324  1.05005
   1.052 -60.3152   1.0502
 1.05215 -60.3064  1.05035
  1.0523 -60.2976   1.0505
 1.05245 -60.2887  1.05065
  1.0526 -60.2799   1.0508
 1.05275 -60.2711   1.0508
  1.0529 -60.2624  1.05095
 1.05305 -60.2536   1.0511
  1.0532 -60.2448  1.05125
 1.05335  -60.236   1.0514
  1.0535 -60.2272  1.05155
 1.05365 -60.2184   1.0517
  1.0538 -60.2096  1.05185
 1.05395 -60.2008    1.052
  1.0541 -60.1921  1.05215
 1.05425 -60.1833   1.0523
  1.0544 -60.1745  1.05245
 1.05455 -60.1657   1.0526
  1.0547  -60.157  1.05275
 1.05485 -60.1482   1.0529
   1.055 -60.1394  1.05305
 1.05515 -60.1307   1.0532
  1.0553 -60.1219  1.05335
 1.05545 -60.1132   1.0535
  1.0556 -60.1044   1.0535
 1.05575 -60.0957  1.05365
  1.0559 -60.0869   1.0538
 1.05605 -60.0782  1.05395
  1.0562 -60.0694   1.0541
 1.05635 -60.0607  1.05425
  1.0565  -60.052   1.0544
 1.05665 -60.0432  1.05455
  1.0568 -60.0345   1.0547
 1.05695 -60.0257  1.05485
  1.0571  -60.017    1.055
 1.05725 -60.0083  1.05515
  1.0574 -59.9996   1.0553
 1.05755 -59.9908  1.05545
  1.0577 -59.9821   1.0556
 1.05785 -59.9734  1.05575
   1.058 -59.9647   1.0559
 1.05815  -59.956  1.05605
  1.0583 -59.9473  1.05605
 1.05845 -59.9386   1.0562
  1.0586 -59.9299  1.05635
 1.05875 -59.9212   1.0565
  1.0589 -59.9125  1.05665
 1.05905 -59.9038   1.0568
  1.0592 -59.8951  1.05695
 1.05935 -59.8864   1.0571
  1.0595 -59.8777  1.05725
 1.05965  -59.869   1.0574
  1.0598 -59.8603  1.05755
 1.05995 -59.8516   1.0577
 1.06011 -59.8429  1.05785
 1.06026 -59.8343    1.058
 1.06041 -59.8256  1.05815
 1.06056 -59.8169   1.0583
 1.06071 -59.8082  1.05845
 1.06086 -59.7996   1.0586
 1.06101 -59.7909   1.0586
 1.06116 -59.7822  1.05875
 1.06131 -59.7736   1.0589
 1.06146 -59.7649  1.05905
 1.06161 -59.7563   1.0592
 1.06176 -59.7476  1.05935
 1.06191  -59.739   1.0595
 1.06206 -59.7303  1.05965
 1.06221 -59.7217   1.0598
 1.06236  -59.713  1.05995
 1.06251 -59.7044  1.06011
 1.06266 -59.6957  1.06026
 1.06281 -59.6871  1.06041
 1.06296 -59.6785  1.06056
 1.06311 -59.6698  1.06071
 1.06326 -59.6612  1.06086
 1.06341 -59.6526  1.06101
 1.06356  -59.644  1.06116
 1.06371 -59.6353  1.06116
 1.06386 -59.6267  1.06131
 1.06401 -59.6181  1.06146
 1.06416 -59.6095  1.06161
 1.06431 -59.6009  1.06176
 1.06446 -59.5923  1.06191
 1.06461 -59.5837  1.06206
 1.06476  -59.575  1.06221
 1.06491 -59.5664  1.06236
 1.06506 -59.5578  1.06251
 1.06521 -59.5492  1.06266
 1.06536 -59.5406  1.06281
 1.06551 -59.5321  1.06296
 1.06566 -59.5235  1.06311
 1.06581 -59.5149  1.06326
 1.06596 -59.5063  1.06341
 1.06611 -59.4977  1.06356
 1.06626 -59.4891  1.06371
 1.06641 -59.4805  1.06371
 1.06656  -59.472  1.06386
 1.06671 -59.4634  1.06401
 1.06686 -59.4548  1.06416
 1.06701 -59.4462  1.06431
 1.06716 -59.4377  1.06446
 1.06731 -59.4291  1.06461
 1.06746 -59.4206  1.06476
 1.06761  -59.412  1.06491
 1.06776 -59.4034  1.06506
 1.06791 -59.3949  1.06521
 1.06806 -59.3863  1.06536
 1.06821 -59.3778  1.06551
 1.06836 -59.3692  1.06566
 1.06851 -59.3607  1.06581
 1.06866 -59.3521  1.06596
 1.06881 -59.3436  1.06611
 1.06896 -59.3351  1.06611
 1.06911 -59.3265  1.06626
 1.06926  -59.318  1.06641
 1.06941 -59.3095  1.06656
 1.06956 -59.3009  1.06671
 1.06971 -59.2924  1.06686
 1.06986 -59.2839  1.06701
 1.07001 -59.2754  1.06716
 1.07016 -59.2668  1.06731
 1.07031 -59.2583  1.06746
 1.07046 -59.2498  1.06761
 1.07061 -59.2413  1.06776
 1.07076 -59.2328  1.06791
 1.07091 -59.2243  1.06806
 1.07106 -59.2158  1.06821
 1.07121 -59.2073  1.06836
 1.07136 -59.1988  1.06836
 1.07151 -59.1903  1.06851
 1.07166 -59.1818  1.06866
 1.07181 -59.1733  1.06881
 1.07196 -59.1648  1.06896
 1.07211 -59.1563  1.06911
 1.07226 -59.1478  1.06926
 1.07241 -59.1393  1.06941
 1.07256 -59.1309  1.06956
 1.07271 -59.1224  1.06971
 1.07286 -59.1139  1.06986
 1.07301 -59.1054  1.07001
 1.07316  -59.097  1.07016
 1.07331 -59.0885  1.07031
 1.07346   -59.08  1.07046
 1.07361 -59.0716  1.07061
 1.07376 -59.0631  1.07076
 1.07391 -59.0546  1.07076
 1.07406 -59.0462  1.07091
 1.07421 -59.0377  1.07106
 1.07436 -59.0293  1.07121
 1.07451 -59.0208  1.07136
 1.07466 -59.0124  1.07151
 1.07481 -59.0039  1.07166
 1.07496 -58.9955  1.07181
 1.07511 -58.9871  1.07196
 1.07526 -58.9786  1.07211
 1.07541 -58.9702  1.07226
 1.07556 -58.9617  1.07241
 1.07571 -58.9533  1.07256
 1.07586 -58.9449  1.07271
 1.07601 -58.9365  1.07286
 1.07616  -58.928  1.07301
 1.07631 -58.9196  1.07316
 1.07646 -58.9112  1.07316
 1.07661 -58.9028  1.07331
 1.07676 -58.8944  1.07346
 1.07691  -58.886  1.07361
 1.07706 -58.8775  1.07376
 1.07721 -58.8691  1.07391
 1.07736 -58.8607  1.07406
 1.07751 -58.8523  1.07421
 1.07766 -58.8439  1.07436
 1.07781 -58.8355  1.07451
 1.07796 -58.8271  1.07466
 1.07811 -58.8188  1.07481
 1.07826 -58.8104  1.07496
 1.07841  -58.802  1.07511
 1.07856 -58.7936  1.07526
 1.07871 -58.7852  1.07541
 1.07886 -58.7768  1.07541
 1.07901 -58.7684  1.07556
 1.07916 -58.7601  1.07571
 1.07931 -58.7517  1.07586
 1.07946 -58.7433  1.07601
 1.07961  -58.735  1.07616
 1.07976 -58.7266  1.07631
 1.07991 -58.7182  1.07646
 1.08007 -58.7099  1.07661
 1.08022 -58.7015  1.07676
 1.08037 -58.6931  1.07691
 1.08052 -58.6848  1.07706
 1.08067 -58.6764  1.07721
 1.08082 -58.6681  1.07736
 1.08097 -58.6597  1.07751
 1.08112 -58.6514  1.07766
 1.08127 -58.6431  1.07766
 1.08142 -58.6347  1.07781
 1.08157 -58.6264  1.07796
 1.08172  -58.618  1.07811
 1.08187 -58.6097  1.07826
 1.08202 -58.6014  1.07841
 1.08217  -58.593  1.07856
 1.08232 -58.5847  1.07871
 1.08247 -58.5764  1.07886
 1.08262 -58.5681  1.07901
 1.08277 -58.5598  1.07916
 1.08292 -58.5514  1.07931
 1.08307 -58.5431  1.07946
 1.08322 -58.5348  1.07961
 1.08337 -58.5265  1.07976
 1.08352 -58.5182  1.07991
 1.08367 -58.5099  1.07991
 1.08382 -58.5016  1.08007
 1.08397 -58.4933  1.08022
 1.08412  -58.485  1.08037
 1.08427 -58.4767  1.08052
 1.08442 -58.4684  1.08067
 1.08457 -58.4601  1.08082
 1.08472 -58.4518  1.08097
 1.08487 -58.4436  1.08112
 1.08502 -58.4353  1.08127
 1.08517  -58.427  1.08142
 1.08532 -58.4187  1.08157
 1.08547 -58.4104  1.08172
 1.08562 -58.4022  1.08187
 1.08577 -58.3939  1.08202
 1.08592 -58.3856  1.08202
 1.08607 -58.3774  1.08217
 1.08622 -58.3691  1.08232
 1.08637 -58.3608  1.08247
 1.08652 -58.3526  1.08262
 1.08667 -58.3443  1.08277
 1.08682 -58.3361  1.08292
 1.08697 -58.3278  1.08307
 1.08712 -58.3196  1.08322
 1.08727 -58.3113  1.08337
 1.08742 -58.3031  1.08352
 1.08757 -58.2948  1.08367
 1.08772 -58.2866  1.08382
 1.08787 -58.2784  1.08397
 1.08802 -58.2701  1.08397
 1.08817 -58.2619  1.08412
 1.08832 -58.2537  1.08427
 1.08847 -58.2454  1.08442
 1.08862 -58.2372  1.08457
 1.08877  -58.229  1.08472
 1.08892 -58.2208  1.08487
 1.08907 -58.2126  1.08502
 1.08922 -58.2043  1.08517
 1.08937 -58.1961  1.08532
 1.08952 -58.1879  1.08547
 1.08967 -58.1797  1.08562
 1.08982 -58.1715  1.08577
 1.08997 -58.1633  1.08592
 1.09012 -58.1551  1.08607
 1.09027 -58.1469  1.08607
 1.09042 -58.1387  1.08622
 1.09057 -58.1305  1.08637
 1.09072 -58.1223  1.08652
 1.09087 -58.1141  1.08667
 1.09102 -58.1059  1.08682
 1.09117 -58.0978  1.08697
 1.09132 -58.0896  1.08712
 1.09147 -58.0814  1.08727
 1.09162 -58.0732  1.08742
 1.09177  -58.065  1.08757
 1.09192 -58.0569  1.08772
 1.09207 -58.0487  1.08787
 1.09222 -58.0405  1.08802
 1.09237 -58.0324  1.08802
 1.09252 -58.0242  1.08817
 1.09267 -58.0161  1.08832
 1.09282 -58.0079  1.08847
 1.09297 -57.9997  1.08862
 1.09312 -57.9916  1.08877
 1.09327 -57.9834  1.08892
 1.09342 -57.9753  1.08907
 1.09357 -57.9671  1.08922
 1.09372  -57.959  1.08937
 1.09387 -57.9509  1.08952
 1.09402 -57.9427  1.08967
 1.09417 -57.9346  1.08982
 1.09432 -57.9265  1.08997
 1.09447 -57.9183  1.09012
 1.09462 -57.9102  1.09012
 1.09477 -57.9021  1.09027
 1.09492 -57.8939  1.09042
 1.09507 -57.8858  1.09057
 1.09522 -57.8777  1.09072
 1.09537 -57.8696  1.09087
 1.09552 -57.8615  1.09102
 1.09567 -57.8534  1.09117
 1.09582 -57.8452  1.09132
 1.09597 -57.8371  1.09147
 1.09612  -57.829  1.09162
 1.09627 -57.8209  1.09177
 1.09642 -57.8128  1.09192
 1.09657 -57.8047  1.09192
 1.09672 -57.7966  1.09207
 1.09687 -57.7886  1.09222
 1.09702 -57.7805  1.09237
 1.09717 -57.7724  1.09252
 1.09732 -57.7643  1.09267
 1.09747 -57.7562  1.09282
 1.09762 -57.7481  1.09297
 1.09777 -57.7401  1.09312
 1.09792  -57.732  1.09327
 1.09807 -57.7239  1.09342
 1.09822 -57.7159  1.09357
 1.09837 -57.7078  1.09357
 1.09852 -57.6997  1.09372
 1.09867 -57.6917  1.09387
 1.09882 -57.6836  1.09402
 1.09897 -57.6755  1.09417
 1.09912 -57.6675  1.09432
 1.09927 -57.6594  1.09447
 1.09942 -57.6514  1.09462
 1.09957 -57.6433  1.09477
 1.09972 -57.6353  1.09492
 1.09987 -57.6273  1.09507
 1.10003 -57.6192  1.09522
 1.10018 -57.6112  1.09522
 1.10033 -57.6032  1.09537
 1.10048 -57.5951  1.09552
 1.10063 -57.5871  1.09567
 1.10078 -57.5791  1.09582
 1.10093  -57.571  1.09597
 1.10108  -57.563  1.09612
 1.10123  -57.555  1.09627
 1.10138  -57.547  1.09642
 1.10153  -57.539  1.09657
 1.10168  -57.531  1.09672
 1.10183  -57.523  1.09687
 1.10198  -57.515  1.09687
 1.10213  -57.507  1.09702
 1.10228  -57.499  1.09717
 1.10243  -57.491  1.09732
 1.10258  -57.483  1.09747
 1.10273  -57.475  1.09762
 1.10288  -57.467  1.09777
 1.10303  -57.459  1.09792
 1.10318  -57.451  1.09807
 1.10333  -57.443  1.09822
 1.10348  -57.435  1.09837
 1.10363 -57.4271  1.09852
 1.10378 -57.4191  1.09852
 1.10393 -57.4111  1.09867
 1.10408 -57.4031  1.09882
 1.10423 -57.3952  1.09897
 1.10438 -57.3872  1.09912
 1.10453 -57.3792  1.09927
 1.10468 -57.3713  1.09942
 1.10483 -57.3633  1.09957
 1.10498 -57.3554  1.09972
 1.10513 -57.3474  1.09987
 1.10528 -57.3395  1.10003
 1.10543 -57.3315  1.10003
 1.10558 -57.3236  1.10018
 1.10573 -57.3156  1.10033
 1.10588 -57.3077  1.10048
 1.10603 -57.2998  1.10063
 1.10618 -57.2918  1.10078
 1.10633 -57.2839  1.10093
 1.10648  -57.276  1.10108
 1.10663  -57.268  1.10123
 1.10678 -57.2601  1.10138
 1.10693 -57.2522  1.10153
 1.10708 -57.2443  1.10168
 1.10723 -57.2364  1.10168
 1.10738 -57.2284  1.10183
 1.10753 -57.2205  1.10198
 1.10768 -57.2126  1.10213
 1.10783 -57.2047  1.10228
 1.10798 -57.1968  1.10243
 1.10813 -57.1889  1.10258
 1.10828  -57.181  1.10273
 1.10843 -57.1731  1.10288
 1.10858 -57.1652  1.10303
 1.10873 -57.1573  1.10318
 1.10888 -57.1494  1.10318
 1.10903 -57.1416  1.10333
 1.10918 -57.1337  1.10348
 1.10933 -57.1258  1.10363
 1.10948 -57.1179  1.10378
 1.10963   -57.11  1.10393
 1.10978 -57.1022  1.10408
 1.10993 -57.0943  1.10423
 1.11008 -57.0864  1.10438
 1.11023 -57.0786  1.10453
 1.11038 -57.0707  1.10468
 1.11053 -57.0628  1.10468
 1.11068  -57.055  1.10483
 1.11083 -57.0471  1.10498
 1.11098 -57.0393  1.10513
 1.11113 -57.0314  1.10528
 1.11128 -57.0236  1.10543
 1.11143 -57.0157  1.10558
 1.11158 -57.0079  1.10573
 1.11173      -57  1.10588
 1.11188 -56.9922  1.10603
 1.11203 -56.9844  1.10618
 1.11218 -56.9765  1.10618
 1.11233 -56.9687  1.10633
 1.11248 -56.9609  1.10648
 1.11263 -56.9531  1.10663
 1.11278 -56.9452  1.10678
 1.11293 -56.9374  1.10693
 1.11308 -56.9296  1.10708
 1.11323 -56.9218  1.10723
 1.11338  -56.914  1.10738
 1.11353 -56.9062  1.10753
 1.11368 -56.8984  1.10768
 1.11383 -56.8905  1.10768
 1.11398 -56.8827  1.10783
 1.11413 -56.8749  1.10798
 1.11428 -56.8671  1.10813
 1.11443 -56.8594  1.10828
 1.11458 -56.8516  1.10843
 1.11473 -56.8438  1.10858
 1.11488  -56.836  1.10873
 1.11503 -56.8282  1.10888
 1.11518 -56.8204  1.10903
 1.11533 -56.8126  1.10903
 1.11548 -56.8049  1.10918
 1.11563 -56.7971  1.10933
 1.11578 -56.7893  1.10948
 1.11593 -56.7815  1.10963
 1.11608 -56.7738  1.10978
 1.11623  -56.766  1.10993
 1.11638 -56.7582  1.11008
 1.11653 -56.7505  1.11023
 1.11668 -56.7427  1.11038
 1.11683  -56.735  1.11053
 1.11698 -56.7272  1.11053
 1.11713 -56.7195  1.11068
 1.11728 -56.7117  1.11083
 1.11743  -56.704  1.11098
 1.11758 -56.6962  1.11113
 1.11773 -56.6885  1.11128
 1.11788 -56.6808  1.11143
 1.11803  -56.673  1.11158
 1.11818 -56.6653  1.11173
 1.11833 -56.6576  1.11188
 1.11848 -56.6499  1.11203
 1.11863 -56.6421  1.11203
 1.11878 -56.6344  1.11218
 1.11893 -56.6267  1.11233
 1.11908  -56.619  1.11248
 1.11923 -56.6113  1.11263
 1.11938 -56.6036  1.11278
 1.11953 -56.5958  1.11293
 1.11968 -56.5881  1.11308
 1.11983 -56.5804  1.11308
 1.11998 -56.5727  1.11323
 1.12014  -56.565  1.11338
 1.12029 -56.5574  1.11353
 1.12044 -56.5497  1.11368
 1.12059  -56.542  1.11383
 1.12074 -56.5343  1.11398
 1.12089 -56.5266  1.11413
 1.12104 -56.5189  1.11428
 1.12119 -56.5112  1.11443
 1.12134 -56.5036  1.11443
 1.12149 -56.4959  1.11458
 1.12164 -56.4882  1.11473
 1.12179 -56.4806  1.11488
 1.12194 -56.4729  1.11503
 1.12209 -56.4652  1.11518
 1.12224 -56.4576  1.11533
 1.12239 -56.4499  1.11548
 1.12254 -56.4423  1.11563
 1.12269 -56.4346  1.11578
 1.12284  -56.427  1.11578
 1.12299 -56.4193  1.11593
 1.12314 -56.4117  1.11608
 1.12329  -56.404  1.11623
 1.12344 -56.3964  1.11638
 1.12359 -56.3888  1.11653
 1.12374 -56.3811  1.11668
 1.12389 -56.3735  1.11683
 1.12404 -56.3659  1.11698
 1.12419 -56.3582  1.11698
 1.12434 -56.3506  1.11713
 1.12449  -56.343  1.11728
 1.12464 -56.3354  1.11743
 1.12479 -56.3278  1.11758
 1.12494 -56.3202  1.11773
 1.12509 -56.3125  1.11788
 1.12524 -56.3049  1.11803
 1.12539 -56.2973  1.11818
 1.12554 -56.2897  1.11818
 1.12569 -56.2821  1.11833
 1.12584 -56.2745  1.11848
 1.12599  -56.267  1.11863
 1.12614 -56.2594  1.11878
 1.12629 -56.2518  1.11893
 1.12644 -56.2442  1.11908
 1.12659 -56.2366  1.11923
 1.12674  -56.229  1.11923
 1.12689 -56.2215  1.11938
 1.12704 -56.2139  1.11953
 1.12719 -56.2063  1.11968
 1.12734 -56.1988  1.11983
 1.12749 -56.1912  1.11998
 1.12764 -56.1836  1.12014
 1.12779 -56.1761  1.12029
 1.12794 -56.1685  1.12044
 1.12809  -56.161  1.12044
 1.12824 -56.1534  1.12059
 1.12839 -56.1459  1.12074
 1.12854 -56.1383  1.12089
 1.12869 -56.1308  1.12104
 1.12884 -56.1232  1.12119
 1.12899 -56.1157  1.12134
 1.12914 -56.1082  1.12149
 1.12929 -56.1006  1.12149
 1.12944 -56.0931  1.12164
 1.12959 -56.0856  1.12179
 1.12974  -56.078  1.12194
 1.12989 -56.0705  1.12209
 1.13004  -56.063  1.12224
 1.13019 -56.0555  1.12239
 1.13034  -56.048  1.12254
 1.13049 -56.0405  1.12254
 1.13064  -56.033  1.12269
 1.13079 -56.0255  1.12284
 1.13094  -56.018  1.12299
 1.13109 -56.0105  1.12314
 1.13124  -56.003  1.12329
 1.13139 -55.9955  1.12344
 1.13154  -55.988  1.12359
 1.13169 -55.9805  1.12374
 1.13184  -55.973  1.12374
 1.13199 -55.9655  1.12389
 1.13214  -55.958  1.12404
 1.13229 -55.9506  1.12419
 1.13244 -55.9431  1.12434
 1.13259 -55.9356  1.12449
 1.13274 -55.9282  1.12449
 1.13289 -55.9207  1.12464
 1.13304 -55.9133  1.12479
 1.13319 -55.9058  1.12494
 1.13334 -55.8984  1.12494
 1.13349 -55.8909  1.12509
 1.13364 -55.8835  1.12524
 1.13379  -55.876  1.12539
 1.13394 -55.8686  1.12554
 1.13409 -55.8612  1.12554
 1.13424 -55.8537  1.12569
 1.13439 -55.8463  1.12584
 1.13454 -55.8389  1.12599
 1.13469 -55.8315  1.12614
 1.13484 -55.8241  1.12614
 1.13499 -55.8166  1.12629
 1.13514 -55.8092  1.12644
 1.13529 -55.8018  1.12659
 1.13544 -55.7944  1.12674
 1.13559  -55.787  1.12674
 1.13574 -55.7797  1.12689
 1.13589 -55.7723  1.12704
 1.13604 -55.7649  1.12719
 1.13619 -55.7575  1.12734
 1.13634 -55.7501  1.12734
 1.13649 -55.7428  1.12749
 1.13664 -55.7354  1.12764
 1.13679  -55.728  1.12779
 1.13694 -55.7207  1.12794
 1.13709 -55.7133  1.12809
 1.13724 -55.7059  1.12809
 1.13739 -55.6986  1.12824
 1.13754 -55.6912  1.12839
 1.13769 -55.6839  1.12854
 1.13784 -55.6766  1.12854
 1.13799 -55.6692  1.12869
 1.13814 -55.6619  1.12884
 1.13829 -55.6546  1.12899
 1.13844 -55.6472  1.12914
 1.13859 -55.6399  1.12914
 1.13874 -55.6326  1.12929
 1.13889 -55.6253  1.12944
 1.13904  -55.618  1.12959
 1.13919 -55.6107  1.12974
 1.13934 -55.6034  1.12974
 1.13949 -55.5961  1.12989
 1.13964 -55.5888  1.13004
 1.13979 -55.5815  1.13019
 1.13994 -55.5742  1.13034
  1.1401 -55.5669  1.13034
 1.14025 -55.5596  1.13049
  1.1404 -55.5523  1.13064
 1.14055  -55.545  1.13079
  1.1407 -55.5378  1.13094
 1.14085 -55.5305  1.13094
   1.141 -55.5232  1.13109
 1.14115  -55.516  1.13124
  1.1413 -55.5087  1.13139
 1.14145 -55.5015  1.13154
  1.1416 -55.4942  1.13154
 1.14175  -55.487  1.13169
  1.1419 -55.4797  1.13184
 1.14205 -55.4725  1.13199
  1.1422 -55.4652  1.13214
 1.14235  -55.458  1.13229
  1.1425 -55.4508  1.13229
 1.14265 -55.4436  1.13244
  1.1428 -55.4363  1.13259
 1.14295 -55.4291  1.13274
  1.1431 -55.4219  1.13274
 1.14325 -55.4147  1.13289
  1.1434 -55.4075  1.13304
 1.14355 -55.4003  1.13319
  1.1437 -55.3931  1.13334
 1.14385 -55.3859  1.13334
   1.144 -55.3787  1.13349
 1.14415 -55.3715  1.13364
  1.1443 -55.3643  1.13379
 1.14445 -55.3571  1.13394
  1.1446 -55.3499  1.13394
 1.14475 -55.3428  1.13409
  1.1449 -55.3356  1.13424
 1.14505 -55.3284  1.13439
  1.1452 -55.3213  1.13454
 1.14535 -55.3141  1.13454
  1.1455 -55.3069  1.13469
 1.14565 -55.2998  1.13484
  1.1458 -55.2926  1.13499
 1.14595 -55.2855  1.13514
  1.1461 -55.2784  1.13514
 1.14625 -55.2712  1.13529
  1.1464 -55.2641  1.13544
 1.14655 -55.2569  1.13559
  1.1467 -55.2498  1.13574
 1.14685 -55.2427  1.13574
   1.147 -55.2356  1.13589
 1.14715 -55.2284  1.13604
  1.1473 -55.2213  1.13619
 1.14745 -55.2142  1.13619
  1.1476 -55.2071  1.13634
 1.14775    -55.2  1.13649
  1.1479 -55.1929  1.13664
 1.14805 -55.1858  1.13679
  1.1482 -55.1787  1.13679
 1.14835 -55.1716  1.13694
  1.1485 -55.1645  1.13709
 1.14865 -55.1574  1.13724
  1.1488 -55.1504  1.13739
 1.14895 -55.1433  1.13739
  1.1491 -55.1362  1.13754
 1.14925 -55.1291  1.13769
  1.1494 -55.1221  1.13784
 1.14955  -55.115  1.13799
  1.1497  -55.108  1.13799
 1.14985 -55.1009  1.13814
    1.15 -55.0939  1.13829