 kgrid  ValNew  Policy 
    0.85 -71.1892     0.85
 0.85015 -71.1739     0.85
  0.8503 -71.1586     0.85
 0.85045 -71.1434     0.85
  0.8506 -71.1281     0.85
 0.85075 -71.1129     0.85
  0.8509 -71.0978     0.85
0.851051 -71.0826     0.85
0.851201 -71.0675     0.85
0.851351 -71.0525     0.85
0.851501 -71.0374     0.85
0.851651 -71.0224     0.85
0.851801 -71.0074  0.85015
0.851951 -70.9924   0.8503
0.852101 -70.9775   0.8503
0.852251 -70.9625  0.85045
0.852401 -70.9476   0.8506
0.852551 -70.9326   0.8506
0.852701 -70.9177  0.85075
0.852851 -70.9028   0.8509
0.853002 -70.8879   0.8509
0.853152  -70.873 0.851051
0.853302 -70.8582 0.851201
0.853452 -70.8433 0.851201
0.853602 -70.8285 0.851351
0.853752 -70.8137 0.851501
0.853902 -70.7988 0.851501
0.854052  -70.784 0.851651
0.854202 -70.7692 0.851801
0.854352 -70.7545 0.851801
0.854502 -70.7397 0.851951
0.854652 -70.7249 0.852101
0.854802 -70.7102 0.852251
0.854952 -70.6955 0.852251
0.855103 -70.6807 0.852401
0.855253  -70.666 0.852551
0.855403 -70.6513 0.852551
0.855553 -70.6366 0.852701
0.855703 -70.6219 0.852851
0.855853 -70.6073 0.853002
0.856003 -70.5926 0.853002
0.856153  -70.578 0.853152
0.856303 -70.5633 0.853302
0.856453 -70.5487 0.853452
0.856603 -70.5341 0.853452
0.856753 -70.5195 0.853602
0.856903 -70.5049 0.853752
0.857054 -70.4903 0.853752
0.857204 -70.4757 0.853902
0.857354 -70.4612 0.854052
0.857504 -70.4466 0.854202
0.857654 -70.4321 0.854202
0.857804 -70.4175 0.854352
0.857954  -70.403 0.854502
0.858104 -70.3885 0.854502
0.858254  -70.374 0.854652
0.858404 -70.3595 0.854802
0.858554  -70.345 0.854952
0.858704 -70.3306 0.854952
0.858854 -70.3161 0.855103
0.859005 -70.3017 0.855253
0.859155 -70.2873 0.855403
0.859305 -70.2728 0.855403
0.859455 -70.2584 0.855553
0.859605  -70.244 0.855703
0.859755 -70.2296 0.855703
0.859905 -70.2152 0.855853
0.860055 -70.2009 0.856003
0.860205 -70.1865 0.856153
0.860355 -70.1721 0.856153
0.860505 -70.1578 0.856303
0.860655 -70.1435 0.856453
0.860805 -70.1292 0.856603
0.860955 -70.1148 0.856603
0.861106 -70.1005 0.856753
0.861256 -70.0863 0.856903
0.861406  -70.072 0.856903
0.861556 -70.0577 0.857054
0.861706 -70.0435 0.857204
0.861856 -70.0292 0.857354
0.862006  -70.015 0.857354
0.862156 -70.0007 0.857504
0.862306 -69.9865 0.857654
0.862456 -69.9723 0.857804
0.862606 -69.9581 0.857804
0.862756 -69.9439 0.857954
0.862906 -69.9298 0.858104
0.863057 -69.9156 0.858254
0.863207 -69.9014 0.858254
0.863357 -69.8873 0.858404
0.863507 -69.8732 0.858554
0.863657  -69.859 0.858554
0.863807 -69.8449 0.858704
0.863957 -69.8308 0.858854
0.864107 -69.8167 0.859005
0.864257 -69.8026 0.859005
0.864407 -69.7886 0.859155
0.864557 -69.7745 0.859305
0.864707 -69.7604 0.859455
0.864857 -69.7464 0.859455
0.865008 -69.7324 0.859605
0.865158 -69.7183 0.859755
0.865308 -69.7043 0.859905
0.865458 -69.6903 0.859905
0.865608 -69.6763 0.860055
0.865758 -69.6623 0.860205
0.865908 -69.6484 0.860205
0.866058 -69.6344 0.860355
0.866208 -69.6204 0.860505
0.866358 -69.6065 0.860655
0.866508 -69.5926 0.860655
0.866658 -69.5786 0.860805
0.866808 -69.5647 0.860955
0.866958 -69.5508 0.861106
0.867109 -69.5369 0.861106
0.867259  -69.523 0.861256
0.867409 -69.5091 0.861406
0.867559 -69.4953 0.861556
0.867709 -69.4814 0.861556
0.867859 -69.4676 0.861706
0.868009 -69.4537 0.861856
0.868159 -69.4399 0.862006
0.868309 -69.4261 0.862006
0.868459 -69.4123 0.862156
0.868609 -69.3985 0.862306
0.868759 -69.3847 0.862456
0.868909 -69.3709 0.862456
 0.86906 -69.3571 0.862606
 0.86921 -69.3433 0.862756
 0.86936 -69.3296 0.862906
 0.86951 -69.3158 0.862906
 0.86966 -69.3021 0.863057
 0.86981 -69.2884 0.863207
 0.86996 -69.2747 0.863357
 0.87011  -69.261 0.863357
 0.87026 -69.2473 0.863507
 0.87041 -69.2336 0.863657
 0.87056 -69.2199 0.863807
 0.87071 -69.2062 0.863807
 0.87086 -69.1926 0.863957
0.871011 -69.1789 0.864107
0.871161 -69.1653 0.864257
0.871311 -69.1516 0.864257
0.871461  -69.138 0.864407
0.871611 -69.1244 0.864557
0.871761 -69.1108 0.864707
0.871911 -69.0972 0.864707
0.872061 -69.0836 0.864857
0.872211   -69.07 0.865008
0.872361 -69.0565 0.865158
0.872511 -69.0429 0.865158
0.872661 -69.0293 0.865308
0.872811 -69.0158 0.865458
0.872961 -69.0023 0.865608
0.873112 -68.9887 0.865608
0.873262 -68.9752 0.865758
0.873412 -68.9617 0.865908
0.873562 -68.9482 0.866058
0.873712 -68.9347 0.866058
0.873862 -68.9213 0.866208
0.874012 -68.9078 0.866358
0.874162 -68.8943 0.866508
0.874312 -68.8809 0.866508
0.874462 -68.8674 0.866658
0.874612  -68.854 0.866808
0.874762 -68.8406 0.866958
0.874912 -68.8272 0.866958
0.875063 -68.8138 0.867109
0.875213 -68.8004 0.867259
0.875363  -68.787 0.867409
0.875513 -68.7736 0.867409
0.875663 -68.7602 0.867559
0.875813 -68.7469 0.867709
0.875963 -68.7335 0.867859
0.876113 -68.7202 0.867859
0.876263 -68.7068 0.868009
0.876413 -68.6935 0.868159
0.876563 -68.6802 0.868309
0.876713 -68.6669 0.868309
0.876863 -68.6536 0.868459
0.877014 -68.6403 0.868609
0.877164  -68.627 0.868759
0.877314 -68.6137 0.868759
0.877464 -68.6005 0.868909
0.877614 -68.5872  0.86906
0.877764  -68.574  0.86921
0.877914 -68.5607  0.86921
0.878064 -68.5475  0.86936
0.878214 -68.5343  0.86951
0.878364 -68.5211  0.86966
0.878514 -68.5079  0.86966
0.878664 -68.4947  0.86981
0.878814 -68.4815  0.86996
0.878964 -68.4683  0.87011
0.879115 -68.4551  0.87026
0.879265  -68.442  0.87026
0.879415 -68.4288  0.87041
0.879565 -68.4157  0.87056
0.879715 -68.4025  0.87071
0.879865 -68.3894  0.87071
0.880015 -68.3763  0.87086
0.880165 -68.3632 0.871011
0.880315 -68.3501 0.871161
0.880465  -68.337 0.871311
0.880615 -68.3239 0.871461
0.880765 -68.3108 0.871461
0.880915 -68.2977 0.871611
0.881066 -68.2846 0.871761
0.881216 -68.2716 0.871911
0.881366 -68.2585 0.872061
0.881516 -68.2455 0.872211
0.881666 -68.2324 0.872361
0.881816 -68.2194 0.872361
0.881966 -68.2063 0.872511
0.882116 -68.1933 0.872661
0.882266 -68.1803 0.872811
0.882416 -68.1673 0.872961
0.882566 -68.1543 0.873112
0.882716 -68.1413 0.873112
0.882866 -68.1283 0.873262
0.883017 -68.1153 0.873412
0.883167 -68.1023 0.873562
0.883317 -68.0893 0.873712
0.883467 -68.0763 0.873862
0.883617 -68.0634 0.874012
0.883767 -68.0504 0.874162
0.883917 -68.0375 0.874162
0.884067 -68.0245 0.874312
0.884217 -68.0116 0.874462
0.884367 -67.9986 0.874612
0.884517 -67.9857 0.874762
0.884667 -67.9728 0.874912
0.884817 -67.9599 0.875063
0.884967  -67.947 0.875063
0.885118  -67.934 0.875213
0.885268 -67.9211 0.875363
0.885418 -67.9082 0.875513
0.885568 -67.8954 0.875663
0.885718 -67.8825 0.875813
0.885868 -67.8696 0.875963
0.886018 -67.8567 0.875963
0.886168 -67.8439 0.876113
0.886318  -67.831 0.876263
0.886468 -67.8182 0.876413
0.886618 -67.8053 0.876563
0.886768 -67.7925 0.876713
0.886918 -67.7796 0.876863
0.887069 -67.7668 0.876863
0.887219  -67.754 0.877014
0.887369 -67.7412 0.877164
0.887519 -67.7284 0.877314
0.887669 -67.7156 0.877464
0.887819 -67.7028 0.877614
0.887969   -67.69 0.877764
0.888119 -67.6772 0.877914
0.888269 -67.6644 0.877914
0.888419 -67.6516 0.878064
0.888569 -67.6389 0.878214
0.888719 -67.6261 0.878364
0.888869 -67.6133 0.878514
 0.88902 -67.6006 0.878664
 0.88917 -67.5878 0.878814
 0.88932 -67.5751 0.878814
 0.88947 -67.5624 0.878964
 0.88962 -67.5496 0.879115
 0.88977 -67.5369 0.879265
 0.88992 -67.5242 0.879415
 0.89007 -67.5115 0.879565
 0.89022 -67.4988 0.879715
 0.89037 -67.4861 0.879865
 0.89052 -67.4734 0.879865
 0.89067 -67.4607 0.880015
 0.89082  -67.448 0.880165
 0.89097 -67.4353 0.880315
0.891121 -67.4227 0.880465
0.891271   -67.41 0.880615
0.891421 -67.3973 0.880765
0.891571 -67.3847 0.880915
0.891721  -67.372 0.880915
0.891871 -67.3594 0.881066
0.892021 -67.3468 0.881216
0.892171 -67.3341 0.881366
0.892321 -67.3215 0.881516
0.892471 -67.3089 0.881666
0.892621 -67.2963 0.881816
0.892771 -67.2836 0.881966
0.892921  -67.271 0.881966
0.893072 -67.2584 0.882116
0.893222 -67.2458 0.882266
0.893372 -67.2333 0.882416
0.893522 -67.2207 0.882566
0.893672 -67.2081 0.882716
0.893822 -67.1955 0.882866
0.893972 -67.1829 0.883017
0.894122 -67.1704 0.883167
0.894272 -67.1578 0.883167
0.894422 -67.1453 0.883317
0.894572 -67.1327 0.883467
0.894722 -67.1202 0.883617
0.894872 -67.1076 0.883767
0.895023 -67.0951 0.883917
0.895173 -67.0826 0.884067
0.895323 -67.0701 0.884217
0.895473 -67.0576 0.884217
0.895623 -67.0451 0.884367
0.895773 -67.0325 0.884517
0.895923   -67.02 0.884667
0.896073 -67.0076 0.884817
0.896223 -66.9951 0.884967
0.896373 -66.9826 0.885118
0.896523 -66.9701 0.885268
0.896673 -66.9576 0.885418
0.896823 -66.9452 0.885418
0.896973 -66.9327 0.885568
0.897124 -66.9202 0.885718
0.897274 -66.9078 0.885868
0.897424 -66.8953 0.886018
0.897574 -66.8829 0.886168
0.897724 -66.8705 0.886318
0.897874  -66.858 0.886468
0.898024 -66.8456 0.886618
0.898174 -66.8332 0.886618
0.898324 -66.8208 0.886768
0.898474 -66.8084 0.886918
0.898624  -66.796 0.887069
0.898774 -66.7836 0.887219
0.898924 -66.7712 0.887369
0.899075 -66.7588 0.887519
0.899225 -66.7464 0.887669
0.899375  -66.734 0.887669
0.899525 -66.7217 0.887819
0.899675 -66.7093 0.887969
0.899825 -66.6969 0.888119
0.899975 -66.6846 0.888269
0.900125 -66.6722 0.888419
0.900275 -66.6599 0.888569
0.900425 -66.6475 0.888719
0.900575 -66.6352 0.888869
0.900725 -66.6229 0.888869
0.900875 -66.6105  0.88902
0.901026 -66.5982  0.88917
0.901176 -66.5859  0.88932
0.901326 -66.5736  0.88947
0.901476 -66.5613  0.88962
0.901626  -66.549  0.88977
0.901776 -66.5367  0.88992
0.901926 -66.5244  0.89007
0.902076 -66.5121  0.89007
0.902226 -66.4998  0.89022
0.902376 -66.4875  0.89037
0.902526 -66.4753  0.89052
0.902676  -66.463  0.89067
0.902826 -66.4507  0.89082
0.902976 -66.4385  0.89097
0.903127 -66.4262 0.891121
0.903277  -66.414 0.891271
0.903427 -66.4017 0.891271
0.903577 -66.3895 0.891421
0.903727 -66.3773 0.891571
0.903877  -66.365 0.891721
0.904027 -66.3528 0.891871
0.904177 -66.3406 0.892021
0.904327 -66.3284 0.892171
0.904477 -66.3162 0.892321
0.904627  -66.304 0.892471
0.904777 -66.2918 0.892621
0.904927 -66.2796 0.892621
0.905078 -66.2674 0.892771
0.905228 -66.2552 0.892921
0.905378  -66.243 0.893072
0.905528 -66.2309 0.893222
0.905678 -66.2187 0.893372
0.905828 -66.2065 0.893522
0.905978 -66.1944 0.893672
0.906128 -66.1822 0.893822
0.906278 -66.1701 0.893822
0.906428 -66.1579 0.893972
0.906578 -66.1458 0.894122
0.906728 -66.1337 0.894272
0.906878 -66.1215 0.894422
0.907029 -66.1094 0.894572
0.907179 -66.0973 0.894722
0.907329 -66.0852 0.894872
0.907479 -66.0731 0.895023
0.907629  -66.061 0.895023
0.907779 -66.0489 0.895173
0.907929 -66.0368 0.895323
0.908079 -66.0247 0.895473
0.908229 -66.0126 0.895623
0.908379 -66.0005 0.895773
0.908529 -65.9885 0.895923
0.908679 -65.9764 0.896073
0.908829 -65.9643 0.896223
0.908979 -65.9523 0.896373
 0.90913 -65.9402 0.896373
 0.90928 -65.9282 0.896523
 0.90943 -65.9161 0.896673
 0.90958 -65.9041 0.896823
 0.90973  -65.892 0.896973
 0.90988   -65.88 0.897124
 0.91003  -65.868 0.897274
 0.91018 -65.8559 0.897424
 0.91033 -65.8439 0.897574
 0.91048 -65.8319 0.897574
 0.91063 -65.8199 0.897724
 0.91078 -65.8079 0.897874
 0.91093 -65.7959 0.898024
0.911081 -65.7839 0.898174
0.911231 -65.7719 0.898324
0.911381 -65.7599 0.898474
0.911531  -65.748 0.898624
0.911681  -65.736 0.898774
0.911831  -65.724 0.898924
0.911981  -65.712 0.898924
0.912131 -65.7001 0.899075
0.912281 -65.6881 0.899225
0.912431 -65.6762 0.899375
0.912581 -65.6642 0.899525
0.912731 -65.6523 0.899675
0.912881 -65.6403 0.899825
0.913032 -65.6284 0.899975
0.913182 -65.6165 0.900125
0.913332 -65.6046 0.900275
0.913482 -65.5926 0.900425
0.913632 -65.5807 0.900425
0.913782 -65.5688 0.900575
0.913932 -65.5569 0.900725
0.914082  -65.545 0.900875
0.914232 -65.5331 0.901026
0.914382 -65.5212 0.901176
0.914532 -65.5093 0.901326
0.914682 -65.4974 0.901476
0.914832 -65.4855 0.901626
0.914982 -65.4737 0.901776
0.915133 -65.4618 0.901926
0.915283 -65.4499 0.901926
0.915433 -65.4381 0.902076
0.915583 -65.4262 0.902226
0.915733 -65.4143 0.902376
0.915883 -65.4025 0.902526
0.916033 -65.3906 0.902676
0.916183 -65.3788 0.902826
0.916333  -65.367 0.902976
0.916483 -65.3551 0.903127
0.916633 -65.3433 0.903277
0.916783 -65.3315 0.903427
0.916933 -65.3196 0.903577
0.917084 -65.3078 0.903577
0.917234  -65.296 0.903727
0.917384 -65.2842 0.903877
0.917534 -65.2724 0.904027
0.917684 -65.2606 0.904177
0.917834 -65.2488 0.904327
0.917984  -65.237 0.904477
0.918134 -65.2252 0.904627
0.918284 -65.2134 0.904777
0.918434 -65.2017 0.904927
0.918584 -65.1899 0.905078
0.918734 -65.1781 0.905228
0.918884 -65.1663 0.905228
0.919035 -65.1546 0.905378
0.919185 -65.1428 0.905528
0.919335 -65.1311 0.905678
0.919485 -65.1193 0.905828
0.919635 -65.1076 0.905978
0.919785 -65.0958 0.906128
0.919935 -65.0841 0.906278
0.920085 -65.0724 0.906428
0.920235 -65.0606 0.906578
0.920385 -65.0489 0.906728
0.920535 -65.0372 0.906878
0.920685 -65.0255 0.906878
0.920835 -65.0138 0.907029
0.920985  -65.002 0.907179
0.921136 -64.9903 0.907329
0.921286 -64.9786 0.907479
0.921436 -64.9669 0.907629
0.921586 -64.9553 0.907779
0.921736 -64.9436 0.907929
0.921886 -64.9319 0.908079
0.922036 -64.9202 0.908229
0.922186 -64.9085 0.908379
0.922336 -64.8969 0.908529
0.922486 -64.8852 0.908529
0.922636 -64.8735 0.908679
0.922786 -64.8619 0.908829
0.922936 -64.8502 0.908979
0.923087 -64.8386  0.90913
0.923237 -64.8269  0.90928
0.923387 -64.8153  0.90943
0.923537 -64.8036  0.90958
0.923687  -64.792  0.90973
0.923837 -64.7804  0.90988
0.923987 -64.7687  0.91003
0.924137 -64.7571  0.91018
0.924287 -64.7455  0.91033
0.924437 -64.7339  0.91033
0.924587 -64.7223  0.91048
0.924737 -64.7107  0.91063
0.924887 -64.6991  0.91078
0.925038 -64.6875  0.91093
0.925188 -64.6759 0.911081
0.925338 -64.6643 0.911231
0.925488 -64.6527 0.911381
0.925638 -64.6411 0.911531
0.925788 -64.6295 0.911681
0.925938  -64.618 0.911831
0.926088 -64.6064 0.911981
0.926238 -64.5948 0.911981
0.926388 -64.5833 0.912131
0.926538 -64.5717 0.912281
0.926688 -64.5602 0.912431
0.926838 -64.5486 0.912581
0.926988 -64.5371 0.912731
0.927139 -64.5255 0.912881
0.927289  -64.514 0.913032
0.927439 -64.5025 0.913182
0.927589 -64.4909 0.913332
0.927739 -64.4794 0.913482
0.927889 -64.4679 0.913632
0.928039 -64.4564 0.913782
0.928189 -64.4448 0.913782
0.928339 -64.4333 0.913932
0.928489 -64.4218 0.914082
0.928639 -64.4103 0.914232
0.928789 -64.3988 0.914382
0.928939 -64.3873 0.914532
 0.92909 -64.3758 0.914682
 0.92924 -64.3643 0.914832
 0.92939 -64.3529 0.914982
 0.92954 -64.3414 0.915133
 0.92969 -64.3299 0.915283
 0.92984 -64.3184 0.915433
 0.92999  -64.307 0.915583
 0.93014 -64.2955 0.915583
 0.93029  -64.284 0.915733
 0.93044 -64.2726 0.915883
 0.93059 -64.2611 0.916033
 0.93074 -64.2497 0.916183
 0.93089 -64.2382 0.916333
0.931041 -64.2268 0.916483
0.931191 -64.2154 0.916633
0.931341 -64.2039 0.916783
0.931491 -64.1925 0.916933
0.931641 -64.1811 0.917084
0.931791 -64.1697 0.917234
0.931941 -64.1582 0.917384
0.932091 -64.1468 0.917534
0.932241 -64.1354 0.917534
0.932391  -64.124 0.917684
0.932541 -64.1126 0.917834
0.932691 -64.1012 0.917984
0.932841 -64.0898 0.918134
0.932991 -64.0784 0.918284
0.933142  -64.067 0.918434
0.933292 -64.0557 0.918584
0.933442 -64.0443 0.918734
0.933592 -64.0329 0.918884
0.933742 -64.0215 0.919035
0.933892 -64.0102 0.919185
0.934042 -63.9988 0.919335
0.934192 -63.9874 0.919335
0.934342 -63.9761 0.919485
0.934492 -63.9647 0.919635
0.934642 -63.9534 0.919785
0.934792  -63.942 0.919935
0.934942 -63.9307 0.920085
0.935093 -63.9193 0.920235
0.935243  -63.908 0.920385
0.935393 -63.8967 0.920535
0.935543 -63.8854 0.920685
0.935693  -63.874 0.920835
0.935843 -63.8627 0.920985
0.935993 -63.8514 0.921136
0.936143 -63.8401 0.921286
0.936293 -63.8288 0.921286
0.936443 -63.8175 0.921436
0.936593 -63.8062 0.921586
0.936743 -63.7949 0.921736
0.936893 -63.7836 0.921886
0.937044 -63.7723 0.922036
0.937194  -63.761 0.922186
0.937344 -63.7497 0.922336
0.937494 -63.7385 0.922486
0.937644 -63.7272 0.922636
0.937794 -63.7159 0.922786
0.937944 -63.7046 0.922936
0.938094 -63.6934 0.923087
0.938244 -63.6821 0.923237
0.938394 -63.6709 0.923237
0.938544 -63.6596 0.923387
0.938694 -63.6484 0.923537
0.938844 -63.6371 0.923687
0.938994 -63.6259 0.923837
0.939145 -63.6146 0.923987
0.939295 -63.6034 0.924137
0.939445 -63.5922 0.924287
0.939595  -63.581 0.924437
0.939745 -63.5697 0.924587
0.939895 -63.5585 0.924737
0.940045 -63.5473 0.924887
0.940195 -63.5361 0.925038
0.940345 -63.5249 0.925188
0.940495 -63.5137 0.925188
0.940645 -63.5025 0.925338
0.940795 -63.4913 0.925488
0.940945 -63.4801 0.925638
0.941096 -63.4689 0.925788
0.941246 -63.4577 0.925938
0.941396 -63.4465 0.926088
0.941546 -63.4354 0.926238
0.941696 -63.4242 0.926388
0.941846  -63.413 0.926538
0.941996 -63.4018 0.926688
0.942146 -63.3907 0.926838
0.942296 -63.3795 0.926988
0.942446 -63.3684 0.927139
0.942596 -63.3572 0.927139
0.942746 -63.3461 0.927289
0.942896 -63.3349 0.927439
0.943047 -63.3238 0.927589
0.943197 -63.3126 0.927739
0.943347 -63.3015 0.927889
0.943497 -63.2904 0.928039
0.943647 -63.2793 0.928189
0.943797 -63.2681 0.928339
0.943947  -63.257 0.928489
0.944097 -63.2459 0.928639
0.944247 -63.2348 0.928789
0.944397 -63.2237 0.928939
0.944547 -63.2126  0.92909
0.944697 -63.2015  0.92924
0.944847 -63.1904  0.92924
0.944997 -63.1793  0.92939
0.945148 -63.1682  0.92954
0.945298 -63.1571  0.92969
0.945448  -63.146  0.92984
0.945598 -63.1349  0.92999
0.945748 -63.1238  0.93014
0.945898 -63.1128  0.93029
0.946048 -63.1017  0.93044
0.946198 -63.0906  0.93059
0.946348 -63.0796  0.93074
0.946498 -63.0685  0.93089
0.946648 -63.0575 0.931041
0.946798 -63.0464 0.931191
0.946948 -63.0354 0.931191
0.947099 -63.0243 0.931341
0.947249 -63.0133 0.931491
0.947399 -63.0022 0.931641
0.947549 -62.9912 0.931791
0.947699 -62.9802 0.931941
0.947849 -62.9691 0.932091
0.947999 -62.9581 0.932241
0.948149 -62.9471 0.932391
0.948299 -62.9361 0.932541
0.948449 -62.9251 0.932691
0.948599 -62.9141 0.932841
0.948749 -62.9031 0.932991
0.948899 -62.8921 0.933142
 0.94905 -62.8811 0.933292
  0.9492 -62.8701 0.933292
 0.94935 -62.8591 0.933442
  0.9495 -62.8481 0.933592
 0.94965 -62.8371 0.933742
  0.9498 -62.8261 0.933892
 0.94995 -62.8151 0.934042
  0.9501 -62.8042 0.934192
 0.95025 -62.7932 0.934342
  0.9504 -62.7822 0.934492
 0.95055 -62.7713 0.934642
  0.9507 -62.7603 0.934792
 0.95085 -62.7493 0.934942
0.951001 -62.7384 0.935093
0.951151 -62.7274 0.935243
0.951301 -62.7165 0.935393
0.951451 -62.7055 0.935543
0.951601 -62.6946 0.935543
0.951751 -62.6837 0.935693
0.951901 -62.6727 0.935843
0.952051 -62.6618 0.935993
0.952201 -62.6509 0.936143
0.952351 -62.6399 0.936293
0.952501  -62.629 0.936443
0.952651 -62.6181 0.936593
0.952801 -62.6072 0.936743
0.952951 -62.5963 0.936893
0.953102 -62.5854 0.937044
0.953252 -62.5745 0.937194
0.953402 -62.5636 0.937344
0.953552 -62.5527 0.937494
0.953702 -62.5418 0.937644
0.953852 -62.5309 0.937644
0.954002   -62.52 0.937794
0.954152 -62.5091 0.937944
0.954302 -62.4983 0.938094
0.954452 -62.4874 0.938244
0.954602 -62.4765 0.938394
0.954752 -62.4656 0.938544
0.954902 -62.4548 0.938694
0.955053 -62.4439 0.938844
0.955203 -62.4331 0.938994
0.955353 -62.4222 0.939145
0.955503 -62.4113 0.939295
0.955653 -62.4005 0.939445
0.955803 -62.3897 0.939595
0.955953 -62.3788 0.939745
0.956103  -62.368 0.939895
0.956253 -62.3571 0.939895
0.956403 -62.3463 0.940045
0.956553 -62.3355 0.940195
0.956703 -62.3247 0.940345
0.956853 -62.3138 0.940495
0.957004  -62.303 0.940645
0.957154 -62.2922 0.940795
0.957304 -62.2814 0.940945
0.957454 -62.2706 0.941096
0.957604 -62.2598 0.941246
0.957754  -62.249 0.941396
0.957904 -62.2382 0.941546
0.958054 -62.2274 0.941696
0.958204 -62.2166 0.941846
0.958354 -62.2058 0.941996
0.958504  -62.195 0.941996
0.958654 -62.1842 0.942146
0.958804 -62.1735 0.942296
0.958954 -62.1627 0.942446
0.959105 -62.1519 0.942596
0.959255 -62.1411 0.942746
0.959405 -62.1304 0.942896
0.959555 -62.1196 0.943047
0.959705 -62.1089 0.943197
0.959855 -62.0981 0.943347
0.960005 -62.0874 0.943497
0.960155 -62.0766 0.943647
0.960305 -62.0659 0.943797
0.960455 -62.0551 0.943947
0.960605 -62.0444 0.944097
0.960755 -62.0337 0.944247
0.960905 -62.0229 0.944247
0.961056 -62.0122 0.944397
0.961206 -62.0015 0.944547
0.961356 -61.9907 0.944697
0.961506   -61.98 0.944847
0.961656 -61.9693 0.944997
0.961806 -61.9586 0.945148
0.961956 -61.9479 0.945298
0.962106 -61.9372 0.945448
0.962256 -61.9265 0.945598
0.962406 -61.9158 0.945748
0.962556 -61.9051 0.945898
0.962706 -61.8944 0.946048
0.962856 -61.8837 0.946198
0.963007  -61.873 0.946348
0.963157 -61.8623 0.946498
0.963307 -61.8517 0.946498
0.963457  -61.841 0.946648
0.963607 -61.8303 0.946798
0.963757 -61.8196 0.946948
0.963907  -61.809 0.947099
0.964057 -61.7983 0.947249
0.964207 -61.7877 0.947399
0.964357  -61.777 0.947549
0.964507 -61.7663 0.947699
0.964657 -61.7557 0.947849
0.964807 -61.7451 0.947999
0.964957 -61.7344 0.948149
0.965108 -61.7238 0.948299
0.965258 -61.7131 0.948449
0.965408 -61.7025 0.948599
0.965558 -61.6919 0.948749
0.965708 -61.6812 0.948749
0.965858 -61.6706 0.948899
0.966008   -61.66  0.94905
0.966158 -61.6494   0.9492
0.966308 -61.6388  0.94935
0.966458 -61.6282   0.9495
0.966608 -61.6175  0.94965
0.966758 -61.6069   0.9498
0.966908 -61.5963  0.94995
0.967059 -61.5857   0.9501
0.967209 -61.5751  0.95025
0.967359 -61.5646   0.9504
0.967509  -61.554  0.95055
0.967659 -61.5434   0.9507
0.967809 -61.5328  0.95085
0.967959 -61.5222 0.951001
0.968109 -61.5116 0.951151
0.968259 -61.5011 0.951151
0.968409 -61.4905 0.951301
0.968559 -61.4799 0.951451
0.968709 -61.4694 0.951601
0.968859 -61.4588 0.951751
 0.96901 -61.4483 0.951901
 0.96916 -61.4377 0.952051
 0.96931 -61.4272 0.952201
 0.96946 -61.4166 0.952351
 0.96961 -61.4061 0.952501
 0.96976 -61.3955 0.952651
 0.96991  -61.385 0.952801
 0.97006 -61.3745 0.952951
 0.97021 -61.3639 0.953102
 0.97036 -61.3534 0.953252
 0.97051 -61.3429 0.953402
 0.97066 -61.3323 0.953402
 0.97081 -61.3218 0.953552
 0.97096 -61.3113 0.953702
0.971111 -61.3008 0.953852
0.971261 -61.2903 0.954002
0.971411 -61.2798 0.954152
0.971561 -61.2693 0.954302
0.971711 -61.2588 0.954452
0.971861 -61.2483 0.954602
0.972011 -61.2378 0.954752
0.972161 -61.2273 0.954902
0.972311 -61.2168 0.955053
0.972461 -61.2063 0.955203
0.972611 -61.1959 0.955353
0.972761 -61.1854 0.955503
0.972911 -61.1749 0.955653
0.973062 -61.1644 0.955803
0.973212  -61.154 0.955803
0.973362 -61.1435 0.955953
0.973512  -61.133 0.956103
0.973662 -61.1226 0.956253
0.973812 -61.1121 0.956403
0.973962 -61.1017 0.956553
0.974112 -61.0912 0.956703
0.974262 -61.0808 0.956853
0.974412 -61.0703 0.957004
0.974562 -61.0599 0.957154
0.974712 -61.0495 0.957304
0.974862  -61.039 0.957454
0.975013 -61.0286 0.957604
0.975163 -61.0182 0.957754
0.975313 -61.0077 0.957904
0.975463 -60.9973 0.958054
0.975613 -60.9869 0.958204
0.975763 -60.9765 0.958204
0.975913 -60.9661 0.958354
0.976063 -60.9557 0.958504
0.976213 -60.9453 0.958654
0.976363 -60.9349 0.958804
0.976513 -60.9245 0.958954
0.976663 -60.9141 0.959105
0.976813 -60.9037 0.959255
0.976963 -60.8933 0.959405
0.977114 -60.8829 0.959555
0.977264 -60.8725 0.959705
0.977414 -60.8621 0.959855
0.977564 -60.8517 0.960005
0.977714 -60.8414 0.960155
0.977864  -60.831 0.960305
0.978014 -60.8206 0.960455
0.978164 -60.8103 0.960455
0.978314 -60.7999 0.960605
0.978464 -60.7895 0.960755
0.978614 -60.7792 0.960905
0.978764 -60.7688 0.961056
0.978914 -60.7585 0.961206
0.979065 -60.7481 0.961356
0.979215 -60.7378 0.961506
0.979365 -60.7275 0.961656
0.979515 -60.7171 0.961806
0.979665 -60.7068 0.961956
0.979815 -60.6964 0.962106
0.979965 -60.6861 0.962256
0.980115 -60.6758 0.962406
0.980265 -60.6655 0.962556
0.980415 -60.6552 0.962706
0.980565 -60.6448 0.962856
0.980715 -60.6345 0.962856
0.980865 -60.6242 0.963007
0.981016 -60.6139 0.963157
0.981166 -60.6036 0.963307
0.981316 -60.5933 0.963457
0.981466  -60.583 0.963607
0.981616 -60.5727 0.963757
0.981766 -60.5624 0.963907
0.981916 -60.5521 0.964057
0.982066 -60.5418 0.964207
0.982216 -60.5316 0.964357
0.982366 -60.5213 0.964507
0.982516  -60.511 0.964657
0.982666 -60.5007 0.964807
0.982816 -60.4905 0.964957
0.982966 -60.4802 0.965108
0.983117 -60.4699 0.965258
0.983267 -60.4597 0.965258
0.983417 -60.4494 0.965408
0.983567 -60.4391 0.965558
0.983717 -60.4289 0.965708
0.983867 -60.4186 0.965858
0.984017 -60.4084 0.966008
0.984167 -60.3982 0.966158
0.984317 -60.3879 0.966308
0.984467 -60.3777 0.966458
0.984617 -60.3674 0.966608
0.984767 -60.3572 0.966758
0.984917  -60.347 0.966908
0.985068 -60.3368 0.967059
0.985218 -60.3265 0.967209
0.985368 -60.3163 0.967359
0.985518 -60.3061 0.967509
0.985668 -60.2959 0.967659
0.985818 -60.2857 0.967659
0.985968 -60.2755 0.967809
0.986118 -60.2653 0.967959
0.986268 -60.2551 0.968109
0.986418 -60.2449 0.968259
0.986568 -60.2347 0.968409
0.986718 -60.2245 0.968559
0.986868 -60.2143 0.968709
0.987019 -60.2041 0.968859
0.987169 -60.1939  0.96901
0.987319 -60.1837  0.96916
0.987469 -60.1735  0.96931
0.987619 -60.1634  0.96946
0.987769 -60.1532  0.96961
0.987919  -60.143  0.96976
0.988069 -60.1329  0.96991
0.988219 -60.1227  0.97006
0.988369 -60.1125  0.97021
0.988519 -60.1024  0.97021
0.988669 -60.0922  0.97036
0.988819 -60.0821  0.97051
0.988969 -60.0719  0.97066
 0.98912 -60.0618  0.97081
 0.98927 -60.0516  0.97096
 0.98942 -60.0415 0.971111
 0.98957 -60.0314 0.971261
 0.98972 -60.0212 0.971411
 0.98987 -60.0111 0.971561
 0.99002  -60.001 0.971711
 0.99017 -59.9909 0.971861
 0.99032 -59.9807 0.972011
 0.99047 -59.9706 0.972161
 0.99062 -59.9605 0.972311
 0.99077 -59.9504 0.972461
 0.99092 -59.9403 0.972611
0.991071 -59.9302 0.972611
0.991221 -59.9201 0.972761
0.991371   -59.91 0.972911
0.991521 -59.8999 0.973062
0.991671 -59.8898 0.973212
0.991821 -59.8797 0.973362
0.991971 -59.8696 0.973512
0.992121 -59.8595 0.973662
0.992271 -59.8494 0.973812
0.992421 -59.8393 0.973962
0.992571 -59.8293 0.974112
0.992721 -59.8192 0.974262
0.992871 -59.8091 0.974412
0.993022  -59.799 0.974562
0.993172  -59.789 0.974712
0.993322 -59.7789 0.974862
0.993472 -59.7688 0.975013
0.993622 -59.7588 0.975013
0.993772 -59.7487 0.975163
0.993922 -59.7387 0.975313
0.994072 -59.7286 0.975463
0.994222 -59.7186 0.975613
0.994372 -59.7085 0.975763
0.994522 -59.6985 0.975913
0.994672 -59.6885 0.976063
0.994822 -59.6784 0.976213
0.994972 -59.6684 0.976363
0.995123 -59.6584 0.976513
0.995273 -59.6484 0.976663
0.995423 -59.6383 0.976813
0.995573 -59.6283 0.976963
0.995723 -59.6183 0.977114
0.995873 -59.6083 0.977264
0.996023 -59.5983 0.977414
0.996173 -59.5883 0.977564
0.996323 -59.5783 0.977564
0.996473 -59.5683 0.977714
0.996623 -59.5583 0.977864
0.996773 -59.5483 0.978014
0.996923 -59.5383 0.978164
0.997074 -59.5283 0.978314
0.997224 -59.5183 0.978464
0.997374 -59.5083 0.978614
0.997524 -59.4983 0.978764
0.997674 -59.4883 0.978914
0.997824 -59.4784 0.979065
0.997974 -59.4684 0.979215
0.998124 -59.4584 0.979365
0.998274 -59.4484 0.979515
0.998424 -59.4385 0.979665
0.998574 -59.4285 0.979815
0.998724 -59.4186 0.979965
0.998874 -59.4086 0.980115
0.999025 -59.3987 0.980115
0.999175 -59.3887 0.980265
0.999325 -59.3788 0.980415
0.999475 -59.3688 0.980565
0.999625 -59.3589 0.980715
0.999775 -59.3489 0.980865
0.999925  -59.339 0.981016
 1.00008 -59.3291 0.981166
 1.00023 -59.3191 0.981316
 1.00038 -59.3092 0.981466
 1.00053 -59.2993 0.981616
 1.00068 -59.2893 0.981766
 1.00083 -59.2794 0.981916
 1.00098 -59.2695 0.982066
 1.00113 -59.2596 0.982216
 1.00128 -59.2497 0.982366
 1.00143 -59.2398 0.982516
 1.00158 -59.2299 0.982516
 1.00173   -59.22 0.982666
 1.00188 -59.2101 0.982816
 1.00203 -59.2002 0.982966
 1.00218 -59.1903 0.983117
 1.00233 -59.1804 0.983267
 1.00248 -59.1705 0.983417
 1.00263 -59.1606 0.983567
 1.00278 -59.1507 0.983717
 1.00293 -59.1409 0.983867
 1.00308  -59.131 0.984017
 1.00323 -59.1211 0.984167
 1.00338 -59.1112 0.984317
 1.00353 -59.1014 0.984467
 1.00368 -59.0915 0.984617
 1.00383 -59.0816 0.984767
 1.00398 -59.0718 0.984917
 1.00413 -59.0619 0.985068
 1.00428 -59.0521 0.985068
 1.00443 -59.0422 0.985218
 1.00458 -59.0324 0.985368
 1.00473 -59.0225 0.985518
 1.00488 -59.0127 0.985668
 1.00503 -59.0028 0.985818
 1.00518  -58.993 0.985968
 1.00533 -58.9832 0.986118
 1.00548 -58.9733 0.986268
 1.00563 -58.9635 0.986418
 1.00578 -58.9537 0.986568
 1.00593 -58.9439 0.986718
 1.00608  -58.934 0.986868
 1.00623 -58.9242 0.987019
 1.00638 -58.9144 0.987169
 1.00653 -58.9046 0.987319
 1.00668 -58.8948 0.987469
 1.00683  -58.885 0.987619
 1.00698 -58.8752 0.987619
 1.00713 -58.8654 0.987769
 1.00728 -58.8556 0.987919
 1.00743 -58.8458 0.988069
 1.00758  -58.836 0.988219
 1.00773 -58.8262 0.988369
 1.00788 -58.8164 0.988519
 1.00803 -58.8066 0.988669
 1.00818 -58.7968 0.988819
 1.00833 -58.7871 0.988969
 1.00848 -58.7773  0.98912
 1.00863 -58.7675  0.98927
 1.00878 -58.7577  0.98942
 1.00893  -58.748  0.98957
 1.00908 -58.7382  0.98972
 1.00923 -58.7284  0.98987
 1.00938 -58.7187  0.99002
 1.00953 -58.7089  0.99017
 1.00968 -58.6992  0.99017
 1.00983 -58.6894  0.99032
 1.00998 -58.6797  0.99047
 1.01013 -58.6699  0.99062
 1.01028 -58.6602  0.99077
 1.01043 -58.6504  0.99092
 1.01058 -58.6407 0.991071
 1.01073  -58.631 0.991221
 1.01088 -58.6212 0.991371
 1.01103 -58.6115 0.991521
 1.01118 -58.6018 0.991671
 1.01133 -58.5921 0.991821
 1.01148 -58.5823 0.991971
 1.01163 -58.5726 0.992121
 1.01178 -58.5629 0.992271
 1.01193 -58.5532 0.992421
 1.01208 -58.5435 0.992571
 1.01223 -58.5338 0.992571
 1.01238 -58.5241 0.992721
 1.01253 -58.5144 0.992871
 1.01268 -58.5047 0.993022
 1.01283  -58.495 0.993172
 1.01298 -58.4853 0.993322
 1.01313 -58.4756 0.993472
 1.01328 -58.4659 0.993622
 1.01343 -58.4562 0.993772
 1.01358 -58.4465 0.993922
 1.01373 -58.4368 0.994072
 1.01388 -58.4272 0.994222
 1.01403 -58.4175 0.994372
 1.01418 -58.4078 0.994522
 1.01433 -58.3982 0.994672
 1.01448 -58.3885 0.994822
 1.01463 -58.3788 0.994972
 1.01478 -58.3692 0.995123
 1.01493 -58.3595 0.995123
 1.01508 -58.3498 0.995273
 1.01523 -58.3402 0.995423
 1.01538 -58.3305 0.995573
 1.01553 -58.3209 0.995723
 1.01568 -58.3113 0.995873
 1.01583 -58.3016 0.996023
 1.01598  -58.292 0.996173
 1.01613 -58.2823 0.996323
 1.01628 -58.2727 0.996473
 1.01643 -58.2631 0.996623
 1.01658 -58.2534 0.996773
 1.01673 -58.2438 0.996923
 1.01688 -58.2342 0.997074
 1.01703 -58.2246 0.997224
 1.01718  -58.215 0.997374
 1.01733 -58.2053 0.997524
 1.01748 -58.1957 0.997674
 1.01763 -58.1861 0.997674
 1.01778 -58.1765 0.997824
 1.01793 -58.1669 0.997974
 1.01808 -58.1573 0.998124
 1.01823 -58.1477 0.998274
 1.01838 -58.1381 0.998424
 1.01853 -58.1285 0.998574
 1.01868 -58.1189 0.998724
 1.01883 -58.1093 0.998874
 1.01898 -58.0998 0.999025
 1.01913 -58.0902 0.999175
 1.01928 -58.0806 0.999325
 1.01943  -58.071 0.999475
 1.01958 -58.0614 0.999625
 1.01973 -58.0519 0.999775
 1.01988 -58.0423 0.999925
 1.02004 -58.0327  1.00008
 1.02019 -58.0232  1.00023
 1.02034 -58.0136  1.00023
 1.02049 -58.0041  1.00038
 1.02064 -57.9945  1.00053
 1.02079 -57.9849  1.00068
 1.02094 -57.9754  1.00083
 1.02109 -57.9658  1.00098
 1.02124 -57.9563  1.00113
 1.02139 -57.9468  1.00128
 1.02154 -57.9372  1.00143
 1.02169 -57.9277  1.00158
 1.02184 -57.9181  1.00173
 1.02199 -57.9086  1.00188
 1.02214 -57.8991  1.00203
 1.02229 -57.8896  1.00218
 1.02244   -57.88  1.00233
 1.02259 -57.8705  1.00248
 1.02274  -57.861  1.00263
 1.02289 -57.8515  1.00278
 1.02304  -57.842  1.00278
 1.02319 -57.8325  1.00293
 1.02334  -57.823  1.00308
 1.02349 -57.8134  1.00323
 1.02364 -57.8039  1.00338
 1.02379 -57.7944  1.00353
 1.02394 -57.7849  1.00368
 1.02409 -57.7755  1.00383
 1.02424  -57.766  1.00398
 1.02439 -57.7565  1.00413
 1.02454  -57.747  1.00428
 1.02469 -57.7375  1.00443
 1.02484  -57.728  1.00458
 1.02499 -57.7185  1.00473
 1.02514 -57.7091  1.00488
 1.02529 -57.6996  1.00503
 1.02544 -57.6901  1.00518
 1.02559 -57.6807  1.00533
 1.02574 -57.6712  1.00533
 1.02589 -57.6617  1.00548
 1.02604 -57.6523  1.00563
 1.02619 -57.6428  1.00578
 1.02634 -57.6334  1.00593
 1.02649 -57.6239  1.00608
 1.02664 -57.6145  1.00623
 1.02679  -57.605  1.00638
 1.02694 -57.5956  1.00653
 1.02709 -57.5861  1.00668
 1.02724 -57.5767  1.00683
 1.02739 -57.5672  1.00698
 1.02754 -57.5578  1.00713
 1.02769 -57.5484  1.00728
 1.02784 -57.5389  1.00743
 1.02799 -57.5295  1.00758
 1.02814 -57.5201  1.00773
 1.02829 -57.5107  1.00788
 1.02844 -57.5013  1.00788
 1.02859 -57.4918  1.00803
 1.02874 -57.4824  1.00818
 1.02889  -57.473  1.00833
 1.02904 -57.4636  1.00848
 1.02919 -57.4542  1.00863
 1.02934 -57.4448  1.00878
 1.02949 -57.4354  1.00893
 1.02964  -57.426  1.00908
 1.02979 -57.4166  1.00923
 1.02994 -57.4072  1.00938
 1.03009 -57.3978  1.00953
 1.03024 -57.3884  1.00968
 1.03039 -57.3791  1.00983
 1.03054 -57.3697  1.00998
 1.03069 -57.3603  1.01013
 1.03084 -57.3509  1.01028
 1.03099 -57.3416  1.01043
 1.03114 -57.3322  1.01043
 1.03129 -57.3228  1.01058
 1.03144 -57.3134  1.01073
 1.03159 -57.3041  1.01088
 1.03174 -57.2947  1.01103
 1.03189 -57.2854  1.01118
 1.03204  -57.276  1.01133
 1.03219 -57.2667  1.01148
 1.03234 -57.2573  1.01163
 1.03249  -57.248  1.01178
 1.03264 -57.2386  1.01193
 1.03279 -57.2293  1.01208
 1.03294 -57.2199  1.01223
 1.03309 -57.2106  1.01238
 1.03324 -57.2013  1.01253
 1.03339 -57.1919  1.01268
 1.03354 -57.1826  1.01283
 1.03369 -57.1733  1.01298
 1.03384 -57.1639  1.01298
 1.03399 -57.1546  1.01313
 1.03414 -57.1453  1.01328
 1.03429  -57.136  1.01343
 1.03444 -57.1267  1.01358
 1.03459 -57.1174  1.01373
 1.03474 -57.1081  1.01388
 1.03489 -57.0987  1.01403
 1.03504 -57.0894  1.01418
 1.03519 -57.0801  1.01433
 1.03534 -57.0708  1.01448
 1.03549 -57.0615  1.01463
 1.03564 -57.0523  1.01478
 1.03579  -57.043  1.01493
 1.03594 -57.0337  1.01508
 1.03609 -57.0244  1.01523
 1.03624 -57.0151  1.01538
 1.03639 -57.0058  1.01553
 1.03654 -56.9965  1.01553
 1.03669 -56.9873  1.01568
 1.03684  -56.978  1.01583
 1.03699 -56.9687  1.01598
 1.03714 -56.9595  1.01613
 1.03729 -56.9502  1.01628
 1.03744 -56.9409  1.01643
 1.03759 -56.9317  1.01658
 1.03774 -56.9224  1.01673
 1.03789 -56.9132  1.01688
 1.03804 -56.9039  1.01703
 1.03819 -56.8947  1.01718
 1.03834 -56.8854  1.01733
 1.03849 -56.8762  1.01748
 1.03864 -56.8669  1.01763
 1.03879 -56.8577  1.01778
 1.03894 -56.8484  1.01793
 1.03909 -56.8392  1.01808
 1.03924   -56.83  1.01808
 1.03939 -56.8207  1.01823
 1.03954 -56.8115  1.01838
 1.03969 -56.8023  1.01853
 1.03984 -56.7931  1.01868
 1.03999 -56.7838  1.01883
 1.04015 -56.7746  1.01898
  1.0403 -56.7654  1.01913
 1.04045 -56.7562  1.01928
  1.0406  -56.747  1.01943
 1.04075 -56.7378  1.01958
  1.0409 -56.7286  1.01973
 1.04105 -56.7194  1.01988
  1.0412 -56.7102  1.02004
 1.04135  -56.701  1.02019
  1.0415 -56.6918  1.02034
 1.04165 -56.6826  1.02049
  1.0418 -56.6734  1.02064
 1.04195 -56.6642  1.02064
  1.0421  -56.655  1.02079
 1.04225 -56.6459  1.02094
  1.0424 -56.6367  1.02109
 1.04255 -56.6275  1.02124
  1.0427 -56.6183  1.02139
 1.04285 -56.6092  1.02154
   1.043    -56.6  1.02169
 1.04315 -56.5908  1.02184
  1.0433 -56.5817  1.02199
 1.04345 -56.5725  1.02214
  1.0436 -56.5633  1.02229
 1.04375 -56.5542  1.02244
  1.0439  -56.545  1.02259
 1.04405 -56.5359  1.02274
  1.0442 -56.5267  1.02289
 1.04435 -56.5176  1.02304
  1.0445 -56.5084  1.02319
 1.04465 -56.4993  1.02319
  1.0448 -56.4902  1.02334
 1.04495  -56.481  1.02349
  1.0451 -56.4719  1.02364
 1.04525 -56.4628  1.02379
  1.0454 -56.4536  1.02394
 1.04555 -56.4445  1.02409
  1.0457 -56.4354  1.02424
 1.04585 -56.4263  1.02439
   1.046 -56.4171  1.02454
 1.04615  -56.408  1.02469
  1.0463 -56.3989  1.02484
 1.04645 -56.3898  1.02499
  1.0466 -56.3807  1.02514
 1.04675 -56.3716  1.02529
  1.0469 -56.3625  1.02544
 1.04705 -56.3534  1.02559
  1.0472 -56.3443  1.02559
 1.04735 -56.3352  1.02574
  1.0475 -56.3261  1.02589
 1.04765  -56.317  1.02604
  1.0478 -56.3079  1.02619
 1.04795 -56.2988  1.02634
  1.0481 -56.2897  1.02649
 1.04825 -56.2807  1.02664
  1.0484 -56.2716  1.02679
 1.04855 -56.2625  1.02694
  1.0487 -56.2534  1.02709
 1.04885 -56.2444  1.02724
   1.049 -56.2353  1.02739
 1.04915 -56.2262  1.02754
  1.0493 -56.2172  1.02769
 1.04945 -56.2081  1.02784
  1.0496  -56.199  1.02799
 1.04975   -56.19  1.02814
  1.0499 -56.1809  1.02814
 1.05005 -56.1719  1.02829
  1.0502 -56.1628  1.02844
 1.05035 -56.1538  1.02859
  1.0505 -56.1447  1.02874
 1.05065 -56.1357  1.02889
  1.0508 -56.1267  1.02904
 1.05095 -56.1176  1.02919
  1.0511 -56.1086  1.02934
 1.05125 -56.0996  1.02949
  1.0514 -56.0905  1.02964
 1.05155 -56.0815  1.02979
  1.0517 -56.0725  1.02994
 1.05185 -56.0635  1.03009
   1.052 -56.0544  1.03024
 1.05215 -56.0454  1.03039
  1.0523 -56.0364  1.03054
 1.05245 -56.0274  1.03069
  1.0526 -56.0184  1.03069
 1.05275 -56.0094  1.03084
  1.0529 -56.0004  1.03099
 1.05305 -55.9914  1.03114
  1.0532 -55.9824  1.03129
 1.05335 -55.9734  1.03144
  1.0535 -55.9644  1.03159
 1.05365 -55.9554  1.03174
  1.0538 -55.9464  1.03189
 1.05395 -55.9374  1.03204
  1.0541 -55.9284  1.03219
 1.05425 -55.9194  1.03234
  1.0544 -55.9105  1.03249
 1.05455 -55.9015  1.03264
  1.0547 -55.8925  1.03279
 1.05485 -55.8835  1.03294
   1.055 -55.8746  1.03309
 1.05515 -55.8656  1.03324
  1.0553 -55.8566  1.03324
 1.05545 -55.8477  1.03339
  1.0556 -55.8387  1.03354
 1.05575 -55.8298  1.03369
  1.0559 -55.8208  1.03384
 1.05605 -55.8118  1.03399
  1.0562 -55.8029  1.03414
 1.05635 -55.7939  1.03429
  1.0565  -55.785  1.03444
 1.05665 -55.7761  1.03459
  1.0568 -55.7671  1.03474
 1.05695 -55.7582  1.03489
  1.0571 -55.7492  1.03504
 1.05725 -55.7403  1.03519
  1.0574 -55.7314  1.03534
 1.05755 -55.7225  1.03549
  1.0577 -55.7135  1.03564
 1.05785 -55.7046  1.03564
   1.058 -55.6957  1.03579
 1.05815 -55.6868  1.03594
  1.0583 -55.6778  1.03609
 1.05845 -55.6689  1.03624
  1.0586   -55.66  1.03639
 1.05875 -55.6511  1.03654
  1.0589 -55.6422  1.03669
 1.05905 -55.6333  1.03684
  1.0592 -55.6244  1.03699
 1.05935 -55.6155  1.03714
  1.0595 -55.6066  1.03729
 1.05965 -55.5977  1.03744
  1.0598 -55.5888  1.03759
 1.05995 -55.5799  1.03774
 1.06011  -55.571  1.03789
 1.06026 -55.5622  1.03804
 1.06041 -55.5533  1.03819
 1.06056 -55.5444  1.03819
 1.06071 -55.5355  1.03834
 1.06086 -55.5266  1.03849
 1.06101 -55.5178  1.03864
 1.06116 -55.5089  1.03879
 1.06131    -55.5  1.03894
 1.06146 -55.4912  1.03909
 1.06161 -55.4823  1.03924
 1.06176 -55.4734  1.03939
 1.06191 -55.4646  1.03954
 1.06206 -55.4557  1.03969
 1.06221 -55.4469  1.03984
 1.06236  -55.438  1.03999
 1.06251 -55.4292  1.04015
 1.06266 -55.4203   1.0403
 1.06281 -55.4115  1.04045
 1.06296 -55.4026   1.0406
 1.06311 -55.3938  1.04075
 1.06326  -55.385  1.04075
 1.06341 -55.3761   1.0409
 1.06356 -55.3673  1.04105
 1.06371 -55.3585   1.0412
 1.06386 -55.3496  1.04135
 1.06401 -55.3408   1.0415
 1.06416  -55.332  1.04165
 1.06431 -55.3232   1.0418
 1.06446 -55.3144  1.04195
 1.06461 -55.3056   1.0421
 1.06476 -55.2967  1.04225
 1.06491 -55.2879   1.0424
 1.06506 -55.2791  1.04255
 1.06521 -55.2703   1.0427
 1.06536 -55.2615  1.04285
 1.06551 -55.2527    1.043
 1.06566 -55.2439  1.04315
 1.06581 -55.2351  1.04315
 1.06596 -55.2263   1.0433
 1.06611 -55.2175  1.04345
 1.06626 -55.2087   1.0436
 1.06641    -55.2  1.04375
 1.06656 -55.1912   1.0439
 1.06671 -55.1824  1.04405
 1.06686 -55.1736   1.0442
 1.06701 -55.1648  1.04435
 1.06716 -55.1561   1.0445
 1.06731 -55.1473  1.04465
 1.06746 -55.1385   1.0448
 1.06761 -55.1298  1.04495
 1.06776  -55.121   1.0451
 1.06791 -55.1122  1.04525
 1.06806 -55.1035   1.0454
 1.06821 -55.0947  1.04555
 1.06836  -55.086  1.04555
 1.06851 -55.0772   1.0457
 1.06866 -55.0685  1.04585
 1.06881 -55.0597    1.046
 1.06896  -55.051  1.04615
 1.06911 -55.0422   1.0463
 1.06926 -55.0335  1.04645
 1.06941 -55.0247   1.0466
 1.06956  -55.016  1.04675
 1.06971 -55.0073   1.0469
 1.06986 -54.9985  1.04705
 1.07001 -54.9898   1.0472
 1.07016 -54.9811  1.04735
 1.07031 -54.9724   1.0475
 1.07046 -54.9636  1.04765
 1.07061 -54.9549   1.0478
 1.07076 -54.9462  1.04795
 1.07091 -54.9375  1.04795
 1.07106 -54.9288   1.0481
 1.07121 -54.9201  1.04825
 1.07136 -54.9114   1.0484
 1.07151 -54.9027  1.04855
 1.07166  -54.894   1.0487
 1.07181 -54.8853  1.04885
 1.07196 -54.8766    1.049
 1.07211 -54.8679  1.04915
 1.07226 -54.8592   1.0493
 1.07241 -54.8505  1.04945
 1.07256 -54.8418   1.0496
 1.07271 -54.8331  1.04975
 1.07286 -54.8244   1.0499
 1.07301 -54.8157  1.05005
 1.07316 -54.8071   1.0502
 1.07331 -54.7984  1.05035
 1.07346 -54.7897  1.05035
 1.07361  -54.781   1.0505
 1.07376 -54.7724  1.05065
 1.07391 -54.7637   1.0508
 1.07406  -54.755  1.05095
 1.07421 -54.7464   1.0511
 1.07436 -54.7377  1.05125
 1.07451 -54.7291   1.0514
 1.07466 -54.7204  1.05155
 1.07481 -54.7118   1.0517
 1.07496 -54.7031  1.05185
 1.07511 -54.6945    1.052
 1.07526 -54.6858  1.05215
 1.07541 -54.6772   1.0523
 1.07556 -54.6685  1.05245
 1.07571 -54.6599   1.0526
 1.07586 -54.6513  1.05275
 1.07601 -54.6426  1.05275
 1.07616  -54.634   1.0529
 1.07631 -54.6254  1.05305
 1.07646 -54.6167   1.0532
 1.07661 -54.6081  1.05335
 1.07676 -54.5995   1.0535
 1.07691 -54.5909  1.05365
 1.07706 -54.5823   1.0538
 1.07721 -54.5736  1.05395
 1.07736  -54.565   1.0541
 1.07751 -54.5564  1.05425
 1.07766 -54.5478   1.0544
 1.07781 -54.5392  1.05455
 1.07796 -54.5306   1.0547
 1.07811  -54.522  1.05485
 1.07826 -54.5134    1.055
 1.07841 -54.5048  1.05515
 1.07856 -54.4962  1.05515
 1.07871 -54.4876   1.0553
 1.07886  -54.479  1.05545
 1.07901 -54.4704   1.0556
 1.07916 -54.4619  1.05575
 1.07931 -54.4533   1.0559
 1.07946 -54.4447  1.05605
 1.07961 -54.4361   1.0562
 1.07976 -54.4275  1.05635
 1.07991  -54.419   1.0565
 1.08007 -54.4104  1.05665
 1.08022 -54.4018   1.0568
 1.08037 -54.3933  1.05695
 1.08052 -54.3847   1.0571
 1.08067 -54.3761  1.05725
 1.08082 -54.3676   1.0574
 1.08097  -54.359  1.05755
 1.08112 -54.3505  1.05755
 1.08127 -54.3419   1.0577
 1.08142 -54.3334  1.05785
 1.08157 -54.3248    1.058
 1.08172 -54.3163  1.05815
 1.08187 -54.3077   1.0583
 1.08202 -54.2992  1.05845
 1.08217 -54.2907   1.0586
 1.08232 -54.2821  1.05875
 1.08247 -54.2736   1.0589
 1.08262 -54.2651  1.05905
 1.08277 -54.2565   1.0592
 1.08292  -54.248  1.05935
 1.08307 -54.2395   1.0595
 1.08322  -54.231  1.05965
 1.08337 -54.2225   1.0598
 1.08352 -54.2139   1.0598
 1.08367 -54.2054  1.05995
 1.08382 -54.1969  1.06011
 1.08397 -54.1884  1.06026
 1.08412 -54.1799  1.06041
 1.08427 -54.1714  1.06056
 1.08442 -54.1629  1.06071
 1.08457 -54.1544  1.06086
 1.08472 -54.1459  1.06101
 1.08487 -54.1374  1.06116
 1.08502 -54.1289  1.06131
 1.08517 -54.1204  1.06146
 1.08532 -54.1119  1.06161
 1.08547 -54.1034  1.06176
 1.08562  -54.095  1.06191
 1.08577 -54.0865  1.06206
 1.08592  -54.078  1.06206
 1.08607 -54.0695  1.06221
 1.08622  -54.061  1.06236
 1.08637 -54.0526  1.06251
 1.08652 -54.0441  1.06266
 1.08667 -54.0356  1.06281
 1.08682 -54.0272  1.06296
 1.08697 -54.0187  1.06311
 1.08712 -54.0103  1.06326
 1.08727 -54.0018  1.06341
 1.08742 -53.9933  1.06356
 1.08757 -53.9849  1.06371
 1.08772 -53.9764  1.06386
 1.08787  -53.968  1.06401
 1.08802 -53.9595  1.06416
 1.08817 -53.9511  1.06431
 1.08832 -53.9427  1.06431
 1.08847 -53.9342  1.06446
 1.08862 -53.9258  1.06461
 1.08877 -53.9173  1.06476
 1.08892 -53.9089  1.06491
 1.08907 -53.9005  1.06506
 1.08922 -53.8921  1.06521
 1.08937 -53.8836  1.06536
 1.08952 -53.8752  1.06551
 1.08967 -53.8668  1.06566
 1.08982 -53.8584  1.06581
 1.08997   -53.85  1.06596
 1.09012 -53.8415  1.06611
 1.09027 -53.8331  1.06626
 1.09042 -53.8247  1.06641
 1.09057 -53.8163  1.06656
 1.09072 -53.8079  1.06656
 1.09087 -53.7995  1.06671
 1.09102 -53.7911  1.06686
 1.09117 -53.7827  1.06701
 1.09132 -53.7743  1.06716
 1.09147 -53.7659  1.06731
 1.09162 -53.7575  1.06746
 1.09177 -53.7491  1.06761
 1.09192 -53.7408  1.06776
 1.09207 -53.7324  1.06791
 1.09222  -53.724  1.06806
 1.09237 -53.7156  1.06821
 1.09252 -53.7072  1.06836
 1.09267 -53.6989  1.06851
 1.09282 -53.6905  1.06866
 1.09297 -53.6821  1.06866
 1.09312 -53.6738  1.06881
 1.09327 -53.6654  1.06896
 1.09342  -53.657  1.06911
 1.09357 -53.6487  1.06926
 1.09372 -53.6403  1.06941
 1.09387  -53.632  1.06956
 1.09402 -53.6236  1.06971
 1.09417 -53.6153  1.06986
 1.09432 -53.6069  1.07001
 1.09447 -53.5986  1.07016
 1.09462 -53.5902  1.07031
 1.09477 -53.5819  1.07046
 1.09492 -53.5735  1.07061
 1.09507 -53.5652  1.07076
 1.09522 -53.5569  1.07091
 1.09537 -53.5485  1.07091
 1.09552 -53.5402  1.07106
 1.09567 -53.5319  1.07121
 1.09582 -53.5236  1.07136
 1.09597 -53.5152  1.07151
 1.09612 -53.5069  1.07166
 1.09627 -53.4986  1.07181
 1.09642 -53.4903  1.07196
 1.09657  -53.482  1.07211
 1.09672 -53.4737  1.07226
 1.09687 -53.4653  1.07241
 1.09702  -53.457  1.07256
 1.09717 -53.4487  1.07271
 1.09732 -53.4404  1.07286
 1.09747 -53.4321  1.07301
 1.09762 -53.4238  1.07301
 1.09777 -53.4155  1.07316
 1.09792 -53.4073  1.07331
 1.09807  -53.399  1.07346
 1.09822 -53.3907  1.07361
 1.09837 -53.3824  1.07376
 1.09852 -53.3741  1.07391
 1.09867 -53.3658  1.07406
 1.09882 -53.3575  1.07421
 1.09897 -53.3493  1.07436
 1.09912  -53.341  1.07451
 1.09927 -53.3327  1.07466
 1.09942 -53.3244  1.07481
 1.09957 -53.3162  1.07496
 1.09972 -53.3079  1.07511
 1.09987 -53.2997  1.07526
 1.10003 -53.2914  1.07526
 1.10018 -53.2831  1.07541
 1.10033 -53.2749  1.07556
 1.10048 -53.2666  1.07571
 1.10063 -53.2584  1.07586
 1.10078 -53.2501  1.07601
 1.10093 -53.2419  1.07616
 1.10108 -53.2336  1.07631
 1.10123 -53.2254  1.07646
 1.10138 -53.2172  1.07661
 1.10153 -53.2089  1.07676
 1.10168 -53.2007  1.07691
 1.10183 -53.1924  1.07706
 1.10198 -53.1842  1.07721
 1.10213  -53.176  1.07736
 1.10228 -53.1678  1.07736
 1.10243 -53.1595  1.07751
 1.10258 -53.1513  1.07766
 1.10273 -53.1431  1.07781
 1.10288 -53.1349  1.07796
 1.10303 -53.1267  1.07811
 1.10318 -53.1185  1.07826
 1.10333 -53.1102  1.07841
 1.10348  -53.102  1.07856
 1.10363 -53.0938  1.07871
 1.10378 -53.0856  1.07886
 1.10393 -53.0774  1.07901
 1.10408 -53.0692  1.07916
 1.10423  -53.061  1.07931
 1.10438 -53.0528  1.07946
 1.10453 -53.0446  1.07946
 1.10468 -53.0365  1.07961
 1.10483 -53.0283  1.07976
 1.10498 -53.0201  1.07991
 1.10513 -53.0119  1.08007
 1.10528 -53.0037  1.08022
 1.10543 -52.9955  1.08037
 1.10558 -52.9874  1.08052
 1.10573 -52.9792  1.08067
 1.10588  -52.971  1.08082
 1.10603 -52.9629  1.08097
 1.10618 -52.9547  1.08112
 1.10633 -52.9465  1.08127
 1.10648 -52.9384  1.08142
 1.10663 -52.9302  1.08142
 1.10678 -52.9221  1.08157
 1.10693 -52.9139  1.08172
 1.10708 -52.9057  1.08187
 1.10723 -52.8976  1.08202
 1.10738 -52.8894  1.08217
 1.10753 -52.8813  1.08232
 1.10768 -52.8732  1.08247
 1.10783  -52.865  1.08262
 1.10798 -52.8569  1.08277
 1.10813 -52.8487  1.08292
 1.10828 -52.8406  1.08307
 1.10843 -52.8325  1.08322
 1.10858 -52.8244  1.08337
 1.10873 -52.8162  1.08337
 1.10888 -52.8081  1.08352
 1.10903    -52.8  1.08367
 1.10918 -52.7919  1.08382
 1.10933 -52.7837  1.08397
 1.10948 -52.7756  1.08412
 1.10963 -52.7675  1.08427
 1.10978 -52.7594  1.08442
 1.10993 -52.7513  1.08457
 1.11008 -52.7432  1.08472
 1.11023 -52.7351  1.08487
 1.11038  -52.727  1.08502
 1.11053 -52.7189  1.08517
 1.11068 -52.7108  1.08532
 1.11083 -52.7027  1.08532
 1.11098 -52.6946  1.08547
 1.11113 -52.6865  1.08562
 1.11128 -52.6784  1.08577
 1.11143 -52.6703  1.08592
 1.11158 -52.6623  1.08607
 1.11173 -52.6542  1.08622
 1.11188 -52.6461  1.08637
 1.11203  -52.638  1.08652
 1.11218   -52.63  1.08667
 1.11233 -52.6219  1.08682
 1.11248 -52.6138  1.08697
 1.11263 -52.6058  1.08712
 1.11278 -52.5977  1.08727
 1.11293 -52.5896  1.08727
 1.11308 -52.5816  1.08742
 1.11323 -52.5735  1.08757
 1.11338 -52.5655  1.08772
 1.11353 -52.5574  1.08787
 1.11368 -52.5494  1.08802
 1.11383 -52.5413  1.08817
 1.11398 -52.5333  1.08832
 1.11413 -52.5252  1.08847
 1.11428 -52.5172  1.08862
 1.11443 -52.5091  1.08877
 1.11458 -52.5011  1.08892
 1.11473 -52.4931  1.08907
 1.11488  -52.485  1.08907
 1.11503  -52.477  1.08922
 1.11518  -52.469  1.08937
 1.11533  -52.461  1.08952
 1.11548 -52.4529  1.08967
 1.11563 -52.4449  1.08982
 1.11578 -52.4369  1.08997
 1.11593 -52.4289  1.09012
 1.11608 -52.4209  1.09027
 1.11623 -52.4129  1.09042
 1.11638 -52.4049  1.09057
 1.11653 -52.3968  1.09072
 1.11668 -52.3888  1.09087
 1.11683 -52.3808  1.09102
 1.11698 -52.3728  1.09102
 1.11713 -52.3648  1.09117
 1.11728 -52.3569  1.09132
 1.11743 -52.3489  1.09147
 1.11758 -52.3409  1.09162
 1.11773 -52.3329  1.09177
 1.11788 -52.3249  1.09192
 1.11803 -52.3169  1.09207
 1.11818 -52.3089  1.09222
 1.11833  -52.301  1.09237
 1.11848  -52.293  1.09252
 1.11863  -52.285  1.09267
 1.11878  -52.277  1.09267
 1.11893 -52.2691  1.09282
 1.11908 -52.2611  1.09297
 1.11923 -52.2531  1.09312
 1.11938 -52.2452  1.09327
 1.11953 -52.2372  1.09342
 1.11968 -52.2293  1.09357
 1.11983 -52.2213  1.09372
 1.11998 -52.2134  1.09387
 1.12014 -52.2054  1.09402
 1.12029 -52.1975  1.09417
 1.12044 -52.1895  1.09432
 1.12059 -52.1816  1.09432
 1.12074 -52.1736  1.09447
 1.12089 -52.1657  1.09462
 1.12104 -52.1578  1.09477
 1.12119 -52.1498  1.09492
 1.12134 -52.1419  1.09507
 1.12149  -52.134  1.09522
 1.12164 -52.1261  1.09537
 1.12179 -52.1181  1.09552
 1.12194 -52.1102  1.09567
 1.12209 -52.1023  1.09582
 1.12224 -52.0944  1.09582
 1.12239 -52.0865  1.09597
 1.12254 -52.0786  1.09612
 1.12269 -52.0707  1.09627
 1.12284 -52.0628  1.09642
 1.12299 -52.0549  1.09657
 1.12314  -52.047  1.09672
 1.12329 -52.0391  1.09687
 1.12344 -52.0312  1.09702
 1.12359 -52.0233  1.09717
 1.12374 -52.0154  1.09732
 1.12389 -52.0075  1.09747
 1.12404 -51.9996  1.09747
 1.12419 -51.9917  1.09762
 1.12434 -51.9839  1.09777
 1.12449  -51.976  1.09792
 1.12464 -51.9681  1.09807
 1.12479 -51.9602  1.09822
 1.12494 -51.9524  1.09837
 1.12509 -51.9445  1.09852
 1.12524 -51.9366  1.09867
 1.12539 -51.9288  1.09882
 1.12554 -51.9209  1.09897
 1.12569  -51.913  1.09897
 1.12584 -51.9052  1.09912
 1.12599 -51.8973  1.09927
 1.12614 -51.8895  1.09942
 1.12629 -51.8816  1.09957
 1.12644 -51.8738  1.09972
 1.12659 -51.8659  1.09987
 1.12674 -51.8581  1.10003
 1.12689 -51.8503  1.10018
 1.12704 -51.8424  1.10033
 1.12719 -51.8346  1.10048
 1.12734 -51.8268  1.10048
 1.12749 -51.8189  1.10063
 1.12764 -51.8111  1.10078
 1.12779 -51.8033  1.10093
 1.12794 -51.7955  1.10108
 1.12809 -51.7876  1.10123
 1.12824 -51.7798  1.10138
 1.12839  -51.772  1.10153
 1.12854 -51.7642  1.10168
 1.12869 -51.7564  1.10183
 1.12884 -51.7486  1.10198
 1.12899 -51.7408  1.10198
 1.12914  -51.733  1.10213
 1.12929 -51.7252  1.10228
 1.12944 -51.7174  1.10243
 1.12959 -51.7096  1.10258
 1.12974 -51.7018  1.10273
 1.12989  -51.694  1.10288
 1.13004 -51.6862  1.10303
 1.13019 -51.6784  1.10318
 1.13034 -51.6707  1.10333
 1.13049 -51.6629  1.10348
 1.13064 -51.6551  1.10348
 1.13079 -51.6473  1.10363
 1.13094 -51.6396  1.10378
 1.13109 -51.6318  1.10393
 1.13124  -51.624  1.10408
 1.13139 -51.6162  1.10423
 1.13154 -51.6085  1.10438
 1.13169 -51.6007  1.10453
 1.13184  -51.593  1.10468
 1.13199 -51.5852  1.10483
 1.13214 -51.5775  1.10498
 1.13229 -51.5697  1.10498
 1.13244  -51.562  1.10513
 1.13259 -51.5542  1.10528
 1.13274 -51.5465  1.10543
 1.13289 -51.5387  1.10558
 1.13304  -51.531  1.10573
 1.13319 -51.5233  1.10588
 1.13334 -51.5155  1.10603
 1.13349 -51.5078  1.10618
 1.13364 -51.5001  1.10633
 1.13379 -51.4923  1.10633
 1.13394 -51.4846  1.10648
 1.13409 -51.4769  1.10663
 1.13424 -51.4692  1.10678
 1.13439 -51.4615  1.10693
 1.13454 -51.4537  1.10708
 1.13469  -51.446  1.10723
 1.13484 -51.4383  1.10738
 1.13499 -51.4306  1.10753
 1.13514 -51.4229  1.10768
 1.13529 -51.4152  1.10783
 1.13544 -51.4075  1.10783
 1.13559 -51.3998  1.10798
 1.13574 -51.3921  1.10813
 1.13589 -51.3844  1.10828
 1.13604 -51.3767  1.10843
 1.13619 -51.3691  1.10858
 1.13634 -51.3614  1.10873
 1.13649 -51.3537  1.10888
 1.13664  -51.346  1.10903
 1.13679 -51.3383  1.10918
 1.13694 -51.3307  1.10918
 1.13709  -51.323  1.10933
 1.13724 -51.3153  1.10948
 1.13739 -51.3077  1.10963
 1.13754    -51.3  1.10978
 1.13769 -51.2923  1.10993
 1.13784 -51.2847  1.11008
 1.13799  -51.277  1.11023
 1.13814 -51.2694  1.11038
 1.13829 -51.2617  1.11053
 1.13844 -51.2541  1.11068
 1.13859 -51.2464  1.11068
 1.13874 -51.2388  1.11083
 1.13889 -51.2311  1.11098
 1.13904 -51.2235  1.11113
 1.13919 -51.2158  1.11128
 1.13934 -51.2082  1.11143
 1.13949 -51.2006  1.11158
 1.13964 -51.1929  1.11173
 1.13979 -51.1853  1.11188
 1.13994 -51.1777  1.11203
  1.1401 -51.1701  1.11203
 1.14025 -51.1625  1.11218
  1.1404 -51.1548  1.11233
 1.14055 -51.1472  1.11248
  1.1407 -51.1396  1.11263
 1.14085  -51.132  1.11278
   1.141 -51.1244  1.11293
 1.14115 -51.1168  1.11308
  1.1413 -51.1092  1.11323
 1.14145 -51.1016  1.11338
  1.1416  -51.094  1.11338
 1.14175 -51.0864  1.11353
  1.1419 -51.0788  1.11368
 1.14205 -51.0712  1.11383
  1.1422 -51.0636  1.11398
 1.14235  -51.056  1.11413
  1.1425 -51.0484  1.11428
 1.14265 -51.0409  1.11443
  1.1428 -51.0333  1.11458
 1.14295 -51.0257  1.11458
  1.1431 -51.0181  1.11473
 1.14325 -51.0106  1.11488
  1.1434  -51.003  1.11503
 1.14355 -50.9954  1.11518
  1.1437 -50.9879  1.11533
 1.14385 -50.9803  1.11548
   1.144 -50.9728  1.11563
 1.14415 -50.9652  1.11578
  1.1443 -50.9577  1.11578
 1.14445 -50.9501  1.11593
  1.1446 -50.9426  1.11608
 1.14475  -50.935  1.11623
  1.1449 -50.9275  1.11638
 1.14505 -50.9199  1.11653
  1.1452 -50.9124  1.11668
 1.14535 -50.9049  1.11683
  1.1455 -50.8973  1.11698
 1.14565 -50.8898  1.11698
  1.1458 -50.8823  1.11713
 1.14595 -50.8748  1.11728
  1.1461 -50.8672  1.11743
 1.14625 -50.8597  1.11758
  1.1464 -50.8522  1.11773
 1.14655 -50.8447  1.11788
  1.1467 -50.8372  1.11803
 1.14685 -50.8297  1.11818
   1.147 -50.8222  1.11818
 1.14715 -50.8147  1.11833
  1.1473 -50.8072  1.11848
 1.14745 -50.7997  1.11863
  1.1476 -50.7922  1.11878
 1.14775 -50.7847  1.11893
  1.1479 -50.7772  1.11908
 1.14805 -50.7697  1.11923
  1.1482 -50.7622  1.11923
 1.14835 -50.7547  1.11938
  1.1485 -50.7473  1.11953
 1.14865 -50.7398  1.11968
  1.1488 -50.7323  1.11983
 1.14895 -50.7248  1.11998
  1.1491 -50.7174  1.12014
 1.14925 -50.7099  1.12029
  1.1494 -50.7025  1.12044
 1.14955  -50.695  1.12044
  1.1497 -50.6875  1.12059
 1.14985 -50.6801  1.12074
    1.15 -50.6726  1.12089