 kgrid  ValNew  Policy 
    0.85 -78.9708     0.85
 0.85015 -78.9509     0.85
  0.8503  -78.931     0.85
 0.85045 -78.9111     0.85
  0.8506 -78.8912     0.85
 0.85075 -78.8715     0.85
  0.8509 -78.8517     0.85
0.851051  -78.832     0.85
0.851201 -78.8123     0.85
0.851351 -78.7927     0.85
0.851501 -78.7732     0.85
0.851651 -78.7536     0.85
0.851801 -78.7341     0.85
0.851951 -78.7147     0.85
0.852101 -78.6953     0.85
0.852251 -78.6759     0.85
0.852401 -78.6566     0.85
0.852551 -78.6373     0.85
0.852701 -78.6181     0.85
0.852851 -78.5989     0.85
0.853002 -78.5797     0.85
0.853152 -78.5606     0.85
0.853302 -78.5415     0.85
0.853452 -78.5225     0.85
0.853602 -78.5035     0.85
0.853752 -78.4846     0.85
0.853902 -78.4657     0.85
0.854052 -78.4468     0.85
0.854202  -78.428     0.85
0.854352 -78.4092     0.85
0.854502 -78.3904     0.85
0.854652 -78.3717     0.85
0.854802 -78.3531     0.85
0.854952 -78.3345     0.85
0.855103 -78.3159     0.85
0.855253 -78.2973     0.85
0.855403 -78.2788     0.85
0.855553 -78.2604     0.85
0.855703 -78.2419     0.85
0.855853 -78.2236     0.85
0.856003 -78.2052     0.85
0.856153 -78.1869     0.85
0.856303 -78.1686     0.85
0.856453 -78.1504     0.85
0.856603 -78.1322     0.85
0.856753 -78.1141     0.85
0.856903  -78.096     0.85
0.857054 -78.0779     0.85
0.857204 -78.0599     0.85
0.857354 -78.0419     0.85
0.857504 -78.0239     0.85
0.857654  -78.006     0.85
0.857804 -77.9881     0.85
0.857954 -77.9703     0.85
0.858104 -77.9525     0.85
0.858254 -77.9347     0.85
0.858404  -77.917     0.85
0.858554 -77.8993     0.85
0.858704 -77.8816     0.85
0.858854  -77.864     0.85
0.859005 -77.8465     0.85
0.859155 -77.8289     0.85
0.859305 -77.8114     0.85
0.859455 -77.7939     0.85
0.859605 -77.7765     0.85
0.859755 -77.7591     0.85
0.859905 -77.7418     0.85
0.860055 -77.7245     0.85
0.860205 -77.7072     0.85
0.860355 -77.6899     0.85
0.860505 -77.6727     0.85
0.860655 -77.6556     0.85
0.860805 -77.6384     0.85
0.860955 -77.6213     0.85
0.861106 -77.6043     0.85
0.861256 -77.5872     0.85
0.861406 -77.5703     0.85
0.861556 -77.5533     0.85
0.861706 -77.5364     0.85
0.861856 -77.5195     0.85
0.862006 -77.5027     0.85
0.862156 -77.4859     0.85
0.862306 -77.4691     0.85
0.862456 -77.4523     0.85
0.862606 -77.4356     0.85
0.862756  -77.419     0.85
0.862906 -77.4023     0.85
0.863057 -77.3857     0.85
0.863207 -77.3692     0.85
0.863357 -77.3526     0.85
0.863507 -77.3361     0.85
0.863657 -77.3197     0.85
0.863807 -77.3033     0.85
0.863957 -77.2869     0.85
0.864107 -77.2705     0.85
0.864257 -77.2542     0.85
0.864407 -77.2379     0.85
0.864557 -77.2216     0.85
0.864707 -77.2054     0.85
0.864857 -77.1892     0.85
0.865008 -77.1731     0.85
0.865158  -77.157     0.85
0.865308 -77.1409     0.85
0.865458 -77.1248     0.85
0.865608 -77.1088     0.85
0.865758 -77.0928     0.85
0.865908 -77.0769     0.85
0.866058  -77.061     0.85
0.866208 -77.0451     0.85
0.866358 -77.0292     0.85
0.866508 -77.0134     0.85
0.866658 -76.9976     0.85
0.866808 -76.9819     0.85
0.866958 -76.9662     0.85
0.867109 -76.9505     0.85
0.867259 -76.9348     0.85
0.867409 -76.9192     0.85
0.867559 -76.9036     0.85
0.867709 -76.8881     0.85
0.867859 -76.8725     0.85
0.868009  -76.857     0.85
0.868159 -76.8416     0.85
0.868309 -76.8262     0.85
0.868459 -76.8108     0.85
0.868609 -76.7954     0.85
0.868759 -76.7801     0.85
0.868909 -76.7648     0.85
 0.86906 -76.7495     0.85
 0.86921 -76.7343     0.85
 0.86936 -76.7191     0.85
 0.86951 -76.7039     0.85
 0.86966 -76.6887     0.85
 0.86981 -76.6736     0.85
 0.86996 -76.6585     0.85
 0.87011 -76.6435     0.85
 0.87026 -76.6285     0.85
 0.87041 -76.6135     0.85
 0.87056 -76.5985     0.85
 0.87071 -76.5836     0.85
 0.87086 -76.5687  0.85015
0.871011 -76.5538   0.8503
0.871161 -76.5389   0.8503
0.871311  -76.524  0.85045
0.871461 -76.5092   0.8506
0.871611 -76.4943   0.8506
0.871761 -76.4795  0.85075
0.871911 -76.4647   0.8509
0.872061 -76.4499   0.8509
0.872211 -76.4351 0.851051
0.872361 -76.4203 0.851201
0.872511 -76.4055 0.851201
0.872661 -76.3907 0.851351
0.872811  -76.376 0.851351
0.872961 -76.3612 0.851501
0.873112 -76.3465 0.851651
0.873262 -76.3318 0.851801
0.873412 -76.3171 0.851801
0.873562 -76.3024 0.851951
0.873712 -76.2877 0.852101
0.873862 -76.2731 0.852101
0.874012 -76.2584 0.852251
0.874162 -76.2438 0.852401
0.874312 -76.2291 0.852551
0.874462 -76.2145 0.852551
0.874612 -76.1999 0.852701
0.874762 -76.1853 0.852851
0.874912 -76.1707 0.852851
0.875063 -76.1561 0.853002
0.875213 -76.1415 0.853152
0.875363  -76.127 0.853302
0.875513 -76.1124 0.853302
0.875663 -76.0979 0.853452
0.875813 -76.0833 0.853602
0.875963 -76.0688 0.853602
0.876113 -76.0543 0.853752
0.876263 -76.0398 0.853902
0.876413 -76.0253 0.854052
0.876563 -76.0108 0.854052
0.876713 -75.9964 0.854202
0.876863 -75.9819 0.854352
0.877014 -75.9675 0.854502
0.877164  -75.953 0.854502
0.877314 -75.9386 0.854652
0.877464 -75.9242 0.854802
0.877614 -75.9098 0.854802
0.877764 -75.8954 0.854952
0.877914  -75.881 0.855103
0.878064 -75.8666 0.855253
0.878214 -75.8523 0.855253
0.878364 -75.8379 0.855403
0.878514 -75.8236 0.855553
0.878664 -75.8092 0.855553
0.878814 -75.7949 0.855703
0.878964 -75.7806 0.855853
0.879115 -75.7663 0.856003
0.879265  -75.752 0.856003
0.879415 -75.7377 0.856153
0.879565 -75.7235 0.856303
0.879715 -75.7092 0.856453
0.879865  -75.695 0.856453
0.880015 -75.6807 0.856603
0.880165 -75.6665 0.856753
0.880315 -75.6523 0.856753
0.880465 -75.6381 0.856903
0.880615 -75.6239 0.857054
0.880765 -75.6097 0.857204
0.880915 -75.5955 0.857204
0.881066 -75.5813 0.857354
0.881216 -75.5672 0.857504
0.881366  -75.553 0.857654
0.881516 -75.5389 0.857654
0.881666 -75.5247 0.857804
0.881816 -75.5106 0.857954
0.881966 -75.4965 0.858104
0.882116 -75.4824 0.858104
0.882266 -75.4683 0.858254
0.882416 -75.4543 0.858404
0.882566 -75.4402 0.858404
0.882716 -75.4261 0.858554
0.882866 -75.4121 0.858704
0.883017  -75.398 0.858854
0.883167  -75.384 0.858854
0.883317   -75.37 0.859005
0.883467  -75.356 0.859155
0.883617  -75.342 0.859305
0.883767  -75.328 0.859305
0.883917  -75.314 0.859455
0.884067    -75.3 0.859605
0.884217 -75.2861 0.859605
0.884367 -75.2721 0.859755
0.884517 -75.2582 0.859905
0.884667 -75.2442 0.860055
0.884817 -75.2303 0.860055
0.884967 -75.2164 0.860205
0.885118 -75.2025 0.860355
0.885268 -75.1886 0.860505
0.885418 -75.1747 0.860505
0.885568 -75.1609 0.860655
0.885718  -75.147 0.860805
0.885868 -75.1331 0.860955
0.886018 -75.1193 0.860955
0.886168 -75.1055 0.861106
0.886318 -75.0916 0.861256
0.886468 -75.0778 0.861256
0.886618  -75.064 0.861406
0.886768 -75.0502 0.861556
0.886918 -75.0364 0.861706
0.887069 -75.0227 0.861706
0.887219 -75.0089 0.861856
0.887369 -74.9951 0.862006
0.887519 -74.9814 0.862156
0.887669 -74.9676 0.862156
0.887819 -74.9539 0.862306
0.887969 -74.9402 0.862456
0.888119 -74.9265 0.862606
0.888269 -74.9128 0.862606
0.888419 -74.8991 0.862756
0.888569 -74.8854 0.862906
0.888719 -74.8717 0.863057
0.888869  -74.858 0.863057
 0.88902 -74.8444 0.863207
 0.88917 -74.8307 0.863357
 0.88932 -74.8171 0.863507
 0.88947 -74.8034 0.863507
 0.88962 -74.7898 0.863657
 0.88977 -74.7762 0.863807
 0.88992 -74.7626 0.863957
 0.89007  -74.749 0.863957
 0.89022 -74.7354 0.864107
 0.89037 -74.7219 0.864257
 0.89052 -74.7083 0.864407
 0.89067 -74.6947 0.864407
 0.89082 -74.6812 0.864557
 0.89097 -74.6676 0.864707
0.891121 -74.6541 0.864857
0.891271 -74.6406 0.864857
0.891421 -74.6271 0.865008
0.891571 -74.6136 0.865158
0.891721 -74.6001 0.865308
0.891871 -74.5866 0.865308
0.892021 -74.5731 0.865458
0.892171 -74.5596 0.865608
0.892321 -74.5462 0.865758
0.892471 -74.5327 0.865758
0.892621 -74.5193 0.865908
0.892771 -74.5059 0.866058
0.892921 -74.4924 0.866208
0.893072  -74.479 0.866208
0.893222 -74.4656 0.866358
0.893372 -74.4522 0.866508
0.893522 -74.4388 0.866658
0.893672 -74.4254 0.866658
0.893822 -74.4121 0.866808
0.893972 -74.3987 0.866958
0.894122 -74.3854 0.867109
0.894272  -74.372 0.867109
0.894422 -74.3587 0.867259
0.894572 -74.3454 0.867409
0.894722  -74.332 0.867559
0.894872 -74.3187 0.867559
0.895023 -74.3054 0.867709
0.895173 -74.2921 0.867859
0.895323 -74.2789 0.868009
0.895473 -74.2656 0.868009
0.895623 -74.2523 0.868159
0.895773 -74.2391 0.868309
0.895923 -74.2258 0.868459
0.896073 -74.2126 0.868459
0.896223 -74.1993 0.868609
0.896373 -74.1861 0.868759
0.896523 -74.1729 0.868909
0.896673 -74.1597 0.868909
0.896823 -74.1465  0.86906
0.896973 -74.1333  0.86921
0.897124 -74.1201  0.86936
0.897274  -74.107  0.86936
0.897424 -74.0938  0.86951
0.897574 -74.0806  0.86966
0.897724 -74.0675  0.86981
0.897874 -74.0544  0.86981
0.898024 -74.0412  0.86996
0.898174 -74.0281  0.87011
0.898324  -74.015  0.87026
0.898474 -74.0019  0.87026
0.898624 -73.9888  0.87041
0.898774 -73.9757  0.87056
0.898924 -73.9626  0.87071
0.899075 -73.9496  0.87086
0.899225 -73.9365  0.87086
0.899375 -73.9235 0.871011
0.899525 -73.9104 0.871161
0.899675 -73.8974 0.871311
0.899825 -73.8843 0.871461
0.899975 -73.8713 0.871611
0.900125 -73.8583 0.871611
0.900275 -73.8452 0.871761
0.900425 -73.8322 0.871911
0.900575 -73.8192 0.872061
0.900725 -73.8062 0.872211
0.900875 -73.7932 0.872361
0.901026 -73.7802 0.872511
0.901176 -73.7672 0.872511
0.901326 -73.7543 0.872661
0.901476 -73.7413 0.872811
0.901626 -73.7283 0.872961
0.901776 -73.7154 0.873112
0.901926 -73.7024 0.873262
0.902076 -73.6895 0.873262
0.902226 -73.6765 0.873412
0.902376 -73.6636 0.873562
0.902526 -73.6507 0.873712
0.902676 -73.6378 0.873862
0.902826 -73.6248 0.874012
0.902976 -73.6119 0.874162
0.903127  -73.599 0.874162
0.903277 -73.5861 0.874312
0.903427 -73.5732 0.874462
0.903577 -73.5603 0.874612
0.903727 -73.5475 0.874762
0.903877 -73.5346 0.874912
0.904027 -73.5217 0.875063
0.904177 -73.5089 0.875213
0.904327  -73.496 0.875213
0.904477 -73.4832 0.875363
0.904627 -73.4703 0.875513
0.904777 -73.4575 0.875663
0.904927 -73.4446 0.875813
0.905078 -73.4318 0.875963
0.905228  -73.419 0.876113
0.905378 -73.4062 0.876113
0.905528 -73.3934 0.876263
0.905678 -73.3806 0.876413
0.905828 -73.3678 0.876563
0.905978  -73.355 0.876713
0.906128 -73.3422 0.876863
0.906278 -73.3294 0.877014
0.906428 -73.3166 0.877014
0.906578 -73.3038 0.877164
0.906728 -73.2911 0.877314
0.906878 -73.2783 0.877464
0.907029 -73.2656 0.877614
0.907179 -73.2528 0.877764
0.907329 -73.2401 0.877914
0.907479 -73.2274 0.877914
0.907629 -73.2146 0.878064
0.907779 -73.2019 0.878214
0.907929 -73.1892 0.878364
0.908079 -73.1765 0.878514
0.908229 -73.1638 0.878664
0.908379 -73.1511 0.878814
0.908529 -73.1384 0.878814
0.908679 -73.1257 0.878964
0.908829  -73.113 0.879115
0.908979 -73.1003 0.879265
 0.90913 -73.0876 0.879415
 0.90928  -73.075 0.879565
 0.90943 -73.0623 0.879715
 0.90958 -73.0497 0.879865
 0.90973  -73.037 0.879865
 0.90988 -73.0244 0.880015
 0.91003 -73.0117 0.880165
 0.91018 -72.9991 0.880315
 0.91033 -72.9865 0.880465
 0.91048 -72.9738 0.880615
 0.91063 -72.9612 0.880765
 0.91078 -72.9486 0.880915
 0.91093  -72.936 0.880915
0.911081 -72.9234 0.881066
0.911231 -72.9108 0.881216
0.911381 -72.8982 0.881366
0.911531 -72.8856 0.881516
0.911681  -72.873 0.881666
0.911831 -72.8605 0.881816
0.911981 -72.8479 0.881966
0.912131 -72.8353 0.881966
0.912281 -72.8228 0.882116
0.912431 -72.8102 0.882266
0.912581 -72.7977 0.882416
0.912731 -72.7851 0.882566
0.912881 -72.7726 0.882716
0.913032 -72.7601 0.882866
0.913182 -72.7475 0.883017
0.913332  -72.735 0.883017
0.913482 -72.7225 0.883167
0.913632   -72.71 0.883317
0.913782 -72.6975 0.883467
0.913932  -72.685 0.883617
0.914082 -72.6725 0.883767
0.914232   -72.66 0.883917
0.914382 -72.6475 0.884067
0.914532  -72.635 0.884067
0.914682 -72.6225 0.884217
0.914832 -72.6101 0.884367
0.914982 -72.5976 0.884517
0.915133 -72.5851 0.884667
0.915283 -72.5727 0.884817
0.915433 -72.5602 0.884967
0.915583 -72.5478 0.885118
0.915733 -72.5354 0.885268
0.915883 -72.5229 0.885268
0.916033 -72.5105 0.885418
0.916183 -72.4981 0.885568
0.916333 -72.4856 0.885718
0.916483 -72.4732 0.885868
0.916633 -72.4608 0.886018
0.916783 -72.4484 0.886168
0.916933  -72.436 0.886318
0.917084 -72.4236 0.886318
0.917234 -72.4112 0.886468
0.917384 -72.3989 0.886618
0.917534 -72.3865 0.886768
0.917684 -72.3741 0.886918
0.917834 -72.3617 0.887069
0.917984 -72.3494 0.887219
0.918134  -72.337 0.887369
0.918284 -72.3247 0.887519
0.918434 -72.3123 0.887519
0.918584    -72.3 0.887669
0.918734 -72.2876 0.887819
0.918884 -72.2753 0.887969
0.919035  -72.263 0.888119
0.919185 -72.2506 0.888269
0.919335 -72.2383 0.888419
0.919485  -72.226 0.888569
0.919635 -72.2137 0.888569
0.919785 -72.2014 0.888719
0.919935 -72.1891 0.888869
0.920085 -72.1768  0.88902
0.920235 -72.1645  0.88917
0.920385 -72.1522  0.88932
0.920535   -72.14  0.88947
0.920685 -72.1277  0.88962
0.920835 -72.1154  0.88977
0.920985 -72.1032  0.88977
0.921136 -72.0909  0.88992
0.921286 -72.0786  0.89007
0.921436 -72.0664  0.89022
0.921586 -72.0542  0.89037
0.921736 -72.0419  0.89052
0.921886 -72.0297  0.89067
0.922036 -72.0175  0.89082
0.922186 -72.0052  0.89097
0.922336  -71.993  0.89097
0.922486 -71.9808 0.891121
0.922636 -71.9686 0.891271
0.922786 -71.9564 0.891421
0.922936 -71.9442 0.891571
0.923087  -71.932 0.891721
0.923237 -71.9198 0.891871
0.923387 -71.9076 0.892021
0.923537 -71.8954 0.892171
0.923687 -71.8833 0.892171
0.923837 -71.8711 0.892321
0.923987 -71.8589 0.892471
0.924137 -71.8468 0.892621
0.924287 -71.8346 0.892771
0.924437 -71.8225 0.892921
0.924587 -71.8103 0.893072
0.924737 -71.7982 0.893222
0.924887  -71.786 0.893372
0.925038 -71.7739 0.893372
0.925188 -71.7618 0.893522
0.925338 -71.7496 0.893672
0.925488 -71.7375 0.893822
0.925638 -71.7254 0.893972
0.925788 -71.7133 0.894122
0.925938 -71.7012 0.894272
0.926088 -71.6891 0.894422
0.926238  -71.677 0.894572
0.926388 -71.6649 0.894572
0.926538 -71.6528 0.894722
0.926688 -71.6408 0.894872
0.926838 -71.6287 0.895023
0.926988 -71.6166 0.895173
0.927139 -71.6045 0.895323
0.927289 -71.5925 0.895473
0.927439 -71.5804 0.895623
0.927589 -71.5684 0.895773
0.927739 -71.5563 0.895773
0.927889 -71.5443 0.895923
0.928039 -71.5323 0.896073
0.928189 -71.5202 0.896223
0.928339 -71.5082 0.896373
0.928489 -71.4962 0.896523
0.928639 -71.4841 0.896673
0.928789 -71.4721 0.896823
0.928939 -71.4601 0.896973
 0.92909 -71.4481 0.897124
 0.92924 -71.4361 0.897124
 0.92939 -71.4241 0.897274
 0.92954 -71.4121 0.897424
 0.92969 -71.4001 0.897574
 0.92984 -71.3882 0.897724
 0.92999 -71.3762 0.897874
 0.93014 -71.3642 0.898024
 0.93029 -71.3522 0.898174
 0.93044 -71.3403 0.898324
 0.93059 -71.3283 0.898324
 0.93074 -71.3164 0.898474
 0.93089 -71.3044 0.898624
0.931041 -71.2925 0.898774
0.931191 -71.2805 0.898924
0.931341 -71.2686 0.899075
0.931491 -71.2567 0.899225
0.931641 -71.2447 0.899375
0.931791 -71.2328 0.899525
0.931941 -71.2209 0.899675
0.932091  -71.209 0.899675
0.932241 -71.1971 0.899825
0.932391 -71.1852 0.899975
0.932541 -71.1733 0.900125
0.932691 -71.1614 0.900275
0.932841 -71.1495 0.900425
0.932991 -71.1376 0.900575
0.933142 -71.1257 0.900725
0.933292 -71.1138 0.900875
0.933442  -71.102 0.901026
0.933592 -71.0901 0.901176
0.933742 -71.0782 0.901176
0.933892 -71.0663 0.901326
0.934042 -71.0545 0.901476
0.934192 -71.0426 0.901626
0.934342 -71.0308 0.901776
0.934492 -71.0189 0.901926
0.934642 -71.0071 0.902076
0.934792 -70.9953 0.902226
0.934942 -70.9834 0.902376
0.935093 -70.9716 0.902526
0.935243 -70.9598 0.902676
0.935393 -70.9479 0.902826
0.935543 -70.9361 0.902826
0.935693 -70.9243 0.902976
0.935843 -70.9125 0.903127
0.935993 -70.9007 0.903277
0.936143 -70.8889 0.903427
0.936293 -70.8771 0.903577
0.936443 -70.8653 0.903727
0.936593 -70.8535 0.903877
0.936743 -70.8417 0.904027
0.936893   -70.83 0.904177
0.937044 -70.8182 0.904327
0.937194 -70.8064 0.904327
0.937344 -70.7946 0.904477
0.937494 -70.7829 0.904627
0.937644 -70.7711 0.904777
0.937794 -70.7594 0.904927
0.937944 -70.7476 0.905078
0.938094 -70.7359 0.905228
0.938244 -70.7241 0.905378
0.938394 -70.7124 0.905528
0.938544 -70.7006 0.905678
0.938694 -70.6889 0.905828
0.938844 -70.6772 0.905978
0.938994 -70.6655 0.905978
0.939145 -70.6537 0.906128
0.939295  -70.642 0.906278
0.939445 -70.6303 0.906428
0.939595 -70.6186 0.906578
0.939745 -70.6069 0.906728
0.939895 -70.5952 0.906878
0.940045 -70.5835 0.907029
0.940195 -70.5718 0.907179
0.940345 -70.5601 0.907329
0.940495 -70.5485 0.907479
0.940645 -70.5368 0.907479
0.940795 -70.5251 0.907629
0.940945 -70.5134 0.907779
0.941096 -70.5018 0.907929
0.941246 -70.4901 0.908079
0.941396 -70.4785 0.908229
0.941546 -70.4668 0.908379
0.941696 -70.4552 0.908529
0.941846 -70.4435 0.908679
0.941996 -70.4319 0.908829
0.942146 -70.4202 0.908979
0.942296 -70.4086  0.90913
0.942446  -70.397  0.90913
0.942596 -70.3853  0.90928
0.942746 -70.3737  0.90943
0.942896 -70.3621  0.90958
0.943047 -70.3505  0.90973
0.943197 -70.3389  0.90988
0.943347 -70.3273  0.91003
0.943497 -70.3157  0.91018
0.943647 -70.3041  0.91033
0.943797 -70.2925  0.91048
0.943947 -70.2809  0.91063
0.944097 -70.2693  0.91078
0.944247 -70.2577  0.91078
0.944397 -70.2461  0.91093
0.944547 -70.2346 0.911081
0.944697  -70.223 0.911231
0.944847 -70.2114 0.911381
0.944997 -70.1999 0.911531
0.945148 -70.1883 0.911681
0.945298 -70.1767 0.911831
0.945448 -70.1652 0.911981
0.945598 -70.1536 0.912131
0.945748 -70.1421 0.912281
0.945898 -70.1306 0.912431
0.946048  -70.119 0.912581
0.946198 -70.1075 0.912581
0.946348  -70.096 0.912731
0.946498 -70.0844 0.912881
0.946648 -70.0729 0.913032
0.946798 -70.0614 0.913182
0.946948 -70.0499 0.913332
0.947099 -70.0384 0.913482
0.947249 -70.0269 0.913632
0.947399 -70.0154 0.913782
0.947549 -70.0039 0.913932
0.947699 -69.9924 0.914082
0.947849 -69.9809 0.914232
0.947999 -69.9694 0.914232
0.948149 -69.9579 0.914382
0.948299 -69.9464 0.914532
0.948449  -69.935 0.914682
0.948599 -69.9235 0.914832
0.948749  -69.912 0.914982
0.948899 -69.9006 0.915133
 0.94905 -69.8891 0.915283
  0.9492 -69.8776 0.915433
 0.94935 -69.8662 0.915583
  0.9495 -69.8547 0.915733
 0.94965 -69.8433 0.915883
  0.9498 -69.8319 0.916033
 0.94995 -69.8204 0.916033
  0.9501  -69.809 0.916183
 0.95025 -69.7976 0.916333
  0.9504 -69.7861 0.916483
 0.95055 -69.7747 0.916633
  0.9507 -69.7633 0.916783
 0.95085 -69.7519 0.916933
0.951001 -69.7405 0.917084
0.951151 -69.7291 0.917234
0.951301 -69.7177 0.917384
0.951451 -69.7063 0.917534
0.951601 -69.6949 0.917684
0.951751 -69.6835 0.917834
0.951901 -69.6721 0.917834
0.952051 -69.6607 0.917984
0.952201 -69.6493 0.918134
0.952351 -69.6379 0.918284
0.952501 -69.6266 0.918434
0.952651 -69.6152 0.918584
0.952801 -69.6038 0.918734
0.952951 -69.5925 0.918884
0.953102 -69.5811 0.919035
0.953252 -69.5697 0.919185
0.953402 -69.5584 0.919335
0.953552 -69.5471 0.919485
0.953702 -69.5357 0.919635
0.953852 -69.5244 0.919635
0.954002  -69.513 0.919785
0.954152 -69.5017 0.919935
0.954302 -69.4904 0.920085
0.954452  -69.479 0.920235
0.954602 -69.4677 0.920385
0.954752 -69.4564 0.920535
0.954902 -69.4451 0.920685
0.955053 -69.4338 0.920835
0.955203 -69.4225 0.920985
0.955353 -69.4112 0.921136
0.955503 -69.3999 0.921286
0.955653 -69.3886 0.921436
0.955803 -69.3773 0.921436
0.955953  -69.366 0.921586
0.956103 -69.3547 0.921736
0.956253 -69.3434 0.921886
0.956403 -69.3321 0.922036
0.956553 -69.3209 0.922186
0.956703 -69.3096 0.922336
0.956853 -69.2983 0.922486
0.957004 -69.2871 0.922636
0.957154 -69.2758 0.922786
0.957304 -69.2645 0.922936
0.957454 -69.2533 0.923087
0.957604  -69.242 0.923237
0.957754 -69.2308 0.923237
0.957904 -69.2196 0.923387
0.958054 -69.2083 0.923537
0.958204 -69.1971 0.923687
0.958354 -69.1859 0.923837
0.958504 -69.1746 0.923987
0.958654 -69.1634 0.924137
0.958804 -69.1522 0.924287
0.958954  -69.141 0.924437
0.959105 -69.1298 0.924587
0.959255 -69.1185 0.924737
0.959405 -69.1073 0.924887
0.959555 -69.0961 0.925038
0.959705 -69.0849 0.925188
0.959855 -69.0737 0.925188
0.960005 -69.0626 0.925338
0.960155 -69.0514 0.925488
0.960305 -69.0402 0.925638
0.960455  -69.029 0.925788
0.960605 -69.0178 0.925938
0.960755 -69.0067 0.926088
0.960905 -68.9955 0.926238
0.961056 -68.9843 0.926388
0.961206 -68.9732 0.926538
0.961356  -68.962 0.926688
0.961506 -68.9508 0.926838
0.961656 -68.9397 0.926988
0.961806 -68.9285 0.927139
0.961956 -68.9174 0.927139
0.962106 -68.9063 0.927289
0.962256 -68.8951 0.927439
0.962406  -68.884 0.927589
0.962556 -68.8728 0.927739
0.962706 -68.8617 0.927889
0.962856 -68.8506 0.928039
0.963007 -68.8395 0.928189
0.963157 -68.8284 0.928339
0.963307 -68.8172 0.928489
0.963457 -68.8061 0.928639
0.963607  -68.795 0.928789
0.963757 -68.7839 0.928939
0.963907 -68.7728 0.928939
0.964057 -68.7617  0.92909
0.964207 -68.7506  0.92924
0.964357 -68.7395  0.92939
0.964507 -68.7285  0.92954
0.964657 -68.7174  0.92969
0.964807 -68.7063  0.92984
0.964957 -68.6952  0.92999
0.965108 -68.6842  0.93014
0.965258 -68.6731  0.93029
0.965408  -68.662  0.93044
0.965558  -68.651  0.93059
0.965708 -68.6399  0.93074
0.965858 -68.6288  0.93089
0.966008 -68.6178  0.93089
0.966158 -68.6068 0.931041
0.966308 -68.5957 0.931191
0.966458 -68.5847 0.931341
0.966608 -68.5736 0.931491
0.966758 -68.5626 0.931641
0.966908 -68.5516 0.931791
0.967059 -68.5405 0.931941
0.967209 -68.5295 0.932091
0.967359 -68.5185 0.932241
0.967509 -68.5075 0.932391
0.967659 -68.4965 0.932541
0.967809 -68.4855 0.932691
0.967959 -68.4745 0.932841
0.968109 -68.4635 0.932991
0.968259 -68.4525 0.932991
0.968409 -68.4415 0.933142
0.968559 -68.4305 0.933292
0.968709 -68.4195 0.933442
0.968859 -68.4085 0.933592
 0.96901 -68.3975 0.933742
 0.96916 -68.3865 0.933892
 0.96931 -68.3755 0.934042
 0.96946 -68.3646 0.934192
 0.96961 -68.3536 0.934342
 0.96976 -68.3426 0.934492
 0.96991 -68.3317 0.934642
 0.97006 -68.3207 0.934792
 0.97021 -68.3098 0.934942
 0.97036 -68.2988 0.934942
 0.97051 -68.2879 0.935093
 0.97066 -68.2769 0.935243
 0.97081  -68.266 0.935393
 0.97096  -68.255 0.935543
0.971111 -68.2441 0.935693
0.971261 -68.2332 0.935843
0.971411 -68.2222 0.935993
0.971561 -68.2113 0.936143
0.971711 -68.2004 0.936293
0.971861 -68.1895 0.936443
0.972011 -68.1786 0.936593
0.972161 -68.1676 0.936743
0.972311 -68.1567 0.936893
0.972461 -68.1458 0.937044
0.972611 -68.1349 0.937044
0.972761  -68.124 0.937194
0.972911 -68.1131 0.937344
0.973062 -68.1022 0.937494
0.973212 -68.0914 0.937644
0.973362 -68.0805 0.937794
0.973512 -68.0696 0.937944
0.973662 -68.0587 0.938094
0.973812 -68.0478 0.938244
0.973962  -68.037 0.938394
0.974112 -68.0261 0.938544
0.974262 -68.0152 0.938694
0.974412 -68.0044 0.938844
0.974562 -67.9935 0.938994
0.974712 -67.9827 0.939145
0.974862 -67.9718 0.939145
0.975013  -67.961 0.939295
0.975163 -67.9501 0.939445
0.975313 -67.9393 0.939595
0.975463 -67.9284 0.939745
0.975613 -67.9176 0.939895
0.975763 -67.9068 0.940045
0.975913 -67.8959 0.940195
0.976063 -67.8851 0.940345
0.976213 -67.8743 0.940495
0.976363 -67.8635 0.940645
0.976513 -67.8526 0.940795
0.976663 -67.8418 0.940945
0.976813  -67.831 0.941096
0.976963 -67.8202 0.941246
0.977114 -67.8094 0.941246
0.977264 -67.7986 0.941396
0.977414 -67.7878 0.941546
0.977564  -67.777 0.941696
0.977714 -67.7662 0.941846
0.977864 -67.7554 0.941996
0.978014 -67.7447 0.942146
0.978164 -67.7339 0.942296
0.978314 -67.7231 0.942446
0.978464 -67.7123 0.942596
0.978614 -67.7016 0.942746
0.978764 -67.6908 0.942896
0.978914   -67.68 0.943047
0.979065 -67.6693 0.943197
0.979215 -67.6585 0.943347
0.979365 -67.6478 0.943347
0.979515  -67.637 0.943497
0.979665 -67.6263 0.943647
0.979815 -67.6155 0.943797
0.979965 -67.6048 0.943947
0.980115  -67.594 0.944097
0.980265 -67.5833 0.944247
0.980415 -67.5726 0.944397
0.980565 -67.5618 0.944547
0.980715 -67.5511 0.944697
0.980865 -67.5404 0.944847
0.981016 -67.5297 0.944997
0.981166  -67.519 0.945148
0.981316 -67.5082 0.945298
0.981466 -67.4975 0.945448
0.981616 -67.4868 0.945448
0.981766 -67.4761 0.945598
0.981916 -67.4654 0.945748
0.982066 -67.4547 0.945898
0.982216  -67.444 0.946048
0.982366 -67.4333 0.946198
0.982516 -67.4227 0.946348
0.982666  -67.412 0.946498
0.982816 -67.4013 0.946648
0.982966 -67.3906 0.946798
0.983117 -67.3799 0.946948
0.983267 -67.3693 0.947099
0.983417 -67.3586 0.947249
0.983567 -67.3479 0.947399
0.983717 -67.3373 0.947549
0.983867 -67.3266 0.947549
0.984017  -67.316 0.947699
0.984167 -67.3053 0.947849
0.984317 -67.2947 0.947999
0.984467  -67.284 0.948149
0.984617 -67.2734 0.948299
0.984767 -67.2627 0.948449
0.984917 -67.2521 0.948599
0.985068 -67.2415 0.948749
0.985218 -67.2308 0.948899
0.985368 -67.2202  0.94905
0.985518 -67.2096   0.9492
0.985668  -67.199  0.94935
0.985818 -67.1884   0.9495
0.985968 -67.1777  0.94965
0.986118 -67.1671   0.9498
0.986268 -67.1565   0.9498
0.986418 -67.1459  0.94995
0.986568 -67.1353   0.9501
0.986718 -67.1247  0.95025
0.986868 -67.1141   0.9504
0.987019 -67.1035  0.95055
0.987169 -67.0929   0.9507
0.987319 -67.0824  0.95085
0.987469 -67.0718 0.951001
0.987619 -67.0612 0.951151
0.987769 -67.0506 0.951301
0.987919   -67.04 0.951451
0.988069 -67.0295 0.951601
0.988219 -67.0189 0.951751
0.988369 -67.0083 0.951901
0.988519 -66.9978 0.952051
0.988669 -66.9872 0.952051
0.988819 -66.9767 0.952201
0.988969 -66.9661 0.952351
 0.98912 -66.9556 0.952501
 0.98927  -66.945 0.952651
 0.98942 -66.9345 0.952801
 0.98957 -66.9239 0.952951
 0.98972 -66.9134 0.953102
 0.98987 -66.9029 0.953252
 0.99002 -66.8923 0.953402
 0.99017 -66.8818 0.953552
 0.99032 -66.8713 0.953702
 0.99047 -66.8608 0.953852
 0.99062 -66.8502 0.954002
 0.99077 -66.8397 0.954152
 0.99092 -66.8292 0.954152
0.991071 -66.8187 0.954302
0.991221 -66.8082 0.954452
0.991371 -66.7977 0.954602
0.991521 -66.7872 0.954752
0.991671 -66.7767 0.954902
0.991821 -66.7662 0.955053
0.991971 -66.7557 0.955203
0.992121 -66.7452 0.955353
0.992271 -66.7348 0.955503
0.992421 -66.7243 0.955653
0.992571 -66.7138 0.955803
0.992721 -66.7033 0.955953
0.992871 -66.6928 0.956103
0.993022 -66.6824 0.956253
0.993172 -66.6719 0.956403
0.993322 -66.6615 0.956403
0.993472  -66.651 0.956553
0.993622 -66.6405 0.956703
0.993772 -66.6301 0.956853
0.993922 -66.6196 0.957004
0.994072 -66.6092 0.957154
0.994222 -66.5987 0.957304
0.994372 -66.5883 0.957454
0.994522 -66.5779 0.957604
0.994672 -66.5674 0.957754
0.994822  -66.557 0.957904
0.994972 -66.5466 0.958054
0.995123 -66.5361 0.958204
0.995273 -66.5257 0.958354
0.995423 -66.5153 0.958504
0.995573 -66.5049 0.958654
0.995723 -66.4945 0.958654
0.995873 -66.4841 0.958804
0.996023 -66.4737 0.958954
0.996173 -66.4632 0.959105
0.996323 -66.4528 0.959255
0.996473 -66.4424 0.959405
0.996623  -66.432 0.959555
0.996773 -66.4217 0.959705
0.996923 -66.4113 0.959855
0.997074 -66.4009 0.960005
0.997224 -66.3905 0.960155
0.997374 -66.3801 0.960305
0.997524 -66.3697 0.960455
0.997674 -66.3594 0.960605
0.997824  -66.349 0.960755
0.997974 -66.3386 0.960755
0.998124 -66.3283 0.960905
0.998274 -66.3179 0.961056
0.998424 -66.3075 0.961206
0.998574 -66.2972 0.961356
0.998724 -66.2868 0.961506
0.998874 -66.2765 0.961656
0.999025 -66.2661 0.961806
0.999175 -66.2558 0.961956
0.999325 -66.2454 0.962106
0.999475 -66.2351 0.962256
0.999625 -66.2248 0.962406
0.999775 -66.2144 0.962556
0.999925 -66.2041 0.962706
 1.00008 -66.1938 0.962856
 1.00023 -66.1835 0.963007
 1.00038 -66.1731 0.963007
 1.00053 -66.1628 0.963157
 1.00068 -66.1525 0.963307
 1.00083 -66.1422 0.963457
 1.00098 -66.1319 0.963607
 1.00113 -66.1216 0.963757
 1.00128 -66.1113 0.963907
 1.00143  -66.101 0.964057
 1.00158 -66.0907 0.964207
 1.00173 -66.0804 0.964357
 1.00188 -66.0701 0.964507
 1.00203 -66.0598 0.964657
 1.00218 -66.0495 0.964807
 1.00233 -66.0392 0.964957
 1.00248  -66.029 0.965108
 1.00263 -66.0187 0.965258
 1.00278 -66.0084 0.965408
 1.00293 -65.9981 0.965408
 1.00308 -65.9879 0.965558
 1.00323 -65.9776 0.965708
 1.00338 -65.9673 0.965858
 1.00353 -65.9571 0.966008
 1.00368 -65.9468 0.966158
 1.00383 -65.9366 0.966308
 1.00398 -65.9263 0.966458
 1.00413 -65.9161 0.966608
 1.00428 -65.9058 0.966758
 1.00443 -65.8956 0.966908
 1.00458 -65.8854 0.967059
 1.00473 -65.8751 0.967209
 1.00488 -65.8649 0.967359
 1.00503 -65.8547 0.967509
 1.00518 -65.8444 0.967659
 1.00533 -65.8342 0.967659
 1.00548  -65.824 0.967809
 1.00563 -65.8138 0.967959
 1.00578 -65.8036 0.968109
 1.00593 -65.7934 0.968259
 1.00608 -65.7831 0.968409
 1.00623 -65.7729 0.968559
 1.00638 -65.7627 0.968709
 1.00653 -65.7525 0.968859
 1.00668 -65.7423  0.96901
 1.00683 -65.7321  0.96916
 1.00698  -65.722  0.96931
 1.00713 -65.7118  0.96946
 1.00728 -65.7016  0.96961
 1.00743 -65.6914  0.96976
 1.00758 -65.6812  0.96991
 1.00773  -65.671  0.96991
 1.00788 -65.6609  0.97006
 1.00803 -65.6507  0.97021
 1.00818 -65.6405  0.97036
 1.00833 -65.6304  0.97051
 1.00848 -65.6202  0.97066
 1.00863   -65.61  0.97081
 1.00878 -65.5999  0.97096
 1.00893 -65.5897 0.971111
 1.00908 -65.5796 0.971261
 1.00923 -65.5694 0.971411
 1.00938 -65.5593 0.971561
 1.00953 -65.5491 0.971711
 1.00968  -65.539 0.971861
 1.00983 -65.5289 0.972011
 1.00998 -65.5187 0.972161
 1.01013 -65.5086 0.972161
 1.01028 -65.4985 0.972311
 1.01043 -65.4884 0.972461
 1.01058 -65.4782 0.972611
 1.01073 -65.4681 0.972761
 1.01088  -65.458 0.972911
 1.01103 -65.4479 0.973062
 1.01118 -65.4378 0.973212
 1.01133 -65.4277 0.973362
 1.01148 -65.4176 0.973512
 1.01163 -65.4075 0.973662
 1.01178 -65.3974 0.973812
 1.01193 -65.3873 0.973962
 1.01208 -65.3772 0.974112
 1.01223 -65.3671 0.974262
 1.01238  -65.357 0.974412
 1.01253 -65.3469 0.974562
 1.01268 -65.3368 0.974562
 1.01283 -65.3268 0.974712
 1.01298 -65.3167 0.974862
 1.01313 -65.3066 0.975013
 1.01328 -65.2965 0.975163
 1.01343 -65.2865 0.975313
 1.01358 -65.2764 0.975463
 1.01373 -65.2663 0.975613
 1.01388 -65.2563 0.975763
 1.01403 -65.2462 0.975913
 1.01418 -65.2362 0.976063
 1.01433 -65.2261 0.976213
 1.01448 -65.2161 0.976363
 1.01463  -65.206 0.976513
 1.01478  -65.196 0.976663
 1.01493 -65.1859 0.976813
 1.01508 -65.1759 0.976813
 1.01523 -65.1659 0.976963
 1.01538 -65.1558 0.977114
 1.01553 -65.1458 0.977264
 1.01568 -65.1358 0.977414
 1.01583 -65.1258 0.977564
 1.01598 -65.1158 0.977714
 1.01613 -65.1057 0.977864
 1.01628 -65.0957 0.978014
 1.01643 -65.0857 0.978164
 1.01658 -65.0757 0.978314
 1.01673 -65.0657 0.978464
 1.01688 -65.0557 0.978614
 1.01703 -65.0457 0.978764
 1.01718 -65.0357 0.978914
 1.01733 -65.0257 0.979065
 1.01748 -65.0157 0.979215
 1.01763 -65.0057 0.979215
 1.01778 -64.9957 0.979365
 1.01793 -64.9858 0.979515
 1.01808 -64.9758 0.979665
 1.01823 -64.9658 0.979815
 1.01838 -64.9558 0.979965
 1.01853 -64.9459 0.980115
 1.01868 -64.9359 0.980265
 1.01883 -64.9259 0.980415
 1.01898  -64.916 0.980565
 1.01913  -64.906 0.980715
 1.01928  -64.896 0.980865
 1.01943 -64.8861 0.981016
 1.01958 -64.8761 0.981166
 1.01973 -64.8662 0.981316
 1.01988 -64.8562 0.981466
 1.02004 -64.8463 0.981616
 1.02019 -64.8364 0.981616
 1.02034 -64.8264 0.981766
 1.02049 -64.8165 0.981916
 1.02064 -64.8065 0.982066
 1.02079 -64.7966 0.982216
 1.02094 -64.7867 0.982366
 1.02109 -64.7768 0.982516
 1.02124 -64.7668 0.982666
 1.02139 -64.7569 0.982816
 1.02154  -64.747 0.982966
 1.02169 -64.7371 0.983117
 1.02184 -64.7272 0.983267
 1.02199 -64.7173 0.983417
 1.02214 -64.7074 0.983567
 1.02229 -64.6975 0.983717
 1.02244 -64.6876 0.983867
 1.02259 -64.6777 0.983867
 1.02274 -64.6678 0.984017
 1.02289 -64.6579 0.984167
 1.02304  -64.648 0.984317
 1.02319 -64.6381 0.984467
 1.02334 -64.6282 0.984617
 1.02349 -64.6184 0.984767
 1.02364 -64.6085 0.984917
 1.02379 -64.5986 0.985068
 1.02394 -64.5887 0.985218
 1.02409 -64.5789 0.985368
 1.02424  -64.569 0.985518
 1.02439 -64.5591 0.985668
 1.02454 -64.5493 0.985818
 1.02469 -64.5394 0.985968
 1.02484 -64.5296 0.986118
 1.02499 -64.5197 0.986268
 1.02514 -64.5099 0.986268
 1.02529    -64.5 0.986418
 1.02544 -64.4902 0.986568
 1.02559 -64.4803 0.986718
 1.02574 -64.4705 0.986868
 1.02589 -64.4607 0.987019
 1.02604 -64.4508 0.987169
 1.02619  -64.441 0.987319
 1.02634 -64.4312 0.987469
 1.02649 -64.4213 0.987619
 1.02664 -64.4115 0.987769
 1.02679 -64.4017 0.987919
 1.02694 -64.3919 0.988069
 1.02709 -64.3821 0.988219
 1.02724 -64.3723 0.988369
 1.02739 -64.3625 0.988519
 1.02754 -64.3527 0.988669
 1.02769 -64.3429 0.988669
 1.02784 -64.3331 0.988819
 1.02799 -64.3233 0.988969
 1.02814 -64.3135  0.98912
 1.02829 -64.3037  0.98927
 1.02844 -64.2939  0.98942
 1.02859 -64.2841  0.98957
 1.02874 -64.2743  0.98972
 1.02889 -64.2645  0.98987
 1.02904 -64.2547  0.99002
 1.02919  -64.245  0.99017
 1.02934 -64.2352  0.99032
 1.02949 -64.2254  0.99047
 1.02964 -64.2157  0.99062
 1.02979 -64.2059  0.99077
 1.02994 -64.1961  0.99092
 1.03009 -64.1864  0.99092
 1.03024 -64.1766 0.991071
 1.03039 -64.1669 0.991221
 1.03054 -64.1571 0.991371
 1.03069 -64.1474 0.991521
 1.03084 -64.1376 0.991671
 1.03099 -64.1279 0.991821
 1.03114 -64.1181 0.991971
 1.03129 -64.1084 0.992121
 1.03144 -64.0987 0.992271
 1.03159 -64.0889 0.992421
 1.03174 -64.0792 0.992571
 1.03189 -64.0695 0.992721
 1.03204 -64.0597 0.992871
 1.03219   -64.05 0.993022
 1.03234 -64.0403 0.993172
 1.03249 -64.0306 0.993322
 1.03264 -64.0209 0.993322
 1.03279 -64.0112 0.993472
 1.03294 -64.0015 0.993622
 1.03309 -63.9918 0.993772
 1.03324 -63.9821 0.993922
 1.03339 -63.9724 0.994072
 1.03354 -63.9627 0.994222
 1.03369  -63.953 0.994372
 1.03384 -63.9433 0.994522
 1.03399 -63.9336 0.994672
 1.03414 -63.9239 0.994822
 1.03429 -63.9142 0.994972
 1.03444 -63.9045 0.995123
 1.03459 -63.8948 0.995273
 1.03474 -63.8852 0.995423
 1.03489 -63.8755 0.995573
 1.03504 -63.8658 0.995723
 1.03519 -63.8562 0.995723
 1.03534 -63.8465 0.995873
 1.03549 -63.8368 0.996023
 1.03564 -63.8272 0.996173
 1.03579 -63.8175 0.996323
 1.03594 -63.8079 0.996473
 1.03609 -63.7982 0.996623
 1.03624 -63.7886 0.996773
 1.03639 -63.7789 0.996923
 1.03654 -63.7693 0.997074
 1.03669 -63.7596 0.997224
 1.03684   -63.75 0.997374
 1.03699 -63.7404 0.997524
 1.03714 -63.7307 0.997674
 1.03729 -63.7211 0.997824
 1.03744 -63.7115 0.997974
 1.03759 -63.7018 0.997974
 1.03774 -63.6922 0.998124
 1.03789 -63.6826 0.998274
 1.03804  -63.673 0.998424
 1.03819 -63.6634 0.998574
 1.03834 -63.6537 0.998724
 1.03849 -63.6441 0.998874
 1.03864 -63.6345 0.999025
 1.03879 -63.6249 0.999175
 1.03894 -63.6153 0.999325
 1.03909 -63.6057 0.999475
 1.03924 -63.5961 0.999625
 1.03939 -63.5865 0.999775
 1.03954 -63.5769 0.999925
 1.03969 -63.5674  1.00008
 1.03984 -63.5578  1.00023
 1.03999 -63.5482  1.00038
 1.04015 -63.5386  1.00038
  1.0403  -63.529  1.00053
 1.04045 -63.5195  1.00068
  1.0406 -63.5099  1.00083
 1.04075 -63.5003  1.00098
  1.0409 -63.4907  1.00113
 1.04105 -63.4812  1.00128
  1.0412 -63.4716  1.00143
 1.04135 -63.4621  1.00158
  1.0415 -63.4525  1.00173
 1.04165 -63.4429  1.00188
  1.0418 -63.4334  1.00203
 1.04195 -63.4238  1.00218
  1.0421 -63.4143  1.00233
 1.04225 -63.4048  1.00248
  1.0424 -63.3952  1.00263
 1.04255 -63.3857  1.00278
  1.0427 -63.3761  1.00278
 1.04285 -63.3666  1.00293
   1.043 -63.3571  1.00308
 1.04315 -63.3475  1.00323
  1.0433  -63.338  1.00338
 1.04345 -63.3285  1.00353
  1.0436  -63.319  1.00368
 1.04375 -63.3095  1.00383
  1.0439 -63.2999  1.00398
 1.04405 -63.2904  1.00413
  1.0442 -63.2809  1.00428
 1.04435 -63.2714  1.00443
  1.0445 -63.2619  1.00458
 1.04465 -63.2524  1.00473
  1.0448 -63.2429  1.00488
 1.04495 -63.2334  1.00503
  1.0451 -63.2239  1.00518
 1.04525 -63.2144  1.00518
  1.0454 -63.2049  1.00533
 1.04555 -63.1955  1.00548
  1.0457  -63.186  1.00563
 1.04585 -63.1765  1.00578
   1.046  -63.167  1.00593
 1.04615 -63.1575  1.00608
  1.0463 -63.1481  1.00623
 1.04645 -63.1386  1.00638
  1.0466 -63.1291  1.00653
 1.04675 -63.1197  1.00668
  1.0469 -63.1102  1.00683
 1.04705 -63.1007  1.00698
  1.0472 -63.0913  1.00713
 1.04735 -63.0818  1.00728
  1.0475 -63.0724  1.00743
 1.04765 -63.0629  1.00743
  1.0478 -63.0535  1.00758
 1.04795  -63.044  1.00773
  1.0481 -63.0346  1.00788
 1.04825 -63.0251  1.00803
  1.0484 -63.0157  1.00818
 1.04855 -63.0063  1.00833
  1.0487 -62.9968  1.00848
 1.04885 -62.9874  1.00863
   1.049  -62.978  1.00878
 1.04915 -62.9686  1.00893
  1.0493 -62.9591  1.00908
 1.04945 -62.9497  1.00923
  1.0496 -62.9403  1.00938
 1.04975 -62.9309  1.00953
  1.0499 -62.9215  1.00968
 1.05005 -62.9121  1.00983
  1.0502 -62.9027  1.00983
 1.05035 -62.8933  1.00998
  1.0505 -62.8839  1.01013
 1.05065 -62.8745  1.01028
  1.0508 -62.8651  1.01043
 1.05095 -62.8557  1.01058
  1.0511 -62.8463  1.01073
 1.05125 -62.8369  1.01088
  1.0514 -62.8275  1.01103
 1.05155 -62.8181  1.01118
  1.0517 -62.8087  1.01133
 1.05185 -62.7994  1.01148
   1.052   -62.79  1.01163
 1.05215 -62.7806  1.01178
  1.0523 -62.7712  1.01193
 1.05245 -62.7619  1.01208
  1.0526 -62.7525  1.01208
 1.05275 -62.7432  1.01223
  1.0529 -62.7338  1.01238
 1.05305 -62.7244  1.01253
  1.0532 -62.7151  1.01268
 1.05335 -62.7057  1.01283
  1.0535 -62.6964  1.01298
 1.05365  -62.687  1.01313
  1.0538 -62.6777  1.01328
 1.05395 -62.6683  1.01343
  1.0541  -62.659  1.01358
 1.05425 -62.6497  1.01373
  1.0544 -62.6403  1.01388
 1.05455  -62.631  1.01403
  1.0547 -62.6217  1.01418
 1.05485 -62.6123  1.01433
   1.055  -62.603  1.01448
 1.05515 -62.5937  1.01448
  1.0553 -62.5844  1.01463
 1.05545 -62.5751  1.01478
  1.0556 -62.5657  1.01493
 1.05575 -62.5564  1.01508
  1.0559 -62.5471  1.01523
 1.05605 -62.5378  1.01538
  1.0562 -62.5285  1.01553
 1.05635 -62.5192  1.01568
  1.0565 -62.5099  1.01583
 1.05665 -62.5006  1.01598
  1.0568 -62.4913  1.01613
 1.05695  -62.482  1.01628
  1.0571 -62.4727  1.01643
 1.05725 -62.4634  1.01658
  1.0574 -62.4542  1.01673
 1.05755 -62.4449  1.01688
  1.0577 -62.4356  1.01688
 1.05785 -62.4263  1.01703
   1.058 -62.4171  1.01718
 1.05815 -62.4078  1.01733
  1.0583 -62.3985  1.01748
 1.05845 -62.3892  1.01763
  1.0586   -62.38  1.01778
 1.05875 -62.3707  1.01793
  1.0589 -62.3615  1.01808
 1.05905 -62.3522  1.01823
  1.0592  -62.343  1.01838
 1.05935 -62.3337  1.01853
  1.0595 -62.3245  1.01868
 1.05965 -62.3152  1.01883
  1.0598  -62.306  1.01898
 1.05995 -62.2967  1.01913
 1.06011 -62.2875  1.01913
 1.06026 -62.2782  1.01928
 1.06041  -62.269  1.01943
 1.06056 -62.2598  1.01958
 1.06071 -62.2505  1.01973
 1.06086 -62.2413  1.01988
 1.06101 -62.2321  1.02004
 1.06116 -62.2229  1.02019
 1.06131 -62.2137  1.02034
 1.06146 -62.2044  1.02049
 1.06161 -62.1952  1.02064
 1.06176  -62.186  1.02079
 1.06191 -62.1768  1.02094
 1.06206 -62.1676  1.02109
 1.06221 -62.1584  1.02124
 1.06236 -62.1492  1.02139
 1.06251   -62.14  1.02154
 1.06266 -62.1308  1.02154
 1.06281 -62.1216  1.02169
 1.06296 -62.1124  1.02184
 1.06311 -62.1032  1.02199
 1.06326  -62.094  1.02214
 1.06341 -62.0849  1.02229
 1.06356 -62.0757  1.02244
 1.06371 -62.0665  1.02259
 1.06386 -62.0573  1.02274
 1.06401 -62.0481  1.02289
 1.06416  -62.039  1.02304
 1.06431 -62.0298  1.02319
 1.06446 -62.0206  1.02334
 1.06461 -62.0115  1.02349
 1.06476 -62.0023  1.02364
 1.06491 -61.9932  1.02379
 1.06506  -61.984  1.02379
 1.06521 -61.9748  1.02394
 1.06536 -61.9657  1.02409
 1.06551 -61.9565  1.02424
 1.06566 -61.9474  1.02439
 1.06581 -61.9383  1.02454
 1.06596 -61.9291  1.02469
 1.06611   -61.92  1.02484
 1.06626 -61.9108  1.02499
 1.06641 -61.9017  1.02514
 1.06656 -61.8926  1.02529
 1.06671 -61.8834  1.02544
 1.06686 -61.8743  1.02559
 1.06701 -61.8652  1.02574
 1.06716 -61.8561  1.02589
 1.06731  -61.847  1.02604
 1.06746 -61.8378  1.02619
 1.06761 -61.8287  1.02619
 1.06776 -61.8196  1.02634
 1.06791 -61.8105  1.02649
 1.06806 -61.8014  1.02664
 1.06821 -61.7923  1.02679
 1.06836 -61.7832  1.02694
 1.06851 -61.7741  1.02709
 1.06866  -61.765  1.02724
 1.06881 -61.7559  1.02739
 1.06896 -61.7468  1.02754
 1.06911 -61.7377  1.02769
 1.06926 -61.7286  1.02784
 1.06941 -61.7195  1.02799
 1.06956 -61.7105  1.02814
 1.06971 -61.7014  1.02829
 1.06986 -61.6923  1.02844
 1.07001 -61.6832  1.02844
 1.07016 -61.6742  1.02859
 1.07031 -61.6651  1.02874
 1.07046  -61.656  1.02889
 1.07061  -61.647  1.02904
 1.07076 -61.6379  1.02919
 1.07091 -61.6288  1.02934
 1.07106 -61.6198  1.02949
 1.07121 -61.6107  1.02964
 1.07136 -61.6017  1.02979
 1.07151 -61.5926  1.02994
 1.07166 -61.5836  1.03009
 1.07181 -61.5745  1.03024
 1.07196 -61.5655  1.03039
 1.07211 -61.5564  1.03054
 1.07226 -61.5474  1.03069
 1.07241 -61.5384  1.03069
 1.07256 -61.5293  1.03084
 1.07271 -61.5203  1.03099
 1.07286 -61.5113  1.03114
 1.07301 -61.5022  1.03129
 1.07316 -61.4932  1.03144
 1.07331 -61.4842  1.03159
 1.07346 -61.4752  1.03174
 1.07361 -61.4662  1.03189
 1.07376 -61.4571  1.03204
 1.07391 -61.4481  1.03219
 1.07406 -61.4391  1.03234
 1.07421 -61.4301  1.03249
 1.07436 -61.4211  1.03264
 1.07451 -61.4121  1.03279
 1.07466 -61.4031  1.03294
 1.07481 -61.3941  1.03309
 1.07496 -61.3851  1.03309
 1.07511 -61.3761  1.03324
 1.07526 -61.3671  1.03339
 1.07541 -61.3582  1.03354
 1.07556 -61.3492  1.03369
 1.07571 -61.3402  1.03384
 1.07586 -61.3312  1.03399
 1.07601 -61.3222  1.03414
 1.07616 -61.3133  1.03429
 1.07631 -61.3043  1.03444
 1.07646 -61.2953  1.03459
 1.07661 -61.2864  1.03474
 1.07676 -61.2774  1.03489
 1.07691 -61.2684  1.03504
 1.07706 -61.2595  1.03519
 1.07721 -61.2505  1.03534
 1.07736 -61.2415  1.03534
 1.07751 -61.2326  1.03549
 1.07766 -61.2236  1.03564
 1.07781 -61.2147  1.03579
 1.07796 -61.2058  1.03594
 1.07811 -61.1968  1.03609
 1.07826 -61.1879  1.03624
 1.07841 -61.1789  1.03639
 1.07856   -61.17  1.03654
 1.07871 -61.1611  1.03669
 1.07886 -61.1521  1.03684
 1.07901 -61.1432  1.03699
 1.07916 -61.1343  1.03714
 1.07931 -61.1253  1.03729
 1.07946 -61.1164  1.03744
 1.07961 -61.1075  1.03759
 1.07976 -61.0986  1.03759
 1.07991 -61.0897  1.03774
 1.08007 -61.0808  1.03789
 1.08022 -61.0719  1.03804
 1.08037 -61.0629  1.03819
 1.08052  -61.054  1.03834
 1.08067 -61.0451  1.03849
 1.08082 -61.0362  1.03864
 1.08097 -61.0273  1.03879
 1.08112 -61.0184  1.03894
 1.08127 -61.0096  1.03909
 1.08142 -61.0007  1.03924
 1.08157 -60.9918  1.03939
 1.08172 -60.9829  1.03954
 1.08187  -60.974  1.03969
 1.08202 -60.9651  1.03984
 1.08217 -60.9562  1.03984
 1.08232 -60.9474  1.03999
 1.08247 -60.9385  1.04015
 1.08262 -60.9296   1.0403
 1.08277 -60.9208  1.04045
 1.08292 -60.9119   1.0406
 1.08307  -60.903  1.04075
 1.08322 -60.8942   1.0409
 1.08337 -60.8853  1.04105
 1.08352 -60.8764   1.0412
 1.08367 -60.8676  1.04135
 1.08382 -60.8587   1.0415
 1.08397 -60.8499  1.04165
 1.08412  -60.841   1.0418
 1.08427 -60.8322  1.04195
 1.08442 -60.8234   1.0421
 1.08457 -60.8145   1.0421
 1.08472 -60.8057  1.04225
 1.08487 -60.7968   1.0424
 1.08502  -60.788  1.04255
 1.08517 -60.7792   1.0427
 1.08532 -60.7704  1.04285
 1.08547 -60.7615    1.043
 1.08562 -60.7527  1.04315
 1.08577 -60.7439   1.0433
 1.08592 -60.7351  1.04345
 1.08607 -60.7262   1.0436
 1.08622 -60.7174  1.04375
 1.08637 -60.7086   1.0439
 1.08652 -60.6998  1.04405
 1.08667  -60.691   1.0442
 1.08682 -60.6822  1.04435
 1.08697 -60.6734  1.04435
 1.08712 -60.6646   1.0445
 1.08727 -60.6558  1.04465
 1.08742  -60.647   1.0448
 1.08757 -60.6382  1.04495
 1.08772 -60.6294   1.0451
 1.08787 -60.6206  1.04525
 1.08802 -60.6119   1.0454
 1.08817 -60.6031  1.04555
 1.08832 -60.5943   1.0457
 1.08847 -60.5855  1.04585
 1.08862 -60.5767    1.046
 1.08877  -60.568  1.04615
 1.08892 -60.5592   1.0463
 1.08907 -60.5504  1.04645
 1.08922 -60.5417  1.04645
 1.08937 -60.5329   1.0466
 1.08952 -60.5241  1.04675
 1.08967 -60.5154   1.0469
 1.08982 -60.5066  1.04705
 1.08997 -60.4979   1.0472
 1.09012 -60.4891  1.04735
 1.09027 -60.4804   1.0475
 1.09042 -60.4716  1.04765
 1.09057 -60.4629   1.0478
 1.09072 -60.4541  1.04795
 1.09087 -60.4454   1.0481
 1.09102 -60.4367  1.04825
 1.09117 -60.4279   1.0484
 1.09132 -60.4192  1.04855
 1.09147 -60.4105   1.0487
 1.09162 -60.4017   1.0487
 1.09177  -60.393  1.04885
 1.09192 -60.3843    1.049
 1.09207 -60.3756  1.04915
 1.09222 -60.3668   1.0493
 1.09237 -60.3581  1.04945
 1.09252 -60.3494   1.0496
 1.09267 -60.3407  1.04975
 1.09282  -60.332   1.0499
 1.09297 -60.3233  1.05005
 1.09312 -60.3146   1.0502
 1.09327 -60.3059  1.05035
 1.09342 -60.2972   1.0505
 1.09357 -60.2885  1.05065
 1.09372 -60.2798   1.0508
 1.09387 -60.2711  1.05095
 1.09402 -60.2624  1.05095
 1.09417 -60.2537   1.0511
 1.09432  -60.245  1.05125
 1.09447 -60.2363   1.0514
 1.09462 -60.2277  1.05155
 1.09477  -60.219   1.0517
 1.09492 -60.2103  1.05185
 1.09507 -60.2016    1.052
 1.09522  -60.193  1.05215
 1.09537 -60.1843   1.0523
 1.09552 -60.1756  1.05245
 1.09567  -60.167   1.0526
 1.09582 -60.1583  1.05275
 1.09597 -60.1496   1.0529
 1.09612  -60.141  1.05305
 1.09627 -60.1323  1.05305
 1.09642 -60.1237   1.0532
 1.09657  -60.115  1.05335
 1.09672 -60.1064   1.0535
 1.09687 -60.0977  1.05365
 1.09702 -60.0891   1.0538
 1.09717 -60.0804  1.05395
 1.09732 -60.0718   1.0541
 1.09747 -60.0632  1.05425
 1.09762 -60.0545   1.0544
 1.09777 -60.0459  1.05455
 1.09792 -60.0373   1.0547
 1.09807 -60.0286  1.05485
 1.09822   -60.02    1.055
 1.09837 -60.0114  1.05515
 1.09852 -60.0028  1.05515
 1.09867 -59.9942   1.0553
 1.09882 -59.9856  1.05545
 1.09897 -59.9769   1.0556
 1.09912 -59.9683  1.05575
 1.09927 -59.9597   1.0559
 1.09942 -59.9511  1.05605
 1.09957 -59.9425   1.0562
 1.09972 -59.9339  1.05635
 1.09987 -59.9253   1.0565
 1.10003 -59.9167  1.05665
 1.10018 -59.9081   1.0568
 1.10033 -59.8995  1.05695
 1.10048 -59.8909   1.0571
 1.10063 -59.8824  1.05725
 1.10078 -59.8738  1.05725
 1.10093 -59.8652   1.0574
 1.10108 -59.8566  1.05755
 1.10123  -59.848   1.0577
 1.10138 -59.8395  1.05785
 1.10153 -59.8309    1.058
 1.10168 -59.8223  1.05815
 1.10183 -59.8137   1.0583
 1.10198 -59.8052  1.05845
 1.10213 -59.7966   1.0586
 1.10228 -59.7881  1.05875
 1.10243 -59.7795   1.0589
 1.10258 -59.7709  1.05905
 1.10273 -59.7624   1.0592
 1.10288 -59.7538  1.05935
 1.10303 -59.7453  1.05935
 1.10318 -59.7367   1.0595
 1.10333 -59.7282  1.05965
 1.10348 -59.7196   1.0598
 1.10363 -59.7111  1.05995
 1.10378 -59.7026  1.06011
 1.10393  -59.694  1.06026
 1.10408 -59.6855  1.06041
 1.10423  -59.677  1.06056
 1.10438 -59.6684  1.06071
 1.10453 -59.6599  1.06086
 1.10468 -59.6514  1.06101
 1.10483 -59.6429  1.06116
 1.10498 -59.6344  1.06131
 1.10513 -59.6258  1.06146
 1.10528 -59.6173  1.06146
 1.10543 -59.6088  1.06161
 1.10558 -59.6003  1.06176
 1.10573 -59.5918  1.06191
 1.10588 -59.5833  1.06206
 1.10603 -59.5748  1.06221
 1.10618 -59.5663  1.06236
 1.10633 -59.5578  1.06251
 1.10648 -59.5493  1.06266
 1.10663 -59.5408  1.06281
 1.10678 -59.5323  1.06296
 1.10693 -59.5238  1.06311
 1.10708 -59.5153  1.06326
 1.10723 -59.5069  1.06341
 1.10738 -59.4984  1.06341
 1.10753 -59.4899  1.06356
 1.10768 -59.4814  1.06371
 1.10783 -59.4729  1.06386
 1.10798 -59.4645  1.06401
 1.10813  -59.456  1.06416
 1.10828 -59.4475  1.06431
 1.10843 -59.4391  1.06446
 1.10858 -59.4306  1.06461
 1.10873 -59.4222  1.06476
 1.10888 -59.4137  1.06491
 1.10903 -59.4052  1.06506
 1.10918 -59.3968  1.06521
 1.10933 -59.3883  1.06536
 1.10948 -59.3799  1.06551
 1.10963 -59.3714  1.06551
 1.10978  -59.363  1.06566
 1.10993 -59.3546  1.06581
 1.11008 -59.3461  1.06596
 1.11023 -59.3377  1.06611
 1.11038 -59.3292  1.06626
 1.11053 -59.3208  1.06641
 1.11068 -59.3124  1.06656
 1.11083  -59.304  1.06671
 1.11098 -59.2955  1.06686
 1.11113 -59.2871  1.06701
 1.11128 -59.2787  1.06716
 1.11143 -59.2703  1.06731
 1.11158 -59.2619  1.06746
 1.11173 -59.2534  1.06746
 1.11188  -59.245  1.06761
 1.11203 -59.2366  1.06776
 1.11218 -59.2282  1.06791
 1.11233 -59.2198  1.06806
 1.11248 -59.2114  1.06821
 1.11263  -59.203  1.06836
 1.11278 -59.1946  1.06851
 1.11293 -59.1862  1.06866
 1.11308 -59.1778  1.06881
 1.11323 -59.1694  1.06896
 1.11338  -59.161  1.06911
 1.11353 -59.1527  1.06926
 1.11368 -59.1443  1.06941
 1.11383 -59.1359  1.06941
 1.11398 -59.1275  1.06956
 1.11413 -59.1191  1.06971
 1.11428 -59.1108  1.06986
 1.11443 -59.1024  1.07001
 1.11458  -59.094  1.07016
 1.11473 -59.0857  1.07031
 1.11488 -59.0773  1.07046
 1.11503 -59.0689  1.07061
 1.11518 -59.0606  1.07076
 1.11533 -59.0522  1.07091
 1.11548 -59.0439  1.07106
 1.11563 -59.0355  1.07121
 1.11578 -59.0272  1.07136
 1.11593 -59.0188  1.07136
 1.11608 -59.0105  1.07151
 1.11623 -59.0021  1.07166
 1.11638 -58.9938  1.07181
 1.11653 -58.9854  1.07196
 1.11668 -58.9771  1.07211
 1.11683 -58.9688  1.07226
 1.11698 -58.9604  1.07241
 1.11713 -58.9521  1.07256
 1.11728 -58.9438  1.07271
 1.11743 -58.9354  1.07286
 1.11758 -58.9271  1.07301
 1.11773 -58.9188  1.07316
 1.11788 -58.9105  1.07331
 1.11803 -58.9022  1.07331
 1.11818 -58.8939  1.07346
 1.11833 -58.8855  1.07361
 1.11848 -58.8772  1.07376
 1.11863 -58.8689  1.07391
 1.11878 -58.8606  1.07406
 1.11893 -58.8523  1.07421
 1.11908  -58.844  1.07436
 1.11923 -58.8357  1.07451
 1.11938 -58.8274  1.07466
 1.11953 -58.8191  1.07481
 1.11968 -58.8108  1.07496
 1.11983 -58.8026  1.07511
 1.11998 -58.7943  1.07526
 1.12014  -58.786  1.07526
 1.12029 -58.7777  1.07541
 1.12044 -58.7694  1.07556
 1.12059 -58.7611  1.07571
 1.12074 -58.7529  1.07586
 1.12089 -58.7446  1.07601
 1.12104 -58.7363  1.07616
 1.12119 -58.7281  1.07631
 1.12134 -58.7198  1.07646
 1.12149 -58.7115  1.07661
 1.12164 -58.7033  1.07676
 1.12179  -58.695  1.07691
 1.12194 -58.6868  1.07706
 1.12209 -58.6785  1.07706
 1.12224 -58.6703  1.07721
 1.12239  -58.662  1.07736
 1.12254 -58.6538  1.07751
 1.12269 -58.6455  1.07766
 1.12284 -58.6373  1.07781
 1.12299  -58.629  1.07796
 1.12314 -58.6208  1.07811
 1.12329 -58.6126  1.07826
 1.12344 -58.6043  1.07841
 1.12359 -58.5961  1.07856
 1.12374 -58.5879  1.07871
 1.12389 -58.5796  1.07886
 1.12404 -58.5714  1.07901
 1.12419 -58.5632  1.07901
 1.12434  -58.555  1.07916
 1.12449 -58.5468  1.07931
 1.12464 -58.5386  1.07946
 1.12479 -58.5303  1.07961
 1.12494 -58.5221  1.07976
 1.12509 -58.5139  1.07991
 1.12524 -58.5057  1.08007
 1.12539 -58.4975  1.08022
 1.12554 -58.4893  1.08037
 1.12569 -58.4811  1.08052
 1.12584 -58.4729  1.08067
 1.12599 -58.4647  1.08082
 1.12614 -58.4565  1.08082
 1.12629 -58.4484  1.08097
 1.12644 -58.4402  1.08112
 1.12659  -58.432  1.08127
 1.12674 -58.4238  1.08142
 1.12689 -58.4156  1.08157
 1.12704 -58.4075  1.08172
 1.12719 -58.3993  1.08187
 1.12734 -58.3911  1.08202
 1.12749 -58.3829  1.08217
 1.12764 -58.3748  1.08232
 1.12779 -58.3666  1.08247
 1.12794 -58.3584  1.08262
 1.12809 -58.3503  1.08262
 1.12824 -58.3421  1.08277
 1.12839  -58.334  1.08292
 1.12854 -58.3258  1.08307
 1.12869 -58.3177  1.08322
 1.12884 -58.3095  1.08337
 1.12899 -58.3014  1.08352
 1.12914 -58.2932  1.08367
 1.12929 -58.2851  1.08382
 1.12944 -58.2769  1.08397
 1.12959 -58.2688  1.08412
 1.12974 -58.2607  1.08427
 1.12989 -58.2525  1.08427
 1.13004 -58.2444  1.08442
 1.13019 -58.2363  1.08457
 1.13034 -58.2282  1.08472
 1.13049   -58.22  1.08487
 1.13064 -58.2119  1.08502
 1.13079 -58.2038  1.08517
 1.13094 -58.1957  1.08532
 1.13109 -58.1876  1.08547
 1.13124 -58.1795  1.08562
 1.13139 -58.1713  1.08577
 1.13154 -58.1632  1.08592
 1.13169 -58.1551  1.08607
 1.13184  -58.147  1.08607
 1.13199 -58.1389  1.08622
 1.13214 -58.1308  1.08637
 1.13229 -58.1227  1.08652
 1.13244 -58.1147  1.08667
 1.13259 -58.1066  1.08682
 1.13274 -58.0985  1.08697
 1.13289 -58.0904  1.08712
 1.13304 -58.0823  1.08727
 1.13319 -58.0742  1.08742
 1.13334 -58.0661  1.08757
 1.13349 -58.0581  1.08772
 1.13364   -58.05  1.08772
 1.13379 -58.0419  1.08787
 1.13394 -58.0339  1.08802
 1.13409 -58.0258  1.08817
 1.13424 -58.0177  1.08832
 1.13439 -58.0097  1.08847
 1.13454 -58.0016  1.08862
 1.13469 -57.9935  1.08877
 1.13484 -57.9855  1.08892
 1.13499 -57.9774  1.08907
 1.13514 -57.9694  1.08922
 1.13529 -57.9613  1.08937
 1.13544 -57.9533  1.08952
 1.13559 -57.9453  1.08952
 1.13574 -57.9372  1.08967
 1.13589 -57.9292  1.08982
 1.13604 -57.9211  1.08997
 1.13619 -57.9131  1.09012
 1.13634 -57.9051  1.09027
 1.13649  -57.897  1.09042
 1.13664  -57.889  1.09057
 1.13679  -57.881  1.09072
 1.13694  -57.873  1.09087
 1.13709 -57.8649  1.09102
 1.13724 -57.8569  1.09117
 1.13739 -57.8489  1.09117
 1.13754 -57.8409  1.09132
 1.13769 -57.8329  1.09147
 1.13784 -57.8249  1.09162
 1.13799 -57.8169  1.09177
 1.13814 -57.8089  1.09192
 1.13829 -57.8009  1.09207
 1.13844 -57.7929  1.09222
 1.13859 -57.7849  1.09237
 1.13874 -57.7769  1.09252
 1.13889 -57.7689  1.09267
 1.13904 -57.7609  1.09267
 1.13919 -57.7529  1.09282
 1.13934 -57.7449  1.09297
 1.13949  -57.737  1.09312
 1.13964  -57.729  1.09327
 1.13979  -57.721  1.09342
 1.13994  -57.713  1.09357
  1.1401 -57.7051  1.09372
 1.14025 -57.6971  1.09387
  1.1404 -57.6891  1.09402
 1.14055 -57.6812  1.09402
  1.1407 -57.6732  1.09417
 1.14085 -57.6652  1.09432
   1.141 -57.6573  1.09447
 1.14115 -57.6493  1.09462
  1.1413 -57.6414  1.09477
 1.14145 -57.6334  1.09492
  1.1416 -57.6255  1.09507
 1.14175 -57.6175  1.09522
  1.1419 -57.6096  1.09537
 1.14205 -57.6017  1.09552
  1.1422 -57.5937  1.09552
 1.14235 -57.5858  1.09567
  1.1425 -57.5779  1.09582
 1.14265 -57.5699  1.09597
  1.1428  -57.562  1.09612
 1.14295 -57.5541  1.09627
  1.1431 -57.5462  1.09642
 1.14325 -57.5382  1.09657
  1.1434 -57.5303  1.09672
 1.14355 -57.5224  1.09687
  1.1437 -57.5145  1.09702
 1.14385 -57.5066  1.09702
   1.144 -57.4987  1.09717
 1.14415 -57.4908  1.09732
  1.1443 -57.4829  1.09747
 1.14445  -57.475  1.09762
  1.1446 -57.4671  1.09777
 1.14475 -57.4592  1.09792
  1.1449 -57.4513  1.09807
 1.14505 -57.4434  1.09822
  1.1452 -57.4355  1.09837
 1.14535 -57.4276  1.09837
  1.1455 -57.4198  1.09852
 1.14565 -57.4119  1.09867
  1.1458  -57.404  1.09882
 1.14595 -57.3961  1.09897
  1.1461 -57.3882  1.09912
 1.14625 -57.3804  1.09927
  1.1464 -57.3725  1.09942
 1.14655 -57.3646  1.09957
  1.1467 -57.3568  1.09972
 1.14685 -57.3489  1.09972
   1.147 -57.3411  1.09987
 1.14715 -57.3332  1.10003
  1.1473 -57.3254  1.10018
 1.14745 -57.3175  1.10033
  1.1476 -57.3097  1.10048
 1.14775 -57.3018  1.10063
  1.1479  -57.294  1.10078
 1.14805 -57.2861  1.10093
  1.1482 -57.2783  1.10108
 1.14835 -57.2705  1.10108
  1.1485 -57.2626  1.10123
 1.14865 -57.2548  1.10138
  1.1488  -57.247  1.10153
 1.14895 -57.2391  1.10168
  1.1491 -57.2313  1.10183
 1.14925 -57.2235  1.10198
  1.1494 -57.2157  1.10213
 1.14955 -57.2079  1.10228
  1.1497 -57.2001  1.10243
 1.14985 -57.1922  1.10243
    1.15 -57.1844  1.10258