 kgrid  ValNew  Policy 
    0.85 -72.5366 0.878064
 0.85015 -72.5236 0.878214
  0.8503 -72.5106 0.878364
 0.85045 -72.4976 0.878514
  0.8506 -72.4846 0.878664
 0.85075 -72.4717 0.878814
  0.8509 -72.4587 0.878964
0.851051 -72.4457 0.879115
0.851201 -72.4328 0.879115
0.851351 -72.4198 0.879265
0.851501 -72.4069 0.879415
0.851651 -72.3939 0.879565
0.851801  -72.381 0.879715
0.851951 -72.3681 0.879865
0.852101 -72.3552 0.880015
0.852251 -72.3423 0.880165
0.852401 -72.3293 0.880315
0.852551 -72.3164 0.880315
0.852701 -72.3035 0.880465
0.852851 -72.2906 0.880615
0.853002 -72.2778 0.880765
0.853152 -72.2649 0.880915
0.853302  -72.252 0.881066
0.853452 -72.2391 0.881216
0.853602 -72.2263 0.881366
0.853752 -72.2134 0.881516
0.853902 -72.2005 0.881516
0.854052 -72.1877 0.881666
0.854202 -72.1749 0.881816
0.854352  -72.162 0.881966
0.854502 -72.1492 0.882116
0.854652 -72.1364 0.882266
0.854802 -72.1235 0.882416
0.854952 -72.1107 0.882566
0.855103 -72.0979 0.882716
0.855253 -72.0851 0.882866
0.855403 -72.0723 0.882866
0.855553 -72.0595 0.883017
0.855703 -72.0467 0.883167
0.855853  -72.034 0.883317
0.856003 -72.0212 0.883467
0.856153 -72.0084 0.883617
0.856303 -71.9956 0.883767
0.856453 -71.9829 0.883917
0.856603 -71.9701 0.884067
0.856753 -71.9574 0.884217
0.856903 -71.9446 0.884217
0.857054 -71.9319 0.884367
0.857204 -71.9192 0.884517
0.857354 -71.9064 0.884667
0.857504 -71.8937 0.884817
0.857654  -71.881 0.884967
0.857804 -71.8683 0.885118
0.857954 -71.8556 0.885268
0.858104 -71.8429 0.885418
0.858254 -71.8302 0.885568
0.858404 -71.8175 0.885568
0.858554 -71.8048 0.885718
0.858704 -71.7921 0.885868
0.858854 -71.7795 0.886018
0.859005 -71.7668 0.886168
0.859155 -71.7541 0.886318
0.859305 -71.7415 0.886468
0.859455 -71.7288 0.886618
0.859605 -71.7162 0.886768
0.859755 -71.7035 0.886918
0.859905 -71.6909 0.886918
0.860055 -71.6783 0.887069
0.860205 -71.6656 0.887219
0.860355  -71.653 0.887369
0.860505 -71.6404 0.887519
0.860655 -71.6278 0.887669
0.860805 -71.6152 0.887819
0.860955 -71.6026 0.887969
0.861106   -71.59 0.888119
0.861256 -71.5774 0.888269
0.861406 -71.5648 0.888269
0.861556 -71.5523 0.888419
0.861706 -71.5397 0.888569
0.861856 -71.5271 0.888719
0.862006 -71.5146 0.888869
0.862156  -71.502  0.88902
0.862306 -71.4894  0.88917
0.862456 -71.4769  0.88932
0.862606 -71.4644  0.88947
0.862756 -71.4518  0.88962
0.862906 -71.4393  0.88977
0.863057 -71.4268  0.88977
0.863207 -71.4142  0.88992
0.863357 -71.4017  0.89007
0.863507 -71.3892  0.89022
0.863657 -71.3767  0.89037
0.863807 -71.3642  0.89052
0.863957 -71.3517  0.89067
0.864107 -71.3392  0.89082
0.864257 -71.3268  0.89097
0.864407 -71.3143 0.891121
0.864557 -71.3018 0.891271
0.864707 -71.2893 0.891271
0.864857 -71.2769 0.891421
0.865008 -71.2644 0.891571
0.865158  -71.252 0.891721
0.865308 -71.2395 0.891871
0.865458 -71.2271 0.892021
0.865608 -71.2146 0.892171
0.865758 -71.2022 0.892321
0.865908 -71.1898 0.892471
0.866058 -71.1773 0.892621
0.866208 -71.1649 0.892621
0.866358 -71.1525 0.892771
0.866508 -71.1401 0.892921
0.866658 -71.1277 0.893072
0.866808 -71.1153 0.893222
0.866958 -71.1029 0.893372
0.867109 -71.0905 0.893522
0.867259 -71.0781 0.893672
0.867409 -71.0658 0.893822
0.867559 -71.0534 0.893972
0.867709  -71.041 0.894122
0.867859 -71.0287 0.894122
0.868009 -71.0163 0.894272
0.868159  -71.004 0.894422
0.868309 -70.9916 0.894572
0.868459 -70.9793 0.894722
0.868609 -70.9669 0.894872
0.868759 -70.9546 0.895023
0.868909 -70.9423 0.895173
 0.86906   -70.93 0.895323
 0.86921 -70.9176 0.895473
 0.86936 -70.9053 0.895623
 0.86951  -70.893 0.895623
 0.86966 -70.8807 0.895773
 0.86981 -70.8684 0.895923
 0.86996 -70.8561 0.896073
 0.87011 -70.8438 0.896223
 0.87026 -70.8315 0.896373
 0.87041 -70.8193 0.896523
 0.87056  -70.807 0.896673
 0.87071 -70.7947 0.896823
 0.87086 -70.7825 0.896973
0.871011 -70.7702 0.897124
0.871161  -70.758 0.897274
0.871311 -70.7457 0.897274
0.871461 -70.7335 0.897424
0.871611 -70.7212 0.897574
0.871761  -70.709 0.897724
0.871911 -70.6968 0.897874
0.872061 -70.6845 0.898024
0.872211 -70.6723 0.898174
0.872361 -70.6601 0.898324
0.872511 -70.6479 0.898474
0.872661 -70.6357 0.898624
0.872811 -70.6235 0.898774
0.872961 -70.6113 0.898774
0.873112 -70.5991 0.898924
0.873262 -70.5869 0.899075
0.873412 -70.5747 0.899225
0.873562 -70.5626 0.899375
0.873712 -70.5504 0.899525
0.873862 -70.5382 0.899675
0.874012  -70.526 0.899825
0.874162 -70.5139 0.899975
0.874312 -70.5017 0.900125
0.874462 -70.4896 0.900275
0.874612 -70.4774 0.900425
0.874762 -70.4653 0.900575
0.874912 -70.4532 0.900725
0.875063  -70.441 0.900725
0.875213 -70.4289 0.900875
0.875363 -70.4168 0.901026
0.875513 -70.4047 0.901176
0.875663 -70.3925 0.901326
0.875813 -70.3804 0.901476
0.875963 -70.3683 0.901626
0.876113 -70.3562 0.901776
0.876263 -70.3441 0.901926
0.876413  -70.332 0.902076
0.876563   -70.32 0.902226
0.876713 -70.3079 0.902376
0.876863 -70.2958 0.902526
0.877014 -70.2837 0.902676
0.877164 -70.2717 0.902676
0.877314 -70.2596 0.902826
0.877464 -70.2475 0.902976
0.877614 -70.2355 0.903127
0.877764 -70.2234 0.903277
0.877914 -70.2114 0.903427
0.878064 -70.1993 0.903577
0.878214 -70.1873 0.903727
0.878364 -70.1752 0.903877
0.878514 -70.1632 0.904027
0.878664 -70.1512 0.904177
0.878814 -70.1392 0.904327
0.878964 -70.1272 0.904477
0.879115 -70.1151 0.904627
0.879265 -70.1031 0.904777
0.879415 -70.0911 0.904777
0.879565 -70.0791 0.904927
0.879715 -70.0671 0.905078
0.879865 -70.0551 0.905228
0.880015 -70.0431 0.905378
0.880165 -70.0312 0.905528
0.880315 -70.0192 0.905678
0.880465 -70.0072 0.905828
0.880615 -69.9952 0.905978
0.880765 -69.9833 0.906128
0.880915 -69.9713 0.906278
0.881066 -69.9594 0.906428
0.881216 -69.9474 0.906578
0.881366 -69.9355 0.906728
0.881516 -69.9235 0.906728
0.881666 -69.9116 0.906878
0.881816 -69.8996 0.907029
0.881966 -69.8877 0.907179
0.882116 -69.8758 0.907329
0.882266 -69.8638 0.907479
0.882416 -69.8519 0.907629
0.882566   -69.84 0.907779
0.882716 -69.8281 0.907929
0.882866 -69.8162 0.908079
0.883017 -69.8043 0.908229
0.883167 -69.7924 0.908379
0.883317 -69.7805 0.908529
0.883467 -69.7686 0.908679
0.883617 -69.7567 0.908829
0.883767 -69.7448 0.908979
0.883917  -69.733 0.908979
0.884067 -69.7211  0.90913
0.884217 -69.7092  0.90928
0.884367 -69.6974  0.90943
0.884517 -69.6855  0.90958
0.884667 -69.6736  0.90973
0.884817 -69.6618  0.90988
0.884967 -69.6499  0.91003
0.885118 -69.6381  0.91018
0.885268 -69.6263  0.91033
0.885418 -69.6144  0.91048
0.885568 -69.6026  0.91063
0.885718 -69.5908  0.91078
0.885868 -69.5789  0.91093
0.886018 -69.5671 0.911081
0.886168 -69.5553 0.911081
0.886318 -69.5435 0.911231
0.886468 -69.5317 0.911381
0.886618 -69.5199 0.911531
0.886768 -69.5081 0.911681
0.886918 -69.4963 0.911831
0.887069 -69.4845 0.911981
0.887219 -69.4727 0.912131
0.887369 -69.4609 0.912281
0.887519 -69.4492 0.912431
0.887669 -69.4374 0.912581
0.887819 -69.4256 0.912731
0.887969 -69.4138 0.912881
0.888119 -69.4021 0.913032
0.888269 -69.3903 0.913182
0.888419 -69.3786 0.913332
0.888569 -69.3668 0.913482
0.888719 -69.3551 0.913482
0.888869 -69.3433 0.913632
 0.88902 -69.3316 0.913782
 0.88917 -69.3199 0.913932
 0.88932 -69.3081 0.914082
 0.88947 -69.2964 0.914232
 0.88962 -69.2847 0.914382
 0.88977  -69.273 0.914532
 0.88992 -69.2613 0.914682
 0.89007 -69.2495 0.914832
 0.89022 -69.2378 0.914982
 0.89037 -69.2261 0.915133
 0.89052 -69.2144 0.915283
 0.89067 -69.2027 0.915433
 0.89082 -69.1911 0.915583
 0.89097 -69.1794 0.915733
0.891121 -69.1677 0.915883
0.891271  -69.156 0.915883
0.891421 -69.1443 0.916033
0.891571 -69.1327 0.916183
0.891721  -69.121 0.916333
0.891871 -69.1093 0.916483
0.892021 -69.0977 0.916633
0.892171  -69.086 0.916783
0.892321 -69.0744 0.916933
0.892471 -69.0627 0.917084
0.892621 -69.0511 0.917234
0.892771 -69.0394 0.917384
0.892921 -69.0278 0.917534
0.893072 -69.0162 0.917684
0.893222 -69.0046 0.917834
0.893372 -68.9929 0.917984
0.893522 -68.9813 0.918134
0.893672 -68.9697 0.918284
0.893822 -68.9581 0.918284
0.893972 -68.9465 0.918434
0.894122 -68.9349 0.918584
0.894272 -68.9233 0.918734
0.894422 -68.9117 0.918884
0.894572 -68.9001 0.919035
0.894722 -68.8885 0.919185
0.894872 -68.8769 0.919335
0.895023 -68.8653 0.919485
0.895173 -68.8538 0.919635
0.895323 -68.8422 0.919785
0.895473 -68.8306 0.919935
0.895623 -68.8191 0.920085
0.895773 -68.8075 0.920235
0.895923 -68.7959 0.920385
0.896073 -68.7844 0.920535
0.896223 -68.7728 0.920685
0.896373 -68.7613 0.920835
0.896523 -68.7498 0.920835
0.896673 -68.7382 0.920985
0.896823 -68.7267 0.921136
0.896973 -68.7152 0.921286
0.897124 -68.7036 0.921436
0.897274 -68.6921 0.921586
0.897424 -68.6806 0.921736
0.897574 -68.6691 0.921886
0.897724 -68.6576 0.922036
0.897874 -68.6461 0.922186
0.898024 -68.6346 0.922336
0.898174 -68.6231 0.922486
0.898324 -68.6116 0.922636
0.898474 -68.6001 0.922786
0.898624 -68.5886 0.922936
0.898774 -68.5771 0.923087
0.898924 -68.5656 0.923237
0.899075 -68.5541 0.923237
0.899225 -68.5427 0.923387
0.899375 -68.5312 0.923537
0.899525 -68.5197 0.923687
0.899675 -68.5083 0.923837
0.899825 -68.4968 0.923987
0.899975 -68.4854 0.924137
0.900125 -68.4739 0.924287
0.900275 -68.4625 0.924437
0.900425  -68.451 0.924587
0.900575 -68.4396 0.924737
0.900725 -68.4282 0.924887
0.900875 -68.4167 0.925038
0.901026 -68.4053 0.925188
0.901176 -68.3939 0.925338
0.901326 -68.3825 0.925488
0.901476  -68.371 0.925638
0.901626 -68.3596 0.925788
0.901776 -68.3482 0.925788
0.901926 -68.3368 0.925938
0.902076 -68.3254 0.926088
0.902226  -68.314 0.926238
0.902376 -68.3026 0.926388
0.902526 -68.2912 0.926538
0.902676 -68.2798 0.926688
0.902826 -68.2685 0.926838
0.902976 -68.2571 0.926988
0.903127 -68.2457 0.927139
0.903277 -68.2343 0.927289
0.903427  -68.223 0.927439
0.903577 -68.2116 0.927589
0.903727 -68.2003 0.927739
0.903877 -68.1889 0.927889
0.904027 -68.1775 0.928039
0.904177 -68.1662 0.928189
0.904327 -68.1549 0.928339
0.904477 -68.1435 0.928489
0.904627 -68.1322 0.928489
0.904777 -68.1208 0.928639
0.904927 -68.1095 0.928789
0.905078 -68.0982 0.928939
0.905228 -68.0869  0.92909
0.905378 -68.0755  0.92924
0.905528 -68.0642  0.92939
0.905678 -68.0529  0.92954
0.905828 -68.0416  0.92969
0.905978 -68.0303  0.92984
0.906128  -68.019  0.92999
0.906278 -68.0077  0.93014
0.906428 -67.9964  0.93029
0.906578 -67.9851  0.93044
0.906728 -67.9738  0.93059
0.906878 -67.9625  0.93074
0.907029 -67.9513  0.93089
0.907179   -67.94 0.931041
0.907329 -67.9287 0.931191
0.907479 -67.9175 0.931191
0.907629 -67.9062 0.931341
0.907779 -67.8949 0.931491
0.907929 -67.8837 0.931641
0.908079 -67.8724 0.931791
0.908229 -67.8612 0.931941
0.908379 -67.8499 0.932091
0.908529 -67.8387 0.932241
0.908679 -67.8274 0.932391
0.908829 -67.8162 0.932541
0.908979  -67.805 0.932691
 0.90913 -67.7937 0.932841
 0.90928 -67.7825 0.932991
 0.90943 -67.7713 0.933142
 0.90958 -67.7601 0.933292
 0.90973 -67.7489 0.933442
 0.90988 -67.7377 0.933592
 0.91003 -67.7265 0.933742
 0.91018 -67.7153 0.933892
 0.91033 -67.7041 0.934042
 0.91048 -67.6929 0.934042
 0.91063 -67.6817 0.934192
 0.91078 -67.6705 0.934342
 0.91093 -67.6593 0.934492
0.911081 -67.6481 0.934642
0.911231 -67.6369 0.934792
0.911381 -67.6257 0.934942
0.911531 -67.6146 0.935093
0.911681 -67.6034 0.935243
0.911831 -67.5922 0.935393
0.911981 -67.5811 0.935543
0.912131 -67.5699 0.935693
0.912281 -67.5588 0.935843
0.912431 -67.5476 0.935993
0.912581 -67.5365 0.936143
0.912731 -67.5253 0.936293
0.912881 -67.5142 0.936443
0.913032 -67.5031 0.936593
0.913182 -67.4919 0.936743
0.913332 -67.4808 0.936893
0.913482 -67.4697 0.936893
0.913632 -67.4585 0.937044
0.913782 -67.4474 0.937194
0.913932 -67.4363 0.937344
0.914082 -67.4252 0.937494
0.914232 -67.4141 0.937644
0.914382  -67.403 0.937794
0.914532 -67.3919 0.937944
0.914682 -67.3808 0.938094
0.914832 -67.3697 0.938244
0.914982 -67.3586 0.938394
0.915133 -67.3475 0.938544
0.915283 -67.3364 0.938694
0.915433 -67.3254 0.938844
0.915583 -67.3143 0.938994
0.915733 -67.3032 0.939145
0.915883 -67.2921 0.939295
0.916033 -67.2811 0.939445
0.916183   -67.27 0.939595
0.916333 -67.2589 0.939745
0.916483 -67.2479 0.939895
0.916633 -67.2368 0.939895
0.916783 -67.2258 0.940045
0.916933 -67.2147 0.940195
0.917084 -67.2037 0.940345
0.917234 -67.1927 0.940495
0.917384 -67.1816 0.940645
0.917534 -67.1706 0.940795
0.917684 -67.1596 0.940945
0.917834 -67.1485 0.941096
0.917984 -67.1375 0.941246
0.918134 -67.1265 0.941396
0.918284 -67.1155 0.941546
0.918434 -67.1045 0.941696
0.918584 -67.0935 0.941846
0.918734 -67.0825 0.941996
0.918884 -67.0715 0.942146
0.919035 -67.0605 0.942296
0.919185 -67.0495 0.942446
0.919335 -67.0385 0.942596
0.919485 -67.0275 0.942746
0.919635 -67.0165 0.942896
0.919785 -67.0055 0.942896
0.919935 -66.9945 0.943047
0.920085 -66.9836 0.943197
0.920235 -66.9726 0.943347
0.920385 -66.9616 0.943497
0.920535 -66.9507 0.943647
0.920685 -66.9397 0.943797
0.920835 -66.9288 0.943947
0.920985 -66.9178 0.944097
0.921136 -66.9068 0.944247
0.921286 -66.8959 0.944397
0.921436  -66.885 0.944547
0.921586  -66.874 0.944697
0.921736 -66.8631 0.944847
0.921886 -66.8521 0.944997
0.922036 -66.8412 0.945148
0.922186 -66.8303 0.945298
0.922336 -66.8194 0.945448
0.922486 -66.8084 0.945598
0.922636 -66.7975 0.945748
0.922786 -66.7866 0.945898
0.922936 -66.7757 0.945898
0.923087 -66.7648 0.946048
0.923237 -66.7539 0.946198
0.923387  -66.743 0.946348
0.923537 -66.7321 0.946498
0.923687 -66.7212 0.946648
0.923837 -66.7103 0.946798
0.923987 -66.6994 0.946948
0.924137 -66.6886 0.947099
0.924287 -66.6777 0.947249
0.924437 -66.6668 0.947399
0.924587 -66.6559 0.947549
0.924737 -66.6451 0.947699
0.924887 -66.6342 0.947849
0.925038 -66.6233 0.947999
0.925188 -66.6125 0.948149
0.925338 -66.6016 0.948299
0.925488 -66.5908 0.948449
0.925638 -66.5799 0.948599
0.925788 -66.5691 0.948749
0.925938 -66.5582 0.948899
0.926088 -66.5474  0.94905
0.926238 -66.5365  0.94905
0.926388 -66.5257   0.9492
0.926538 -66.5149  0.94935
0.926688 -66.5041   0.9495
0.926838 -66.4932  0.94965
0.926988 -66.4824   0.9498
0.927139 -66.4716  0.94995
0.927289 -66.4608   0.9501
0.927439   -66.45  0.95025
0.927589 -66.4392   0.9504
0.927739 -66.4284  0.95055
0.927889 -66.4176   0.9507
0.928039 -66.4068  0.95085
0.928189  -66.396 0.951001
0.928339 -66.3852 0.951151
0.928489 -66.3744 0.951301
0.928639 -66.3636 0.951451
0.928789 -66.3528 0.951601
0.928939  -66.342 0.951751
 0.92909 -66.3313 0.951901
 0.92924 -66.3205 0.952051
 0.92939 -66.3097 0.952201
 0.92954  -66.299 0.952201
 0.92969 -66.2882 0.952351
 0.92984 -66.2775 0.952501
 0.92999 -66.2667 0.952651
 0.93014 -66.2559 0.952801
 0.93029 -66.2452 0.952951
 0.93044 -66.2345 0.953102
 0.93059 -66.2237 0.953252
 0.93074  -66.213 0.953402
 0.93089 -66.2022 0.953552
0.931041 -66.1915 0.953702
0.931191 -66.1808 0.953852
0.931341 -66.1701 0.954002
0.931491 -66.1593 0.954152
0.931641 -66.1486 0.954302
0.931791 -66.1379 0.954452
0.931941 -66.1272 0.954602
0.932091 -66.1165 0.954752
0.932241 -66.1058 0.954902
0.932391 -66.0951 0.955053
0.932541 -66.0844 0.955203
0.932691 -66.0737 0.955353
0.932841  -66.063 0.955503
0.932991 -66.0523 0.955503
0.933142 -66.0416 0.955653
0.933292 -66.0309 0.955803
0.933442 -66.0202 0.955953
0.933592 -66.0096 0.956103
0.933742 -65.9989 0.956253
0.933892 -65.9882 0.956403
0.934042 -65.9775 0.956553
0.934192 -65.9669 0.956703
0.934342 -65.9562 0.956853
0.934492 -65.9456 0.957004
0.934642 -65.9349 0.957154
0.934792 -65.9243 0.957304
0.934942 -65.9136 0.957454
0.935093  -65.903 0.957604
0.935243 -65.8923 0.957754
0.935393 -65.8817 0.957904
0.935543 -65.8711 0.958054
0.935693 -65.8604 0.958204
0.935843 -65.8498 0.958354
0.935993 -65.8392 0.958504
0.936143 -65.8285 0.958654
0.936293 -65.8179 0.958654
0.936443 -65.8073 0.958804
0.936593 -65.7967 0.958954
0.936743 -65.7861 0.959105
0.936893 -65.7755 0.959255
0.937044 -65.7649 0.959405
0.937194 -65.7543 0.959555
0.937344 -65.7437 0.959705
0.937494 -65.7331 0.959855
0.937644 -65.7225 0.960005
0.937794 -65.7119 0.960155
0.937944 -65.7013 0.960305
0.938094 -65.6907 0.960455
0.938244 -65.6802 0.960605
0.938394 -65.6696 0.960755
0.938544  -65.659 0.960905
0.938694 -65.6484 0.961056
0.938844 -65.6379 0.961206
0.938994 -65.6273 0.961356
0.939145 -65.6168 0.961506
0.939295 -65.6062 0.961656
0.939445 -65.5957 0.961806
0.939595 -65.5851 0.961956
0.939745 -65.5746 0.961956
0.939895  -65.564 0.962106
0.940045 -65.5535 0.962256
0.940195 -65.5429 0.962406
0.940345 -65.5324 0.962556
0.940495 -65.5219 0.962706
0.940645 -65.5113 0.962856
0.940795 -65.5008 0.963007
0.940945 -65.4903 0.963157
0.941096 -65.4798 0.963307
0.941246 -65.4693 0.963457
0.941396 -65.4588 0.963607
0.941546 -65.4482 0.963757
0.941696 -65.4377 0.963907
0.941846 -65.4272 0.964057
0.941996 -65.4167 0.964207
0.942146 -65.4062 0.964357
0.942296 -65.3957 0.964507
0.942446 -65.3853 0.964657
0.942596 -65.3748 0.964807
0.942746 -65.3643 0.964957
0.942896 -65.3538 0.965108
0.943047 -65.3433 0.965258
0.943197 -65.3329 0.965258
0.943347 -65.3224 0.965408
0.943497 -65.3119 0.965558
0.943647 -65.3014 0.965708
0.943797  -65.291 0.965858
0.943947 -65.2805 0.966008
0.944097 -65.2701 0.966158
0.944247 -65.2596 0.966308
0.944397 -65.2492 0.966458
0.944547 -65.2387 0.966608
0.944697 -65.2283 0.966758
0.944847 -65.2178 0.966908
0.944997 -65.2074 0.967059
0.945148  -65.197 0.967209
0.945298 -65.1865 0.967359
0.945448 -65.1761 0.967509
0.945598 -65.1657 0.967659
0.945748 -65.1553 0.967809
0.945898 -65.1448 0.967959
0.946048 -65.1344 0.968109
0.946198  -65.124 0.968259
0.946348 -65.1136 0.968409
0.946498 -65.1032 0.968559
0.946648 -65.0928 0.968559
0.946798 -65.0824 0.968709
0.946948  -65.072 0.968859
0.947099 -65.0616  0.96901
0.947249 -65.0512  0.96916
0.947399 -65.0408  0.96931
0.947549 -65.0304  0.96946
0.947699   -65.02  0.96961
0.947849 -65.0097  0.96976
0.947999 -64.9993  0.96991
0.948149 -64.9889  0.97006
0.948299 -64.9785  0.97021
0.948449 -64.9682  0.97036
0.948599 -64.9578  0.97051
0.948749 -64.9474  0.97066
0.948899 -64.9371  0.97081
 0.94905 -64.9267  0.97096
  0.9492 -64.9164 0.971111
 0.94935  -64.906 0.971261
  0.9495 -64.8957 0.971411
 0.94965 -64.8853 0.971561
  0.9498  -64.875 0.971711
 0.94995 -64.8647 0.971861
  0.9501 -64.8543 0.972011
 0.95025  -64.844 0.972011
  0.9504 -64.8337 0.972161
 0.95055 -64.8233 0.972311
  0.9507  -64.813 0.972461
 0.95085 -64.8027 0.972611
0.951001 -64.7924 0.972761
0.951151 -64.7821 0.972911
0.951301 -64.7718 0.973062
0.951451 -64.7615 0.973212
0.951601 -64.7512 0.973362
0.951751 -64.7409 0.973512
0.951901 -64.7306 0.973662
0.952051 -64.7203 0.973812
0.952201   -64.71 0.973962
0.952351 -64.6997 0.974112
0.952501 -64.6894 0.974262
0.952651 -64.6791 0.974412
0.952801 -64.6688 0.974562
0.952951 -64.6586 0.974712
0.953102 -64.6483 0.974862
0.953252  -64.638 0.975013
0.953402 -64.6277 0.975163
0.953552 -64.6175 0.975313
0.953702 -64.6072 0.975463
0.953852  -64.597 0.975463
0.954002 -64.5867 0.975613
0.954152 -64.5765 0.975763
0.954302 -64.5662 0.975913
0.954452  -64.556 0.976063
0.954602 -64.5457 0.976213
0.954752 -64.5355 0.976363
0.954902 -64.5252 0.976513
0.955053  -64.515 0.976663
0.955203 -64.5048 0.976813
0.955353 -64.4945 0.976963
0.955503 -64.4843 0.977114
0.955653 -64.4741 0.977264
0.955803 -64.4639 0.977414
0.955953 -64.4536 0.977564
0.956103 -64.4434 0.977714
0.956253 -64.4332 0.977864
0.956403  -64.423 0.978014
0.956553 -64.4128 0.978164
0.956703 -64.4026 0.978314
0.956853 -64.3924 0.978464
0.957004 -64.3822 0.978614
0.957154  -64.372 0.978764
0.957304 -64.3618 0.978764
0.957454 -64.3516 0.978914
0.957604 -64.3415 0.979065
0.957754 -64.3313 0.979215
0.957904 -64.3211 0.979365
0.958054 -64.3109 0.979515
0.958204 -64.3007 0.979665
0.958354 -64.2906 0.979815
0.958504 -64.2804 0.979965
0.958654 -64.2702 0.980115
0.958804 -64.2601 0.980265
0.958954 -64.2499 0.980415
0.959105 -64.2398 0.980565
0.959255 -64.2296 0.980715
0.959405 -64.2195 0.980865
0.959555 -64.2093 0.981016
0.959705 -64.1992 0.981166
0.959855  -64.189 0.981316
0.960005 -64.1789 0.981466
0.960155 -64.1688 0.981616
0.960305 -64.1586 0.981766
0.960455 -64.1485 0.981916
0.960605 -64.1384 0.982066
0.960755 -64.1283 0.982216
0.960905 -64.1181 0.982216
0.961056  -64.108 0.982366
0.961206 -64.0979 0.982516
0.961356 -64.0878 0.982666
0.961506 -64.0777 0.982816
0.961656 -64.0676 0.982966
0.961806 -64.0575 0.983117
0.961956 -64.0474 0.983267
0.962106 -64.0373 0.983417
0.962256 -64.0272 0.983567
0.962406 -64.0171 0.983717
0.962556  -64.007 0.983867
0.962706 -63.9969 0.984017
0.962856 -63.9868 0.984167
0.963007 -63.9768 0.984317
0.963157 -63.9667 0.984467
0.963307 -63.9566 0.984617
0.963457 -63.9465 0.984767
0.963607 -63.9365 0.984917
0.963757 -63.9264 0.985068
0.963907 -63.9163 0.985218
0.964057 -63.9063 0.985368
0.964207 -63.8962 0.985518
0.964357 -63.8862 0.985668
0.964507 -63.8761 0.985668
0.964657 -63.8661 0.985818
0.964807  -63.856 0.985968
0.964957  -63.846 0.986118
0.965108  -63.836 0.986268
0.965258 -63.8259 0.986418
0.965408 -63.8159 0.986568
0.965558 -63.8059 0.986718
0.965708 -63.7958 0.986868
0.965858 -63.7858 0.987019
0.966008 -63.7758 0.987169
0.966158 -63.7658 0.987319
0.966308 -63.7557 0.987469
0.966458 -63.7457 0.987619
0.966608 -63.7357 0.987769
0.966758 -63.7257 0.987919
0.966908 -63.7157 0.988069
0.967059 -63.7057 0.988219
0.967209 -63.6957 0.988369
0.967359 -63.6857 0.988519
0.967509 -63.6757 0.988669
0.967659 -63.6657 0.988819
0.967809 -63.6557 0.988969
0.967959 -63.6458  0.98912
0.968109 -63.6358  0.98912
0.968259 -63.6258  0.98927
0.968409 -63.6158  0.98942
0.968559 -63.6059  0.98957
0.968709 -63.5959  0.98972
0.968859 -63.5859  0.98987
 0.96901 -63.5759  0.99002
 0.96916  -63.566  0.99017
 0.96931  -63.556  0.99032
 0.96946 -63.5461  0.99047
 0.96961 -63.5361  0.99062
 0.96976 -63.5262  0.99077
 0.96991 -63.5162  0.99092
 0.97006 -63.5063 0.991071
 0.97021 -63.4963 0.991221
 0.97036 -63.4864 0.991371
 0.97051 -63.4765 0.991521
 0.97066 -63.4665 0.991671
 0.97081 -63.4566 0.991821
 0.97096 -63.4467 0.991971
0.971111 -63.4367 0.992121
0.971261 -63.4268 0.992271
0.971411 -63.4169 0.992421
0.971561  -63.407 0.992571
0.971711 -63.3971 0.992721
0.971861 -63.3872 0.992721
0.972011 -63.3773 0.992871
0.972161 -63.3673 0.993022
0.972311 -63.3574 0.993172
0.972461 -63.3475 0.993322
0.972611 -63.3377 0.993472
0.972761 -63.3278 0.993622
0.972911 -63.3179 0.993772
0.973062  -63.308 0.993922
0.973212 -63.2981 0.994072
0.973362 -63.2882 0.994222
0.973512 -63.2783 0.994372
0.973662 -63.2685 0.994522
0.973812 -63.2586 0.994672
0.973962 -63.2487 0.994822
0.974112 -63.2388 0.994972
0.974262  -63.229 0.995123
0.974412 -63.2191 0.995273
0.974562 -63.2093 0.995423
0.974712 -63.1994 0.995573
0.974862 -63.1895 0.995723
0.975013 -63.1797 0.995873
0.975163 -63.1698 0.996023
0.975313   -63.16 0.996023
0.975463 -63.1502 0.996173
0.975613 -63.1403 0.996323
0.975763 -63.1305 0.996473
0.975913 -63.1206 0.996623
0.976063 -63.1108 0.996773
0.976213  -63.101 0.996923
0.976363 -63.0912 0.997074
0.976513 -63.0813 0.997224
0.976663 -63.0715 0.997374
0.976813 -63.0617 0.997524
0.976963 -63.0519 0.997674
0.977114 -63.0421 0.997824
0.977264 -63.0322 0.997974
0.977414 -63.0224 0.998124
0.977564 -63.0126 0.998274
0.977714 -63.0028 0.998424
0.977864  -62.993 0.998574
0.978014 -62.9832 0.998724
0.978164 -62.9735 0.998874
0.978314 -62.9637 0.999025
0.978464 -62.9539 0.999175
0.978614 -62.9441 0.999325
0.978764 -62.9343 0.999475
0.978914 -62.9245 0.999475
0.979065 -62.9148 0.999625
0.979215  -62.905 0.999775
0.979365 -62.8952 0.999925
0.979515 -62.8854  1.00008
0.979665 -62.8757  1.00023
0.979815 -62.8659  1.00038
0.979965 -62.8561  1.00053
0.980115 -62.8464  1.00068
0.980265 -62.8366  1.00083
0.980415 -62.8269  1.00098
0.980565 -62.8171  1.00113
0.980715 -62.8074  1.00128
0.980865 -62.7976  1.00143
0.981016 -62.7879  1.00158
0.981166 -62.7782  1.00173
0.981316 -62.7684  1.00188
0.981466 -62.7587  1.00203
0.981616  -62.749  1.00218
0.981766 -62.7392  1.00233
0.981916 -62.7295  1.00248
0.982066 -62.7198  1.00263
0.982216 -62.7101  1.00278
0.982366 -62.7004  1.00293
0.982516 -62.6907  1.00293
0.982666 -62.6809  1.00308
0.982816 -62.6712  1.00323
0.982966 -62.6615  1.00338
0.983117 -62.6518  1.00353
0.983267 -62.6421  1.00368
0.983417 -62.6324  1.00383
0.983567 -62.6227  1.00398
0.983717  -62.613  1.00413
0.983867 -62.6034  1.00428
0.984017 -62.5937  1.00443
0.984167  -62.584  1.00458
0.984317 -62.5743  1.00473
0.984467 -62.5646  1.00488
0.984617  -62.555  1.00503
0.984767 -62.5453  1.00518
0.984917 -62.5356  1.00533
0.985068 -62.5259  1.00548
0.985218 -62.5163  1.00563
0.985368 -62.5066  1.00578
0.985518  -62.497  1.00593
0.985668 -62.4873  1.00608
0.985818 -62.4777  1.00623
0.985968  -62.468  1.00638
0.986118 -62.4584  1.00653
0.986268 -62.4487  1.00653
0.986418 -62.4391  1.00668
0.986568 -62.4294  1.00683
0.986718 -62.4198  1.00698
0.986868 -62.4102  1.00713
0.987019 -62.4005  1.00728
0.987169 -62.3909  1.00743
0.987319 -62.3813  1.00758
0.987469 -62.3716  1.00773
0.987619  -62.362  1.00788
0.987769 -62.3524  1.00803
0.987919 -62.3428  1.00818
0.988069 -62.3332  1.00833
0.988219 -62.3236  1.00848
0.988369  -62.314  1.00863
0.988519 -62.3044  1.00878
0.988669 -62.2948  1.00893
0.988819 -62.2852  1.00908
0.988969 -62.2756  1.00923
 0.98912  -62.266  1.00938
 0.98927 -62.2564  1.00953
 0.98942 -62.2468  1.00968
 0.98957 -62.2372  1.00983
 0.98972 -62.2276  1.00998
 0.98987  -62.218  1.00998
 0.99002 -62.2085  1.01013
 0.99017 -62.1989  1.01028
 0.99032 -62.1893  1.01043
 0.99047 -62.1798  1.01058
 0.99062 -62.1702  1.01073
 0.99077 -62.1606  1.01088
 0.99092 -62.1511  1.01103
0.991071 -62.1415  1.01118
0.991221 -62.1319  1.01133
0.991371 -62.1224  1.01148
0.991521 -62.1128  1.01163
0.991671 -62.1033  1.01178
0.991821 -62.0937  1.01193
0.991971 -62.0842  1.01208
0.992121 -62.0747  1.01223
0.992271 -62.0651  1.01238
0.992421 -62.0556  1.01253
0.992571 -62.0461  1.01268
0.992721 -62.0365  1.01283
0.992871  -62.027  1.01298
0.993022 -62.0175  1.01313
0.993172  -62.008  1.01328
0.993322 -61.9984  1.01328
0.993472 -61.9889  1.01343
0.993622 -61.9794  1.01358
0.993772 -61.9699  1.01373
0.993922 -61.9604  1.01388
0.994072 -61.9509  1.01403
0.994222 -61.9414  1.01418
0.994372 -61.9319  1.01433
0.994522 -61.9224  1.01448
0.994672 -61.9129  1.01463
0.994822 -61.9034  1.01478
0.994972 -61.8939  1.01493
0.995123 -61.8844  1.01508
0.995273 -61.8749  1.01523
0.995423 -61.8655  1.01538
0.995573  -61.856  1.01553
0.995723 -61.8465  1.01568
0.995873  -61.837  1.01583
0.996023 -61.8276  1.01598
0.996173 -61.8181  1.01613
0.996323 -61.8086  1.01628
0.996473 -61.7992  1.01643
0.996623 -61.7897  1.01658
0.996773 -61.7802  1.01673
0.996923 -61.7708  1.01673
0.997074 -61.7613  1.01688
0.997224 -61.7519  1.01703
0.997374 -61.7424  1.01718
0.997524  -61.733  1.01733
0.997674 -61.7236  1.01748
0.997824 -61.7141  1.01763
0.997974 -61.7047  1.01778
0.998124 -61.6952  1.01793
0.998274 -61.6858  1.01808
0.998424 -61.6764  1.01823
0.998574  -61.667  1.01838
0.998724 -61.6575  1.01853
0.998874 -61.6481  1.01868
0.999025 -61.6387  1.01883
0.999175 -61.6293  1.01898
0.999325 -61.6199  1.01913
0.999475 -61.6105  1.01928
0.999625 -61.6011  1.01943
0.999775 -61.5916  1.01958
0.999925 -61.5822  1.01973
 1.00008 -61.5728  1.01988
 1.00023 -61.5635  1.02004
 1.00038 -61.5541  1.02019
 1.00053 -61.5447  1.02019
 1.00068 -61.5353  1.02034
 1.00083 -61.5259  1.02049
 1.00098 -61.5165  1.02064
 1.00113 -61.5071  1.02079
 1.00128 -61.4977  1.02094
 1.00143 -61.4884  1.02109
 1.00158  -61.479  1.02124
 1.00173 -61.4696  1.02139
 1.00188 -61.4603  1.02154
 1.00203 -61.4509  1.02169
 1.00218 -61.4415  1.02184
 1.00233 -61.4322  1.02199
 1.00248 -61.4228  1.02214
 1.00263 -61.4135  1.02229
 1.00278 -61.4041  1.02244
 1.00293 -61.3948  1.02259
 1.00308 -61.3854  1.02274
 1.00323 -61.3761  1.02289
 1.00338 -61.3667  1.02304
 1.00353 -61.3574  1.02319
 1.00368  -61.348  1.02334
 1.00383 -61.3387  1.02349
 1.00398 -61.3294  1.02349
 1.00413   -61.32  1.02364
 1.00428 -61.3107  1.02379
 1.00443 -61.3014  1.02394
 1.00458 -61.2921  1.02409
 1.00473 -61.2828  1.02424
 1.00488 -61.2734  1.02439
 1.00503 -61.2641  1.02454
 1.00518 -61.2548  1.02469
 1.00533 -61.2455  1.02484
 1.00548 -61.2362  1.02499
 1.00563 -61.2269  1.02514
 1.00578 -61.2176  1.02529
 1.00593 -61.2083  1.02544
 1.00608  -61.199  1.02559
 1.00623 -61.1897  1.02574
 1.00638 -61.1804  1.02589
 1.00653 -61.1711  1.02604
 1.00668 -61.1618  1.02619
 1.00683 -61.1526  1.02634
 1.00698 -61.1433  1.02649
 1.00713  -61.134  1.02664
 1.00728 -61.1247  1.02679
 1.00743 -61.1155  1.02679
 1.00758 -61.1062  1.02694
 1.00773 -61.0969  1.02709
 1.00788 -61.0877  1.02724
 1.00803 -61.0784  1.02739
 1.00818 -61.0691  1.02754
 1.00833 -61.0599  1.02769
 1.00848 -61.0506  1.02784
 1.00863 -61.0414  1.02799
 1.00878 -61.0321  1.02814
 1.00893 -61.0229  1.02829
 1.00908 -61.0136  1.02844
 1.00923 -61.0044  1.02859
 1.00938 -60.9952  1.02874
 1.00953 -60.9859  1.02889
 1.00968 -60.9767  1.02904
 1.00983 -60.9675  1.02919
 1.00998 -60.9582  1.02934
 1.01013  -60.949  1.02949
 1.01028 -60.9398  1.02964
 1.01043 -60.9306  1.02979
 1.01058 -60.9213  1.02994
 1.01073 -60.9121  1.03009
 1.01088 -60.9029  1.03009
 1.01103 -60.8937  1.03024
 1.01118 -60.8845  1.03039
 1.01133 -60.8753  1.03054
 1.01148 -60.8661  1.03069
 1.01163 -60.8569  1.03084
 1.01178 -60.8477  1.03099
 1.01193 -60.8385  1.03114
 1.01208 -60.8293  1.03129
 1.01223 -60.8201  1.03144
 1.01238 -60.8109  1.03159
 1.01253 -60.8017  1.03174
 1.01268 -60.7926  1.03189
 1.01283 -60.7834  1.03204
 1.01298 -60.7742  1.03219
 1.01313  -60.765  1.03234
 1.01328 -60.7558  1.03249
 1.01343 -60.7467  1.03264
 1.01358 -60.7375  1.03279
 1.01373 -60.7283  1.03294
 1.01388 -60.7192  1.03309
 1.01403   -60.71  1.03324
 1.01418 -60.7009  1.03339
 1.01433 -60.6917  1.03339
 1.01448 -60.6826  1.03354
 1.01463 -60.6734  1.03369
 1.01478 -60.6643  1.03384
 1.01493 -60.6551  1.03399
 1.01508  -60.646  1.03414
 1.01523 -60.6368  1.03429
 1.01538 -60.6277  1.03444
 1.01553 -60.6186  1.03459
 1.01568 -60.6094  1.03474
 1.01583 -60.6003  1.03489
 1.01598 -60.5912  1.03504
 1.01613 -60.5821  1.03519
 1.01628 -60.5729  1.03534
 1.01643 -60.5638  1.03549
 1.01658 -60.5547  1.03564
 1.01673 -60.5456  1.03579
 1.01688 -60.5365  1.03594
 1.01703 -60.5274  1.03609
 1.01718 -60.5183  1.03624
 1.01733 -60.5092  1.03639
 1.01748 -60.5001  1.03654
 1.01763  -60.491  1.03669
 1.01778 -60.4819  1.03669
 1.01793 -60.4728  1.03684
 1.01808 -60.4637  1.03699
 1.01823 -60.4546  1.03714
 1.01838 -60.4455  1.03729
 1.01853 -60.4364  1.03744
 1.01868 -60.4273  1.03759
 1.01883 -60.4183  1.03774
 1.01898 -60.4092  1.03789
 1.01913 -60.4001  1.03804
 1.01928  -60.391  1.03819
 1.01943  -60.382  1.03834
 1.01958 -60.3729  1.03849
 1.01973 -60.3638  1.03864
 1.01988 -60.3548  1.03879
 1.02004 -60.3457  1.03894
 1.02019 -60.3367  1.03909
 1.02034 -60.3276  1.03924
 1.02049 -60.3186  1.03939
 1.02064 -60.3095  1.03954
 1.02079 -60.3005  1.03969
 1.02094 -60.2914  1.03984
 1.02109 -60.2824  1.03984
 1.02124 -60.2733  1.03999
 1.02139 -60.2643  1.04015
 1.02154 -60.2553   1.0403
 1.02169 -60.2462  1.04045
 1.02184 -60.2372   1.0406
 1.02199 -60.2282  1.04075
 1.02214 -60.2192   1.0409
 1.02229 -60.2101  1.04105
 1.02244 -60.2011   1.0412
 1.02259 -60.1921  1.04135
 1.02274 -60.1831   1.0415
 1.02289 -60.1741  1.04165
 1.02304 -60.1651   1.0418
 1.02319 -60.1561  1.04195
 1.02334 -60.1471   1.0421
 1.02349 -60.1381  1.04225
 1.02364 -60.1291   1.0424
 1.02379 -60.1201  1.04255
 1.02394 -60.1111   1.0427
 1.02409 -60.1021  1.04285
 1.02424 -60.0931    1.043
 1.02439 -60.0841    1.043
 1.02454 -60.0751  1.04315
 1.02469 -60.0662   1.0433
 1.02484 -60.0572  1.04345
 1.02499 -60.0482   1.0436
 1.02514 -60.0392  1.04375
 1.02529 -60.0303   1.0439
 1.02544 -60.0213  1.04405
 1.02559 -60.0123   1.0442
 1.02574 -60.0034  1.04435
 1.02589 -59.9944   1.0445
 1.02604 -59.9854  1.04465
 1.02619 -59.9765   1.0448
 1.02634 -59.9675  1.04495
 1.02649 -59.9586   1.0451
 1.02664 -59.9496  1.04525
 1.02679 -59.9407   1.0454
 1.02694 -59.9317  1.04555
 1.02709 -59.9228   1.0457
 1.02724 -59.9139  1.04585
 1.02739 -59.9049    1.046
 1.02754  -59.896  1.04615
 1.02769 -59.8871  1.04615
 1.02784 -59.8781   1.0463
 1.02799 -59.8692  1.04645
 1.02814 -59.8603   1.0466
 1.02829 -59.8514  1.04675
 1.02844 -59.8425   1.0469
 1.02859 -59.8335  1.04705
 1.02874 -59.8246   1.0472
 1.02889 -59.8157  1.04735
 1.02904 -59.8068   1.0475
 1.02919 -59.7979  1.04765
 1.02934  -59.789   1.0478
 1.02949 -59.7801  1.04795
 1.02964 -59.7712   1.0481
 1.02979 -59.7623  1.04825
 1.02994 -59.7534   1.0484
 1.03009 -59.7445  1.04855
 1.03024 -59.7356   1.0487
 1.03039 -59.7267  1.04885
 1.03054 -59.7179    1.049
 1.03069  -59.709  1.04915
 1.03084 -59.7001   1.0493
 1.03099 -59.6912   1.0493
 1.03114 -59.6823  1.04945
 1.03129 -59.6735   1.0496
 1.03144 -59.6646  1.04975
 1.03159 -59.6557   1.0499
 1.03174 -59.6469  1.05005
 1.03189  -59.638   1.0502
 1.03204 -59.6292  1.05035
 1.03219 -59.6203   1.0505
 1.03234 -59.6114  1.05065
 1.03249 -59.6026   1.0508
 1.03264 -59.5937  1.05095
 1.03279 -59.5849   1.0511
 1.03294 -59.5761  1.05125
 1.03309 -59.5672   1.0514
 1.03324 -59.5584  1.05155
 1.03339 -59.5495   1.0517
 1.03354 -59.5407  1.05185
 1.03369 -59.5319    1.052
 1.03384  -59.523  1.05215
 1.03399 -59.5142   1.0523
 1.03414 -59.5054   1.0523
 1.03429 -59.4966  1.05245
 1.03444 -59.4877   1.0526
 1.03459 -59.4789  1.05275
 1.03474 -59.4701   1.0529
 1.03489 -59.4613  1.05305
 1.03504 -59.4525   1.0532
 1.03519 -59.4437  1.05335
 1.03534 -59.4349   1.0535
 1.03549 -59.4261  1.05365
 1.03564 -59.4173   1.0538
 1.03579 -59.4085  1.05395
 1.03594 -59.3997   1.0541
 1.03609 -59.3909  1.05425
 1.03624 -59.3821   1.0544
 1.03639 -59.3733  1.05455
 1.03654 -59.3645   1.0547
 1.03669 -59.3557  1.05485
 1.03684  -59.347    1.055
 1.03699 -59.3382  1.05515
 1.03714 -59.3294   1.0553
 1.03729 -59.3206   1.0553
 1.03744 -59.3119  1.05545
 1.03759 -59.3031   1.0556
 1.03774 -59.2943  1.05575
 1.03789 -59.2856   1.0559
 1.03804 -59.2768  1.05605
 1.03819 -59.2681   1.0562
 1.03834 -59.2593  1.05635
 1.03849 -59.2505   1.0565
 1.03864 -59.2418  1.05665
 1.03879  -59.233   1.0568
 1.03894 -59.2243  1.05695
 1.03909 -59.2156   1.0571
 1.03924 -59.2068  1.05725
 1.03939 -59.1981   1.0574
 1.03954 -59.1893  1.05755
 1.03969 -59.1806   1.0577
 1.03984 -59.1719  1.05785
 1.03999 -59.1631    1.058
 1.04015 -59.1544  1.05815
  1.0403 -59.1457  1.05815
 1.04045  -59.137   1.0583
  1.0406 -59.1283  1.05845
 1.04075 -59.1195   1.0586
  1.0409 -59.1108  1.05875
 1.04105 -59.1021   1.0589
  1.0412 -59.0934  1.05905
 1.04135 -59.0847   1.0592
  1.0415  -59.076  1.05935
 1.04165 -59.0673   1.0595
  1.0418 -59.0586  1.05965
 1.04195 -59.0499   1.0598
  1.0421 -59.0412  1.05995
 1.04225 -59.0325  1.06011
  1.0424 -59.0238  1.06026
 1.04255 -59.0151  1.06041
  1.0427 -59.0064  1.06056
 1.04285 -58.9978  1.06071
   1.043 -58.9891  1.06086
 1.04315 -58.9804  1.06101
  1.0433 -58.9717  1.06101
 1.04345 -58.9631  1.06116
  1.0436 -58.9544  1.06131
 1.04375 -58.9457  1.06146
  1.0439 -58.9371  1.06161
 1.04405 -58.9284  1.06176
  1.0442 -58.9197  1.06191
 1.04435 -58.9111  1.06206
  1.0445 -58.9024  1.06221
 1.04465 -58.8938  1.06236
  1.0448 -58.8851  1.06251
 1.04495 -58.8765  1.06266
  1.0451 -58.8678  1.06281
 1.04525 -58.8592  1.06296
  1.0454 -58.8505  1.06311
 1.04555 -58.8419  1.06326
  1.0457 -58.8333  1.06341
 1.04585 -58.8246  1.06356
   1.046  -58.816  1.06371
 1.04615 -58.8074  1.06371
  1.0463 -58.7988  1.06386
 1.04645 -58.7901  1.06401
  1.0466 -58.7815  1.06416
 1.04675 -58.7729  1.06431
  1.0469 -58.7643  1.06446
 1.04705 -58.7557  1.06461
  1.0472  -58.747  1.06476
 1.04735 -58.7384  1.06491
  1.0475 -58.7298  1.06506
 1.04765 -58.7212  1.06521
  1.0478 -58.7126  1.06536
 1.04795  -58.704  1.06551
  1.0481 -58.6954  1.06566
 1.04825 -58.6868  1.06581
  1.0484 -58.6782  1.06596
 1.04855 -58.6697  1.06611
  1.0487 -58.6611  1.06626
 1.04885 -58.6525  1.06641
   1.049 -58.6439  1.06641
 1.04915 -58.6353  1.06656
  1.0493 -58.6267  1.06671
 1.04945 -58.6182  1.06686
  1.0496 -58.6096  1.06701
 1.04975  -58.601  1.06716
  1.0499 -58.5925  1.06731
 1.05005 -58.5839  1.06746
  1.0502 -58.5753  1.06761
 1.05035 -58.5668  1.06776
  1.0505 -58.5582  1.06791
 1.05065 -58.5497  1.06806
  1.0508 -58.5411  1.06821
 1.05095 -58.5326  1.06836
  1.0511  -58.524  1.06851
 1.05125 -58.5155  1.06866
  1.0514 -58.5069  1.06881
 1.05155 -58.4984  1.06896
  1.0517 -58.4898  1.06911
 1.05185 -58.4813  1.06911
   1.052 -58.4728  1.06926
 1.05215 -58.4642  1.06941
  1.0523 -58.4557  1.06956
 1.05245 -58.4472  1.06971
  1.0526 -58.4387  1.06986
 1.05275 -58.4301  1.07001
  1.0529 -58.4216  1.07016
 1.05305 -58.4131  1.07031
  1.0532 -58.4046  1.07046
 1.05335 -58.3961  1.07061
  1.0535 -58.3876  1.07076
 1.05365 -58.3791  1.07091
  1.0538 -58.3706  1.07106
 1.05395 -58.3621  1.07121
  1.0541 -58.3536  1.07136
 1.05425 -58.3451  1.07151
  1.0544 -58.3366  1.07166
 1.05455 -58.3281  1.07181
  1.0547 -58.3196  1.07181
 1.05485 -58.3111  1.07196
   1.055 -58.3026  1.07211
 1.05515 -58.2941  1.07226
  1.0553 -58.2857  1.07241
 1.05545 -58.2772  1.07256
  1.0556 -58.2687  1.07271
 1.05575 -58.2602  1.07286
  1.0559 -58.2518  1.07301
 1.05605 -58.2433  1.07316
  1.0562 -58.2348  1.07331
 1.05635 -58.2264  1.07346
  1.0565 -58.2179  1.07361
 1.05665 -58.2094  1.07376
  1.0568  -58.201  1.07391
 1.05695 -58.1925  1.07406
  1.0571 -58.1841  1.07421
 1.05725 -58.1756  1.07436
  1.0574 -58.1672  1.07436
 1.05755 -58.1587  1.07451
  1.0577 -58.1503  1.07466
 1.05785 -58.1419  1.07481
   1.058 -58.1334  1.07496
 1.05815  -58.125  1.07511
  1.0583 -58.1166  1.07526
 1.05845 -58.1081  1.07541
  1.0586 -58.0997  1.07556
 1.05875 -58.0913  1.07571
  1.0589 -58.0828  1.07586
 1.05905 -58.0744  1.07601
  1.0592  -58.066  1.07616
 1.05935 -58.0576  1.07631
  1.0595 -58.0492  1.07646
 1.05965 -58.0408  1.07661
  1.0598 -58.0324  1.07676
 1.05995  -58.024  1.07691
 1.06011 -58.0156  1.07691
 1.06026 -58.0072  1.07706
 1.06041 -57.9988  1.07721
 1.06056 -57.9904  1.07736
 1.06071  -57.982  1.07751
 1.06086 -57.9736  1.07766
 1.06101 -57.9652  1.07781
 1.06116 -57.9568  1.07796
 1.06131 -57.9484  1.07811
 1.06146   -57.94  1.07826
 1.06161 -57.9317  1.07841
 1.06176 -57.9233  1.07856
 1.06191 -57.9149  1.07871
 1.06206 -57.9065  1.07886
 1.06221 -57.8982  1.07901
 1.06236 -57.8898  1.07916
 1.06251 -57.8814  1.07931
 1.06266 -57.8731  1.07931
 1.06281 -57.8647  1.07946
 1.06296 -57.8564  1.07961
 1.06311  -57.848  1.07976
 1.06326 -57.8397  1.07991
 1.06341 -57.8313  1.08007
 1.06356  -57.823  1.08022
 1.06371 -57.8146  1.08037
 1.06386 -57.8063  1.08052
 1.06401 -57.7979  1.08067
 1.06416 -57.7896  1.08082
 1.06431 -57.7813  1.08097
 1.06446 -57.7729  1.08112
 1.06461 -57.7646  1.08127
 1.06476 -57.7563  1.08142
 1.06491 -57.7479  1.08157
 1.06506 -57.7396  1.08157
 1.06521 -57.7313  1.08172
 1.06536  -57.723  1.08187
 1.06551 -57.7147  1.08202
 1.06566 -57.7064  1.08217
 1.06581  -57.698  1.08232
 1.06596 -57.6897  1.08247
 1.06611 -57.6814  1.08262
 1.06626 -57.6731  1.08277
 1.06641 -57.6648  1.08292
 1.06656 -57.6565  1.08307
 1.06671 -57.6482  1.08322
 1.06686 -57.6399  1.08337
 1.06701 -57.6317  1.08352
 1.06716 -57.6234  1.08367
 1.06731 -57.6151  1.08382
 1.06746 -57.6068  1.08397
 1.06761 -57.5985  1.08397
 1.06776 -57.5902  1.08412
 1.06791  -57.582  1.08427
 1.06806 -57.5737  1.08442
 1.06821 -57.5654  1.08457
 1.06836 -57.5571  1.08472
 1.06851 -57.5489  1.08487
 1.06866 -57.5406  1.08502
 1.06881 -57.5323  1.08517
 1.06896 -57.5241  1.08532
 1.06911 -57.5158  1.08547
 1.06926 -57.5076  1.08562
 1.06941 -57.4993  1.08577
 1.06956 -57.4911  1.08592
 1.06971 -57.4828  1.08607
 1.06986 -57.4746  1.08622
 1.07001 -57.4663  1.08622
 1.07016 -57.4581  1.08637
 1.07031 -57.4499  1.08652
 1.07046 -57.4416  1.08667
 1.07061 -57.4334  1.08682
 1.07076 -57.4252  1.08697
 1.07091 -57.4169  1.08712
 1.07106 -57.4087  1.08727
 1.07121 -57.4005  1.08742
 1.07136 -57.3923  1.08757
 1.07151 -57.3841  1.08772
 1.07166 -57.3758  1.08787
 1.07181 -57.3676  1.08802
 1.07196 -57.3594  1.08817
 1.07211 -57.3512  1.08832
 1.07226  -57.343  1.08847
 1.07241 -57.3348  1.08847
 1.07256 -57.3266  1.08862
 1.07271 -57.3184  1.08877
 1.07286 -57.3102  1.08892
 1.07301  -57.302  1.08907
 1.07316 -57.2938  1.08922
 1.07331 -57.2856  1.08937
 1.07346 -57.2774  1.08952
 1.07361 -57.2693  1.08967
 1.07376 -57.2611  1.08982
 1.07391 -57.2529  1.08997
 1.07406 -57.2447  1.09012
 1.07421 -57.2365  1.09027
 1.07436 -57.2284  1.09042
 1.07451 -57.2202  1.09057
 1.07466  -57.212  1.09057
 1.07481 -57.2039  1.09072
 1.07496 -57.1957  1.09087
 1.07511 -57.1876  1.09102
 1.07526 -57.1794  1.09117
 1.07541 -57.1712  1.09132
 1.07556 -57.1631  1.09147
 1.07571 -57.1549  1.09162
 1.07586 -57.1468  1.09177
 1.07601 -57.1387  1.09192
 1.07616 -57.1305  1.09207
 1.07631 -57.1224  1.09222
 1.07646 -57.1142  1.09237
 1.07661 -57.1061  1.09237
 1.07676  -57.098  1.09252
 1.07691 -57.0898  1.09267
 1.07706 -57.0817  1.09282
 1.07721 -57.0736  1.09297
 1.07736 -57.0655  1.09312
 1.07751 -57.0574  1.09327
 1.07766 -57.0492  1.09342
 1.07781 -57.0411  1.09357
 1.07796  -57.033  1.09372
 1.07811 -57.0249  1.09387
 1.07826 -57.0168  1.09402
 1.07841 -57.0087  1.09417
 1.07856 -57.0006  1.09432
 1.07871 -56.9925  1.09432
 1.07886 -56.9844  1.09447
 1.07901 -56.9763  1.09462
 1.07916 -56.9682  1.09477
 1.07931 -56.9601  1.09492
 1.07946  -56.952  1.09507
 1.07961  -56.944  1.09522
 1.07976 -56.9359  1.09537
 1.07991 -56.9278  1.09552
 1.08007 -56.9197  1.09567
 1.08022 -56.9117  1.09582
 1.08037 -56.9036  1.09597
 1.08052 -56.8955  1.09597
 1.08067 -56.8875  1.09612
 1.08082 -56.8794  1.09627
 1.08097 -56.8713  1.09642
 1.08112 -56.8633  1.09657
 1.08127 -56.8552  1.09672
 1.08142 -56.8472  1.09687
 1.08157 -56.8391  1.09702
 1.08172 -56.8311  1.09717
 1.08187  -56.823  1.09732
 1.08202  -56.815  1.09747
 1.08217  -56.807  1.09762
 1.08232 -56.7989  1.09777
 1.08247 -56.7909  1.09777
 1.08262 -56.7829  1.09792
 1.08277 -56.7748  1.09807
 1.08292 -56.7668  1.09822
 1.08307 -56.7588  1.09837
 1.08322 -56.7508  1.09852
 1.08337 -56.7427  1.09867
 1.08352 -56.7347  1.09882
 1.08367 -56.7267  1.09897
 1.08382 -56.7187  1.09912
 1.08397 -56.7107  1.09927
 1.08412 -56.7027  1.09942
 1.08427 -56.6947  1.09942
 1.08442 -56.6867  1.09957
 1.08457 -56.6787  1.09972
 1.08472 -56.6707  1.09987
 1.08487 -56.6627  1.10003
 1.08502 -56.6547  1.10018
 1.08517 -56.6467  1.10033
 1.08532 -56.6387  1.10048
 1.08547 -56.6307  1.10063
 1.08562 -56.6228  1.10078
 1.08577 -56.6148  1.10093
 1.08592 -56.6068  1.10108
 1.08607 -56.5988  1.10123
 1.08622 -56.5909  1.10123
 1.08637 -56.5829  1.10138
 1.08652 -56.5749  1.10153
 1.08667  -56.567  1.10168
 1.08682  -56.559  1.10183
 1.08697 -56.5511  1.10198
 1.08712 -56.5431  1.10213
 1.08727 -56.5352  1.10228
 1.08742 -56.5272  1.10243
 1.08757 -56.5193  1.10258
 1.08772 -56.5113  1.10273
 1.08787 -56.5034  1.10288
 1.08802 -56.4954  1.10288
 1.08817 -56.4875  1.10303
 1.08832 -56.4796  1.10318
 1.08847 -56.4716  1.10333
 1.08862 -56.4637  1.10348
 1.08877 -56.4558  1.10363
 1.08892 -56.4479  1.10378
 1.08907 -56.4399  1.10393
 1.08922  -56.432  1.10408
 1.08937 -56.4241  1.10423
 1.08952 -56.4162  1.10438
 1.08967 -56.4083  1.10438
 1.08982 -56.4004  1.10453
 1.08997 -56.3925  1.10468
 1.09012 -56.3846  1.10483
 1.09027 -56.3767  1.10498
 1.09042 -56.3688  1.10513
 1.09057 -56.3609  1.10528
 1.09072  -56.353  1.10543
 1.09087 -56.3451  1.10558
 1.09102 -56.3372  1.10573
 1.09117 -56.3293  1.10588
 1.09132 -56.3214  1.10603
 1.09147 -56.3136  1.10603
 1.09162 -56.3057  1.10618
 1.09177 -56.2978  1.10633
 1.09192 -56.2899  1.10648
 1.09207 -56.2821  1.10663
 1.09222 -56.2742  1.10678
 1.09237 -56.2663  1.10693
 1.09252 -56.2585  1.10708
 1.09267 -56.2506  1.10723
 1.09282 -56.2428  1.10738
 1.09297 -56.2349  1.10753
 1.09312 -56.2271  1.10768
 1.09327 -56.2192  1.10768
 1.09342 -56.2114  1.10783
 1.09357 -56.2035  1.10798
 1.09372 -56.1957  1.10813
 1.09387 -56.1878  1.10828
 1.09402   -56.18  1.10843
 1.09417 -56.1722  1.10858
 1.09432 -56.1643  1.10873
 1.09447 -56.1565  1.10888
 1.09462 -56.1487  1.10903
 1.09477 -56.1409  1.10918
 1.09492  -56.133  1.10918
 1.09507 -56.1252  1.10933
 1.09522 -56.1174  1.10948
 1.09537 -56.1096  1.10963
 1.09552 -56.1018  1.10978
 1.09567  -56.094  1.10993
 1.09582 -56.0862  1.11008
 1.09597 -56.0784  1.11023
 1.09612 -56.0706  1.11038
 1.09627 -56.0628  1.11053
 1.09642  -56.055  1.11068
 1.09657 -56.0472  1.11083
 1.09672 -56.0394  1.11083
 1.09687 -56.0316  1.11098
 1.09702 -56.0238  1.11113
 1.09717  -56.016  1.11128
 1.09732 -56.0083  1.11143
 1.09747 -56.0005  1.11158
 1.09762 -55.9927  1.11173
 1.09777 -55.9849  1.11188
 1.09792 -55.9772  1.11203
 1.09807 -55.9694  1.11218
 1.09822 -55.9616  1.11218
 1.09837 -55.9539  1.11233
 1.09852 -55.9461  1.11248
 1.09867 -55.9384  1.11263
 1.09882 -55.9306  1.11278
 1.09897 -55.9229  1.11293
 1.09912 -55.9151  1.11308
 1.09927 -55.9074  1.11323
 1.09942 -55.8996  1.11338
 1.09957 -55.8919  1.11353
 1.09972 -55.8842  1.11353
 1.09987 -55.8764  1.11368
 1.10003 -55.8687  1.11383
 1.10018  -55.861  1.11398
 1.10033 -55.8532  1.11413
 1.10048 -55.8455  1.11428
 1.10063 -55.8378  1.11443
 1.10078 -55.8301  1.11458
 1.10093 -55.8224  1.11473
 1.10108 -55.8147  1.11488
 1.10123 -55.8069  1.11503
 1.10138 -55.7992  1.11503
 1.10153 -55.7915  1.11518
 1.10168 -55.7838  1.11533
 1.10183 -55.7761  1.11548
 1.10198 -55.7684  1.11563
 1.10213 -55.7607  1.11578
 1.10228  -55.753  1.11593
 1.10243 -55.7454  1.11608
 1.10258 -55.7377  1.11623
 1.10273   -55.73  1.11623
 1.10288 -55.7223  1.11638
 1.10303 -55.7146  1.11653
 1.10318  -55.707  1.11668
 1.10333 -55.6993  1.11683
 1.10348 -55.6916  1.11698
 1.10363  -55.684  1.11713
 1.10378 -55.6763  1.11728
 1.10393 -55.6686  1.11743
 1.10408  -55.661  1.11758
 1.10423 -55.6533  1.11758
 1.10438 -55.6457  1.11773
 1.10453  -55.638  1.11788
 1.10468 -55.6304  1.11803
 1.10483 -55.6227  1.11818
 1.10498 -55.6151  1.11833
 1.10513 -55.6074  1.11848
 1.10528 -55.5998  1.11863
 1.10543 -55.5922  1.11878
 1.10558 -55.5845  1.11878
 1.10573 -55.5769  1.11893
 1.10588 -55.5693  1.11908
 1.10603 -55.5617  1.11923
 1.10618 -55.5541  1.11938
 1.10633 -55.5464  1.11953
 1.10648 -55.5388  1.11968
 1.10663 -55.5312  1.11983
 1.10678 -55.5236  1.11983
 1.10693  -55.516  1.11998
 1.10708 -55.5084  1.12014
 1.10723 -55.5008  1.12029
 1.10738 -55.4932  1.12044
 1.10753 -55.4856  1.12059
 1.10768  -55.478  1.12074
 1.10783 -55.4704  1.12089
 1.10798 -55.4628  1.12104
 1.10813 -55.4553  1.12104
 1.10828 -55.4477  1.12119
 1.10843 -55.4401  1.12134
 1.10858 -55.4325  1.12149
 1.10873  -55.425  1.12164
 1.10888 -55.4174  1.12179
 1.10903 -55.4098  1.12194
 1.10918 -55.4023  1.12209
 1.10933 -55.3947  1.12224
 1.10948 -55.3871  1.12224
 1.10963 -55.3796  1.12239
 1.10978  -55.372  1.12254
 1.10993 -55.3645  1.12269
 1.11008 -55.3569  1.12284
 1.11023 -55.3494  1.12299
 1.11038 -55.3418  1.12314
 1.11053 -55.3343  1.12329
 1.11068 -55.3268  1.12344
 1.11083 -55.3192  1.12344
 1.11098 -55.3117  1.12359
 1.11113 -55.3042  1.12374
 1.11128 -55.2967  1.12389
 1.11143 -55.2891  1.12404
 1.11158 -55.2816  1.12419
 1.11173 -55.2741  1.12434
 1.11188 -55.2666  1.12434
 1.11203 -55.2591  1.12449
 1.11218 -55.2516  1.12464
 1.11233 -55.2441  1.12479
 1.11248 -55.2366  1.12494
 1.11263 -55.2291  1.12494
 1.11278 -55.2216  1.12509
 1.11293 -55.2141  1.12524
 1.11308 -55.2066  1.12539
 1.11323 -55.1992  1.12554
 1.11338 -55.1917  1.12554
 1.11353 -55.1842  1.12569
 1.11368 -55.1768  1.12584
 1.11383 -55.1693  1.12599
 1.11398 -55.1618  1.12614
 1.11413 -55.1544  1.12614
 1.11428 -55.1469  1.12629
 1.11443 -55.1395  1.12644
 1.11458  -55.132  1.12659
 1.11473 -55.1246  1.12674
 1.11488 -55.1172  1.12674
 1.11503 -55.1097  1.12689
 1.11518 -55.1023  1.12704
 1.11533 -55.0949  1.12719
 1.11548 -55.0875  1.12734
 1.11563   -55.08  1.12734
 1.11578 -55.0726  1.12749
 1.11593 -55.0652  1.12764
 1.11608 -55.0578  1.12779
 1.11623 -55.0504  1.12794
 1.11638  -55.043  1.12794
 1.11653 -55.0356  1.12809
 1.11668 -55.0282  1.12824
 1.11683 -55.0208  1.12839
 1.11698 -55.0134  1.12854
 1.11713 -55.0061  1.12869
 1.11728 -54.9987  1.12869
 1.11743 -54.9913  1.12884
 1.11758 -54.9839  1.12899
 1.11773 -54.9766  1.12914
 1.11788 -54.9692  1.12929
 1.11803 -54.9618  1.12929
 1.11818 -54.9545  1.12944
 1.11833 -54.9471  1.12959
 1.11848 -54.9398  1.12974
 1.11863 -54.9324  1.12989
 1.11878 -54.9251  1.12989
 1.11893 -54.9178  1.13004
 1.11908 -54.9104  1.13019
 1.11923 -54.9031  1.13034
 1.11938 -54.8958  1.13049
 1.11953 -54.8884  1.13049
 1.11968 -54.8811  1.13064
 1.11983 -54.8738  1.13079
 1.11998 -54.8665  1.13094
 1.12014 -54.8592  1.13109
 1.12029 -54.8519  1.13109
 1.12044 -54.8446  1.13124
 1.12059 -54.8373  1.13139
 1.12074   -54.83  1.13154
 1.12089 -54.8227  1.13169
 1.12104 -54.8154  1.13169
 1.12119 -54.8081  1.13184
 1.12134 -54.8008  1.13199
 1.12149 -54.7936  1.13214
 1.12164 -54.7863  1.13229
 1.12179  -54.779  1.13229
 1.12194 -54.7718  1.13244
 1.12209 -54.7645  1.13259
 1.12224 -54.7572  1.13274
 1.12239   -54.75  1.13289
 1.12254 -54.7427  1.13289
 1.12269 -54.7355  1.13304
 1.12284 -54.7282  1.13319
 1.12299  -54.721  1.13334
 1.12314 -54.7138  1.13349
 1.12329 -54.7065  1.13349
 1.12344 -54.6993  1.13364
 1.12359 -54.6921  1.13379
 1.12374 -54.6849  1.13394
 1.12389 -54.6776  1.13409
 1.12404 -54.6704  1.13409
 1.12419 -54.6632  1.13424
 1.12434  -54.656  1.13439
 1.12449 -54.6488  1.13454
 1.12464 -54.6416  1.13469
 1.12479 -54.6344  1.13469
 1.12494 -54.6272  1.13484
 1.12509   -54.62  1.13499
 1.12524 -54.6128  1.13514
 1.12539 -54.6056  1.13529
 1.12554 -54.5985  1.13529
 1.12569 -54.5913  1.13544
 1.12584 -54.5841  1.13559
 1.12599  -54.577  1.13574
 1.12614 -54.5698  1.13589
 1.12629 -54.5626  1.13589
 1.12644 -54.5555  1.13604
 1.12659 -54.5483  1.13619
 1.12674 -54.5412  1.13634
 1.12689  -54.534  1.13649
 1.12704 -54.5269  1.13649
 1.12719 -54.5197  1.13664
 1.12734 -54.5126  1.13679
 1.12749 -54.5055  1.13694
 1.12764 -54.4983  1.13709
 1.12779 -54.4912  1.13709
 1.12794 -54.4841  1.13724
 1.12809  -54.477  1.13739
 1.12824 -54.4699  1.13754
 1.12839 -54.4628  1.13769
 1.12854 -54.4556  1.13769
 1.12869 -54.4485  1.13784
 1.12884 -54.4414  1.13799
 1.12899 -54.4343  1.13814
 1.12914 -54.4273  1.13829
 1.12929 -54.4202  1.13829
 1.12944 -54.4131  1.13844
 1.12959  -54.406  1.13859
 1.12974 -54.3989  1.13874
 1.12989 -54.3918  1.13889
 1.13004 -54.3848  1.13889
 1.13019 -54.3777  1.13904
 1.13034 -54.3706  1.13919
 1.13049 -54.3636  1.13934
 1.13064 -54.3565  1.13934
 1.13079 -54.3495  1.13949
 1.13094 -54.3424  1.13964
 1.13109 -54.3354  1.13979
 1.13124 -54.3283  1.13994
 1.13139 -54.3213  1.13994
 1.13154 -54.3143   1.1401
 1.13169 -54.3072  1.14025
 1.13184 -54.3002   1.1404
 1.13199 -54.2932  1.14055
 1.13214 -54.2862  1.14055
 1.13229 -54.2791   1.1407
 1.13244 -54.2721  1.14085
 1.13259 -54.2651    1.141
 1.13274 -54.2581  1.14115
 1.13289 -54.2511  1.14115
 1.13304 -54.2441   1.1413
 1.13319 -54.2371  1.14145
 1.13334 -54.2301   1.1416
 1.13349 -54.2231  1.14175
 1.13364 -54.2161  1.14175
 1.13379 -54.2092   1.1419
 1.13394 -54.2022  1.14205
 1.13409 -54.1952   1.1422
 1.13424 -54.1882   1.1422
 1.13439 -54.1813  1.14235
 1.13454 -54.1743   1.1425
 1.13469 -54.1673  1.14265
 1.13484 -54.1604   1.1428
 1.13499 -54.1534   1.1428
 1.13514 -54.1465  1.14295
 1.13529 -54.1395   1.1431
 1.13544 -54.1326  1.14325
 1.13559 -54.1256   1.1434
 1.13574 -54.1187   1.1434
 1.13589 -54.1118  1.14355
 1.13604 -54.1049   1.1437
 1.13619 -54.0979  1.14385
 1.13634  -54.091    1.144
 1.13649 -54.0841    1.144
 1.13664 -54.0772  1.14415
 1.13679 -54.0703   1.1443
 1.13694 -54.0634  1.14445
 1.13709 -54.0564   1.1446
 1.13724 -54.0495   1.1446
 1.13739 -54.0426  1.14475
 1.13754 -54.0358   1.1449
 1.13769 -54.0289  1.14505
 1.13784  -54.022  1.14505
 1.13799 -54.0151   1.1452
 1.13814 -54.0082  1.14535
 1.13829 -54.0014  1.14535
 1.13844 -53.9945   1.1455
 1.13859 -53.9876  1.14565
 1.13874 -53.9808   1.1458
 1.13889 -53.9739   1.1458
 1.13904 -53.9671  1.14595
 1.13919 -53.9602   1.1461
 1.13934 -53.9534   1.1461
 1.13949 -53.9465  1.14625
 1.13964 -53.9397   1.1464
 1.13979 -53.9329  1.14655
 1.13994  -53.926  1.14655
  1.1401 -53.9192   1.1467
 1.14025 -53.9124  1.14685
  1.1404 -53.9056  1.14685
 1.14055 -53.8988    1.147
  1.1407  -53.892  1.14715
 1.14085 -53.8852   1.1473
   1.141 -53.8784   1.1473
 1.14115 -53.8716  1.14745
  1.1413 -53.8648   1.1476
 1.14145  -53.858  1.14775
  1.1416 -53.8512  1.14775
 1.14175 -53.8445   1.1479
  1.1419 -53.8377  1.14805
 1.14205 -53.8309  1.14805
  1.1422 -53.8242   1.1482
 1.14235 -53.8174  1.14835
  1.1425 -53.8107   1.1485
 1.14265 -53.8039   1.1485
  1.1428 -53.7972  1.14865
 1.14295 -53.7904   1.1488
  1.1431 -53.7837  1.14895
 1.14325 -53.7769  1.14895
  1.1434 -53.7702   1.1491
 1.14355 -53.7635  1.14925
  1.1437 -53.7568  1.14925
 1.14385   -53.75   1.1494
   1.144 -53.7433  1.14955
 1.14415 -53.7366   1.1497
  1.1443 -53.7299   1.1497
 1.14445 -53.7232  1.14985
  1.1446 -53.7165     1.15
 1.14475 -53.7098     1.15
  1.1449 -53.7032     1.15
 1.14505 -53.6965     1.15
  1.1452 -53.6898     1.15
 1.14535 -53.6832     1.15
  1.1455 -53.6765     1.15
 1.14565 -53.6699     1.15
  1.1458 -53.6633     1.15
 1.14595 -53.6567     1.15
  1.1461 -53.6501     1.15
 1.14625 -53.6435     1.15
  1.1464  -53.637     1.15
 1.14655 -53.6304     1.15
  1.1467 -53.6239     1.15
 1.14685 -53.6174     1.15
   1.147 -53.6108     1.15
 1.14715 -53.6043     1.15
  1.1473 -53.5978     1.15
 1.14745 -53.5913     1.15
  1.1476 -53.5849     1.15
 1.14775 -53.5784     1.15
  1.1479  -53.572     1.15
 1.14805 -53.5655     1.15
  1.1482 -53.5591     1.15
 1.14835 -53.5527     1.15
  1.1485 -53.5463     1.15
 1.14865 -53.5399     1.15
  1.1488 -53.5335     1.15
 1.14895 -53.5271     1.15
  1.1491 -53.5207     1.15
 1.14925 -53.5144     1.15
  1.1494 -53.5081     1.15
 1.14955 -53.5017     1.15
  1.1497 -53.4954     1.15
 1.14985 -53.4891     1.15
    1.15 -53.4828     1.15