 kgrid  ValNew  Policy 
    0.85 -28.3486     0.85
 0.85015 -28.3333     0.85
  0.8503  -28.318     0.85
 0.85045 -28.3028     0.85
  0.8506 -28.2875     0.85
 0.85075 -28.2723     0.85
  0.8509 -28.2572     0.85
0.851051  -28.242     0.85
0.851201 -28.2269     0.85
0.851351 -28.2119     0.85
0.851501 -28.1968     0.85
0.851651 -28.1818     0.85
0.851801 -28.1669     0.85
0.851951 -28.1519     0.85
0.852101  -28.137     0.85
0.852251 -28.1221     0.85
0.852401 -28.1073     0.85
0.852551 -28.0924     0.85
0.852701 -28.0777     0.85
0.852851 -28.0629     0.85
0.853002 -28.0482     0.85
0.853152 -28.0335     0.85
0.853302 -28.0188     0.85
0.853452 -28.0042     0.85
0.853602 -27.9896     0.85
0.853752  -27.975     0.85
0.853902 -27.9604     0.85
0.854052 -27.9459     0.85
0.854202 -27.9314     0.85
0.854352  -27.917     0.85
0.854502 -27.9025     0.85
0.854652 -27.8881     0.85
0.854802 -27.8738     0.85
0.854952 -27.8594     0.85
0.855103 -27.8451     0.85
0.855253 -27.8308     0.85
0.855403 -27.8166     0.85
0.855553 -27.8024     0.85
0.855703 -27.7882     0.85
0.855853  -27.774     0.85
0.856003 -27.7599  0.85015
0.856153 -27.7457  0.85015
0.856303 -27.7316   0.8503
0.856453 -27.7175  0.85045
0.856603 -27.7034  0.85045
0.856753 -27.6893   0.8506
0.856903 -27.6753   0.8506
0.857054 -27.6612  0.85075
0.857204 -27.6472   0.8509
0.857354 -27.6332   0.8509
0.857504 -27.6192 0.851051
0.857654 -27.6052 0.851051
0.857804 -27.5912 0.851201
0.857954 -27.5772 0.851351
0.858104 -27.5632 0.851351
0.858254 -27.5493 0.851501
0.858404 -27.5354 0.851501
0.858554 -27.5214 0.851651
0.858704 -27.5075 0.851801
0.858854 -27.4936 0.851801
0.859005 -27.4797 0.851951
0.859155 -27.4659 0.852101
0.859305  -27.452 0.852101
0.859455 -27.4382 0.852251
0.859605 -27.4243 0.852251
0.859755 -27.4105 0.852401
0.859905 -27.3967 0.852551
0.860055 -27.3829 0.852551
0.860205 -27.3692 0.852701
0.860355 -27.3554 0.852701
0.860505 -27.3416 0.852851
0.860655 -27.3279 0.853002
0.860805 -27.3142 0.853002
0.860955 -27.3005 0.853152
0.861106 -27.2868 0.853302
0.861256 -27.2731 0.853302
0.861406 -27.2594 0.853452
0.861556 -27.2457 0.853452
0.861706 -27.2321 0.853602
0.861856 -27.2184 0.853752
0.862006 -27.2048 0.853752
0.862156 -27.1912 0.853902
0.862306 -27.1776 0.853902
0.862456  -27.164 0.854052
0.862606 -27.1504 0.854202
0.862756 -27.1369 0.854202
0.862906 -27.1233 0.854352
0.863057 -27.1098 0.854502
0.863207 -27.0962 0.854502
0.863357 -27.0827 0.854652
0.863507 -27.0692 0.854652
0.863657 -27.0557 0.854802
0.863807 -27.0423 0.854952
0.863957 -27.0288 0.854952
0.864107 -27.0153 0.855103
0.864257 -27.0019 0.855103
0.864407 -26.9885 0.855253
0.864557 -26.9751 0.855403
0.864707 -26.9617 0.855403
0.864857 -26.9483 0.855553
0.865008 -26.9349 0.855553
0.865158 -26.9215 0.855703
0.865308 -26.9082 0.855853
0.865458 -26.8948 0.855853
0.865608 -26.8815 0.856003
0.865758 -26.8682 0.856153
0.865908 -26.8549 0.856153
0.866058 -26.8416 0.856303
0.866208 -26.8283 0.856303
0.866358  -26.815 0.856453
0.866508 -26.8018 0.856603
0.866658 -26.7885 0.856603
0.866808 -26.7753 0.856753
0.866958 -26.7621 0.856753
0.867109 -26.7489 0.856903
0.867259 -26.7357 0.857054
0.867409 -26.7225 0.857054
0.867559 -26.7093 0.857204
0.867709 -26.6962 0.857354
0.867859  -26.683 0.857354
0.868009 -26.6699 0.857504
0.868159 -26.6568 0.857504
0.868309 -26.6437 0.857654
0.868459 -26.6306 0.857804
0.868609 -26.6175 0.857804
0.868759 -26.6044 0.857954
0.868909 -26.5913 0.858104
 0.86906 -26.5783 0.858104
 0.86921 -26.5652 0.858254
 0.86936 -26.5522 0.858404
 0.86951 -26.5392 0.858404
 0.86966 -26.5262 0.858554
 0.86981 -26.5132 0.858704
 0.86996 -26.5002 0.858704
 0.87011 -26.4872 0.858854
 0.87026 -26.4743 0.859005
 0.87041 -26.4613 0.859005
 0.87056 -26.4484 0.859155
 0.87071 -26.4354 0.859305
 0.87086 -26.4225 0.859305
0.871011 -26.4096 0.859455
0.871161 -26.3967 0.859455
0.871311 -26.3838 0.859605
0.871461 -26.3709 0.859755
0.871611  -26.358 0.859755
0.871761 -26.3452 0.859905
0.871911 -26.3323 0.860055
0.872061 -26.3195 0.860055
0.872211 -26.3067 0.860205
0.872361 -26.2938 0.860355
0.872511  -26.281 0.860505
0.872661 -26.2682 0.860505
0.872811 -26.2554 0.860655
0.872961 -26.2427 0.860655
0.873112 -26.2299 0.860805
0.873262 -26.2171 0.860955
0.873412 -26.2044 0.860955
0.873562 -26.1917 0.861106
0.873712 -26.1789 0.861256
0.873862 -26.1662 0.861406
0.874012 -26.1535 0.861406
0.874162 -26.1408 0.861556
0.874312 -26.1282 0.861556
0.874462 -26.1155 0.861706
0.874612 -26.1028 0.861856
0.874762 -26.0902 0.862006
0.874912 -26.0775 0.862006
0.875063 -26.0649 0.862156
0.875213 -26.0523 0.862156
0.875363 -26.0397 0.862306
0.875513 -26.0271 0.862456
0.875663 -26.0145 0.862456
0.875813 -26.0019 0.862606
0.875963 -25.9893 0.862756
0.876113 -25.9768 0.862756
0.876263 -25.9642 0.862906
0.876413 -25.9517 0.863057
0.876563 -25.9391 0.863057
0.876713 -25.9266 0.863207
0.876863 -25.9141 0.863357
0.877014 -25.9016 0.863507
0.877164 -25.8891 0.863507
0.877314 -25.8766 0.863657
0.877464 -25.8642 0.863807
0.877614 -25.8517 0.863807
0.877764 -25.8393 0.863957
0.877914 -25.8268 0.863957
0.878064 -25.8144 0.864107
0.878214  -25.802 0.864257
0.878364 -25.7896 0.864407
0.878514 -25.7772 0.864407
0.878664 -25.7648 0.864557
0.878814 -25.7524 0.864707
0.878964   -25.74 0.864707
0.879115 -25.7277 0.864857
0.879265 -25.7153 0.865008
0.879415  -25.703 0.865008
0.879565 -25.6907 0.865158
0.879715 -25.6784 0.865308
0.879865  -25.666 0.865308
0.880015 -25.6537 0.865458
0.880165 -25.6415 0.865608
0.880315 -25.6292 0.865608
0.880465 -25.6169 0.865758
0.880615 -25.6047 0.865908
0.880765 -25.5924 0.865908
0.880915 -25.5802 0.866058
0.881066 -25.5679 0.866208
0.881216 -25.5557 0.866208
0.881366 -25.5435 0.866358
0.881516 -25.5313 0.866508
0.881666 -25.5191 0.866508
0.881816 -25.5069 0.866658
0.881966 -25.4948 0.866808
0.882116 -25.4826 0.866808
0.882266 -25.4704 0.866958
0.882416 -25.4583 0.867109
0.882566 -25.4462 0.867109
0.882716  -25.434 0.867259
0.882866 -25.4219 0.867409
0.883017 -25.4098 0.867409
0.883167 -25.3977 0.867559
0.883317 -25.3857 0.867709
0.883467 -25.3736 0.867709
0.883617 -25.3615 0.867859
0.883767 -25.3495 0.868009
0.883917 -25.3374 0.868009
0.884067 -25.3254 0.868159
0.884217 -25.3134 0.868309
0.884367 -25.3013 0.868309
0.884517 -25.2893 0.868459
0.884667 -25.2773 0.868609
0.884817 -25.2654 0.868609
0.884967 -25.2534 0.868759
0.885118 -25.2414 0.868909
0.885268 -25.2294 0.868909
0.885418 -25.2175  0.86906
0.885568 -25.2056  0.86921
0.885718 -25.1936  0.86921
0.885868 -25.1817  0.86936
0.886018 -25.1698  0.86951
0.886168 -25.1579  0.86951
0.886318  -25.146  0.86966
0.886468 -25.1341  0.86981
0.886618 -25.1222  0.86981
0.886768 -25.1104  0.86996
0.886918 -25.0985  0.87011
0.887069 -25.0867  0.87011
0.887219 -25.0748  0.87026
0.887369  -25.063  0.87041
0.887519 -25.0512  0.87041
0.887669 -25.0394  0.87056
0.887819 -25.0276  0.87071
0.887969 -25.0158  0.87071
0.888119  -25.004  0.87086
0.888269 -24.9923 0.871011
0.888419 -24.9805 0.871011
0.888569 -24.9687 0.871161
0.888719  -24.957 0.871311
0.888869 -24.9453 0.871311
 0.88902 -24.9335 0.871461
 0.88917 -24.9218 0.871611
 0.88932 -24.9101 0.871761
 0.88947 -24.8984 0.871761
 0.88962 -24.8867 0.871911
 0.88977 -24.8751 0.872061
 0.88992 -24.8634 0.872061
 0.89007 -24.8517 0.872211
 0.89022 -24.8401 0.872361
 0.89037 -24.8284 0.872361
 0.89052 -24.8168 0.872511
 0.89067 -24.8052 0.872661
 0.89082 -24.7936 0.872661
 0.89097  -24.782 0.872811
0.891121 -24.7704 0.872961
0.891271 -24.7588 0.872961
0.891421 -24.7472 0.873112
0.891571 -24.7356 0.873262
0.891721 -24.7241 0.873262
0.891871 -24.7125 0.873412
0.892021  -24.701 0.873562
0.892171 -24.6894 0.873562
0.892321 -24.6779 0.873712
0.892471 -24.6664 0.873862
0.892621 -24.6549 0.873862
0.892771 -24.6434 0.874012
0.892921 -24.6319 0.874162
0.893072 -24.6204 0.874162
0.893222  -24.609 0.874312
0.893372 -24.5975 0.874462
0.893522  -24.586 0.874612
0.893672 -24.5746 0.874612
0.893822 -24.5632 0.874762
0.893972 -24.5517 0.874912
0.894122 -24.5403 0.874912
0.894272 -24.5289 0.875063
0.894422 -24.5175 0.875213
0.894572 -24.5061 0.875213
0.894722 -24.4947 0.875363
0.894872 -24.4834 0.875513
0.895023  -24.472 0.875513
0.895173 -24.4606 0.875663
0.895323 -24.4493 0.875813
0.895473  -24.438 0.875813
0.895623 -24.4266 0.875963
0.895773 -24.4153 0.876113
0.895923  -24.404 0.876113
0.896073 -24.3927 0.876263
0.896223 -24.3814 0.876413
0.896373 -24.3701 0.876413
0.896523 -24.3588 0.876563
0.896673 -24.3476 0.876713
0.896823 -24.3363 0.876713
0.896973 -24.3251 0.876863
0.897124 -24.3138 0.877014
0.897274 -24.3026 0.877014
0.897424 -24.2913 0.877164
0.897574 -24.2801 0.877314
0.897724 -24.2689 0.877464
0.897874 -24.2577 0.877464
0.898024 -24.2465 0.877614
0.898174 -24.2353 0.877764
0.898324 -24.2242 0.877914
0.898474  -24.213 0.877914
0.898624 -24.2018 0.878064
0.898774 -24.1907 0.878214
0.898924 -24.1795 0.878364
0.899075 -24.1684 0.878364
0.899225 -24.1572 0.878514
0.899375 -24.1461 0.878664
0.899525  -24.135 0.878814
0.899675 -24.1239 0.878814
0.899825 -24.1127 0.878964
0.899975 -24.1016 0.879115
0.900125 -24.0905 0.879265
0.900275 -24.0795 0.879265
0.900425 -24.0684 0.879415
0.900575 -24.0573 0.879565
0.900725 -24.0462 0.879715
0.900875 -24.0352 0.879715
0.901026 -24.0241 0.879865
0.901176 -24.0131 0.880015
0.901326 -24.0021 0.880165
0.901476  -23.991 0.880165
0.901626   -23.98 0.880315
0.901776  -23.969 0.880465
0.901926  -23.958 0.880615
0.902076  -23.947 0.880615
0.902226  -23.936 0.880765
0.902376  -23.925 0.880915
0.902526  -23.914 0.881066
0.902676  -23.903 0.881066
0.902826 -23.8921 0.881216
0.902976 -23.8811 0.881366
0.903127 -23.8702 0.881516
0.903277 -23.8592 0.881516
0.903427 -23.8483 0.881666
0.903577 -23.8373 0.881816
0.903727 -23.8264 0.881966
0.903877 -23.8155 0.881966
0.904027 -23.8046 0.882116
0.904177 -23.7937 0.882266
0.904327 -23.7828 0.882416
0.904477 -23.7719 0.882416
0.904627  -23.761 0.882566
0.904777 -23.7501 0.882716
0.904927 -23.7393 0.882866
0.905078 -23.7284 0.882866
0.905228 -23.7176 0.883017
0.905378 -23.7067 0.883167
0.905528 -23.6959 0.883317
0.905678  -23.685 0.883317
0.905828 -23.6742 0.883467
0.905978 -23.6634 0.883617
0.906128 -23.6526 0.883767
0.906278 -23.6418 0.883767
0.906428  -23.631 0.883917
0.906578 -23.6202 0.884067
0.906728 -23.6094 0.884217
0.906878 -23.5986 0.884217
0.907029 -23.5878 0.884367
0.907179 -23.5771 0.884517
0.907329 -23.5663 0.884667
0.907479 -23.5556 0.884667
0.907629 -23.5448 0.884817
0.907779 -23.5341 0.884967
0.907929 -23.5233 0.885118
0.908079 -23.5126 0.885118
0.908229 -23.5019 0.885268
0.908379 -23.4912 0.885418
0.908529 -23.4805 0.885568
0.908679 -23.4698 0.885568
0.908829 -23.4591 0.885718
0.908979 -23.4484 0.885868
 0.90913 -23.4377 0.886018
 0.90928 -23.4271 0.886018
 0.90943 -23.4164 0.886168
 0.90958 -23.4057 0.886318
 0.90973 -23.3951 0.886468
 0.90988 -23.3845 0.886468
 0.91003 -23.3738 0.886618
 0.91018 -23.3632 0.886768
 0.91033 -23.3526 0.886918
 0.91048  -23.342 0.886918
 0.91063 -23.3313 0.887069
 0.91078 -23.3207 0.887219
 0.91093 -23.3101 0.887369
0.911081 -23.2996 0.887369
0.911231  -23.289 0.887519
0.911381 -23.2784 0.887669
0.911531 -23.2678 0.887819
0.911681 -23.2573 0.887969
0.911831 -23.2467 0.887969
0.911981 -23.2362 0.888119
0.912131 -23.2256 0.888269
0.912281 -23.2151 0.888419
0.912431 -23.2046 0.888419
0.912581  -23.194 0.888569
0.912731 -23.1835 0.888719
0.912881  -23.173 0.888869
0.913032 -23.1625 0.888869
0.913182  -23.152  0.88902
0.913332 -23.1415  0.88917
0.913482  -23.131  0.88932
0.913632 -23.1206  0.88932
0.913782 -23.1101  0.88947
0.913932 -23.0996  0.88962
0.914082 -23.0892  0.88977
0.914232 -23.0787  0.88977
0.914382 -23.0683  0.88992
0.914532 -23.0579  0.89007
0.914682 -23.0474  0.89022
0.914832  -23.037  0.89022
0.914982 -23.0266  0.89037
0.915133 -23.0162  0.89052
0.915283 -23.0058  0.89067
0.915433 -22.9954  0.89067
0.915583  -22.985  0.89082
0.915733 -22.9746  0.89097
0.915883 -22.9642 0.891121
0.916033 -22.9539 0.891121
0.916183 -22.9435 0.891271
0.916333 -22.9331 0.891421
0.916483 -22.9228 0.891571
0.916633 -22.9124 0.891571
0.916783 -22.9021 0.891721
0.916933 -22.8918 0.891871
0.917084 -22.8814 0.892021
0.917234 -22.8711 0.892021
0.917384 -22.8608 0.892171
0.917534 -22.8505 0.892321
0.917684 -22.8402 0.892471
0.917834 -22.8299 0.892471
0.917984 -22.8196 0.892621
0.918134 -22.8093 0.892771
0.918284 -22.7991 0.892921
0.918434 -22.7888 0.892921
0.918584 -22.7785 0.893072
0.918734 -22.7683 0.893222
0.918884  -22.758 0.893372
0.919035 -22.7478 0.893372
0.919185 -22.7375 0.893522
0.919335 -22.7273 0.893672
0.919485 -22.7171 0.893822
0.919635 -22.7069 0.893972
0.919785 -22.6967 0.893972
0.919935 -22.6865 0.894122
0.920085 -22.6763 0.894272
0.920235 -22.6661 0.894422
0.920385 -22.6559 0.894422
0.920535 -22.6457 0.894572
0.920685 -22.6355 0.894722
0.920835 -22.6254 0.894872
0.920985 -22.6152 0.894872
0.921136  -22.605 0.895023
0.921286 -22.5949 0.895173
0.921436 -22.5848 0.895323
0.921586 -22.5746 0.895323
0.921736 -22.5645 0.895473
0.921886 -22.5544 0.895623
0.922036 -22.5442 0.895773
0.922186 -22.5341 0.895773
0.922336  -22.524 0.895923
0.922486 -22.5139 0.896073
0.922636 -22.5038 0.896223
0.922786 -22.4938 0.896223
0.922936 -22.4837 0.896373
0.923087 -22.4736 0.896523
0.923237 -22.4635 0.896673
0.923387 -22.4535 0.896673
0.923537 -22.4434 0.896823
0.923687 -22.4334 0.896973
0.923837 -22.4233 0.897124
0.923987 -22.4133 0.897124
0.924137 -22.4033 0.897274
0.924287 -22.3932 0.897424
0.924437 -22.3832 0.897574
0.924587 -22.3732 0.897574
0.924737 -22.3632 0.897724
0.924887 -22.3532 0.897874
0.925038 -22.3432 0.898024
0.925188 -22.3332 0.898024
0.925338 -22.3232 0.898174
0.925488 -22.3133 0.898324
0.925638 -22.3033 0.898474
0.925788 -22.2933 0.898624
0.925938 -22.2834 0.898624
0.926088 -22.2734 0.898774
0.926238 -22.2635 0.898924
0.926388 -22.2535 0.899075
0.926538 -22.2436 0.899075
0.926688 -22.2337 0.899225
0.926838 -22.2238 0.899375
0.926988 -22.2138 0.899525
0.927139 -22.2039 0.899525
0.927289  -22.194 0.899675
0.927439 -22.1841 0.899825
0.927589 -22.1742 0.899975
0.927739 -22.1644 0.899975
0.927889 -22.1545 0.900125
0.928039 -22.1446 0.900275
0.928189 -22.1347 0.900425
0.928339 -22.1249 0.900575
0.928489  -22.115 0.900575
0.928639 -22.1052 0.900725
0.928789 -22.0953 0.900875
0.928939 -22.0855 0.901026
 0.92909 -22.0757 0.901026
 0.92924 -22.0658 0.901176
 0.92939  -22.056 0.901326
 0.92954 -22.0462 0.901476
 0.92969 -22.0364 0.901476
 0.92984 -22.0266 0.901626
 0.92999 -22.0168 0.901776
 0.93014  -22.007 0.901926
 0.93029 -21.9972 0.901926
 0.93044 -21.9875 0.902076
 0.93059 -21.9777 0.902226
 0.93074 -21.9679 0.902376
 0.93089 -21.9582 0.902376
0.931041 -21.9484 0.902526
0.931191 -21.9387 0.902676
0.931341 -21.9289 0.902826
0.931491 -21.9192 0.902976
0.931641 -21.9095 0.902976
0.931791 -21.8997 0.903127
0.931941   -21.89 0.903277
0.932091 -21.8803 0.903427
0.932241 -21.8706 0.903427
0.932391 -21.8609 0.903577
0.932541 -21.8512 0.903727
0.932691 -21.8415 0.903877
0.932841 -21.8318 0.903877
0.932991 -21.8221 0.904027
0.933142 -21.8125 0.904177
0.933292 -21.8028 0.904327
0.933442 -21.7931 0.904477
0.933592 -21.7835 0.904477
0.933742 -21.7738 0.904627
0.933892 -21.7642 0.904777
0.934042 -21.7546 0.904927
0.934192 -21.7449 0.904927
0.934342 -21.7353 0.905078
0.934492 -21.7257 0.905228
0.934642 -21.7161 0.905378
0.934792 -21.7065 0.905378
0.934942 -21.6969 0.905528
0.935093 -21.6873 0.905678
0.935243 -21.6777 0.905828
0.935393 -21.6681 0.905828
0.935543 -21.6585 0.905978
0.935693 -21.6489 0.906128
0.935843 -21.6394 0.906278
0.935993 -21.6298 0.906278
0.936143 -21.6202 0.906428
0.936293 -21.6107 0.906578
0.936443 -21.6011 0.906728
0.936593 -21.5916 0.906728
0.936743 -21.5821 0.906878
0.936893 -21.5725 0.907029
0.937044  -21.563 0.907179
0.937194 -21.5535 0.907329
0.937344  -21.544 0.907329
0.937494 -21.5345 0.907479
0.937644  -21.525 0.907629
0.937794 -21.5155 0.907779
0.937944  -21.506 0.907779
0.938094 -21.4965 0.907929
0.938244  -21.487 0.908079
0.938394 -21.4776 0.908229
0.938544 -21.4681 0.908229
0.938694 -21.4586 0.908379
0.938844 -21.4492 0.908529
0.938994 -21.4397 0.908679
0.939145 -21.4303 0.908679
0.939295 -21.4209 0.908829
0.939445 -21.4114 0.908979
0.939595  -21.402  0.90913
0.939745 -21.3926  0.90913
0.939895 -21.3832  0.90928
0.940045 -21.3738  0.90943
0.940195 -21.3644  0.90958
0.940345  -21.355  0.90958
0.940495 -21.3456  0.90973
0.940645 -21.3362  0.90988
0.940795 -21.3268  0.91003
0.940945 -21.3174  0.91018
0.941096  -21.308  0.91018
0.941246 -21.2987  0.91033
0.941396 -21.2893  0.91048
0.941546   -21.28  0.91063
0.941696 -21.2706  0.91063
0.941846 -21.2613  0.91078
0.941996 -21.2519  0.91093
0.942146 -21.2426 0.911081
0.942296 -21.2333 0.911231
0.942446  -21.224 0.911231
0.942596 -21.2146 0.911381
0.942746 -21.2053 0.911531
0.942896  -21.196 0.911681
0.943047 -21.1867 0.911681
0.943197 -21.1774 0.911831
0.943347 -21.1681 0.911981
0.943497 -21.1589 0.912131
0.943647 -21.1496 0.912131
0.943797 -21.1403 0.912281
0.943947  -21.131 0.912431
0.944097 -21.1218 0.912581
0.944247 -21.1125 0.912581
0.944397 -21.1033 0.912731
0.944547  -21.094 0.912881
0.944697 -21.0848 0.913032
0.944847 -21.0756 0.913182
0.944997 -21.0663 0.913182
0.945148 -21.0571 0.913332
0.945298 -21.0479 0.913482
0.945448 -21.0387 0.913632
0.945598 -21.0295 0.913632
0.945748 -21.0203 0.913782
0.945898 -21.0111 0.913932
0.946048 -21.0019 0.914082
0.946198 -20.9927 0.914232
0.946348 -20.9835 0.914232
0.946498 -20.9743 0.914382
0.946648 -20.9652 0.914532
0.946798  -20.956 0.914682
0.946948 -20.9468 0.914682
0.947099 -20.9377 0.914832
0.947249 -20.9285 0.914982
0.947399 -20.9194 0.915133
0.947549 -20.9102 0.915283
0.947699 -20.9011 0.915283
0.947849  -20.892 0.915433
0.947999 -20.8829 0.915583
0.948149 -20.8737 0.915733
0.948299 -20.8646 0.915733
0.948449 -20.8555 0.915883
0.948599 -20.8464 0.916033
0.948749 -20.8373 0.916183
0.948899 -20.8282 0.916183
 0.94905 -20.8191 0.916333
  0.9492 -20.8101 0.916483
 0.94935  -20.801 0.916633
  0.9495 -20.7919 0.916633
 0.94965 -20.7829 0.916783
  0.9498 -20.7738 0.916933
 0.94995 -20.7647 0.917084
  0.9501 -20.7557 0.917234
 0.95025 -20.7467 0.917234
  0.9504 -20.7376 0.917384
 0.95055 -20.7286 0.917534
  0.9507 -20.7196 0.917684
 0.95085 -20.7105 0.917684
0.951001 -20.7015 0.917834
0.951151 -20.6925 0.917984
0.951301 -20.6835 0.918134
0.951451 -20.6745 0.918134
0.951601 -20.6655 0.918284
0.951751 -20.6565 0.918434
0.951901 -20.6475 0.918584
0.952051 -20.6385 0.918734
0.952201 -20.6296 0.918734
0.952351 -20.6206 0.918884
0.952501 -20.6116 0.919035
0.952651 -20.6027 0.919185
0.952801 -20.5937 0.919185
0.952951 -20.5848 0.919335
0.953102 -20.5758 0.919485
0.953252 -20.5669 0.919635
0.953402  -20.558 0.919635
0.953552  -20.549 0.919785
0.953702 -20.5401 0.919935
0.953852 -20.5312 0.920085
0.954002 -20.5223 0.920235
0.954152 -20.5134 0.920235
0.954302 -20.5045 0.920385
0.954452 -20.4956 0.920535
0.954602 -20.4867 0.920685
0.954752 -20.4778 0.920685
0.954902 -20.4689 0.920835
0.955053   -20.46 0.920985
0.955203 -20.4511 0.921136
0.955353 -20.4423 0.921136
0.955503 -20.4334 0.921286
0.955653 -20.4246 0.921436
0.955803 -20.4157 0.921586
0.955953 -20.4069 0.921736
0.956103  -20.398 0.921736
0.956253 -20.3892 0.921886
0.956403 -20.3803 0.922036
0.956553 -20.3715 0.922186
0.956703 -20.3627 0.922186
0.956853 -20.3539 0.922336
0.957004 -20.3451 0.922486
0.957154 -20.3363 0.922636
0.957304 -20.3275 0.922636
0.957454 -20.3187 0.922786
0.957604 -20.3099 0.922936
0.957754 -20.3011 0.923087
0.957904 -20.2923 0.923237
0.958054 -20.2835 0.923237
0.958204 -20.2748 0.923387
0.958354  -20.266 0.923537
0.958504 -20.2572 0.923687
0.958654 -20.2485 0.923687
0.958804 -20.2397 0.923837
0.958954  -20.231 0.923987
0.959105 -20.2223 0.924137
0.959255 -20.2135 0.924137
0.959405 -20.2048 0.924287
0.959555 -20.1961 0.924437
0.959705 -20.1873 0.924587
0.959855 -20.1786 0.924737
0.960005 -20.1699 0.924737
0.960155 -20.1612 0.924887
0.960305 -20.1525 0.925038
0.960455 -20.1438 0.925188
0.960605 -20.1351 0.925188
0.960755 -20.1264 0.925338
0.960905 -20.1178 0.925488
0.961056 -20.1091 0.925638
0.961206 -20.1004 0.925638
0.961356 -20.0917 0.925788
0.961506 -20.0831 0.925938
0.961656 -20.0744 0.926088
0.961806 -20.0658 0.926238
0.961956 -20.0571 0.926238
0.962106 -20.0485 0.926388
0.962256 -20.0399 0.926538
0.962406 -20.0312 0.926688
0.962556 -20.0226 0.926688
0.962706  -20.014 0.926838
0.962856 -20.0054 0.926988
0.963007 -19.9968 0.927139
0.963157 -19.9882 0.927139
0.963307 -19.9795 0.927289
0.963457  -19.971 0.927439
0.963607 -19.9624 0.927589
0.963757 -19.9538 0.927589
0.963907 -19.9452 0.927739
0.964057 -19.9366 0.927889
0.964207  -19.928 0.928039
0.964357 -19.9195 0.928189
0.964507 -19.9109 0.928189
0.964657 -19.9024 0.928339
0.964807 -19.8938 0.928489
0.964957 -19.8853 0.928639
0.965108 -19.8767 0.928639
0.965258 -19.8682 0.928789
0.965408 -19.8597 0.928939
0.965558 -19.8511  0.92909
0.965708 -19.8426  0.92909
0.965858 -19.8341  0.92924
0.966008 -19.8256  0.92939
0.966158 -19.8171  0.92954
0.966308 -19.8086  0.92969
0.966458 -19.8001  0.92969
0.966608 -19.7916  0.92984
0.966758 -19.7831  0.92999
0.966908 -19.7746  0.93014
0.967059 -19.7661  0.93014
0.967209 -19.7576  0.93029
0.967359 -19.7492  0.93044
0.967509 -19.7407  0.93059
0.967659 -19.7322  0.93074
0.967809 -19.7238  0.93074
0.967959 -19.7153  0.93089
0.968109 -19.7069 0.931041
0.968259 -19.6984 0.931191
0.968409   -19.69 0.931191
0.968559 -19.6816 0.931341
0.968709 -19.6731 0.931491
0.968859 -19.6647 0.931641
 0.96901 -19.6563 0.931791
 0.96916 -19.6479 0.931791
 0.96931 -19.6395 0.931941
 0.96946 -19.6311 0.932091
 0.96961 -19.6227 0.932241
 0.96976 -19.6143 0.932241
 0.96991 -19.6059 0.932391
 0.97006 -19.5975 0.932541
 0.97021 -19.5891 0.932691
 0.97036 -19.5808 0.932841
 0.97051 -19.5724 0.932841
 0.97066  -19.564 0.932991
 0.97081 -19.5556 0.933142
 0.97096 -19.5473 0.933292
0.971111 -19.5389 0.933292
0.971261 -19.5306 0.933442
0.971411 -19.5222 0.933592
0.971561 -19.5139 0.933742
0.971711 -19.5056 0.933892
0.971861 -19.4972 0.933892
0.972011 -19.4889 0.934042
0.972161 -19.4806 0.934192
0.972311 -19.4723 0.934342
0.972461  -19.464 0.934342
0.972611 -19.4557 0.934492
0.972761 -19.4474 0.934642
0.972911 -19.4391 0.934792
0.973062 -19.4308 0.934942
0.973212 -19.4225 0.934942
0.973362 -19.4142 0.935093
0.973512 -19.4059 0.935243
0.973662 -19.3976 0.935393
0.973812 -19.3894 0.935393
0.973962 -19.3811 0.935543
0.974112 -19.3729 0.935693
0.974262 -19.3646 0.935843
0.974412 -19.3563 0.935843
0.974562 -19.3481 0.935993
0.974712 -19.3399 0.936143
0.974862 -19.3316 0.936293
0.975013 -19.3234 0.936443
0.975163 -19.3152 0.936443
0.975313 -19.3069 0.936593
0.975463 -19.2987 0.936743
0.975613 -19.2905 0.936893
0.975763 -19.2823 0.936893
0.975913 -19.2741 0.937044
0.976063 -19.2659 0.937194
0.976213 -19.2577 0.937344
0.976363 -19.2495 0.937494
0.976513 -19.2413 0.937494
0.976663 -19.2331 0.937644
0.976813 -19.2249 0.937794
0.976963 -19.2168 0.937944
0.977114 -19.2086 0.937944
0.977264 -19.2004 0.938094
0.977414 -19.1923 0.938244
0.977564 -19.1841 0.938394
0.977714  -19.176 0.938544
0.977864 -19.1678 0.938544
0.978014 -19.1597 0.938694
0.978164 -19.1515 0.938844
0.978314 -19.1434 0.938994
0.978464 -19.1353 0.938994
0.978614 -19.1272 0.939145
0.978764  -19.119 0.939295
0.978914 -19.1109 0.939445
0.979065 -19.1028 0.939595
0.979215 -19.0947 0.939595
0.979365 -19.0866 0.939745
0.979515 -19.0785 0.939895
0.979665 -19.0704 0.940045
0.979815 -19.0623 0.940045
0.979965 -19.0542 0.940195
0.980115 -19.0462 0.940345
0.980265 -19.0381 0.940495
0.980415   -19.03 0.940645
0.980565 -19.0219 0.940645
0.980715 -19.0139 0.940795
0.980865 -19.0058 0.940945
0.981016 -18.9978 0.941096
0.981166 -18.9897 0.941096
0.981316 -18.9817 0.941246
0.981466 -18.9736 0.941396
0.981616 -18.9656 0.941546
0.981766 -18.9576 0.941696
0.981916 -18.9496 0.941696
0.982066 -18.9415 0.941846
0.982216 -18.9335 0.941996
0.982366 -18.9255 0.942146
0.982516 -18.9175 0.942146
0.982666 -18.9095 0.942296
0.982816 -18.9015 0.942446
0.982966 -18.8935 0.942596
0.983117 -18.8855 0.942596
0.983267 -18.8775 0.942746
0.983417 -18.8695 0.942896
0.983567 -18.8616 0.943047
0.983717 -18.8536 0.943197
0.983867 -18.8456 0.943197
0.984017 -18.8376 0.943347
0.984167 -18.8297 0.943497
0.984317 -18.8217 0.943647
0.984467 -18.8138 0.943647
0.984617 -18.8058 0.943797
0.984767 -18.7979 0.943947
0.984917   -18.79 0.944097
0.985068  -18.782 0.944247
0.985218 -18.7741 0.944247
0.985368 -18.7662 0.944397
0.985518 -18.7582 0.944547
0.985668 -18.7503 0.944697
0.985818 -18.7424 0.944697
0.985968 -18.7345 0.944847
0.986118 -18.7266 0.944997
0.986268 -18.7187 0.945148
0.986418 -18.7108 0.945148
0.986568 -18.7029 0.945298
0.986718  -18.695 0.945448
0.986868 -18.6872 0.945598
0.987019 -18.6793 0.945748
0.987169 -18.6714 0.945748
0.987319 -18.6635 0.945898
0.987469 -18.6557 0.946048
0.987619 -18.6478 0.946198
0.987769   -18.64 0.946198
0.987919 -18.6321 0.946348
0.988069 -18.6243 0.946498
0.988219 -18.6164 0.946648
0.988369 -18.6086 0.946648
0.988519 -18.6007 0.946798
0.988669 -18.5929 0.946948
0.988819 -18.5851 0.947099
0.988969 -18.5773 0.947249
 0.98912 -18.5695 0.947249
 0.98927 -18.5616 0.947399
 0.98942 -18.5538 0.947549
 0.98957  -18.546 0.947699
 0.98972 -18.5382 0.947849
 0.98987 -18.5304 0.947849
 0.99002 -18.5226 0.947999
 0.99017 -18.5148 0.948149
 0.99032 -18.5071 0.948299
 0.99047 -18.4993 0.948299
 0.99062 -18.4915 0.948449
 0.99077 -18.4837 0.948599
 0.99092  -18.476 0.948749
0.991071 -18.4682 0.948899
0.991221 -18.4605 0.948899
0.991371 -18.4527  0.94905
0.991521  -18.445   0.9492
0.991671 -18.4372  0.94935
0.991821 -18.4295  0.94935
0.991971 -18.4217   0.9495
0.992121  -18.414  0.94965
0.992271 -18.4063   0.9498
0.992421 -18.3986  0.94995
0.992571 -18.3908  0.94995
0.992721 -18.3831   0.9501
0.992871 -18.3754  0.95025
0.993022 -18.3677   0.9504
0.993172   -18.36   0.9504
0.993322 -18.3523  0.95055
0.993472 -18.3446   0.9507
0.993622 -18.3369  0.95085
0.993772 -18.3292  0.95085
0.993922 -18.3216 0.951001
0.994072 -18.3139 0.951151
0.994222 -18.3062 0.951301
0.994372 -18.2985 0.951451
0.994522 -18.2909 0.951451
0.994672 -18.2832 0.951601
0.994822 -18.2756 0.951751
0.994972 -18.2679 0.951901
0.995123 -18.2603 0.951901
0.995273 -18.2526 0.952051
0.995423  -18.245 0.952201
0.995573 -18.2373 0.952351
0.995723 -18.2297 0.952501
0.995873 -18.2221 0.952501
0.996023 -18.2145 0.952651
0.996173 -18.2068 0.952801
0.996323 -18.1992 0.952951
0.996473 -18.1916 0.952951
0.996623  -18.184 0.953102
0.996773 -18.1764 0.953252
0.996923 -18.1688 0.953402
0.997074 -18.1612 0.953402
0.997224 -18.1536 0.953552
0.997374  -18.146 0.953702
0.997524 -18.1384 0.953852
0.997674 -18.1309 0.954002
0.997824 -18.1233 0.954002
0.997974 -18.1157 0.954152
0.998124 -18.1082 0.954302
0.998274 -18.1006 0.954452
0.998424  -18.093 0.954452
0.998574 -18.0855 0.954602
0.998724 -18.0779 0.954752
0.998874 -18.0704 0.954902
0.999025 -18.0629 0.955053
0.999175 -18.0553 0.955053
0.999325 -18.0478 0.955203
0.999475 -18.0403 0.955353
0.999625 -18.0327 0.955503
0.999775 -18.0252 0.955503
0.999925 -18.0177 0.955653
 1.00008 -18.0102 0.955803
 1.00023 -18.0027 0.955953
 1.00038 -17.9952 0.956103
 1.00053 -17.9877 0.956103
 1.00068 -17.9802 0.956253
 1.00083 -17.9727 0.956403
 1.00098 -17.9652 0.956553
 1.00113 -17.9577 0.956553
 1.00128 -17.9502 0.956703
 1.00143 -17.9428 0.956853
 1.00158 -17.9353 0.957004
 1.00173 -17.9278 0.957154
 1.00188 -17.9204 0.957154
 1.00203 -17.9129 0.957304
 1.00218 -17.9055 0.957454
 1.00233  -17.898 0.957604
 1.00248 -17.8906 0.957604
 1.00263 -17.8831 0.957754
 1.00278 -17.8757 0.957904
 1.00293 -17.8682 0.958054
 1.00308 -17.8608 0.958204
 1.00323 -17.8534 0.958204
 1.00338  -17.846 0.958354
 1.00353 -17.8385 0.958504
 1.00368 -17.8311 0.958654
 1.00383 -17.8237 0.958654
 1.00398 -17.8163 0.958804
 1.00413 -17.8089 0.958954
 1.00428 -17.8015 0.959105
 1.00443 -17.7941 0.959105
 1.00458 -17.7867 0.959255
 1.00473 -17.7793 0.959405
 1.00488  -17.772 0.959555
 1.00503 -17.7646 0.959705
 1.00518 -17.7572 0.959705
 1.00533 -17.7498 0.959855
 1.00548 -17.7425 0.960005
 1.00563 -17.7351 0.960155
 1.00578 -17.7277 0.960155
 1.00593 -17.7204 0.960305
 1.00608  -17.713 0.960455
 1.00623 -17.7057 0.960605
 1.00638 -17.6983 0.960755
 1.00653  -17.691 0.960755
 1.00668 -17.6837 0.960905
 1.00683 -17.6763 0.961056
 1.00698  -17.669 0.961206
 1.00713 -17.6617 0.961206
 1.00728 -17.6544 0.961356
 1.00743 -17.6471 0.961506
 1.00758 -17.6397 0.961656
 1.00773 -17.6324 0.961806
 1.00788 -17.6251 0.961806
 1.00803 -17.6178 0.961956
 1.00818 -17.6105 0.962106
 1.00833 -17.6033 0.962256
 1.00848  -17.596 0.962256
 1.00863 -17.5887 0.962406
 1.00878 -17.5814 0.962556
 1.00893 -17.5741 0.962706
 1.00908 -17.5669 0.962706
 1.00923 -17.5596 0.962856
 1.00938 -17.5523 0.963007
 1.00953 -17.5451 0.963157
 1.00968 -17.5378 0.963307
 1.00983 -17.5306 0.963307
 1.00998 -17.5233 0.963457
 1.01013 -17.5161 0.963607
 1.01028 -17.5088 0.963757
 1.01043 -17.5016 0.963757
 1.01058 -17.4943 0.963907
 1.01073 -17.4871 0.964057
 1.01088 -17.4799 0.964207
 1.01103 -17.4727 0.964357
 1.01118 -17.4655 0.964357
 1.01133 -17.4582 0.964507
 1.01148  -17.451 0.964657
 1.01163 -17.4438 0.964807
 1.01178 -17.4366 0.964807
 1.01193 -17.4294 0.964957
 1.01208 -17.4222 0.965108
 1.01223  -17.415 0.965258
 1.01238 -17.4079 0.965408
 1.01253 -17.4007 0.965408
 1.01268 -17.3935 0.965558
 1.01283 -17.3863 0.965708
 1.01298 -17.3792 0.965858
 1.01313  -17.372 0.965858
 1.01328 -17.3648 0.966008
 1.01343 -17.3577 0.966158
 1.01358 -17.3505 0.966308
 1.01373 -17.3434 0.966308
 1.01388 -17.3362 0.966458
 1.01403 -17.3291 0.966608
 1.01418 -17.3219 0.966758
 1.01433 -17.3148 0.966908
 1.01448 -17.3077 0.966908
 1.01463 -17.3005 0.967059
 1.01478 -17.2934 0.967209
 1.01493 -17.2863 0.967359
 1.01508 -17.2792 0.967359
 1.01523  -17.272 0.967509
 1.01538 -17.2649 0.967659
 1.01553 -17.2578 0.967809
 1.01568 -17.2507 0.967959
 1.01583 -17.2436 0.967959
 1.01598 -17.2365 0.968109
 1.01613 -17.2294 0.968259
 1.01628 -17.2224 0.968409
 1.01643 -17.2153 0.968409
 1.01658 -17.2082 0.968559
 1.01673 -17.2011 0.968709
 1.01688 -17.1941 0.968859
 1.01703  -17.187  0.96901
 1.01718 -17.1799  0.96901
 1.01733 -17.1729  0.96916
 1.01748 -17.1658  0.96931
 1.01763 -17.1588  0.96946
 1.01778 -17.1517  0.96946
 1.01793 -17.1447  0.96961
 1.01808 -17.1376  0.96976
 1.01823 -17.1306  0.96991
 1.01838 -17.1235  0.96991
 1.01853 -17.1165  0.97006
 1.01868 -17.1095  0.97021
 1.01883 -17.1025  0.97036
 1.01898 -17.0954  0.97051
 1.01913 -17.0884  0.97051
 1.01928 -17.0814  0.97066
 1.01943 -17.0744  0.97081
 1.01958 -17.0674  0.97096
 1.01973 -17.0604  0.97096
 1.01988 -17.0534 0.971111
 1.02004 -17.0464 0.971261
 1.02019 -17.0394 0.971411
 1.02034 -17.0324 0.971561
 1.02049 -17.0255 0.971561
 1.02064 -17.0185 0.971711
 1.02079 -17.0115 0.971861
 1.02094 -17.0045 0.972011
 1.02109 -16.9976 0.972011
 1.02124 -16.9906 0.972161
 1.02139 -16.9837 0.972311
 1.02154 -16.9767 0.972461
 1.02169 -16.9697 0.972611
 1.02184 -16.9628 0.972611
 1.02199 -16.9559 0.972761
 1.02214 -16.9489 0.972911
 1.02229  -16.942 0.973062
 1.02244  -16.935 0.973062
 1.02259 -16.9281 0.973212
 1.02274 -16.9212 0.973362
 1.02289 -16.9143 0.973512
 1.02304 -16.9073 0.973512
 1.02319 -16.9004 0.973662
 1.02334 -16.8935 0.973812
 1.02349 -16.8866 0.973962
 1.02364 -16.8797 0.974112
 1.02379 -16.8728 0.974112
 1.02394 -16.8659 0.974262
 1.02409  -16.859 0.974412
 1.02424 -16.8521 0.974562
 1.02439 -16.8452 0.974562
 1.02454 -16.8384 0.974712
 1.02469 -16.8315 0.974862
 1.02484 -16.8246 0.975013
 1.02499 -16.8177 0.975163
 1.02514 -16.8109 0.975163
 1.02529  -16.804 0.975313
 1.02544 -16.7971 0.975463
 1.02559 -16.7903 0.975613
 1.02574 -16.7834 0.975613
 1.02589 -16.7766 0.975763
 1.02604 -16.7697 0.975913
 1.02619 -16.7629 0.976063
 1.02634 -16.7561 0.976213
 1.02649 -16.7492 0.976213
 1.02664 -16.7424 0.976363
 1.02679 -16.7356 0.976513
 1.02694 -16.7288 0.976663
 1.02709 -16.7219 0.976663
 1.02724 -16.7151 0.976813
 1.02739 -16.7083 0.976963
 1.02754 -16.7015 0.977114
 1.02769 -16.6947 0.977114
 1.02784 -16.6879 0.977264
 1.02799 -16.6811 0.977414
 1.02814 -16.6743 0.977564
 1.02829 -16.6675 0.977714
 1.02844 -16.6607 0.977714
 1.02859 -16.6539 0.977864
 1.02874 -16.6472 0.978014
 1.02889 -16.6404 0.978164
 1.02904 -16.6336 0.978164
 1.02919 -16.6268 0.978314
 1.02934 -16.6201 0.978464
 1.02949 -16.6133 0.978614
 1.02964 -16.6065 0.978614
 1.02979 -16.5998 0.978764
 1.02994  -16.593 0.978914
 1.03009 -16.5863 0.979065
 1.03024 -16.5795 0.979215
 1.03039 -16.5728 0.979215
 1.03054 -16.5661 0.979365
 1.03069 -16.5593 0.979515
 1.03084 -16.5526 0.979665
 1.03099 -16.5459 0.979665
 1.03114 -16.5392 0.979815
 1.03129 -16.5324 0.979965
 1.03144 -16.5257 0.980115
 1.03159  -16.519 0.980265
 1.03174 -16.5123 0.980265
 1.03189 -16.5056 0.980415
 1.03204 -16.4989 0.980565
 1.03219 -16.4922 0.980715
 1.03234 -16.4855 0.980715
 1.03249 -16.4788 0.980865
 1.03264 -16.4721 0.981016
 1.03279 -16.4654 0.981166
 1.03294 -16.4588 0.981166
 1.03309 -16.4521 0.981316
 1.03324 -16.4454 0.981466
 1.03339 -16.4387 0.981616
 1.03354 -16.4321 0.981766
 1.03369 -16.4254 0.981766
 1.03384 -16.4187 0.981916
 1.03399 -16.4121 0.982066
 1.03414 -16.4054 0.982216
 1.03429 -16.3988 0.982366
 1.03444 -16.3921 0.982366
 1.03459 -16.3855 0.982516
 1.03474 -16.3789 0.982666
 1.03489 -16.3722 0.982816
 1.03504 -16.3656 0.982816
 1.03519  -16.359 0.982966
 1.03534 -16.3523 0.983117
 1.03549 -16.3457 0.983267
 1.03564 -16.3391 0.983417
 1.03579 -16.3325 0.983417
 1.03594 -16.3259 0.983567
 1.03609 -16.3193 0.983717
 1.03624 -16.3127 0.983867
 1.03639 -16.3061 0.983867
 1.03654 -16.2995 0.984017
 1.03669 -16.2929 0.984167
 1.03684 -16.2863 0.984317
 1.03699 -16.2797 0.984317
 1.03714 -16.2731 0.984467
 1.03729 -16.2665 0.984617
 1.03744   -16.26 0.984767
 1.03759 -16.2534 0.984917
 1.03774 -16.2468 0.984917
 1.03789 -16.2403 0.985068
 1.03804 -16.2337 0.985218
 1.03819 -16.2271 0.985368
 1.03834 -16.2206 0.985368
 1.03849  -16.214 0.985518
 1.03864 -16.2075 0.985668
 1.03879 -16.2009 0.985818
 1.03894 -16.1944 0.985818
 1.03909 -16.1879 0.985968
 1.03924 -16.1813 0.986118
 1.03939 -16.1748 0.986268
 1.03954 -16.1683 0.986418
 1.03969 -16.1617 0.986418
 1.03984 -16.1552 0.986568
 1.03999 -16.1487 0.986718
 1.04015 -16.1422 0.986868
  1.0403 -16.1357 0.986868
 1.04045 -16.1292 0.987019
  1.0406 -16.1227 0.987169
 1.04075 -16.1162 0.987319
  1.0409 -16.1097 0.987469
 1.04105 -16.1032 0.987469
  1.0412 -16.0967 0.987619
 1.04135 -16.0902 0.987769
  1.0415 -16.0837 0.987919
 1.04165 -16.0772 0.987919
  1.0418 -16.0708 0.988069
 1.04195 -16.0643 0.988219
  1.0421 -16.0578 0.988369
 1.04225 -16.0514 0.988369
  1.0424 -16.0449 0.988519
 1.04255 -16.0384 0.988669
  1.0427  -16.032 0.988819
 1.04285 -16.0255 0.988969
   1.043 -16.0191 0.988969
 1.04315 -16.0126  0.98912
  1.0433 -16.0062  0.98927
 1.04345 -15.9998  0.98942
  1.0436 -15.9933  0.98942
 1.04375 -15.9869  0.98957
  1.0439 -15.9805  0.98972
 1.04405  -15.974  0.98987
  1.0442 -15.9676  0.99002
 1.04435 -15.9612  0.99002
  1.0445 -15.9548  0.99017
 1.04465 -15.9484  0.99032
  1.0448  -15.942  0.99047
 1.04495 -15.9355  0.99047
  1.0451 -15.9291  0.99062
 1.04525 -15.9227  0.99077
  1.0454 -15.9163  0.99092
 1.04555   -15.91 0.991071
  1.0457 -15.9036 0.991071
 1.04585 -15.8972 0.991221
   1.046 -15.8908 0.991371
 1.04615 -15.8844 0.991521
  1.0463  -15.878 0.991521
 1.04645 -15.8717 0.991671
  1.0466 -15.8653 0.991821
 1.04675 -15.8589 0.991971
  1.0469 -15.8526 0.991971
 1.04705 -15.8462 0.992121
  1.0472 -15.8399 0.992271
 1.04735 -15.8335 0.992421
  1.0475 -15.8272 0.992571
 1.04765 -15.8208 0.992571
  1.0478 -15.8145 0.992721
 1.04795 -15.8081 0.992871
  1.0481 -15.8018 0.993022
 1.04825 -15.7955 0.993022
  1.0484 -15.7891 0.993172
 1.04855 -15.7828 0.993322
  1.0487 -15.7765 0.993472
 1.04885 -15.7702 0.993622
   1.049 -15.7639 0.993622
 1.04915 -15.7575 0.993772
  1.0493 -15.7512 0.993922
 1.04945 -15.7449 0.994072
  1.0496 -15.7386 0.994072
 1.04975 -15.7323 0.994222
  1.0499  -15.726 0.994372
 1.05005 -15.7197 0.994522
  1.0502 -15.7134 0.994522
 1.05035 -15.7072 0.994672
  1.0505 -15.7009 0.994822
 1.05065 -15.6946 0.994972
  1.0508 -15.6883 0.995123
 1.05095  -15.682 0.995123
  1.0511 -15.6758 0.995273
 1.05125 -15.6695 0.995423
  1.0514 -15.6632 0.995573
 1.05155  -15.657 0.995573
  1.0517 -15.6507 0.995723
 1.05185 -15.6445 0.995873
   1.052 -15.6382 0.996023
 1.05215  -15.632 0.996173
  1.0523 -15.6257 0.996173
 1.05245 -15.6195 0.996323
  1.0526 -15.6133 0.996473
 1.05275  -15.607 0.996623
  1.0529 -15.6008 0.996623
 1.05305 -15.5946 0.996773
  1.0532 -15.5883 0.996923
 1.05335 -15.5821 0.997074
  1.0535 -15.5759 0.997074
 1.05365 -15.5697 0.997224
  1.0538 -15.5635 0.997374
 1.05395 -15.5573 0.997524
  1.0541 -15.5511 0.997674
 1.05425 -15.5449 0.997674
  1.0544 -15.5387 0.997824
 1.05455 -15.5325 0.997974
  1.0547 -15.5263 0.998124
 1.05485 -15.5201 0.998124
   1.055 -15.5139 0.998274
 1.05515 -15.5077 0.998424
  1.0553 -15.5015 0.998574
 1.05545 -15.4954 0.998724
  1.0556 -15.4892 0.998724
 1.05575  -15.483 0.998874
  1.0559 -15.4768 0.999025
 1.05605 -15.4707 0.999175
  1.0562 -15.4645 0.999175
 1.05635 -15.4584 0.999325
  1.0565 -15.4522 0.999475
 1.05665 -15.4461 0.999625
  1.0568 -15.4399 0.999625
 1.05695 -15.4338 0.999775
  1.0571 -15.4276 0.999925
 1.05725 -15.4215  1.00008
  1.0574 -15.4154  1.00023
 1.05755 -15.4092  1.00023
  1.0577 -15.4031  1.00038
 1.05785  -15.397  1.00053
   1.058 -15.3908  1.00068
 1.05815 -15.3847  1.00068
  1.0583 -15.3786  1.00083
 1.05845 -15.3725  1.00098
  1.0586 -15.3664  1.00113
 1.05875 -15.3603  1.00128
  1.0589 -15.3542  1.00128
 1.05905 -15.3481  1.00143
  1.0592  -15.342  1.00158
 1.05935 -15.3359  1.00173
  1.0595 -15.3298  1.00173
 1.05965 -15.3237  1.00188
  1.0598 -15.3176  1.00203
 1.05995 -15.3115  1.00218
 1.06011 -15.3055  1.00218
 1.06026 -15.2994  1.00233
 1.06041 -15.2933  1.00248
 1.06056 -15.2872  1.00263
 1.06071 -15.2812  1.00278
 1.06086 -15.2751  1.00278
 1.06101 -15.2691  1.00293
 1.06116  -15.263  1.00308
 1.06131  -15.257  1.00323
 1.06146 -15.2509  1.00323
 1.06161 -15.2449  1.00338
 1.06176 -15.2388  1.00353
 1.06191 -15.2328  1.00368
 1.06206 -15.2267  1.00383
 1.06221 -15.2207  1.00383
 1.06236 -15.2147  1.00398
 1.06251 -15.2086  1.00413
 1.06266 -15.2026  1.00428
 1.06281 -15.1966  1.00428
 1.06296 -15.1906  1.00443
 1.06311 -15.1846  1.00458
 1.06326 -15.1785  1.00473
 1.06341 -15.1725  1.00473
 1.06356 -15.1665  1.00488
 1.06371 -15.1605  1.00503
 1.06386 -15.1545  1.00518
 1.06401 -15.1485  1.00533
 1.06416 -15.1425  1.00533
 1.06431 -15.1365  1.00548
 1.06446 -15.1306  1.00563
 1.06461 -15.1246  1.00578
 1.06476 -15.1186  1.00578
 1.06491 -15.1126  1.00593
 1.06506 -15.1066  1.00608
 1.06521 -15.1007  1.00623
 1.06536 -15.0947  1.00638
 1.06551 -15.0887  1.00638
 1.06566 -15.0828  1.00653
 1.06581 -15.0768  1.00668
 1.06596 -15.0708  1.00683
 1.06611 -15.0649  1.00683
 1.06626 -15.0589  1.00698
 1.06641  -15.053  1.00713
 1.06656  -15.047  1.00728
 1.06671 -15.0411  1.00728
 1.06686 -15.0352  1.00743
 1.06701 -15.0292  1.00758
 1.06716 -15.0233  1.00773
 1.06731 -15.0174  1.00788
 1.06746 -15.0114  1.00788
 1.06761 -15.0055  1.00803
 1.06776 -14.9996  1.00818
 1.06791 -14.9937  1.00833
 1.06806 -14.9878  1.00833
 1.06821 -14.9819  1.00848
 1.06836 -14.9759  1.00863
 1.06851   -14.97  1.00878
 1.06866 -14.9641  1.00878
 1.06881 -14.9582  1.00893
 1.06896 -14.9523  1.00908
 1.06911 -14.9464  1.00923
 1.06926 -14.9406  1.00938
 1.06941 -14.9347  1.00938
 1.06956 -14.9288  1.00953
 1.06971 -14.9229  1.00968
 1.06986  -14.917  1.00983
 1.07001 -14.9112  1.00983
 1.07016 -14.9053  1.00998
 1.07031 -14.8994  1.01013
 1.07046 -14.8935  1.01028
 1.07061 -14.8877  1.01043
 1.07076 -14.8818  1.01043
 1.07091  -14.876  1.01058
 1.07106 -14.8701  1.01073
 1.07121 -14.8643  1.01088
 1.07136 -14.8584  1.01088
 1.07151 -14.8526  1.01103
 1.07166 -14.8467  1.01118
 1.07181 -14.8409  1.01133
 1.07196  -14.835  1.01133
 1.07211 -14.8292  1.01148
 1.07226 -14.8234  1.01163
 1.07241 -14.8176  1.01178
 1.07256 -14.8117  1.01193
 1.07271 -14.8059  1.01193
 1.07286 -14.8001  1.01208
 1.07301 -14.7943  1.01223
 1.07316 -14.7885  1.01238
 1.07331 -14.7827  1.01238
 1.07346 -14.7768  1.01253
 1.07361  -14.771  1.01268
 1.07376 -14.7652  1.01283
 1.07391 -14.7594  1.01298
 1.07406 -14.7537  1.01298
 1.07421 -14.7479  1.01313
 1.07436 -14.7421  1.01328
 1.07451 -14.7363  1.01343
 1.07466 -14.7305  1.01343
 1.07481 -14.7247  1.01358
 1.07496 -14.7189  1.01373
 1.07511 -14.7132  1.01388
 1.07526 -14.7074  1.01403
 1.07541 -14.7016  1.01403
 1.07556 -14.6959  1.01418
 1.07571 -14.6901  1.01433
 1.07586 -14.6843  1.01448
 1.07601 -14.6786  1.01448
 1.07616 -14.6728  1.01463
 1.07631 -14.6671  1.01478
 1.07646 -14.6613  1.01493
 1.07661 -14.6556  1.01493
 1.07676 -14.6498  1.01508
 1.07691 -14.6441  1.01523
 1.07706 -14.6384  1.01538
 1.07721 -14.6326  1.01538
 1.07736 -14.6269  1.01553
 1.07751 -14.6212  1.01568
 1.07766 -14.6155  1.01583
 1.07781 -14.6097  1.01598
 1.07796  -14.604  1.01598
 1.07811 -14.5983  1.01613
 1.07826 -14.5926  1.01628
 1.07841 -14.5869  1.01643
 1.07856 -14.5812  1.01643
 1.07871 -14.5755  1.01658
 1.07886 -14.5698  1.01673
 1.07901 -14.5641  1.01688
 1.07916 -14.5584  1.01703
 1.07931 -14.5527  1.01703
 1.07946  -14.547  1.01718
 1.07961 -14.5413  1.01733
 1.07976 -14.5356  1.01748
 1.07991 -14.5299  1.01748
 1.08007 -14.5243  1.01763
 1.08022 -14.5186  1.01778
 1.08037 -14.5129  1.01793
 1.08052 -14.5073  1.01793
 1.08067 -14.5016  1.01808
 1.08082 -14.4959  1.01823
 1.08097 -14.4903  1.01838
 1.08112 -14.4846  1.01853
 1.08127 -14.4789  1.01853
 1.08142 -14.4733  1.01868
 1.08157 -14.4676  1.01883
 1.08172  -14.462  1.01898
 1.08187 -14.4564  1.01898
 1.08202 -14.4507  1.01913
 1.08217 -14.4451  1.01928
 1.08232 -14.4394  1.01943
 1.08247 -14.4338  1.01958
 1.08262 -14.4282  1.01958
 1.08277 -14.4226  1.01973
 1.08292 -14.4169  1.01988
 1.08307 -14.4113  1.02004
 1.08322 -14.4057  1.02019
 1.08337 -14.4001  1.02019
 1.08352 -14.3945  1.02034
 1.08367 -14.3889  1.02049
 1.08382 -14.3833  1.02064
 1.08397 -14.3777  1.02064
 1.08412  -14.372  1.02079
 1.08427 -14.3665  1.02094
 1.08442 -14.3609  1.02109
 1.08457 -14.3553  1.02109
 1.08472 -14.3497  1.02124
 1.08487 -14.3441  1.02139
 1.08502 -14.3385  1.02154
 1.08517 -14.3329  1.02169
 1.08532 -14.3273  1.02169
 1.08547 -14.3218  1.02184
 1.08562 -14.3162  1.02199
 1.08577 -14.3106  1.02214
 1.08592 -14.3051  1.02214
 1.08607 -14.2995  1.02229
 1.08622 -14.2939  1.02244
 1.08637 -14.2884  1.02259
 1.08652 -14.2828  1.02259
 1.08667 -14.2773  1.02274
 1.08682 -14.2717  1.02289
 1.08697 -14.2662  1.02304
 1.08712 -14.2606  1.02319
 1.08727 -14.2551  1.02319
 1.08742 -14.2495  1.02334
 1.08757  -14.244  1.02349
 1.08772 -14.2385  1.02364
 1.08787  -14.233  1.02364
 1.08802 -14.2274  1.02379
 1.08817 -14.2219  1.02394
 1.08832 -14.2164  1.02409
 1.08847 -14.2109  1.02409
 1.08862 -14.2053  1.02424
 1.08877 -14.1998  1.02439
 1.08892 -14.1943  1.02454
 1.08907 -14.1888  1.02469
 1.08922 -14.1833  1.02469
 1.08937 -14.1778  1.02484
 1.08952 -14.1723  1.02499
 1.08967 -14.1668  1.02514
 1.08982 -14.1613  1.02514
 1.08997 -14.1558  1.02529
 1.09012 -14.1503  1.02544
 1.09027 -14.1448  1.02559
 1.09042 -14.1394  1.02559
 1.09057 -14.1339  1.02574
 1.09072 -14.1284  1.02589
 1.09087 -14.1229  1.02604
 1.09102 -14.1175  1.02619
 1.09117  -14.112  1.02619
 1.09132 -14.1065  1.02634
 1.09147 -14.1011  1.02649
 1.09162 -14.0956  1.02664
 1.09177 -14.0901  1.02664
 1.09192 -14.0847  1.02679
 1.09207 -14.0792  1.02694
 1.09222 -14.0738  1.02709
 1.09237 -14.0683  1.02709
 1.09252 -14.0629  1.02724
 1.09267 -14.0574  1.02739
 1.09282  -14.052  1.02754
 1.09297 -14.0466  1.02769
 1.09312 -14.0411  1.02769
 1.09327 -14.0357  1.02784
 1.09342 -14.0303  1.02799
 1.09357 -14.0249  1.02814
 1.09372 -14.0194  1.02814
 1.09387  -14.014  1.02829
 1.09402 -14.0086  1.02844
 1.09417 -14.0032  1.02859
 1.09432 -13.9978  1.02874
 1.09447 -13.9924  1.02874
 1.09462  -13.987  1.02889
 1.09477 -13.9815  1.02904
 1.09492 -13.9761  1.02919
 1.09507 -13.9707  1.02919
 1.09522 -13.9654  1.02934
 1.09537   -13.96  1.02949
 1.09552 -13.9546  1.02964
 1.09567 -13.9492  1.02979
 1.09582 -13.9438  1.02979
 1.09597 -13.9384  1.02994
 1.09612  -13.933  1.03009
 1.09627 -13.9277  1.03024
 1.09642 -13.9223  1.03024
 1.09657 -13.9169  1.03039
 1.09672 -13.9115  1.03054
 1.09687 -13.9062  1.03069
 1.09702 -13.9008  1.03069
 1.09717 -13.8955  1.03084
 1.09732 -13.8901  1.03099
 1.09747 -13.8847  1.03114
 1.09762 -13.8794  1.03129
 1.09777  -13.874  1.03129
 1.09792 -13.8687  1.03144
 1.09807 -13.8634  1.03159
 1.09822  -13.858  1.03174
 1.09837 -13.8527  1.03174
 1.09852 -13.8473  1.03189
 1.09867  -13.842  1.03204
 1.09882 -13.8367  1.03219
 1.09897 -13.8313  1.03219
 1.09912  -13.826  1.03234
 1.09927 -13.8207  1.03249
 1.09942 -13.8154  1.03264
 1.09957 -13.8101  1.03279
 1.09972 -13.8047  1.03279
 1.09987 -13.7994  1.03294
 1.10003 -13.7941  1.03309
 1.10018 -13.7888  1.03324
 1.10033 -13.7835  1.03324
 1.10048 -13.7782  1.03339
 1.10063 -13.7729  1.03354
 1.10078 -13.7676  1.03369
 1.10093 -13.7623  1.03384
 1.10108  -13.757  1.03384
 1.10123 -13.7517  1.03399
 1.10138 -13.7464  1.03414
 1.10153 -13.7412  1.03429
 1.10168 -13.7359  1.03429
 1.10183 -13.7306  1.03444
 1.10198 -13.7253  1.03459
 1.10213 -13.7201  1.03474
 1.10228 -13.7148  1.03474
 1.10243 -13.7095  1.03489
 1.10258 -13.7043  1.03504
 1.10273  -13.699  1.03519
 1.10288 -13.6937  1.03519
 1.10303 -13.6885  1.03534
 1.10318 -13.6832  1.03549
 1.10333  -13.678  1.03564
 1.10348 -13.6727  1.03579
 1.10363 -13.6675  1.03579
 1.10378 -13.6622  1.03594
 1.10393  -13.657  1.03609
 1.10408 -13.6518  1.03624
 1.10423 -13.6465  1.03639
 1.10438 -13.6413  1.03639
 1.10453 -13.6361  1.03654
 1.10468 -13.6308  1.03669
 1.10483 -13.6256  1.03684
 1.10498 -13.6204  1.03684
 1.10513 -13.6152  1.03699
 1.10528 -13.6099  1.03714
 1.10543 -13.6047  1.03729
 1.10558 -13.5995  1.03729
 1.10573 -13.5943  1.03744
 1.10588 -13.5891  1.03759
 1.10603 -13.5839  1.03774
 1.10618 -13.5787  1.03789
 1.10633 -13.5735  1.03789
 1.10648 -13.5683  1.03804
 1.10663 -13.5631  1.03819
 1.10678 -13.5579  1.03834
 1.10693 -13.5527  1.03834
 1.10708 -13.5475  1.03849
 1.10723 -13.5423  1.03864
 1.10738 -13.5372  1.03879
 1.10753  -13.532  1.03879
 1.10768 -13.5268  1.03894
 1.10783 -13.5216  1.03909
 1.10798 -13.5165  1.03924
 1.10813 -13.5113  1.03939
 1.10828 -13.5061  1.03939
 1.10843  -13.501  1.03954
 1.10858 -13.4958  1.03969
 1.10873 -13.4906  1.03984
 1.10888 -13.4855  1.03984
 1.10903 -13.4803  1.03999
 1.10918 -13.4752  1.04015
 1.10933   -13.47   1.0403
 1.10948 -13.4649  1.04045
 1.10963 -13.4597  1.04045
 1.10978 -13.4546   1.0406
 1.10993 -13.4495  1.04075
 1.11008 -13.4443   1.0409
 1.11023 -13.4392   1.0409
 1.11038 -13.4341  1.04105
 1.11053 -13.4289   1.0412
 1.11068 -13.4238  1.04135
 1.11083 -13.4187  1.04135
 1.11098 -13.4136   1.0415
 1.11113 -13.4085  1.04165
 1.11128 -13.4033   1.0418
 1.11143 -13.3982   1.0418
 1.11158 -13.3931  1.04195
 1.11173  -13.388   1.0421
 1.11188 -13.3829  1.04225
 1.11203 -13.3778   1.0424
 1.11218 -13.3727   1.0424
 1.11233 -13.3676  1.04255
 1.11248 -13.3625   1.0427
 1.11263 -13.3574  1.04285
 1.11278 -13.3523  1.04285
 1.11293 -13.3472    1.043
 1.11308 -13.3422  1.04315
 1.11323 -13.3371   1.0433
 1.11338  -13.332  1.04345
 1.11353 -13.3269  1.04345
 1.11368 -13.3218   1.0436
 1.11383 -13.3168  1.04375
 1.11398 -13.3117   1.0439
 1.11413 -13.3066   1.0439
 1.11428 -13.3016  1.04405
 1.11443 -13.2965   1.0442
 1.11458 -13.2914  1.04435
 1.11473 -13.2864  1.04435
 1.11488 -13.2813   1.0445
 1.11503 -13.2763  1.04465
 1.11518 -13.2712   1.0448
 1.11533 -13.2662  1.04495
 1.11548 -13.2611  1.04495
 1.11563 -13.2561   1.0451
 1.11578 -13.2511  1.04525
 1.11593  -13.246   1.0454
 1.11608  -13.241   1.0454
 1.11623  -13.236  1.04555
 1.11638 -13.2309   1.0457
 1.11653 -13.2259  1.04585
 1.11668 -13.2209    1.046
 1.11683 -13.2158    1.046
 1.11698 -13.2108  1.04615
 1.11713 -13.2058   1.0463
 1.11728 -13.2008  1.04645
 1.11743 -13.1958  1.04645
 1.11758 -13.1908   1.0466
 1.11773 -13.1858  1.04675
 1.11788 -13.1808   1.0469
 1.11803 -13.1758   1.0469
 1.11818 -13.1708  1.04705
 1.11833 -13.1658   1.0472
 1.11848 -13.1608  1.04735
 1.11863 -13.1558   1.0475
 1.11878 -13.1508   1.0475
 1.11893 -13.1458  1.04765
 1.11908 -13.1408   1.0478
 1.11923 -13.1358  1.04795
 1.11938 -13.1308  1.04795
 1.11953 -13.1259   1.0481
 1.11968 -13.1209  1.04825
 1.11983 -13.1159   1.0484
 1.11998 -13.1109   1.0484
 1.12014  -13.106  1.04855
 1.12029  -13.101   1.0487
 1.12044 -13.0961  1.04885
 1.12059 -13.0911    1.049
 1.12074 -13.0861    1.049
 1.12089 -13.0812  1.04915
 1.12104 -13.0762   1.0493
 1.12119 -13.0713  1.04945
 1.12134 -13.0663  1.04945
 1.12149 -13.0614   1.0496
 1.12164 -13.0564  1.04975
 1.12179 -13.0515   1.0499
 1.12194 -13.0466   1.0499
 1.12209 -13.0416  1.05005
 1.12224 -13.0367   1.0502
 1.12239 -13.0317  1.05035
 1.12254 -13.0268   1.0505
 1.12269 -13.0219   1.0505
 1.12284  -13.017  1.05065
 1.12299  -13.012   1.0508
 1.12314 -13.0071  1.05095
 1.12329 -13.0022  1.05095
 1.12344 -12.9973   1.0511
 1.12359 -12.9924  1.05125
 1.12374 -12.9875   1.0514
 1.12389 -12.9826   1.0514
 1.12404 -12.9777  1.05155
 1.12419 -12.9728   1.0517
 1.12434 -12.9679  1.05185
 1.12449  -12.963    1.052
 1.12464 -12.9581    1.052
 1.12479 -12.9532  1.05215
 1.12494 -12.9483   1.0523
 1.12509 -12.9434  1.05245
 1.12524 -12.9385  1.05245
 1.12539 -12.9336   1.0526
 1.12554 -12.9287  1.05275
 1.12569 -12.9239   1.0529
 1.12584  -12.919  1.05305
 1.12599 -12.9141  1.05305
 1.12614 -12.9092   1.0532
 1.12629 -12.9044  1.05335
 1.12644 -12.8995   1.0535
 1.12659 -12.8946   1.0535
 1.12674 -12.8898  1.05365
 1.12689 -12.8849   1.0538
 1.12704 -12.8801  1.05395
 1.12719 -12.8752  1.05395
 1.12734 -12.8704   1.0541
 1.12749 -12.8655  1.05425
 1.12764 -12.8607   1.0544
 1.12779 -12.8558  1.05455
 1.12794  -12.851  1.05455
 1.12809 -12.8461   1.0547
 1.12824 -12.8413  1.05485
 1.12839 -12.8365    1.055
 1.12854 -12.8316    1.055
 1.12869 -12.8268  1.05515
 1.12884  -12.822   1.0553
 1.12899 -12.8171  1.05545
 1.12914 -12.8123  1.05545
 1.12929 -12.8075   1.0556
 1.12944 -12.8027  1.05575
 1.12959 -12.7978   1.0559
 1.12974  -12.793  1.05605
 1.12989 -12.7882  1.05605
 1.13004 -12.7834   1.0562
 1.13019 -12.7786  1.05635
 1.13034 -12.7738   1.0565
 1.13049  -12.769   1.0565
 1.13064 -12.7642  1.05665
 1.13079 -12.7594   1.0568
 1.13094 -12.7546  1.05695
 1.13109 -12.7498  1.05695
 1.13124  -12.745   1.0571
 1.13139 -12.7402  1.05725
 1.13154 -12.7354   1.0574
 1.13169 -12.7307  1.05755
 1.13184 -12.7259  1.05755
 1.13199 -12.7211   1.0577
 1.13214 -12.7163  1.05785
 1.13229 -12.7115    1.058
 1.13244 -12.7068    1.058
 1.13259  -12.702  1.05815
 1.13274 -12.6972   1.0583
 1.13289 -12.6925  1.05845
 1.13304 -12.6877  1.05845
 1.13319 -12.6829   1.0586
 1.13334 -12.6782  1.05875
 1.13349 -12.6734   1.0589
 1.13364 -12.6687  1.05905
 1.13379 -12.6639  1.05905
 1.13394 -12.6592   1.0592
 1.13409 -12.6544  1.05935
 1.13424 -12.6497   1.0595
 1.13439 -12.6449  1.05965
 1.13454 -12.6402  1.05965
 1.13469 -12.6355   1.0598
 1.13484 -12.6307  1.05995
 1.13499  -12.626  1.06011
 1.13514 -12.6213  1.06011
 1.13529 -12.6165  1.06026
 1.13544 -12.6118  1.06041
 1.13559 -12.6071  1.06056
 1.13574 -12.6024  1.06056
 1.13589 -12.5976  1.06071
 1.13604 -12.5929  1.06086
 1.13619 -12.5882  1.06101
 1.13634 -12.5835  1.06116
 1.13649 -12.5788  1.06116
 1.13664 -12.5741  1.06131
 1.13679 -12.5694  1.06146
 1.13694 -12.5647  1.06161
 1.13709   -12.56  1.06161
 1.13724 -12.5553  1.06176
 1.13739 -12.5506  1.06191
 1.13754 -12.5459  1.06206
 1.13769 -12.5412  1.06221
 1.13784 -12.5365  1.06221
 1.13799 -12.5318  1.06236
 1.13814 -12.5271  1.06251
 1.13829 -12.5224  1.06266
 1.13844 -12.5178  1.06266
 1.13859 -12.5131  1.06281
 1.13874 -12.5084  1.06296
 1.13889 -12.5037  1.06311
 1.13904 -12.4991  1.06311
 1.13919 -12.4944  1.06326
 1.13934 -12.4897  1.06341
 1.13949 -12.4851  1.06356
 1.13964 -12.4804  1.06356
 1.13979 -12.4757  1.06371
 1.13994 -12.4711  1.06386
  1.1401 -12.4664  1.06401
 1.14025 -12.4618  1.06416
  1.1404 -12.4571  1.06416
 1.14055 -12.4525  1.06431
  1.1407 -12.4478  1.06446
 1.14085 -12.4432  1.06461
   1.141 -12.4385  1.06461
 1.14115 -12.4339  1.06476
  1.1413 -12.4293  1.06491
 1.14145 -12.4246  1.06506
  1.1416   -12.42  1.06506
 1.14175 -12.4154  1.06521
  1.1419 -12.4107  1.06536
 1.14205 -12.4061  1.06551
  1.1422 -12.4015  1.06566
 1.14235 -12.3969  1.06566
  1.1425 -12.3922  1.06581
 1.14265 -12.3876  1.06596
  1.1428  -12.383  1.06611
 1.14295 -12.3784  1.06611
  1.1431 -12.3738  1.06626
 1.14325 -12.3692  1.06641
  1.1434 -12.3646  1.06656
 1.14355   -12.36  1.06656
  1.1437 -12.3554  1.06671
 1.14385 -12.3508  1.06686
   1.144 -12.3462  1.06701
 1.14415 -12.3416  1.06716
  1.1443  -12.337  1.06716
 1.14445 -12.3324  1.06731
  1.1446 -12.3278  1.06746
 1.14475 -12.3232  1.06761
  1.1449 -12.3186  1.06761
 1.14505  -12.314  1.06776
  1.1452 -12.3095  1.06791
 1.14535 -12.3049  1.06806
  1.1455 -12.3003  1.06806
 1.14565 -12.2957  1.06821
  1.1458 -12.2912  1.06836
 1.14595 -12.2866  1.06851
  1.1461  -12.282  1.06866
 1.14625 -12.2775  1.06866
  1.1464 -12.2729  1.06881
 1.14655 -12.2683  1.06896
  1.1467 -12.2638  1.06911
 1.14685 -12.2592  1.06911
   1.147 -12.2547  1.06926
 1.14715 -12.2501  1.06941
  1.1473 -12.2456  1.06956
 1.14745  -12.241  1.06971
  1.1476 -12.2365  1.06971
 1.14775 -12.2319  1.06986
  1.1479 -12.2274  1.07001
 1.14805 -12.2229  1.07016
  1.1482 -12.2183  1.07016
 1.14835 -12.2138  1.07031
  1.1485 -12.2093  1.07046
 1.14865 -12.2047  1.07061
  1.1488 -12.2002  1.07061
 1.14895 -12.1957  1.07076
  1.1491 -12.1912  1.07091
 1.14925 -12.1866  1.07106
  1.1494 -12.1821  1.07121
 1.14955 -12.1776  1.07121
  1.1497 -12.1731  1.07136
 1.14985 -12.1686  1.07151
    1.15 -12.1641  1.07166